func_score,func_score_var,barcode,aa_substitutions,n_aa_substitutions,n_codon_substitutions
3.819,0.06059,ATTTAGAGATGCCCCT,G49L,1,1
3.535,0.03089,CTATAGGATTAGATTA,S209E,1,2
3.103,0.06652,TATCTAACAACGTTTA,,0,0
3.066,0.04145,ACTTAAACTGAGTTGC,A106E,1,1
2.95,0.0533,CACGCCGATGTTAATC,,0,0
2.898,0.0789,TTTTAAAAACCGACGC,N498S,1,1
2.79,0.05394,TCTCCCTACCGTATTT,T135Y,1,1
2.731,0.06287,TGGATATCAAACTGAA,,0,0
2.685,0.05844,TAAAAGCCAAAATCTT,,0,0
2.685,0.02332,CTAGTAAAAGCCCGTA,R150K,1,1
2.677,0.02533,ATCATCCCCCTCATCT,P239V,1,1
2.654,0.04892,TATAGAGACTCCTGTA,G386N,1,1
2.622,0.008514,AGTAAAGGCTCATAAA,N290R,1,1
2.615,0.01372,GTCAAATATAGAGCAA,D408K,1,1
2.603,0.06356,ATCCCCTACTGAACTT,T28S A163T L177T P293V M320I,5,5
2.553,0.0151,ACATCGCAAAAGATGC,,0,0
2.539,0.04842,TTACGGACTACTTCTA,,0,0
2.528,0.008148,CATGTCCAAGTAATTT,E280D,1,1
2.522,0.03058,CTTAAAATTTTTTCCA,E83I,1,1
2.521,0.02079,TGCTTAATCAAAGTAC,,0,0
2.434,0.04891,ATTAAAAATTGAATAA,F258W S279I,2,3
2.434,0.02191,AAACAATTAACCTCAA,,0,0
2.41,0.006312,CACTCTGTGAATAATA,,0,0
2.404,0.03544,TCTCCAGACACTAATA,T301K,1,1
2.401,0.03495,ACACACCCTGGAATAG,L428W,1,1
2.367,0.01358,ATAACATTTACTGTGA,,0,0
2.366,0.00487,AACTACACGCCGCCAA,R307N,1,1
2.358,0.07997,TCGATAATCCAAATAA,,0,0
2.345,0.06031,TAAAATAAAATTTATT,,0,1
2.341,0.02613,GACCCCTAGTCGGACA,R220W,1,1
2.337,0.01932,TCTAATCACGCTTGTA,,0,0
2.336,0.03075,TTGTGCTATACAGGAC,S46H,1,1
2.324,0.01209,AGCTGCTAATTAGAGA,D291K,1,1
2.317,0.04335,GCCAACGGCACTAGAA,,0,0
2.307,0.02123,AACATAATTAATGACA,K121R,1,1
2.296,0.04269,CGAATAAGTTTATCAA,S9T,1,1
2.273,0.02094,CGCATAAGAAGATGAT,,0,0
2.27,0.0147,CAGTTAACCGATATAC,V490C,1,1
2.267,0.006165,TGTTACATGGTAAAAC,,0,0
2.214,0.06604,GAGAGACGACCCCTCT,Q44K N489Q,2,2
2.214,0.03281,ATGTATACAATGTACG,,0,0
2.21,0.01554,CTTAACTTGAACTACT,Q80K,1,1
2.203,0.03729,AAATCCTATAATTTTT,S9D,1,1
2.203,0.01397,TATCTCAATCCAAAGG,,0,0
2.203,0.02419,AACATCTTCCCTAGTT,,0,0
2.202,0.02204,AAAGGGTTACCTACAA,S137M,1,1
2.199,0.0347,AGAGGAAATCAAATAT,G218V,1,1
2.18,0.05023,CCTACACCAGCAGGAT,,0,1
2.18,0.0585,CGCTTCTTACTAACGA,,0,0
2.177,0.01128,GGTTAAATAGACACCT,N445H,1,1
2.175,0.06142,ATAACTGGGACTACCT,A476D,1,1
2.161,0.01853,AATATTAATTTACTAA,K121S,1,1
2.157,0.02985,TAAAAAAAAAGACACT,S95G,1,1
2.128,0.05157,TAACAGGACAATAGAA,D77P,1,1
2.127,0.01177,ACACATAAACTACATA,N53E,1,1
2.125,0.001537,ACGGTATTAAGTCCAA,,0,0
2.12,0.08486,GAAGTTTCTACCTATC,I160V,1,1
2.116,0.02895,TCCAAAATGACTGCAG,S198T,1,1
2.112,0.005932,GAAATAACACTGGATT,Y233N,1,1
2.111,0.02421,GACCACGATTTAATAA,K276A,1,1
2.11,0.007796,TTGAGCTTGGCTGATT,K82I,1,1
2.1,0.01455,TACCAGATGAATGCCA,R361F,1,2
2.093,0.03283,TACCAGACATCCCTAT,,0,0
2.089,0.04786,TGCCTAAACAATAATT,E449D,1,1
2.086,0.01385,GAGCAGATGAAAGTAA,K292R,1,4
2.082,0.08245,AAAAAATAATCCCTCT,,0,0
2.076,0.02088,ACGCACAAGAAATTAA,K278R,1,1
2.075,0.0423,CAATAATAAACCATAC,D419N,1,1
2.074,0.01549,ACAGTGAGATACTCCG,K278S,1,1
2.07,0.02945,TAACCCGATGCACCGG,,0,0
2.069,0.07518,CTCTAAGCGCCTAAAC,,0,0
2.066,0.06221,AAAAAATAAGATATAA,N290V,1,2
2.062,0.02848,CACGAAATATTGTGAA,,0,0
2.056,0.005834,TCTGGAATACGATAAC,G129A,1,2
2.054,0.009294,CATAGCAATTTGTTCA,,0,0
2.054,0.04546,TCAAACAAATTGAAGC,N63D G386E,2,2
2.049,0.008516,CTGCAGGATACAGTTA,,0,0
2.049,0.08558,AAGTAAACTAGAGTTA,,0,0
2.048,0.01613,CCCACCATTCCCTATA,K472C,1,1
2.047,0.07113,CTAACATCAGCAACTA,,0,0
2.044,0.04246,TGCATCAAGTCAAATC,D101Y,1,1
2.041,0.04177,ATACCCCACATACTTT,K207N,1,1
2.039,0.0369,TTATTAGCATAACAGA,A304R,1,1
2.039,0.0568,TGCAAGAAGACACATA,,0,0
2.036,0.01647,TATAAATCATAAGTTC,,0,2
2.034,0.03066,TTACGAGTTGGTTCGC,K315R,1,1
2.033,0.0231,GAGGCGTGCATATTGT,I282H,1,2
2.032,0.03489,GCCAAACAGTGACGTT,S47F,1,1
2.028,0.02766,GTCACGTTGACTAGAC,,0,0
2.028,0.0448,AACTTGATTCTAGATT,Q173L,1,1
2.025,0.03445,GATAGTAATAAAAAGC,,0,0
2.019,0.02472,ATACAAATGAGTAACA,I214E,1,1
2.015,0.01943,ACATAGTGTTAACACT,S198I,1,1
2.013,0.08898,TGAAAACCCCTACAAC,,0,1
2.012,0.05124,GCCTCCAAAGAATTTT,G263N,1,1
2.009,0.009045,ATATACTGAAACTGAG,,0,0
2.008,0.02216,TGAAGGCTAAGCTTTT,,0,0
2.007,0.02476,TACGAAAAATACGTAA,,0,0
2.001,0.0891,TTTCGTCTAAATCATA,G275L,1,1
1.998,0.0232,ATATTATGTTGAGCTC,K278E,1,1
1.996,0.02144,AATTCTAAAACTGAGA,S219F,1,1
1.994,0.06778,GTAATACCAACCTAAT,P239M,1,1
1.994,0.01509,CCTCAACATACCTAAT,S9C,1,1
1.98,0.03244,AAACCTATATCAACTA,,0,0
1.977,0.03774,TAAGAAATAACCCCAA,R33K R307G,2,2
1.976,0.05045,GAAAGAGGAAGCACTA,,0,0
1.976,0.0333,ACACGTAAATAAAAAA,,0,0
1.972,0.05602,CCAAGACACAAAAATG,A212F,1,1
1.969,0.0165,TAACGGTTGATCTATC,N122C,1,1
1.969,0.01453,AGTTATCTATAATAAT,Q327P,1,1
1.968,0.01397,GATTAGAACAACCTCC,,0,0
1.968,0.006997,AATCAGAACTTACGGA,N285G,1,1
1.967,0.04952,ACGAGACCGACTAGAT,L71M,1,1
1.965,0.03379,TTAGAACTTTGTTTAT,H56T,1,1
1.963,0.0219,GACAATACGCCTCAAA,,0,0
1.96,0.01299,CCCCACCATAAGACAA,,0,0
1.955,0.03339,GAAAATTACGAATACA,,0,0
1.954,0.05494,CAGAACAAGTATAGAT,R208L,1,1
1.954,0.0108,GGAAATTAAGATACTA,,0,0
1.954,0.03961,TTAATATTTCATAACC,P55H K264R,2,2
1.951,0.04605,CCATCATAAATCGTAT,,0,0
1.944,0.009528,TAGGGTCGGGAGGTTG,K140Y,1,1
1.942,0.0115,CACCGATCAAAGACAT,D188K,1,1
1.94,0.05504,ATCCGCCATAGGTCTT,,0,0
1.94,0.02708,TATAATGACCACCGAG,,0,1
1.94,0.03849,CCGATATTTAGACTAC,L244I,1,1
1.938,0.04163,TCCTAAACGTAGAGAG,L70M,1,1
1.935,0.04233,AGCCCTATCCCGAATC,G386H,1,1
1.929,0.022,TGGTGAGTTAGAGTGT,N159H,1,1
1.928,0.0119,AGTACCAAAATACATA,P55K,1,1
1.927,0.01339,ATTCCGGACACAATGT,S144T,1,1
1.927,0.01628,CATGTCTTTAAGAACG,I48A,1,1
1.925,0.02603,ACAGGCCCGAGGATTC,S198R,1,1
1.923,0.02743,AAAAGCGATTATCAAG,K207A,1,1
1.92,0.00368,AAAAGTTAACTAGAGA,,0,0
1.92,0.02061,GCGGACATAATCTATA,N216K N285I,2,2
1.918,0.04242,ATACAAGGAGTCCTAA,,0,0
1.918,0.02203,GAAAGAAGCGCTTACT,N497K,1,1
1.915,0.03356,ATACTCCAATTAACTG,T328L,1,1
1.913,0.06672,TAAGAAATAAGAATAC,,0,0
1.912,0.0297,ACATCTACTTTCTCTT,K452A,1,1
1.912,0.03402,TACTAGCCTGTGGATA,T65H E280T S358W,3,3
1.911,0.02808,TGTATTTAAGTTTTGA,D104Q,1,1
1.908,0.007685,AACCCAAACATTGCCG,L428Y,1,1
1.907,0.03985,TTGCAAAACTAGAGGT,L431M,1,1
1.899,0.02535,GTAATCCTAGTATGTC,,0,0
1.895,0.04557,ATAGGTCCACCCCTAG,S312R,1,1
1.895,0.0542,TCACGTTCCTACAAAT,,0,0
1.895,0.009662,TAGACCATCCACCCGA,,0,0
1.894,0.07464,AATGACTAACTCAAAG,N6L,1,1
1.893,0.06519,TTTAAACTTCGGTTCC,A69L,1,1
1.892,0.003699,CTTGCACAAGAGCACT,T328P,1,1
1.89,0.02878,AACACTACTGCAATTT,,0,0
1.89,0.01185,TAAGACATTAATGAAG,A372T,1,1
1.888,0.01747,GCAAATGATTAAGACC,,0,0
1.887,0.008812,ATAATCGCCGACTAAA,E280I,1,1
1.886,0.06695,TACTGTACTCTTAGTA,E83N,1,1
1.883,0.01617,ATAAAACTAAGTACCC,K278M,1,1
1.881,0.08457,ATAAACCGGTACTATG,F353W,1,1
1.88,0.02789,CTTAATGAGACTTAGA,R92D,1,1
1.88,0.0122,GTGCTGATTCACTATA,G263K V323M L367R,3,3
1.88,0.03127,CCGATAACCGCGTGCA,R208H,1,1
1.879,0.04734,CAATATAATCAATACC,,0,0
1.878,0.05932,GGAACAAAACTAAAAT,,0,0
1.875,0.04413,TGACGACAGCAGCCAA,,0,0
1.874,0.02108,AACAATAACCAAACTC,R208F,1,1
1.872,0.007306,GATTATCAATTCTTCA,K472A,1,1
1.866,0.05441,TTGAGCACGACATAAG,S114L,1,1
1.865,0.04575,TAAATCAGATAACACG,W421I,1,1
1.864,0.01729,GATGTGCCTTTGGAAT,R222P G386R,2,3
1.863,0.01211,AAACGAATCCTAAGAC,T117Q,1,1
1.863,0.02146,CATACAATGGACCATG,E280L,1,1
1.863,0.02889,GAATTAAAAGATACAA,N285F,1,1
1.863,0.008145,TTGGGAACTATAATGC,R92Q S279N,2,3
1.862,0.005317,ACATTAAACAAAGTTC,I274T,1,1
1.861,0.04834,AATCCACCCACCGTCA,,0,0
1.858,0.03099,CTTCAAGGAGTGAACT,L157D,1,1
1.857,0.03027,TCTGTCGTAACATTAT,R92C,1,2
1.857,0.02476,TTAACCGAATAAGTAT,,0,0
1.856,0.005683,AGCTTATTCCTGAAAC,G49D K264V,2,2
1.855,0.006171,ACACTCCGGAGGCTGC,S199N,1,1
1.85,0.009301,GTCTGAACATACCAAT,R307Y,1,1
1.846,0.01073,CATGACTTCTTCCACA,S262M,1,1
1.846,0.01667,AGGCAGATGTGCTCAC,G200T,1,1
1.839,0.00952,CGTAAATCAAAATTTT,,0,0
1.835,0.01944,TTGCTGTCTCATAAAT,K472S,1,1
1.834,0.02635,CAGAGAAAGAACGGTA,K207S,1,1
1.833,0.04364,CATACAAAGATATAAA,I232F,1,1
1.831,0.03847,GGTCAAATCTACACAT,,0,0
1.83,0.06111,TAGAATTATATCAAAA,,0,0
1.825,0.02175,GTGTCTCTATACGCAA,R307P,1,1
1.825,0.03489,ACACAGAACTACAGTA,K121Y E410Y,2,2
1.824,0.008709,TACACTGTGATGATAA,N8D L367A,2,2
1.824,0.0185,TAACGGCCAGGATATT,,0,0
1.823,0.08523,AAGATAACCCCCAAGT,T12Y,1,1
1.822,0.01253,CAAGATATCTAATGCC,,0,0
1.821,0.05592,ACGAACCATTTCACGC,D77H,1,1
1.821,0.01775,ACATGATCAACTATAT,S262W,1,1
1.812,0.02698,ACCGCTGAGCCTTCCA,I288F,1,1
1.812,0.01719,CACCACATCCTTATTT,,0,0
1.811,0.08827,ACAAATGAAAATCTTA,,0,0
1.811,0.007368,CATCTCCTTTCTAAAA,R269W,1,1
1.809,0.02469,GTAACTTCTCTATGCG,N6Y,1,1
1.807,0.01326,TAAAAGGAAACCCAAG,L111N,1,1
1.801,0.03365,TCACGACGGTTGCTAA,P55V,1,1
1.795,0.04619,GAACTGCATTATAACT,Q501E,1,1
1.794,0.02572,CTTTCTAAATAGGGTA,S156A,1,1
1.794,0.01081,TGCTTGTTGCAGCGAT,T301C,1,3
1.793,0.02705,ATACGAGTTGACAGAA,G275E,1,1
1.791,0.003697,TTGTCACTTCATACAG,,0,0
1.791,0.009446,AGCTAAATTATCATAT,R307Q,1,1
1.79,0.01488,ATTATCACTTCAAACG,N53T,1,1
1.786,0.0144,TGAAACGTAATTTATC,P273G,1,1
1.785,0.02431,ACAGAAAAAACTTCCA,V490L,1,1
1.781,0.01693,ACACTTTAACGAAAAA,,0,0
1.779,0.06155,AAAACGTTAAGAACAA,K452M,1,1
1.779,0.03711,AACCCGATGGAGGTTT,,0,1
1.778,0.0805,GCGTAAATAGAGACTC,V166K,1,1
1.777,0.02005,CTATATTTCAACTAAT,R222P,1,1
1.775,0.01112,TTGTAAATGCCTAACA,L244M,1,1
1.775,0.06798,GCTAAAGAATACCGCC,A372S,1,1
1.775,0.06798,TTGATAATGATACAGG,S199G,1,1
1.775,0.04716,ATGCTTTCGGACAAAC,,0,0
1.773,0.01411,ACACTGTTCACCACCC,N158K P289Q,2,3
1.773,0.02554,CGAAGTCGGCTTTGGA,,0,0
1.773,0.01947,GTTCTTACGTCCGCTA,R456M,1,1
1.772,0.02831,ACAATAACCCCGCAAA,S124F,1,1
1.772,0.01991,ACTCTCTCCTCTGCCT,K503A,1,1
1.769,0.005298,ATAAAGCCTGCCACGA,K417T,1,1
1.767,0.02864,CCATAACAGTAAACAT,D32A,1,1
1.764,0.001128,GGAACCCGCCTATAAT,G386E,1,1
1.762,0.01077,GAGTATTAACTCATTC,,0,0
1.762,0.01437,TTTCGAAAAATCCGGA,H56K,1,1
1.758,0.03669,GGTAAAATTTATTACA,N285T,1,1
1.757,0.04133,CTTAACCCATAGCTGC,A163S R383K,2,2
1.755,0.05898,AAATTAATAAAAAATA,,0,0
1.753,0.08335,TAATATCGTCTTCAGT,Q211T,1,1
1.752,0.02537,ATCTCCAGACGTGGTA,G5D,1,1
1.751,0.007829,TCAGTCTCAATATAGA,R383G,1,1
1.751,0.05003,ATACCTTGGAATGACT,K278L,1,1
1.749,0.01097,ACCATAGAAAAAGAGC,,0,0
1.744,0.008808,TAACACTTTATAAGGT,,0,0
1.744,0.03005,ATCTAAATCGATGAAA,,0,0
1.744,0.06186,TCCCCCTATAACCGAA,,0,0
1.741,0.003307,CCGTTAAAAACGTCTA,,0,0
1.739,0.02844,TACTCCATAAACAGGC,P239S,1,1
1.738,0.01796,ACCATCTATTAAATTC,S247V M268I,2,2
1.737,0.03078,ATAGCAAAATCTGTAC,K417T,1,1
1.737,0.003,GAGCCTAGAACAATTC,T301W,1,1
1.737,0.04577,ATCAAACAACCTTTAC,,0,0
1.736,0.006115,AGCTGACGTTATCAAG,Q407H,1,1
1.735,0.02382,CAAACTATTAACTAAA,A476I,1,1
1.734,0.04082,ATTATAACCAGACCTT,N53E,1,1
1.734,0.01544,AAATTACCAGTCGAAA,S115A,1,1
1.733,0.004909,AGGCTTGAACTCCATA,,0,0
1.732,0.08103,ATATAAAGACCAACGT,F192I,1,1
1.731,0.00711,GCCCTAAGCTCCATTT,,0,0
1.731,0.002271,CCCCTCATAACTTGCA,T135L,1,1
1.729,0.01383,TTTCCGGTCATAAATC,N6F,1,1
1.728,0.02944,CTCTATCACGAAAAAT,Y233H,1,1
1.728,0.04085,GTAAACTCCAAATATA,T187S,1,1
1.727,0.02522,AATAGACCCCGAGATT,,0,0
1.726,0.08642,ACCCATAACATAAAAT,,0,0
1.725,0.03048,ATAATAAAACGTTGAA,,0,0
1.724,0.01565,TACATCCATATTGATT,,0,0
1.723,0.0102,CAAAACTTCCTCGGCC,R208T,1,1
1.723,0.003169,ACTAAGGATGCTGTAT,D7W,1,1
1.722,0.003291,AACAAAGCCGAAGTAG,,0,0
1.722,0.04668,TATGATTGCTTAAATG,,0,0
1.722,0.007483,AATGATACCCGCAACG,L314I,1,1
1.721,0.02573,AGTCACTTATATAGCC,,0,0
1.72,0.01005,AGAAACAGGCACTAAA,,0,0
1.72,0.01242,AATGTACATCAATAAG,,0,0
1.72,0.009647,ATCATATTCTAATGTC,T128F,1,1
1.72,0.02948,GACTAGCTTACATACC,,0,0
1.719,0.02853,TATATAAAGATCAACA,D101Y,1,1
1.717,0.002187,TGTCGGCCAGGACAAC,,0,0
1.712,0.04515,TAGATCGCCGAGTCAA,S265R,1,1
1.712,0.004177,TAATATATACCAACGT,,0,0
1.71,0.01532,CCCAACTAAGGTACCA,R33K,1,1
1.707,0.02026,AAAACTAGAACATAAT,D32N,1,1
1.702,0.04944,GTAACTATTTCTACGA,Q210F,1,1
1.7,0.0569,GGACGTCAAAGTCACA,E280W,1,2
1.699,0.03552,GCCCTTACTTGATGTC,,0,0
1.699,0.002824,GTATATCCTTTATAAC,,0,0
1.697,0.02608,CTAATTCCAAACGTAT,L15I,1,1
1.697,0.03209,ACAATAGTTCCTACGA,H56M,1,1
1.696,0.02991,AGTTGTTTACAAGAGA,P221T,1,1
1.695,0.03373,CAAGATCTAGCGATAA,,0,0
1.694,0.0162,CTCGTAACTTCAATCA,T328D,1,1
1.694,0.04237,AAACATCCCCTGGGAG,D291Q,1,1
1.694,0.01154,ACAGACCAGTAATTAG,L157H,1,2
1.693,0.004024,TTATACTCCATCAACC,Q210H,1,1
1.692,0.04107,AAACTCTACACTATAC,,0,0
1.692,0.05046,TAATTAATCAGGCTCT,K50A,1,1
1.691,0.02376,GACATAGCGAATACAA,,0,0
1.689,0.03174,AACAGAGCTAATTTGG,,0,0
1.688,0.02421,CCAAAGCACATGCCAT,R33A,1,1
1.687,0.00351,GCAACTCACTAAGATT,,0,0
1.684,0.01751,AGCCAATACAATCTGG,,0,0
1.684,0.008886,ACTGCCCAAAGTACAC,Q210V,1,1
1.683,0.03561,TGGCAACGAATTATGA,K140Y,1,1
1.682,0.03468,GCTTTCTATATCAAAT,F79A,1,1
1.681,0.01415,TTTGACTTGACAGAAA,,0,0
1.681,0.01438,GCGAAAAAGGACGGAA,S46H,1,1
1.681,0.02423,CTAAAATAGACACGCA,G78A E280K,2,2
1.68,0.00753,CACACGAACTCATTCG,,0,0
1.68,0.02278,CTGATTACATGATCCA,K259L,1,1
1.678,0.005151,CGCAATACAGACCAAA,P4R,1,1
1.676,0.008956,TTGATGCACATGTATA,G404K,1,1
1.675,0.06898,GCAAAAACATACACCT,I67V,1,1
1.673,0.01338,CAAATATGAAAACTGG,,0,0
1.671,0.03072,CACTTCCGTCAGAACA,I160E,1,1
1.67,0.02321,GAAGAAAGCATAAATG,N290M,1,1
1.669,0.01541,CAAACCCACTCTCAAA,S143L,1,1
1.668,0.01441,GACAGTGTCCTACTCC,,0,0
1.668,0.01257,TCCATCTGGTGAAAAA,,0,0
1.665,0.005999,AACGATAAAATAGTAC,,0,0
1.664,0.0127,GCTTAGACTATTATCG,K450N,1,1
1.662,0.01289,AAACAAAGACTTAAGA,Q327E,1,1
1.661,0.03829,ATCCCGGCAATAGTCA,I385L,1,1
1.661,0.01207,AGTATTCCCTATTAAG,L431W,1,1
1.658,0.009918,GCCCAATCATAATATA,,0,0
1.658,0.0168,GTGTCCGCATAAAAGT,S54W S378H,2,2
1.657,0.003775,CTGGATGATGTGAACT,,0,0
1.657,0.005498,TATTATGATTACTGAA,,0,0
1.655,0.02549,CTATCAAACAGTCACT,,0,0
1.655,0.00721,ATAGAAATCAAGGACC,R201W,1,1
1.654,0.05855,AAAGCTTAACCACAAG,K417V,1,1
1.652,0.02158,AATAGTACATAGACTA,G49M,1,1
1.652,0.009854,AAAACCAAAGTTAATA,K238G,1,1
1.651,0.06271,ATGGTTGAAGAATAAA,,0,0
1.649,0.003231,ACATTGTACTTTCATG,Q311W G386R,2,2
1.648,0.04638,CAAAGAACTTTGTATC,,0,0
1.648,0.04638,TTCAGCGTACTAATAA,N53L,1,1
1.646,0.01167,TATCCTAAATACATGA,,0,0
1.646,0.04895,TATTCAGTTATGGCAA,S54Y,1,1
1.644,0.01305,TCTCCCCCCAAGCAGA,R208D,1,1
1.644,0.008249,CGACATTCATTTTGTC,A106K,1,1
1.644,0.01622,TCAACTTCCATCGATT,G263Q,1,1
1.644,0.02178,CCTTTAACTTTTTGGC,K278R,1,1
1.643,0.01372,GTTCTAACTTAATATT,,0,2
1.643,0.005613,TTACTATGCTAAGGTG,G386R,1,1
1.643,0.0427,GGATTTACAATAATGT,D32G,1,1
1.642,0.009034,GTATGACTACAACGTA,,0,0
1.641,0.08474,ATTTAGACGCCACCTG,E325S,1,1
1.641,0.01822,CCCAACAAATTAGATC,N94Y K468R,2,2
1.64,0.03682,TGATTTATTGAAACTC,Y233H,1,1
1.638,0.007492,GGAAAGTTCTGCCTTT,N489M,1,1
1.638,0.03161,AAATTAGACCCAAGAG,K171R,1,1
1.637,0.008831,AAAAAAAATTATACAG,,0,0
1.637,0.04415,CTGTATAATTTTACAA,,0,0
1.637,0.01787,TTCAAATTAAATTAAA,D7K,1,1
1.636,0.05871,CAACTCATCGTAAAAC,,0,0
1.636,0.02658,GAAGACCTAATATTAA,,0,0
1.634,0.02741,GACTTTACACACATAC,S137M,1,1
1.634,0.01625,GCGCGAGCTCTTGGAG,,0,0
1.634,0.04815,TATCGAGAGATAGAGT,N8E,1,1
1.634,0.07746,TGTCGTAACCTTAAAT,A272V,1,1
1.634,0.01326,TTGTAGAGCAAAATAC,R361W,1,1
1.632,0.01038,GATTATATGAAAATAA,K368E,1,1
1.632,0.0345,CAAGGTTTGATACTCT,D7A,1,1
1.63,0.004948,CTAAAATGCCGCACCC,Q44C,1,2
1.629,0.03242,ACAGAAAATGCGGGGT,R307T,1,1
1.627,0.02019,TCTAGTACGATCAAGT,I202V,1,1
1.627,0.05879,AGTTAATAAGGCATTT,K121G,1,1
1.626,0.02035,CACTAATATGAATCAA,Q44T,1,1
1.625,0.002171,TCACGTTATCGGCTTC,Q210H,1,1
1.623,0.02005,GAGAATTCACCACAAG,E280N,1,1
1.622,0.01335,ACGTCCGTTGGACTGA,,0,0
1.621,0.09395,ATAAAAACTCAGACGG,,0,0
1.621,0.01906,GTAATCAAACCGCTTT,S312G,1,1
1.621,0.02117,ATACGCCATTGCAATT,H56R,1,1
1.619,0.01757,CTATATTTCTATCAAA,,0,0
1.618,0.01363,TATAAATTCTAGTGTA,,0,0
1.617,0.06783,TGTAAGCGTCTAGTAA,,0,0
1.617,0.01867,ACAATATTTAAACAAG,N53A,1,1
1.616,0.02425,GCAAACGTAATAAGGA,I282A,1,1
1.616,0.001928,TCAATTATAGTTATGA,,0,0
1.616,0.03458,CTACGTATGAAATAAA,S209M,1,1
1.615,0.009388,CCCTCACCCGCATCTT,Y233F,1,1
1.612,0.005358,TTACGGAAAGTACAAC,,0,0
1.611,0.02668,TCATACATCTCATTTT,,0,0
1.611,0.009494,TAACTGCAAAGACTAT,,0,0
1.611,0.003147,TTCAAGCAAACGGTGA,,0,0
1.61,0.07775,TTGTTCCCAACTTGTG,,0,0
1.61,0.05647,TAAATAACTATATCCG,,0,0
1.609,0.02172,AAGGAACACGACCTAT,T128W,1,1
1.608,0.0287,CTTAATTATAAACTTA,,0,0
1.607,0.008901,AACTCAATGCGAATAC,P289D,1,1
1.607,0.0201,TCTAAAACATTACACT,S143L S199H,2,2
1.606,0.01071,TGTTCGCATCAACCTA,Q173Y,1,1
1.606,0.04511,TGGAAAGTGAGAAGTA,,0,0
1.606,0.007207,CCCAATACTAAAGACA,I242D,1,1
1.606,0.0116,AAGACGTTTCAAATAA,Q57L,1,1
1.604,0.02811,ACAGAATTATACAATA,,0,0
1.604,0.008936,AACATGTCACTGTGAG,Q57V,1,1
1.604,0.01218,TAACACCCGACAGAAA,R220F,1,1
1.604,0.02042,AAGACATTAGATATAT,,0,0
1.604,0.05019,TATCAGAGCTGCTGTT,V323R,1,1
1.603,0.01821,CATTACTAAGGGTATC,,0,0
1.6,0.007098,TGCTCATATGAATTTT,P289V,1,1
1.6,0.004512,AATACATCTGGCAAAA,A372E,1,1
1.598,0.01886,TACGAGTCTCTTCTTA,G142D,1,1
1.598,0.02432,TTTCGAACTAGAACCT,,0,0
1.598,0.03071,GGACCTCTGAATACGC,A372H,1,1
1.597,0.04301,CATATGAACTGGTGCA,L367Q,1,1
1.596,0.01567,CGTTATAAATCAGACG,,0,0
1.595,0.02213,CAGATGATGTTAAACT,R208W,1,1
1.595,0.03709,TACGATCACCAAAGCT,R269I,1,1
1.592,0.04935,AGCAACTATCAAAAAC,R150V,1,1
1.592,0.01799,TTTCAAGTTTCAGTCG,,0,0
1.591,0.02972,CATAGACCCAGATTTC,W234F,1,1
1.591,0.006571,CCCTTTCCCGGGAAAT,N126R V323I,2,3
1.59,0.03111,ACCCTTAAGTTTAATA,T328E,1,1
1.588,0.01243,TGGAACGCTTCTAAGA,I48P,1,1
1.588,0.01436,TGATGCCGAAAAAAAA,,0,0
1.587,0.009952,ACTATCAAACAACAGT,Q44F,1,1
1.587,0.02626,TAACATCGTTCCATCG,P239T S442L,2,2
1.587,0.00693,GCTAATGAGAAAAGAA,P289G,1,1
1.586,0.03224,TCAAAACAAGTAAACT,Q44K,1,2
1.585,0.02017,CAAGTGCCCAAGATAA,,0,0
1.583,0.03991,ATCACTCCGATATGGA,,0,0
1.582,0.03821,ATCATCCCGAGACCCG,L439V,1,1
1.581,0.003238,CACGAAACCACTAATA,,0,0
1.581,0.0759,GGTAAAAGAATATGTC,T187D,1,1
1.58,0.008909,TTGGTATGCACTACTG,G263P,1,1
1.578,0.01659,TTGTAACATAGAGAAT,K259M,1,1
1.578,0.05798,GCACTTCAACACTAGA,S228A,1,1
1.575,0.04458,GAATCGTCGTATTATA,,0,0
1.574,0.04248,TTTATTCTCTCTCCCA,V166A,1,1
1.574,0.01592,GTAACAACTAGGAATA,K50G,1,1
1.573,0.004314,AAATATGAAAATGGAC,R33Q,1,1
1.572,0.05044,AGTCTGAAAAAGCAGT,I335M,1,1
1.57,0.03438,TTACCTTTCAACAGCC,D7W,1,1
1.569,0.04319,ATCAACAGACGACAAT,,0,0
1.567,0.03158,GTCGGAAGAAAATTAA,D291E,1,1
1.567,0.01882,AGTTACAAATTTCTAC,,0,0
1.567,0.04253,AATAATTTGCAGCTGA,,0,0
1.566,0.009202,TTTTACAATTGAACTC,V490N,1,1
1.566,0.08855,CGCACCCCTCAATCAT,S219I,1,1
1.566,0.04866,AAAACAGGATTTTGCA,S231G,1,1
1.566,0.03355,TAGACTATCAGATGTA,,0,0
1.566,0.01496,TTCAATGCAGAGTTAA,Q44H,1,1
1.566,0.0277,TGAACAAGGAACAAAA,,0,0
1.565,0.03123,TCAAATGAGATTGTAG,N298H,1,1
1.565,0.04188,AAGATTTTCTCATCAG,Q376F,1,1
1.565,0.04188,TAAGAATCCGATGCCC,,0,0
1.564,0.009431,TAATAGAACTGGTTCA,S145L,1,1
1.563,0.001166,TATCATTATATCAAGT,K121F,1,1
1.562,0.007667,AAATCGTTAAAAATTA,K503L,1,1
1.562,0.05939,TAAAACATTAAAATAC,T30A,1,1
1.561,0.01243,GCAACATCTAATCACT,,0,0
1.561,0.0858,GTATATATAAGGAGAC,R307Y,1,1
1.561,0.07835,AGTCTATTATGAAAAT,,0,0
1.56,0.04468,AACATAGTTAATCAAC,,0,0
1.559,0.002355,ATACCTCACACTTTAG,S46Q,1,1
1.558,0.01568,TCATTGACCGAAAACG,N8L,1,1
1.558,0.0105,GAGCTTATACCGTTAT,,0,0
1.558,0.008465,GTTAATACAGGCAGCC,R208G,1,1
1.558,0.01644,AGGTGTTATCCAACGT,N290L,1,1
1.557,0.01532,GAAATAGAAAAAAAAA,,0,0
1.556,0.02405,ATGAATTCCTGCTTAA,,0,0
1.556,0.00968,AGACTCCCGTAATCAC,Q57F,1,1
1.555,0.02666,TAACGACCCCTCAAAA,R208Q,1,1
1.554,0.01578,ACAAATATCATTAGAA,K82M,1,1
1.552,0.0808,CCAATCTACCGAGAAC,,0,0
1.552,0.02864,GTGGCGCTTCAAATTT,L151M I260V,2,3
1.552,0.01211,GTAAAGTCACCAAAAC,N298Q,1,2
1.551,0.04011,CCATAATTTTTTCTAA,P221T,1,1
1.55,0.0547,CTTCTCTCGCGTTATC,,0,1
1.549,0.07222,CAAATCTAAGAATATT,E119D,1,1
1.548,0.04552,AATAAACCAGATCCTT,T301C,1,2
1.548,0.04552,AGACCAGACTTAAAAG,F294Y,1,1
1.548,0.03588,AATTCGACAACATAAA,I374L,1,1
1.547,0.02961,GGGCAAGAGAATCAGA,,0,0
1.547,0.008927,ATCTAACCCAAATAGG,L244V,1,1
1.546,0.0158,ACGGTTTACATCCCGT,I242D,1,1
1.545,0.0216,TTGCCAAAAATTCGCA,K468Y,1,1
1.544,0.01789,ATTCGCCACCAATAAA,A253G,1,1
1.544,0.02268,TAAGCACAATTAGAGA,,0,0
1.544,0.02697,TTGGCTCATCACAGAC,K503E,1,1
1.544,0.006239,TAAGAGACACTCTATT,N382D,1,1
1.543,0.009174,TCATGCCAGACTGGCA,P55R,1,1
1.543,0.03791,GACTTAGAACATTTAA,L244S,1,1
1.543,0.02077,AAATAATCCGGTGAAA,K264G,1,1
1.542,0.003234,CGCCCGAACATAATAA,S96V,1,1
1.541,0.004763,TTAACCATAAAAAGTG,Q376G,1,1
1.541,0.02726,CTATAAGCGTTAATAC,,0,0
1.539,0.02997,AATACCCGAAACTTTC,G62E,1,2
1.539,0.035,ACGCACACTTAAGAAA,,0,0
1.538,0.01712,ATAATCATGAACAAAA,,0,0
1.538,0.06698,TTTATTATTCCGTACA,T328G,1,1
1.537,0.01479,CTGAGAGCAACCATAT,G5V,1,1
1.537,0.01327,CACATTGCTAACCGTA,K278T,1,1
1.534,0.07052,GAACTATGTTTTGATT,K27R Q44A,2,2
1.533,0.005735,CGTATACTGCAGTTGC,N53I,1,1
1.533,0.01456,ACTATCATCAACTCAA,R269I,1,1
1.533,0.0248,GTAAGCAGAAGCCCAT,,0,0
1.532,0.03176,TATAAACAAAATATGC,E83C,1,1
1.531,0.05076,AAAGAGCACTACCATA,P306A,1,1
1.531,0.0205,TTCACACGAGCAATAT,,0,0
1.53,0.02905,CTAGCTTCGCGGAGCA,E280D,1,1
1.527,0.02459,TCCGGAACACAGAATG,,0,0
1.527,0.02099,CCAAACAGTCCAAGTG,,0,0
1.527,0.01881,TACGTACGTAATGCTC,,0,0
1.526,0.02149,TGCAAAAACAAGTTAA,G61S,1,2
1.525,0.01185,TAATGTAATTTATAAA,S199C,1,1
1.525,0.06552,CTGGCGTGGAAAAAAA,K238M R329K,2,3
1.524,0.02396,CCAAGCAATTCTGGCC,I242M,1,1
1.524,0.02314,ATTAATCTGTAAAAGA,S114T,1,1
1.523,0.0155,TTAAATCACTTTAAAT,D60E,1,1
1.523,0.01577,CTTTCCATAACTGGAC,,0,0
1.523,0.0253,CCGACCCACATAATGA,,0,0
1.523,0.0253,CTGCTTACCTTTCCCA,,0,0
1.522,0.0585,GGTCCCATAACCCTAA,R208Q,1,1
1.522,0.009238,TAACCTACCTAAATCT,A106G,1,1
1.521,0.01131,TACATCGTACATAACT,A212M,1,1
1.521,0.0304,TAAACCCAACGAAGCG,G479D,1,1
1.52,0.01475,TACTCAACGCCACTCC,,0,0
1.52,0.08638,ACTAAGATAATTGACA,S198P,1,1
1.519,0.02221,AATATACTATCAAAGC,Q75V,1,1
1.519,0.0311,AAAGAAATTTCTTCAT,D188F,1,1
1.518,0.004024,GTATATCATAATGTGA,I300E,1,1
1.517,0.02509,TTATATTGACCATACA,K472A,1,1
1.517,0.006043,AAGGAAAATAAAACAC,L367C,1,1
1.517,0.04818,TATTGAGTATCTGGCA,,0,0
1.517,0.01181,TTCCTTTCTACACCAC,R92W,1,1
1.516,0.01033,ACGCAAAAAAATTTAG,P239A,1,1
1.515,0.04428,TAAAGATACTCATTCC,Q173H,1,1
1.515,0.02657,ACTCAACATAGTTTGA,G275W,1,1
1.515,0.01898,ATTGAACTTTGAAAAA,S199C,1,1
1.515,0.001118,CAATCAAAAATACTAC,R141H,1,1
1.514,0.007084,TCCCCGCACCCTAAGT,R201Y,1,1
1.514,0.06563,GGCCTTCGACCAACCG,L244C,1,1
1.514,0.04358,ACCCGAATAAAAGACC,N94P,1,1
1.513,0.009853,ATTACACAGAAGGACT,I502L,1,1
1.512,0.05395,CTAAGATAACAAAGTC,,0,0
1.512,0.01438,ACAAAACATAAAGTAG,K417L,1,1
1.512,0.02488,AGTACGCGAAACAACC,A304I,1,1
1.512,0.01092,GAGGAACGATCCTGTA,A196S G386P,2,2
1.511,0.01387,CCGAACATCCCACACA,,0,1
1.51,0.01618,AAATTAATCGCCGAAC,K50A,1,1
1.509,0.02512,AATTGGATTTACCAAT,,0,0
1.509,0.003256,GACAGGAAAGTCTCAT,,0,0
1.508,0.008055,CCATCCAAAGAATATA,,0,0
1.508,0.02686,AAGTTATGAATACTCC,,0,0
1.506,0.02341,CGGTCAAATTAAGTTA,,0,0
1.506,0.04662,GATAACATAAGTCCTT,P4Q,1,1
1.505,0.03014,AAGCAGGCATATAACA,E280S,1,1
1.504,0.03983,GACGCCCCTATGATGA,,0,0
1.502,0.01144,GAACATTGCGAGTCGT,,0,0
1.502,0.002887,GGTCGAGCAACTCAAC,T128R,1,1
1.502,0.01766,CGACCCAAACCCTATA,S279D,1,1
1.501,0.01601,GGAGATCTGGACTATC,,0,0
1.501,0.007789,TTCGACACTTGAAGAC,,0,0
1.5,0.03569,AAAACCAACTCAGAGT,,0,1
1.5,0.01839,GATAGGAAAGCATGGT,,0,0
1.499,0.01723,CCCAGAATATGCTTGA,K82V,1,1
1.499,0.03156,ACTACGCAAACAATCG,G404S,1,1
1.499,0.008851,CCCACTAATTCCCATA,,0,0
1.498,0.0331,AACTATTAATATACAT,N475T A476V,2,2
1.498,0.03121,GACTCCTGAACTCTAA,,0,0
1.498,0.05104,TGACGCAAAATAATAA,Q363H,1,1
1.498,0.03987,AGAATCGAGAGAAAAT,,0,0
1.496,0.01958,GAAAACACAATACAAT,K264L,1,1
1.496,0.01612,CAAATATACTATTCTA,G5I P221S,2,2
1.495,0.01878,ATATAAAGCAATTTAT,,0,0
1.494,0.02832,CCAACGTTAATGTCTA,L427M,1,1
1.494,0.01251,TGAGGTTGTAAAAATA,G263A,1,1
1.493,0.01892,ATCGTCTCGGCTTCAC,G263D,1,1
1.492,0.04049,AGACATAAGAGACCAC,S231G,1,1
1.492,0.009067,CCCGAATATATGCTAT,S107L,1,1
1.491,0.08679,GGAACAAATAATATAA,,0,0
1.491,0.008806,TTATACGCAGCAAACG,N122Y,1,1
1.491,0.003201,AGTGCAATAGAGAGGG,S199A,1,1
1.49,0.03021,GACCTACTACTCAGTA,,0,0
1.49,0.02431,ATGAGGGATATACGGC,K264V,1,1
1.489,0.009999,CAGCTAGTAAAATCTA,,0,0
1.489,0.02521,CCCCCGTACTGATCCC,G78M,1,1
1.487,0.02618,GTTGAGACAACTAATC,K503N,1,1
1.487,0.008563,AAATGAAAGGTCACAA,S231A,1,2
1.484,0.001378,TAGATACTTTAGTAGC,K326T,1,1
1.483,0.04311,GCAAATATATAAATAC,T117Q,1,1
1.483,0.02147,GACGTGTGTTCAAGCG,K238T,1,1
1.481,0.04602,TAGATGGTCTTATAAC,P55N S124T,2,2
1.477,0.0363,GAGACCTGAAGTCAAA,,0,0
1.477,0.08699,TAAACTCACATATCTG,K417Q,1,1
1.476,0.06159,CACCAGAAAACAGACA,P21G,1,1
1.475,0.01255,GGATCATGAAAACTCA,,0,0
1.475,0.03537,ACTGAGAATCTGTCAT,G240F,1,1
1.474,0.03492,CGAGTTAAACTTTGTT,T28C I385L,2,2
1.473,0.03449,CTCCAGAAGTTAAGAA,N475I,1,1
1.473,0.007078,TTTCTATTGAGCACTA,Q44F,1,1
1.473,0.006714,TACCTTATCCATCGAG,N122S,1,1
1.472,0.0006502,TAAGCCGCAACAAGAA,L428W,1,1
1.471,0.01898,AGACTAATTACCGAGA,,0,0
1.471,0.01658,ATAAAACTAAACTAAG,P4S G200F,2,2
1.47,0.01709,CGGAAAATCTCCACAT,,0,0
1.47,0.006751,ATCCAGAACTTTGCAA,A212H,1,1
1.469,0.01185,ATTGAAATCTCGGCAT,,0,0
1.469,0.006734,TCCCATTACGATCATA,R92W N382Y,2,2
1.469,0.02169,ATTTCCATATTCCTGC,I214D,1,1
1.468,0.02259,AGCAGTTTCGATGCTC,I3M,1,1
1.467,0.005749,AGTAAATGTAATATCT,A106D,1,1
1.467,0.00672,TGAACCTAACGCGGAA,R92V P239S,2,2
1.467,0.04692,TTATTTCGTGCCCCAC,E325W,1,1
1.467,0.01496,GCATAACCCCAACTTA,P21M,1,1
1.466,0.03369,AAGGCAAGATTTCAGT,G5V I300E,2,2
1.466,0.03369,GAAATAGATCTATGAT,I282L,1,1
1.466,0.02462,GAGATATCGAAATATA,E325H,1,1
1.464,0.03289,CCAAGGCTTTAATATA,,0,0
1.464,0.02242,AATCTTCAATCAAAAA,,0,1
1.464,0.0105,CGTATTACAATTGTAC,,0,0
1.464,0.07134,TTCAGAGCCATACATG,,0,0
1.463,0.01778,CACCAAAACACTTCCA,,0,0
1.463,0.01611,TTTTATACCATTAAAT,,0,0
1.463,0.0504,CGTAACAGAGAGTCGA,,0,0
1.462,0.06955,CTATGGCTAAAAGTAT,R269C,1,1
1.461,0.009831,ATATAAAAAAATACCC,Q80I,1,1
1.461,0.02122,GCGTCACTACAATGCA,,0,0
1.461,0.06785,TTATCACAAACCAAAC,,0,0
1.461,0.00314,GAAACAGAATAACAGG,K171A N285G,2,2
1.46,0.009364,CTCCACTGATCAAATA,,0,0
1.46,0.0102,AAGGAAAAAAAAATAC,K503H,1,1
1.46,0.01523,AAATAAATCCATTATT,,0,0
1.458,0.04072,CATGAAGCGATTAATT,,0,0
1.458,0.01043,AAAACCCGGAAACTAT,,0,0
1.458,0.06468,ACTATGATTCCTATAT,A69S,1,3
1.457,0.007284,GCAGTTGCCTCAGGAT,E280G,1,1
1.457,0.02,CCCGGTGCCTAATAAT,,0,0
1.456,0.009213,AAAAAACGTTAGTCCA,,0,1
1.456,0.07747,CACTAATTATCAGAAT,E172H,1,1
1.456,0.001632,ATTCGACCAATAAAAT,N63D,1,1
1.455,0.03847,CCAGCTTAACACACTT,,0,0
1.455,0.01613,AGACACACCTGAAACG,,0,0
1.454,0.06045,CAAACCCACACTAACG,I160Y,1,1
1.454,0.07536,CAAAAAATGGCAAAGC,P4G G479D,2,2
1.454,0.02302,CTATCAGAGAAGCAGA,,0,0
1.454,0.01149,TGCCCTCTACAGACTC,G129R E484K,2,2
1.453,0.0109,GTATGCCCCCCATAAC,Q44C L381M,2,2
1.452,0.007943,TGTGTGATTTCTTAAA,S145V,1,1
1.451,0.02159,AAGCACACATAATCTG,,0,0
1.449,0.09027,CGCAACCAATCCACCA,,0,0
1.448,0.009195,TGGTATAAAATCTTAA,N53C G386E,2,2
1.448,0.01255,CAACCTTGGAATTCTG,,0,0
1.447,0.02586,ATCAGCGACTTAACCC,,0,0
1.447,0.02586,TCTTTCAAATCCATCA,I282Q,1,1
1.446,0.01095,AAAAATGTGGAACAAA,,0,0
1.446,0.02797,CTACCCTTGAAGAAAT,,0,1
1.445,0.01749,AAATACGTTTCAGTAA,,0,0
1.444,0.04877,AACCATATTTTCGACA,S209D,1,1
1.444,0.01706,CAGTTAAACTGAAAAA,S312Y,1,1
1.443,0.01395,TATCTGAGGCAAAACA,N489E,1,1
1.443,0.01244,GCAATCCTCACATAAT,K417A,1,1
1.443,0.01062,CCCCAGAGCATGCAAT,N53Q,1,1
1.443,0.02588,GGCTGTCCAGATCAAA,G404E,1,1
1.442,0.03301,AGGATAATAAAACAAA,H56A,1,1
1.44,0.07352,GAATTAACACACATGC,G62W,1,1
1.44,0.0546,CAAGAAAAACGGATGT,,0,0
1.44,0.02717,GGAGACGACTTCCCGT,Q327L,1,1
1.44,0.04342,AGCTATTTAAAGAAAC,K292V,1,1
1.439,0.03047,CAAAAGATTCAAAAAA,,0,0
1.437,0.01448,TCACTCATTAAGAACT,,0,0
1.437,0.02519,CCAAACTTTTGTGTTG,Q311V,1,1
1.437,0.04971,ACGGATGTAAAAATGG,K50W,1,1
1.436,0.03914,ACAAAAATCCGATAAA,K131G,1,1
1.435,0.01472,TTAACCTTAATTACTC,T416I,1,1
1.435,0.02115,AAATCTATAGACCCAG,N475L,1,1
1.434,0.02641,GCAATGAGAACAGAGC,,0,0
1.434,0.02641,GTACGGATTTATACTA,,0,0
1.434,0.01822,CTTCTGTAATTACCGA,K171W,1,1
1.433,0.02521,ATCACACAATTTCAAT,,0,0
1.433,0.01742,GGAAAAAAATTACACG,S46H,1,1
1.432,0.01214,AACAAATAAGAAACGT,E280L I282T,2,2
1.431,0.03307,TGCAAAACATCAAAAA,Q501A,1,1
1.431,0.0127,ACATGAAAAATAAAAA,,0,0
1.431,0.007858,CTCTTCCCAAGTATCC,A304L,1,1
1.431,0.006299,AGGGATGCCCGACTTT,K417V,1,1
1.431,0.01258,TGGCTTTACTCTTTAG,,0,0
1.43,0.05261,AGACATTCTTACACGT,,0,0
1.43,0.03918,AATCATACAACACACA,E280G,1,1
1.429,0.02237,CCCTAGTTTGTGCAGA,,0,0
1.428,0.008286,ACATGTCAAACTGCAG,K121V,1,1
1.426,0.04569,CATTTGATATGCCAAA,,0,0
1.424,0.06356,CTAAGCAAAGCTTGTA,R269L,1,1
1.424,0.01015,ACAAGCGTGGCTATGA,,0,1
1.423,0.05947,GTCAGTTTAGATTTAA,I236M,1,1
1.422,0.01444,TATCTACTGCATAGTA,L428Y,1,1
1.422,0.00479,ATAAAATTCAACAACA,R307D,1,1
1.422,0.02866,AACACAAATGAAACCA,,0,0
1.422,0.009554,AGTAACTACTCGTGAC,,0,0
1.421,0.03664,AGAGCGTTCATAATAC,,0,0
1.421,0.05372,ACTAACTTCCTAACTG,,0,0
1.421,0.02136,GTACAGTCTGACCTAC,,0,0
1.421,0.02088,AACAGGATCTGAACCC,,0,0
1.42,0.02527,TATCATGGATTCTAAT,A93G,1,1
1.419,0.09709,TGGATGTTACAGAAAA,,0,0
1.419,0.03199,CACTAAAGCTATAGAG,D291L,1,1
1.419,0.04651,TAGAGGGCGGATTTAA,K259Y N285I,2,2
1.417,0.02121,TACACATCATAGAGAA,P55M,1,1
1.417,0.01374,TTGAAATGAATGTCAT,S149V,1,1
1.416,0.03927,AAACAGATCATATGAC,I260M L428A,2,2
1.416,0.003079,AATCAATCCAATAGAA,,0,0
1.416,0.01273,ACGTTAACTAATTATA,,0,1
1.415,0.07384,GTAGTTTAAAGTAAAA,L111A,1,1
1.415,0.03528,GTACACAGTACGCTAA,K264N,1,1
1.414,0.06674,GAGATAAGAACATTTG,K417G,1,1
1.414,0.01644,AATATTGCGAAACATC,A39S,1,1
1.414,0.03202,CTCAATAATCTAAACA,,0,0
1.413,0.02075,ATTTCAGTATAATAAC,G263T,1,1
1.413,0.01162,ATAATATGCCTGGTAA,,0,0
1.413,0.01931,GCAGCCATTATTCTAA,N382H,1,1
1.412,0.01829,TGGGATAATGCACTTT,T416C,1,1
1.412,0.02652,AATTAAATTATGCAGT,,0,0
1.411,0.05179,TGCTAGGAACGATAAA,K50V,1,1
1.411,0.01674,TAATCTAGACACACCC,K121Q A163S,2,2
1.411,0.0157,TGGATAACCAATTACT,S46P,1,1
1.411,0.007753,TGTTCAAGGACTAATC,N285Q,1,1
1.41,0.04581,CAAAACTCTCAAAGAA,Q44M,1,1
1.409,0.04047,TGTTAGCAATACAAAC,,0,0
1.409,0.03932,AGAGATCGCTGTTTAA,,0,0
1.409,0.01854,ATATCCAAACTACCTA,,0,0
1.409,0.009046,CTCAAGAAACACGACA,,0,0
1.408,0.03361,GCTTTAATGCCTAAGA,,0,0
1.408,0.03133,ACAATAGCTATAACAC,N126K,1,1
1.407,0.02787,AGACACCGAATCAGAA,D32P,1,1
1.406,0.00975,AAGAATAGAATCCCCA,,0,0
1.406,0.00123,CCCAGACGAGCTCCAA,K417N,1,1
1.406,0.00914,GGACACATGGAACCTT,,0,1
1.406,0.01761,TAGGCTCTATCAGAGT,N81E,1,1
1.405,0.008445,AACATACAGTTTAAGA,V490I,1,1
1.405,0.003938,ACTCTTATCAAATAAT,D291T,1,1
1.405,0.00757,ACGCCGTAAAACGATA,T301L,1,2
1.404,0.01099,TACCCACAGTGGAGAA,N122R,1,1
1.404,0.01094,TCCCATAGATTCGAAT,S209T,1,1
1.404,0.004598,CATTACACTTGAATAA,N63M,1,1
1.402,0.02382,AATTTGTATCCCTAAG,R208N,1,2
1.402,0.02489,ATTATCCCTTAAAATT,V213I,1,1
1.402,0.0148,CAAGAAAATTCATGCA,P324Y,1,1
1.402,0.04912,CTATCTCTTACAGAAC,,0,0
1.402,0.02342,TCCCTCTATTACCTTT,L59M,1,1
1.402,0.02322,TGAAGGTTCACCACTG,G379N,1,1
1.402,0.07208,AAACACAGCATATCAT,P227Q,1,1
1.402,0.0437,AGCGTTGCCAAAGGAA,P103N L244M,2,2
1.402,0.03405,AGTTATCCGAAACACG,E403F,1,1
1.402,0.005789,CATCGATTAAGATTAA,R307F,1,1
1.402,0.04587,GAAAATCAGTATAATA,S110R,1,1
1.402,0.05606,GGGAAAAATCTAAGGT,S124P E280G,2,2
1.402,0.06099,TATTAGAGTAATGGGA,L157I,1,1
1.402,0.02818,TTAAATACATTTAACA,K121W,1,1
1.4,0.01547,TGATAATCTTGATCGT,Q407K,1,1
1.4,0.01556,TGATTATAAGTCAATC,N81Y,1,1
1.4,0.01658,TCAACATCACCAAAAG,D7S,1,1
1.4,0.01709,CAATCCCACAAGATAA,R383L,1,1
1.399,0.005462,AATACCCCAGAACCCA,A106P,1,1
1.399,0.007397,CGATCCTTTTAGAAAA,,0,0
1.398,0.01358,AAATTAAAACAAGAAC,R92W,1,1
1.397,0.01522,CTAAAGGATAAATATA,K276S,1,1
1.396,0.008948,ACTGATCACCTCGTAT,,0,0
1.396,0.01798,TCGGAACCTTCACACG,R261V,1,1
1.396,0.03729,AGAAAAAGATCCATTT,K472V,1,1
1.396,0.0132,TGTGACATGACATTTA,D474T,1,1
1.395,0.008308,TTCGAAGCCTCGCAAT,,0,0
1.395,0.02129,GACTTACTTCAATTAG,F467M,1,1
1.395,0.01467,CTTAAATTCTTCGAAA,T135Q,1,1
1.394,0.02365,ATTATTCAGCGGCAAT,,0,0
1.394,0.007885,GCTTTCTAGTTCTTTC,Y302V,1,1
1.394,0.04834,ATTCATATATCCAAAC,,0,0
1.393,0.0261,AATACCTATACTGAGT,E340K,1,2
1.392,0.005136,TAAGTCCGGGTTGGCG,I242D,1,1
1.392,0.03142,TATCTTATATTCAAGC,S198T,1,1
1.391,0.03178,TATTTTCTCACACAAA,,0,0
1.391,0.008571,CATCTGCGCACCTCCC,D77S,1,1
1.39,0.03498,TATATCAAATCTAAGA,V347Q,1,1
1.389,0.01297,CAACATAGCGATATGC,Y302W,1,1
1.389,0.01328,TTCAAGTAAGATGCTC,,0,0
1.388,0.02796,AAACAATCGTATTATA,K238G,1,1
1.388,0.02116,AAAAATAATTTCACCT,D101T,1,1
1.388,0.02116,GAAAAATACTGAAAAG,N298D,1,1
1.388,0.01212,TTACGTTACTGTAAAA,N53G,1,1
1.387,0.02883,AATGACGGTTACAATT,N158D,1,1
1.387,0.02883,CCATTAACACTTCGTT,R299T,1,1
1.387,0.003503,ACGATTTCTGTGCTAC,R150T,1,1
1.387,0.007314,CGCCTGTGATTAATAT,D291I,1,1
1.387,0.02217,AATACGAAACTCCCAA,G404H,1,1
1.387,0.04452,GCAAGCCAAACACATA,V490E,1,1
1.387,0.01291,CAGCGAACCTTTGTGC,,0,0
1.386,0.02389,GCTTCATTAGTTGTAA,G49Q,1,1
1.386,0.005359,CCGACCTGCTTAAAAC,S9*,1,1
1.386,0.04841,AAAGAAACAATACGTC,I288M,1,1
1.384,0.01342,AACCAAAATCAAAACG,S312A,1,1
1.384,0.05406,TTACTGGATATCTAGA,S312W,1,2
1.384,0.01086,GATCAACATATTAATA,,0,0
1.383,0.01624,AAAATTTATCTGAAAT,I300E,1,1
1.382,0.03951,AAAACACTAACCCCTA,R92W,1,1
1.381,0.02087,TGGGTAAAAGAGTTAC,,0,0
1.381,0.03148,AATGAAATTTAAGAAC,A69I,1,1
1.38,0.03184,ATGTGTACTCGCACTA,R269Y,1,1
1.38,0.01597,TAATCGAACATAATCA,R321V,1,1
1.38,0.01183,TTAGAAATAGATGAAA,N81E,1,1
1.379,0.01654,GAAACACCAGGTTGAA,S199V,1,1
1.379,0.005137,CTACCTACAGCACCCA,Q132E,1,1
1.379,0.004955,ATTACGTATAACAACA,P227M,1,1
1.379,0.01519,AATTCTCAGAGTTCAT,I160C,1,1
1.379,0.01715,AAAAAAAGTTCCACCA,T12C,1,1
1.379,0.02746,TTAGAAATACACAGAA,,0,0
1.377,0.007327,TAACATTCAGTGAGAG,G181A,1,1
1.377,0.01655,TATCTAACACGTCTAT,L427M,1,2
1.377,0.01865,AAACGCTCCATACCGG,K417G,1,2
1.376,0.01903,CACACGCCACACAAAC,N63Q,1,1
1.376,0.01282,ATATCTTGTACACCTC,L428W,1,1
1.376,0.011,GTAGAAAACTACAACA,T301M,1,1
1.376,0.008142,CAGCTTTACGTACCAT,I242E,1,1
1.375,0.02594,AAAAAGAATATTGAAT,P227Q,1,1
1.374,0.03262,ATTTTACGATAAAACA,,0,0
1.374,0.02721,ACATAAAAGAAACAAT,R307H,1,1
1.373,0.02775,CGGGTTAATACTTTAA,,0,0
1.373,0.02458,ATCATGTTTCTGCGGA,E403I,1,1
1.372,0.01442,ATAATGTCAAGCAAGA,,0,0
1.372,0.03466,TTGACTATACGATATC,N6R,1,1
1.372,0.02188,AGGAATGTAGAATTTT,,0,0
1.372,0.04394,CTTTAATCATGATTTC,N298D,1,1
1.372,0.02206,CTAAGATGGAGCACAC,R255K,1,1
1.372,0.02953,CAAAACGAGCTTCCAC,L496I,1,1
1.371,0.01371,GCAATCCGCGGAGCGC,S265C,1,1
1.371,0.008495,AATCCTAGCCAAACAA,L428M,1,1
1.371,0.02241,TGAGCCTCAAAGACTA,D101A,1,1
1.371,0.01221,TTGAAAAACAGGTTAG,R208E,1,1
1.37,0.03746,GTTAACAGTGAAATCT,I300H,1,1
1.37,0.0188,TAAAACTACACCAACT,F332L,1,1
1.369,0.01609,GAGGAGTTTCGTGCGT,,0,0
1.369,0.008448,TATCTTTACTATGAAA,D77G N382D,2,3
1.368,0.01414,CCAATACAATGATAAA,T40K,1,1
1.367,0.0255,ATAAGCGATCTATAGT,,0,0
1.366,0.003388,GCTCTAATTACCGGAT,,0,0
1.366,0.04137,TGATTCTCGCTCCATA,D7N,1,1
1.366,0.02108,CAGAAGTTTCGAAGAA,G379F,1,1
1.366,0.03513,GCTAAACCAGTATAGC,,0,0
1.366,0.02108,GTTATTCACGTCCTTT,,0,0
1.366,0.07071,TCTTGCTTTGAGACGC,S209K Q454Y,2,2
1.365,0.007136,TTTCACTTCTAATCAT,G5I,1,1
1.365,0.009423,GACAAAAGTCTTCAGC,G263V,1,1
1.365,0.05425,CCTGAACTCTAGGTGC,R255M,1,1
1.364,0.044,TAGTTATGCAGCCTAA,A212C,1,1
1.364,0.01844,CCAAAGGACAAGTATG,S47R,1,1
1.364,0.02462,ACTAAAAACACTACAG,,0,0
1.364,0.001497,GGCCACTCTTACCCTG,P169H,1,1
1.363,0.01741,ATCAGAACTGACTTGC,V490I,1,1
1.363,0.03802,TATTTGTAGATCATTA,T301V,1,1
1.362,0.05763,CAACGTGTAACGTAAA,R361T,1,1
1.361,0.01821,TATCGAGGAATTGACC,W234M,1,1
1.361,0.005231,TGATTAGATGCTTATC,A430R,1,1
1.36,0.01731,TAAGCCAATACAAAAA,,0,0
1.36,0.0221,TCAGGACAACCGAAAA,,0,0
1.36,0.02049,CGTTTCTAGTTGATAC,,0,0
1.359,0.0165,TACTTACATCATGTAT,S47I R92I,2,2
1.359,0.00276,GTGCTGGGGAACAGAT,Y233M,1,1
1.359,0.004381,ATGCTTAGTTCCCAAC,S198Y,1,2
1.358,0.0128,ACAACCTCAGTTATAA,L157H,1,1
1.358,0.0427,TGTGAGGATGATAAAC,I282H,1,1
1.358,0.01286,TGACTCTGCTTTAGCC,K50G,1,1
1.357,0.004403,CAGCGAAATTGTATTT,,0,0
1.357,0.006352,AACCTAAATTACGTAA,M268F,1,1
1.357,0.008169,AATAGATTACTATATA,T328W,1,1
1.357,0.001388,TAGATAGCGTTATAAC,W421R C477K,2,2
1.357,0.02627,CTGCAAATCTACGCCC,,0,0
1.357,0.004243,CAAAACTCTCAACGAG,,0,0
1.356,0.02423,CGTCGCCAATTGATTT,A212S,1,1
1.356,0.02423,TAGTAAGAGGACCTAA,R150T,1,1
1.356,0.01492,ACACGTCCTACAAATG,R92H,1,1
1.355,0.02248,CTAATAATTCTAATCC,L428W,1,1
1.354,0.005388,AATTTCGGCAATATAC,R92G,1,1
1.354,0.005615,TTAAACCTAAGACGAC,,0,0
1.354,0.05542,CATTTGAAACTTATTA,,0,0
1.354,0.05542,TAGCATCAAAGTGTTA,K368T,1,1
1.354,0.01209,TCAACTGATATGATAA,,0,0
1.354,0.03093,GATTCGACCTTCCTTG,,0,0
1.354,0.0133,CAAATTTCGTGACCTA,A430K,1,1
1.353,0.0949,TGTGACGGCCACGAAA,K131M,1,1
1.353,0.00123,CCTAAGAACACTATAA,G386F,1,1
1.353,0.01242,TGCTCATATGGTTTCA,,0,0
1.352,0.01812,TATGTTCTTGACCACG,,0,0
1.351,0.01979,CGAGCCATCGAAATCC,R33K,1,1
1.351,0.01189,CGGTTGAGAGAATTAA,E280W,1,1
1.35,0.00615,GTGCTGTCCGCAAGGT,P55H,1,1
1.35,0.01779,CATGATGCATGTACAC,,0,0
1.35,0.05047,AACTCAGAGAAATCGA,,0,0
1.349,0.005424,GGCCATTTAAAACAAT,I418V,1,1
1.348,0.01288,ACTTTGCTGCTAAGAA,,0,0
1.348,0.03438,TTCACTATAATTTTAT,T65Y R307W,2,2
1.348,0.007995,CCCACTAAGTATCATG,I160W K310T,2,2
1.348,0.0104,CTTAGTAGTAAAACAT,K238T,1,1
1.348,0.004481,ACTTATAACCTGTATA,I236R E449D,2,2
1.347,0.001929,TTTGCAGGCTAAACAT,Y302F,1,1
1.346,0.05338,TTAGTGGTTGCATCAC,G5A,1,1
1.346,0.01003,AAGAAGTATTAAAAAA,Q57N,1,1
1.346,0.02682,TTAACAGAGGCCTTCC,R208S,1,1
1.346,0.04633,AGGCGTCTATTTTACA,S358L,1,1
1.346,0.009854,ACCGGAGACGATGAGG,H56L,1,1
1.346,0.03617,TAAAATCTACGTTCTT,N53E,1,1
1.345,0.06597,TCTGCATAGAACTAAT,S199V,1,1
1.344,0.01385,TCTGCCCAACCAATAA,G49K,1,1
1.344,0.005999,CTCAACAGCCACATAA,K82S K171C,2,2
1.343,0.01406,GAATCCTAAACCACAC,L420V,1,1
1.341,0.009462,TACTTGCCATTTTACT,F79I,1,1
1.34,0.02218,CGGTAAAAATAGTATA,,0,0
1.34,0.005991,AAAACAAGAACCTTGT,I502V,1,1
1.339,0.003929,CAATGAAAAAATACAG,K207S,1,1
1.339,0.01581,CACACTAACATTCCTT,D271E,1,1
1.338,0.02291,TAATTAAAAATGTACG,S91E,1,1
1.338,0.02451,CACTCAGCCTACAAGC,,0,0
1.338,0.03068,AAATTATATATAGCAA,,0,0
1.338,0.008418,AGAGCCAAGATATAAA,D291I,1,1
1.338,0.002746,GGAAATAAACATGAAT,,0,0
1.337,0.005243,TTCATTAAAACCCCGT,S266T T283S,2,2
1.336,0.01794,AAACACAACTAGAAAA,,0,1
1.335,0.03489,TTTTACGCAAACATGT,,0,0
1.335,0.02972,GTGTACAATACTGATA,W234F,1,1
1.335,0.03874,ACTACGAAACTTAATT,,0,0
1.334,0.008848,CATAGTAACTAATGTC,G479F,1,1
1.334,0.003304,ATCAAAATATCGGTCA,N382D,1,1
1.333,0.03579,TAACATATGAGAACAG,S144D,1,1
1.333,0.01367,CTTCGAGAAATATAAA,,0,0
1.333,0.01807,ATATATTAGGTCTCAA,Q376L,1,1
1.333,0.01074,AAAAACAAAAGAAATT,,0,0
1.333,0.04425,TACTGTTTAGCTATCT,P289W,1,1
1.332,0.01058,CGTTTCACCTAATTGA,I242T,1,1
1.331,0.01067,CCAGATATAGATAGAC,K2G G386E,2,2
1.331,0.004224,CAACACAAAAAAAAAT,,0,0
1.331,0.05794,TTAAACCAATAATTTG,,0,0
1.331,0.06772,GTCAATAGCATAAAAC,,0,0
1.33,0.05158,CAAAAATAACAATCTA,N122C,1,1
1.33,0.01063,CCACGCTAAGATTCGA,S231G,1,1
1.33,0.003742,TCTACGTCCAAACCCA,,0,0
1.329,0.04165,GCGCAGAATACAATCT,,0,0
1.329,0.02455,TCTTTAAAAACAAGGT,S149T,1,1
1.329,0.009548,CGATTTTCTCTACCTA,G78K,1,1
1.328,0.01689,CAGTCTAAAACCTGGC,R150Y,1,1
1.328,0.025,ACTAGTCGTCGTATAT,N8S,1,1
1.328,0.0122,ACTAAAGAATTTATAC,,0,1
1.328,0.004189,TCATTCTCCACGATAA,A212H,1,1
1.328,0.0712,TCCTGCGATATAAAAC,N290T,1,1
1.327,0.01264,GATCAAACATGAAAAA,,0,0
1.327,0.02061,CCTGCTCATTTAAGGT,,0,1
1.326,0.008512,CAACTTATTCTCATAA,Q376C,1,1
1.326,0.02076,TGGCATGTCCTATGTC,P239M,1,1
1.326,0.01622,TCAAAAGAGCCAAGAT,,0,0
1.325,0.02316,AACTCAGAATTCTAAA,S262T,1,1
1.325,0.017,ATTCCACGATAAGTAA,,0,0
1.325,0.008216,ACACCAAAAAATCCTA,N63K,1,1
1.324,0.0318,GACCGACAAGAGATCC,,0,0
1.324,0.04981,CACGTGAACATATGAA,Q407R,1,2
1.323,0.0301,ACAAACTAAACAAAAG,L367F,1,1
1.323,0.0137,GTCCCAAAAAAAACAA,,0,0
1.323,0.01331,TCTAAAAAACCTAGGG,K310I,1,1
1.323,0.01509,GCTGCCAAATGAAAAC,A196Q,1,1
1.323,0.01822,AATCTTAAAATTGCAC,T135W,1,1
1.322,0.005317,AGGTCTCTCGTGTAGA,,0,0
1.322,0.02416,ATATTCCACATGAAAA,K387N,1,1
1.322,0.0383,ATTCATCTGCCGCCCT,N445G,1,1
1.321,0.008896,CCAAAGCATCAAAGCC,S279Y,1,1
1.321,0.03111,CATATCGACGTAGACA,Q1E,1,1
1.32,0.01811,ACAGGATAATTTCGTA,N6V L428W,2,2
1.319,0.007269,ACTTGTTATCCCTAGT,N159R,1,1
1.319,0.002753,TAACTGGTCACCCGAT,,0,0
1.319,0.06787,CTCAAAAAACCAGATC,P324I,1,1
1.318,0.003971,GCTTCTTTTTACGAAG,F148W E344D,2,2
1.317,0.0221,TTTTTACTAACAAGAT,S9P,1,1
1.317,0.0157,TCTATAAATGTATTTC,,0,0
1.317,0.009734,CGATGAAGGCCAACCC,K276M,1,2
1.317,0.01015,CAGAGTGCCCGGAAAG,R150H,1,1
1.317,0.02035,AAATTGCTAGGTCTTT,G129N,1,1
1.316,0.03501,GTCCTAGAATGAGTCA,,0,0
1.316,0.0308,CGTCGATTAAATCATG,S143P,1,1
1.316,0.008111,GGCCTAGAAAAAAAAA,E325R,1,1
1.315,0.06194,AAGCCTAAGACCCCAT,,0,0
1.315,0.007332,GCACAGCAACAGCGCT,L428Y,1,1
1.315,0.02777,AAACAATTCAGCCATC,Q363M,1,1
1.313,0.01951,CTAAGTTATCCGCCAC,,0,0
1.313,0.02673,ATATGCTTTATCCTTG,D408Y,1,1
1.313,0.01413,TCTCGAATCTTCGGCA,,0,0
1.313,0.01039,CTGTTGCCAGCAAAAA,P289Q,1,1
1.313,0.004809,CGGCGATATAAAAACA,,0,0
1.313,0.03186,AAGTATTTCAATAGTA,G386E,1,1
1.312,0.01218,ACCCATGTCCTGATTG,V237T L244M,2,2
1.312,0.02576,TCCTGGCCAAACATTA,G275E,1,1
1.311,0.01035,GAAGATCAATTACTGA,,0,0
1.311,0.02082,AATCATTATCGACCGG,A304P,1,1
1.311,0.01159,GCTAATTATAAATGCC,G142H,1,1
1.31,0.02196,ACAACCCACAGAAGTA,,0,0
1.309,0.008288,CCCGTCAAAAACATAT,,0,0
1.309,0.01002,TAAATAGGATGGATAT,P103T R383T,2,2
1.309,0.014,TTATCCACAATAGCTT,N122Q,1,1
1.308,0.01188,TGCATATACAAGTGCC,A163R R261Y,2,2
1.308,0.01851,TAATACAGACCAATAT,K238S,1,1
1.308,0.01451,ACTGGGCCTAGCTCCC,G5A,1,1
1.308,0.01347,TTCATACTCAGCGCTT,A304N,1,1
1.307,0.0319,AGATTATTTATCCAGC,L381M,1,1
1.307,0.0319,TGCGTAATAATAACGC,,0,0
1.307,0.06802,CTCTATCAATAAACAA,,0,1
1.306,0.01759,AATTTAAGACTACATC,N53W,1,1
1.306,0.01656,CCACAAGTCTCCATAC,,0,0
1.306,0.01609,CTTATCTCCCATAATC,,0,0
1.305,0.04591,AACATATGTCATAGCT,K171H,1,1
1.305,0.003325,AAAAGACCCTCAGAGA,I242T,1,1
1.305,0.09259,GTAGAAACATATTTTA,,0,0
1.305,0.01738,CTACCAATTTATTGTG,F192Y,1,1
1.304,0.01805,CACAGTCGTCAATTTT,E280R,1,1
1.304,0.00515,TTCAGTCTATTCCTAA,,0,0
1.303,0.02025,AAGCCACTGAACTAAA,,0,0
1.302,0.00966,TGAAACTTTTAACAAC,K121W,1,1
1.302,0.01242,CTACGCCAAAACTGAC,S262W,1,1
1.302,0.06349,AAAACAATCAGTACTT,,0,0
1.302,0.06349,AACGTGCTATGAAATC,K82G,1,1
1.302,0.06349,TTAACGATTGTAACTC,Q173G,1,1
1.302,0.01004,CTTTGTACTACAACGC,A69L,1,1
1.301,0.01739,ATATGCTCGATATAAT,D32W,1,1
1.3,0.02757,AATGAAGGATGTTGAA,,0,1
1.3,0.007951,TATAAGTAGGTAGCAA,,0,0
1.3,0.01878,ACAAACGTACACATAT,,0,0
1.3,0.05828,ATTTGCTAACTGCCCC,,0,0
1.3,0.01943,GACAATTATTAGAGTA,,0,0
1.3,0.02086,TGCACCAAACCACATA,,0,0
1.299,0.007314,GCTATTATGTAAATCA,I395M,1,1
1.299,0.005538,CTACTCTTCATATACA,,0,0
1.299,0.02448,ATTGAAAAGGAATTGA,D415G,1,1
1.298,0.01312,ATAAGATTAGACTAAA,I260M,1,1
1.298,0.01343,CATTTAGCTCATGCTT,M268I,1,1
1.298,0.01602,CTATGCGATAAAGTAT,,0,1
1.298,0.01917,CTATCCATAACAATCA,P55V,1,1
1.298,0.04252,CGGATTAGTATTGACA,,0,0
1.297,0.02386,CTTCACGTATAACGAA,I300V,1,1
1.297,0.00311,CTACCCTACCTCGACT,K238S,1,2
1.297,0.02606,TTACATGACGCCTCCC,,0,0
1.297,0.01819,CAAAACTGATATTATG,Q197C,1,2
1.297,0.01134,TACGACAAGAGAGACC,,0,0
1.296,0.01469,CAACCTTTACCCCTCT,,0,0
1.296,0.007825,CTTTCTCAGATTCCGA,,0,0
1.296,0.01098,ACTTACTTATAGCAAC,T117K G386E,2,3
1.295,0.01843,CCACAAATATTTGACT,I374Q G404M,2,2
1.295,0.02537,ATGACTATAAACGATG,I288V,1,1
1.295,0.08704,AATATAAATATTTGCA,S262D,1,1
1.295,0.02348,ATTTAACTTTTGAAAC,,0,0
1.293,0.003105,AAAGAATTTTATGTAC,P289G,1,1
1.293,0.003727,CATCACGGTTAATCAT,F120H,1,2
1.293,0.0172,TAGAGAGTTATAAAAC,,0,0
1.293,0.01774,CATTTGCAATAAACAC,F258Y K264A,2,2
1.293,0.0222,TTACCCTCACTTCATA,H56M,1,1
1.292,0.0125,AGATCTCATCCGAAAT,V88I,1,1
1.292,0.02845,GCTTATACGTTCAGAA,N126H,1,1
1.292,0.007941,CATAGTCAATAACATC,S400Q,1,2
1.291,0.01212,CAAGTCTGGACCAAAA,,0,0
1.291,0.0243,TAGACATTGCTACAAC,A430R,1,1
1.291,0.008779,TCTACACTATCCTCGT,,0,0
1.291,0.02186,AATCGTTATCAAAGGC,,0,0
1.29,0.01586,CAATAAATGTCATTAA,,0,0
1.29,0.02539,ATCAATGACGTAAGCG,,0,0
1.29,0.0375,TAATTTAAACGTGTGC,,0,0
1.29,0.00524,ATAAACACAAGAAGCC,K472H,1,1
1.29,0.01882,AAGTGGACAAAATATT,R383D,1,1
1.289,0.02001,TACCTTTAGTGCTCCA,,0,0
1.289,0.00478,GCATAATTTATTCTGT,G275M,1,1
1.289,0.03562,TCTATATAAACCTGAC,K171A A272V,2,2
1.289,0.00892,GGCAGACTACTTACCT,,0,0
1.289,0.05839,CACGTCACCTAAAAAA,,0,0
1.287,0.01303,AAGTACACTAGAGACA,D101F,1,1
1.286,0.005813,GCAAACAATACTCATG,P273N,1,1
1.286,0.008226,CCCATAATATATGAGT,V223F,1,1
1.286,0.02999,GCGGTAGTAATTCTTC,V490Y,1,1
1.286,0.05502,AAAAACGATTAAACGA,G263L,1,1
1.286,0.02541,TTAAATTCACCGAGCA,N63G,1,1
1.286,0.006821,TAACTAGTCACAGCGC,P289K,1,1
1.285,0.01052,CAACAGCTTAATAATC,,0,0
1.285,0.03909,CAAATTAATGCAAAAT,A212T,1,1
1.285,0.004682,ACACAGAACCCATCCA,R208T,1,1
1.285,0.00308,CTAGTAAGTCGCACGT,R307W,1,1
1.284,0.02907,TATGTGTAAAAACAGC,,0,0
1.284,0.02907,TCGAATCTGTTATATA,,0,0
1.284,0.01634,TTGGACTGGTCTTATA,,0,0
1.284,0.01457,AAAAGAAGCCACAGAG,E280V,1,1
1.284,0.005543,ACTTCCTTGTCGAATA,N497D,1,1
1.284,0.02314,AATTGATACTATTAAT,,0,0
1.284,0.01068,CCGAAAAAAAAAAGCG,P239M,1,2
1.283,0.02498,GTTTACTAATACGTCA,K453S,1,2
1.283,0.006337,TAAGCTTCGTAATTTT,L367R,1,1
1.282,0.02613,CGCATGACAAGGAATT,S480T,1,2
1.282,0.02278,TAATTTAACCTAGTAT,,0,0
1.282,0.01199,TAGAAGGAGTTAAAAT,K417E,1,1
1.281,0.007575,AAAAGTGTATGCCTCC,D32M,1,1
1.281,0.01189,AGACGCTAGACCATAA,,0,0
1.28,0.01194,AAAAAATGGCCCAAAA,S156M,1,1
1.28,0.001834,TGAAGACATTCAACAA,,0,0
1.279,0.01165,AACATTTATATAGATA,N94W K259R,2,2
1.279,0.01626,CCTTTACTATTAAGTA,,0,0
1.279,0.006998,ATAAGTAATACACCCG,N22C K417E,2,2
1.278,0.02005,AAAAAATGTTCGGACT,,0,0
1.278,0.05405,AAACGTCTAAACAACC,,0,0
1.278,0.01757,AAGGACTAGTCTAACT,,0,1
1.278,0.01636,AACTTTAACCATAAGC,S46H,1,1
1.278,0.02523,CTCTCCTAAATATAAA,N382C,1,1
1.277,0.007985,ATGCGTCAAGGTAGAA,R307M,1,1
1.276,0.0376,GCAAATCAAATTACAC,K452A,1,1
1.276,0.01023,TTCGAAACTCCCCAAA,,0,0
1.276,0.05513,CCCATTCCGGCGTGAC,Q210L N475D,2,2
1.275,0.0185,AGCTAATTTGCTTAGG,P21S,1,1
1.275,0.02007,AGAACTCTGTCTGTTT,T301L,1,1
1.274,0.04028,TCTCGAGAGAACAATA,S231I,1,1
1.274,0.02502,ATATTAGGGTGTTATT,,0,0
1.274,0.00505,GCTTAACCGAAGTCAT,T283V,1,1
1.274,0.01618,CATTCATACTAACATA,I3W,1,1
1.273,0.007466,ATAGTTACTACAGACC,T128V,1,2
1.273,0.02096,AACAAAGCAAATCAAA,R150Q,1,1
1.272,0.01318,CCTCCAGACGACTAGC,G129E,1,1
1.271,0.04941,AAAAACCACGAAATAG,K50A,1,1
1.271,0.02856,AAACATATCAGACCCT,,0,0
1.271,0.01727,GAACCCTACAAAACTT,A163T Y233F,2,2
1.271,0.09317,TCTCATAAAATATCAC,E414K,1,1
1.27,0.02572,CTTCTCGCCGAATATC,,0,0
1.27,0.05741,AGAGCGCTTAAAAAAT,S266T,1,1
1.27,0.04149,ACGATTACTTAGAGTA,S114T,1,1
1.27,0.04149,AGACTTTAAATATGTT,K315F,1,1
1.27,0.005154,CCGGTTTGTTCCTCAA,Q44Y,1,1
1.27,0.007973,TAACGAATGACCTGCA,Q454M,1,1
1.269,0.008842,TGAATTGCAATTGTAT,D271E,1,1
1.269,0.04698,GAGTAGAGATCCATTG,Q173D,1,1
1.269,0.03976,TGTATCCGTCGAAAGA,,0,0
1.268,0.005222,GCGTATCTCAGAGCAT,,0,0
1.268,0.07581,CAAACCCACTCACTTT,E410M,1,1
1.268,0.01404,GAAATGAGTAATAGAA,,0,0
1.268,0.0262,TTAAAGGAGAAAATCA,,0,0
1.268,0.02721,TGTATTGTTATACAAC,,0,1
1.267,0.03817,TAACTGAGCAACCAAA,D32G,1,2
1.267,0.02829,GCTATCCACTTCCTAC,A212Y,1,1
1.267,0.02321,AAATTTTATTTGTATT,F192H,1,1
1.266,0.05124,AAAGGTCCACGGTCTT,G49R,1,1
1.266,0.009997,TCGACATATGCCACAG,,0,0
1.266,0.0367,ACATCTATACCCAGAA,L367M,1,1
1.266,0.007211,TTCCGAGAATACAATA,P289F,1,1
1.265,0.01841,CTAAGGAACAACGAAT,S279Y,1,1
1.265,0.00405,AGAGAGTCTAAGATAT,,0,0
1.265,0.02039,TAAGGCTCACGAACCA,K238H,1,1
1.265,0.02775,GAATAGTAATCTTTGC,T128A,1,2
1.264,0.05989,CGTAAATTGACATTTT,,0,0
1.264,0.03252,ATTATTTCAATGAAGA,A476V,1,1
1.264,0.03719,CTAAACGTGGTATAAG,N53D,1,1
1.264,0.01262,CAGGTACACCTCAACT,V402M,1,2
1.264,0.01169,ATAACAATCCGAAAAA,K171S K503A,2,2
1.264,0.003844,AAAGATAATGTGCGCC,G49V,1,1
1.263,0.007765,TATTCTTTTAGATTGG,P55R,1,1
1.263,0.0225,GGACAATGTGCAAGTG,,0,0
1.263,0.02132,CTCACTAGAGTTGACC,,0,0
1.263,0.006985,TGAGCCCGAATTAGAA,S198V,1,1
1.263,0.01518,TTATATAACAGAACCC,,0,0
1.262,0.01551,TAATGATTCAACACAC,S114A,1,1
1.262,0.002657,ACGTAATAATACTACT,,0,0
1.262,0.01204,CTTCGATCTACCCTAA,H56K,1,1
1.262,0.004904,GCCATATAGATGAGAG,,0,0
1.261,0.02041,CGTACACAACTATGGC,L13I,1,1
1.261,0.03981,TTACACTAAACCGATT,I377V,1,1
1.261,0.02101,AATCAAAAACACTTTT,K259Q,1,1
1.261,0.02423,CAAGATATAGTAAGAA,,0,0
1.261,0.01053,CTATCACTCTCTTTAA,,0,0
1.261,0.03078,ATCCTAAATAATGAAA,Q356E,1,1
1.26,0.01785,CGACATACTTTCCCAC,,0,0
1.259,0.02601,ATACAACAATGAGTAT,S91T L427M,2,2
1.259,0.004339,AGACTGACGATGTCTA,,0,0
1.259,0.01442,GCAGGGTACGATATTA,E280K,1,1
1.259,0.02071,CGACAATAGCCCAAAA,,0,0
1.259,0.02532,CAAATGAATTACGTCC,P227A,1,1
1.258,0.01252,AACCCCCTAAATCGTT,N63K,1,1
1.258,0.01596,ACCGAACTTGACCAAA,P273T,1,1
1.258,0.009943,AACTTAAAGCCCTAAA,L118F,1,1
1.258,0.00241,AGACCTTAACCCGGCA,H56Y,1,1
1.258,0.0215,CGCTCTCTTATATTTG,A106Q,1,1
1.257,0.007881,GAACACGCCTAGATCC,,0,0
1.256,0.01354,AATGAATTACGATGGA,N6E,1,1
1.256,0.004778,AGAACTTAAATAAACG,G275I,1,1
1.256,0.0435,TTGTTACATTCTTAAT,L157M,1,1
1.256,0.01561,AAACATTAAGATGTCA,Q454S,1,1
1.255,0.006746,AACCTAAATAGTTTAA,D7V S144N,2,2
1.255,0.01932,AAACTGATAAGGGCAC,,0,0
1.254,0.01161,TTAACATCTTCATAAA,S358M,1,1
1.254,0.02534,GGAATTAAAAATGCAG,S279A,1,1
1.254,0.0006357,CTAAGAAACAAAAGAT,,0,0
1.254,0.007473,TCCACTCTGCAAGTAG,T135Q,1,1
1.254,0.009986,AGAACGTCCTAAATAA,D101Y,1,2
1.253,0.0442,TACAACACTGTGGCAA,F353Y L367Q,2,2
1.253,0.006749,AGATTTATGCATTCCA,I48C,1,1
1.253,0.009816,TCTTACCTCGGATTTC,,0,0
1.253,0.01299,GTCTTCACGCCCTGAA,,0,0
1.252,0.008897,TCCCAAACGTCCCCGT,K121F,1,1
1.252,0.004066,TGAATATGCCTAACTA,I437V,1,1
1.252,0.01634,TTCCTAGGATCTAAAA,D32F,1,1
1.252,0.003374,TTTATAGAAACATGAC,,0,0
1.251,0.08513,GCCATACCGTCAAACT,Q173V,1,1
1.251,0.01216,TGGAAAACGGAGTGAC,,0,0
1.251,0.0203,CAAATAATAATACCGC,I282M,1,1
1.251,0.0305,CTGTAAATAAAATTGA,E119I,1,1
1.251,0.01858,CCCCACTGTCCCCCCG,S46I G142M,2,2
1.251,0.01043,AGTGAGAAAAAGCGAT,,0,0
1.25,0.00332,CACAATGTACTAACTT,,0,0
1.25,0.07816,GAACAAGCGCCTGCTA,N165S,1,1
1.25,0.02002,TAGGCAAACAAGCCAC,Q211I,1,1
1.249,0.008004,CATCCAAGTTCATACA,E280S,1,1
1.249,0.01921,CCTAAATGCCAGCGAA,,0,0
1.248,0.02017,TGATGGTTATCTGTCC,,0,0
1.248,0.02559,ATGTCCGCGTCAATAA,,0,1
1.248,0.02559,CCGCCACCTGATAGAA,A372S D493A,2,2
1.248,0.09674,GAATAACCATCTACAA,S54H R383K,2,2
1.248,0.006407,GATATATGATCTAAGC,E390K,1,1
1.247,0.01266,CCTAGAGCATTTTTAC,,0,1
1.247,0.01197,TATCCAACTTCCAACG,K417E,1,1
1.246,0.007255,ATAAGAACAAGAAAGT,,0,0
1.246,0.03992,GGAAGCAGTTGTGTTT,N126K,1,1
1.246,0.02091,CACTGAGTGACGACCT,R307T,1,1
1.246,0.04642,ACAAAAAATGCTTGAG,T388V,1,1
1.245,0.05544,ATTTAAACATTTGTAT,P55E G263Q,2,2
1.245,0.009763,GAACAGACTCGTTGTA,N133S,1,1
1.244,0.008172,CAATTACCAAAAAAAA,,0,0
1.244,0.01591,AACGAATCAACATACA,G181A,1,1
1.244,0.04051,AAATCATTACTCAATA,,0,0
1.244,0.01898,TGTAGCTGCAGTATAC,R307Q,1,1
1.244,0.01064,TTAATATGGCCAATAA,S262V,1,1
1.244,0.04967,AAAAAGGATTACGCGG,S9N F332L,2,3
1.243,0.02033,CGAACTCATAACGCTA,,0,0
1.243,0.004067,TCCCAATTCAGAAAAA,R92W,1,1
1.243,0.03088,ACACTTGAATAGGAAT,S146G,1,1
1.243,0.016,ATATCATCCCTTTTCC,F294M,1,1
1.243,0.00475,ATTTTACATAATGGAG,R92E,1,1
1.243,0.009868,TGCATAAAGACAACTC,I374V,1,1
1.242,0.0106,TGACTAACCAGATGAA,S266M,1,1
1.242,0.01769,AATCCCAAAAATGTAC,N133D,1,1
1.242,0.006192,GACACCAGCTTATACC,I34L,1,1
1.241,0.02019,GACAGAATAATACCTA,S209A,1,1
1.241,0.01541,TTTTTAACATGTTACA,,0,1
1.241,0.02843,ACGCACTTTGAACAAA,Q311L,1,1
1.24,0.008519,ACATGACACGACGGCC,L428F,1,1
1.24,0.02173,TCAAAAATTGTTAAAT,A69C,1,1
1.24,0.02173,TTCTACTGTGAAACAT,T301I,1,1
1.24,0.03382,AACTTAAAACTAAAAT,,0,0
1.24,0.02125,CGAAGCACTCCTATAC,L151M,1,1
1.239,0.001896,AAAAAAACCATGCACA,,0,0
1.239,0.02873,ATATTACCCTTGCCTT,V429I,1,1
1.239,0.01262,ATTTCCCAAACATTCA,I274M,1,1
1.238,0.01887,CGAATTTATATTATCG,,0,0
1.238,0.03195,TGTAATTTCGAATATC,K171E,1,1
1.238,0.01219,GTCTAATTGTCACCAT,S110Q,1,1
1.237,0.05152,ATAAGTGACAAAGAAA,S198N,1,2
1.237,0.007933,CTAACCCCCACAGCCC,,0,0
1.237,0.02021,CAACAATACCGATAAA,,0,0
1.237,0.0252,GCATGCACCCTGAAAA,S110Y,1,1
1.237,0.01793,CCCATACCTAAGTCCA,,0,0
1.236,0.01098,CAAGTTAATGGAACAC,K171T,1,1
1.236,0.02393,ATCATAGGCTGTCTAA,D188K,1,1
1.236,0.03891,TACGATCCCAACAACT,S265Y,1,1
1.236,0.03739,CTTTTCTTAAAGAAAC,,0,0
1.236,0.01379,GAGATATAAAACCGCT,,0,0
1.235,0.01649,CAACCTTATAGTCCAT,,0,0
1.235,0.008871,TACTTTGTAAACCGGG,T301F,1,1
1.235,0.02414,ACACGACCGACTCTTT,Q501M,1,1
1.235,0.02414,TCCCGAAACAGGCGAA,M268F,1,1
1.235,0.003011,AAAGCTGCTAGATTTA,K259S,1,1
1.234,0.05899,TTCTCACTATACATTA,,0,0
1.234,0.006709,TGACCTCTATATGCAA,,0,0
1.234,0.01334,TTTCTAATGGTATTTC,,0,0
1.234,0.0379,TGCCACGTCTTGAAAT,I418D,1,1
1.233,0.009159,ATAAAACCATCCAAAT,,0,0
1.232,0.005277,AAGGTGATGACTAACA,N290Y,1,1
1.232,0.007076,TTGATCCTCCAGTGTT,Q376I,1,1
1.232,0.02128,CTCAATAATAAAAACT,S198R,1,1
1.232,0.004768,AGCTACAACCAAATCC,,0,0
1.232,0.008482,AACTCCACCACTTAAT,G504D,1,1
1.231,0.04179,CCCCAAATGTATCTAA,D241E,1,1
1.231,0.05351,AACTCACTCGCCCCAG,N45E,1,1
1.231,0.009018,AAATATACGGGGATTC,,0,0
1.23,0.07437,AATTAGTTTTTAACAG,K315R,1,1
1.23,0.01074,TATTGAAGCATATTAT,R361F,1,1
1.23,0.01641,CTACCGACGAAGAACC,Q197D,1,1
1.23,0.0313,CTGAACACCACTTCTA,N290L,1,2
1.23,0.09707,AGACCCTCAGATAGGT,N8S,1,1
1.23,0.09707,TACTTAATAACAGAAC,,0,0
1.229,0.004952,TCCAGTGAATAATAAA,D493N,1,1
1.228,0.04897,CCATAGCTTATCTAGA,L244I,1,1
1.228,0.01342,CAATTCCACATATGAA,A113G,1,1
1.228,0.02229,TCACCTCCATAAGGGT,,0,0
1.228,0.01422,TTTAAACCAACATTAT,L86I,1,1
1.227,0.0113,CACAAATATGAAAATA,,0,1
1.227,0.01969,ATTGTTTTGCTGTTTC,D7K,1,1
1.227,0.01969,CCAAGCGCTTTGCCCC,S110V,1,1
1.227,0.01059,AACCGGATCTGATATA,I58T E401Y,2,2
1.227,0.02593,TGGATACCGAACGAGG,L367C,1,1
1.227,0.009664,TAAATCAAATCTACCC,N285Q,1,1
1.227,0.00514,AGTCTGATTTCGCTAT,Y257F,1,1
1.226,0.01135,AAAAATTTCTCATTTG,,0,0
1.226,0.01867,ATAAGTAAGAACAAGA,,0,0
1.226,0.04309,AGGATATACATCTTAA,,0,0
1.226,0.03202,TAACGAACTATTATAC,N63W,1,1
1.225,0.01092,CCAACAACGACATTCC,R92Y,1,1
1.224,0.05566,CGAATAACCAGGCTAC,,0,0
1.223,0.005552,TGGAACAGCGATGTAG,S124E,1,1
1.223,0.008521,ATATCTCGTTACAAAA,D408N,1,1
1.223,0.02101,GCCGATAATGATGTCA,,0,0
1.222,0.02461,GACGAGCATCAAAAAT,,0,1
1.222,0.005944,TACTTACTCAATTAGG,K238L,1,1
1.222,0.01985,ACTAAAACAATACTGA,T416A,1,1
1.221,0.02826,TATCTAGATAAACGAT,K278H,1,1
1.221,0.01754,AGCAGCAGACTTCAAA,,0,0
1.22,0.05681,ATGTTCTCGTAAATAT,,0,0
1.22,0.03102,TAATTCTACTACATTG,,0,0
1.219,0.01468,ATAAGGCGATATTGTA,T117K,1,1
1.219,0.006427,ACCTCGTCCGCATCAG,K238T,1,1
1.219,0.04905,ATTGAACACAAAGCCA,Q327A,1,1
1.219,0.01777,ACTGTTAATCTCTCTA,R307Q,1,1
1.218,0.02402,ACACTGGTATAGTCAC,K82C,1,1
1.218,0.01174,GAATTCAAGTATCACG,K207Q,1,1
1.217,0.01115,CCTGTTCGGCTTAACA,,0,0
1.217,0.06916,CAAAAGCATCTATAGA,,0,0
1.217,0.01404,TACAAATTTTAACTCT,,0,0
1.217,0.0452,CGCTTCTCCCCAAATA,,0,0
1.217,0.02166,AGCTCACAACTGAGAT,K2N,1,1
1.216,0.01133,CCTTGGACTAAAATCT,,0,0
1.216,0.02217,ATCGCTTTTGTTAGAT,,0,0
1.216,0.01835,AGAATCAACTTTACTT,N53A,1,1
1.216,0.02552,ACAAAGCCTCAGGTGC,E119I,1,1
1.216,0.02552,TGAAATTGACGGGAAC,N285M,1,1
1.215,0.01115,TTTCTATCTCGTAAAT,,0,0
1.215,0.04384,ATGGAAAACCAAACAC,,0,0
1.214,0.0527,ATTAGCAATATCTCGA,K452S,1,1
1.214,0.016,CTACGATCTCTCAACT,,0,0
1.214,0.001374,GCTCGCACTACATTAT,,0,0
1.213,0.01736,CTCAGCTAACTATTGA,,0,0
1.213,0.01961,TACTCCTACAGGTCAT,P103S,1,1
1.213,0.001138,TACTGACTTCTTTATT,S137A,1,1
1.213,0.03209,ACACATGAGAGTCTAT,G62E R208L D493F,3,3
1.213,0.08839,ATTACGTATGCTCTCG,S115L,1,1
1.213,0.03659,AAGTATTATCCAAAAA,D415Q,1,1
1.212,0.00854,CCATTTCTACACGCCA,S378N,1,1
1.212,0.01352,TGTGAATTGGAATGAA,,0,0
1.212,0.01303,CAAAACTGATAATAGA,N53I,1,1
1.211,0.01103,TAGAATAACCTTATTA,R208G,1,2
1.211,0.03247,CCAAGTATCCGCACAG,,0,1
1.211,0.03247,TTCAAATTCCGTCCAA,,0,0
1.211,0.02978,TTACGATGTAATTAAT,,0,0
1.211,0.01885,TACATCACTCACGAAA,L118M,1,1
1.21,0.01706,AAGATTACACCCTGCA,N63P,1,1
1.21,0.03074,ATAACAAGTAATCGAT,K189E,1,1
1.21,0.01067,AACACTCAAACCCATA,S9T,1,1
1.21,0.01269,CACATTATAAGCACCA,R220Q,1,1
1.21,0.005093,TCATTTACTCGAAACA,,0,0
1.209,0.00436,TGATCTAACTTGATAA,Q173M,1,1
1.209,0.06764,GACACAAGCCTAAAAC,K140V,1,1
1.209,0.06764,GGGAACAACGTTCTTC,,0,0
1.209,0.01667,TATACCTGTAGCCACA,P324I,1,1
1.209,0.007179,TAACTCAATTATTATA,S199G I202V,2,5
1.209,0.02046,ATACACCAAATTCTTT,,0,0
1.209,0.007976,GCTCGCCATCATTGCA,F120Y,1,1
1.208,0.01814,GCTCAAATTCACTAGA,,0,0
1.208,0.01379,TACATGGCTCAAAGGA,,0,0
1.208,0.0063,TGATAGGCGAAACATC,,0,0
1.207,0.0199,GAAACACAGCAATATC,,0,1
1.207,0.01738,CTACCCTATTCGACGT,T135N,1,1
1.207,0.0249,ATCAATACGTTAGAAA,N158W I236V,2,2
1.206,0.002083,CAATAGCATCAGGAAT,A430K,1,1
1.206,0.04391,AAGCCGATTGACTAAT,D104R,1,1
1.206,0.009903,TAATAAACAAGCCATC,,0,0
1.206,0.01594,ATTTACAATGGGCGTA,K171F,1,1
1.206,0.006667,CAACACAAAAATTAAA,,0,0
1.206,0.009735,ATATATAAACAAATTG,,0,0
1.206,0.01804,AAATTGATTACACCGA,,0,0
1.206,0.01393,ATCCCCAACTTACCAT,Q75E,1,1
1.205,0.009417,GAATGATGATTCCCAA,S279V,1,1
1.205,0.02005,ATTATCTCCATATACG,,0,0
1.205,0.01022,AACTTAAAAACCTTAA,E83T,1,1
1.205,0.006168,GATATGCTCAAAGCTT,S279H,1,1
1.205,0.01299,TTATGATTTTATTCTA,,0,0
1.205,0.005529,AGAGGATAAACGTCCG,P306G,1,1
1.205,0.01728,AGATAAACATCTTAGA,V112L,1,1
1.204,0.0148,TTACAAAGATTATCCG,,0,0
1.204,0.00356,TCTCCCTTAACACAAC,R92N,1,1
1.202,0.01577,TGGTCCTAGCATACCC,P4Y L439M,2,2
1.202,0.01965,TTGCCTTTCTCGAACG,,0,0
1.202,0.0165,TGAACTTGCCGAATAT,I3H,1,1
1.202,0.02953,AGACAATGGTCAAGAA,N45W,1,1
1.201,0.005388,CATAACTAGACTTTAC,,0,0
1.201,0.009156,TGCCAGACATAAAAAT,,0,0
1.201,0.02451,TACCTTAAGCAAGAAA,,0,0
1.201,0.05937,ATGGTTAGACTATCAA,,0,0
1.2,0.005139,AAAAATATTAAAGCAT,K238N,1,1
1.2,0.03533,AAATATTATGAAATGT,I160D,1,1
1.2,0.01451,CAAATCGATCATAAAT,K417F,1,1
1.2,0.01889,ACATACACAATCTACT,D101Y,1,1
1.199,0.01234,CCTTTACTGCATTAGG,K140L,1,1
1.199,0.03255,CGTTGAAACAGAATAA,K259F,1,1
1.198,0.03081,GAGATACGAACAAAAC,D101W,1,1
1.198,0.001934,GTCACAATCGCAGAAA,,0,0
1.197,0.006587,ACCGACTCTCTACTAA,R208S,1,1
1.197,0.0157,TAAAGTAATAGAATTA,,0,0
1.197,0.01006,TAACGTAGGACAATAC,S115C,1,1
1.197,0.02867,AATATAGAAAGAACCC,D419N,1,1
1.197,0.009105,GATCCCCTGGCCTCTC,,0,0
1.197,0.009048,GGCCGCGATGTTTATA,,0,0
1.197,0.01198,CTCATTACTCGATGCT,K82R,1,1
1.196,0.009373,AAACTTTAATCAGAAA,I160Y,1,1
1.196,0.0427,AGAACCTTATTCACCA,,0,0
1.196,0.04611,AGGATAAGGCTAACCG,D188P,1,1
1.196,0.06067,TAAAATAATCGACAGC,S265A,1,1
1.195,0.01652,AAAAGACCTGATCCGA,H56D A430K,2,2
1.195,0.007678,AAACATCCTCACTCCC,S199H,1,1
1.195,0.03221,ACTCATTCAGAGATCC,S143E Q311W,2,2
1.195,0.005325,ATAATAATCACGAAAA,,0,0
1.195,0.002917,GATGTTACCACTAAAA,P306G,1,1
1.194,0.005648,TTCACCCATGACACGA,E83F Q454I,2,2
1.194,0.008444,GCCCGTCCTAACAAAT,Q44D,1,1
1.193,0.03333,ATCTAATACACAGTCT,K50N,1,1
1.193,0.01498,AAAAAAAATACACATT,P215N,1,1
1.193,0.01498,ATCTTTGCCAACAAAC,Q57L,1,1
1.193,0.02541,GCCATGGTTCCAAATT,R201Y,1,1
1.193,0.01219,AACTTGAACAGAACCC,,0,0
1.192,0.01028,AATCGCGCCGTCAAAC,E426D,1,1
1.192,0.008324,TATAGAAATCGAAGCG,G142Y,1,1
1.192,0.03454,TTTATCACGCATAGTT,,0,0
1.191,0.02068,TCCAAATATCGCTATT,,0,0
1.191,0.008302,TACTTTGAAATGATAT,P273S,1,1
1.191,0.04211,ATAAAACTTGAGTCGC,Q363I,1,1
1.191,0.01765,ATTTCCCCAAGTTCCG,,0,1
1.19,0.02414,GTTATACCTTTTAGCG,G386E E457S,2,2
1.19,0.02114,TAACAAACTAAGGAGA,K259E,1,1
1.19,0.008838,ATTTATCACGAAAGGT,,0,0
1.189,0.003898,GTTCTACGGAATAGTG,A304Y,1,1
1.189,0.02162,TTCACCTAACCCGCAT,V102M,1,1
1.189,0.0595,AACATATGACAAATTG,,0,0
1.189,0.0271,ACTCGTTTATAAAACT,S231W,1,1
1.188,0.06635,CCACGATAGAAGTTGC,L111P,1,1
1.188,0.01022,AGAACAGACTCATAAT,,0,0
1.188,0.01247,CTAAATCTGCTAGCCA,Q173V,1,1
1.187,0.07498,GAGCTACTAGACCAGA,K121Y,1,1
1.187,0.005009,AACACAACTTACTATG,Q454T,1,1
1.187,0.004661,AAGTTCTTGTCCCAAT,N298D,1,1
1.187,0.006203,CGGGACGCTTCATGAA,,0,0
1.187,0.01216,CCGGCGCAACGCGCCA,,0,0
1.186,0.01857,ATAATGTGAAATACCT,I260Y,1,1
1.186,0.008634,AAAATAACATTGTCCA,R33Q M268I,2,2
1.186,0.002535,AAGAAGTGGCTCAACA,,0,0
1.186,0.01591,ATCCAACATACACAAA,,0,0
1.184,0.04344,CAATAACTGCATACTG,V402L,1,1
1.184,0.02339,CTCATTGAAATTGGAC,N122F,1,1
1.184,0.02101,GAAGAATTATAACACT,,0,0
1.184,0.03589,ATTAATGTCCTTATAA,K453Q,1,1
1.183,0.02713,ACGATACCTGTATATA,,0,0
1.183,0.0218,TGCAGGCGTGCCACCA,S95K,1,1
1.183,0.005221,TCTAAATAATACATAT,,0,0
1.183,0.01187,TCGTAGTCGTCTGCCA,S287A,1,1
1.183,0.01406,AAAAATCATTCTTCAC,N285A,1,1
1.183,0.04218,GAACAGCAAATTAATA,G479F,1,1
1.183,0.01202,GATACTACACGCACGT,S262D,1,1
1.182,0.01305,TACTATAAAGCTATCA,G142M,1,1
1.182,0.006359,AAAGATACGGGATGTA,L381F,1,1
1.182,0.01427,TACACACTCTTCAGTC,,0,0
1.182,0.02117,CTATGTCTTAAATAGA,,0,0
1.182,0.01619,AGCCAAGTGTATGGGT,,0,0
1.182,0.03729,AACACCAGATTAAGAT,S144L,1,1
1.181,0.01736,ACGAATAAACGAAGAA,,0,0
1.181,0.05612,AAATAAAATTTTTAAA,,0,0
1.181,0.007975,ACCCCGCGTATTATTA,K472C,1,1
1.181,0.01057,CCATAACGATATTTAT,G386E N475D,2,2
1.18,0.01629,CTTGATAACCCTTTTT,,0,0
1.18,0.01494,GGGTCACCGTTAAAGT,K472R,1,1
1.18,0.02001,TCCAAATGGTAATTAA,S91G,1,1
1.18,0.02215,GTCAATAAATATCCTA,,0,0
1.179,0.06218,CTACTAGAAGCACCAC,R201A,1,1
1.179,0.01367,CTGTAAAATATGCCCT,S143A,1,1
1.179,0.01414,GGAACACGGCAAATAT,S198K,1,1
1.179,0.003277,AAAATCGCAGCCTGTC,S198R,1,1
1.179,0.014,GAAAATCGATATAACT,,0,0
1.179,0.01031,AGTACCAAAAAAGATA,,0,0
1.178,0.01387,GAAGGATAGCTCGGAA,,0,0
1.178,0.008887,GTATCAGCCTACAATC,S114V,1,1
1.177,0.02462,CCGTTCCCGTGCAAAA,,0,0
1.177,0.03306,AGCCAAGCGCTGGCGC,,0,0
1.177,0.02167,TCAGAAGGTACAGAAG,N81E,1,1
1.177,0.01039,TCCCAGAAAAAATTTC,,0,0
1.177,0.08385,AATATTGTCCTGCTTA,G78V,1,1
1.177,0.08385,TATTTGTCTACAACAT,,0,0
1.176,0.005181,TTTACCATATATATCC,R307L,1,1
1.176,0.01658,AAGAAAATTGACGCAC,,0,0
1.176,0.01106,ATTTTATTTAATTCAT,,0,0
1.176,0.02002,TAAATGGCTTTTTATT,,0,0
1.176,0.009349,ACCAATTTATCCGTCA,Q407H,1,1
1.176,0.006645,AAGTAGAACAACTACC,T416I,1,1
1.175,0.01422,TATGTCCCGTATGATG,K238P,1,1
1.175,0.01229,GACGAATGAGCTCATG,S442A,1,1
1.175,0.006883,TGTAATCGTTTATCCC,G275C,1,2
1.174,0.01569,GTAAATACAACCCCGA,,0,0
1.174,0.009145,ATCAGTTAACTTATAG,Q356W,1,1
1.173,0.0209,CGACTCTAAAACCTAA,Q210N,1,1
1.173,0.03993,CCTAAATAACAAAACT,L157F,1,1
1.173,0.01827,ATGACCCTCCATCCAA,,0,0
1.173,0.02325,TGTCGGAAACCTTTTT,Q376H,1,1
1.173,0.02169,CAATAACCAAATCATT,T283S,1,1
1.173,0.03199,CCAAAAAGAATTACAT,Q80L H393T,2,2
1.173,0.03199,TTCAGCATTGATCACC,I300V,1,1
1.172,0.06095,AATATGCTAAATTAAC,N22A,1,1
1.172,0.00767,TTAGTCATTTCAATAA,K121E,1,1
1.172,0.02253,ATAATCCTATGTACAA,E280D,1,1
1.171,0.008632,CACCAATGTCCACTCG,D419E,1,1
1.171,0.008193,CCTAACGAGGTCATTA,I385M,1,1
1.171,0.009065,AAAGTCCTTACACATT,S199H,1,1
1.171,0.0165,AGACTAGGAAAAGAAG,D291K,1,1
1.171,0.01214,TTATGCATTTTAAGAG,R261L T388Q,2,2
1.171,0.009009,CAGCGTACATAGTGTG,K171V,1,1
1.17,0.01793,GTACTATTTTACTAAT,,0,0
1.17,0.0369,AATCGCCATTGAAATC,T283L,1,1
1.17,0.04167,ATGCATTTCGCGAAAC,K310T,1,1
1.17,0.04167,CCCCCCATCAGTGGCT,G5K N489C,2,2
1.17,0.04788,GACAAAAAATATATTC,K121Q,1,1
1.17,0.0132,AATCCCCATGATCAAA,,0,1
1.17,0.01438,TGACTTACAATTTACT,Q311L,1,1
1.17,0.003722,AGCTGTGCTAAAAGAC,,0,0
1.169,0.01964,TGAATAACCGTATTCA,,0,0
1.169,0.02404,AATTCTATATCAACGC,,0,0
1.169,0.007217,ATATATTATATATAAT,,0,0
1.168,0.02139,CATCCCAATATTTAAA,D493G,1,1
1.168,0.01176,TCTTTTTGACTAAACA,E484Q,1,1
1.168,0.02108,GGTGTACATTTAGCTT,G5K,1,1
1.167,0.01148,TGAAACCTAAAATTCC,P55Y,1,1
1.167,0.02671,AGTAAATGTCGCGGCA,D188P,1,2
1.167,0.02221,ATCAATGGTGCAACTC,,0,0
1.167,0.04231,ACACCTGAGTGATATA,,0,0
1.167,0.04231,GACCCCATATTCGATC,K310W,1,1
1.166,0.001758,TAATATCATAAACTAA,D291E,1,1
1.166,0.0773,AAAATAAAAAACAATC,Q356D,1,1
1.166,0.004471,TATAAGTTCTCTATTT,,0,0
1.166,0.03557,ATCTACGCTAAACAAA,L367Q,1,1
1.165,0.02748,TTAAAGTCTTAGTCAC,,0,0
1.165,0.03068,GATTACGCCAAAAGAA,P169Q,1,1
1.165,0.03999,CAACAACGGTGTCTAA,K82Q,1,3
1.165,0.0734,AGATCTAGACCACAAA,,0,0
1.164,0.04567,CATGCGACCAACGAAT,Q75N,1,1
1.164,0.008181,AACAAGATGCTCGAAT,N285C,1,1
1.164,0.03314,AAATGCTAAAAGGAAA,K276Q,1,1
1.164,0.006062,GTTAACTTCCAGCCGT,,0,0
1.161,0.06377,TCTCGTAACAAAGCTC,S199Q,1,1
1.161,0.01264,AACCCTACCCCGTGAT,P4Y G200C,2,2
1.161,0.0134,CAGTAACTTAAATTGC,R208S,1,1
1.161,0.01507,CATCCATGACCTGAGG,,0,0
1.161,0.01743,TAAAAAATTTTCAAGA,N285E,1,1
1.161,0.02534,GCATCCTTACGTCACT,I242F,1,1
1.16,0.002495,GATTCGAAAGTATCAT,K278L,1,1
1.16,0.00702,CTAACATTTCCAAATT,S198P,1,1
1.16,0.001128,ACAAATCAACCATACC,D85S,1,1
1.159,0.045,GGCAAATCCACAAACA,I214V,1,1
1.159,0.006791,TTTGTTCTTTTAAAAT,G263Y,1,1
1.159,0.002093,AACCTTTGCATAAGAA,K140Q,1,1
1.159,0.008501,ACCGACTTGGTAAATA,K472R,1,1
1.159,0.01024,GCGAAACAACACCCGA,K417V,1,1
1.159,0.02332,CAATATCTTAGAGCCT,Q363E,1,2
1.159,0.02081,ACGGTAAAGGACTGTG,N158E,1,1
1.158,0.01654,GCACCCGCGGCCGATC,K121D,1,2
1.158,0.05427,TAGTACTATAAAACAC,Q407F,1,1
1.158,0.01305,ATAGTTAAGAGCCAAA,,0,0
1.158,0.07541,GTAATTCAACGGTAAA,,0,0
1.158,0.01212,ATCAATTCCCTCTGTA,,0,0
1.158,0.02889,TAATGAACGAGGCAAT,,0,0
1.158,0.001546,TTATTTATATGTTGTT,,0,0
1.157,0.03318,ATAACAAAAGACATTA,,0,0
1.157,0.0505,CCGCAAATAATAATAA,I236T,1,1
1.157,0.02351,GACCATGTCCTGACGC,V102L,1,1
1.156,0.04881,TGCCCTACAGTAAATG,P21R A212T,2,2
1.156,0.03796,CGGCAGCCTACACCAG,S124R,1,1
1.156,0.006875,TAATGGTATAAACTAT,T30E,1,2
1.156,0.004124,AGCCATTATAACGATA,,0,0
1.156,0.02176,CACCACGCCATACAGA,K2P,1,2
1.156,0.009326,TTCACGGTAACCTCAA,S219V,1,1
1.155,0.003537,AAGAGAAATATACAAC,K131R,1,1
1.155,0.01674,GATCCGATAATATACA,,0,0
1.155,0.03521,TTGTTATCAAAAGAAA,S110D,1,1
1.155,0.007636,ACACGTCAAGCCCAGT,,0,0
1.155,0.0125,GAACTAAATAAAAAAA,,0,0
1.155,0.007479,GAAGTTAACAAACCTT,R269N,1,1
1.154,0.02703,ATACAAGAAATACGAC,R201A,1,1
1.154,0.00442,CCTTTCACTGAAGCCT,,0,0
1.154,0.01725,TAAGTAGAAATGATGC,,0,0
1.154,0.01394,AACTCGATTGAAATTG,G404T,1,1
1.153,0.001444,AATTCCAATCCTCCAA,H183F,1,1
1.153,0.01822,GCGAAAGATACAATAT,N45D,1,1
1.153,0.006165,CGACACAATATAAAAC,S209E,1,1
1.152,0.0375,TGGTGTTTTAGCGGTC,,0,0
1.152,0.008958,GCATCCCAAACACCTA,S54A,1,1
1.152,0.006313,AGAAATGCCACGACAG,D175Q,1,1
1.152,0.01219,GCTCATTACCACAAAG,,0,0
1.152,0.08189,ACATCAGAAATGAGCT,T301A,1,1
1.152,0.0273,CTCATACTTATTAAAC,,0,0
1.151,0.002614,CCGAATACCCTCCACA,T135N,1,1
1.151,0.007427,AAAAATTGTAATATAC,S231A,1,2
1.15,0.01487,TAAAAATCAAGTATAA,L157N,1,1
1.15,0.03178,GAAGGTCGTTCTTAAT,S378R,1,1
1.15,0.01156,ACCCATTAAACTATAT,,0,1
1.15,0.04373,TAATGACTAACATGTG,N31G,1,1
1.149,0.02131,TCCTTCACGAATCTAC,G62L,1,1
1.148,0.02394,CTCATTTAGGCCGACT,F192A,1,1
1.148,0.05438,GCCTTTCTCAACACTA,,0,1
1.147,0.02318,TTAGCGACACTAACTA,,0,0
1.147,0.01687,TAATTATAATCTGAAC,N53C,1,1
1.147,0.02147,CATTAAACGATACCGA,T301V,1,1
1.147,0.009717,ATACCTTTAAATCGTA,,0,1
1.146,0.004896,GAACCGTTTACACCAA,T135I,1,2
1.146,0.007434,ATCATCAACATCAAAA,,0,1
1.146,0.04583,AATTTCAGAGATGTCT,R361A,1,1
1.146,0.02733,TATACCGATTACTTTA,Q132L,1,1
1.146,0.01512,TAGTGTGTATTGGTCT,,0,0
1.146,0.04188,CCAATTTACTACTATA,Q80N,1,1
1.146,0.001127,ATCTTTACACTAATGT,L157S,1,1
1.146,0.0137,CTCCACGTTACATGCT,P103A,1,1
1.145,0.0396,CTCGGACCTAAAATTA,E401R,1,2
1.145,0.01072,ACCCGATAAAAGTAAC,G78H,1,1
1.145,0.01221,AAATACTTTACGTCAA,N285R,1,2
1.145,0.01191,GCAAATTTAACAAGGA,S107M,1,1
1.145,0.006842,ACAGACTCAATCTCAC,G404Q,1,1
1.144,0.0139,CATTACTATCATGATA,T128G,1,1
1.144,0.0177,ATTAATCCATTGAGAC,,0,0
1.144,0.01236,AACGAGGATAAGAATT,,0,0
1.143,0.01097,CTACTAAGCTGCTAGA,N45H,1,1
1.143,0.02478,CCGTACTTAGTAGCTC,L151Y,1,1
1.143,0.002669,CAGAGACAAATATCAC,,0,0
1.143,0.02284,CTAATATATCCCTACA,T30C,1,1
1.142,0.008579,ATTATATAGAACTTCC,,0,0
1.142,0.01873,ACAACCAGGACGCACA,,0,0
1.142,0.0176,CTGCTAAAACAAAGAT,,0,0
1.142,0.04979,ACTACTAATATCACCA,,0,0
1.142,0.0157,AATCGTATCATGCGGC,,0,0
1.142,0.01505,AGACCTAATGCAAAAA,R361T,1,1
1.142,0.04252,AACGAATTCATAAAAA,,0,0
1.142,0.002819,GAAAACGATGCTGAAA,A272T,1,1
1.142,0.04132,TTCTTAAAAATCGCAT,,0,1
1.141,0.04018,TCATTAATCACAGATA,,0,0
1.141,0.0391,TCTTCTTATGAATTTA,,0,0
1.141,0.0391,TTGCTGGCAGTTTTGA,Q197M,1,1
1.141,0.01177,TTGAAAACTGGACGTG,,0,1
1.141,0.009663,ACTCAATTAATAACCC,N489E,1,1
1.14,0.004894,AAGTAAGGTAAATAAC,S9A,1,1
1.14,0.003057,ATCGACGATCACTACA,K315L,1,1
1.139,0.01506,ATAGAACTGTTTTGAA,K2E,1,1
1.139,0.005454,TACATGATAGATAACG,E401A,1,1
1.138,0.007954,ATCTGAAAGATCAATA,G263V,1,1
1.138,0.008317,CCGTCACTATAAGTTT,S110N,1,1
1.138,0.03052,CGGAAAGTCCCATGTA,A304P,1,1
1.138,0.03331,AACACCACGCCAAATG,S265G,1,1
1.138,0.03667,AACTTTCAGATCACGC,Q132E,1,1
1.138,0.004098,TATTGGATTATGCTTC,N133E Q376L,2,2
1.137,0.04195,GTGTTTTCCAACAGCT,K503G,1,1
1.137,0.008639,AATAGGCCTACTAGCG,T117K,1,1
1.137,0.04451,TGCGTTCTACCATTGA,N53K,1,1
1.137,0.01484,GCTACTAAAAACATCT,K368S,1,1
1.137,0.0153,TGGTATGGTTAAGGAA,,0,0
1.137,0.0173,ACTCCGACCGTATAGA,G5P,1,1
1.137,0.0545,GGAATTCGTGTTAAGA,,0,0
1.137,0.01178,ATTCCATCCCAGACAA,N498H,1,1
1.137,0.0007135,ACATGTCCAAATGAAT,Q44S,1,1
1.136,0.005476,AAGTAGCACCAAGAGC,S209F,1,1
1.136,0.02075,TCCACTCCAGATCAAT,,0,0
1.136,0.02075,TCGACAGCTGAATGAA,K326D,1,1
1.136,0.007336,ATCTGTACAACGGCTT,,0,0
1.136,0.006389,CCCAAATCTCATTTGT,K310L,1,1
1.136,0.0242,AAAAAATGCGTTACCT,D408Y,1,1
1.136,0.0242,CTATAATTAATATTAT,N216S,1,1
1.136,0.07382,TCTCGTCTGTCTCTAA,N497T,1,1
1.135,0.08706,GCAAATGAGATGTTTC,K189F,1,1
1.135,0.08706,GCAAGTAACGACAAAG,R220Q,1,2
1.135,0.004281,CTACCACTACGTACAG,S91Q,1,1
1.135,0.09259,CTAAGAGTTCACAACT,,0,0
1.135,0.09887,GGATTTACAGATTTCC,T203R,1,1
1.135,0.01978,TACCACCTCCAAACGT,E83W,1,1
1.134,0.01218,ATCGTCTAAACACAAG,E172H,1,1
1.133,0.01434,TTCTACTGCCTACAGT,K207S,1,1
1.133,0.006163,TCATTGCTTCAGATTT,E449H,1,1
1.133,0.04524,CACTTATAAAGCAACG,P4Y,1,1
1.132,0.01573,CCTAACTGACCTTATA,,0,1
1.132,0.0217,CCGATCTTGGTAATAT,,0,2
1.132,0.01702,ATCAAAAAAAAACTTA,,0,0
1.131,0.01853,AACACTTCCTAATACG,,0,0
1.131,0.02463,AGACATAATAAGAACG,Q376N,1,1
1.131,0.02506,CAATCCAAGAAACTAT,S198K,1,1
1.13,0.01407,TGGACTAATATGAGCT,,0,0
1.13,0.01026,TGCATTTTGGACGTAT,,0,0
1.13,0.02794,CTTATGCACCTGAAAT,K452H,1,1
1.13,0.01324,TTGGGGTTGCTGTATA,,0,0
1.129,0.02255,GTGACCGTCGGTAGCA,,0,0
1.129,0.009112,TCACTCCTTGTTGCAA,E414A,1,1
1.129,0.04201,AAATAAACGAGGGCGA,,0,0
1.129,0.004298,GAAACTGTCCCTTTTC,L244V K411V,2,3
1.129,0.02365,ATGAAACCAACTCATA,,0,0
1.129,0.0721,AACTACGAATAATCGT,F79M G275T,2,2
1.129,0.006556,ACCTTTTTTAACGCTC,,0,0
1.129,0.02444,AATATGTTATAAGAAC,D32M,1,1
1.128,0.01175,TCAGACGAAAGTATCA,L66M,1,1
1.128,0.01744,CCAGCGGCTCCTCGCC,,0,1
1.128,0.01108,TTTCTATACCGTTTTG,Q501G,1,1
1.128,0.01256,CATACAAAGCTCATCG,T40E,1,1
1.127,0.01278,GACAAACATTAATGCC,K278N,1,1
1.127,0.04909,GTACGATTTGCTTATA,Q57L,1,1
1.127,0.08467,GATATATGACGTTCCC,N63M,1,2
1.127,0.03722,TTTAGCAATAAGAGGC,H184Y,1,1
1.126,0.05264,ATAAGATAAACCTACT,S156E,1,1
1.126,0.02036,TTAACGAAACTACGAT,,0,0
1.126,0.01844,ATTATGCTACTTATTA,N126R,1,1
1.125,0.05674,AATCTAATATATTTGC,E83M,1,1
1.125,0.004001,AAAAGCAAACAAATGC,L244S,1,1
1.125,0.01518,AACCACGGAATGAACT,F174Y,1,1
1.125,0.02645,CTCAACAACAAAAACT,S54M,1,1
1.125,0.0334,TTCATTCGGAAGTAAG,,0,0
1.125,0.008131,TCCATATGAGTATCTA,,0,0
1.124,0.01053,GAAGAATGAAATATTT,,0,1
1.124,0.01231,ATAACACTGTCTTGAT,K259P,1,1
1.124,0.0208,TAAATTTGAGTATATC,V490L,1,1
1.124,0.03501,CTATAACCATGACATC,K50M,1,1
1.124,0.04532,AAACAAAACCTTCTCA,S156Q,1,1
1.124,0.02446,ACTCACAGAAGTAAAA,G263I,1,1
1.123,0.01593,TAACTATGAAATAGAT,D32G,1,1
1.123,0.007123,ATAGTCGTACACAAAA,,0,0
1.123,0.06721,TAGCAATAAGTGGATG,Q501T,1,1
1.123,0.06721,TTCCGCCTAAGAAACC,L367Y,1,1
1.123,0.03094,CATATAAAACAAAAAA,,0,2
1.123,0.03094,TACGTCAAACAGACAA,,0,0
1.122,0.01046,CTATTTCAGAAGAGAT,,0,0
1.122,0.006564,AACCTTTCTCTAAAAA,A304D,1,2
1.122,0.005361,CTCCTGACCATGCCAA,,0,0
1.122,0.01409,CACCGATTAGCGAAAA,R92W V213M,2,2
1.122,0.03231,AATAACCCTAAAAGAA,N341G,1,1
1.121,0.01918,CCTAATTTATGTACTA,Q327I,1,1
1.121,0.0409,CCGAACTATGGTAAAA,K140Q N489E,2,2
1.121,0.006297,CGTTGAATTTAACAGT,P273V,1,1
1.121,0.003489,ACTATATAACATGAAA,N216T,1,1
1.121,0.02882,CAAACAAAAAGAAACA,P215H,1,1
1.121,0.009606,CGACATTATCACAGAT,,0,0
1.121,0.01297,TATATCGGATGAAGCA,E280H,1,1
1.12,0.02555,TAATCAAACCAATCCG,,0,0
1.12,0.02024,GTAACAAGAATATAAA,,0,0
1.12,0.0143,GCCTTAACTTGATAAC,,0,0
1.12,0.03546,TTAACTAACAAAAGCA,A476T,1,2
1.12,0.026,TTAACCACAGCAGCTA,S199H,1,1
1.12,0.007162,TCACACTCTACACTCA,I214K K468T,2,2
1.12,0.01881,CTAGAAGCAATCACGA,G479K,1,1
1.12,0.03634,CACTGAACAAAGTCAC,I267F,1,1
1.12,0.01383,ACCATGGCTTCTAAAC,Q434T,1,1
1.12,0.01489,ATTCTAAGGATTCCAA,,0,0
1.119,0.0141,TTATACAACGTTACCA,E410D,1,1
1.119,0.01957,TCTCCAAACATCAACT,T128D E401K,2,2
1.119,0.01025,GAAACCATGGCAATCC,,0,0
1.118,0.01569,GAAATCCTATAAAATG,F79E,1,1
1.118,0.01377,TTGAACTTTAAGGTGA,,0,1
1.118,0.04758,TATAAACAATCAATAC,T117K,1,1
1.118,0.04758,TATAAAGGAATACAGA,,0,0
1.118,0.01727,ACCTCCCATTAGCTAT,I34F,1,1
1.118,0.02277,GAACCGCAAATCTGAT,,0,0
1.118,0.08736,CAGTTATGACCAAAGC,K189N,1,1
1.118,0.01417,CATATATCATGTAATA,,0,0
1.117,0.06578,AAACGACATCAGCCAA,H18L,1,1
1.116,0.02723,CTCAATGCATACATAA,S279L,1,1
1.116,0.01254,ATGAGGTAATAAACTG,T301R,1,1
1.116,0.009941,CTATTCACGTAGATAG,F174V,1,1
1.116,0.01155,CTACTAAAGACACTAT,K315R,1,1
1.115,0.005748,CCCTTCGATCATAACA,S442A,1,1
1.115,0.01418,TCAATAGAGGAAAGGA,R220Q N489W,2,2
1.114,0.007842,ACCAATTGCTAATTTC,,0,0
1.114,0.008944,ATCACTGACGACTCAC,R92L,1,1
1.114,0.02041,TGATATAAACAAGATA,,0,0
1.114,0.009651,GACATTGTTGATAAGC,,0,1
1.114,0.00632,ACTTCTAACAACATCA,,0,0
1.114,0.00258,CCTAGATTTGACATCC,I242S,1,1
1.114,0.03466,TTGAACGAAAAATGTG,,0,0
1.114,0.01579,ATACGACACCCCTACA,S95W,1,1
1.113,0.01174,AGCAACCATTTATCAA,L59I,1,1
1.113,0.03133,AAAATCTAAATCCCAA,K503H,1,1
1.113,0.02803,ATACTGTGCAGTGTAT,,0,0
1.113,0.07609,CTGCTAAGTGCGCCGA,I58L,1,1
1.113,0.01837,GCTCTTCGTCTATTAT,K276V,1,1
1.113,0.01133,TCAATCCAGGTAAAAA,Q80G,1,1
1.113,0.02581,AATGAACTTTATTATG,M168H,1,1
1.112,0.01112,TAAACAAATATAAAAT,,0,0
1.112,0.0364,AAGCACTGATATCTTT,,0,0
1.112,0.01335,GACTGACTCATAAAAA,,0,1
1.112,0.02028,TGATACAAATAAAAAA,S219W,1,2
1.112,0.02392,AACAGTTCAATTGATA,,0,0
1.112,0.02392,CAAATAATAAAAACAC,,0,0
1.112,0.02628,ACTATATGGGCCACTT,T187A A430R,2,2
1.112,0.01909,CTTTCTACTGCGAAAG,Y233M,1,1
1.112,0.01934,ACAGCGAAAGGACTTA,D32L,1,1
1.112,0.01147,TGACAGTAGTTAACAG,Q311Y,1,3
1.111,0.01624,TTTCGTTCCACCCTCC,T117K,1,1
1.111,0.01729,ATTATTGCACCATTAG,,0,0
1.111,0.006435,GTACTAATATTACGGA,,0,0
1.111,0.03037,AAATTCACAATTCCAT,,0,0
1.111,0.02147,AAAACAACTACCGTAA,,0,0
1.11,0.02179,CAACCATGGGAAAGTT,K259P,1,1
1.11,0.01597,AAAACAAACTTAAAAT,,0,0
1.11,0.01597,CATAAGGATTTCTATC,,0,0
1.11,0.006026,ATATTGCGCTATAGTC,,0,0
1.11,0.007956,GCCATCAATATATCCG,,0,0
1.109,0.01256,AACTTTAAATCGAAAC,S114W,1,1
1.109,0.01761,CTTTCATCGCATCTCA,N216Y,1,1
1.108,0.01448,AATCCCATGATAACTC,Q173I,1,2
1.108,0.02318,ATTAACCTTATATATT,,0,0
1.108,0.008819,CCATGAATCATTAGGT,T370S,1,1
1.108,0.01607,ATCTGCCAATCAAATC,,0,0
1.108,0.01185,CTTATAATCTCCTGAC,K417Q,1,1
1.108,0.02539,AATCTGACTGCTTAAG,S231M,1,2
1.108,0.05807,AAGAACGACAATAAAC,G142Q,1,1
1.108,0.01936,ATAAAACCTAAAAAAT,S46M,1,1
1.108,0.0173,CAAAGACAACATCCTA,,0,0
1.108,0.04281,TTGAATTAACGAACCT,,0,0
1.107,0.01214,CGTCTCATTTCCAGCC,,0,0
1.107,0.0223,GATTTTAAAAACCAAG,,0,0
1.107,0.007689,GAAATACCTTAGAAAA,,0,0
1.107,0.01989,AGAATTAAGTGATCCG,,0,0
1.107,0.03885,GAAAATAATGCTAGAT,,0,0
1.106,0.02301,CAAGTACTGCGATTCC,L367H,1,1
1.106,0.02679,GAAATCCACATAGCTA,E280I,1,1
1.106,0.008516,CCTTCTAAAAATACGC,S9I,1,1
1.106,0.09618,AAGGACAAACGAAAAG,N63C R307W,2,2
1.106,0.03206,ACAATGATTGCCCCAT,K326L,1,1
1.106,0.004195,ATTATAACAACCCGAG,E325A,1,1
1.105,0.01131,AGCCCCTCAATATGCC,S262I,1,1
1.105,0.01065,AGTACGCCACTTATCT,,0,0
1.105,0.01711,AACCAGAAAAACATAA,E426W,1,1
1.104,0.01644,AACTGGCCCCGTAGAC,V166A,1,1
1.104,0.004086,CCATAGTTCAGCAAAA,,0,0
1.104,0.01135,TAACAGATACGTGCAC,,0,0
1.104,0.04223,TATTGAATGATATCAG,S9A,1,1
1.104,0.03433,AATAATTAGGGCTAGT,,0,0
1.103,0.06596,TACTAATAAGGACAAA,K278W,1,1
1.103,0.01963,GTCTGTTACGCGTGGG,T128Q,1,1
1.103,0.02358,AAAATCCCAAGCATCA,N22W,1,1
1.103,0.002588,ACCATTGAGCGCTGAC,Q376A,1,1
1.103,0.00344,ATACCATTAATGCACC,,0,0
1.103,0.03516,TGGCGAGCAAGCAGTT,L157F,1,2
1.103,0.019,GCCAAAGGCTAAAAAT,F174W,1,1
1.103,0.0212,AATACACGGCTACTGC,S47T,1,1
1.103,0.0212,TGTCTCCGGCGCTTTT,L111A,1,1
1.102,0.005974,GTAATCTACAAATCAT,D348F Q363F,2,2
1.102,0.002738,GCCTTCATGATGAGAT,R208T,1,1
1.102,0.06908,ACAATATCCTGGCGCA,K189T,1,1
1.102,0.01494,TCACTTATCACTTACC,Q44C,1,1
1.101,0.01211,TGTCAAACTAAATCAC,R482V,1,1
1.101,0.007718,CATCCAGTATTTGTAT,V166A,1,1
1.101,0.0405,CAAGGTTATAGTGTAA,,0,0
1.101,0.007103,AAGTACGTATTTCAAA,,0,0
1.101,0.009338,CCTCCCCGCGAGGTCA,R329K,1,1
1.1,0.04166,ACAAACGATCACTATT,S378T,1,1
1.1,0.02732,GCGGACGAAGATAGTG,,0,1
1.1,0.01303,GATCCCTGAAATCCCT,D32Y,1,1
1.1,0.02565,GAATTAATAGACAACA,Q211V,1,1
1.1,0.0379,ACTAGTGTAATTATAA,,0,0
1.1,0.0379,TATTGGCCACGTGAAA,Q80Y,1,1
1.1,0.07252,TCGCAAACAAAAACCT,A106E,1,1
1.099,0.02201,TTTCGCATCAACTTTA,,0,0
1.099,0.01059,TTCCTTAAACTAAAAT,Q210L,1,1
1.099,0.03891,TCAAACATGTTACAAA,S480A,1,1
1.099,0.03283,GTACCTTCACAACGTT,,0,0
1.098,0.0236,CATGTTTCCCTGAACA,,0,0
1.098,0.01765,TCATCAAGCAATACTA,,0,0
1.098,0.004497,ATACCGGTTTTCAATA,N489W,1,1
1.098,0.02399,ATACAAACAATCATGT,T328V,1,1
1.098,0.01866,GATATAGCATCTGTCA,T416L,1,1
1.098,0.01423,GTATATGCCACAGGAA,A212Q,1,1
1.097,0.01227,CACTGACAAGCTCTTT,,0,0
1.096,0.009088,TCATACCTACCTAGAG,N158A,1,1
1.095,0.01063,TCTAAAGGGACAAGAA,,0,0
1.095,0.01496,GCTTGTGAAACACTGA,,0,0
1.095,0.03843,GCGCGCACCCTACCCT,Q327S,1,1
1.095,0.004432,CCGTCAGCTGGAAGAG,,0,0
1.095,0.01993,CGTATTTACATATCCA,Q327D,1,1
1.094,0.004989,CTCATAGAGGATAAAT,N6L,1,1
1.094,0.01238,CCATCCCAACCTACAA,R92W,1,1
1.094,0.02926,ACACAACAAATCCGTT,,0,1
1.094,0.03145,TTAATGGGAGTCTCTA,,0,0
1.094,0.01223,CTAAATGCTTAGATGA,,0,0
1.094,0.07086,CAAAACGGCAATGAGA,V102H,1,1
1.093,0.01002,GACATCCCGCTTTTAC,Q407R,1,1
1.093,0.0108,AACATCAAAACCTTAC,N290W,1,1
1.093,0.02187,TAACTACCCATGAAAA,Q434E,1,1
1.092,0.005268,AACTGTTTCCGTGGTG,,0,0
1.092,0.01228,ACAGTATCAAGAGCTG,,0,1
1.092,0.005855,GAACCTAGGAATTGAC,P289Y,1,1
1.092,0.01676,AGTTTCTCCCATATAA,R269H,1,1
1.092,0.007574,ACACGTAGTTCTTATA,H184N,1,2
1.092,0.005903,GATGCAAATCACGAAC,Q376V,1,1
1.091,0.003938,CTTAAGATTTCTGCTT,P289I,1,1
1.09,0.02526,CATAAGACGAAGATCT,Q44K,1,1
1.09,0.003835,AACGCATACACATTAT,,0,0
1.09,0.01255,CATCTAGAGCTTTCAC,K326E,1,1
1.09,0.01398,ACGTTATGATTGAGAG,,0,0
1.09,0.09056,ATACATTCTGATAACC,G404W,1,1
1.09,0.01366,TTCCCAACTCACGGAA,K259I,1,1
1.09,0.04005,TAGACTATAAAAGTAG,N63K,1,1
1.089,0.04786,ATTCGCTCAATCACCA,S91D,1,1
1.089,0.01305,CCATGAGATCTGTGAC,M168V N216D,2,2
1.089,0.008496,AAAGCGGATATGCACC,,0,1
1.089,0.02738,ATACTCATACACAAAG,,0,0
1.089,0.02617,AAAACTGCCATAATAT,,0,1
1.089,0.0785,CATCTATCCCAAACAC,,0,0
1.088,0.05402,TTATATATCTATGTGT,L314M,1,1
1.088,0.006953,CAGCTTTTATACATTT,,0,0
1.088,0.04949,ATATAAACTGGCCCAT,K238Y,1,1
1.088,0.06928,CTCTAACAATCATCAA,S198K,1,1
1.087,0.007317,TTACACTGAACAGAGA,R269L,1,2
1.087,0.03613,GAGTTCACTTATATTT,N285I,1,1
1.087,0.01399,TATTATAAAAACCCGT,D7R,1,1
1.087,0.01669,TTCCTTTACCAATCTA,I374Y,1,1
1.087,0.00212,ACGCCTTAACTAAAAC,,0,0
1.087,0.01306,CTGACCCAAATTGGAA,K140I,1,1
1.086,0.00865,GCCCATAAGACCGCTT,K326R,1,1
1.086,0.0561,AATTGATAGAAAAAAC,,0,0
1.086,0.0561,ATTGATAAAACGTTAT,S9L K472L,2,2
1.086,0.003497,TTTGTACCAAAGCACT,,0,0
1.086,0.009022,CAAATAAGTACCCCAA,A304C,1,1
1.086,0.02292,TAACTTTTAAAGCTTA,I214C,1,1
1.086,0.003653,ACGAACTGCACTAAAA,,0,0
1.086,0.02766,CTTTAAGATAACCAAC,,0,0
1.086,0.02207,CCATAAAATTCGAAGG,,0,0
1.085,0.02241,TTAGGAAGCAATAGTG,P324C,1,1
1.085,0.06475,AGCTCGAGATTAAATT,,0,0
1.085,0.06475,TATCACAAATATGAAA,,0,0
1.084,0.03802,TAACACACGCACAGCT,,0,0
1.084,0.003687,AGATAAAGCCATTTTC,,0,0
1.084,0.03368,GTATGCCACGCATTAA,M268Q,1,1
1.084,0.004306,GCTCCTTACCAGTCCG,D408Q,1,1
1.083,0.015,ATACAATCGTCGGAAA,K50S,1,1
1.083,0.03904,TAATCGACGGAATTAG,S115M,1,1
1.083,0.01515,ATTTTCATGAAACACA,S156K,1,1
1.083,0.005027,GTCTTAATAAACAATA,,0,0
1.082,0.08799,TCTCTATCCAATGCTC,,0,0
1.082,0.001176,TAAAGTATTCGATGAA,N285I,1,1
1.082,0.07656,AAAAAATAGAAATAAA,R150A,1,1
1.082,0.07656,TACAAAAACAAAATAC,D291F,1,1
1.082,0.02552,ACTCCCATGGAGAACC,,0,0
1.082,0.01548,GACCTGAGGAATAGCC,A212I,1,1
1.081,0.001684,ACGGGGTTTACCATTC,L111F,1,1
1.081,0.004065,CGACAACAAATGTAAA,S205G,1,1
1.08,0.005072,GAGTAACAACAACGTA,I288V,1,1
1.08,0.02531,TTTTACCCATCATAAA,K238G,1,1
1.08,0.001499,CCGGTAAAAAATACAT,G5W P289Y,2,2
1.08,0.009847,ACCATAGTAATAACTG,,0,0
1.08,0.03223,AAATCACATTCCATAT,G62E,1,2
1.08,0.03409,CCACATCTTATCGAAC,G78A,1,1
1.08,0.03619,AAGTTCAACGGGAGTT,E484Q,1,1
1.08,0.003859,TAATCTCTAACCTCTG,A212H,1,1
1.079,0.002373,AAAATACATTATGCAC,A425M,1,1
1.079,0.02694,AATCCAGCAAAAAACG,Q363D,1,1
1.079,0.01308,ACACTATTGCAAGGAA,I242V,1,1
1.079,0.008393,AAGTCATATATAGAGT,R208L,1,1
1.079,0.03122,AAAAATCCATAAACCC,K238G,1,1
1.079,0.01401,CTAAAATATTTAACAA,T283A,1,1
1.079,0.03296,GATATGTGAAAAAATA,,0,0
1.078,0.0115,AAAAAAGCAGTAAAAA,P4R,1,1
1.078,0.04574,AAGAAAATCCCAGGTC,,0,0
1.077,0.009987,TTTTTAGAAACATAGA,,0,0
1.077,0.02131,GACAAACTTACTTACT,,0,0
1.077,0.02797,CATATTACTATTCCAT,G479E,1,1
1.077,0.02797,GTCACACTTCCGAAAG,,0,0
1.077,0.002544,TAAACATAATCACAAC,G479A,1,1
1.077,0.02797,TGTCTTACCAAATCTA,T28C S266D,2,2
1.076,0.009297,TATACAATACTACCTA,L244N,1,1
1.076,0.03452,AAGTTCCCGGAGACCG,,0,0
1.076,0.01292,ATCTAATCGGCAACTC,K468H,1,1
1.075,0.02334,CATTTAAACCAAGATT,,0,0
1.075,0.01351,CAAAACACGCAACAGA,N285E,1,1
1.075,0.05134,TGACTTACACTGAGTA,,0,0
1.075,0.0155,TACTACGATGTATACT,Q407M,1,1
1.075,0.01591,ACAAACACTTCATTAT,,0,0
1.075,0.02534,AACGTCTTATATCTCC,,0,0
1.075,0.005113,ATCACTAGCATTCTCT,,0,0
1.074,0.01315,CTTACTACTGAAAGCG,T117N,1,1
1.074,0.01962,CTAATGAGTCTAACCT,Y233H,1,1
1.074,0.02579,AACTAGATCCAATAAA,G78V,1,1
1.074,0.01627,GAAGACTTTCGCATCC,,0,0
1.074,0.0203,GTGAAATACGCTTTAT,R307T,1,1
1.073,0.06948,AGACTCCTGAACTAAT,A476G,1,1
1.073,0.002246,CACGCTCCACATATGA,L428W A430S,2,2
1.073,0.0131,ACCCACGTACCTTTAC,G479L,1,1
1.073,0.004555,AGTATGGATGCGATGC,,0,0
1.073,0.005465,CTCGATCACATAGAAG,N38T,1,1
1.072,0.01024,GATAGAGATCATACAT,K82N,1,1
1.072,0.00902,ATTAAGTTTACATCAA,Q1N,1,1
1.071,0.01203,GGTCTACCACATCCTC,V323L,1,1
1.071,0.007128,GAAATCGTTCCTGTTC,E280S,1,1
1.071,0.06493,CGAAATGATAGAGGAT,S124Q L243M,2,2
1.071,0.00919,CATAACTTACACACAC,K259S,1,1
1.071,0.04443,AAAGAACATCAGACTG,V182T,1,1
1.07,0.02603,AATTGACTTTCCTTAA,,0,0
1.07,0.05523,GTAAAAGGTTAAATCG,S279F,1,1
1.07,0.03094,CATAATTTGACTGCTA,P169S,1,1
1.07,0.02537,GTAATCAAAACATCAT,,0,0
1.07,0.0126,CGTAAAGGTTCACACA,,0,0
1.069,0.02231,ATAATGACTTTAAGCG,I236G Q327M A425K,3,3
1.069,0.01512,GAGCAAAGAAAAAAAA,N285K,1,1
1.069,0.01317,TCCTCCTTGCTATATA,K276N,1,1
1.069,0.01452,CAACATAGCACACGAA,I300D,1,1
1.069,0.02473,ATACAACAAGGTATGC,,0,0
1.069,0.03457,TGTTGAGCCTAAATGT,A93Q,1,1
1.068,0.04583,AGATAATCATCAAGTA,A476P,1,1
1.068,0.04583,CCCCGGTGCAAACGAT,G78D,1,1
1.068,0.01951,AATTGGGAAAAAATCG,,0,0
1.068,0.02265,TTATGCATTAGATCAC,N133E,1,1
1.068,0.01014,ACTGACCACATATTAA,D7I G62R,2,2
1.068,0.05741,GTATCTTTTAAATAAC,E119V G386R,2,3
1.068,0.0125,ACGTGCAACAGAACAG,I274L,1,1
1.067,0.009284,GACTATACTAAAGCAC,S143V,1,1
1.067,0.0004995,CAACCAAATCACCAGT,Q44Y R361E,2,2
1.067,0.009432,ATATAACAGTTAAGTG,,0,0
1.067,0.01978,AGGCGAGCACCCCATA,,0,0
1.067,0.01978,GAAAAATGTAATGATT,E426A,1,1
1.067,0.02301,ACTAACTTAATAGATG,K238H,1,1
1.067,0.09695,TATCATCAAACAGTCT,E280I,1,1
1.066,0.07681,CACAAGATGATGGACG,K140V,1,1
1.066,0.05426,TTGACCCGGTATATTC,D85E,1,1
1.065,0.01505,ACGACGAGCCCACGTC,A272T E390D,2,2
1.065,0.04516,TACACCAGTGAAGACG,R33V,1,1
1.065,0.05145,GGTTATAGACGAGTAA,G404W E410K,2,2
1.065,0.05976,AAATACTGAAAATCCG,G129R,1,1
1.065,0.004598,TTCCAATAGAGCCGAG,R361M,1,1
1.065,0.07129,GCATCTAATATGGACT,S480Y,1,1
1.065,0.01047,AACACATATTACGTCA,,0,0
1.065,0.01483,AATATAGAAAATATCT,I267Y,1,1
1.064,0.006553,CCCACACATCAGTGAA,,0,0
1.064,0.03501,TTTGCCGAGGGACTAA,E344D,1,1
1.064,0.0163,AAAATATAGAGGAATT,K453M,1,1
1.064,0.01367,TACCCATCAAGTGTAA,G386E K397L,2,2
1.063,0.007353,ATCCAGACATTAAAAA,,0,0
1.063,0.003205,GGTTTAACCATCCATA,K264G,1,1
1.063,0.01726,AATAAATAATTCCTAA,,0,0
1.063,0.01726,TGATTGTCCCAGACTC,S114M,1,1
1.062,0.007125,CACTTTTCAAAGGCCT,S46H,1,1
1.062,0.05333,ACACCATTGAACTGAT,H56A,1,1
1.062,0.02122,AATTATGAGGAAAAAC,N122W,1,1
1.061,0.06232,AAAACAAATTACAATC,Q311V,1,1
1.061,0.06232,AGGGAGCCGAATCCAA,G49M,1,1
1.061,0.03462,CGGAGCTATAAACTGG,G62H,1,1
1.061,0.0164,TAACTTCAATATAGGT,K278M,1,1
1.061,0.04451,TGGGAACCGCAGATAA,K121R,1,1
1.061,0.01128,TAACGAAGTAAACACG,P239S,1,1
1.061,0.01302,CAATTTGTGGAATGGT,Q501N,1,1
1.061,0.0426,TTAAATTTCAAAATAC,G49T,1,1
1.061,0.004883,ATAACACAGGAACCAT,,0,0
1.06,0.04815,ATACTCAACAAATCTT,E280W,1,1
1.059,0.09401,AATAACAAAATAAGCA,Q376V,1,1
1.059,0.02542,AACAGATATAATGAAT,N126K,1,1
1.059,0.005918,TTCACGACAAAAATCA,K238G,1,1
1.059,0.003567,GAACAGCAGATCTTAT,K238G,1,1
1.059,0.03038,CACACGTCGAAAAGTA,,0,0
1.059,0.02093,ACCCATAGGCCTGATA,,0,0
1.058,0.01669,AACTTATCCTTCAAAC,E410Q,1,1
1.058,0.03774,ACAATCGTGAGTGCAT,A373V,1,1
1.058,0.001139,GCCCGTTTGAAGCAGC,L428W,1,1
1.058,0.06511,TGGAGTATAAGCGATA,,0,0
1.058,0.01173,CCCGAGATCACTATAA,S46N,1,1
1.058,0.01421,CACACATCGAGTATAA,,0,0
1.058,0.03635,TAAACACATTTGATAA,D32M,1,1
1.057,0.01688,ATCTAGGTATATCTCA,R150Y,1,1
1.057,0.01801,ATCGACTAATTAAATC,I288C,1,1
1.057,0.04202,TATGGCCGCTTAGAAG,G78S,1,1
1.057,0.01478,TTAAAACGAGGCCTAA,K278V,1,1
1.057,0.001933,TGCTCCACACAGGTTT,K326V,1,1
1.057,0.01893,AGATTAGACTCCGAGT,D101T,1,1
1.057,0.02706,GAAAACAACATTCGTT,M268I,1,1
1.056,0.01996,GTCCCGCGCTGACATA,,0,0
1.056,0.01193,CCATTCCCCCTCTTAT,,0,0
1.056,0.04741,GACCATAAGATGTAAA,D85N,1,1
1.056,0.02155,GGCATGCACTTAGCGA,N285I,1,1
1.056,0.009077,TAATATAACATTATAG,A69I,1,1
1.056,0.0292,CCGCAAATAATAGTGG,N81K,1,1
1.056,0.003398,AGCCGTTCAAATGTAA,,0,0
1.056,0.03275,GACCTACTATTAGGCA,,0,0
1.056,0.008481,ACTGTATGTGATAAGA,S219P,1,1
1.055,0.01369,AACACTTTGCGGAGTC,L111T,1,1
1.055,0.01035,AACACTACATCGCCTG,K259I,1,1
1.055,0.04327,ATTACTAACTAAAATC,I202T R208L,2,2
1.055,0.008785,ACTGCATCAATAATCA,S219Q,1,1
1.054,0.04146,AACTCTATACAAAAAA,F79A,1,1
1.054,0.01719,TATGACTTTAAAGCTC,Q173G,1,1
1.054,0.009138,ACTGAAAGCCCTTTAT,,0,0
1.054,0.003869,TTGTTAAGTTATCATC,,0,0
1.054,0.02811,TGTGACGTAACAAATC,,0,0
1.053,0.009707,TGGCCCGAAGAAAAAC,K503E,1,1
1.053,0.009969,ATTGTGGAGTTGTAAT,,0,0
1.053,0.02363,GCTGATACAATCCGAA,,0,0
1.053,0.02038,ATCATTTCGCAAATTA,,0,0
1.053,0.008297,CCAGGAATGGAGTCAA,,0,0
1.052,0.01389,AAGAACAGTTCATCAC,T135M,1,1
1.052,0.02951,CGACCCAGAGATTAAT,,0,0
1.052,0.02524,CCTAAGTAAAGATAAT,D7S,1,1
1.052,0.01574,ACGCAAATGTTATCAG,,0,0
1.052,0.02157,TAACAAAATCGAAAAA,T203A,1,1
1.052,0.01549,GCAATAACAAAACGAT,K417G,1,1
1.052,0.017,GAATAGCTATAATACT,S312D,1,1
1.052,0.0565,ACATCAACTTAACTTA,,0,0
1.052,0.01883,ACGACCGATTAGCCAT,T301F,1,1
1.051,0.01028,AGTTTGGTACGCCTAA,R269C,1,2
1.051,0.02345,CCTAGCGTATTTAACC,V102F,1,1
1.051,0.05345,ACCATTTTCAAAACGC,,0,1
1.051,0.05345,CCTATAAATCACCCCC,S145A,1,1
1.051,0.01782,CTCATTTGGGCCTATA,E484M,1,1
1.051,0.0175,CAAATCAAACCAAAAT,,0,0
1.051,0.03929,CCGCCAAACAATAGTC,,0,0
1.051,0.006528,GGAGACCCCGCCAAAA,R92F,1,1
1.051,0.008231,GCGATAATATTAGGAG,,0,0
1.051,0.01946,TTATACTGAATATACA,T135L,1,1
1.051,0.07706,TCATACCACAATTCAG,,0,0
1.05,0.01518,AAACATTACTTTTGAG,S219P,1,1
1.05,0.01161,TACAACCATACCGGGT,I242A,1,1
1.05,0.02142,GGTATGAACAGTACGC,I260L,1,1
1.05,0.02923,GCCATTAACTTCGTTC,P324H,1,1
1.05,0.04825,CGCATCTAAGTTTTTT,D419G,1,1
1.049,0.005491,GCGATCGACCATACTC,Q197A,1,1
1.049,0.0104,ACCCCCCTGAATTTAT,S198P,1,1
1.049,0.01896,ATCCTTCCATATCTGC,,0,0
1.049,0.0107,ACCAATACAAACTTGA,,0,0
1.049,0.01793,CCTATCACCTAGATGA,K140M,1,1
1.048,0.006977,TCGATTGTCAGCGCCT,T128S,1,1
1.048,0.01078,TTACGATACGCTGCAA,A163E,1,1
1.048,0.03734,GCTGGCGTCCAAGAGG,,0,0
1.048,0.01001,CTAACTGAAGCCATAA,,0,0
1.048,0.005504,CAGAAATGTCTGGTAA,R269A,1,1
1.047,0.01359,TCAAGAACCTTCCAAG,Q311F,1,1
1.047,0.02663,AACAACACATAACGTG,Q501R K503N,2,2
1.047,0.05255,TTAAATTGATACGTGA,N382D,1,1
1.047,0.004423,CCCAAAAAGAAAAACG,T301Y,1,1
1.047,0.03355,TCATAGTACACGTCCA,,0,0
1.047,0.0499,AAGACACGTTAAATTA,T10M,1,1
1.047,0.008773,AAGAAAAGTGGGTCTC,,0,0
1.047,0.006407,TTTCTGCGGTCTTACT,,0,1
1.046,0.01353,AATCTTGTTCCAAACT,S115L,1,1
1.046,0.01167,TTTAAACCTTCTCAAC,I274M,1,1
1.046,0.01424,AGGATTTACCACGCAG,,0,0
1.046,0.08137,AGTGATAATAGTAAAC,,0,0
1.045,0.01086,ACTATGAAATAACTAG,Q501N,1,1
1.045,0.01158,CTAACGTAAGAGAATC,K278D,1,1
1.045,0.03434,CGATACCGAAAACAAA,D175M,1,1
1.044,0.01646,TTAGTCTTACACGGAA,S137R,1,1
1.044,0.01181,CAGAGCTTATTCCTTG,,0,0
1.044,0.01474,TAAATTCTCCTGTTCA,,0,0
1.044,0.006611,TCGAAGGTTCGATACC,,0,0
1.044,0.05167,TTATAACGATAACAAT,S199C,1,1
1.043,0.01665,TAAGATAATAAACAAC,,0,0
1.043,0.01665,TAATATATGGTTATGA,,0,0
1.043,0.01585,GTTCACAAGGATCGAA,R33W,1,1
1.043,0.003863,AAAAGACAAATTACTT,R208N,1,1
1.043,0.004966,TAAAATGACTAAAACA,P239T,1,1
1.043,0.006952,ACACCCATCTATATGC,,0,0
1.043,0.0102,ACCATTTACGCGACAT,R208L,1,1
1.043,0.004677,TCGTATTAAAAATCTA,,0,0
1.042,0.03647,CAATAGTTATGACTGG,F79L,1,1
1.042,0.01807,CTTATGAAAGAAACTC,P21T,1,1
1.042,0.01774,CTCCGCGATAAAGCCA,,0,0
1.042,0.03517,CACGTGTTAGAATTTC,,0,0
1.042,0.0235,ACCTGATAAGGACCAC,,0,0
1.041,0.02057,TAACACAAAAAGATGA,,0,0
1.041,0.005702,TGACGGACTATTTCGG,,0,0
1.041,0.008388,AATGATAGTTACACAA,K121L,1,1
1.04,0.007174,AGACCTCCCGGACTAC,,0,0
1.04,0.007021,TGCACATAATTTGGAA,,0,0
1.04,0.00327,GTAACAAGCACTACAT,R307P,1,2
1.04,0.05664,AAAATTAAAACAAACA,,0,0
1.04,0.01406,AACTACGACGATCACG,S143Q,1,1
1.04,0.006908,ACGCTGTCCTGACCAA,I25F I48G,2,2
1.04,0.01853,ATTCACGTGCAAAGCC,A372R,1,1
1.04,0.01406,ATTGCATGGTGTTACA,,0,0
1.04,0.05664,CCACTTTACAAGAATA,K50S,1,1
1.04,0.02574,CCGTACGAGAACGTTA,,0,0
1.04,0.03478,CGCATCCTAAAATCAT,Q80H,1,1
1.04,0.01426,GTTATAATTTGTATGC,,0,0
1.04,0.01561,TTTAATCCTACTCTAA,K121M,1,1
1.04,0.07929,AATATAATATAAAACT,T318S,1,1
1.04,0.01786,AATCAAGATTCTCTAT,P103V,1,1
1.04,0.05358,GATCTACTTTATTATA,,0,0
1.039,0.009641,TAGCAAGACTATCGAG,R482V,1,1
1.039,0.0163,AAACAGAACAATAAAG,Q44H,1,1
1.039,0.01714,CCATCTTGAAATATAT,,0,0
1.039,0.01842,CCACAAAACTATGGGA,F79I A106C,2,3
1.039,0.01877,GAAAAAAATTGTGATC,,0,0
1.039,0.003826,CCATATATTGACTGTA,S95W,1,1
1.039,0.01913,TTATCAGGCTTATAAT,,0,0
1.038,0.007008,GTACCTGATATGTATA,,0,0
1.038,0.0157,TAAACACAACCCATCA,N133S,1,1
1.038,0.006351,CTCAGAACCGTTAGCA,S358F,1,1
1.038,0.008074,CTAACATACGTACGTA,,0,0
1.037,0.03563,CAATATCCTAGCCACC,K417Q,1,1
1.037,0.003251,GTAATCTTGGACCCAA,,0,0
1.037,0.02059,ATGATACTTCACACAT,Q311I,1,2
1.037,0.008323,GTGTGATAACCCATAA,V223Y,1,1
1.037,0.02103,GTCATCGAATAACTTG,S219A,1,1
1.037,0.01538,ACTTATCACAACACAA,,0,0
1.037,0.009615,ACGGACCGACCAACAT,,0,0
1.036,0.002845,AACCAGTGGTTTCCCA,N63H,1,1
1.036,0.02821,GAAACATGGCGGTTCT,S110L,1,1
1.036,0.02004,GACCAACCATAAAAAG,G78W,1,1
1.036,0.008793,GTTGACTGACCGTATA,P55F,1,1
1.036,0.02089,AGGTTAATCCCGAAAA,,0,0
1.035,0.07172,ATGCGGGTTATGACAA,K276D,1,1
1.035,0.005549,TTCCACCGAGTGAACT,G5V,1,1
1.035,0.02577,TTATAGTATTAACGAG,,0,0
1.034,0.01332,AGATCATTTTCACTTA,Q210A,1,1
1.034,0.01332,TCACTTCGTTTCATTC,D241E,1,1
1.034,0.02119,GGTGAAAAATGTCTAT,D415E,1,1
1.034,0.009589,CGGTAATTAACTGTCT,,0,0
1.034,0.00389,TGCCCTCTCAAATTAA,,0,0
1.033,0.01382,TTATGCACACCTACAT,,0,0
1.033,0.009011,ATCAAATTACGTACAA,S270T,1,1
1.033,0.003811,GATTTAATGAGATATC,S209I,1,1
1.033,0.005552,GTGCAGGAAATTGAAT,,0,0
1.032,0.01555,CGTCTTATAATAAATA,A372F,1,1
1.032,0.05464,ATTAATATACTTTTAT,V413L,1,1
1.032,0.01218,GAACACATTATCTTCA,H184E,1,1
1.032,0.01659,TAACTAAAGCTAGTAC,,0,0
1.032,0.03024,AACGGCTGTTTGATTC,H435Q,1,1
1.031,0.0209,TTGAGAGAGTCTACCC,,0,0
1.031,0.04225,CAAACAAATATTAGAA,T301K,1,1
1.031,0.002056,ATACAAGATATTGTAA,Q501S,1,1
1.031,0.03221,AGAAACATACTGCTTA,,0,0
1.031,0.02672,ACTGAAAGCTGTTTAC,,0,0
1.03,0.02337,AATAATGAATTTAGCA,A459G,1,1
1.03,0.07011,CCCACACGAAAAAGCC,,0,0
1.03,0.008551,TACATACATGAAAAAC,H184F,1,1
1.03,0.002575,AATAATACAAACATAC,Q311M,1,1
1.03,0.00498,TAAATCCTATTTCTTC,S47P,1,1
1.03,0.02995,ATCAGTATACTTGGGC,H393R,1,1
1.029,0.006335,AAAAATCTGTCAACAT,P289D,1,1
1.029,0.01229,TAGGCAGGTACCCAAA,,0,0
1.029,0.0537,ATTTATCGTTTGCTAA,N498Q,1,1
1.029,0.02319,ACAACATTGTACACCA,N489K,1,1
1.028,0.008338,GATTAGTATATAAAAA,K207D,1,1
1.028,0.02799,CTGGGGGGCAAGGACT,N63M,1,1
1.028,0.04352,ATTCTATATAAGAAAT,F79I,1,1
1.028,0.01162,TCTACACTCCTATTAA,,0,0
1.027,0.003334,ATTTACCGGACTACCA,,0,0
1.027,0.007796,ACAAAATATGAGCTCC,,0,0
1.027,0.03798,AGATAAAACTACAACG,A304W G386E,2,3
1.027,0.03798,TAACATAGCGCTCCTA,,0,0
1.027,0.01377,CTTTGCTAAAGTACCG,R208W Q327K,2,2
1.027,0.02414,GCACATGCGAAGTGAA,K264L,1,1
1.026,0.01616,ACCCTATGTTACAAGC,A373C,1,1
1.026,0.01995,AAAATATAGTACTATA,S54E,1,1
1.026,0.009513,CGTTTACTTACTCTAA,,0,0
1.026,0.02036,CACATTCTAAGTAATG,G78D W234F,2,2
1.026,0.01136,AAGTTGCTTCCTGAAG,N285K,1,2
1.025,0.008367,TCTCTGTCTGTTCGCA,,0,0
1.025,0.003455,GATAAAACAATACAAC,,0,0
1.025,0.01982,ACAGTATTGTCAGAAT,,0,0
1.024,0.02518,CACGTCCTCAGTTATT,S219E,1,1
1.024,0.007563,AATTCCATGTTGCGTT,S205Y,1,2
1.024,0.02269,CGCGTAGTCATTCCCT,,0,0
1.024,0.00346,CATAACCTTAAAAGCA,R307S,1,1
1.024,0.01653,CCGTTCCTGAAATAGA,,0,0
1.024,0.006262,ATATAAATGACAACAC,,0,0
1.024,0.00378,ACTTCATCGGACTTTA,Y302I,1,1
1.024,0.006522,GGTGTCAAACGTGGTC,K503S,1,1
1.023,0.01398,TTCATCATTTAATTTA,T203H,1,1
1.023,0.01137,ATATTTTCGGTACTAC,I437V,1,1
1.023,0.007114,GACACCTTAAATAACC,,0,0
1.023,0.01534,ATCCCAGTCGGTTCAC,P55G,1,2
1.023,0.01295,TATGACTGTCTGGTAA,,0,0
1.023,0.01644,GAGGGATGACATATAT,S199P,1,1
1.023,0.01771,TACCCTTAACACAAAG,,0,0
1.023,0.03574,GTACTGACCCAATTAT,Q376S,1,1
1.023,0.03574,TATTAACGGCATACGC,Q1E,1,1
1.022,0.08651,AAATAAAACTATCATT,,0,0
1.021,0.04422,GAGAACCCCAAATATA,I160N P284T,2,2
1.021,0.01907,TATATGGAACGGTGTC,Q376Y,1,1
1.021,0.004144,AGAGACTGAGAAAAAA,T128H,1,1
1.021,0.007327,AACTGGATTCTTTCCA,F294W,1,2
1.02,0.02171,GCAAACATATTAAAGT,,0,0
1.02,0.005253,ACTCCAAAAAAACCTT,G504S,1,1
1.02,0.04176,ATTCCCTAAATCTACG,S198D,1,1
1.019,0.009808,CCCACAGCCCTTCGTA,S114D,1,1
1.019,0.02942,TACGCGTAAAAGCGCG,S262E,1,1
1.019,0.01559,TTTTTAGTCCAGTCAG,,0,0
1.019,0.01348,AAATAGACGATGAATA,N122T,1,2
1.019,0.006811,CTAAATAATACCTGAT,T12I,1,1
1.019,0.01112,TACCCTGAACAGTTAT,,0,1
1.019,0.02753,GATAATTAATCAGACC,,0,0
1.018,0.02204,TAAAGATATTAACGGT,,0,0
1.018,0.0238,ATAGGGGATAATTACA,,0,0
1.018,0.01108,ACACTTATACATATAA,,0,0
1.018,0.03128,GCATTAATCACAGCAA,Q211V,1,1
1.018,0.1048,CGCTTGCTTTGTAAAT,,0,0
1.018,0.04561,CCAACGATCCGTGCAG,K417Q,1,1
1.018,0.006814,ATAAAAACGGAATACA,L243I,1,1
1.018,0.008428,AATAATCATTTAAGGC,L154I,1,1
1.018,0.009207,TTCTAAACAGGATTTT,F120Y,1,1
1.017,0.0149,TGGAAGAGATACTATT,V490Y,1,1
1.017,0.006692,ATGCAATGCTTTTCCT,E280L,1,1
1.017,0.01947,CTACCAACTTGATATA,A430G,1,1
1.017,0.001472,CCTGCATCAATCCCTA,S231M,1,1
1.017,0.004793,CGCGGTATACATCAGC,,0,0
1.017,0.08417,TCGACAAAACAGAAAC,,0,0
1.016,0.01433,CACGAACACAAATCCA,,0,0
1.016,0.02174,AAAAAATTATCCGAAA,I58L,1,1
1.015,0.03907,AAACGCAATAAAAGAT,I3K,1,1
1.015,0.02705,AACTCCAACATCACGC,K171Y,1,1
1.015,0.05023,AATCCCCAGCGAGACC,,0,0
1.015,0.01337,GCTCATAGATGACAAT,N475E,1,1
1.015,0.01337,GGATGTCTGTACCCAA,Q210L,1,2
1.015,0.02781,ACAACGTATCGTCGAA,G275S,1,1
1.015,0.02611,GTCAAATTAAAAGTAT,E83Y,1,1
1.014,0.01764,TATATGCTTACGCTGG,,0,0
1.014,0.03714,TCTCACCCAAACACAA,,0,0
1.014,0.02861,TTAATGGAGGGATCCC,,0,0
1.014,0.02327,ATGACCACGAGCAAAC,,0,0
1.014,0.07569,ATACACGATCAAAATT,K417R,1,1
1.014,0.01514,CGACCTACAGAATGTG,L86M,1,1
1.014,0.003448,CAGTCATGACTTGCAC,,0,0
1.013,0.01002,TGACTGGACTATTCCA,Q80M,1,1
1.013,0.0559,GATCCATGATCCTGAG,,0,0
1.012,0.007902,AACCATCATTCGAAGG,A106E,1,1
1.012,0.04943,AAAAGTATGTCAAGAT,D291L,1,1
1.012,0.008437,GAGTTTGATTGAGCGT,D104G,1,1
1.012,0.009333,GATTACCTGTAATCAC,P289V,1,1
1.012,0.0367,ATCTTCCCAACACAAG,D419N,1,1
1.012,0.007945,ATCATAGCTCACCTCT,,0,0
1.012,0.0338,ACGGTTACCTATAGAA,S145L,1,1
1.012,0.003673,CACACCACTTTCACAT,E172F,1,1
1.011,0.02568,AACAAATCCTTATATA,T451M,1,1
1.011,0.02568,TTCAAAAAGACATTCA,S143V,1,1
1.011,0.02292,GACTAGAGATTTATAT,,0,0
1.011,0.05203,TCATAAACTAGCACTG,E403Q,1,1
1.011,0.01604,CTGGTCTTACGTGGGA,,0,0
1.011,0.04638,TTGAAATGCCCCAACA,N298D,1,1
1.011,0.03499,GTTAAAAATCGACTAA,N53T T328E,2,2
1.011,0.02483,GTATAGAACTTCTACT,K450R,1,2
1.01,0.006935,AGATGCAAAACATGAA,A113S,1,1
1.01,0.01287,CGGATACTACCCCATA,Y423W,1,1
1.01,0.01345,TACCCATATTCCTCAC,D77E,1,1
1.01,0.01596,CTAAAAAGGAATAATT,,0,0
1.01,0.005387,GACAACCGAAGCAGAC,L111M,1,1
1.01,0.01658,TTCAAAATAAATAAAC,,0,0
1.01,0.005673,GCACATAGAATTAATG,H56T,1,2
1.01,0.01725,AAAAAAAACTTAAGAA,,0,0
1.01,0.02403,CCAGTAAGAACGGATA,D175T,1,1
1.009,0.005548,TGCAAGCATGAGACCG,R405Q,1,1
1.009,0.02784,TTTCTACGCCAATATA,P273Y,1,1
1.009,0.08934,AATTGCAAGCCTACAC,S149I,1,1
1.009,0.01865,GTGAAAAAGTAACACG,D101A,1,1
1.009,0.01123,TGCCGAGTACTAATGA,K310R,1,1
1.009,0.006349,TAATATCCGGTTTAAC,N285M,1,1
1.008,0.01901,TTATCATCCCATTATT,D104N L439F,2,2
1.008,0.01989,AACAACAATCCACATT,Q132V,1,1
1.008,0.02865,ATTTCCGACAATAACC,,0,0
1.008,0.008398,CCTCACCAAACGCAGT,L420M,1,1
1.007,0.001667,TAGGTGTTCAATCGTT,L154V,1,1
1.007,0.01632,TCAACCAAGATAAAAC,V323M,1,1
1.007,0.04308,CTAGTGATATTCCCTC,,0,0
1.007,0.03422,AAAAGCTTTAAAACAA,L194E,1,1
1.006,0.0134,TCTAAAAAAGCAAACA,E280F,1,1
1.006,0.006131,AAGCCTTGTCATTAAC,T301F,1,1
1.006,0.00485,TCAAGTAATCTTGACT,,0,0
1.006,0.01799,GTGTTTCATCGAACTA,N63R E443W,2,2
1.006,0.02116,CAATTCCATCAACATG,T301F,1,2
1.006,0.04075,CGCTAGAATTCGTAAT,R269Q,1,1
1.006,0.01168,GTGAAGCTGTACTGGA,,0,0
1.006,0.09819,TAATCTATACTATAGG,D271N,1,1
1.005,0.01501,AAATAAGTATTAAACA,,0,0
1.005,0.02922,CTATACAATAAAGATT,S198L,1,1
1.005,0.003298,TACCTGCTTATATCCC,G240E,1,1
1.005,0.01087,TTATAATATGTTAAGA,,0,0
1.005,0.01251,TTCAACCACGGATTAT,Q173R,1,1
1.005,0.01352,CGAGGAACTAAGTACC,N63Q,1,1
1.005,0.02639,ACTAAATGATTAATTA,N489C,1,1
1.005,0.07218,AGCCTTCAGTTACCCA,K326F,1,1
1.005,0.003599,CAAGGTAACACAAAAA,Q57L,1,1
1.004,0.005318,AAAGAGTAGATGTTAC,E426G,1,2
1.004,0.009557,CCGCCTCACAAAAAAT,A163M,1,1
1.004,0.003946,ATGACGATCGGGCTAA,G142S,1,1
1.004,0.02895,AGAAATCCAAAAGAGT,G5N,1,1
1.004,0.08684,ATAGAATCGAATAGCT,E280Q,1,1
1.003,0.02617,ACATCCCCGAATATTC,I260M,1,1
1.003,0.02388,AAAGTGCATAATCCCA,K397R,1,1
1.003,0.02388,GGGCCACAGTATCAGA,S198D,1,1
1.003,0.006122,AATAGCTCTCAATCCA,K238P,1,1
1.003,0.0112,AGAGACAACGAACAAT,,0,0
1.003,0.02788,TGCTTTACTACTACAA,,0,0
1.003,0.02314,GGAAACGAATCACTAA,K411R,1,2
1.003,0.01727,TAACTGTTAAATGCCA,,0,0
1.002,0.01251,TGACCGAAAATTGGCA,,0,0
1.002,0.005406,CACCAAAGGGTAAAAT,,0,0
1.002,0.004703,CGATAACTAGACAAAA,N285V,1,1
1.002,0.001423,GTTCAAGGCATAAGGC,,0,0
1.002,0.001874,TATTCTACACAGAACC,K417F,1,1
1.001,0.02763,AAGAGCTCAGGTTAAA,E457N,1,1
1.001,0.03075,CAAGTGCTTTGTTAAC,T187M,1,2
1.001,0.01262,CTATCGAACCAACAAC,T12M,1,1
1.001,0.0206,TGAGATACTCATATTA,,0,0
1.001,0.01092,ATTTAAACAGATACGG,A425C,1,1
1.001,0.009846,GCACATGATTTCGGAT,K264H,1,1
1,0.02574,TCTCGTGAAATTAACG,D7A,1,2
1,0.02104,CATCTTTAAACGCTTT,L428M,1,1
1,0.007965,AGCACCAAACAAACTT,N497F,1,1
0.9999,0.01511,CTTTGAAAAAAATTCC,E280M,1,1
0.9998,0.02738,CCCAAACCAAAAGCAA,R307W,1,1
0.9998,0.02213,TATACTTAAATGTAAG,A476F,1,1
0.9997,0.01312,CACTGTACTTACAGGC,I48S,1,1
0.9994,0.02642,CTTTGCAAATTTGTCC,P227E,1,1
0.9993,0.001197,TTCCAGTCTGAACATG,I374V,1,1
0.9991,0.01626,AGAATAAACCAACGGT,,0,0
0.9991,0.01626,CAACTTTCCACAAATT,,0,0
0.9991,0.02926,CTCTAGCACCCTCTAT,,0,0
0.9984,0.03726,TGTGGCAGTATTGCGC,,0,0
0.9978,0.004797,TCAACTGTACGATTAC,,0,0
0.9975,0.008812,AAAATTCAATATCTCC,S114T,1,1
0.9967,0.01512,CCTTGTAAGACCAATA,,0,0
0.9967,0.01824,GAAAGCTAGCTTCCTA,,0,0
0.9966,0.06898,CAAAGAGATAAACCGA,N63V,1,1
0.9966,0.02299,AAACAAGCATTACTAT,,0,0
0.9965,0.02007,CACCTAAAAATTAGTA,,0,0
0.9963,0.008945,ATAAGAATTTGAAACC,K259H,1,1
0.9961,0.01905,ATCAAAGTCATACCAG,S143E,1,1
0.996,0.01033,TTTTTTCAGCCATCAC,D175S S262D,2,2
0.9959,0.04513,AACATTATATAAAAAT,,0,0
0.9959,0.02106,GAGTTACAGTGTATTA,,0,0
0.9959,0.1053,GATGAGGATGCTGGAA,V102T,1,1
0.9954,0.004877,AGACAGTAAAACAGCC,P227R,1,1
0.9953,0.02668,TCACCATTTCATGATA,T328S,1,2
0.9952,0.01528,TAACGCCTATCTTAAC,L409M,1,1
0.9952,0.01259,AATATATGGTCCAAAT,,0,0
0.9951,0.02215,TAAATCACCACCGCAT,,0,0
0.9948,0.01618,CAAGAACTATGAGAGT,S9I,1,1
0.9943,0.01982,ATACCACACGATATGA,G49A,1,1
0.9942,0.00338,ACAAGTGTAAAATAAC,K310I,1,1
0.9942,0.0149,CAGTCACTGAAAGACC,N53D,1,1
0.994,0.08225,CCAAATCAATTTAGTT,,0,0
0.994,0.005026,TCCTCCACCATACCAG,,0,0
0.9938,0.006817,TATCTTCCATAATTAA,H56M,1,1
0.9935,0.01332,AAAAAAATACCAAGCA,,0,0
0.9935,0.01332,GGACTAAGCTAAATTT,R307L,1,1
0.9934,0.03177,CCCAAAGCGGACTAAC,I267Y,1,1
0.9931,0.006452,TAAATTTGATAGAATG,T128W,1,1
0.9929,0.0293,CAAAGCCAGAGCCAAC,G49L,1,1
0.9929,0.0293,CTATTAATGAAAAGCG,K121V,1,1
0.9927,0.0282,ATTGAAGTAATAGTTA,,0,0
0.9927,0.006772,TCACATAGGTTAGACG,N133Y,1,1
0.9927,0.01505,TTTTATATAACAGACT,S115C,1,1
0.9927,0.01303,TATATCTTAACTCCAA,K417R,1,1
0.9927,0.01149,ATACTAAATAACCATA,K50M,1,1
0.9924,0.01702,CCAATGTAATGAATAA,R361N,1,2
0.9924,0.06192,TTCTGAACCCACATCC,E484M,1,1
0.9919,0.00872,CATCTAATTGCCTTTC,K326D,1,1
0.9919,0.005695,GCACCTCAATGACGTT,G49Y,1,1
0.9917,0.009461,GTGATAAATGTCAATG,,0,0
0.9916,0.01194,AAGCAGAGATATGAAG,L244V,1,1
0.9915,0.004954,AATATGCATCACATAA,,0,0
0.9915,0.007301,CACCTTTACAGTACAC,T117F,1,1
0.9913,0.0023,CCTAGAAACCTAAAAA,,0,0
0.9912,0.01553,TGTCTAAATACCAACA,,0,0
0.9912,0.01553,TTCTCCCACAATCTCC,S114L,1,1
0.991,0.02694,GTTTCGTTAAATGCAC,E325D,1,1
0.991,0.01895,TGTAAAATGATACTAA,,0,0
0.9907,0.02433,AAAGAACCACTATGAC,N126Y,1,1
0.9906,0.03927,ATACCGCTCGCAAAGC,G479D,1,1
0.9906,0.02357,CAGATTAAGTGCACCG,,0,0
0.9906,0.02357,CATAATATACCAGCTA,D188A,1,1
0.9902,0.001196,ACGCGATGTAGCCACA,E484D,1,1
0.99,0.01932,CAATTCTATTGACTAA,Q363E,1,1
0.99,0.01351,GACTATTGACACATCA,,0,0
0.9898,0.0299,CTACACAATTATTACA,S145K,1,1
0.9897,0.01674,TAGTAAAAGTGAGACC,R307D,1,2
0.9897,0.0277,AATAAATAAGTTGTAA,,0,0
0.9894,0.07242,ACGATTTGTGTAATAA,N122W,1,1
0.9892,0.06605,TCTTTATACAAAGTAT,,0,0
0.9891,0.06072,TACGCAAACGGTCAGA,,0,0
0.989,0.01873,TTGCAAGTTTACAATG,D101Q,1,1
0.9889,0.01827,TATACCTATAGCTCCA,,0,0
0.9887,0.001846,CGACTTACCCGCGTAT,Q327D,1,1
0.9885,0.01316,CCTATTTGAGCCGAAT,G5L,1,3
0.9885,0.03879,TAGCTTAATTGACTAC,,0,0
0.9883,0.03083,TAATTCGTCAACGCGC,,0,0
0.9883,0.006117,GAACAATACGCTTCCC,S110K,1,1
0.9876,0.001678,ATAAAAAAACTACGTG,R361E,1,1
0.9871,0.0122,GTAATCTCATTCCCCA,,0,0
0.987,0.01648,CTCATGGACCTCCCCG,T135L,1,1
0.987,0.005533,GTATATAGAAACAATA,,0,0
0.9869,0.01998,CCTGAGAATTGTAAAA,,0,0
0.9866,0.004337,CTTGAAACTTCTCAAC,,0,0
0.9866,0.01046,TTAACTAACTCTAATC,E484C,1,1
0.9866,0.03323,TTACCATTGCCATAGT,Q1V S107V,2,2
0.9864,0.005554,CACCTAGTTTTGAATT,,0,1
0.986,0.05518,AATGACTGCACGAAGA,,0,0
0.986,0.05518,AATGCAAGCCGACGTT,S358Q,1,1
0.9855,0.008208,TCGTCCCTATCTATGT,Q501R,1,1
0.9855,0.008208,TTAACCCACCCTCCAA,P227R N382D,2,2
0.9854,0.005103,GGCATCATGAGGCAAA,,0,0
0.9854,0.005209,TAGTGTATTGCGAAAG,,0,0
0.9853,0.01596,CTTCACCCTCCTATCC,,0,0
0.9853,0.01168,ATCATATTTTGAGCAT,R92Y,1,1
0.9849,0.005546,ATCCCCTAAAAACACA,A69T,1,1
0.9848,0.01409,ACACATGTACACGAAA,,0,0
0.9846,0.03603,ATCTGCAGAAACATCA,K452R,1,1
0.9844,0.004277,GCTTTCGGCCTGAACC,S46I G263L,2,2
0.9843,0.02341,ATAGTATAATAAAGAA,K238S,1,1
0.9841,0.02497,ATACCAATAGAACACA,,0,0
0.984,0.008609,TACAATTGGCACCATT,S9N,1,1
0.9838,0.01236,AACAGAACAGTATACC,D419E,1,1
0.9835,0.008786,GAAAAAAATACATTAT,S262H,1,1
0.9834,0.01025,GCAAGGATTTGTTTAG,F192W,1,1
0.9829,0.034,GTAGACATAACCTCGC,N8T,1,1
0.9828,0.00327,ACTGGCTGTAAAAGGC,,0,0
0.9825,0.02652,AAGGAATGCGATTTAG,S205G,1,1
0.9823,0.01289,AGATTATTGATTTTGC,,0,0
0.9819,0.0692,AAGATAGTAAACCAAT,R33Y,1,1
0.9815,0.01178,ATCTAATTTCTCAACA,S143Q,1,1
0.9813,0.01353,GCTGGACAAGATACAA,,0,0
0.9812,0.01121,TAGCCTGCTTGAAATT,D175E,1,1
0.981,0.006914,ATATGCCTGAAGTCCA,S270A,1,1
0.9808,0.04976,TAATCTTAAAGTTCAA,,0,0
0.9806,0.01232,CTGCATCTCTTTAATA,V223Y,1,1
0.9803,0.05329,CATGGCATTACAATGC,S54V,1,1
0.9802,0.03885,ATATTACTGTATGTTT,A106V,1,1
0.9802,0.01295,CATAGAAATTATTGAA,,0,0
0.9801,0.009515,ATACAAGGGCGAATCA,R383H,1,2
0.9798,0.03187,ATCATACGTGCCGTGA,N497T,1,1
0.9798,0.01687,TAATAAGTCAAATCAG,S265F,1,1
0.9798,0.04097,CATACGCATGAGTCAA,N285P,1,1
0.9796,0.0154,AAAAATCTCTCCATTA,K310S,1,1
0.9794,0.00741,AAAAACTAATAGTACA,Q210A,1,1
0.979,0.003998,AAGTATGACGCACATC,,0,0
0.9788,0.007233,CGCAATAAGAGTATAC,,0,0
0.9787,0.01307,CCATAGGTCAAAACAA,N126Y,1,1
0.9786,0.003816,TCCCTTTCTCTACTAA,L157A,1,1
0.9785,0.01156,CCGCATTAATAATGCA,S110Y,1,1
0.9781,0.01135,TCGGCATATTAGTCAT,R208M,1,1
0.978,0.0007933,TACGCTCGGGCCAACG,S209E,1,1
0.9779,0.006529,TCCGAATTTAATACCA,E280K G479I,2,2
0.9777,0.01747,TTCTTTTCTACCAGCA,I335V,1,1
0.9775,0.009117,CTCACATTCTCTTAAC,,0,0
0.9772,0.04274,CACTAGTAGTATAGTA,,0,0
0.9772,0.02564,GAGGTACCCAGATAAG,S247A,1,1
0.9769,0.05632,CCTGAAACCGACGTAG,G263Y,1,2
0.9766,0.03123,CATCGTAAGTATGCTC,G218F,1,1
0.9765,0.004143,GAAGTATAGACACACC,,0,0
0.9761,0.005536,CTAGCTGTACGATAAA,,0,0
0.9761,0.002256,GAGGACAACTGTAACA,,0,0
0.976,0.002479,GAAGCCAAGCAGTCTG,,0,0
0.9757,0.0102,CCCGAAGAAGTACACA,S262L,1,1
0.9751,0.02441,ACCTAGCCATAAAGTC,,0,0
0.9751,0.03567,GGTCTCAGACTATAAA,P21F,1,1
0.9748,0.01758,TAGCTGCTACTTGTGC,A304V,1,1
0.9748,0.01758,TCTTTATCGTTAAACT,,0,0
0.9748,0.00932,CATAAGAATACAGTCT,P21Y,1,1
0.9745,0.03224,CCTCACGCTGTGCATG,R269K Q501L,2,2
0.9743,0.04467,AACCCTTCACCAAAGC,,0,0
0.9742,0.05532,GTGAATTTTAGGACCC,G256D,1,1
0.9742,0.05532,TATCATAAACTAATTT,,0,0
0.9741,0.01519,GCATCAAATAATGACC,,0,0
0.9741,0.01519,TCGGTTGAGTTCTAAC,,0,0
0.974,0.02193,AATTACTTTGAAAGCC,,0,0
0.974,0.008273,ACTAATCCATTTTAAT,,0,0
0.9737,0.02058,TAAAACTAGTAGTACA,N290Y,1,1
0.9737,0.004269,CTGGTGGATTAAACCA,Q376S,1,1
0.9736,0.01103,CAAAAGTAACAACACG,,0,0
0.9735,0.01583,AACCGAAGAACCAACG,,0,0
0.9733,0.03527,CAAATAAAAGTCTGCC,,0,0
0.9733,0.01833,TTACGCTCAAGCCACC,,0,0
0.9732,0.009352,ACGCGTAAAAGTACTA,H18Y G404Q,2,2
0.973,0.03191,AAAATGCTTTACCAGC,,0,1
0.973,0.03191,GCTCCGAACAAACGCC,E426M,1,1
0.9729,0.02589,TTAGAATGCTGGACAA,W84T,1,1
0.9727,0.01575,GATTAGCAACAAAATC,,0,0
0.9727,0.007569,TATTGCCATTCGACAC,N63Q T203E P289H,3,4
0.9727,0.009072,TCTAAACTGAAAGTCA,,0,0
0.9727,0.02914,AAAAACAAAACAAATC,K472R,1,1
0.9727,0.01046,TACAAATCTTACAGTC,S47D,1,1
0.9725,0.008098,AGAATCAGCTAATTTG,K417I,1,1
0.9724,0.08043,TACCTAAGACTACAAT,S156Y,1,1
0.9724,0.01254,TAGAACTATAACGATC,,0,0
0.9723,0.02102,TCGCTAAGAGGCGAGC,L15C,1,1
0.9721,0.01644,ACCGATAATTTATCAT,,0,1
0.9715,0.004235,TAACCCACACATTATT,L59I,1,2
0.9715,0.004942,AAATATAAAACTTAAA,K417E,1,1
0.9712,0.008324,AAATCATACACCATAG,Q501R,1,1
0.971,0.04105,AACCGACATTTAAGAA,,0,0
0.9707,0.01064,CACCCCTACATAGCCG,Q407M,1,1
0.9706,0.005384,TGATTCCCACTTCAAA,E401G,1,1
0.9706,0.09007,ACGAAATCACACACGT,N63M V297L,2,2
0.9706,0.0171,GCAAATCTATTTGGAG,I300Y E410K,2,2
0.9704,0.01014,AATGGATGGCATCTAA,N63M,1,1
0.9701,0.009977,AACTAGTTAAACTACA,K417N,1,1
0.97,0.03844,AGTCAAACACCGATTA,Y233F,1,1
0.97,0.03844,CATTTAAAATAGTCTG,N126Q,1,1
0.9699,0.005821,CGTCACCAAAAATTGC,D101A,1,1
0.9692,0.02526,TAAAGTCGATCATACC,,0,0
0.9691,0.03263,CATGCGACTTAAAAGC,S312Y,1,1
0.9691,0.01163,CTTGCGGGACTAGCCG,S137R,1,1
0.9691,0.03615,AAAGTCAATAAAAAAA,,0,0
0.9691,0.01351,CATACTAATTCCCACT,,0,0
0.9687,0.007711,TTTCAACATTCATCAA,Q132I,1,1
0.9687,0.005535,TCTTAGCTTCCTAGGA,N290L,1,2
0.9686,0.008713,AGCCTAATTACTGTCC,,0,0
0.9686,0.07841,TCGACGAATAAAATAT,I230C,1,1
0.9685,0.01245,ATACTATCCACACAAT,,0,0
0.9684,0.004987,TAAAGCTTATTACGGT,,0,1
0.9683,0.007692,CCAACAAGAGTTCTAA,G200A,1,1
0.9683,0.001984,ATACAACCCGCACATG,A212H,1,1
0.9682,0.03797,TCTCTCCTGGGCAATA,K189R,1,1
0.9681,0.01682,CTATTGATTAAGGACT,S9A,1,1
0.9681,0.01369,TAACTCTTTTTAATAT,,0,0
0.9678,0.006404,CATCTGCCCGGTAACA,,0,0
0.9677,0.02245,CTAAAAAAAGGCATGG,P227L,1,2
0.9672,0.01761,TTGATCAATAAATAAT,,0,1
0.9671,0.008,TTAAGAATCTTCACCA,G275F,1,1
0.967,0.03066,ACACTACGGACAAAAC,,0,0
0.9667,0.01803,CAGTTACAAAGAACAG,,0,1
0.9664,0.03752,TTACCATATACCGGTC,V223W,1,2
0.9663,0.01442,AGACAACAACATCTAT,,0,0
0.9663,0.01442,ATGGAAAGGTCTTAAC,R92N,1,2
0.966,0.01955,ACCATCTATAGATTAC,H488S,1,1
0.966,0.01577,AGAGATTCACCAAGAT,,0,0
0.9658,0.06228,ACTTCCGCGACGAGCC,I214Q,1,1
0.9658,0.006921,GCAACTAAACATTACA,A212Q,1,1
0.9656,0.005706,GCCCCAGCATTTATGG,,0,0
0.9649,0.02062,GACTCAGTATAATATA,K326E,1,1
0.9646,0.004823,CTGCTGACTCTCGTCT,,0,0
0.9646,0.03164,GAGAACAACTACTACA,H56L,1,2
0.9645,0.009891,TAAGAAACCTAAAACA,,0,0
0.9644,0.007489,AACGTCCAATTGGTTT,P239M,1,1
0.9643,0.009312,GACGTATTAAATGATC,,0,0
0.964,0.05165,AAACGTCGACATCAAC,P239R,1,1
0.9639,0.0679,TTCAGACTCTGAACCT,,0,0
0.9636,0.03303,AACAGATCAAGATACC,N158D,1,1
0.9636,0.09908,GAAAGATAACTAAAAT,G142R E401N,2,2
0.9635,0.03899,AATAAATATTTCAGTA,I374T,1,1
0.9635,0.002239,TATATTGCATATTAGT,Q44R,1,3
0.9632,0.02106,AAAAAATTCAAGATAT,,0,0
0.9631,0.0062,AATTGAACTAGCCAAC,,0,0
0.963,0.02035,AGTACTAAACAAAAAA,,0,1
0.9629,0.003437,CAAGAAGACTCAAAGA,P289S,1,1
0.9627,0.004757,ACAACTATACTCGGAT,P4I,1,1
0.9626,0.0008645,CATTTTCATTTTCGAC,N445T,1,1
0.9624,0.08515,ATAATCGACAGATATT,,0,0
0.9624,0.02838,CACGTTGAAAGGCGAA,,0,1
0.9623,0.006227,TCCCGAGCACCCGTAA,,0,0
0.962,0.02022,GCATTAATATTCTCGA,,0,0
0.9618,0.01312,GCACCAGAGCATTGAA,K397R,1,1
0.9618,0.02231,TTTGATCTGCTTAGGT,,0,0
0.9618,0.02595,CACAAAAAACCCAATG,I34M,1,1
0.9616,0.02152,AGAAATCCTAGGATAA,G78E,1,1
0.9615,0.00393,TTTACCAACCATTCTC,H56Y D419N,2,3
0.9614,0.0295,TTAGCATAATATAAAC,S205T,1,1
0.9614,0.01838,GCCTAAGTAATACATC,S110F,1,1
0.9613,0.03621,AGATGACGAGCATAAA,,0,0
0.961,0.01252,AATTTCATAATGTCTC,,0,0
0.9609,0.02688,TTAGAACTACCCACCA,N483A,1,1
0.9607,0.04351,TATCATGGACCAAATA,,0,0
0.9603,0.007192,ACTTCCAATTTGCACA,,0,0
0.9602,0.01479,GATATACTTTACCATT,N296Y,1,1
0.9601,0.01295,ATATAAAATCCTAGTC,,0,0
0.96,0.001935,AAGATGAAGCACTGAT,G275L,1,1
0.9588,0.04291,GTCAGGAAATTAATCA,V213E,1,2
0.9586,0.01366,AACAAAACCCATAACA,,0,0
0.9585,0.01614,ACTTTGCTCTCACGTT,,0,0
0.9584,0.002804,AACCTGCAGACACTTA,Q210E,1,1
0.9584,0.01098,CAGTAACAAAGATGTA,R307T,1,1
0.9582,0.0185,CCCGAAATAACGCATT,,0,0
0.9582,0.0243,TGCAAAATTGCCTCTT,,0,0
0.9581,0.03539,TTGTTTCCAAATGACA,G200L,1,1
0.958,0.0225,TAAATATCGTTATTAC,Q311V,1,1
0.9579,0.003853,ATCTCCATATAAGACT,,0,0
0.9578,0.02094,CGACCGAACTGAAATC,,0,0
0.9577,0.00504,ATAAAATTTTTAATTC,D493E,1,1
0.9576,0.05875,TTTAAATTTAAAGTAA,,0,0
0.9575,0.02868,CCTCGGATTCAAACAA,,0,0
0.9575,0.004725,CAAAATCACCATCTCC,A163C,1,1
0.9574,0.02738,ATCGGAATGCAAGCAT,E280N,1,1
0.9572,0.01269,ATCAATTTAGTAAAAA,I267H,1,1
0.957,0.002102,AGTAACCGAATCTGTA,,0,0
0.957,0.001274,TCCTGATTTTCTCACT,R361F,1,1
0.9568,0.004597,CCTTCAATCAAAAATT,G49E,1,1
0.9566,0.01166,AAATAGCATCTACGTC,,0,0
0.9565,0.003431,CGAGAGCATATTTCTA,,0,0
0.9565,0.006764,TCTAATAGCATCAATT,,0,0
0.9563,0.009941,AAATGGGTCTAGACGA,,0,0
0.956,0.02139,TTACCGCGGGTAACGT,F332L,1,1
0.9555,0.003741,AAAACGGCCTATGGAA,S9N A476V,2,2
0.9555,0.01057,GGAAAAATCAATATTC,K50V,1,1
0.9553,0.006098,CATCTTTTCCGTCATC,I282Q,1,1
0.9553,0.006098,CGCTAACCCACATATA,,0,1
0.9552,0.004256,CAAATAAAATTTAACA,T128I,1,1
0.955,0.08073,ATATAGCTGTTAAAAA,K207A,1,1
0.955,0.04844,ATATTACGACGGGCTA,Q376E,1,1
0.955,0.05265,CTTCATTTAAAAATCC,P4M,1,1
0.9545,0.01195,TGCTTTAACACAATCC,T187W,1,1
0.9542,0.003371,ACGGGACTGCCATTAA,A106S,1,1
0.9538,0.02791,GGACCACTCAGGACAA,,0,0
0.9536,0.01642,TCTTTGTGTAATGACA,T318M,1,1
0.9536,0.03422,TGAAAAATGTAAAAAC,,0,0
0.9535,0.00497,ACCTAGATGCAATGGA,,0,0
0.9535,0.03627,AATATCGACAAATAAG,,0,0
0.9534,0.03858,TTAACTTTCTCTAAAC,,0,0
0.9529,0.01678,TTCAGTCCCTCCTACA,G62L,1,1
0.9528,0.02535,AGACGAAACATAACCT,Q501E,1,1
0.9528,0.05178,TAGCATGTTCAACGGA,Y161G,1,1
0.9527,0.01368,TGCTTGGACAAAAAGT,K50G,1,1
0.9526,0.05662,TGCAGCGCTACTTAAT,A212H,1,1
0.9524,0.01503,ACAATCCATAGAATTC,,0,0
0.9523,0.03206,CCGCAGATAGCACAAA,N94D,1,1
0.9523,0.01069,AACTGCTAACCGTCTA,N31M,1,1
0.9523,0.001398,TGATTACAATATACGC,S312R,1,1
0.9522,0.02156,CTATGTATGATTGTGT,S143E,1,1
0.9522,0.01332,TTCTGTCGCTCAGAAA,V20I,1,1
0.9521,0.02236,TTCTAGTACATCCAGA,I214E,1,1
0.9521,0.03385,ATCATTAACATGCCGA,N38R,1,1
0.9519,0.02414,TCATACTTATAAGCAT,Q327F,1,1
0.9517,0.01936,TTCATTAAGAAAAAGT,Q363T,1,1
0.9516,0.07869,TTCGCAGGCACACGGA,,0,0
0.9516,0.006116,TGCCTCACTGATATAC,S358Y,1,1
0.9516,0.02,ACTATAAAACTTACCG,E280S,1,1
0.9515,0.04067,AAATCGTAACATTAAA,,0,0
0.9515,0.01168,TTCATCGTATTCTAAC,S124M D188P,2,2
0.9511,0.03015,CACATAGAGTACATAG,,0,0
0.9509,0.007882,AGACTTAAATACATCA,K140M,1,1
0.9509,0.02396,ATATCAAAAACCCATA,,0,0
0.9504,0.03545,TTACTAACCGGCAAAA,A93G,1,1
0.9504,0.01519,CATAACAATAGAATAC,D7W,1,2
0.9499,0.01177,TCAAGAACCTACGATG,,0,0
0.9498,0.006362,CACAGCTCAACACACA,,0,0
0.9498,0.01512,CTGAGAACGCCGTATA,,0,1
0.9492,0.0122,GAACGGTCCTCATGAT,D408T,1,2
0.949,0.04628,TAAAGCATTGTCGATG,P239G,1,1
0.949,0.005381,CTTAAGAAGATAAACA,,0,0
0.9486,0.01357,TCACATAAGCATTAGA,,0,0
0.9485,0.008931,GTATTGAAATCCCTAA,S266H E390F,2,2
0.9484,0.02173,GTAACAGCCAGTTAAA,I214E,1,2
0.9484,0.02559,GTTTCTAATGAACAAA,,0,0
0.9484,0.07676,TCACAGATGCAAAAAT,,0,0
0.9483,0.009672,TGACACCGAGGGAATT,,0,0
0.9482,0.03963,AACCATACATAGAACG,S279W,1,1
0.9481,0.01768,GTCATAAGAAAAGAAC,,0,0
0.9481,0.003742,CTTATAAATATGAAAC,G49C,1,1
0.9478,0.01662,AACTTACAGGCAGTTG,I160Y R307K,2,2
0.9475,0.03466,CGATGTCCACCCATAA,K397R,1,1
0.9474,0.0879,GAGATAACGATTAAAA,S144N,1,1
0.9472,0.06005,CAATCTGAATGGGATC,K310T,1,1
0.9471,0.003509,GACACCATGATTTCCA,Q57Y,1,1
0.9471,0.0152,ATTGTCAGTATACCGA,N63G,1,1
0.9467,0.01748,TGGGGAAACCGCACAA,,0,0
0.9467,0.007728,TAACATCAGTAATCTA,,0,0
0.9467,0.008057,CAACTCGTCACGGACA,,0,0
0.9466,0.004252,TTCCAAGCCCTTCAGG,,0,0
0.9466,0.03914,TATTTGAGTTTAACAA,S358H,1,1
0.9465,0.04932,AAGCGGACGCAGATAA,S219G,1,1
0.9464,0.02222,AGAGTTTTTGAAAACC,I236A,1,1
0.9462,0.007809,ATATACGACTTTACAG,,0,0
0.9462,0.01855,GCCGTCAAGAAAACTA,Y233H,1,1
0.9458,0.01635,TGTGGAAAAAAGACTG,T117I,1,1
0.9458,0.007891,AAAAATTAAATATGGA,R307H,1,1
0.9458,0.004843,AGGCACTAATACGATT,Q295H,1,1
0.9457,0.008607,CTGACCATGTCACTCA,N53T,1,1
0.9456,0.03633,GGTTGAGACCCAAGAA,A476D,1,1
0.9452,0.01627,AAAATTAAGCTAGTTT,Y105A,1,2
0.9451,0.007634,TCCAAGCCGTGCCACT,,0,0
0.9444,0.02722,AGAGCACATAAACATT,,0,0
0.9444,0.01449,CATTCGTTTCTAAACG,,0,0
0.9441,0.03591,ACTTACTAGTTGAGAA,S480T,1,2
0.944,0.009046,ACCCGTCGAATTGAAA,S143E,1,1
0.9439,0.006738,CAACTAGATCAGCACA,,0,0
0.9438,0.008105,CATTCAATTCTCATAA,K417G,1,1
0.9435,0.01561,TGTGCAGAGTACCAAT,,0,0
0.9434,0.01074,TCCAGTTTATACCTTG,,0,0
0.9432,0.01812,ACCAACTATCCTACAT,G129S,1,1
0.9432,0.005912,TTGTATCTACATTGAA,K171S,1,1
0.9432,0.01514,CGGACTCGATAAAAAT,,0,0
0.9432,0.01242,TACTACATTTTAAAGC,E83D,1,2
0.943,0.005133,ATAGTCACAAAAACAA,S114L,1,2
0.943,0.01071,CCTTGAAACCGTGAAA,K326S,1,1
0.9429,0.0175,TCTTCACTTAAACAGA,K326N,1,1
0.9422,0.02962,CTGAACAGATTAAACC,D85T Q454L,2,2
0.9422,0.02962,TAAAGAACACATCTCC,Q327K,1,1
0.9422,0.002775,ACACCGGACAAAAAGA,D291V,1,1
0.9421,0.01991,AAGTTGAAAGATCAAC,S198W,1,1
0.9419,0.03772,ACACAGTAACCTTACT,R208A,1,1
0.9418,0.007639,GCTAAGTTATGTATAA,K259P,1,1
0.9417,0.01916,ATCGACCTTATAAACC,,0,0
0.9417,0.009024,CAATTTGTACTGCTGA,,0,0
0.9415,0.01416,CAACTAAACAATAAAA,,0,0
0.9414,0.01312,AAAAGAATCATTAAAC,,0,0
0.9412,0.02652,GGCTCCGTTAATAATA,A476Q,1,1
0.9412,0.01098,TAATGAAAACCTATGC,L243I,1,1
0.9412,0.06393,CGATAAGATCTTAGAG,S46I,1,1
0.9411,0.0153,TACTAATCAACAGACT,,0,0
0.9407,0.005915,CCGATTTTTGGCCGAC,,0,0
0.9407,0.02209,TACAAATAAATTTAAA,,0,0
0.9406,0.009246,TGGCTAGACCACAATA,P4K,1,1
0.9406,0.02774,CAATATTAATATACCT,P324F,1,1
0.94,0.02032,TGAATATAAGAAAATA,G78A,1,1
0.9398,0.004952,AACCATAATAAGTGCT,,0,0
0.9395,0.02102,CATACGAATCGTAAAT,G49F,1,1
0.9395,0.03971,CGAATATCTAAATAAT,K82C,1,1
0.9394,0.007191,TAGTATCCATTAAACT,V130I,1,1
0.9394,0.009002,CAAGTACTAACTCAAT,Y423W,1,2
0.9394,0.01127,AATCAGTTATCACAGT,,0,0
0.9393,0.02019,CAATTCAAAACTCTAC,G263S,1,1
0.9385,0.02006,CGTCACTGAAAATTAA,R33V,1,2
0.9384,0.0425,ACAAGCCTACAATTCA,,0,0
0.9379,0.006822,TTACAATGCCCAATGT,R307K,1,1
0.9377,0.002352,TTTCGGATACAGCTCC,R482L,1,1
0.9376,0.01917,AAATTTGCATCACTTA,T128K,1,1
0.9375,0.01302,GTCACGGCCATTTTCT,,0,0
0.9374,0.007804,CACACAACGGAGTCCT,K472S,1,1
0.9373,0.03396,ATCCTGAAGTAAGGAC,D291P,1,1
0.9368,0.01613,CATAACAACACTGAAG,F294L,1,1
0.9367,0.009605,AACCCTCATGCCGTAG,,0,0
0.9364,0.02678,CGTCGATTCTACGCTT,,0,0
0.936,0.002868,TTTACATCCGATCTCA,,0,0
0.9359,0.0092,ATTGAAGGAACGTCGA,K315L,1,1
0.9357,0.02966,AAAATTCAATTACCAA,N285D,1,1
0.9356,0.0128,ATCACAATTTAGTGCT,G218S K503R,2,2
0.9354,0.02655,TTATCTTAAAATTCAC,F353W,1,1
0.9352,0.01343,TCGCTTATAACTCCAG,,0,0
0.9347,0.01337,GTGATTGAAATTACAG,,0,0
0.9346,0.02938,AAACTCGCTTGAATTA,,0,0
0.9345,0.02777,AAAAACCTCGCGATAA,,0,0
0.9345,0.01631,TAACTTTACTTGCGAC,K264G,1,1
0.9344,0.01532,TTAACCTATTCTGGCC,,0,0
0.9343,0.02385,CACTCGACACTATACT,,0,0
0.9343,0.004153,GAAGAAATTAAAATAA,A163N S400V,2,2
0.9342,0.007374,TATTTTTCTTAAAATT,I242Q,1,1
0.9341,0.06022,GCGTATACAGAAAATT,,0,0
0.9341,0.01177,TGTCGAATAGCTAGTA,T135V,1,1
0.9338,0.01398,AGGTAATTTACAAGAA,Y470F,1,1
0.9337,0.01229,CAATACCCTAACTAAG,R482Q,1,1
0.9336,0.006578,TAGTATTAACAGAATA,Y233L,1,2
0.9336,0.01073,ACCGACATCATTTAAT,I331V,1,1
0.9336,0.03088,GCCTTCATCCAAATGT,D101K,1,1
0.9328,0.01137,GTGTATGAATAGGTTA,L157V,1,1
0.9325,0.02589,GGCACAATAAAAGAAC,K50V,1,1
0.9325,0.02729,AAACAATAAAGCTCTC,S369T,1,1
0.9325,0.02729,GAAAAAGTGAAGTGAA,,0,0
0.9325,0.03058,CGGAATTCAAAACCCA,S198T,1,1
0.9324,0.03254,TTATTAATATACCTCT,D419G,1,1
0.9324,0.01133,ATAAAAACAAGTGCGC,,0,1
0.9324,0.03477,TCCCTCACTCAACAGA,,0,0
0.9323,0.01343,AGCCCCAATTAAGGAC,K82I,1,1
0.932,0.05292,CATTTTTTATTAACCG,I282V,1,1
0.932,0.05292,GTCTGAAACATTTGTG,D188L,1,1
0.9319,0.02049,TAGATAAAACAGAAAA,E426Q,1,1
0.9318,0.01303,AATGACTGGGCGCGTC,,0,1
0.9318,0.06688,TATGATAAAATGACCA,,0,1
0.9318,0.007656,CCCCTACAGACCTACG,L367F,1,1
0.9317,0.01412,TACTACCAATACTCCC,Q501N,1,1
0.9316,0.002854,TTAGGAAATACCAACA,P289A,1,1
0.9314,0.09084,GCCAATTTTATAAACG,R92W R269K,2,2
0.931,0.03689,TCATACATAAAAAATA,N94L,1,1
0.9307,0.02547,CCAAATAACGTTTGCC,N296D,1,1
0.9305,0.006654,GAGATTAAAAGCGAGA,H18M,1,1
0.9305,0.004527,AAGAGAACATGATCTC,P227R,1,1
0.9304,0.009618,CACAGTTTTGGAATGC,N122Q,1,2
0.9302,0.001569,TAGCTACCATAAAAGC,,0,0
0.9301,0.02297,GGCTACCCAATGGACC,R405E,1,1
0.93,0.009588,GGGTGTTCAAAAAATA,I377V,1,1
0.9299,0.002473,ACGGATACTTGACGCG,R307I,1,1
0.9298,0.02526,CTACTCAAACGGACAT,R482A,1,1
0.9298,0.01187,AAAACAAGGCGCAGAA,Q210C,1,1
0.9297,0.01387,ATCCAATCACAGAGAC,I288F,1,1
0.9296,0.02092,ACAAAATAAGTCCAAC,,0,0
0.9296,0.02092,ACCCTTGTTTTCAAAA,I288T,1,1
0.9293,0.004784,AAAAACTCTGTACAAA,K453Q,1,1
0.9292,0.0124,TTAGAATCTTTTATTA,,0,0
0.9283,0.01118,TAAGAAGAAAATAGAT,R33V,1,1
0.9283,0.0237,GCCGGGGACATAGAAG,N285C,1,1
0.9281,0.02065,CAAAACACTCGTTAGA,K82F,1,2
0.9279,0.009593,AAAAAGAAACAAAGCA,,0,0
0.9278,0.01898,ATCAACTATCTATCGT,D175S,1,1
0.9276,0.04201,ATAAATTACTAAAAAT,,0,0
0.9276,0.01288,ATGCAAACGAAAATGA,I48L,1,1
0.9273,0.003202,GAAGTTTTTACTAGTA,I418E,1,1
0.9272,0.0024,TAGTAAGCTTATGAAA,S287A,1,1
0.9272,0.0458,GTTGATGATCAGCTAT,,0,0
0.9272,0.01886,AGCCGCTAATTAGAAA,,0,0
0.9272,0.1069,CCAACTTCAATATGAA,,0,0
0.927,0.01746,AAAACATTATAGACTC,I202V,1,1
0.9269,0.02232,ACGTAATAACTTTTCC,,0,0
0.9269,0.003254,GATGCACCCTTGTTCA,N290C,1,1
0.9268,0.03093,AGGGAAAATAGAACAT,N22Y,1,1
0.9267,0.01183,AAGTAAATTCAACTAT,,0,0
0.9267,0.03832,GATGCTTGACTAACAA,,0,0
0.9264,0.01241,AAACTCAGATTAAGTC,,0,1
0.9263,0.07341,AGTTAGTTAAGTACCC,,0,0
0.9262,0.01616,GAGACAGATATTTCTA,D188R,1,1
0.9262,0.04145,ACACTTGCTCAAATTA,,0,0
0.9262,0.04145,ATCACTATTTCAACGG,Q407M,1,1
0.9261,0.02216,ATAAAGATCGATGGAC,,0,0
0.9261,0.01798,GAAACTGGTCTTAGAC,,0,0
0.9261,0.01305,ACGCCCTCCACGAAGT,M268C,1,1
0.9254,0.03785,TTACTATTTGAAGCCC,K238Q,1,1
0.925,0.02095,TCAACTAAAATGCAAA,,0,0
0.9248,0.01289,GACTGTGCTCTTAAGA,,0,0
0.9247,0.03483,AGGCTTGGCGTATAAC,T117Y,1,1
0.9247,0.03483,TTCCGAGTCTATCAGA,M462Q,1,1
0.9247,0.02685,AGGATGCTACGCCAAC,A93M,1,1
0.9246,0.007283,AATGACCCACAATCCG,L66I,1,1
0.9246,0.01322,ATGGCTGCTTGTTATC,,0,0
0.9243,0.01643,TTCAGCAGCGTCTTAT,R299K,1,1
0.9242,0.03225,AAATGACATGCAACCC,K278W,1,1
0.9241,0.0374,AAAAAAATAATATAAT,,0,0
0.9239,0.009423,TGATTATTAATAAACC,,0,0
0.9238,0.01435,CCAACAAAGACACCAA,W234F,1,1
0.9238,0.005449,TAAAACTTCAACTATA,S143V,1,1
0.9236,0.01148,CAGTTAATCACACGAC,K50V,1,1
0.9236,0.03445,GATGTACGGTTTAGCA,,0,1
0.9233,0.0281,ATTTAAGTATACAGTC,,0,0
0.9228,0.001852,CCTGAACAATAATCAT,F174T,1,1
0.9228,0.003897,AGTTTATACCTTCATA,P289T,1,1
0.9228,0.0114,AACTTCCTCAGTCCTT,S54Y D493L,2,2
0.9227,0.02975,ACGCACTACTAATAAA,S9N R299Q,2,2
0.9226,0.01961,ATCTTCAAAAACATAC,I48N,1,1
0.9225,0.01737,ATTAACACTAAGCAAG,S312G,1,1
0.9215,0.01184,GTCCCCAGGCTACACT,,0,0
0.9215,0.02026,GTGTGATGACAGCAAC,Y233F,1,1
0.9215,0.008854,TACAACCTGCAAGCAA,L428Y,1,1
0.9212,0.04326,ACGAGCGCGATTTTCT,,0,0
0.921,0.01396,TCTCTTCAGCTTAGCA,E426Y,1,1
0.921,0.03128,GTATTTTGTCCCCCGA,D7I,1,1
0.9209,0.005123,TAGTTACCAAACATCA,T328E,1,1
0.9209,0.02013,TTATTAAAAAAATAGA,P324M,1,1
0.9207,0.009731,CTAAACATCCATCCAA,,0,0
0.9203,0.009287,TAGACAGAATCAAGAA,S209G,1,2
0.9203,0.017,CGTTTCAACTTAAAAA,G142W,1,1
0.9202,0.1,GCTAGGCAGAGTTTTA,K292I,1,1
0.9201,0.00873,CTACCTTTGTCGTACA,S114M,1,2
0.92,0.007813,TAAATACCTTTCTCAA,G78L,1,1
0.9198,0.0147,ACTTTAACGCAAAAAA,,0,0
0.9198,0.02892,TTTAAAAAATCAACAA,F467L,1,1
0.9197,0.007657,TGTACAACTAGAGTGA,D104Y E280G,2,2
0.9197,0.009232,GATGCTTCACCGAAAA,,0,0
0.9195,0.01569,ACATACGGCAGTAAAA,Q454T,1,1
0.9194,0.01822,ATGCCTTTTTAACCAT,R383I,1,1
0.9193,0.02412,TACAACTAGCCCAAAC,D85S,1,1
0.9193,0.03569,CACATAACGGTAAGAA,,0,0
0.9191,0.03299,ACATACACGTGATGGA,,0,0
0.919,0.01561,GACGGCCAAGGACTCG,T135I,1,1
0.9189,0.003539,CTATTTCAACAATTTA,N497S,1,1
0.9188,0.01811,TTTAAAATAACGATAA,T30G,1,1
0.9187,0.01739,ACTCCATAGCAAGTCT,,0,0
0.9185,0.004196,TAAAACCTGACAACAA,N81E,1,1
0.9184,0.02157,CATATCAACGCGCCCA,A476N,1,1
0.9184,0.04209,TTCCGACCGCCAAGAG,,0,0
0.9183,0.01878,CATAGATAGCCAAATC,S114G,1,1
0.9182,0.003852,TTGTAAGTCCCCTTGA,E35M,1,1
0.9181,0.01663,AGCACGTACGTTGCGG,,0,0
0.9178,0.02253,TTTCAACTAGATATAA,Q1T,1,1
0.9177,0.02042,AAGAAGCAAAAACCTA,,0,0
0.9177,0.0195,TTATTACACAAACCAA,,0,0
0.9175,0.01348,TCTGGTAAAGTAAATA,K140S,1,1
0.9175,0.01307,AAAAGTTCACCGCCTG,,0,0
0.9171,0.02492,AAATCGACTTCTTTAA,,0,0
0.9171,0.006276,TCAGAAATATGGAAAT,A212Q,1,1
0.9171,0.04153,AAATAAACCTACCGGT,E325Q,1,1
0.9171,0.008003,AGAACATAAAAGAACC,N133Y,1,1
0.9167,0.01296,CATTACTACGCAACTA,Q191P,1,1
0.9166,0.01637,CTCGATTTGCCTGATC,N45H,1,1
0.9162,0.02788,TATAGTCGCAATAGCG,I374M,1,1
0.9162,0.02788,TTATGAAATCCAACAC,G129H,1,1
0.9161,0.03197,CTGTCACACAGCGTTT,T187G,1,1
0.9154,0.02599,TAGCATAAATGTGATA,,0,0
0.915,0.06568,GCTTTCATCGTCCATT,Q454R,1,1
0.9149,0.0174,TACCGCTAAATTAACT,D32V K452E,2,2
0.9148,0.01444,GGACTCGAACTTAATA,D101M,1,1
0.9148,0.02434,CAACAAATGCTGATAG,N122K,1,1
0.9147,0.002426,ATAAAGGAACGGCTAC,,0,0
0.9146,0.07733,GCCGATGTGAACGAGA,I245L,1,1
0.9146,0.01133,ACATACGGCTTACGAA,R482Q,1,1
0.9145,0.009999,CTACACTGAGCCCTTT,I179V,1,1
0.9145,0.01023,GCCAATGCTACTTTAT,I335V,1,1
0.9144,0.01229,CGGTAATCTCTTATCA,Q211E,1,1
0.9143,0.02174,TGGATAAATTATGCTA,G200P,1,1
0.9143,0.00737,ACGCCCACCCCTCAGT,,0,0
0.9142,0.01802,AATTAATCAATACATA,V213G,1,2
0.914,0.004619,TCAGTCGAAATAGAAA,Q44E,1,1
0.914,0.008894,TCTGAAGAGACTAATC,D375E G386E,2,2
0.9136,0.0122,GACGACGATCTGCCAA,I418D,1,1
0.9135,0.05606,CAAATACTAGATAAGA,I214N,1,1
0.9133,0.008476,ACGCATTAACCCTGCA,,0,0
0.9133,0.03994,CACCTTAAATGATATC,S219I,1,1
0.9131,0.01782,CAAAACATTACGGATA,,0,0
0.913,0.02144,TATATGTAATCCTTTT,,0,0
0.9129,0.04396,AAACAAAGGCAAGACT,,0,0
0.9128,0.02692,ATTGTCACTGAAAATG,R208W H435Q,2,2
0.9128,0.02692,GACAACCAAGAATAAA,I51F,1,1
0.9126,0.01412,TTAATATTCCTTGTAG,I3E,1,1
0.9126,0.0203,CAAAGGGTAAAAAATA,,0,0
0.9124,0.007767,TTATACTTCACAAGAT,,0,0
0.9122,0.01024,CGCCCTGAGAATAACT,E280A,1,1
0.9122,0.003892,CTAGACAATGCCATCT,,0,0
0.9121,0.01762,ATAATTTTATTTCAAT,A69T,1,1
0.912,0.002678,TCTATTCAGCCTTGCT,K140S,1,1
0.9117,0.02115,TCCTAATCTATGGCTA,E119Q,1,1
0.9115,0.01613,TAACTCTAAAACATAT,K207D,1,1
0.9113,0.09124,ATTTCAATACCTTAAG,,0,1
0.9111,0.006771,ACCGGTCATCATAAAA,S114M,1,1
0.911,0.01742,CATCTTTAGAATCCTC,E280I,1,1
0.911,0.04814,AGAAATTACCTATACA,,0,0
0.9109,0.004238,TTAGCATAAGACATGG,,0,0
0.9109,0.03269,ACTTAACTCAAATAAG,K50E,1,1
0.9102,0.05411,AAACCTATGATTCCAT,S54C,1,1
0.9101,0.008187,GTAGAGTCTCCAATCA,R141Q,1,1
0.91,0.009308,TTATTTCAAGTCACTT,Q44R R208I R482I,3,3
0.9094,0.007378,TTGAAAATAAAGTAAT,K121I,1,1
0.9093,0.02059,GGTATCCCACATTTAA,D188N,1,1
0.909,0.009425,AAATTTAACAAATTAG,D104P,1,1
0.909,0.002451,AGAAAGCAGAAACGCG,N489T,1,1
0.909,0.03202,AACCATTAAGCGTAAC,,0,1
0.909,0.03202,TTGAGTCCTAGCCATC,,0,0
0.9085,0.005567,GATATGTGACTATCAA,,0,0
0.908,0.02399,AACCAAAGGCTTGGAC,G129M,1,1
0.9079,0.0193,AACGACCAATAAAAAC,Y302F,1,1
0.9076,0.03754,GTACAGAAGACCGTAA,S422G,1,1
0.9075,0.06058,AAGTCAGGAACTAGAT,,0,0
0.9073,0.002665,AATTCCCGGTAAACCC,,0,0
0.9073,0.02381,ATTAGCGAGACTCTCG,K292R,1,1
0.9069,0.01043,GCAAGCTAAGCATCTA,S265C,1,1
0.9068,0.006252,ACAAGCGGAAAATGTG,S137V,1,1
0.9068,0.003926,AATTTTTAACAGTAAC,Y308F,1,1
0.9065,0.00323,GGCGCTGGCAACTGTA,N45E,1,1
0.9064,0.01127,TCCGCAAAGGGTAAAT,,0,0
0.9062,0.01193,TTGAGTACACAAATGT,,0,0
0.9058,0.05942,AAACAGTCAATCACAA,K171L,1,1
0.9055,0.03345,TGGTTTTAGAGAATAC,,0,0
0.9048,0.01388,CTGATATGCGCCAACC,N8M,1,1
0.9045,0.03623,CCATGCTATAATATTT,R109Y R201F,2,2
0.9045,0.007246,TCCCTAACCCGAATTG,T30G,1,1
0.9041,0.009583,GCTATGGTTTCTACAC,N424L,1,1
0.904,0.01036,TAGCAAAGGAATATAC,,0,0
0.9034,0.01599,CAACTCAAAAACCTAC,,0,0
0.9032,0.003455,CAACATTAATCTTGAA,,0,0
0.9031,0.0192,ATCCTGAGGCCCACAC,S143-,1,1
0.903,0.01116,GAAGCAAACTGATGTA,R208N,1,2
0.9029,0.02988,CAAAAATACATCATTC,,0,0
0.9027,0.01112,TCCAAAAAGAAAACAC,N133M,1,1
0.9027,0.02402,CCGACAATAAGCAATC,,0,1
0.9027,0.02402,GGTAAACAGATGAACG,R92N,1,1
0.9025,0.03541,CAATGCACAAAAATAA,S9T,1,1
0.9025,0.004348,GAACAGAATGTGTATC,Q376G,1,1
0.9025,0.02563,GAGTATGAATATAGAA,V490A,1,2
0.9024,0.004502,ATAAGATCTAAGAAGA,,0,0
0.9024,0.003552,GAAGAAAACATTTGAT,Q57E,1,1
0.9024,0.01726,TCATACCTATATAAAT,,0,0
0.9022,0.00318,ACAGGTCTTTCAAGAG,,0,0
0.9013,0.01559,TGTTCACTCATACCGA,A212I,1,1
0.9013,0.007708,TTTTAAATGTAACACA,R208F,1,1
0.9011,0.003828,ACACAGGCACAATGAC,R269K,1,1
0.901,0.008792,CTTTATCGGCTATAAA,S91G,1,1
0.9007,0.01484,CTTTAATGACTAAGAC,,0,0
0.9006,0.01863,TTTAAAGATGCTCGAA,V166T,1,1
0.9006,0.02904,GCTCAGTAGAATTCTA,V213A,1,1
0.9005,0.005297,GGTACAAGTATCATAT,,0,0
0.9004,0.009414,GTAATACTCCAAAATA,V223A,1,1
0.9003,0.01609,CGAAGATACACAATAG,N290L,1,1
0.9003,0.009652,CACGATCCACTCTTGC,,0,0
0.9003,0.01365,TAATAAATGACCCCAA,,0,0
0.9001,0.0008917,ACTGATACACTATGCA,G78H,1,1
0.9001,0.01146,AACACTGCTCCCATCA,,0,0
0.8999,0.01264,ATAGGCTTCGCATGTG,T10H,1,1
0.8995,0.003958,TGACCCCCTTACAAAC,E426W,1,1
0.8991,0.01209,GCGCATCTAAAGTAAG,,0,0
0.8991,0.02851,CTGACGTTTCGATATA,,0,0
0.8989,0.007993,ATTATATCTCTTCACC,,0,0
0.8987,0.06453,ACTACAGCGATTATCA,,0,1
0.8983,0.02825,TATGCGTTTACAGAAA,P273V,1,1
0.8982,0.05426,AGATTATTCAAATATG,R141M,1,2
0.898,0.1005,TGATTAACTAAAACAA,,0,0
0.8979,0.004064,TATCCTTAATATTGCA,G62T,1,2
0.8979,0.02424,AGACGCGCCCAATCAC,,0,0
0.8978,0.006559,TACATTTGCACCACTG,,0,0
0.8976,0.01708,ATAATAGGACAACACA,T301A,1,1
0.8976,0.028,CACGGCGAGATGCCCC,,0,0
0.8976,0.028,GGCGAACTATGCCAAA,,0,0
0.8976,0.04115,ACCAATCCGCCTACTC,K503F,1,1
0.8975,0.01997,AAATCCATGGTTGAAC,,0,1
0.8974,0.008413,GGATGTTACGAACCAA,,0,0
0.8974,0.03672,CTGCACAAACATATCT,T117I,1,1
0.8971,0.01618,AAACTGTAATATAAAT,K278F,1,1
0.8971,0.01618,TGAAACTCTCCGAGCC,N126L,1,1
0.8971,0.01545,CAAAAAGCCACGTAAA,K472I,1,1
0.8965,0.04062,ATAACGATCCCAAAAG,E280L,1,2
0.8965,0.01972,CGAATCGCAATAGTAT,D32H,1,1
0.8964,0.01768,CACTCTTCTATCCACC,L13V,1,1
0.8964,0.01768,TAATAGAAATAAATCC,Q197G,1,1
0.8955,0.07574,GTTGATTAAAGGAAAG,,0,0
0.8953,0.01114,ATAACCCCGTTTGACA,,0,0
0.8952,0.01191,GCTCAATATTTGTTTA,G240M,1,1
0.8949,0.02504,CAAGAATTATGAGCCC,,0,0
0.8949,0.02504,TCCCCAATAGTAAATT,S47G G49H,2,3
0.8948,0.02936,TCAATGTGTACGAGCC,V237I,1,1
0.8947,0.003608,TATAACCCACAGTCTC,,0,0
0.8947,0.003853,TGAAAGATATACTCAA,P227M,1,1
0.8944,0.04479,CATAAACTTACTCTTA,L157K,1,1
0.8943,0.01265,ATTCACAACCATAAAA,,0,0
0.8942,0.01098,ATCCTGATTTTTGAAA,I300W,1,1
0.8942,0.006144,TTCTCGATACCAAGAA,,0,0
0.8938,0.006873,GCAGAATAACCCGTTA,K326Y,1,1
0.8938,0.03507,CTGATTTCTGTTACAG,A212E,1,1
0.8935,0.006441,CGTCACCTTAAAAAAG,M444F,1,1
0.893,0.01465,TAATTCTCAAAATAAC,S369T,1,1
0.893,0.03468,CAAAAATCTTGAGAAT,N63Q,1,1
0.8926,0.002968,TCCTTTATAATTACAT,,0,0
0.8925,0.01769,GTATCTCCGAATTATA,S149L,1,1
0.8923,0.004446,TACAGGTAGCGCGGAA,,0,1
0.8923,0.04354,AAGTTATCGTAAACCA,,0,0
0.8922,0.006337,GTAACAACTACGAATG,,0,0
0.8921,0.01386,CTCTTTCCCACCACTA,R92I,1,1
0.8917,0.006417,AACCAAAAATTAGAAT,,0,0
0.8913,0.01216,ATACTCCACCTTAAAT,A106C,1,1
0.8913,0.04294,CTGAAGGGCTAGGCTA,,0,0
0.8911,0.01646,ATGCCATAGAGCCCTA,,0,0
0.891,0.09165,AACTATCTACGCCTTC,,0,0
0.891,0.01833,CCATATACTAAAAAAG,Q376F,1,2
0.8909,0.02068,TTATATATATTGAAAT,G78N,1,1
0.8907,0.02779,CAACACTGCTGTTAAC,K278Q,1,1
0.8899,0.02528,GAGCCGGTTAAACCAC,,0,0
0.8898,0.01148,TGACAGGAAATAAAAA,Q57A,1,1
0.8898,0.05741,TTAGGCTTAACGACTA,,0,1
0.8898,0.0332,AAAACCTAGCCCTCGT,,0,0
0.8893,0.02507,ATTGTGACAATGCTAG,L314I,1,1
0.8893,0.01393,CATCCGGTGAGCATAA,Q1D,1,1
0.8887,0.002196,AACAATTGCGAGGAAA,R307N,1,1
0.8885,0.04763,ACACACTTTAGTACGT,,0,0
0.8877,0.01751,TAGTCCATAAGAAAAA,G504A,1,1
0.8876,0.006056,TTCCACACCTGAAACA,,0,0
0.8875,0.01357,TCAAATTTTAAACTAT,V20M G49D,2,2
0.8873,0.003224,TTGGCTCACGACAGAC,,0,0
0.8873,0.05537,ATAAAACAAAACACGG,R222F I418L,2,2
0.8872,0.06754,AATCCTGGGATGCATG,,0,0
0.8872,0.06754,CAAAGGACGTTCAACG,Q363S,1,1
0.8872,0.06754,TAAATATTAGTTAGGA,,0,0
0.887,0.02886,CTAAAGTACGAGAGCA,N53G,1,1
0.8866,0.01631,AAGTAATAAGTGCTAC,Q44M,1,1
0.8866,0.02411,AAATAGGCATAATTTG,K121Q,1,1
0.8862,0.01394,TATACATCACCTCAAT,,0,0
0.886,0.01927,AAATTTCTGCTACCAT,Q1K,1,1
0.8858,0.007734,CACTCTAAAAAGAAAT,,0,0
0.8852,0.007295,AGTGTTTTCCACCACC,K121Y,1,1
0.8852,0.02188,TGATAAGCCGGTTTTG,,0,0
0.8852,0.03474,TGCAGTACCTTTTAGA,,0,0
0.8843,0.06474,TGAAAAACTATACCAA,A212L,1,1
0.8841,0.008415,GGGGAAGCATTCCCAT,Q327R,1,1
0.884,0.01658,AACATTTCAATTCATA,K259E,1,1
0.884,0.03868,AATTGACGCCACGGAA,P55R,1,1
0.8834,0.02129,ATAGGAGCCCTAACGA,,0,0
0.8832,0.03821,ATTAACGTACGTCTCA,,0,0
0.8832,0.02491,ATCATAAGGTATCATT,S198E,1,1
0.8831,0.01395,AATATTCATGTAAAAC,,0,0
0.883,0.02114,TGACCACAGAATTCCT,,0,0
0.883,0.009061,CATGCAAACACTACCG,Q211I,1,1
0.8826,0.04364,GCAAAAGCCTACTAAA,A93M,1,1
0.8822,0.008679,AACCTATATACATAAT,,0,0
0.8822,0.006485,CTACTGGATATATTCA,Q311L,1,1
0.882,0.008396,AAGTACAACTAACACA,G49Q,1,1
0.8817,0.009815,AAGACACCACAATACT,R201Y,1,1
0.8817,0.05086,ACTTCCTCGAGGAATA,R383L,1,1
0.8817,0.0373,GCGATATGGCGCCTAT,V429I,1,1
0.8815,0.006274,TGAGGTCTGCCAATTA,,0,0
0.8813,0.01917,ATGAGACACCTCCAAA,E484K,1,1
0.8812,0.007821,TTAAGTTGTAGAGTAG,,0,0
0.8811,0.009724,TAACATTTGGCCTAAT,,0,0
0.881,0.03256,ACTCTACAACGGCAGT,G275F,1,1
0.8807,0.02395,AACAAACTGTACGGTA,S199I,1,1
0.8806,0.005561,TCACGCAAGTCCAATA,,0,0
0.8804,0.06094,ATACACATGTATCATA,G142S R361M,2,2
0.8804,0.02032,CATGCAACGTCTTAAA,G275M,1,1
0.8803,0.02191,ACACGACGCAATTCAA,R269Y,1,1
0.8797,0.04925,GATTCCAAGCTTTCCG,Q132H,1,1
0.8796,0.02005,TCATCGATGGCAACCA,A212P,1,1
0.8793,0.02837,ACTCCCCAACTCTAAA,T12F G379Y,2,2
0.8792,0.05978,ACGAATGCAAATTCAA,N8R Q197H,2,2
0.879,0.02145,AAATTCACCCCAGAAC,,0,0
0.8789,0.01371,ACCGTATTAGACCATT,I481L,1,1
0.8788,0.01187,AAAAATGTTACTTGGG,S143E,1,1
0.8787,0.01616,TGATTAAACTGATGTG,Y470F,1,1
0.8787,0.01046,CATTATACATAGCAAG,,0,0
0.8785,0.007484,TCATCAACTTGTTAGA,S124M,1,1
0.8783,0.04078,CTATGAAGCAATGGAT,A304S,1,1
0.8783,0.01827,AAAAAAGATGGATGTG,S46N,1,1
0.8783,0.01513,AACAATATTCCGCGGT,,0,0
0.8781,0.005233,TGTCTCTAAGTTCTCC,S9F,1,1
0.8781,0.02514,GCCCAACCATAAATAA,,0,0
0.8777,0.007395,GTAACAATCAAGGGCG,V406L,1,1
0.8777,0.001882,TATCGCCCCCAAATAC,S312K,1,1
0.8774,0.006293,CTTAGCAATCGGACTC,G78R,1,1
0.8771,0.02474,TTGACTACTTGTATCA,N53S,1,1
0.8771,0.0106,TCTTTATCAATTCATT,,0,0
0.8769,0.005818,GTCAAGGACCACTTAT,I282H,1,1
0.8769,0.0167,TTACATTCTATTGGAT,Q44Y S312T,2,2
0.8766,0.006205,ACTCAATTGAACATTC,R383G,1,1
0.8766,0.01776,CCGGTGGACTTTACTG,S480Q,1,1
0.8764,0.006181,AGTACTCCAACGTTAA,S231E,1,1
0.8763,0.003632,CTGGATTTTAAGCTGA,S46Q,1,1
0.8762,0.02224,TACAATTTCCCAAAAC,T203E,1,1
0.8759,0.05653,TCCCTATTAGTTAACA,N6M,1,1
0.8757,0.07249,ACCCAACACCAATCTT,D291F,1,1
0.8757,0.01635,TACTAGTCATACAAAG,E449D,1,1
0.8755,0.03367,GCGATCGCCCCCTGAC,,0,0
0.8754,0.00655,CTTTATGATAACCAAA,,0,0
0.8753,0.03876,TAGCTTATGAATTTGA,P289S,1,1
0.8753,0.01292,AAACTATGTACCACCA,G78N,1,1
0.8752,0.02645,TATGCTTAACCGACCA,R269W,1,2
0.8745,0.008719,GGAGAGCTATTAGACC,P284H E398S,2,2
0.8743,0.04499,CTCAGATAACATAAAC,R141M,1,1
0.874,0.01144,ACATAAGATGACCAAA,,0,0
0.8739,0.03782,ATACCCCGTTAAAATT,S198G,1,1
0.8738,0.001549,GGTGTCCACAGGTTAA,A106D,1,1
0.8736,0.008575,GATTCACCATTATAGA,,0,0
0.8734,0.007263,AGCAGCCACATAACAG,,0,0
0.8733,0.0108,CCGCAGAAAAAACTAA,I67V,1,1
0.8733,0.006844,AACTCCTACATTCGAA,P289M,1,1
0.8733,0.03737,AAACCACGAGTTTGAA,Q1P,1,1
0.8732,0.06927,TAACTCAAAGACAATT,,0,0
0.8732,0.06927,TATAATGAAGGTACAA,,0,0
0.8731,0.02104,CGCTCTGCTCCACCAT,,0,0
0.8728,0.01662,AAACCCTATATTCTAA,R383A,1,1
0.8726,0.03692,TGTCCCCTGACACAAG,F79E,1,1
0.8725,0.003961,TCAATAAAATTTTATT,,0,0
0.8724,0.007351,CAATTGATTTCCAACA,S144A,1,1
0.8723,0.01909,AGCAGTTGCAATTAAG,,0,1
0.8722,0.01013,CAGTCTAAAGAGATCT,K140V,1,1
0.872,0.01054,ATACGGGACTCACCTA,,0,0
0.872,0.04313,GAACCTAATCACCCCC,,0,0
0.8717,0.01747,TAAAAGTAATCTGCCT,,0,0
0.8716,0.002344,CTTGGCATAATAAGCT,,0,0
0.8716,0.02477,AAACCAGGTCATCAAA,Q394S,1,1
0.8715,0.008875,AACCTAAATACCAAAA,,0,0
0.8713,0.01875,CTAAACTAATTAAGTC,I331V,1,1
0.8712,0.04254,TCTCATTGTCTCATAT,K171I,1,1
0.871,0.02742,GTATTATTTAAGCAAG,,0,0
0.871,0.007165,ATTATAAGACCCACTT,R269E,1,1
0.8706,0.00906,GAATAATCCAAGTCAT,G275E S480M,2,2
0.8706,0.02718,AATGGATTTTAATTTA,K82D,1,1
0.8702,0.0112,GACCCAGACGCACCTA,K121H,1,1
0.8702,0.004063,GATAAAGACCCTAGTT,Y257F,1,1
0.8699,0.006614,GTAGCCAATAACGGAA,,0,0
0.8696,0.01227,AGAAATCTTATTGAAT,R269F,1,1
0.8695,0.0181,CGGCGTACTTAAGATT,Q197R,1,1
0.8692,0.01799,AAACAGATAACTAACC,F294W,1,1
0.8688,0.01655,GAGTTTCAAAATACAA,L111T,1,1
0.8687,0.01273,TACGGATCCCATCTCA,S143M,1,1
0.8686,0.01646,AACAAATCGAGAGTCA,,0,0
0.8686,0.01646,ATCATGTACAGAAACA,M462I,1,1
0.8681,0.008309,GCTTAAGCTCAAAATC,,0,0
0.8681,0.008986,CATACGGATCTCCATC,S46V N290L,2,2
0.8678,0.04861,TTAAAGCACATACAGG,N8K,1,1
0.8677,0.06235,TCTAGCCCAATATTCA,P289W,1,1
0.8675,0.01242,GAAGATTAATAATTGC,,0,0
0.8674,0.01316,TCAGTCCTATAAAACT,,0,0
0.8671,0.02541,CAAAGATCTATAAAAA,N498K,1,1
0.8671,0.01877,ATTAATTTCAGGGTAT,,0,0
0.8671,0.01877,CTAAGTACCTATCTTA,,0,0
0.867,0.008783,CATAGTATTGCTCGTT,K259S,1,1
0.8664,0.02025,AACTTTGTTGAAATTC,G275S,1,1
0.8663,0.04714,AGCCTTCAAATCATGA,,0,0
0.8663,0.04714,TACTATTGACGGCTCT,S198R,1,1
0.8663,0.04714,TCGACTGCCAAAACCA,S54H,1,1
0.8663,0.006735,CAAAACATTCAGGTGA,G62I,1,1
0.8661,0.0282,GACTTAAGTAGTAACC,P273V,1,2
0.866,0.003274,GCTCCCTGTCTTCAGA,,0,0
0.866,0.001782,ACCAACCTCAGTTACT,,0,0
0.8658,0.006468,AGTTACGGATAGACTA,,0,0
0.8658,0.03233,CACTGTCCGACATACA,N8I,1,1
0.8658,0.004003,GCCCGCCTAAGATCGA,I282V,1,1
0.8654,0.01986,AATTAGTCCCGAGTAA,K397H,1,1
0.8654,0.03789,TATCCCTTAATAACAA,,0,0
0.8653,0.0277,ACATAGTGACGACATG,S312Y,1,1
0.8649,0.005981,AAAGTAAGATCGTTGC,D291A,1,1
0.8648,0.01177,TAGAAACCAGCTTTCA,,0,0
0.8646,0.01518,ATCATTCGGTAAAGGG,,0,0
0.8645,0.01949,GAAATTTAAACTTTAT,,0,0
0.8644,0.03136,CTTTCAAGATATCGAC,Q1F,1,1
0.8643,0.03699,ACTAAAATTTGTTCTG,G240H,1,1
0.8641,0.01622,AAGCACAGAGGTTTGC,I179L,1,1
0.8641,0.005552,CCCGCTATTTTTATGA,,0,1
0.864,0.0176,CATGTTAGCAGAAAAA,V406L,1,1
0.8638,0.006609,GACGTCATCACCCAAC,K310L,1,1
0.8635,0.001313,CATGCGTTATAAATAA,,0,1
0.8634,0.009732,TAGCATCCGCCAAAAC,I260C,1,1
0.8633,0.02095,ATCTATGAATTCATCA,L157I,1,1
0.8632,0.02652,AGTCTCAGGAACAATT,N483K,1,1
0.8631,0.05669,ACCATCAGAAAAAAAC,L154I,1,1
0.8631,0.006101,TTTGAAAAAATTAAAG,,0,0
0.8631,0.02332,TAACACGCATCTGGGC,V213I,1,2
0.8622,0.001936,CAATATTTTTTATAAT,E280W,1,1
0.8621,0.001353,TAACATGGTCTAATCT,S114F,1,1
0.862,0.01249,TCTCGGAATCCAAGTA,A163Q,1,1
0.8618,0.01428,ACTCGGGAGAAAACAA,,0,0
0.8614,0.005372,AATTGGTGCCAGGCAA,,0,0
0.8613,0.005526,GTGTAAACCCAAATTG,P227M,1,1
0.8613,0.01813,TATATCTTACACAATT,E325P,1,1
0.8612,0.00927,CATCCGAAAACCCAAG,G379S,1,1
0.8612,0.03454,GCGAAAGTAAGGGCTT,,0,0
0.8612,0.008435,GGGACACAAGCATTTA,G200H,1,2
0.8609,0.01988,AACAAAGACTCTAAAT,G142Q R361W,2,2
0.8609,0.01988,AATATACATTACCAAA,,0,1
0.8609,0.01079,CCATAGGAAGAAACTG,S143G,1,1
0.8604,0.005918,CCTCGTAGTGTTATCA,,0,0
0.8603,0.007301,TAAAGTGGCGTTCAGT,,0,0
0.86,0.007533,CACATAATAAACTTAC,,0,0
0.8599,0.0217,TTTAAGAAATTCATCC,L157E D408A,2,2
0.8599,0.0127,CCTTAAATAACTCACA,,0,0
0.8598,0.007497,TTACTTATTAATAATT,,0,0
0.8597,0.02444,CTATATTGCTTTTACC,P324R,1,1
0.8594,0.007134,GTGCCAAGGGTAACTA,L70I G386R M462I,3,3
0.8593,0.005422,AAATAGTACCATAACA,,0,0
0.8591,0.02126,GCCCATCAGTGTGAAA,Q327K,1,1
0.8591,0.005558,TGCGATAACTCACCAT,,0,0
0.859,0.01442,ATTAATTCACAATCTA,T30S,1,1
0.8589,0.008371,GTAATCCGTGGTAAAA,,0,0
0.8588,0.0133,CGTTTTAGACAACTAC,,0,0
0.8584,0.0237,GCATGGCGCTTTTTGT,,0,0
0.8583,0.0394,TCCAACACGAAAATTA,K276S,1,1
0.8582,0.007518,AAAACTTCTAACTAAC,P4Y,1,1
0.8581,0.01308,GAAACATGGCTAACTA,S231C,1,1
0.8581,0.03206,ACACTCCACTACATAC,,0,0
0.858,0.01677,ACGGGGACACAGCACA,,0,0
0.858,0.02069,CAAGTTTAGAAAAACA,K121S,1,1
0.8578,0.01297,CCCCGACAAAGAATAA,D408K,1,1
0.8575,0.003315,TTAAATACACCAAAAT,G78D Y423W,2,2
0.8575,0.003735,GCCGAACCACTACCCG,,0,0
0.8569,0.003682,ACGAGCTTTTTTGCTG,,0,0
0.8566,0.008286,CATAACAATTAGACTG,,0,0
0.8563,0.01348,CTATTCTCGACAAACC,S358W,1,1
0.8562,0.04798,AACAAAACTGGCTATT,H184E,1,1
0.8558,0.006523,ACGCGGCAGCAAAGTT,T30S,1,1
0.8557,0.01007,ATATAAATGTTAATGC,R201Y,1,1
0.8557,0.01953,AACTTAGATGTTCGGT,S199P,1,1
0.8555,0.02203,TAAAAAATCAAATGCT,A372H,1,1
0.8555,0.003338,CTCAACTTACCCGCAC,,0,0
0.8555,0.008469,TCAGGACCTTAAACGA,,0,0
0.8554,0.01567,AAAACACCATATAAGA,Q376Y,1,1
0.8553,0.008882,ACATACCCTACTAAGC,,0,0
0.855,0.0362,CGATCGTTATGAGAAG,R201F,1,1
0.8549,0.01298,CATACGTGTAAATGCC,,0,0
0.8546,0.01536,CGATATCTATCCAAAA,,0,0
0.8545,0.005635,TATTTTGGTATAAATA,,0,0
0.8542,0.06383,CGTCAACAGTCAAACA,R201W,1,1
0.8542,0.009661,TATCTTCCACGGATAA,T117E,1,1
0.8542,0.006783,CAGTAATCCGAAACCT,Q211T,1,1
0.854,0.006739,AAAATATTCACATATT,,0,0
0.8539,0.0452,TGAGAGCACAACATCA,G504K,1,1
0.8538,0.01261,TATATTCTTACAATGA,N126R,1,1
0.8538,0.02099,CTCCACTTTTACACAA,,0,0
0.8537,0.001273,CAATACGAAGGCAACA,S114M,1,1
0.8535,0.06256,TCTTAAAATCCGACCA,,0,0
0.8532,0.007563,AGTTGAGATAAATAAC,K503Q,1,1
0.8529,0.00521,ATAACCAACACCTGTT,N290A,1,1
0.8528,0.06133,TACATACAGAAGATAT,,0,0
0.8527,0.02778,TCAAAACTCTATCCAG,,0,0
0.8527,0.002107,TAGAAGTCTAACACGA,S198Q,1,1
0.8526,0.03385,TAATAGATCTTTTAAA,Q1E,1,1
0.8524,0.009787,TGGAATCAGCGATCAC,F174N,1,1
0.8524,0.04332,ACTAAACTAATGGAGA,,0,0
0.8522,0.0131,AATCAATTCACTAAAA,T416M,1,1
0.8521,0.02005,GATCACCTAAAATTCC,,0,0
0.8521,0.009098,AACTTTACAACGACCC,,0,0
0.8521,0.02729,ATTTCGTGGAACCAGT,S279F,1,1
0.8518,0.01418,ACAAAATTACTCTATA,H184I,1,1
0.8517,0.01024,CATAATATATGGTTTT,,0,0
0.8515,0.01967,AAGAATCTAAAAAAAC,K264I,1,1
0.8513,0.01399,GTATAATAAGGAACCT,,0,0
0.8509,0.01707,CTCTAAACATTAAATA,,0,1
0.8508,0.002242,TACAAAACGAACCAGG,,0,0
0.8508,0.03211,CGCCACACGATTTGAT,G62M,1,1
0.8506,0.009916,CGAACCTCAATAGATA,,0,0
0.8506,0.04104,CCGCGTTTGAACAAAT,N63Q,1,1
0.8504,0.09534,CTCATCCTATCTAAAT,I67V,1,1
0.8504,0.008644,TCCCTTAGAATCTACT,H56N N63K,2,2
0.8502,0.008124,CATGCCGTTATCACAT,,0,0
0.85,0.01129,GTCTAAAGCTTACATA,,0,0
0.8499,0.003307,CCCATACAATAGTTAT,,0,0
0.8498,0.002246,TATATGGTATGATAAA,Q80Y,1,1
0.8498,0.008503,TTAATTGTTCAAAATA,P289W R405Q,2,2
0.8497,0.05584,CTAATAAATTCAGCAA,R92V,1,1
0.8497,0.05584,CTCAACAAGCAAGAAA,I300M,1,1
0.8496,0.01465,TCATAATCAACTCTTG,,0,0
0.8493,0.0251,ACACAAGTCTATCCAC,W234F,1,1
0.8492,0.03054,CACAACAGTTTTAGAA,,0,0
0.8491,0.01829,CTATGAGCTTTAATGA,K264E,1,1
0.8491,0.01829,TTCTAGACCAGATTAA,A304H,1,1
0.8489,0.03024,GCCTTGTACATAATAT,,0,0
0.8488,0.01005,TCTACCCTTCAAATGC,Q1Y,1,1
0.8486,0.006928,AAAACCATTTACAGAA,M268V,1,1
0.8486,0.001527,ATACGCGTAATGTCAT,S47Q,1,1
0.8486,0.01797,TAAACTTGATAACAGA,S270T,1,1
0.8486,0.05391,AATGTTACATAATCCA,P306A,1,2
0.8486,0.03851,ACCAGTCAAAGGACTC,,0,0
0.8486,0.03851,TTTAAAGAGTCAATAT,Y302L,1,1
0.8484,0.01278,TCAAATACGCAAAATG,,0,0
0.8482,0.0157,AATAACATTAAAAAAG,,0,0
0.8482,0.02046,CACCTGCCCTTATTGA,V204L,1,1
0.8479,0.01056,TGTCCAATGATTGTTT,,0,0
0.8478,0.02394,ATAAAAAGGCTGGAAC,T65N,1,1
0.8477,0.01381,ATTCGGCTAATACCAG,,0,1
0.8477,0.01381,TAAGATTCAATTGAAC,I267Y,1,1
0.8474,0.02884,AAACTAGTTAGTGCTA,,0,0
0.8474,0.00837,TAACTAAAAATTTATT,,0,0
0.8474,0.01994,TATAAGTAACGTACCC,,0,0
0.8473,0.01233,AATAAATCAATGAGAA,I236M,1,1
0.8469,0.08496,ACAACCAAACTAAGAA,P55E D375A,2,3
0.8468,0.01495,TGAATCAGCTTAAAAG,,0,0
0.8468,0.004305,AGTAGATGCACACTTT,S124Y,1,2
0.8463,0.002136,CCCACATAGACGAGCT,N122A,1,1
0.8462,0.002676,AAGTTAAAAAATAACT,,0,0
0.8461,0.01079,ACTATTTAATGGGCGA,T301A,1,1
0.8459,0.01897,GAAACTAAAACCTTAA,S124I I418E,2,2
0.8458,0.01168,TAAAAAATTAATATCC,P227R,1,1
0.8456,0.005667,TCACGCCACTTGAAAT,R92K,1,3
0.8455,0.01057,AAAAAAACTAGACCAG,S107A N285G,2,2
0.8455,0.01279,CTACTAGACAAAATCC,S144G,1,1
0.8455,0.007361,CAACAAGGGACCAACA,R208W A372Q,2,2
0.8454,0.01274,GATACATTACGTTACA,G379H,1,1
0.8454,0.001969,CCCCAATCATGTAATA,Q197E,1,1
0.8453,0.02192,GAGATTAAACTCAATA,N45L,1,1
0.8451,0.02177,GTAGGCATACGGACGA,,0,0
0.8449,0.007191,ACAGTACATAACCACC,I300R,1,1
0.8447,0.02147,AGTTTACTGACCCGCA,I160E,1,1
0.8446,0.01809,TACCACTTATACATAA,K278C,1,1
0.8445,0.01563,TAATACATCGAGCTTC,Q356D,1,1
0.8445,0.01376,TTACCCCTACCACCAC,N63Q,1,1
0.8444,0.04666,ACACATAAACAAATAT,K292H,1,1
0.844,0.03284,GACCCTCCTAAGTGTT,I418H,1,1
0.8435,0.008355,CCGATTATAATAAAAC,E119Q L367M,2,2
0.8433,0.04466,AATAGTTTGAGCTATA,R220C,1,1
0.8431,0.003756,ACTGCATCCAACTCAT,S262C,1,1
0.8428,0.07304,AATGCACGACAACAAT,,0,0
0.8427,0.006253,TTATAATACACAATTG,G5Q,1,1
0.8427,0.0312,GAATTATTGATAACTA,K397N,1,1
0.8426,0.01037,AATTCCGACATCTTTA,,0,0
0.8425,0.04342,TGATTACCCCCGATAT,,0,0
0.8422,0.04282,AAACGAACAACAAACC,I374V,1,1
0.8421,0.01421,ATTGCCTGGCTCCCAC,I300L,1,1
0.8415,0.04168,AGGTATTAGAGCCACA,,0,0
0.8415,0.00507,CTATGGTATACGACTT,K417L,1,2
0.8412,0.01865,TCCATAACATGATGCC,,0,0
0.8411,0.06825,CATAGATCTGATTACT,E35Y,1,1
0.841,0.004966,AGAATTTCTGATTAGC,E280W,1,1
0.8406,0.06679,ACAGCATCATAAACTC,,0,0
0.8406,0.06679,TAAAGTAGTACCACTA,,0,0
0.8403,0.01161,CATAGATGCGCGCTGA,G275A N464L,2,2
0.8401,0.004006,GTTCGAACACAAGAAA,,0,0
0.8401,0.06539,ATAAGATTAGGAGCTA,T65G,1,1
0.8401,0.06539,ATTCCGATGCTTCTTC,D7Q P284V,2,2
0.8401,0.0178,GTGCTTCTGTGAGTCC,S124Y,1,2
0.84,0.0177,AAATCTCTGGAACATC,T328N,1,1
0.8397,0.008362,AAATTAACAACTCATC,,0,0
0.8397,0.06405,ACTTGTCTTACTTTAA,E119D,1,1
0.8396,0.0101,AACTTGAGGGTTTTGC,A373S,1,1
0.8395,0.001548,ACTACCACCGCATTCA,K472R,1,2
0.8394,0.01265,TAGAATTTAAAGAATA,L86C,1,3
0.8393,0.00755,AACTAAATAAAAAACA,R261V,1,1
0.8392,0.06276,GGATGTTTGAACAGGA,I202V,1,1
0.8392,0.0269,GTCACCTAACTAACAC,,0,0
0.8392,0.01255,TCAGTAACCGTATACT,R383A,1,1
0.8387,0.03677,GATTCAAATTTCCTAG,S400Y Q407D,2,2
0.8387,0.008741,CAATATTTATGCACGA,,0,2
0.8385,0.02024,AACTCAAAATTTTACC,,0,0
0.8384,0.01648,GCGACCAAACCTATAT,K310C,1,1
0.8384,0.06033,GTGATAAGAATAACGG,D32L,1,1
0.8383,0.0164,CAACGGATTTCAATAT,,0,0
0.8381,0.01623,TACCCGACTCCCACAA,S46M,1,1
0.838,0.05919,TCCTTATGTGAACACT,,0,0
0.8377,0.006041,AATAAAATGTAAAAAT,L71I,1,1
0.8375,0.01924,CTCGCTCATAAATAAA,,0,0
0.8373,0.003507,TCATCCGTTATCCCGC,N63K,1,1
0.8373,0.00635,CTCGGCCTACATAAAA,D101G,1,1
0.837,0.002968,GACTCTTTTTGTTGCA,R361Y,1,1
0.8369,0.0112,CTGACACCAATTAGAA,Q44L,1,1
0.8369,0.01867,TCACAGAAAAAAAAAG,K207L,1,1
0.8368,0.01856,GAAGATCCTAGATTAG,,0,0
0.8367,0.03325,GGCGCAATATGTATAC,,0,0
0.8366,0.01834,AACGGGGTAGAATAGT,N290F,1,1
0.8365,0.0097,TGATCCAAGTACAACC,Q80S,1,1
0.8363,0.006043,CATAACTGACATCATA,K189L,1,1
0.8363,0.006525,AGCGACTTTACATAAA,,0,0
0.8362,0.009522,CGACTGAAGAGATACA,,0,0
0.8357,0.01436,TATTAACATTTTTCTT,K278W,1,1
0.8355,0.02229,CGCCCATGCCATTGAC,,0,0
0.8355,0.01417,TAATGATCAAGATTTC,,0,0
0.8355,0.01417,TGACCAAAATTTACCA,S9G,1,1
0.8355,0.01038,AGAAATCTCAAAATCA,,0,0
0.8354,0.01189,TAGTGTTTAATCATAA,I214S,1,1
0.8353,0.002706,AGAAGCAAAGATAAGA,K82D,1,1
0.835,0.01379,GTACGCAGGTCAATCA,P103E,1,1
0.8346,0.0087,CGTCACTTCATTCAGG,S219N,1,2
0.8345,0.02108,CTTCGAACCCGTTAAG,,0,0
0.8343,0.01121,AAATGATGAAATCCAA,K2M,1,1
0.8343,0.01117,AACCGCGAGAAGGGAT,N159S,1,1
0.8343,0.008533,CGCAATGCGACGCCTC,,0,0
0.8342,0.02893,TTAATTAAAACTGTGG,,0,0
0.8341,0.004366,GATTATTATAAAGATT,G49A,1,1
0.8341,0.008441,CCCTTACGTTCTAGAG,,0,0
0.8338,0.02815,TCATCTTAAGAACGAA,N45D,1,2
0.8333,0.004725,ATACAATAATCTCTAA,N31D,1,1
0.8332,0.04541,GACTTCGAAACACCCT,,0,0
0.8332,0.01514,TAAGTCCTAATTAATG,L111K,1,1
0.8332,0.04541,TTAATTCAATGCGATC,,0,0
0.8332,0.02717,AAAATTCTTCTACCGA,E325Q,1,1
0.8331,0.005015,TAGATAGATAGTGTTC,S124D,1,1
0.8331,0.01926,GTTTATGCCAAATATA,N489L,1,1
0.8331,0.01926,TACTGCAATCTAACCA,S231W M462I,2,3
0.8329,0.005333,GTGTTAGCCTCTCAAG,,0,0
0.8328,0.04413,CGAATAACTAATCTAC,,0,0
0.8328,0.04413,TAATGTCTGACATTCT,K82M,1,2
0.8327,0.02626,CAGGCCGCGCAAAATA,P227H,1,1
0.8323,0.01424,AGTGCTCAACTTGGTG,I288F,1,1
0.8323,0.01424,GTCACATATGCATGAC,R92F,1,1
0.8321,0.007419,TTCAATGGGTTAGCCG,A372T,1,1
0.8319,0.009561,TCCAGACAAAACACGA,K472Y,1,1
0.8318,0.00496,AAACTTACCCTCACTT,,0,0
0.8318,0.01126,TTAAACGGAAAACAAT,,0,0
0.8318,0.005889,CTCGAAGCTAACCATA,G129H,1,1
0.8317,0.002622,TGAACCCTTCACCGAA,L439I,1,1
0.8317,0.005834,GACGGCAATACTCTTC,,0,0
0.8315,0.00578,ACCGCAAAGTCAACAA,P169L,1,1
0.8315,0.01724,AAAAAACAACCATTTC,K238A,1,1
0.8315,0.01724,AAATAATCTATACACG,,0,0
0.8314,0.008032,AATGTCTATCAAGAAG,,0,0
0.8314,0.01339,ATGAATATAAAGACAT,,0,0
0.831,0.009009,AAAATGTGCAAAACGA,,0,0
0.831,0.013,AAATACTTTTTTTGTA,,0,0
0.8309,0.03867,CACCTAGATGAATCGC,S279L,1,1
0.8307,0.0228,TGCTTCCCTCCCACCA,R354P,1,1
0.8302,0.022,ACAAACGAGAACAGGC,N133F,1,1
0.8297,0.03518,TAATGATAAACATGAA,,0,0
0.8293,0.1021,ACTAAAATCATCAACG,,0,0
0.8292,0.009172,CTGTCTAAGTAGTAAC,L428C,1,1
0.8292,0.02015,ATACGGAAAAATACAC,N285T,1,1
0.829,0.01425,ATCTTGAAGACCACTT,K189T,1,1
0.8289,0.09885,ACGTATTGACCACCAA,R208W,1,1
0.8287,0.0194,GTTATTTATTGTAAAC,R307A,1,1
0.8287,0.03227,AACCAAAACAACCACT,,0,0
0.8284,0.007269,TATAAAGGGCATCATA,,0,0
0.8284,0.0313,ACAAATATATGAGACT,E403W,1,1
0.8282,0.01323,ACGATTTAACTAACGC,,0,0
0.828,0.006055,CAAAATATATTAGGAA,,0,0
0.8279,0.02981,ACCACCTTACTGATAT,,0,0
0.8275,0.01239,TATGACAACTAGATAA,,0,0
0.8275,0.02871,AACCAATATGAGAAAG,,0,0
0.8275,0.02871,AATCGAAAGCATTAAA,N133S,1,1
0.8274,0.02845,GAACAAGCTAATCATA,L86V,1,2
0.8273,0.007721,TCGCTAGTTTTATAAA,,0,0
0.8272,0.02794,CCAATATACATCTCCT,A106R,1,1
0.8269,0.01618,GCATACTGCTCAAATT,D271G,1,1
0.8268,0.02674,TACAGAAATTGCTTAA,,0,0
0.8268,0.01602,ATATAAACCACCCTGA,,0,0
0.8267,0.01594,CTCAATTGGTCACATG,,0,0
0.8267,0.01594,CTCGGACCAAAGACAG,T12F,1,1
0.8267,0.02652,TAAAATAAAATTATAT,N122Y,1,1
0.8266,0.07887,TTCAAGTTACTTGGCA,,0,0
0.8265,0.01111,TCTCTGGAGACGTAAA,S209V,1,1
0.8265,0.02586,AACGTTCGCTCCATAA,K368M,1,1
0.8265,0.02586,ATTTGCTGAAACATAG,,0,0
0.8265,0.02586,GAATTTTAATAAATCA,P103T I236R,2,2
0.8264,0.00454,CATGCTCTCCCACGGC,,0,0
0.8264,0.07693,GAATCATAAACAGTCC,,0,0
0.8263,0.02544,AGTACGGCATATATAT,,0,0
0.8263,0.02544,TCAATATCTATCTTAG,G479Y,1,1
0.8262,0.005014,TTGATTCCCGCAATGT,Q44I,1,1
0.826,0.006695,TCACCACTCAACAGTC,,0,0
0.8257,0.006433,TTACAAATGACACATT,,0,0
0.8256,0.07003,AAAATTCCACAACAAG,,0,0
0.8254,0.02283,GGTCCAATAAACACTA,S358F V490I,2,2
0.8251,0.06561,GAACAACAACAGCAAA,G240R,1,1
0.8251,0.005016,ACCTTTCCCATTCACA,I288C,1,1
0.8249,0.01275,CCAAGCCACGATTCAA,K503M,1,1
0.8248,0.003696,TAGGTACCAACCTTCA,G78N F332I,2,2
0.8247,0.003674,AGGACATTATACTCTG,,0,0
0.8246,0.02044,TGAAGCCATAAAAAAT,,0,0
0.8242,0.002297,TAGAAATATAGCCACT,,0,0
0.8241,0.006331,TCAGACAAATACCAGC,K472S,1,1
0.8239,0.01839,CATGTTACCAAGATAC,S115V,1,1
0.8238,0.007805,CTTTTATACCCGCTGA,E119T,1,1
0.8236,0.0524,GCACGTCAATTTGCCA,,0,0
0.8233,0.04989,AATTCGAATAGTTATA,K238Q,1,1
0.8233,0.01654,GTTCGTAAGTGAAATA,A212Q,1,2
0.8232,0.003254,CAGATCTAGTTGACAT,,0,0
0.8231,0.00973,ATAAATTAGTATCTAA,,0,1
0.8231,0.04834,GAAAGAATAGTATAGA,L118W,1,1
0.8226,0.04423,AAACACAGAAGATTAG,S231I,1,1
0.8226,0.04423,TGTATATCTTATAGAT,R307T,1,1
0.8225,0.01441,AATTTGGAAGGAAAAT,N81L,1,1
0.822,0.01297,ACACCCCACAAATTAA,F79V,1,1
0.8217,0.003967,TACTATGCCCCTAAAA,N285D,1,1
0.8217,0.03565,ATAAATAAAATAAAAT,S54G,1,1
0.8215,0.002632,AGGAAACGGACCGCGA,R361Y,1,1
0.8214,0.01124,AAAGTATGTAACACTA,,0,1
0.8214,0.03372,GATGCAGTTGGTGGGT,N445M,1,1
0.8208,0.009412,ATGCTACTCTTATACT,,0,0
0.8208,0.02823,CAACGCATCCACAGAT,,0,0
0.8208,0.02798,TAAGATATACAGGGAC,,0,0
0.8207,0.009245,GACCTTCTAGCCAAAT,,0,0
0.8207,0.02725,TGAACGACATTACAAC,,0,0
0.8206,0.02655,TATGTTAGCCCCAGCT,N38R,1,2
0.8205,0.02589,AAATAAGGTAATTAAG,D101T S199R S209I S279N,4,6
0.8203,0.02428,AAAGAGAATTATCCCT,Q210F,1,1
0.8203,0.02428,TGAAATATGAAAAATC,S262I,1,1
0.8203,0.002678,ACCTGACAACTCCTAT,H56M,1,1
0.8203,0.00785,CAAAACATCCCAATCT,A106S,1,1
0.8203,0.02355,TCACCCCTGAAAGGGT,P227M R261W,2,2
0.8201,0.0219,GCAACTAATTTCAGAA,E83D,1,1
0.8199,0.0202,AATATCTTTCACAACG,K503V,1,2
0.8198,0.01956,CCGATAACTCGCTAAA,G263N F467L,2,2
0.8197,0.01863,TACCATGTTCAAAATC,,0,0
0.8196,0.002527,ATCTATCTCTGAATTA,S287A,1,1
0.8194,0.01656,CGATTTCTACTTCCAA,,0,0
0.8191,0.0139,GTATTGAACTGGCTGG,,0,0
0.8186,0.008957,TTCAGTCTAATTGGGT,A304P,1,1
0.818,0.004001,TTTCACGCGCTTACTC,G263S,1,1
0.8177,0.001834,TCACAAGCCTTATAGA,N296A,1,1
0.8166,0.007977,CCTGAGCGTTCTATAT,S199Y,1,1
0.8166,0.008144,GATATAATACTTACGT,,0,1
0.8164,0.002004,TCGCCCGCGTCCAAAA,,0,0
0.8164,0.01003,ACAAAGGCAAACAAGG,,0,0
0.8162,0.01142,TGCAACAAGATCTGCG,D175I,1,1
0.8161,0.01267,CCCACATAGGATCTAC,G49D K315Q,2,2
0.816,0.01304,TCTAGACTAATACGCC,,0,0
0.8157,0.01582,TAAGTCTAAACCGCTC,R208E,1,1
0.8155,0.01731,CACAAAGACACCTATA,N63W,1,1
0.8154,0.01843,TTACGTAAAGTATAAG,,0,0
0.8153,0.006557,ATACAATGAGAAGCTG,K417A,1,1
0.8152,0.02062,AACACGACTCAATACA,,0,0
0.8151,0.02132,CAAGGATGGATCCATC,K82Y,1,1
0.815,0.02192,TGTCCTTTAGAAAGGC,,0,1
0.815,0.02224,TTACGATACTTGGACA,Q211I,1,1
0.8149,0.02239,TAAAATTATACTGAAT,I3Q V490Q,2,2
0.8148,0.003406,GATGGAATCCACTCTC,S47H,1,1
0.8148,0.00796,AAGAAAAAGAATAAAA,K50D,1,1
0.8146,0.005161,ATAGACGATTTTTACA,,0,0
0.8145,0.008716,GCATAAACCTTTACAA,,0,0
0.8145,0.008839,AACACTATACCGATAG,S199F,1,1
0.8144,0.02729,AATTCGTGGAACCCTC,T128M,1,1
0.8144,0.02753,AGTTGGAATTACAGAT,T128S,1,1
0.8144,0.02753,CTTTATTTAACAGTGC,N22S,1,1
0.8143,0.02777,CCACAGTTGTTTATAG,,0,0
0.8142,0.0288,TCATAGATGAGATAAT,L455F,1,1
0.8141,0.0299,ACGACCTAAAACATAA,,0,0
0.8141,0.01,TTTGACAATACTGTTA,I3L,1,1
0.814,0.0102,AACATGTTGTGATATC,,0,0
0.814,0.002045,ACTAAATTACTCTTCC,D419A,1,1
0.8139,0.03172,ACGTAATTTATTTCGA,K452E,1,1
0.8138,0.03238,TTTCAAGCCGAATCCC,,0,0
0.8137,0.01114,TATAAAGAAAGTCGTC,D85M,1,1
0.8135,0.03453,CAACTGCGCTCCCATC,,0,1
0.8135,0.03492,TTCGGTCAGTAAGCAG,S9D,1,1
0.8134,0.03613,GTCCACGAATTGTAAG,,0,0
0.8133,0.004052,GGGAATTGTTATTTCA,,0,0
0.8132,0.03743,GGAAGCTCATTCAGAT,Q1W,1,1
0.8131,0.007596,CACACAGCCAAACACT,N285S,1,1
0.8131,0.03835,CAAGGAACCTCTTCGT,L157R,1,1
0.813,0.007785,CCTAGAAATCGGCGCT,S358L,1,1
0.813,0.01316,CCCATAGTAAATTATA,F79A,1,1
0.8129,0.005773,CCGTATTGTGTACAGG,G5M,1,1
0.8126,0.006112,GCATTCGAATCCTAAC,S115G,1,1
0.8125,0.04372,AATGAATCGTCAAGAA,,0,0
0.8125,0.04372,ATAAATTAATAAGTGA,V88M,1,1
0.8122,0.006617,TTAACACCCAAAACGC,K310R,1,1
0.8118,0.01659,AATAACTTTAAATATA,I274L,1,1
0.8116,0.01704,AACACTTTACAACACT,R141C,1,1
0.8114,0.01762,GGAGAATCTCATATTC,S279Y,1,1
0.8114,0.05345,CATGAATTATAAATTG,Q1D S114N,2,2
0.8113,0.01792,TAAATACATATGAGCC,,0,0
0.8113,0.002837,GATATAAAATCATGAT,,0,0
0.8112,0.01834,ATCTATCACCCTTCTT,,0,1
0.8111,0.01845,TAACTGTATACGCAAC,N489F,1,1
0.811,0.01123,CCTATTACGCATTCGA,S9G S124G,2,2
0.811,0.01131,AGGACGGGCACAGTTC,,0,0
0.8107,0.01178,AATATTTACCCCCTAC,S9F,1,1
0.8104,0.06193,GCGAAGAAGCAGCCAT,,0,0
0.8101,0.0215,ACTATTCACATAATAG,Q501M,1,2
0.8098,0.003953,TATACTAAAATGAGAA,E119W,1,1
0.8098,0.06726,AAAAGATATCCATACT,N285A,1,2
0.8097,0.02258,TGCCTTAAAAGTTCCC,S369C,1,1
0.8095,0.02326,TAAATTCGGAACTGAA,,0,0
0.8094,0.01001,GACTGCTACCACGAGT,V182I,1,1
0.8094,0.07029,AGTCTCACGACGCAGA,A212W,1,1
0.8093,0.01425,ATAACTTTAGTGATGC,,0,0
0.8092,0.07191,GCCTCGTAACCAACGG,,0,0
0.8092,0.01031,ACAAGAATAAATAGAG,,0,0
0.8091,0.01458,ACTGAAATTAGGATTT,,0,0
0.8091,0.02434,GATACACGTCTAAAAC,,0,0
0.809,0.003894,CTTTAGCACCAATAAT,T187E,1,1
0.809,0.02473,TAAATACGCGTAAAAC,K450W,1,1
0.8088,0.02513,AGTTACTCCGAAAAAA,N81Y A476N,2,2
0.8087,0.02554,CCATATTGAAAATACA,,0,0
0.8086,0.07725,TATCTCTAAATCTGGT,,0,1
0.8085,0.0156,CACTGCCCATGCGAAA,R361F A476H,2,2
0.8084,0.01584,ACATACTCAATGGCAC,L420V,1,1
0.8082,0.01609,AGTTACTAAGATTTAG,,0,0
0.8081,0.08127,CTTTGAGAGTTACCGC,S110M,1,1
0.8081,0.02733,AAGTAATACCAAAACA,K278T,1,1
0.8077,0.00368,TCCAAGGGAAATCTTA,T117I,1,1
0.8077,0.009469,TGGATGAAACCTATAG,,0,0
0.8077,0.0122,GATTCAATTCGCCCTT,P273A,1,1
0.8076,0.007795,CTACTATGGACTTATC,Q211T,1,1
0.8075,0.02884,CGAGTGACCTTTACAA,,0,1
0.8073,0.0127,ACAAACATTAAAAATT,Q57K,1,1
0.807,0.01008,GCACTTTCGAACTCTA,,0,0
0.807,0.005365,TTAAAACCCAAAAAAC,,0,0
0.807,0.003148,TGTCTTGCCATTCACA,,0,0
0.8069,0.03053,CACGCACTGCAGAAGC,,0,0
0.8068,0.007122,CTATCGATAAAAATCC,,0,0
0.8066,0.006318,TATCGAGTCCGCCTGT,G5W,1,2
0.8064,0.09631,CAGAGACCCGACAGAA,L157W,1,1
0.8063,0.01938,TGGTTTCATAAGATAA,,0,0
0.806,0.03313,CAATACCATACTTATA,,0,0
0.806,0.09938,CCAAATTTAGAACTGT,P21T V347R,2,2
0.806,0.03313,TTAAATTAATACAGCC,,0,0
0.8057,0.0146,ATTAAAACATATAAAT,K82E,1,2
0.8054,0.01162,GACAGATCGAGATGCC,,0,0
0.8053,0.02108,GAAACACAAAGAAAAC,,0,0
0.8049,0.00168,AGGAGGTAAACTGACT,S110F,1,1
0.8042,0.03843,TTTATAGGTTACTATA,S115G,1,1
0.8039,0.003356,GTATCCTTCCTAGATC,,0,0
0.8039,0.02364,CAGAAGTTTCAATATG,,0,0
0.8038,0.006969,CCAACCACTGAATCAA,R141H,1,2
0.8038,0.02382,TTTTTATAGTACTAAC,,0,0
0.8036,0.002559,ATTAACCGAAACATGT,,0,0
0.8033,0.01365,AAATTGAATAAGATAT,,0,0
0.8033,0.01371,CATTTTTATAGTTTTT,D85E,1,3
0.8032,0.01377,ATAAGAGACAACAATC,Y233L,1,1
0.803,0.004343,AGCCTGAGATATAATT,Q173D,1,1
0.803,0.004666,CCTGAACGGAGTATTC,,0,0
0.8027,0.02557,TGATTACCTACAATAT,S279N,1,1
0.8026,0.004454,TTCCGATGGCGGACAG,,0,0
0.8025,0.01441,AATGAAGTTACTCATA,N126A,1,1
0.8023,0.00691,TATGCAACTGCTTAGA,,0,0
0.8023,0.04382,CAAGCAAAAACTATGC,N464D,1,1
0.8023,0.04382,CAGAAAATCCAAAAAC,M168K K368T,2,2
0.8022,0.01893,AAAGACATAACCGTTG,K50R,1,1
0.8022,0.01475,AGTAATAACAACTAAA,N6W,1,1
0.802,0.01917,AACAAATTATATATGA,N94A,1,2
0.8019,0.002082,GGAGACCATAAAATAA,R92V,1,1
0.8018,0.02713,TTTCACCTACTTTAAA,G479D,1,1
0.8017,0.005941,AATCTACTATACCGAA,K207S,1,2
0.8015,0.009231,TGTCACCACTCCGTTC,I260T,1,1
0.8014,0.01266,CTGGCTTATCATGGCA,,0,0
0.8013,0.007401,ATTTTAAAACTGGAAG,I245L,1,1
0.8011,0.02836,CTAACACTGCTTACTC,I3W N285K,2,2
0.8011,0.01292,AAAACATAGATTAAAA,,0,0
0.8009,0.04785,AACCTTGTCAACTAAA,R383M,1,2
0.8009,0.004964,TAATTATATAGTAGAC,P215N,1,1
0.8008,0.004972,TCTGAAAAAATTTACA,S358Q,1,1
0.8007,0.04859,ACTTCAAACAGATACA,R92Y P293H,2,2
0.8007,0.01325,TGTAAAACCAAAATAT,,0,0
0.8007,0.02916,ATCATTCAAATGAACA,G479E,1,1
0.8006,0.006378,TCAGATTCGCTACTGC,T135Y,1,1
0.8004,0.02111,TCCAAACGCAAAGAAG,Q57M V88L,2,2
0.8003,0.01146,CATAACAGAAAGTCTG,E325D,1,1
0.7998,0.05098,AGAGGAACTTAAGCCG,,0,0
0.7998,0.00805,TAGACCGAGACTATTG,R299I,1,1
0.7998,0.003927,ACTATTAAATCTATAA,E443L,1,1
0.7998,0.006664,AGGTCCATATTATCAT,G129A D291T,2,2
0.7998,0.002227,CCTTAGGTCGCTAGGT,,0,0
0.7997,0.004965,CATCCACAATGACAAC,R150S,1,1
0.7996,0.01718,CAGAACATCCCAAAAT,,0,0
0.7995,0.009155,ACAGCCACTTCGTAAT,K503M,1,1
0.7995,0.0312,ACAATTATCAGCAATA,,0,0
0.7993,0.01747,AAATCAATAGCTTGTA,E410L,1,1
0.7992,0.009319,AACACTATCCGCTAAA,P239M,1,2
0.7992,0.005468,TTATTGTCATAACACA,,0,0
0.7991,0.01767,GCATGCTTACCAATTC,,0,0
0.7991,0.03183,TAAAAATATGTTTTTC,S46A,1,1
0.7989,0.02297,CAACAATCGCAAATCC,L428Y,1,1
0.7989,0.0536,GTCCGACCACAAAAAC,,0,0
0.7988,0.0108,TACAGGAACTATAATT,,0,0
0.7987,0.01252,GGCCACGAACCCACAC,I29V,1,1
0.7983,0.03319,CTTGAATCGCTAACAA,N497H,1,1
0.7981,0.03354,CATGATGATACCTACT,,0,0
0.7981,0.001806,CGCACGCCTTCGCCAA,Q311T,1,1
0.7979,0.05651,GACTAAATTTGAACGT,T203H,1,1
0.7974,0.002945,ACAGGTTGGAACTACA,R92D,1,1
0.7973,0.004473,GTTAGATTACACGCAG,,0,0
0.7973,0.00389,AGATATAGGTATGAAA,,0,0
0.7972,0.01955,ACGCTACCAAAAAAAA,N489I,1,2
0.7969,0.01621,GTACAACGCTTGCAAC,D188V,1,1
0.7969,0.004153,TCGACCCCAACGGGGA,,0,0
0.7968,0.03585,GCCAGTGTAACCATGA,G404W,1,1
0.7964,0.02604,CAATACTTTGAGTGGA,I58V,1,1
0.7964,0.06092,TACTGTAAACTAATGC,,0,0
0.7963,0.0367,AACCAGAAAGGTAACA,V323C,1,1
0.7963,0.02626,GAAAAAATCGCCATAT,K326D,1,1
0.7962,0.02044,ATAGGATGGATCTATT,,0,0
0.7961,0.02058,CGACCTAAATAGGTAC,N133L,1,1
0.7961,0.02058,TACTCGGTTAAAAGAG,P55V,1,1
0.796,0.01238,TTTGGCAATCATAGAA,K276N,1,1
0.7957,0.009915,AGGATATCTGGAATCA,,0,0
0.7957,0.003313,CACAACGTTTCATAGT,K472N,1,1
0.7956,0.01263,GCCCGCGCTAGAAATA,S110F,1,1
0.7956,0.009031,TCGAAGATGAAAACCC,N94H,1,1
0.7955,0.02717,AAAACTGTCTGATAAA,,0,0
0.7954,0.009084,TCTCTGTTTCACTGAA,N45I,1,1
0.7951,0.01491,ACCAAACTTCAATAAA,K368Y,1,1
0.795,0.06471,GCTCATGTGGCTAGAA,S114V,1,1
0.7949,0.01031,AGCGGATTATTGAAAA,,0,0
0.7948,0.006335,TAACCTTATAGGATAA,T416S,1,1
0.7947,0.02815,AGCGATCAATTTTAGA,,0,0
0.7947,0.02815,ATATCCGAACCTGCCC,,0,0
0.7946,0.06608,CAGTCTTTGCACATCA,E280M,1,1
0.7946,0.007343,TTATTCAGGTGTTATT,I34F K259V,2,2
0.7944,0.01535,ATAGTATAAAGTGCCC,N81E,1,1
0.7943,0.0034,TTACAACTAAACAATA,,0,0
0.7941,0.0225,AAATTTATTAGATTAA,,0,0
0.7941,0.02893,GAACCCTAAGTATAAC,,0,0
0.7941,0.04051,TCTATCCTAAAAGCTT,L367Y,1,1
0.7939,0.002104,ACGAAAAAAGTCTTCA,N285T,1,1
0.7937,0.007096,GGAGGGGCACTAATAT,,0,0
0.7936,0.023,AACGTAAATAGAATCC,I179V,1,1
0.7936,0.023,GTTCCGAACGAAGTAA,G263N,1,1
0.7935,0.01886,TCGAATACAGCCTACC,,0,0
0.7934,0.04158,CACGATACATGAAAAA,T12F M268I,2,3
0.7932,0.01399,TTGCATCAACATTCCC,E280K,1,1
0.7932,0.02335,TGCCGCCACGATTATA,N382Y,1,1
0.7931,0.007278,CTTTAACAAACCAACC,,0,0
0.7927,0.01648,TGTATAAGTATAGATT,I245F,1,1
0.7927,0.03064,ATCCAAAAATACCTGA,,0,0
0.7927,0.002259,AGAATGTGACCATTAC,L367Q,1,1
0.7926,0.01437,TCACCACCACCATCGT,E426Y,1,1
0.7923,0.01451,GACACAAACACAAAAT,,0,0
0.792,0.009591,ATAGTAAGATAAAGGA,Q327S,1,1
0.7918,0.0739,AACCATGTGAAAAGAG,,0,0
0.7917,0.00543,AGTGTCTATTTTTAGG,R261T S266T,2,2
0.7917,0.00518,AACCTCTGCTTTCTTA,,0,0
0.7916,0.01317,TTAGACGTCTGGGAAA,,0,0
0.7914,0.005241,TCACGGGTACGTAGTA,K278C,1,1
0.7914,0.009802,TGTCCCAATAGGACTG,,0,0
0.7914,0.03222,ATCCTTTCCATTCTAG,R208K,1,1
0.7912,0.07569,GATACTCTACAATTTA,I34T R361S,2,2
0.7912,0.01081,TAAATTAAGGTTGCAA,R92D,1,1
0.7912,0.01514,TTTTAGACCTCTGTAT,N63L,1,1
0.7911,0.03255,CACCTCCCAACCAGCA,P273Q,1,1
0.7909,0.0177,TTAATAGTGCAAGATA,R361H,1,1
0.7908,0.02565,TAACACATCACGTCCC,R269W,1,1
0.7908,0.011,CAAAGACATTAGTCAT,G49V P227G,2,2
0.7907,0.02101,AGTATACTCCCTACAA,I242S,1,1
0.7907,0.009255,TAATTCAACTGTTTTT,Y308F,1,1
0.7906,0.00665,GACATCGAAAAATAAG,,0,0
0.7906,0.02586,GTCTATCAGAGTATTA,,0,1
0.7906,0.04654,TTAACTAAGTGTATGG,S124W,1,1
0.7905,0.005698,AACCAAAGAATTCCAA,N122A,1,1
0.7903,0.0336,AGAGACTACTCTAAGG,,0,0
0.7903,0.01811,CAATATTGATAGGGTT,R141N,1,1
0.7899,0.002625,AGCCGATACCATCACG,P169W,1,1
0.7898,0.01406,GTTTAAACCATCCTAA,S54D,1,1
0.7897,0.04798,ATGAAGCTCACCCAAT,S209Q,1,1
0.7897,0.001633,CGCAGAACTACTAGCA,D474L,1,1
0.7896,0.0219,AACTACCCATTTAGAC,L496F,1,1
0.7894,0.02698,CAGCAAGTACTGCAAG,,0,0
0.7893,0.001614,GTACATCCTCGTGGAG,,0,0
0.7893,0.009746,TTGTAACCCATGATAA,G275N,1,1
0.7893,0.0106,TCCCTTTAAATATGAC,S143Q,1,1
0.7893,0.007868,AAAACAGTAATTTAGG,,0,0
0.7893,0.01876,AAGAAATGACACCTCG,S143M,1,1
0.7892,0.08163,ACACCGTGAGGTGAAA,W234H G479D,2,2
0.789,0.02237,TGTTCATTACACCATA,K503E,1,1
0.7889,0.0165,CTCATTTCAGTACATC,G504K,1,1
0.7885,0.01193,ATTTTGTAATTCCCGC,P103L A476V,2,2
0.7884,0.03592,TCACGTAAAAGTTTAC,,0,0
0.7881,0.006857,ATGAGTAATTGTTATG,,0,0
0.7879,0.05112,ATACGAAGGTAGGGAA,Q210L,1,1
0.7879,0.01704,TACCATCTAAAATCTT,G275Q,1,1
0.7878,0.003943,CTTCTAATCAAATACC,,0,0
0.7877,0.005254,TTGATAATCCTGGCAA,,0,0
0.7876,0.08613,ATTAATACACAAACAT,K140M,1,1
0.7876,0.00892,GCGGTTCAAAGACGAA,K503G,1,1
0.7872,0.01538,ATTCACCTGCCCAAAT,V213I,1,1
0.7872,0.01376,CCGAATCTTATTTTAA,,0,0
0.7869,0.01553,TAATACTCAGTCTTAA,G379W,1,1
0.7869,0.05285,ACCAGTATTTTCGAAT,L428S,1,1
0.7868,0.0241,ACCCAACTAATCAGAT,N290I,1,1
0.7868,0.007172,GCTGGGATCGCAAGCA,E35C,1,1
0.7868,0.0008032,TATGAAGCTAAGATCC,S124M,1,2
0.7867,0.01772,AACTATAGAACAACCG,,0,0
0.7867,0.02953,CTAACCCCATTCATTC,,0,0
0.7866,0.007624,TACTCCAAAGAGTGAC,,0,0
0.7866,0.03812,TTCATTTGTACAAATA,K238N,1,1
0.7866,0.02428,CTGTCAAACCAAGCCA,,0,0
0.7866,0.01782,GAACGCTGTTAACACA,,0,0
0.7864,0.01792,GACGAAAAAGAACAAA,K131A,1,1
0.7863,0.02447,CCTCAAATTGCCCTAA,R222A,1,1
0.7862,0.03859,TTGTTGCTCTCAGTTA,,0,0
0.786,0.01086,ACCACAGGAGAAAGCA,S114F,1,1
0.786,0.0209,GAAACACCGTTCTCAA,S205A,1,1
0.786,0.01813,GAACTCCTACCTAATA,Q173R,1,1
0.786,0.01601,AGCCGCCATAATATCA,G504M,1,1
0.7859,0.0109,TATAAAGCCTTGAACA,,0,0
0.7858,0.03907,AAAGTTTAAGCAATGA,L157R,1,1
0.7858,0.09117,CAAATAGGTCGTAATT,Q210M,1,1
0.7857,0.007835,ACTATTAGCACAAACT,,0,0
0.7856,0.02506,ACAGAATAGATAAATG,N489E,1,1
0.7856,0.01313,ATAATAACTCCAACTT,Q57Y,1,1
0.7851,0.0133,GTCAGCAATCAATCAC,,0,3
0.7849,0.0313,TATTTCCAACTTTAAA,Q75N,1,1
0.7846,0.01495,ATATGAATCTCTAGGC,,0,0
0.7846,0.0406,ACTAATGCATTGCCTT,,0,0
0.7845,0.01138,ACCATCTTATTAACGA,,0,0
0.7845,0.02193,TTAGACAATGTTACAG,F79L,1,1
0.7844,0.01359,TCTGAACAAGAAAGAA,N8H,1,1
0.7843,0.007741,ACACAAATACTAAATT,,0,0
0.7842,0.03194,CGCGTTCGATATGGAC,,0,0
0.7842,0.01251,TGAATCTAGGATTACA,R307F,1,1
0.7841,0.05773,AAAAGAACAGTTAAAC,L118M,1,1
0.784,0.01256,TCAGAGCATGAGATTG,L428Y,1,2
0.784,0.02224,AAAATTATCGCGAAGA,A373T,1,1
0.7839,0.01706,ACACTATGCTCTTAAT,,0,0
0.7839,0.01706,AGACTGTATCTGTGGT,Q210I,1,1
0.7838,0.01163,TGAAAAGATAAAACAA,,0,0
0.7837,0.01389,TAGGTAACCCTGCCAT,N22Q K276A,2,2
0.7836,0.01949,CACGAGAGTAAAATTA,,0,0
0.7835,0.01396,GCACTAAGAGGGTTAA,G404A,1,1
0.7835,0.003372,CCCTATAACTTCGCAT,,0,0
0.7832,0.01408,TTAATAATATTAGATC,,0,0
0.7832,0.04224,AAAATAAATTAGCTGC,,0,0
0.7832,0.04224,ATATACGCCCAGGAAA,R307T,1,1
0.7829,0.01106,AACTACTCGTGCGCAT,N285G,1,1
0.7828,0.04282,TTCATAAAGACCCAAA,,0,0
0.7822,0.004833,TTACCCCCAATGCACA,N6M,1,1
0.7821,0.02774,GCCTCTAATTTCCCTT,M462I,1,1
0.782,0.02358,CAGGATGAAATGAAAT,Q376S,1,1
0.7819,0.007488,GACTGTATCAGCATAA,R208E,1,1
0.7819,0.01337,GGAATCATTTCGTAGA,,0,0
0.7815,0.01151,TATACCTGATCCAATA,N290R,1,1
0.7815,0.008882,GACTTACGCAGAACAT,K259H,1,1
0.7813,0.006944,CAATTTCAATTAACTA,S124G,1,1
0.7812,0.0285,ACAAAACTACTCTTTC,,0,0
0.7811,0.02413,TTCTCGACAACGTATA,,0,0
0.7811,0.01257,CCCGCCCCAACACCAC,R222K,1,1
0.7807,0.04531,GCCTTAACAGAGGGAC,,0,1
0.7807,0.007384,TAAAAAGCATTAATAT,S54E,1,1
0.7804,0.1068,AAGAACGATAAGGCAA,T416S,1,1
0.7803,0.0247,CAGAGGATCAGGGATC,,0,0
0.7802,0.04598,CATGGCGTATGTGTAA,F79K,1,1
0.78,0.004318,CACATCTCGATTGTTC,,0,0
0.78,0.036,ATTATGTACCAAGACA,S9W,1,1
0.7799,0.001555,AACCCAGTCATGCAGT,K276V,1,1
0.7796,0.01556,TACGATTTGCAATGAC,Q363M K446N,2,2
0.7795,0.0131,CGACTTATCCCGGTAG,,0,0
0.7795,0.006696,GCAACTTGTATCAGAA,E426A,1,1
0.7791,0.03015,ACCATTGACTTTACCG,,0,0
0.7787,0.003675,TACAATTGTCACCCTT,S46Q,1,1
0.7787,0.002813,TAGATCGAACTTCATA,S199Y,1,1
0.7784,0.005355,CCCCCTACTCCACCTT,,0,0
0.7783,0.01469,TATAAACATGGCCAAG,N498Q,1,1
0.7783,0.008669,CAAACAAAAGTCGTAC,,0,0
0.7782,0.004518,GTATTCTATCACAGTA,S149H,1,1
0.7782,0.06776,GTCTTTCGAATGAGAC,K171Y,1,1
0.7781,0.03774,TCAACTCGACCGGGTA,L151F,1,1
0.7778,0.02014,TTATACACGTGCTAAC,L367E,1,2
0.7778,0.005439,TACGTCTTACAATACC,T301G,1,1
0.7778,0.001853,CTTAAACCAACACAGC,,0,0
0.7777,0.008371,CCTACGAATTCATACC,,0,0
0.7776,0.009311,GGGAACTAAACACCAC,L244C,1,1
0.7774,0.01646,TCTGAACCGAAAAAAT,V112I,1,1
0.7774,0.008866,TTGCAGAAAACAGTAA,,0,0
0.7773,0.0204,GCCATAAATACAATCA,E83R,1,1
0.7771,0.03867,AAGAAATCAGATTACT,S107E,1,1
0.7771,0.03168,TATTCTAGCAATACAT,,0,0
0.777,0.007124,AGTAATATATCAGACC,D291N,1,1
0.777,0.02053,AGAGTTTCCGTACAAT,G240Y,1,1
0.7768,0.008554,GGCTTATATACTGATC,Q1N,1,1
0.7768,0.02067,GGCAAACTACTACGAA,R92Y,1,1
0.7766,0.05043,TTCTCAATTCCAAGTC,Q407F,1,1
0.7765,0.007515,GATTAACGACAATGAA,P289W,1,1
0.7764,0.006011,CCAAAAAAGCCAGAAT,,0,0
0.7764,0.02729,CTTTCCATCACAACCG,,0,0
0.7762,0.01549,TAAAGCACCCCTAAGC,R307G,1,1
0.776,0.01882,GACGCATAAACCAGTC,,0,0
0.776,0.01022,AAATCCTACAAAGAAC,,0,1
0.7759,0.05126,ACAAATTGCAAAATGC,P227R,1,1
0.7758,0.03267,CTTGTATCGCCATGCC,P324K,1,1
0.7755,0.008054,GACCTTTTTGGACCGA,,0,0
0.7753,0.001778,TGAATAACCCCAACTC,S143Q,1,1
0.7752,0.05212,TAAAACTTACGGGAAA,D175C,1,1
0.775,0.04069,AAATTAGATAAAGACT,,0,0
0.7749,0.01747,TATGTGCAACGACGCC,,0,0
0.7748,0.001569,TTCAGGCAAATGAATC,D7Y,1,1
0.7745,0.009514,ATTACACCATATCACA,K472N,1,1
0.7745,0.0742,CGTTGCAAGCGACACC,,0,1
0.7745,0.02854,CTTTCAGATTCCCTAT,L118M,1,1
0.7742,0.002411,TAACTGTGGTTAAAAA,N63E,1,1
0.7741,0.0129,ACCAAATTTTAGATAG,,0,0
0.7741,0.0288,TAATAACGAGCCGCAC,S115V,1,1
0.774,0.003641,TAATAGTCGTTAAGAA,D104H,1,1
0.774,0.01787,TAAGCACCATGTCTAG,Q210M,1,1
0.7739,0.04178,TTTAAATATTGAACAG,,0,0
0.7737,0.02907,TATCCGGTAGATCGAA,P239A,1,1
0.7734,0.003693,AACATTAAAAGACTCA,L86M,1,1
0.7734,0.01312,ACCATTACTTTAACTG,P103V,1,1
0.7734,0.02003,TTATTAAAATACTAAT,Q1R K503S,2,3
0.7733,0.0109,CTACCTAATCGAGCAC,,0,0
0.7732,0.007485,AGGCGTAAACCAACAA,S279H,1,1
0.7731,0.02016,TCCATCTACAAACAAA,T416I,1,1
0.773,0.03486,ACAACTGTCTTTCCTA,L244F,1,1
0.773,0.01535,AGAGCATTGTACTCAA,,0,0
0.7729,0.01829,ATTAGATTTCATGACA,G62A,1,1
0.7727,0.04293,TTCCATGAACAATCCC,T301Q,1,1
0.7725,0.03525,TGGGACAATTACCCGA,,0,0
0.7725,0.02042,GTTTAAAAATACCAAA,P273Q,1,1
0.7723,0.0118,ATCCACGGAGAGGCCA,K121I,1,1
0.7723,0.001305,CAAAATTGATACATAA,R201W,1,1
0.7721,0.05585,TTTGTCCCCTCAACTA,,0,0
0.772,0.008338,AACTAAAAATAAGATA,,0,0
0.772,0.03566,CTTAACCAGAACGATT,,0,0
0.7719,0.006052,TGCCAAGTTACGAAGA,,0,0
0.7715,0.009215,GTAATCCCGTAATATG,,0,0
0.7713,0.01729,GCCGGACATACCACAA,K131R,1,2
0.7713,0.007803,TCATAAGCCCACCTAA,D291K,1,1
0.7713,0.05686,AATAATAATAGATCCT,K468L,1,1
0.7713,0.01896,GCAATCCAGACATCAA,G263L,1,1
0.7713,0.02097,CACGAATGAGAAACTA,,0,0
0.7713,0.02097,GAGACTACAATAAAAG,Q197G,1,1
0.7712,0.01079,AGTTAGTACCGGCATA,N290F,1,1
0.771,0.01083,TTATAAATTATTACCT,,0,0
0.7709,0.008188,TGAGACAATCACGACA,G5H,1,1
0.7707,0.04477,GTATTTTTAAACAAAT,Q454M,1,1
0.7707,0.01302,AAATGATTTTATAACC,,0,0
0.7706,0.01154,GGACTTTCTTTTGATT,K264N,1,1
0.7704,0.01931,TAAGTGCCTAGTTTAA,S219H,1,1
0.7704,0.005275,TGTTTCAGAATTAATT,Q311W,1,1
0.7703,0.004566,AAGTCTCAATAAACAA,R361W,1,1
0.7702,0.004914,TCAGTTAGAGACATCA,A106R G142R,2,2
0.7698,0.003141,AAATAAACTAAATACA,,0,0
0.7696,0.01967,ACTAATAGATACACAA,,0,0
0.7695,0.009612,TATAAATGTCAAATAA,,0,0
0.7688,0.009763,CATACGAGATCAAAGC,K472Q,1,1
0.7686,0.06015,AACTACTATATATATG,K264V,1,1
0.7686,0.06015,ATACCCAAAAAAGCAG,N298S,1,1
0.7686,0.04679,TATTTCTACTTCCAGA,,0,1
0.7686,0.0156,CACCTAAAAATAACAC,E119D K278H,2,2
0.7685,0.0103,ATTACCTCTTGGTTGA,,0,0
0.7683,0.01842,TGACAACCGGTTCAAG,,0,0
0.7683,0.009414,ATCCGGATCCCATCCG,,0,0
0.7682,0.02497,TTCCTAACTTCTGCCA,,0,0
0.7681,0.03273,TTACAATTACCGATGG,V20F,1,1
0.7679,0.02248,AACTATAAATACAAAG,S115I I300Q,2,2
0.7679,0.0475,TAATGCATCCTATACC,K417F,1,1
0.7673,0.02058,GGCCACTCTTAAAAGA,,0,0
0.7672,0.003638,AAAACTTTTCCGAGGC,S149N,1,1
0.7672,0.01008,ACATCTAATATTTGTA,,0,0
0.7672,0.009225,AGTTACCAATACCAGA,R92P,1,1
0.7671,0.01886,CCAAGCTTATAATGCA,E426A,1,1
0.7671,0.01401,AATAACATGTTAAAAC,N8E,1,1
0.7671,0.008196,ATGTATGCTGGATCGT,,0,0
0.767,0.01062,AAATAGTAATCTCAAT,,0,0
0.7669,0.006508,TTAATAGTTTTAAGTA,,0,1
0.7667,0.01508,CGTAATTAAGATCTGC,R201P,1,1
0.7667,0.06256,AAATACCAAATTAAGA,,0,0
0.7667,0.06256,TTATATAAACTAACCA,N489L,1,1
0.7667,0.01251,TTAAACAACAAAAACA,K82T,1,1
0.7666,0.02579,CAGCCCTTGAAAGTAC,,0,0
0.7665,0.007444,ACACGGAAACGTGTTA,D32F A430M,2,2
0.7661,0.009829,TAGACTGATATCACCG,,0,0
0.7661,0.04025,ACAGATCACCAAAATA,,0,0
0.7661,0.04025,GACGCTCGTTGCAATT,,0,0
0.7661,0.0108,ACCATGCAGACCGACT,G129N,1,1
0.7661,0.02332,ATACATATGCATCCTA,Y233L,1,1
0.766,0.002724,AAAACGATTCTTGGTA,N63W,1,1
0.7658,0.005935,CGAAATAGCAACGCCA,D101T R307L,2,2
0.7658,0.005502,AAATCTTAAAAGTCTA,T206N,1,1
0.7657,0.01538,AAAATCAAATACCTGA,T203A K264W,2,2
0.7654,0.01282,CAGACAAGGTTGTAAA,,0,0
0.7654,0.01213,ACTATACCCTACATAA,,0,0
0.7653,0.003979,CTAAAAATCCTTATAC,,0,0
0.7653,0.02645,ATACATTATTTCATCA,P4F,1,1
0.7652,0.01801,CAGACGACCAGTACAA,S107H,1,1
0.7651,0.001185,AAGAACTGCCAAGATA,,0,1
0.7649,0.01969,AATCCAAAACAAAAAC,D188P,1,1
0.7649,0.02158,AATACCCTCTTTATCA,,0,0
0.7649,0.002015,CCGGCAAATGGCGATA,,0,0
0.7649,0.02386,ATCTACAGTTTCTTTA,,0,0
0.7648,0.02667,CATGGTAACATTGTTT,,0,0
0.7648,0.03025,AGAATTAATTAGCGTA,S124W,1,1
0.7648,0.03025,CTGTAAAAAGATCACA,,0,0
0.7647,0.04132,ACTCCATATTTGCCGA,L71M,1,1
0.7644,0.01695,CACAAGAAGCACAGCT,,0,0
0.7641,0.001818,ACCTAAAAACTTGCTG,,0,0
0.764,0.02423,TCAATTCTAGACATAG,I34T,1,1
0.7639,0.004759,TACATAACCGGAAATA,K207A R208Q,2,2
0.7638,0.00508,CCCCAGAAGCGCGGTT,N296C,1,1
0.7638,0.03085,GAAACGCATCGCTTGA,N445K,1,1
0.7637,0.009453,TTCAAAAAATACAACA,P289W,1,1
0.7637,0.01077,AAGAATTTAAATCTCA,D101L,1,1
0.7636,0.02442,AATTGTCATACGAATA,Q407V,1,2
0.7634,0.02219,AAATTAGGCGAAACAC,Y423F,1,3
0.7633,0.005495,GCACAGTGCCTTTGAG,T128S,1,2
0.7629,0.03614,TATAGTTCAATACAAA,,0,0
0.7629,0.03614,TATATTTTTAAAAAAA,,0,0
0.7624,0.001515,CCAAAACCAGCCTGTC,R201T K259E,2,2
0.7624,0.002187,TATCGAAAGATACAGA,Q407M,1,1
0.7624,0.00386,AGAGAACAAATTTTCA,I300R,1,2
0.7623,0.03656,TGCAACCAGCCGATCA,Q80T,1,1
0.7622,0.002518,AATTAGGAGCCATGAA,G240E,1,1
0.7621,0.03179,TAAACTATTCACAGTA,,0,0
0.762,0.01165,TTTTGAATTAAATCAT,K278F,1,1
0.762,0.01112,GTGGAACAGTTACTAT,K50F Y302H,2,2
0.7618,0.01547,CGTAGCATTCCTTAGC,,0,0
0.7616,0.0022,TATAACCAATAGAAAC,E280L,1,1
0.7615,0.006259,GATACCAAAACACGAT,,0,0
0.7615,0.01461,AACATCACGCCAACAG,P227R,1,1
0.7613,0.006811,CAGCGAAAGTGCCGGA,N122D,1,1
0.761,0.004917,CAAGCGCCCCGAAGCA,K397H,1,1
0.761,0.01803,CAGGATAAAATAAACA,D32A,1,1
0.761,0.02562,AAATTCACGCTAATAA,A476P,1,1
0.761,0.02562,GTGCACGTTTAGAAAC,S46L,1,1
0.761,0.01678,TTCGTGCGCAGATGGG,Q407V,1,1
0.761,0.009545,TTTGCCATCTACTACA,T65L,1,1
0.7608,0.006174,AATTCACATCTCGATA,,0,0
0.7605,0.02583,CAACGTTCAGAAAAAA,A196S,1,1
0.7604,0.03279,CTAACTCTGATATTGT,,0,0
0.76,0.004714,TCATCCTCCCAAACAA,D7G,1,1
0.76,0.02605,ATTGATGCAGATTTAT,I34F,1,1
0.7599,0.02917,TGAAGATGATAATAAT,S143E,1,1
0.7598,0.01602,TTCTTGAACATTTCGA,A93M,1,1
0.7597,0.001579,AAAGCCCTTGACTAAT,K207G G275V,2,2
0.7596,0.01511,TCACATTCTATTTAAA,,0,0
0.7595,0.007235,CTGATCCAATTAATAA,T301R,1,1
0.7593,0.04554,GGATGAAGAACATTTG,,0,1
0.7591,0.004157,ATTCCACCCCAAAATT,,0,1
0.759,0.004539,TAATACAGAAGGACCA,,0,0
0.7589,0.01121,TTTATTTCTAATTAAG,S47N,1,1
0.7588,0.009908,TGCCTACCAACAACCA,I300V,1,1
0.7588,0.02972,TATTAATCTAAACATA,D188G,1,1
0.7585,0.00832,GAAAAGAATACCAACT,,0,0
0.7584,0.008615,AAAGATCCCAAAAAAA,L177I I242C,2,2
0.7583,0.008931,AAGAATCCTAAATTTT,N382D,1,1
0.7582,0.0189,CATGAAGTCAACCAAA,K238V,1,1
0.758,0.01004,TGCAAACATCATGCTA,,0,0
0.758,0.00204,CACCATCCAAGTCAAT,N133D Q173N,2,2
0.7577,0.02238,AAAATCATCTAACGAA,K264V,1,1
0.7574,0.01398,CCCCGCACACAATTCA,,0,0
0.7573,0.003257,TGACTACAGCCATTCA,G504V,1,1
0.7573,0.03983,GTAAACAATTGCCTCA,,0,0
0.7571,0.008525,AATTAAATTGTTTCAA,S124G,1,1
0.757,0.0306,GCGATAAATTTAAACC,,0,0
0.757,0.0168,AGGGGCTAGGATTTTA,G5I,1,1
0.7569,0.00734,ACACACCCTATGACAG,S54A,1,1
0.7568,0.0209,ATTTGCATTTTATTGA,Q407H,1,1
0.7567,0.008572,TACATGTGACAACTTC,,0,0
0.7567,0.05811,ATAATAGAGGACAAAA,D175F,1,1
0.7564,0.0103,AACAAACGATCTATCA,R383M,1,1
0.7564,0.02287,ACAAACTTGAGAAATT,K50V,1,1
0.756,0.01125,ATTTACTCTATCTGAA,,0,0
0.7557,0.006566,ACCTCACTTAGTCTCA,T10C K121F,2,2
0.7556,0.003435,TCACATTCTCTTATCA,Y470W,1,1
0.7556,0.001938,CAACTGAACCTTGGCT,S47N,1,1
0.7555,0.01301,AACATATGCAATAACT,E344D,1,1
0.7554,0.007737,ACCTTTCAACACCATG,,0,0
0.7554,0.01047,CGTAAGCATTCTGACT,K259E,1,1
0.7554,0.07634,TAAAGTCAAGTGCCCC,E280K,1,1
0.7553,0.009388,ATTTATACCTGCTATA,A106F,1,1
0.7552,0.006306,ACAGTAAAGTATCGTC,G479D,1,1
0.7551,0.1074,AAAGCCTGATCACAGC,N126Q,1,1
0.7551,0.0358,AACCCCTAGTCCCTTA,D77E,1,2
0.7551,0.01534,AAGCAACACCATCCAA,E83H,1,1
0.7551,0.0358,CTAAACCATAAGGTAA,,0,0
0.755,0.01629,TTTGTCTCAGTACTAC,R299Q,1,1
0.755,0.02338,CGATTTTAAAAACAGT,I3M N152D,2,2
0.7549,0.02565,TTTCAATTTCCTTCTC,S91W,1,1
0.7547,0.02842,TACAATTGACAACGCT,,0,0
0.7547,0.001316,AGTACTTACAGAGAGT,,0,0
0.7547,0.007834,AGATAAAACATGAACT,S115T,1,1
0.7545,0.02356,GTACATTCGACTTGAA,,0,0
0.7545,0.008889,ATACCGATTTGAACCG,,0,0
0.7544,0.01024,TCAGCGTATTGTAGAC,T135I K452A,2,2
0.7543,0.02587,ATAAAACCGCTAAATT,,0,0
0.7542,0.01471,CCAAAAACATAACATC,K417A,1,1
0.7542,0.01471,GTTAAATGAGCTGACT,,0,0
0.7542,0.02178,ATCGCACATAAGGCAT,,0,0
0.7542,0.01329,TCGGATAACCCGATTC,S198N,1,1
0.7541,0.04197,CCGTATTATAAAATAG,I267A,1,1
0.754,0.02374,CACATATAGAATTGGC,,0,0
0.7539,0.01163,AGTCGTAATATATAAA,,0,0
0.7536,0.03664,AAGCATAAAATTAGTA,P4H,1,1
0.7534,0.004481,TACAGACCAAAATCAT,M462V,1,1
0.7534,0.007164,TGTTTCACATTAAATT,Y302W,1,1
0.7533,0.01346,TAAAAATGACAGAACG,,0,0
0.7533,0.01904,TGGATGCCCAGTATTA,T135N E457L,2,2
0.7532,0.003234,CCAAGTAATGCCTGGA,A163P N389G,2,2
0.7528,0.005297,CTCATCTTCTAGGACA,Y233R,1,2
0.7526,0.05072,CAGCGCAACTAGAATA,,0,0
0.7523,0.04313,ACACTGTAACCAATAA,I469V,1,1
0.7522,0.08026,GTTAACCAACACTATG,K189N,1,1
0.752,0.01062,ACGAAAGATACACAAA,,0,0
0.7518,0.002991,TATAATTAGCCTGACA,Q197K,1,1
0.7518,0.02093,GCTCAAAAGTATATTA,G200P,1,1
0.7516,0.01111,ATATAGACAATACCTA,,0,0
0.7514,0.04374,TAAAACTATTAAAAAA,,0,0
0.7508,0.005679,GAAGACCCTGCAAGTC,K417L,1,1
0.7507,0.01276,AGACCAGCCTCCCTAC,,0,0
0.7505,0.002453,CCTAAGAGCAGAGTGG,,0,0
0.7504,0.04436,ACGAAACTAGAAGCGA,,0,0
0.7504,0.08238,CAAATTGTAACTTCTA,G275Q,1,1
0.7504,0.0186,CTCTATCGAAAATGGA,,0,0
0.75,0.01018,AATCGTCAGTTGAACA,N489Y,1,1
0.7498,0.009236,CTAGGGTTTAATCTCA,,0,0
0.7497,0.03429,ATACACGATTTCAGCT,,0,0
0.7496,0.005257,GACCGCATAGCCCGCA,,0,0
0.7496,0.009263,CAACCGAACGACAGCA,S54C,1,2
0.7495,0.02014,CCGGTATAAGATGGTG,,0,0
0.7495,0.02014,TGGAAGTGTCGATGTA,S209L,1,1
0.7495,0.005466,AAAGCTACCGAGATCA,,0,0
0.7494,0.015,CCTCTAATCCGGAACC,P103Y,1,1
0.7494,0.008022,AGAGTAAAAAAAATGT,,0,0
0.7493,0.007236,TCCACTGTCCTACCAA,T318M,1,1
0.7493,0.05332,GCACGCCCAGTTCGAA,N341D,1,1
0.7493,0.01777,GCCACAATGCTCGGCT,K238R,1,1
0.7492,0.01107,TAATAGCCCTCACCAC,,0,0
0.7492,0.01894,GAAATGACTGTATTAA,D271A,1,1
0.7492,0.01432,GGACTGATATGTCTCT,A69C,1,1
0.7491,0.02027,AATACATTTGACAAAT,K264L,1,1
0.7491,0.01252,CCCAAGTACTTGCCCG,A212M,1,1
0.749,0.0159,GTGTAATTCAATCTTC,G5D T10W,2,2
0.749,0.01683,ACGTTCTTTAACTGTG,N497C,1,1
0.7489,0.01156,TTAACCAATAAAATTC,,0,0
0.7489,0.01788,TCTCGAAGATGCACAT,V112A K140R,2,2
0.7487,0.03942,CTGAAAACCAAAACAC,P215S Q454F,2,2
0.7486,0.02821,CTAGGCATTCCCATTT,K82A,1,1
0.7486,0.08461,AGTCCGCAAACATCCG,,0,1
0.7486,0.08461,TATAGATAACAAACAA,,0,2
0.7485,0.01798,TAAAACCCTAACCGAT,K326G,1,1
0.7483,0.01917,CGTAATTTACGTGACA,Y470F,1,1
0.7481,0.001626,ACGTAGTAATCGCAGC,,0,0
0.7477,0.02068,CAACTATGTAGTAATC,V182L,1,1
0.7475,0.02227,AACCGCATAGCAATAA,,0,0
0.7475,0.06682,AGTGTATCTTACAACA,,0,0
0.7475,0.06682,CAAAAAACGAAAACAA,R269F,1,1
0.7475,0.06682,TAAAATCCAGTGTGAA,D415N,1,1
0.7475,0.01941,ATTACTGGACCTCAAG,P289D,1,1
0.7474,0.003442,TTCTTTAAAAACGAAG,,0,0
0.7474,0.0172,ACTAACGTAATTCTGT,N298S,1,1
0.7473,0.03546,ACGTAATTAAAATACA,K238N,1,2
0.7473,0.03546,ATATTATATGACTTCA,,0,1
0.7467,0.009968,TCTAAAATAAATACAA,W234Y,1,1
0.7467,0.01414,GTGACTGATACTAGAA,R307P,1,1
0.7466,0.008831,ATATGGAAGGAACGTA,,0,0
0.7463,0.04703,AGAAAATACTATGTCA,N6F F79K,2,2
0.7463,0.04703,ATTAAGCTAAAACCAC,,0,1
0.7463,0.01749,TCCAATAGAATTCAAC,S262Q,1,1
0.7462,0.02452,ACAAGGCCAATCGTTG,T128Q,1,1
0.7461,0.01006,TTTCACAACATATAAG,E359Q,1,1
0.746,0.04097,GCAAAACCAAAGCCTA,S46Y S107T,2,2
0.746,0.04097,GTTACCAATCCTGTCC,G404Q,1,1
0.746,0.02926,GAGAAAATGCGGACCT,S9T,1,1
0.746,0.01576,GGTAGTACGAACAAGA,,0,0
0.746,0.06828,TAAGAATAGTGAAATC,S262H,1,1
0.7459,0.01161,AACCACATAGTACAAT,,0,0
0.7458,0.02124,CAAGCAAAGATAATTG,G62Q,1,1
0.7456,0.02471,GGTAATACTTGCATAA,A11* I335H,2,2
0.7456,0.006371,CTGAATGCAGTAATAG,V223I,1,1
0.7455,0.001952,CATACACACGTCCTCT,,0,0
0.7455,0.00848,TGTTAACGCCAATCTC,,0,0
0.7454,0.002373,AAAGATCGCGAAGACA,,0,0
0.7453,0.02138,AAGGTTCATATGACAA,S145G E410Y,2,2
0.745,0.04151,CAACACCTATCGTCAA,,0,0
0.745,0.01326,CCATAATTAAATGCGA,N81P,1,1
0.7448,0.008326,CAACTGAATTAATTCA,,0,0
0.7446,0.08947,ACTATCCAACGCTACC,,0,0
0.7446,0.01789,TACATCATCACCTAAA,,0,0
0.7445,0.02726,ACTAAATATATGGCAT,,0,0
0.7444,0.01396,CGATATCGTATTCAAG,,0,0
0.7442,0.008393,TACATAGAAACACAGT,S287A,1,1
0.7441,0.01538,TGTCAACGATGAAGCG,V88L,1,2
0.744,0.01403,CGATTATCCGTGTTAT,,0,0
0.744,0.04207,TACTACAACTTACAGC,Q376A,1,2
0.7439,0.03011,AAAAGATCTAACCAAT,S358P,1,1
0.7437,0.01713,AACTCAAAGCCAATTT,,0,0
0.7437,0.001003,AACATCTAACCTATAG,S198E,1,1
0.7433,0.01554,TTTTATTTCCTCATTA,,0,0
0.7433,0.005446,ACAATCTTACCAGATT,,0,0
0.7433,0.02362,ACTGGCACTAATTCAC,N45R,1,1
0.7431,0.03362,ATTCGTCAACCTACGC,,0,0
0.743,0.01361,TTACGACCCAACTCGA,R307I,1,1
0.7428,0.0583,GTTTAAAATACTTCAA,A425I,1,1
0.7428,0.004196,TAACAAAAAGCAGCAT,,0,0
0.7428,0.009305,TAATCGGGACAGAATA,L157D,1,1
0.7427,0.007742,GTAAGACAGCGATGTC,,0,0
0.7427,0.003106,TGAGCTAAGTGCAACA,N81W,1,1
0.7427,0.01054,TAGGACTAAATTTTGC,D375S,1,1
0.7426,0.01495,AAACTCATAGGGTAAC,T328S,1,1
0.7426,0.00625,CCCGAAACTACTTCTA,,0,0
0.7425,0.003337,CTACATCGTGCCCGCC,G142T,1,1
0.7425,0.009616,TTAAAAAGGATAGTTA,P4N,1,2
0.7424,0.09211,TTACAGTCAACTGGAC,,0,0
0.7423,0.009645,CTGTCACTAAATACAC,,0,0
0.7422,0.03806,TTAATGAAGATTTTTT,,0,0
0.7421,0.0166,CAATATAGCCCAAGTA,,0,0
0.7421,0.0166,CGACTTGTGGTCAATG,,0,0
0.7421,0.0166,CTGCTCATTATAAAGA,N126Q,1,2
0.742,0.005947,AGTTTTCGTATTGCAT,,0,0
0.742,0.04324,ACAACTGCCATACGTT,I339M,1,1
0.742,0.01441,AGAAATGCTGTGCTGC,N290H G386E,2,2
0.7417,0.02246,TTAAGGTCTCATCAGG,,0,0
0.7415,0.01145,CCGTACACGAATGCTT,,0,0
0.7414,0.05941,AAACAGATGAAGCTGA,K171I,1,1
0.7414,0.05941,GAAAAAGTGAATACAT,V182I,1,1
0.7414,0.0198,TCCATATGGGTAGTAG,Q407H,1,1
0.7414,0.003388,CAAAAGAATGGCATGA,K207T,1,1
0.7414,0.005893,TTACAAAATCCGAGTA,T328G,1,1
0.7413,0.02616,ATGAGAACTTTAAGAC,,0,0
0.7412,0.03853,ACAAGAATTCAGAAGA,S279V A372H,2,2
0.7411,0.01338,CAAAGCGTTCTGAGAA,I300E,1,1
0.7411,0.004933,TCACTCTTTCCCTCAG,I274M,1,1
0.7411,0.01875,ATTCAACAACTGATTA,,0,0
0.741,0.01397,AACCAATAGAATAAAG,,0,0
0.7409,0.02436,ACAATACAAAGAAAAA,,0,0
0.7409,0.01993,AAATGCACAAAGGGAT,I282F,1,1
0.7407,0.001412,GCCCAAATTCCGAGCA,A69T,1,1
0.7407,0.01014,ATCATTCATCCCGCAA,V223Q,1,1
0.7406,0.03474,AGACTAACTTCAATGA,,0,0
0.7406,0.01887,ATCAATTAAGCCCACC,Q1A,1,2
0.7404,0.0154,AACGGAGAGCGATCAA,N126S,1,1
0.7402,0.01618,ATAATTATAAACGTCA,E172M,1,1
0.7401,0.01254,CAAACAAGTCACATCC,,0,0
0.7401,0.01705,CTGAACTACATACGGC,V102C,1,1
0.74,0.02661,CTATACCCCTAACTCT,N285M,1,1
0.7399,0.001392,AGGTCTACACGCACCT,G181A,1,1
0.7399,0.02019,ATCAGAGTTCAGAGAC,,0,0
0.7398,0.01362,CTATAGGTATCACTAC,N126V,1,1
0.7398,0.005705,AACAATAATAGATGAA,,0,0
0.7397,0.004483,TCCATCTAAGATATAA,D408R,1,1
0.7397,0.02904,TTATTAAATATCCCAT,,0,0
0.7397,0.02475,AAAATATAATAAACAA,,0,0
0.7397,0.02475,GCATTTCAACACTCAT,S107I,1,2
0.7397,0.0191,TATTTTCAAATAACAG,,0,1
0.7396,0.01714,AAGGTATAACCCATGA,T12C,1,1
0.7396,0.01714,CGAATCAAATTTAAAT,F174H,1,2
0.7396,0.009423,CCTTTATTATATATAC,,0,1
0.7394,0.0149,AAATCTAACAACTACC,,0,0
0.7394,0.01635,ATAAACGATAGGACAT,I214A E280K,2,2
0.7394,0.02313,ACAAACCTACAAAGAT,F500Y,1,1
0.7393,0.004221,TTCCATTTGACCGAGT,E484N,1,1
0.7392,0.05171,CAAGGAGAAAAAACAA,G386I V402A,2,2
0.7392,0.01102,CCCCGCACGGATACAT,,0,0
0.7389,0.005675,CGTTGAAAATTCCTCT,,0,0
0.7387,0.04511,ATCTTATAAATGTCTT,,0,0
0.7385,0.006459,GAATTTCCAATGTAGA,,0,0
0.7385,0.009833,CAGTAAAACTGGAAGT,G504W,1,1
0.7382,0.009864,GTACCGTTAGTACCTT,,0,0
0.7382,0.01946,TTTCGGTACATCTGAG,,0,0
0.7381,0.01018,TACTTACCAAATAAAC,I481L,1,1
0.738,0.01844,CAAGATTTGCCTGCAA,,0,0
0.7379,0.03595,ACGCCAATAATCGATA,,0,0
0.7379,0.05258,GAGATCAAATTGTAAT,,0,0
0.7379,0.002682,CCCATAAGAAGGCAAG,G142E,1,1
0.7378,0.007866,TTTATCTTCAACAACG,,0,0
0.7376,0.02365,GATATTACTCACACCT,V490W,1,1
0.7373,0.001876,TAAAATTGACAATAAT,K121E,1,2
0.737,0.03636,AATTACTTCTACAAAA,,0,0
0.737,0.02383,CCCTAAAAAAATTATA,,0,0
0.7369,0.02233,TGTACCACCTATAATC,K131R N489Y,2,2
0.7368,0.03297,CCCATGGAATGGAGAG,,0,0
0.7368,0.009238,ATCATTTGTACCTGCA,,0,0
0.7368,0.06301,TCAGAAATCCCACTGG,V490E,1,1
0.7367,0.03016,ATCCTACAAAAACCAC,,0,0
0.7362,0.04106,GACTACCACAAACATG,D375S,1,2
0.7361,0.01318,AACTTTGTAATAATGC,K326R I339V,2,2
0.7361,0.006297,TGGACTTCTTATTATT,,0,1
0.7359,0.03046,TAAAAAACTAAGTTCC,Q501V,1,1
0.7359,0.007377,CGAAAAGAAAAAACAC,S358N,1,1
0.7358,0.003173,AATAGATTTAGCTAAA,,0,0
0.7352,0.00156,TATAACCCCTTTGATA,A163Y S400Y,2,2
0.7351,0.1011,AATTCATTGAAATCCC,R269D,1,1
0.7351,0.06431,CTGCAGCACTGGCAAC,S422T,1,1
0.7349,0.007465,ACCGATTATATTAAAC,,0,0
0.7347,0.01341,AGCCCAAAGACACCGA,,0,0
0.7346,0.01735,TTCTGTGATGCCCTAC,D419N,1,1
0.7344,0.004785,GAAAAAACACTTACCA,,0,0
0.7343,0.014,TAAGTAGTATCTGAGG,T301Y,1,1
0.7343,0.02856,ACAGAACCAAAAGTAC,,0,0
0.7343,0.01006,CAACAATTGAAGTAAT,S209M,1,1
0.7342,0.01663,AACAATAACCAGACAT,,0,0
0.7341,0.03768,GATCTTCCATATTTTT,,0,0
0.7338,0.01177,ACTTAGAAAGAAATGG,Q311V,1,1
0.7338,0.04788,ATAAAATATTATATAA,,0,0
0.7338,0.008261,GATACTACGCGTATAG,E443V,1,1
0.7336,0.05538,GTAATTAACCAAGATG,I48W,1,1
0.7334,0.02061,CATCGATTCTCCCGTG,V413I,1,1
0.7334,0.03138,ATGTGATAAACCCTTA,,0,0
0.7334,0.03138,TGAAGCGCATTCGTAT,S358C,1,1
0.7333,0.02189,ATCACTAAATCCGATA,,0,0
0.7333,0.006755,TACAAGAATCACGAAA,N497H,1,1
0.7332,0.003001,CATAAGGCCCTATACC,,0,0
0.733,0.0196,TCTACACTTTATATAA,,0,0
0.7329,0.02075,TCCTAAAGACTGCCGA,,0,0
0.7327,0.002282,GTAACCAGAAGCAGCA,E119D,1,1
0.7327,0.01277,AACTGAAACCCAAACA,,0,0
0.7325,0.006455,CGCAGCTGCAAATTAA,,0,0
0.7325,0.04863,AAAATACATAAACAGA,S46G,1,1
0.7323,0.01161,CTCAAATGACGGAAAA,,0,0
0.7322,0.01785,TACAGCACACTACCGT,,0,0
0.732,0.01033,GAAGATAAATAAAAAA,T301F,1,1
0.732,0.03861,AAAGACACGAGTAGAA,,0,0
0.732,0.03861,ACGTCCTGTTACACCG,,0,0
0.7319,0.01708,TCGGAAAAAAAAAAAG,,0,0
0.7318,0.01132,CAGTTAATACTGTCCA,H56W R220L,2,2
0.7317,0.01795,ATACTGGCATTGTGGG,S279E,1,1
0.7317,0.02103,CAGCCCATTCAGTCAT,,0,0
0.7316,0.01638,AAGGTCTTATAACCTT,K387L,1,1
0.7315,0.01342,CTAACAGTTTAGTAGG,,0,0
0.7314,0.00985,ATCCAAAGAATCCGGA,T318Q,1,1
0.7311,0.009881,GAAAAAACCCCGACTG,H184L,1,1
0.731,0.001991,CACAATTATAATCAAA,,0,0
0.731,0.02559,AAACACCATATATAAC,K82E L428W,2,2
0.7305,0.02132,TTCCCCCTTTTAACTC,,0,0
0.7305,0.008991,CTAGTAACTAAACAAA,Q327H,1,1
0.7303,0.02993,ACATAGCTGTAACAGA,,0,0
0.7299,0.01926,CTACGTATACATGAAA,,0,1
0.7299,0.002583,AAATTCACACACAAAC,E280S,1,1
0.7299,0.02424,GACCACTAAGTCACAG,E484R,1,1
0.7299,0.02784,CAAACACTGTATGATC,I260W,1,1
0.7299,0.02784,CGAACCCGATTCAAAC,S198E,1,1
0.7298,0.0142,CTTTAAACTCACAGTC,K264R,1,1
0.7297,0.01536,CTTATCATTTATTTGC,,0,0
0.7297,0.0502,GTACTGACCCTCACGA,S107G,1,1
0.7296,0.06855,CCCTCCACGCTAAGAA,,0,0
0.7295,0.0006895,CATCCAAGTGATAAAA,,0,0
0.7294,0.01938,ATACCCCACCGAACAT,L157W,1,1
0.7293,0.008699,CATTCCTACCGGGCAT,N489S,1,1
0.7289,0.03304,GAACGAACCAAGACTG,G352W,1,1
0.7285,0.02064,GCACAACATCAGACTG,,0,0
0.7283,0.002611,AGAAATCATCTGTAAC,S115W,1,1
0.7282,0.001215,ATGAGATACACATACA,,0,0
0.7278,0.01183,GCAATAAGTCTGAACT,,0,0
0.7276,0.0164,CTAAATTATCTATGAG,I3M,1,1
0.7276,0.005392,GCAGCAACGCGCCCTA,D408Y,1,1
0.7276,0.01224,AAATTGTCCATATAAA,T206S,1,2
0.7276,0.01224,TCCATTCCACATTACA,,0,1
0.7274,0.007358,ACGCGCTCTAGACTTT,S262D,1,1
0.7272,0.009564,CTAAAGTGATAATATA,S279C,1,1
0.7271,0.05962,AGATAAACTAACCTAC,K82I,1,1
0.727,0.005505,AAACTTGATAACTCAT,,0,0
0.727,0.008923,ATCCCCAATCTAATTT,E280G,1,1
0.727,0.03375,CTCACGCGGCCCTTTC,K278G,1,1
0.727,0.03375,TTAGCGAAATCAAACT,,0,0
0.7269,0.01807,GGGTCACTTAGAAAAC,,0,0
0.7264,0.006349,ATTATCTTATATCAGT,G62N,1,1
0.7263,0.02522,TTATTATTAAACACCA,G479M,1,1
0.7263,0.01372,GTTGACTCGAAAGTCC,L15I,1,1
0.7261,0.001558,TTGGTTTCAGCCAATG,M168V,1,1
0.7261,0.1119,ACTCCACTCATGAACG,V413M,1,1
0.7261,0.1119,ATACTCCCAAACAACT,V213M,1,1
0.7261,0.1119,TACAAATCACTAACGC,Q173I,1,1
0.7258,0.001664,AAACAATTCAGCCCAA,T301W,1,1
0.7257,0.009713,CAAACGTTAGATACAA,,0,0
0.7256,0.01142,CAGATTTTGCAATCGC,K2D,1,1
0.7255,0.0717,ATTTCCATTGGATAGC,S143V,1,1
0.7255,0.0239,ATACTGCTACACCGTA,H393T,1,1
0.7254,0.02255,TTACAATGATACCTAG,N498Q,1,2
0.7252,0.05274,AACCCTTCAAATATAC,,0,1
0.725,0.013,AATCTCGATAGAATAA,N296S,1,1
0.7249,0.0345,GGCCCAGATAATTCAG,R208M N290S,2,2
0.7249,0.01087,CGTGATTACAGCCAGG,E494V,1,1
0.7249,0.03175,ACTGAAACTCGCGCAC,,0,0
0.7248,0.02409,TAATTGTTGAAAATTA,,0,0
0.7247,0.02149,CCGACTCGAACACTAG,T313H,1,2
0.7247,0.02149,TATAATGGGCACTGAA,K238N,1,1
0.7247,0.0194,ACAGAAAAGGCGCAAC,E426D,1,1
0.7245,0.007181,ATACATCAAATATCAC,N475K,1,1
0.7241,0.02164,TATTTATTTATCAACG,,0,0
0.724,0.008434,TAATATGTTTTCCAAA,S54F,1,2
0.7239,0.01163,ACGAACTTACGCATAG,,0,0
0.7238,0.00864,TCTTTAAATACATTAC,R92T,1,1
0.7237,0.009031,ACTACAAAAGTAATCA,S54G,1,1
0.7237,0.00993,TAATAACCACCAGAGC,I242T V490R,2,2
0.7236,0.05365,GAGAAATTACAGATTA,G263P,1,1
0.7235,0.002807,TCCCAGAGACCCTCGA,G275T,1,1
0.7235,0.008479,AAAAGGGTGGTAAAAT,S198Q,1,1
0.7235,0.06198,AAGCCTTAGATGTACA,H184L,1,1
0.7234,0.009488,CTAAGAGAAGGCGTAC,,0,0
0.7234,0.009961,AAAATACAAGCTGTGA,,0,0
0.7233,0.01468,GAATCCAGGCAGGACA,,0,0
0.7232,0.02606,AGATAATTACGTATGA,R269L,1,1
0.7232,0.01584,AAAACTTGATACGTTA,S287G,1,1
0.7232,0.01138,AAATGTCATCTACCAA,,0,0
0.7231,0.02998,AGATCAGTCATCGCAT,N126L,1,1
0.723,0.01052,ACGATCACATCTTATT,,0,1
0.7229,0.01977,AATACTATATTTAAAG,,0,0
0.7229,0.007874,TTAAGACGAATCCGCT,P4Y,1,1
0.7228,0.01176,ATTTAAGAAAACATGG,H56M,1,1
0.7228,0.03528,CGACCAGCACAAAAAT,R269K G275V,2,2
0.7226,0.02466,CCCACTTAACATAATT,,0,0
0.7223,0.01295,AAGTATAAAAAACAAT,,0,1
0.7223,0.04802,CGGAAAAACGGGTAAA,,0,0
0.722,0.007121,GTATTTCCAAAAGTCA,,0,0
0.7219,0.01547,ATCTCCAGAAACCCCA,V166E,1,1
0.7217,0.01189,TCACAGACCAAGAGCA,A11T Q407H,2,2
0.7216,0.01677,ACATATCATTGAAACT,R269V,1,1
0.7216,0.02108,AATAATTAGGTAAAAC,Q311L Q356S,2,2
0.7216,0.02108,TGTTGTCCACTACAGT,K82H,1,1
0.7215,0.01496,TTTATGCCTGCTGCAT,R208G,1,1
0.7214,0.003155,ATTAACATTAAGAACA,,0,0
0.7212,0.009272,CATACCTTACCTCACG,I242T,1,1
0.7211,0.04346,ACTCAAGAGTTGCCGA,I267W,1,1
0.7211,0.01046,AACTAAAAACATCTTT,Q197G,1,1
0.7209,0.00541,AATACAACCTATACTC,N63K,1,1
0.7207,0.008057,TGATATTTCCAAAAAA,,0,0
0.7207,0.01317,TCACGGACTAGACACC,N382Q,1,1
0.7205,0.02865,CATAACAACTAATACT,P21N,1,1
0.7205,0.01241,AATTTATAAACTGAAC,R361M,1,1
0.7205,0.01053,GTCAGCAAATCTAACT,Q211C,1,1
0.7203,0.003987,CTCAAAAAATTCCAAA,R307I,1,1
0.7202,0.02137,TCACAAACGATTCATC,E35W,1,1
0.7202,0.0926,TGACTCAAGCACTCTA,,0,0
0.7202,0.01852,ACAGCAAAAACAAGGT,P324V,1,1
0.7202,0.05556,TTAGTTATTAATTACG,P4Q G49D,2,2
0.72,0.02696,GAAACGTTACACGCTA,,0,0
0.7199,0.01115,TCATATGGAAATCAGT,V112A,1,1
0.7198,0.009847,TGTAAAAACAGATAGA,,0,0
0.7197,0.007979,GGGAAGATAACAAAAC,E432S,1,1
0.7196,0.06455,ACAGGGATAAGAAAAT,L439F,1,1
0.7196,0.02152,AAAATCCACCCACATC,,0,0
0.7195,0.01217,CACACATATAAGTCTT,,0,0
0.7193,0.02274,TCCTCATCTGTATAGG,,0,0
0.7192,0.01186,AAGCAGGTACGTAAAT,,0,0
0.7192,0.01652,AAATCAAGACATTAAG,K171I,1,1
0.7192,0.01123,ATATCCTAAGGTCCCA,M462I,1,1
0.7191,0.01067,GCTGGTTATATCAATT,S9N,1,1
0.719,0.0402,AGAATGAGGCTTATAA,S205G,1,1
0.7189,0.02167,TAGTAAGCCAGTTTGT,T416N,1,1
0.7187,0.02919,TTACGACACTATATAC,E280H,1,1
0.7186,0.07701,AAATTCTATAAATAGA,,0,0
0.7186,0.007002,TATCCCGAGACAGCCC,G62H,1,1
0.7183,0.03149,GAAATTCCATGTTAAA,N475I,1,1
0.7182,0.02182,CGATTAACCCGCAAAA,K417C,1,1
0.7179,0.0161,CAAAATTGTCAGTATC,V112L,1,1
0.7178,0.02083,CAATCCCTACCAGGAT,,0,0
0.7178,0.02588,ACTATACCGGATAAAC,N159T,1,1
0.7178,0.02588,TCTTAGATCATGATAA,Q407I,1,1
0.7175,0.01992,CATAAACAAGACATAA,H184Q G479F,2,2
0.7175,0.004139,GTAAAGGAAACACCAA,,0,0
0.7175,0.009019,ACTATCATTGGATTAC,E119L,1,1
0.7169,0.009071,AAAATAAGAATATTTA,,0,0
0.7169,0.04535,GCCAAAGGTAATCGAA,F79Y,1,1
0.7167,0.02213,AACTCGAGGACTAGCC,,0,0
0.7167,0.01762,CATAGTCTACAGCGCC,V166M,1,1
0.7166,0.009098,CGAAAAATTCCCTTTA,,0,0
0.7166,0.02469,TAAGAAATTATGTTTC,,0,0
0.7166,0.05761,AAACGTGCTACTAACT,,0,0
0.7166,0.006601,CTTACTAGTTTTTCCT,E484F,1,1
0.7165,0.02111,AGCATTGCACCCACAT,G142F,1,1
0.7164,0.02793,TCGCATTCTTCAAGCA,S266T,1,2
0.7163,0.04126,AACAAAACTAGCGAAG,D408N,1,1
0.7163,0.04126,GCAAAACCCCCGGATT,S107R,1,1
0.7163,0.004314,ATTCACATTAACCATA,D77E G263M,2,3
0.7163,0.00354,CTGCTACCATAAAGTT,N53M,1,1
0.7162,0.02018,AACCGATCCAGACGTG,I34M,1,1
0.7158,0.02125,CTCCAGATGGACTTAA,Q132E,1,1
0.7158,0.006181,ACGTTATTAATACGAC,S54I,1,1
0.7156,0.004771,ATATGATCCATTTTCT,R220A,1,2
0.7155,0.02818,ACCAAACTTAAACCTC,K278Q,1,3
0.7154,0.04602,GACAAATCAAACGAAC,,0,0
0.7154,0.04602,TCATAAACTACTAAAC,R141N,1,1
0.7153,0.06734,AGTCTATCCTTCACCA,,0,0
0.7151,0.01865,TAAGTCAATCTAAACT,,0,0
0.7151,0.0117,CTCGACGATTAATAGA,,0,0
0.715,0.01595,CGCTTCCCAGAGCCTA,P324I,1,1
0.7149,0.005668,AGTCATGCGTCTGAAT,K171E,1,1
0.7149,0.002672,CTATTGCATGCTGTAA,,0,0
0.7145,0.014,GTTGATAGTCCCATAC,D85H R92W,2,2
0.7144,0.01359,AAGGCATCTCGTATTC,,0,0
0.7142,0.01041,AGGACTCTTAAAGAAA,,0,0
0.7142,0.007433,GTATAATTAAAGAAAC,N45G,1,1
0.7142,0.001534,TAAAAGAATCCCCTCG,T328G,1,1
0.7142,0.01282,TTTCAAATTGGACAAT,P227E,1,1
0.714,0.09845,TATAATAAACTAAACA,T65H,1,1
0.7138,0.02277,TAAGGCATCTGAACTG,,0,0
0.7138,0.02277,TATAATTGGCGATTTC,,0,0
0.7135,0.0168,TATGATCGCTTAATTT,S287A,1,1
0.7134,0.027,ACTTAGTCAACCATTG,,0,0
0.7134,0.01002,ACGCATCGAAAGCACG,,0,0
0.7133,0.03879,GTAAACATTCTGAACC,G479I,1,1
0.7131,0.002719,CTGTCTTCTTAATACG,S358E,1,1
0.713,0.02294,AAGAAAAAGATACGAT,,0,0
0.713,0.06882,ATAAGCAACCGAATTA,D291V,1,1
0.713,0.06882,CAAAGACCAAATACTA,P273T,1,1
0.7129,0.006634,TCACACCTTCGCGCAG,N382Q,1,1
0.7129,0.02185,TAAGATACTATGATTA,P239Q,1,1
0.7128,0.006186,TGCATTTATAATTCTA,,0,0
0.7126,0.02897,CCACTAAACCTACCCT,D348N,1,1
0.7125,0.007953,GGTAATAGGCTAATCA,,0,0
0.7125,0.02724,AAAAGCCTCCCCACAA,,0,0
0.7124,0.01304,AATCGCGAAGAATGGA,S149G,1,1
0.7123,0.01201,TTAACCTGGCATTAAC,A163S,1,1
0.7123,0.007973,ATTACGCCAAACGGAT,D419C,1,1
0.712,0.00641,GGTATTCGCCTATTAT,,0,0
0.7116,0.004216,GAAACGAGACGCAGAC,N94M,1,1
0.7114,0.02216,GAAAAAAAAACACAAT,I377M,1,1
0.7114,0.02113,AACAATAACGCAACCC,,0,0
0.7111,0.004871,TGACGTGAGCAGGAAT,,0,0
0.711,0.004088,TCCCTTTAACAATCTG,,0,0
0.711,0.005212,TCGTCAGGAGGATGGC,Q327E,1,1
0.711,0.01025,AAACGGCACCTAAAAC,Q501P,1,1
0.7108,0.002545,AACAGCAAGTATCACT,L70I,1,1
0.7107,0.0006775,TGTCAAGGTAACATCA,,0,0
0.7106,0.07038,ACGGAATTCAAAATAC,,0,0
0.7106,0.02614,TAAAAACTGCCAGAAA,D7S S47I S358C,3,3
0.7106,0.01188,AAATCCAGAAACCACC,A19S Q80V,2,2
0.7106,0.006141,GACTGAAACAACCCAA,K450V,1,1
0.7106,0.02346,TTTTTGCATCGCTTGT,H56V,1,1
0.7106,0.08317,CGTTCTACGCATGTTT,I242Q,1,1
0.7104,0.005298,GAACACTGCAAGTCCA,K238S,1,1
0.7102,0.005433,GTGTTTACTGTATAAC,D32Y,1,1
0.71,0.01672,GGACCTGAAAACGATA,,0,0
0.7098,0.01138,TCACCCACCAGTACTT,,0,1
0.7097,0.00896,TGTCTAGCACAAGAAC,D291V R482K,2,2
0.7097,0.002269,AATGAACTTCGCAACC,,0,0
0.7094,0.01171,TGGAAAATTCCTAACT,I300M,1,1
0.7093,0.0189,ACACATTCGTTACTGG,,0,0
0.7092,0.01042,ATAGAGCACAACAGCC,K472F,1,1
0.709,0.009193,TCCCCTTTATTGCTTA,,0,0
0.709,0.005917,TACGGAAGATTGCTCG,K50S,1,1
0.709,0.02382,TCTCCTACTCTCAGAC,V223C R229L,2,3
0.7089,0.02513,TTAATATAAAAGGAGA,,0,0
0.7088,0.001045,AGTCGCCACATTACCC,S199I,1,1
0.7088,0.002899,TATAGCATGCTATACT,S9D,1,1
0.7086,0.01434,TGCCGCAGTAAACTTG,,0,0
0.7086,0.0115,TAAGTCTATAACTTAC,T301M,1,1
0.7086,0.0148,CAAAATGATGTGCCTT,,0,0
0.7085,0.01529,CACCTACTACTAGATC,V166S,1,1
0.7084,0.02172,CAATAACATATACATG,,0,0
0.7083,0.01639,CCCCTGACTCTTCGCA,,0,0
0.7082,0.01396,CCGAAAAAACCATGAA,Q311F,1,1
0.7082,0.01765,TATCCTGGTATGCATA,S91M,1,1
0.708,0.005067,CTGCAATGTTAGGATA,R482T,1,1
0.7078,0.01361,CAATAATAGCACCTTC,G78R,1,1
0.7078,0.04082,CAGCGTACCGTAATAA,,0,0
0.7075,0.03038,CTCAATTGGCTGTATC,S114L,1,1
0.707,0.01295,GATATGAAGACTAACG,,0,0
0.707,0.0044,GGATAGACGCATCTTA,D291W,1,1
0.7069,0.01333,TGGAATATGTTAGGAA,,0,0
0.7069,0.006031,TAACTTAACAACCCAG,,0,0
0.7068,0.01373,AAATATCCTACAATTA,N159L,1,1
0.7066,0.02875,GATTGAGGTGTACTTT,P4S,1,1
0.7064,0.008723,ACGTCTGATACCCGTT,,0,0
0.7062,0.06348,ACAGGATAACCGAACA,R405Q,1,1
0.7062,0.01422,AATTACCTTAGCTCCG,,0,0
0.7062,0.02575,ACCATGGTGCGAAGCG,,0,0
0.7059,0.04547,AAATCACTTCTATAAA,,0,1
0.7059,0.04547,AGAATAATTCCAAACA,,0,0
0.7058,0.008607,GGATCAATTCAGCAAT,G386E,1,1
0.7057,0.03543,TCTTTCCATAAGAAGA,,0,0
0.7055,0.0737,ATTGACCGATCGAATT,D32H,1,1
0.7055,0.02457,CACCCAAACCATGAAT,,0,0
0.7054,0.01683,CAATGCGACATCAATG,L151M,1,1
0.7048,0.04192,AAAGAAATAAATAAAT,Q197I,1,1
0.7048,0.002519,ATCAAGCGATCAGATT,S96M,1,1
0.7047,0.006846,TGCGAGCCCTATTACT,Q311S,1,1
0.7046,0.007609,TTAATGAGCTACAAAA,,0,0
0.7045,0.02929,GCAGCACATAATGGTG,E35I,1,1
0.7043,0.02618,AATCCATAGCCATTGA,I300L,1,1
0.7042,0.00923,CATTACCTAGAAACCA,G504H,1,1
0.7042,0.01538,GAACATTAGCAAGAAA,P21C,1,2
0.7041,0.01702,ACATCCCGTAATCAGA,,0,0
0.7041,0.005672,CACGTCTTTATAATAT,,0,0
0.704,0.00272,CACGGAAATCCTAAAG,T117W,1,1
0.7039,0.00136,TATAAGTTAAGCAAAT,,0,0
0.7037,0.01986,TAACCATTTTAAAGAT,,0,0
0.7035,0.007557,CGGACATGGCAGAAGT,S95D,1,1
0.7035,0.05132,GAAAGATACTGATTCA,V20M,1,1
0.7035,0.05132,TCTTCTTAAATATCAC,,0,0
0.7033,0.002662,ATCATTGTTCACCACC,,0,0
0.7033,0.008499,GTCTATCTATAAAGCG,,0,0
0.7032,0.02385,AGGCATCAGGTTGAAC,,0,0
0.7031,0.02175,AGTGCTTACTAACCGA,Q1K,1,1
0.7031,0.1087,CTTAATCAACTAACGA,,0,0
0.703,0.01999,CACAAATTCGAAGACG,,0,0
0.703,0.002656,CAACGTAAGCTTTGGA,,0,0
0.7028,0.02516,GCTTCGCACCACGTCT,,0,0
0.7027,0.006177,CGTTTTAATTCGCCGC,,0,0
0.7025,0.006516,CCTGATATTTGTACAA,I260V,1,1
0.7023,0.02663,AGACGAAAACTTCTTC,G275C,1,1
0.7022,0.02012,TTGATCGAGGGCGGTT,,0,0
0.7022,0.00286,TACTTATCTTAATAGA,G263P,1,1
0.7019,0.01392,GTAATCTCGAAAGAAC,,0,0
0.7019,0.01798,CTATCTAATCGACTCC,H18F,1,1
0.7018,0.023,CTTAAAAAATTACTTA,,0,0
0.7016,0.01001,ACAACGTACTATTTTC,,0,0
0.7014,0.06617,AATATCCTCTAATATA,N53S,1,2
0.7012,0.003101,CCGAATCACAATGAAT,,0,0
0.7009,0.01749,ATACTATCCCAAGACT,E83D D85M,2,2
0.7009,0.02558,CGTTCCACAAAAAGTA,F258Y,1,1
0.7008,0.005337,ACGCTGCACCGAGCCA,,0,0
0.7007,0.02853,CATAAATTATGAAACG,P103D,1,1
0.7006,0.007996,AGCTATTTATAACGCA,S198K,1,1
0.7006,0.02222,TGGAGCGCATTATGAC,S199D,1,1
0.7005,0.01266,TGGATAATAGTGGCTC,,0,0
0.7004,0.0589,AAAGTAAAGGAAGATC,,0,0
0.7004,0.0589,ACAAACCAGAAATCGA,N126V,1,1
0.7004,0.01054,GTTAGAGTAAATGCCA,A93T,1,1
0.7003,0.01411,ATATGATGATAAGAAG,,0,0
0.7003,0.005419,TTTGAACTATCATGAT,E280K,1,1
0.7003,0.001152,TCATACCTTCAGCGGT,R92N,1,1
0.7002,0.006228,TGACTATAAACACGAT,Q376M,1,1
0.7,0.01703,AGCACAAATATCTAAA,,0,0
0.6998,0.01037,TCGTAATTGTGAATAG,E403M,1,1
0.6997,0.008761,ACTCCTGAAAAAATCT,G49P K121N,2,2
0.6997,0.01214,ATAAATACCTTAATAA,N489F,1,1
0.6997,0.01214,GAACTCGCATTTGAAT,,0,0
0.6996,0.05307,TAAGTCCAAATTCTAT,Q376Y,1,1
0.6994,0.02148,ATTAACGCCCATGGAT,,0,0
0.6994,0.007374,TTTAAGTCGGGTCAGT,K171W,1,3
0.6989,0.04829,AGCAAAGCACCCGTTC,P4N,1,1
0.6989,0.02254,CAACTTAGCCCTCACA,,0,0
0.6986,0.01917,AGAACTTAACTATCTA,,0,0
0.6985,0.001902,ATCAAGTGATCATACC,,0,0
0.6985,0.01028,AATCTTATGAATCTTA,,0,0
0.6985,0.01094,ACCCAATGCGCGTATA,P239A,1,1
0.6984,0.01851,ATAGGAGATCTCCGAA,V490R,1,1
0.6983,0.005825,ACATTAAAATACCTCA,G386E,1,1
0.6983,0.009899,AGCAATATCCTACATA,K472H,1,1
0.698,0.01732,TCACTATGTAAAAAAT,P21S G386E,2,3
0.698,0.014,ACCAAGTCACACAGGT,,0,0
0.6979,0.01526,AAAAAACAACCCACTG,N285H,1,1
0.6979,0.01149,AAACTGTCCATCATTC,,0,0
0.6977,0.009062,TCCTATTTACAAGCTA,Q327G,1,2
0.6977,0.01862,TATAAGTCCTTGTAAA,,0,1
0.6977,0.01205,ATAATAATCAAATAAA,D7H,1,1
0.6976,0.01102,GCAACCTAATCATACC,I300L,1,1
0.6974,0.01267,CTGCAATAAAATCATA,,0,0
0.6974,0.005869,CATTAGAACAAAATAC,Q1F,1,1
0.6971,0.0355,ATGAACATTACAAGCC,I260Y,1,1
0.697,0.01635,CCTCTGAAATAAATAA,E449S,1,1
0.697,0.01635,TAGAATTAAACATACA,,0,1
0.6967,0.01342,TTCTGATTACCACCTT,T135F,1,1
0.6966,0.0252,CCTTTTCAGTCGATTT,N94S,1,1
0.6965,0.009665,TTTTAATCAATCCGCA,Q501H,1,1
0.6964,0.01644,ATACTTCATTAAGACC,E35S A106E,2,2
0.6963,0.007791,CATAGGGGCTATAAAC,K368C,1,1
0.6962,0.009015,TTAGATAAAATCAGCT,,0,0
0.6962,0.06911,CTGATCCACCTGAAAC,V166T,1,1
0.6962,0.06911,GAATATATAATTATCG,,0,0
0.6957,0.06121,AATAAAATATATCCTC,L367K,1,1
0.6957,0.06121,GAGCTCAAATAATTAT,,0,0
0.6956,0.02541,CGAAGAGAATAGACTC,R361Y,1,1
0.6955,0.01896,CATAGACCATCGAATG,,0,2
0.6955,0.02426,TTCCACCATATATATA,N53E,1,1
0.6954,0.03366,AAACCTACTGCACAAA,A212M,1,1
0.6948,0.0456,AAACCTTTTTACTTCA,T65A,1,1
0.6947,0.00636,AATAAAATTTAATGCC,I3R,1,1
0.6947,0.01206,TATCCAAAATCAAAGT,Y302M,1,1
0.6946,0.002383,TTATGAGGTGAACACA,G142N,1,1
0.6943,0.001356,GGTAGCCATATAATTG,S110T,1,1
0.6943,0.002357,TCACCTTAGTAAATCT,E359D,1,1
0.6941,0.03402,GAGTCCCAGTATTATC,N6P,1,1
0.694,0.01991,TCAAGCGAAATAACTG,E484S,1,1
0.6939,0.01304,AAACCTCAATAATCCA,,0,0
0.6937,0.007505,TAATATACCATCAATT,D291N,1,1
0.6937,0.02713,AACAGCCGATAAAAAC,R361N,1,1
0.6937,0.02713,CACCAATCATGCTTAA,S199G Y308F,2,2
0.6937,0.01628,ACGAGTAAATACCTTA,P239T,1,1
0.6936,0.005117,CTATTTTCTCATCTAA,F87W,1,1
0.6934,0.07067,GTTTTCCAAAGCACGA,,0,0
0.6933,0.009072,ACCTTTCGATAAGAAT,A373V,1,1
0.6931,0.05593,ATAAAATAATGTACAG,K276L,1,1
0.6931,0.05593,CAACACACAAAAATCC,,0,0
0.6931,0.002131,ATCTCACCCGCTAAAC,N8I Q454T,2,2
0.693,0.01688,TTTACTAAGTTTAATC,N122I,1,1
0.6929,0.0142,GGGTGTGTATCCATAT,K82D S199P,2,2
0.6926,0.03049,ATTCAATGAAACAAAC,,0,0
0.6926,0.02885,ATCCACATAACTAGAT,T313S,1,2
0.6923,0.01645,ACTTTATGTTAAACCG,,0,0
0.6923,0.0155,AACAGACAAGATCCAC,H184N,1,1
0.6923,0.01389,ATAACGAAAAGATGCA,R405E,1,1
0.6921,0.002081,AAGAATCACCCCAAGC,R261Q,1,1
0.6917,0.01558,AGCCGTAAGCAAAAAC,,0,0
0.6914,0.006303,CTCTCACGACATCAAA,,0,0
0.6913,0.03266,TCACGATGCTAATGCA,V213A,1,1
0.6912,0.03719,TCTCAGCTTGATAATC,,0,0
0.6912,0.03997,CTGTTTTGAAATCATA,K207D,1,1
0.6911,0.04319,AAGACGACAATGAATA,,0,0
0.6908,0.05695,GCAAGCGAAAATAATT,,0,0
0.6908,0.001413,AGAATCTCATCCGGCA,G142M,1,1
0.6907,0.008951,CTAAAGCAAAATATCT,,0,0
0.6907,0.004283,GCAGAGGCTTCAATCA,,0,0
0.6902,0.01726,CGCAAGGTAATACTCA,S198K,1,2
0.6902,0.0125,AATCACACGCTCAAAA,I242W,1,1
0.6902,0.01783,ATGGAAATTATCACCG,A93I,1,1
0.6898,0.001931,CAATTTATAGAATAAC,L59M,1,1
0.6896,0.01681,AAAATTATTACAAATA,,0,0
0.6893,0.01004,GTATGGATTTAAAAAA,L243I,1,1
0.6891,0.004629,CCCAAAATAAAACCCT,,0,0
0.689,0.01638,TAAGACGTAATTTCGG,E426D,1,1
0.689,0.01356,AACTCTTTATTAACAA,,0,0
0.6889,0.01156,TAGTAAGAGTTGAATT,M168R,1,1
0.6883,0.02565,ATCTCTGCGAGTAAAT,K264L,1,1
0.6882,0.01699,GACCTCTGAACGAGTA,,0,0
0.6881,0.0381,AAATCTTGTTGGCCAC,Q44K,1,1
0.688,0.01301,TTTCAATATGGTATAG,E344D,1,1
0.688,0.02168,ACATACTTTCAAACAA,,0,0
0.688,0.009457,ACCACCAACACCCAAC,T328G,1,1
0.6878,0.01878,TCTCTCTTCATATAAC,,0,0
0.6876,0.004385,AAAAGACTTTCATAAT,D85N,1,1
0.6876,0.01656,ACTAATAATTCATCCA,V223M,1,1
0.6875,0.07403,TAAAGTAGATTACAGT,S115E,1,1
0.6874,0.004611,AAGTAATTTGTGTACT,N158R,1,1
0.6872,0.03372,CTATGAAGAACACAAG,R141W,1,1
0.6872,0.007182,AAACGATGCGAATCAC,N489L,1,1
0.6871,0.04843,TCTTTATAAACTGTAG,D291L,1,1
0.687,0.006297,CTATACCTCTAAATCT,,0,0
0.6869,0.02276,TTTACCGCCACAAACC,R220N,1,1
0.6868,0.006527,TTAGCATACTGTTCAG,R208A,1,1
0.6867,0.08589,CTGCTACCACAAAATC,,0,0
0.6867,0.0084,GAAACTCATCACACAA,,0,1
0.6865,0.004885,TACAAATGTTTGCATT,Y302L,1,1
0.6864,0.01835,CCTAACTAAGTAGATA,T318N,1,1
0.6861,0.04157,GTAGCAATCACCTTAC,E401K,1,1
0.6861,0.003995,TAATAAATATGGCGAC,G275N V406M,2,2
0.686,0.01012,TCCTCACAAAAAATAT,G386E,1,1
0.6859,0.02293,ATATACAGTTCAGGGA,T30C I374W,2,2
0.6853,0.01737,ACAAATTGTGCACCAA,,0,0
0.6852,0.02215,CGCCCGAGCAGTACTC,G5S F174Y,2,2
0.6852,0.06643,TTTGCAAACTAAAACA,,0,0
0.6848,0.006192,ACTTAGATAAAAAACA,,0,0
0.6847,0.009221,ACTATGTACCAACTCC,,0,1
0.6846,0.004486,GGAAATATGATACGAT,,0,0
0.6845,0.00817,CTCTCATCAACTGACT,L367V,1,1
0.6845,0.006969,TTACTGACACAAGTTC,,0,0
0.6843,0.01517,ACTGAGGATTTTAAAC,,0,0
0.6837,0.03684,GAAACTAGTTAAAGAG,L496I,1,1
0.6837,0.007368,GAAAGGAACGACCCTC,,0,0
0.6836,0.02433,ATATATCTCTACAACT,G78M,1,1
0.6836,0.02433,CATGAGTATCGTAATG,L244V,1,1
0.6835,0.02791,ACGTAAACCCCGAAAA,R307T,1,2
0.6835,0.02791,ATCAAAACCTCTAACT,N290Y,1,1
0.6829,0.004577,GGTACTTTATGTAGAA,S95A,1,1
0.6829,0.01948,ACGTATATAATACACA,,0,0
0.6825,0.02452,CCCTCAATATCGCCTT,,0,0
0.6822,0.01122,ATGTACAATATATCAA,K453S,1,1
0.682,0.007096,CATACCAGAAACCATT,N290V,1,1
0.682,0.004761,TTAGCGACTTAAGAGA,,0,0
0.6819,0.02362,GGCCTTGAAATGCAGG,,0,0
0.6819,0.02362,TCTAACCATTCCCTTC,K140E,1,1
0.6816,0.0464,TTAGCATACCTAACGG,G275M,1,1
0.6814,0.0115,AGACCCAATAATTCTC,K468Q,1,1
0.6813,0.007599,TCAAATTGTTCCCCTA,G263I,1,1
0.6812,0.01511,ACAGTATGAATGTAAA,I160R,1,1
0.6812,0.1057,ATACAATGAACGTGAT,,0,0
0.6809,0.02591,ATATCAAAAATTAACT,G78Q,1,1
0.6808,0.02381,ACTATAAGAACTGAGC,,0,0
0.6805,0.01518,TTACTCACACCAACTA,,0,0
0.6805,0.01376,AGAACAGGATATATTG,,0,0
0.6805,0.007547,TTTAGAAAGAACTCGA,Q376L,1,1
0.6804,0.03343,TGTCGTATTCCAAATA,S279V,1,1
0.6803,0.001253,CAGTCATAATTATGCA,,0,0
0.6802,0.01096,AACTACCAGACAAATC,,0,0
0.6802,0.003608,TACATTTCGCCAAAAA,R201G,1,1
0.6797,0.02613,AAGACTAGACCACAAG,,0,0
0.6797,0.02613,CAGAGCTAAAATCACA,S9L S198R K264N,3,3
0.6797,0.004542,ACAGACCCATGCAGAA,,0,0
0.6796,0.03565,ATCGAAATTGATATTT,N497I,1,1
0.6795,0.0471,ACCAATAACATTCTCC,E484N,1,1
0.6794,0.05612,AAAACCCCTAAAGACT,S54T P55T,2,2
0.6793,0.02144,ACGAGTACAATAATTT,,0,0
0.6792,0.002082,TCTCTCAATCTATGCC,A304K,1,1
0.6792,0.002517,TAGAACCTTTTACCCA,,0,0
0.6791,0.02746,ATTAATGAAGATAAGT,M268L,1,1
0.6787,0.03819,AAACAATAAGAATACT,D60E,1,2
0.6784,0.002902,CCTAACCAAATTTATT,,0,0
0.6784,0.008417,AGTTAGGAGATAACTT,Q197D G386E,2,2
0.6783,0.008929,GGCCACCGATGAAGAA,F174M,1,1
0.6783,0.008309,CGATATGAACAGAACG,A476P,1,1
0.6782,0.005688,TGCCAGCAAGCATATT,N53L,1,2
0.6781,0.01017,GTCGACCGGACCTGAT,,0,0
0.6781,0.00604,CAAAGTAACGGCGTTA,,0,0
0.6779,0.01001,AGTCATTAAAAAAAAG,,0,0
0.6779,0.02771,AAATAACTTTATAATA,S91Y K207A,2,2
0.6778,0.008833,GAGCTATCAAGTTTCA,,0,0
0.6775,0.01731,CCCCCGCCACTACGGA,A19R,1,2
0.6774,0.009264,AATCCAAAAGGGACAG,P227N,1,1
0.6774,0.04783,AAGAGAAAGTTGACCT,N122A,1,1
0.6774,0.008858,ATCGCTTCTTAAACCC,L59A,1,1
0.6774,0.04783,CATAAACAGTGTGTAT,,0,0
0.6772,0.005621,CTCAGGTTATCAACTT,Y423W,1,1
0.6772,0.01023,CTTTTGGAGATCATAC,T328P,1,1
0.677,0.007734,GTTACTCTAGTCTATG,A304K,1,1
0.6769,0.006777,CATTTCACTTATATGT,Q132E,1,1
0.6766,0.02037,TCTTCAATCAAAACCT,,0,0
0.6764,0.005762,AAAAAGAACACCCATG,,0,0
0.6764,0.1095,AAGACCACACAAGAAA,D32R,1,1
0.6764,0.03649,ACAAACAAGGAAATTA,,0,0
0.6761,0.008934,TCTTCAAAAACTCACC,D101S G275Q,2,2
0.6761,0.02366,AAACATTATCTAAGGT,,0,0
0.6758,0.03454,AAACCCACAAAACAAA,A69V V490H,2,2
0.6757,0.02949,GATGTCTAAATCACGA,G386E T416V K468R,3,3
0.6757,0.007907,CCCGCACACCTACCGC,,0,0
0.6756,0.0136,TAAATAGAGAAATGAA,R255H S358F,2,2
0.6751,0.04857,AGAACGCACTCTAAAT,R92Q,1,1
0.6751,0.0176,AATCCGGTACCCTCTT,R482M,1,1
0.675,0.02132,AAGTAACTGAGCTAAG,,0,0
0.675,0.02132,ACCAGGGCCGCACGTG,E119W,1,1
0.6749,0.01181,TTCCTTACAGCAACAA,D188K,1,1
0.6748,0.03121,CCAAGCTAAAATAGAT,N285C,1,1
0.6748,0.03121,TTGATGTTGTTAGTTT,,0,0
0.6743,0.01186,GTAAGCAGAAATCTAA,K238S,1,1
0.6742,0.02495,ATGATTATTCTTTAGA,,0,0
0.6738,0.02078,ACAAACATCAACTTCC,,0,0
0.6738,0.02078,TTGATCCTCCGGGCGA,P103N,1,1
0.6735,0.05341,CAAAATAGATAAACCA,S262K,1,1
0.6735,0.05341,CACCAAAAATACAGGG,V223Y,1,1
0.6734,0.005511,ACCAGTTACGCGACTG,N445V,1,1
0.6733,0.03153,CTACGCTTTAAGATAG,S115T,1,1
0.6732,0.01733,AGGCGTTAGTAAAAGT,K276A,1,1
0.6732,0.009691,TAGTCATTCCATCACC,M462Q,1,1
0.673,0.02162,AACTGTTATAATGTTG,V490A,1,1
0.673,0.03006,TACACACGAATATAAG,R92Y D241N,2,2
0.6724,0.003979,CATCTGCGACGGGAAA,S198Q K503D,2,2
0.6724,0.01157,TCACCTGGGTGCCTCT,S114G,1,1
0.6724,0.006915,CCCTCCCCATGAGAAC,,0,0
0.6723,0.04585,ATTAAAATATATGATG,,0,0
0.6722,0.00843,CTCTTTTTATATATCA,N497I,1,1
0.6721,0.01907,GACTTCTTGAGTACAC,K264D,1,1
0.6718,0.03185,CCCATAGTTATTACAA,N298Q,1,1
0.6718,0.01062,CTATAATATATAAGCC,N53L,1,1
0.6718,0.01062,GAAATCCAGTACATTC,N81M,1,2
0.6718,0.01573,TTGTACAGTAATAGGA,N285Y,1,2
0.6716,0.004918,AAACGCGGATATAGAT,,0,0
0.6716,0.0204,ACAACCCAACTCCCTA,R229Y,1,1
0.6715,0.03036,TCACAAGATCTAAGGG,K450N,1,2
0.6715,0.009225,TGAATTTTCTCGCTAA,D474S,1,1
0.6714,0.05932,CTGCAAGCAGAACTTA,,0,0
0.6712,0.01048,CACAAAATAATCTTAA,S228A,1,1
0.6712,0.01434,AGAAAAAGTTATCTCC,S107C,1,1
0.6711,0.03782,CGAGCTAACGAGTAAC,,0,0
0.6711,0.008054,AACAGTTCGGATACAA,L59I,1,1
0.6709,0.05434,TCCGTAATTCCGAAAA,S124Y,1,1
0.6708,0.01762,TATACGATACTGACTC,N63F N382Q,2,2
0.6707,0.002879,GCCTGACTTTTGCTAA,,0,0
0.6703,0.09653,AAACGAGTACGATACA,R220C,1,1
0.6702,0.02369,GACGTCGACAAATTAC,,0,0
0.6699,0.006803,TCAGCGCTAAAAAACG,R361L,1,1
0.6698,0.04341,GGGAGGCACCAAGTAC,,0,0
0.6698,0.003924,CATGAACTGTAACTCT,S124V,1,1
0.6698,0.003717,CAATTTCCCAAACAGG,R201S,1,1
0.6697,0.00353,GAGGACGATATAAAAA,,0,0
0.6697,0.028,ATCCCCAAGGGACACA,E401C,1,1
0.6696,0.01025,AAAACGGGATAATAAC,H56T,1,1
0.6695,0.01009,TCTTAATATACTTCCC,,0,0
0.6695,0.02684,CCCGAATGAATTATAA,A11S,1,1
0.6694,0.01943,TCAATCCTCCATAAGT,,0,0
0.6694,0.02577,TGATTCCTTGACCAAC,I374Q,1,1
0.6693,0.01276,ACCCTCAAAACTCCGT,,0,0
0.6693,0.03828,TTCAGACTTCTCCACT,R220H,1,1
0.6692,0.01251,AGCCTAAGTACCTTCG,S107I,1,1
0.6692,0.07436,ACGAAATTGTCTCAGA,N126E,1,1
0.6692,0.02479,GCGAACATTTCCAGTA,N63S,1,1
0.6688,0.008285,TCAATCGAATGAACGA,S265G,1,1
0.6687,0.0215,ACATCTGCAAAAGGAC,N122M,1,1
0.6687,0.0215,ATATATTATTAGAACT,,0,0
0.6686,0.01256,TCTAATATCTTACCTA,S400A,1,2
0.6682,0.02708,TCTGAACCTCAAGCTC,Q44R,1,1
0.6682,0.008902,TACCAAGCCGATTCAA,S115M,1,1
0.6681,0.01052,ATTTAGAAGGACCAGT,,0,0
0.6681,0.001575,CCCAACACGTCTGAAT,K417E,1,1
0.668,0.009881,AGCCCTTGCTATGAAC,,0,0
0.6676,0.02095,GATCTAAAATTAACCG,,0,0
0.6673,0.03657,TAATTCTAGACTTAAA,,0,0
0.6672,0.03461,AATTGGTAACCTCAAC,,0,0
0.6672,0.01708,CAACCTACCTAGTTCA,I267C,1,1
0.667,0.00759,TAATTTCACTTTGTAA,Q211I,1,2
0.667,0.004207,ATCGTATAAAACATCC,Q311C,1,1
0.667,0.009794,TGAATGACACAACCGA,,0,0
0.6669,0.0138,AAGTTAAACAATCCCA,S199C,1,1
0.6669,0.0138,CAGTCTTAATAAAACA,R220T,1,1
0.6669,0.003008,GATGTGAAATACCCGC,R208G,1,2
0.6668,0.02621,GACATAATATCCAACT,,0,0
0.6666,0.02256,AAAAATTTCAATAGCC,,0,1
0.6666,0.02256,CTGGTATAAAACCCAA,S199A,1,1
0.6666,0.0218,CTATTATCTTCACGAA,A364S,1,1
0.6663,0.01553,AATTACACCCTGAAAA,Q1A,1,1
0.6661,0.01067,TGTATCCAGATTACTT,,0,1
0.6661,0.003499,CTAAAGTAACTCAAAC,T203A V490D,2,2
0.6659,0.006628,CTAACACTGAATAACT,R307K,1,1
0.6655,0.02272,ATACCGTACGGAACTA,S231E,1,1
0.6655,0.02272,ATCAAACAAAAACCAT,R33W,1,1
0.6655,0.01282,AATAAAGCAAATCTAA,I274M,1,1
0.6655,0.03321,CCAGCTGTTACTCGAG,,0,0
0.6655,0.02123,CTAAGTACTTACCCCT,K276Y,1,1
0.6655,0.06816,CTCTAAATTGCCGCAC,D101W,1,1
0.6653,0.003781,AAATAACACCAATTTA,,0,0
0.6652,0.007253,TCTTCAAAGAGTAAGC,S46R,1,1
0.665,0.009919,AAGTTGTCACTTTACA,N6P,1,1
0.665,0.003704,ACTACCCCATAATCAC,,0,0
0.6644,0.01096,AGAACTGACGAGCAAT,Q173Y,1,1
0.6644,0.02211,AATAGCCTAAAATGCA,,0,0
0.6644,0.02289,GAAGACAAACGACCAG,,0,0
0.6642,0.02666,GTAAATCTCAAAAACA,S96N,1,1
0.6642,0.00677,ACTCGAAATTAATAAT,,0,0
0.664,0.009982,TAGTATCGTTTGGAGT,,0,0
0.6638,0.01795,GTTTCAAATTAAATTC,I236M,1,1
0.6637,0.03745,AATCAGCTACAAATGC,G129S,1,1
0.6637,0.03745,TATTCAACAAAAAGAT,,0,0
0.6635,0.02018,AAGAATACGTGTTAAT,N489Y,1,1
0.6635,0.02018,GTATAACTCTAAACAC,Q80E,1,1
0.6631,0.02483,AGAGTGACTACCAAAG,S95P K326W,2,2
0.663,0.0102,TACAGGATTGTTTACA,,0,0
0.663,0.02582,TGCAGGTAGATTTCCT,Q327L,1,1
0.6629,0.008722,TTTTGACAGCAATACA,P289V,1,1
0.6628,0.01857,ACTTGCTGGACCTACT,R220Y,1,1
0.6627,0.008193,GAAGAGCAAGGAACAA,L439F,1,1
0.6625,0.007545,GAAATCCAAGCCGGTT,,0,0
0.6625,0.00863,ATTAAGAAAGGGGGAC,S144I,1,1
0.6625,0.007634,CATTCTGAAGTTTAAT,D85N S124K,2,2
0.6625,0.01554,AGATTACATAGGTAGT,,0,0
0.6623,0.01093,CACCCTGTGGCCAACA,,0,0
0.6622,0.007476,AAGGTATGAGCCCTAA,A304H,1,1
0.662,0.001027,CAGTATCATCAATAAA,A372Q,1,2
0.6619,0.01061,ATGAATGGAGAGTACT,L420F,1,1
0.6618,0.0379,TGAGTTTCGGATAAAC,G263R,1,1
0.6617,0.004268,AACTCAATTAACTAAC,I236L,1,1
0.6614,0.01198,AATAGAACTGACCGCA,Q80R V130I,2,2
0.6613,0.01431,ACAAACTAATCAGGGA,K259E,1,1
0.6612,0.02183,TCTTTAATTACAACGA,,0,0
0.6611,0.0888,GTTCTTACAAAGGACC,A93K,1,2
0.661,0.0132,GTCCCCCTTACACCTT,,0,0
0.6609,0.0234,TGACACCTTAAACAGC,N81E,1,1
0.6609,0.01879,TGATGTTTTCTCAAAA,I481L,1,1
0.6604,0.03431,ACTCTCTGAAATAATC,,0,0
0.6602,0.008325,GAATGCTACATTCAAC,,0,0
0.6601,0.01837,AACACGAACGTTGCGG,E414V,1,1
0.6597,0.01947,ATTAACGGAAACGACA,,0,0
0.6597,0.02358,ATATTTAGGGATCTCA,D271Y,1,1
0.6596,0.02989,CCAACAGTCTCACCTA,R201M,1,1
0.6595,0.01748,ATCCGACACGTAGATC,F192Y,1,1
0.6594,0.01548,AAAGCAATTTTAGTGG,,0,0
0.6592,0.02543,CCAGCAAGAACTCAAA,,0,0
0.6592,0.06421,AGATTAATGCCGTTTA,K326P,1,1
0.6591,0.01451,CATTGAACTATTACAC,,0,0
0.6591,0.002292,AAGTACTAATACGCGG,N290V,1,1
0.6589,0.007901,TTAGTAATAAGCCAAT,,0,0
0.6588,0.01519,AACATCGGAAATTCTC,,0,0
0.6586,0.04667,TTAAATAGCAATGTCA,P103E,1,1
0.6586,0.01083,TAGCTCCAAATAACCA,D32E,1,1
0.6585,0.0129,ACTCTTCACTTGAATC,N94I,1,1
0.6584,0.008525,ACAACCAAACCATAGA,Q80R K453V,2,2
0.6582,0.006682,AATACTATGCCATACT,K140I,1,1
0.6581,0.02155,CACCTCGATCTAATAA,K417I,1,1
0.658,0.01527,TGGAAGTGGCATCATA,L111Y,1,1
0.6577,0.03165,AATGAATGTAAAACCA,S358L,1,1
0.6577,0.03165,TTACTGCATACCATAA,Y257F,1,1
0.6576,0.0801,CTAATCATAAGCCTCG,,0,0
0.6576,0.0801,GAAAAACGGCTTTCAA,R255K,1,1
0.6574,0.05453,AGGAGATCATGATTAT,,0,0
0.6573,0.004174,GACCTTCGGCTAGAGA,,0,0
0.6572,0.02394,CCCCAATTTCACACTG,S95W,1,1
0.6572,0.0187,TACGACGGTTCGCTCT,,0,1
0.6572,0.001038,TTCCATGCATAAACAA,G263L,1,1
0.6569,0.01926,TACTCTCAATCATGAA,,0,0
0.6569,0.0217,ATCCGTATCACCCCAG,,0,1
0.6569,0.02486,TCATGAAAAGTCGAAG,Q211F I288M,2,2
0.6569,0.0291,CTATTAAATTAATCTT,,0,0
0.6569,0.01094,ACACGCGATTCCAGAC,G142Q N290T,2,2
0.6567,0.05954,CAAGTCTTCTACCACT,E410K S422N E449K,3,4
0.6567,0.003733,AATACCGAAGAGGAAA,S279W,1,1
0.6566,0.02246,TGACAGAACCTTAAAA,,0,0
0.6566,0.008206,CAGCCCTGAAGATGAC,K368P,1,1
0.6563,0.03709,AAACAACACCTTAATA,,0,0
0.656,0.008761,TCTTTACTACATAAAA,H56F,1,1
0.656,0.01137,TAGGAGAACTGCTTTT,,0,0
0.6558,0.01035,ACCTCGAATATCAAAT,K503A,1,1
0.6553,0.02061,AAGTGACATGATCCAA,I160V,1,1
0.6553,0.00357,AAGAATACTAATCAGA,,0,0
0.6552,0.04189,TACTTAATACAAGGCC,P273Q,1,1
0.6551,0.01317,ATCTGATAGGAACAAT,Q363E,1,1
0.6549,0.01427,AGTTACAAAGAGCATC,S124N S146A,2,2
0.6549,0.01427,GTCGCTACAATTATAA,E449A,1,1
0.6549,0.003967,AAGAAATATAGCGGCT,I418D,1,1
0.6549,0.03077,TCAACTATGAAATTAA,R92E,1,1
0.6548,0.01669,ATAACTTCCAAAGATA,I418E,1,1
0.6547,0.01459,TTTACCACTTATATTC,K207E,1,1
0.6547,0.07295,ACCACACAGAAAACAG,T65V,1,1
0.6547,0.07295,CACTCCATCAAACCTA,N63S,1,2
0.6545,0.007667,TTTACTAACCCCGCAA,,0,0
0.6545,0.001334,GCAAAACATTATTTTA,,0,0
0.6544,0.00658,TAAAGCTATCTTATCT,S279Y,1,1
0.6544,0.01323,TTCACATTTCTAGGAA,R208F,1,1
0.6543,0.02836,ATTAAACCCCCATGGG,K310W,1,1
0.6541,0.001528,CCAAGCTTACATCCTG,,0,0
0.6539,0.01302,CCAACGCACCAGAAAA,S107Q,1,1
0.6539,0.01466,ATTCGTTCGAATTGAT,,0,0
0.6539,0.01565,TAGTATTTGGGGACAT,,0,0
0.6539,0.01962,ATAATAATGCTATAGA,,0,0
0.6538,0.003819,TCAACACCTCGTGAAT,R482L,1,1
0.6538,0.009109,ATCAATCCTCCACATA,,0,0
0.6538,0.009482,TACGGTAGATAATAAG,Q327T,1,1
0.6538,0.02966,TTCTATTTTTGACACC,Y233H,1,2
0.6537,0.03984,GAATGAAACTACACAC,N126L,1,1
0.6534,0.02451,CTACTTGCTCGTATAC,D271T,1,1
0.6534,0.02451,GTTGTAGCCCTAGATC,R92G,1,1
0.6533,0.01644,TAACCGATAAGTAAAT,,0,0
0.6532,0.03108,AATAAATAGCTACCCA,V88I,1,1
0.6532,0.01385,ATATAAATCGCGAGTC,G504P,1,1
0.653,0.005169,ATTGAATCTCAATGAA,D188L,1,1
0.6528,0.02862,GCGGATACATTACGAA,,0,0
0.6526,0.05197,AAAAAATTACATCCCA,D291A,1,1
0.6526,0.01732,CATCATCTAACGATAA,,0,0
0.6526,0.004824,TAAAACATCATCCAAT,,0,0
0.6524,0.01653,CAGGGACTAATCTATA,R269V,1,1
0.6524,0.008031,GGAATTGCAATCATCT,S312W,1,1
0.6524,0.02652,ATATTAGACATAGAAA,,0,0
0.6522,0.01928,AATAAGTCTGCAACAA,,0,0
0.6521,0.003222,AACAACATATGTCCAA,N22E,1,1
0.6518,0.02765,ACTCAAAACTAAGAAA,,0,0
0.6517,0.01272,TATTAATCCAGCACAC,K276I,1,1
0.6516,0.004268,TTCAAGCTAACCCATC,S143Y,1,1
0.6515,0.0565,TTATTTATCAAAACAG,G263V,1,2
0.6512,0.01706,AGAGCCACTAATATAA,Y233M,1,1
0.6509,0.008196,AACAAACTATTTGGCA,,0,0
0.6508,0.03299,GACTCCGGACCGACGC,I385L,1,1
0.6505,0.006318,ATTGTATAAATAATCT,I3H,1,1
0.6502,0.06191,AAAGGCTTTATATTAG,K326R K503L,2,2
0.6502,0.00633,GTATATACTCAAATAA,,0,0
0.6501,0.0259,TTACTCAGAGAAAAGC,,0,0
0.6499,0.003575,AACGCGTGGACGTCAA,,0,0
0.6498,0.03171,ATCACAACTTCGCGAT,T135N,1,1
0.6498,0.05285,CAATCAAAGAGAAAAA,S231G,1,1
0.6498,0.01442,GACCCATTGTGCACTG,S47W,1,1
0.6498,0.02265,ATAAAATGTAAAGAAT,,0,0
0.6495,0.01537,ATCATATCCAGATTAC,I51L,1,1
0.6495,0.01243,TTGAATACACACCTTA,N216I,1,1
0.6489,0.003806,CAACAGGCTTAGATGC,,0,0
0.6488,0.01689,TGTTTAAAAACAATCT,,0,0
0.6486,0.01481,TTTTAAAATGGCGTAA,,0,0
0.6485,0.0034,AAGTCCTAGTCAAGAA,N497V,1,1
0.6484,0.01189,ATAGACATCTAGAGAC,R109E,1,1
0.6484,0.01918,CCTCAACCATTGTCCT,N250G,1,1
0.6482,0.04365,ATTTCAACTGTTGTAA,,0,0
0.648,0.02943,ATCAAGCTTTCAGGAG,,0,0
0.6479,0.006473,GACCAAAGCGTTACTG,,0,0
0.6478,0.005662,GACATACTAACCAACG,I160A,1,1
0.6475,0.008266,ATTACTCCAACCATTA,,0,0
0.6474,0.01352,ACTCCTCAAAAAATTA,N45K,1,1
0.6474,0.005633,CTTTATGGGTTTCTAA,,0,0
0.6471,0.006742,ACACTATAAAATTAAT,R405H,1,2
0.6471,0.007286,AAATGCGTATTACTTT,K259A,1,1
0.6471,0.03717,ACTTATTTTCAGAAGT,,0,0
0.647,0.01496,ACTAATTATGCCATAA,I48H,1,1
0.647,0.005056,CAAAAAAGCAGAACGT,R269P,1,1
0.6469,0.05377,ACCTATACAAGTCAAC,H56M,1,2
0.6469,0.05377,ACTCATAACAATATAA,,0,0
0.6468,0.01886,TCCAAAAAAAAACTAC,K82L,1,1
0.6467,0.06316,ACCCACACTCACAGTT,S54N A304F,2,2
0.6467,0.004586,AATGGAACGTGATTCA,R92W S270L,2,2
0.6465,0.02551,GTCTAAAGATAAAACA,Q57C A372E,2,2
0.6465,0.07654,AAAACTTATCTCAATC,P4M R141Q,2,2
0.6465,0.07654,CTTGGACGACCCCAAA,I48G,1,1
0.6465,0.07654,TCCTATAACGAGAGCA,S96V,1,3
0.6465,0.01164,CATCTACGGACAACGC,T10M,1,1
0.646,0.004517,TATAAGAATTTGTGTT,N6Q,1,1
0.646,0.03944,TTATATCTATCTCCAA,N445Y,1,1
0.6459,0.008441,CCAAAGATAGTTAATA,S312L,1,1
0.6458,0.01168,CCACCCGCACTCCAAA,A106Q,1,1
0.6458,0.02656,ATGAGGACGCACCGAA,F467I,1,1
0.6457,0.003001,AAAGACAGACAAGGGG,Q211N,1,1
0.6455,0.0119,AGAGTTGAAGACCACA,V413L,1,1
0.6452,0.03407,GTAAGGTTGAGATACC,,0,0
0.6451,0.02573,AAATTGTTACCTTAAA,D7N,1,1
0.6451,0.004041,ATGAAATTTAAAGAAC,,0,0
0.6449,0.004332,ATAGATCAAAATCACA,T128P,1,1
0.6449,0.006831,AAAAAAAACAATTATC,G142V,1,1
0.6448,0.01813,GTAGAATTGGAGGAGA,N126T,1,1
0.6448,0.008209,AATTCTGAGGGCCCAA,R33Y,1,2
0.6447,0.02333,GAGAAGTAACATCATA,G240E,1,1
0.6447,0.04199,ACGAAAAACATGGACA,Q173W,1,1
0.6447,0.014,GTCATTATTCTCAGCT,L177M H393R,2,2
0.6446,0.01456,ACGTCCACAGATAATC,,0,1
0.6445,0.02494,CGGTGTCTTTCTACAA,N122F,1,1
0.6442,0.01865,CATAAATAAAATCGAA,S110A,1,1
0.6441,0.003892,CTGAGCCAAGAACACT,,0,0
0.6441,0.003698,ATTGTTCACTAACCCA,R201K,1,1
0.6441,0.01967,TAAAGTACCAAATACT,N63D,1,1
0.644,0.02894,CGAGGTGTAAAGCATG,,0,0
0.6439,0.01406,GTGAGTCAGATTCAGG,R383C,1,1
0.6439,0.01284,GCACAACAACGAATCC,T30A E414Y,2,2
0.6437,0.01332,CGCGGCCATTCAATGA,K368C,1,1
0.6437,0.03994,GCAAGTATCCGATTAT,,0,0
0.6437,0.003902,TCCTAAGCTAAAAAGA,G275H,1,1
0.6434,0.01592,AATAACCCAATATGAA,,0,0
0.6433,0.03445,ATGTACTCAGTTCTGA,N22W,1,1
0.6432,0.01497,ATCTAACAAGACTAGA,L428W,1,1
0.6432,0.04491,AAGCATCTAGACACCC,,0,0
0.6431,0.06447,AAAGACGCAAAACTTA,I236V,1,1
0.6431,0.06447,TGCAAATACGACCTTG,,0,0
0.643,0.00811,TGAAAGATACACATGC,K259L,1,1
0.6428,0.008031,ACTGGCCCTTCAAATT,,0,0
0.6427,0.003054,CCACATCATCTTGAAA,,0,0
0.6426,0.01709,GGGAAGCCACTACTAA,,0,0
0.6424,0.004244,TCACTGTGACCGCATT,N290L,1,1
0.6423,0.005379,CGCCTAACTGTTGCAA,D101F,1,1
0.6423,0.01419,ATACTGAGGATTATAC,,0,1
0.6423,0.01419,CTGCTAAAACGTAAGA,I3V,1,1
0.6422,0.02616,GCGCTATAACAAAAAT,R33Q,1,1
0.6421,0.006937,GCTTCAAGGCATTACA,R383H,1,1
0.6419,0.02164,CCATGACATACAATAA,E119A,1,1
0.6418,0.008839,TACCAACGGCAATCCA,,0,0
0.6416,0.04825,AACGAATACACAAAAA,A106S,1,1
0.6416,0.009294,TCAATGGTTTGATATA,N296V,1,1
0.6415,0.02302,ATAAAGTTTAATACTC,S279W D415Q,2,2
0.6415,0.007028,AAATAAACACATTGAT,,0,0
0.6414,0.01945,AGTTTGCGGAGCAATT,E410Q,1,1
0.6414,0.009539,TATATAATATCTCACA,K82L,1,1
0.6412,0.01484,ACCATAGTTAATTTTC,S312K,1,1
0.641,0.004159,CTAGCCAAATTGTCAA,,0,0
0.641,0.01548,ACAATTTATTACAAAC,,0,0
0.6409,0.01241,AATATAAAAGTTTTAT,N290Y,1,1
0.6408,0.008585,GTAACTTTACTAATAA,D419G,1,1
0.6407,0.1002,GAAAAACTACAAACTG,E449Q,1,1
0.6402,0.0075,CTCAAAATAACGAATG,Y302L,1,1
0.6402,0.01246,AATAACAAAATATACA,K276L,1,1
0.6401,0.005329,AAAAAATTAACGATCA,G504S,1,1
0.6401,0.01026,TGGACCCATGCCTGTC,N6Q,1,1
0.64,0.002989,CCACAGACGCCTTACA,S198L M268V,2,2
0.6397,0.01738,TAAGTGTACAAACACG,,0,0
0.6396,0.01868,CCGGGACGGAGTAAGT,,0,0
0.6395,0.005753,CAATCCTCAACCCTCG,I242L,1,1
0.6395,0.002544,AGAAATCCAAACAGAA,T328G,1,1
0.6395,0.01251,ATTCAGAGTGAAACAT,K2E,1,1
0.6394,0.001747,GACTTCAAAACCTATA,N489Y,1,1
0.6394,0.02195,AAATTGATAATTAAGC,,0,0
0.6391,0.02661,ACAAAAAGTCATAAAA,Q132Y,1,1
0.6389,0.01534,ATGCGATACTTACAAC,,0,1
0.6388,0.005082,TTCCTGAGCCAAAGTA,R269L,1,1
0.6386,0.008895,CACCAGCGAATGAAAC,P169H,1,1
0.6385,0.009222,GATGTGAAAGTGCTAG,Q376S,1,1
0.6385,0.01111,ATTGAAAGAATGAAAC,N22V I260C,2,2
0.6382,0.03244,ATTAACTCCATAATTA,K121S,1,1
0.638,0.009249,CGCTAGACACTAGTCG,,0,0
0.638,0.04624,TATACACAAACGGTTA,N53G,1,1
0.6377,0.005726,CTCTTATATAACATAA,R269K,1,2
0.6376,0.0805,CACTATACTAATGATA,,0,0
0.6374,0.01205,GCAAAGATAACAGCTC,,0,0
0.6372,0.01188,ACTACGTAACACGCAA,,0,0
0.6372,0.002586,GAGTGAAATCCGCATA,,0,0
0.6372,0.004024,AGTAAAAAAGATAAAA,,0,0
0.6372,0.02598,AATTAAACAATAGACT,Q210L,1,1
0.6371,0.02288,AGCAATCGTATTCCTA,,0,0
0.6371,0.001574,ATGAGTCAAAACCTCC,,0,0
0.6366,0.05303,AATGAAAATAAATTAG,,0,0
0.6366,0.05303,TTCCTTCAAAGGAGAA,,0,0
0.6366,0.00312,ATACGACTGAAACAAA,,0,0
0.6365,0.01272,TTACAAACAGTTTACT,,0,0
0.6365,0.02167,TTATTCACCAAAGAAA,,0,0
0.6364,0.01108,AAATGCCATATTTGAA,G129D,1,1
0.6363,0.028,CACTTAAGATAGATTC,Q197C,1,1
0.6361,0.001188,TAATACGTTATGGACC,W234Y,1,1
0.6361,0.01318,CATAGCTAAACAACAA,Q44D,1,1
0.6361,0.02372,GTATAAGGACTACCAC,,0,0
0.6361,0.02372,TCAACTAACCACACTC,S400L,1,1
0.636,0.003484,CACCTTAAATGACCCT,Y302W,1,1
0.6359,0.006353,GAGCCTATACACCAAT,,0,0
0.6359,0.0498,GTGTTGCCACAAAACT,,0,0
0.6358,0.03152,CCTAATACTAATATAC,P239T,1,1
0.6358,0.01817,AGATTACCAAACATGA,G129R,1,1
0.6356,0.02007,ACTAATATAAACCTGT,,0,0
0.6355,0.06726,TCACGATACTTTTAAA,,0,0
0.6354,0.01595,TAAACTATATGGAAGA,E280G,1,1
0.6354,0.03035,ATCAAGCACGTAGTAT,P289A L384M,2,2
0.6354,0.01959,TTACTCCTAAAGACTA,P324A,1,1
0.6353,0.0122,TATACTGCCTGTAATC,T301F,1,2
0.6352,0.04694,TTAGTTCCTGCATACG,N483Q,1,1
0.6351,0.03605,TCCCACACGCACACGT,V102F,1,1
0.6348,0.01262,GCTGCAAATATCACAG,A476E,1,1
0.6348,0.01167,TACATTTAAAACACCG,K171S,1,1
0.6348,0.01086,AAAATACTTCAGTTGC,,0,0
0.6343,0.02731,ATTTCACAAACCTTGA,A11V P273V,2,2
0.6343,0.02731,TAGGTCTAAAATACAC,,0,0
0.6342,0.009556,CGAACTACTCCCTAAA,R329K,1,1
0.6342,0.01972,CAAGGCAATGAGTCCA,,0,0
0.6342,0.04211,CAAGGCCCACCTGAAA,R405M,1,1
0.6342,0.04211,TTACTTATGTAAAACA,T155S,1,2
0.634,0.02642,TTAGGAACGGGGATAT,,0,0
0.6339,0.02198,GAACCCTGTGACGGAC,,0,0
0.6336,0.009586,AGTACCATTATAAAAA,K121T,1,1
0.6336,0.03065,ATTTAAAAATACATCC,,0,0
0.6335,0.006332,ATTAAACAAATAACAA,,0,0
0.6334,0.004457,TTCTCTTAAAATGTAT,K82G,1,1
0.6334,0.003921,CGCCTCTACTAACTAT,N216L,1,1
0.6334,0.009967,TACTAGCCAAGCCAAC,I242T Q407V,2,2
0.6333,0.01581,CTTATTTGTCAATGTA,R208S,1,1
0.6333,0.005454,CCTTAAGATCCGACTC,E280H,1,1
0.6333,0.02954,CTTACATGAGTTACGG,K278Q,1,1
0.633,0.01984,CATACCCCAAACAGTA,R220H,1,1
0.6329,0.006562,AACTGAAACTTCAAAT,,0,0
0.6329,0.01494,GAAAGTCTTTAAATAA,,0,1
0.6328,0.02275,AAACGTAAAATAACAC,Q1K,1,1
0.6327,0.005548,ACGAGCAAACCCTGAA,,0,0
0.6327,0.009183,GACAACAAAAAATTCA,H56M,1,1
0.6327,0.02755,TAAAACATATTTAATA,,0,0
0.6327,0.004661,CTGTTTTGATTCACTT,E280P,1,1
0.6326,0.01892,GTAAATAGCATTAGGT,,0,0
0.6326,0.01441,GAACCCAACCCACTAC,,0,0
0.6326,0.03491,TGATATAACACCGCAG,,0,0
0.6325,0.01055,AGATTTGAAAAGAACT,,0,0
0.6325,0.004238,GCAATTAATCCTAATA,,0,0
0.6324,0.02665,CCTCAGCCACACACTT,S199F,1,1
0.6324,0.04766,ATTGAAAGCGATCGTA,,0,0
0.6324,0.04766,TAAATGCGCTACCTTA,I236Q,1,1
0.6324,0.04766,TTATTAATTTTTAATA,,0,0
0.6324,0.002147,TTACAATCCCGTAACC,I300E,1,1
0.6324,0.02155,CAGAGCTAGACTCCAT,,0,0
0.6322,0.004222,TCTAAAAACTACCGAT,,0,0
0.632,0.04503,GTTACTTACAAATCCA,,0,0
0.632,0.07506,TAAATAGGATAAGATA,D85Y G479D,2,2
0.6319,0.001586,CTCGCTGACATTAGGT,A106D F258L,2,2
0.6319,0.00542,TAGTGACTGGGATAAA,,0,0
0.6316,0.04268,TCACAAAAATATTTAA,Q210G,1,1
0.6316,0.005745,ATACTACATGGCTTCA,T135S,1,1
0.6315,0.02982,GACAAAGGGCTCACAC,,0,0
0.6315,0.02982,TGTACTAGACTCTACA,,0,0
0.6314,0.01597,AAGTTGTAAGCAAAGC,N159D,1,1
0.6314,0.06875,GTACGCATTGGGAAAA,S143V Q454H,2,2
0.6312,0.02877,ACTTAATAAATTTACT,G49I,1,1
0.6312,0.007956,CTTCAAAGGCGTAGAT,D32T,1,1
0.6311,0.0178,TCAAATTAAATAATGA,,0,0
0.6311,0.0178,TGACCCAAGACCGGAC,,0,0
0.631,0.005522,AACGTTCGCAATCTTA,,0,0
0.6309,0.06341,TGACATGTCAAAAAGG,T416S,1,1
0.6308,0.002507,CATTAAAAAAAGCAAC,D487N,1,1
0.6307,0.01429,CAGCCCCAACGAACTA,,0,1
0.6307,0.0123,AACAAAATTACACAAA,,0,0
0.6307,0.0123,TACAAGAATCCCTCCA,R269Y,1,1
0.6306,0.005206,TAAAGTACAAATACGA,L86V,1,1
0.6304,0.03531,GACAGTAAGCCTCAAA,,0,0
0.6304,0.02522,TGCACACATCAAAGCA,L428A,1,1
0.6304,0.05885,TAATTAATATACTCTC,Q132K,1,1
0.6303,0.01574,AATGAACGAATACAGT,D32Y,1,1
0.6303,0.01916,CAAAAACTTAGAATCA,S209R I242V,2,2
0.6301,0.01113,ACCGCAAAAATATCTC,R92T,1,1
0.63,0.0325,TACTAGTTCTATATAT,A106H,1,1
0.63,0.0179,AATAACTTACCTATGA,G479F,1,1
0.6299,0.01217,TTAATACTACTTTATA,Q327R,1,1
0.6298,0.01411,GATTATCCATATCAAT,S46G,1,1
0.6295,0.02904,ATAACACTTTACATCA,,0,0
0.6295,0.02904,CTTAAATAAATCTAAC,A304Q,1,1
0.6295,0.02074,TGATATTTGTACAAGA,,0,0
0.6294,0.01299,CGTAGTATTCCTATGG,T187Q,1,1
0.6291,0.01928,CTCCAGACAACTTCCC,,0,0
0.6288,0.02466,GATGTCAACCTAAAAC,,0,0
0.6281,0.02036,TGGAAAAACGTTTAAA,S198F,1,1
0.6279,0.01895,GCAAAACATTACCTGT,K207T,1,1
0.6277,0.02931,GGGACACGATGAATAA,N498A,1,1
0.6276,0.0849,AAAAAATTCGCAAACA,Q1G,1,1
0.6274,0.008729,ATAGCAATTCGCTACT,,0,0
0.6273,0.02564,ACTCCGGCGTGACTGT,,0,0
0.6273,0.01538,ATCGCACACCTCTAAA,,0,0
0.6273,0.008372,TATTCAAAGGAGACAA,F174L,1,1
0.6271,0.0703,GCAAACTTAAAATAAT,L439V,1,1
0.6269,0.06473,TTAAACATCCCATAAA,P289W,1,1
0.6269,0.009044,GGATCCGAAAAAAATA,D104E,1,1
0.6269,0.009044,TATGAATTGAACATGT,N6Y,1,1
0.6266,0.004065,AATACTTGATGCACCC,G200V,1,1
0.6264,0.002914,CTGTAACAGACTAACC,S46W,1,1
0.6264,0.009834,CAACAGGACTCAAAAT,,0,0
0.6264,0.005392,AAGAACTATGTTTAAC,P227K,1,1
0.6263,0.01546,ACACCGAATCCATTGA,S110T,1,1
0.6263,0.001585,AACTCACGAGTACGAC,Q376M,1,1
0.6263,0.04389,CAACTAAATAACAAAC,N31E,1,1
0.6261,0.01241,AAAATACATCCCATCA,E449A,1,1
0.6259,0.01122,TAACAACCAACATGCC,,0,0
0.6259,0.004771,TATCAGGAATCAACGA,P4F,1,1
0.6259,0.0035,GTCGGTGCTTTTGGAC,,0,1
0.6258,0.01011,TCATAATAAACCAAGT,,0,0
0.6258,0.005558,CCTGTATTCCACGATG,S115G,1,1
0.6256,0.02173,TGTCAATCCGCCCATA,,0,0
0.6255,0.02013,GTTATTAAGTTAATAA,,0,0
0.6253,0.01395,ATGATTCCACAAACTA,S199R,1,1
0.6246,0.008575,GATTTGACGGGAAAAT,K450N,1,1
0.6245,0.01115,ATGTAACATACAGAAA,A163N E390H,2,2
0.6245,0.0127,ATGCTTACTTCATACT,,0,1
0.6244,0.01451,GAGGGACCGAATATAA,D291F,1,1
0.624,0.02693,TTGTAAACTGAAACAA,,0,0
0.624,0.003959,AAACATTCAAGTAAAA,,0,0
0.6239,0.03101,CCATCCACCCAATCAA,A69C,1,1
0.6238,0.01134,AATCAGAATAAAGACA,,0,0
0.6235,0.01511,CCATATTGAACAATTA,Q311M,1,1
0.6234,0.0154,AATACATCATGAAACT,H56N,1,1
0.6234,0.04708,TAATTACACGGAAAGA,,0,0
0.6233,0.01632,TTAAAAACATCCTGTG,,0,0
0.6232,0.003072,TTGATGGGACTCAAAT,,0,0
0.6231,0.003726,TATTGTGTACTCAACT,,0,0
0.623,0.01989,CTAAATTTACGCCCAG,T10C,1,1
0.623,0.02039,AATTTAAATTTTCTAT,A106M,1,1
0.623,0.02039,ACAAAAGAGAGAGCAT,,0,0
0.623,0.06117,CATTCTACATTTAGAG,R33H,1,1
0.6228,0.02204,ACTACCACCATATAAC,T328V,1,1
0.6228,0.02204,GGAGGTTAAAGGAAAA,,0,0
0.6226,0.02398,CGCTTCACCCAAACTA,A476V,1,1
0.6226,0.0247,ATGTTGGAGAATTTAA,,0,0
0.6225,0.001324,TCATCCAGACTAATTA,,0,0
0.6225,0.006927,GTAAGCCTCCTATCCA,,0,0
0.6224,0.07886,ATGCAAGAAATTCCCA,S114W,1,1
0.6219,0.01373,CTCTTATTGACAACGA,,0,1
0.6216,0.02105,CACATAATTACAGAGC,V213P,1,1
0.6215,0.008278,ATAATTTATTATTGAC,,0,1
0.6213,0.01022,GGTATAATTAAAGTAT,,0,0
0.6211,0.005161,AAGGAGAGAAAGCGGT,,0,0
0.6211,0.01334,AACAGTATCCAACTGA,I160V E449Q,2,2
0.621,0.01756,CTATTTCACCCACAAA,R307V,1,1
0.621,0.0083,CCTCAGGGACCAGACC,N389G,1,1
0.6208,0.0428,AGGACGAGCCTCTCCA,N22W,1,1
0.6208,0.002742,TAAGACCAGACGAACA,,0,0
0.6207,0.01478,GGACTACCGTATAAAA,V102F,1,1
0.6204,0.01093,GATTTACATTACTTAA,E494V,1,1
0.6202,0.01139,CGCACATACTAACGTG,,0,0
0.6201,0.01692,GAATAAAAAGTCCGTA,N94F,1,1
0.62,0.01028,ACAACCTTTTTAACCT,P4R S265G,2,2
0.6197,0.03292,AAAAGTCCATATTACT,S95W,1,1
0.6197,0.03292,TAAACTTTAACGAATA,N126I,1,1
0.6197,0.002911,GGGAAGTCGAACATTG,,0,2
0.6196,0.008793,TTACAAAAACTTGGAA,S262N,1,1
0.6195,0.01323,CTACTACAATCGGCGA,K368G,1,1
0.6194,0.05797,AGTAATCATAATAATA,I3C,1,1
0.6193,0.006072,GTAGCAATCTAAAACA,D291V,1,1
0.6193,0.01045,TAGGACACCAACATAG,,0,0
0.6192,0.0358,ATTGATATCTGAACTG,I478F,1,2
0.619,0.008914,ATTCGAGTACCTAACA,T128E,1,1
0.6189,0.01267,CAACTTTCAGACCATG,Q44E,1,1
0.6186,0.00279,ATAAATGTTCACAGAA,I236T,1,1
0.6185,0.01351,GATGACCTGAATCTAC,N464S,1,1
0.6185,0.01351,GTGTAAAAATTATCAA,,0,0
0.6184,0.009766,CAACCGTCTCCAATTA,S262V,1,2
0.6184,0.00668,CAATTCAAATAAGTCA,,0,1
0.6182,0.002133,TTCGAAATTACGACCA,S54L,1,2
0.6182,0.001648,ACATCAAATAGTTTAC,A106Q,1,1
0.6181,0.003656,TAGAACCATCTTTGAG,,0,0
0.6181,0.003224,ACTTCGCAAAGTTCCA,K121M,1,1
0.618,0.00177,TAGCATCATAACTGCT,D408A,1,1
0.6178,0.03197,TGAACCGACTTAATAT,E83M,1,1
0.6177,0.0253,AATTTTCTTAATTTCA,,0,0
0.6177,0.006166,AACTAGTTTAAGACAA,,0,0
0.6175,0.01109,TCCAGTAAACCGTACG,,0,0
0.6175,0.01557,AATTTGCCATCACGCT,P21G,1,1
0.6175,0.01239,AATTTTATTCGGAAAT,I48C,1,1
0.6175,0.008122,CAATATCATTTAATCA,,0,0
0.6174,0.02149,TTGCTGGACGTATCTA,A106T,1,1
0.6174,0.002494,CATAACAATTTTCTAA,N497C,1,1
0.6173,0.0114,TATTTTTGACTAACAG,,0,0
0.6172,0.03468,GATATGATATAATGCG,,0,0
0.6172,0.01156,TCCAAGTACTATAGGC,R255T,1,1
0.6172,0.002887,TGAATGGCACTAGTAA,,0,0
0.6169,0.03621,AACGATAGGGGTTGAA,P103Q,1,1
0.6169,0.01341,TATAACTAATCAGCCA,,0,0
0.6165,0.03789,TAACCACGAAGCTTAA,,0,0
0.6162,0.02108,AATTATGTCTCTCAGA,,0,1
0.6161,0.03107,AGAATACATATATTCC,,0,0
0.6161,0.03107,TTCTACCCACATCTAA,K468L,1,1
0.616,0.008504,GACAATAAAATGGAGA,N298G,1,1
0.616,0.02164,ACAAAAATGAAAGTTT,V43C,1,1
0.6159,0.005362,GAGGAATAACTTATCC,,0,0
0.6158,0.007816,CAACACCCACTACGAT,,0,0
0.6157,0.0323,TATAGCCTAAGTTATG,E83A,1,1
0.6157,0.005506,ATTTCTTATGAAGTAT,,0,0
0.6157,0.04176,TTTTTAGGCTCATCAG,A430R,1,1
0.6155,0.002788,CATTCTAATGACCTTA,,0,0
0.6154,0.01768,CAGTGCTTGTGGTAAA,,0,0
0.6151,0.009382,ACGGGCTTTGCTCCTT,,0,0
0.6147,0.005294,GTTATATCACAGTCTC,P103E,1,1
0.6147,0.00635,AACCTTGCTACAACAA,,0,0
0.6146,0.01056,CGAACGGGACCCAATA,E426A,1,1
0.6143,0.009633,CATAGTATCAAGACAA,L15C,1,1
0.6142,0.006927,AACTTACCTCTAATAA,L431V,1,1
0.614,0.04932,AAACGAGATTGTTACA,,0,1
0.614,0.06905,TACTATAATAACAAAC,D291N,1,2
0.614,0.06905,TTAATAACAACACAAC,L86V S115Y,2,2
0.614,0.03139,GCTACTTCCTGACTAA,S209I,1,1
0.6137,0.004269,TGAGAGGACTCAGGAC,I3V,1,1
0.6137,0.007234,GTCTCATATACGGATA,S46Q,1,1
0.6136,0.004637,TCGTCGAATATATAAA,K310M,1,1
0.6135,0.008783,CGGATTAAAAACTCAA,Q75T,1,1
0.6135,0.04025,AATTATGCTAAATTGT,D104L,1,1
0.6132,0.01481,TGCACCGCACGGAAGC,E172K,1,1
0.6132,0.00334,CACTGTCCTGCCATAT,,0,0
0.6131,0.009579,ACCATTTAACCAATCT,H184M,1,1
0.6131,0.001965,ACCGCAAAGGAACAAA,,0,0
0.613,0.02514,CGAACAATCAAGATAT,,0,0
0.6129,0.003478,TAACTAACTAAAACAT,E280T,1,1
0.6129,0.00622,CACAGGATCATGATCG,,0,0
0.6129,0.009282,ACTGGTTTTACGTTGA,I260Q,1,2
0.6125,0.05609,CAATCCAAAAAGAGCC,I34A Q327D,2,2
0.6124,0.001915,TAATTGAACTTAAAAA,N63T,1,1
0.6124,0.004902,AAGCACCAGCCGTAGT,Q356E,1,2
0.6122,0.005673,TACTGATTGCTAACTT,M268W,1,1
0.6121,0.007956,ATACAAAGTAAAAGCC,S231T,1,1
0.6119,0.009129,TTCCACACTCATATAA,A196G,1,1
0.6119,0.006164,GGTCACTCTTATCAAC,,0,0
0.6118,0.08308,GCGCAAAAGAGAAATG,K259L,1,1
0.6116,0.02007,ACCGAGAGCCACAGTA,Q407R,1,1
0.6116,0.004015,TGTACTTCAATCCCTA,,0,0
0.6114,0.01376,CTATATAAATACAATT,A476K,1,1
0.6114,0.03299,TGAACATATACTTCTA,S124M,1,1
0.6113,0.02534,CCACACAACCAAACAA,,0,0
0.6113,0.02271,ACCAACCACCCATGCT,,0,0
0.6109,0.02111,TCACGCATGTTTCGTT,,0,0
0.6109,0.001289,GCTTCTCTAATAAAAA,A163S G386C,2,2
0.6109,0.009081,GCCAGTTAGCAAACAA,E390T,1,1
0.6108,0.03437,CCAGGGACTGACTCGA,Q173C,1,1
0.6107,0.04078,AATCACGCGCTTGAAA,A163H,1,1
0.6107,0.05012,TCCGAAAAATCTTAAT,R224G,1,1
0.6105,0.009699,CAGTATCGTGGTAAAA,,0,0
0.6105,0.01382,AACATTAAGCATAAGC,,0,0
0.6105,0.01475,TTTCAGTTAGACACGA,,0,0
0.6104,0.02702,CCTCACACCTCAAACT,R354K,1,1
0.6103,0.0185,ATAAAATTTATTACTT,W234F,1,1
0.6103,0.0185,GAACAATAATACCTCA,G504P,1,1
0.6102,0.01503,CTCCCAAACACTCAAA,R229L,1,1
0.6102,0.01503,GGCGTTACAAAATACA,,0,0
0.6101,0.02226,AAGCCCCTACTAAATA,,0,0
0.6101,0.01343,CTCGATGACGATTAGT,G504T,1,1
0.6101,0.01343,TACTAACCTTCCCATG,D291R,1,1
0.6101,0.01742,TAAAAGATTCAATACC,K278R,1,1
0.6099,0.01531,AATACGGTCTTAAACC,,0,0
0.6099,0.002633,GATGTTTTAAATATCA,,0,0
0.6098,0.006548,CTTTATCCCCTAACGA,N45W,1,1
0.6097,0.05339,TTCCGGAGTGTACAAT,I395Q,1,1
0.6097,0.02288,CGATTCCCAATTTAAC,V88L,1,1
0.6096,0.02555,ATAAATCCACCAAACA,,0,0
0.6094,0.01138,ATAATACATACTAATG,,0,0
0.6094,0.01138,CAATTTATCCTTGAGC,,0,0
0.6094,0.007576,TTACCATTACAGTCCA,,0,0
0.6092,0.01154,CAAGACCACATAAACA,N497M,1,1
0.6092,0.007647,TTAAAGTATCAATATC,N63M,1,1
0.6092,0.04529,GACCAAGAAAATTACA,H56Q,1,1
0.6091,0.02638,TACGCAAGAACTAGAA,S145Q,1,1
0.6088,0.005161,AATTTACCAATCCGAC,N6Y,1,1
0.6088,0.005161,TCACAGACTCATGAAT,,0,0
0.6087,0.01655,ATAGGGACTCGAGCAT,N285L,1,1
0.6087,0.01904,GCACAATTTTATAACA,,0,1
0.6086,0.011,GAATCTACTAGCCAAT,,0,0
0.6082,0.005027,TACAATCTCATTAGAA,N133G,1,1
0.6082,0.004099,AGAAAACCAGGGGCAG,,0,0
0.608,0.0109,TATAAAACTCAGAATC,,0,0
0.608,0.0282,TAAAAGTAAAATACTT,,0,1
0.6079,0.04132,ATTAAATGACCATCAC,K278S,1,1
0.6077,0.005278,TACAAAACTAATATTT,A212N,1,1
0.6077,0.0363,CGCATAAGAGACTAAA,M168K,1,1
0.6076,0.006159,CATCATTACAGCCTGC,T12H,1,1
0.6075,0.01079,TGCTTAAGACGTTTAA,A69C,1,1
0.6074,0.06141,AATTGATATTACAATG,E484F,1,1
0.6074,0.06141,TACATAGAAACATTAT,N489Y,1,1
0.6073,0.0266,CCCCAACTACCTTCAA,N53A,1,1
0.6072,0.008613,AGACGCGATAAACCAT,S54F,1,1
0.6071,0.01525,ATTAGTCCAAATAAGT,K278V,1,2
0.6071,0.02258,TTAGACATATATCTCG,D101V G479Y,2,2
0.607,0.04352,ATAAAGTAGTATCTAC,R307T,1,1
0.6066,0.02518,AGCGCAGGCTAAACAA,,0,0
0.6065,0.0201,TATATTCAAATGTACA,E403F,1,1
0.6063,0.01252,AAAGGAGGCTTATAAC,R33G T203A,2,2
0.6062,0.001431,TACAATCTCTAAACAT,,0,0
0.606,0.02845,TGCAAAAAGAACACTA,,0,0
0.606,0.06639,ACATGCCGTGCCCGTC,K264Q,1,1
0.606,0.007761,TTTACCAAGAGCAAGC,,0,0
0.6058,0.009597,AACTGACTTTCTGGTG,,0,0
0.6055,0.004228,GCTTACCCAAATAGCA,,0,0
0.6053,0.03271,GCATACCACAGATTAG,E35H,1,1
0.6051,0.04188,GGAGAATATATAATAA,T206N,1,1
0.6048,0.01356,AACCTACTCGTGAAAG,,0,0
0.6047,0.02774,AAAAATCAACAGCTTA,,0,1
0.6047,0.02774,GATGATAAAGAGTATC,R33M,1,1
0.6047,0.05819,TAATACACCAATAATC,D474S,1,1
0.6047,0.01491,CTCCACTTGCCATGAA,N94P,1,1
0.6045,0.005919,GTACAAAGACGCGTAA,R201H,1,1
0.6045,0.02229,GCTACACTGAAGAACT,,0,0
0.6044,0.01379,CTAAAATAGAACTAAA,N6D G386E E390K,3,3
0.6044,0.01445,CCACTATAGGCATAAC,I34T,1,1
0.6044,0.07226,CGTTCTTATGTAAAAG,N298D,1,1
0.6043,0.01863,TCTGACATGTCCAAGT,,0,0
0.6041,0.01402,GCGAACGCCTGACATC,K276V,1,1
0.6041,0.02128,TAGATGCTTGACTTAT,P324W,1,1
0.604,0.01248,ATGCGTCCAAGTACTA,,0,0
0.604,0.04414,TTTAGATATATACCTT,G275W,1,1
0.6039,0.009097,AGACCATTCATAGAGC,A430G,1,1
0.6039,0.01547,AGAGTCCGCTACCACA,,0,0
0.6039,0.007839,AATACTAGCTAACTCA,Y257C,1,1
0.6038,0.09531,CCAACTAGTTCGTGTC,P103R,1,1
0.6037,0.02036,CCCAATTCGTACATGT,,0,0
0.6035,0.02185,AATATTCACCAAATCT,,0,0
0.6033,0.01203,CATGAGCTAAGACCAC,P4Q N53M,2,2
0.6032,0.01345,CCAGCACCTATGAGAT,N290D,1,1
0.6032,0.01764,ACCATTACCGCCGGCC,,0,0
0.6031,0.01409,TTAACACGGGCAAATA,D419S,1,1
0.6031,0.0256,TATGTCTTATCCGGAT,G275E,1,1
0.6028,0.02,AATGAAGAGTCATATA,,0,0
0.6027,0.003754,ACTAACGACCTCTCTT,D77M,1,1
0.6027,0.0119,AAACAAAAATAAAAAG,P4K,1,1
0.6026,0.01506,CAAAGTATTCCCTAAC,T128F,1,1
0.6025,0.03089,GCTATCAAGCAATGTC,,0,0
0.6024,0.02642,AAGCCGAAACGCAAAA,L420I,1,1
0.6024,0.02642,CAGCAAACTACTAAAC,,0,0
0.6024,0.01585,TTCAATTTCAAAAAGC,P169Q,1,1
0.6022,0.05529,AATAGACCATAAAATC,V490C,1,1
0.6021,0.04245,TATCCTCCTCCTGCAT,,0,0
0.602,0.009177,GCTTAAGGAGATACAC,,0,1
0.602,0.007053,ACAAAGAGAAATGATC,,0,0
0.6019,0.006548,TACAAGGTAACATTAA,K171W,1,1
0.6018,0.005426,TAACATAATTGTATTT,N81K,1,1
0.6017,0.01886,TTTTACCAAATGCCGA,A425S,1,1
0.6015,0.04948,ACAAACCGAGATGGTG,K453R,1,1
0.6014,0.001424,TAGCAGCCAATTGTAG,,0,0
0.6013,0.02261,ATACAGTCTAATTTCT,K468I,1,1
0.6013,0.06784,TAAATACACTGCCTGA,,0,0
0.6013,0.02261,TTGAGTTCAAGTAACA,A304S,1,2
0.6013,0.004639,GTCATCAAATATGTCT,I300H,1,1
0.6012,0.01153,CTACGGTATAACACCA,I3L,1,1
0.601,0.02158,AAGCCGGACAAATAGA,D487E,1,1
0.601,0.1079,ATAAACCAGCGCAACT,A430T,1,1
0.601,0.01683,AGAAAAACACACATAA,R269M,1,1
0.601,0.007085,AATTTAAGAATAAGTT,S144F,1,1
0.6009,0.0138,ATGCCAGAATAATCCA,Q356L,1,1
0.6009,0.04477,CTAAAGATTATTAAAA,,0,0
0.6006,0.03341,TAGTAAAATCGTGTTT,G78L,1,1
0.6005,0.0593,ATACGAACATTAATTC,R405A,1,1
0.6005,0.0593,ATACGATTAGGAAAGT,E119M K417R,2,2
0.6005,0.01088,TCGAATGAAAGCCGCC,,0,0
0.6005,0.01719,AATAATGTCATAACAC,S219M,1,1
0.6005,0.01268,AACACCTATGGCATAC,N53T,1,1
0.6005,0.01268,AAGACATAGGATGATG,,0,0
0.6003,0.002021,ATCTCAGCATATTTAA,V182I,1,1
0.6003,0.0312,AAATAGCCTGGCAGAT,K292H,1,1
0.6003,0.0312,ATGTAATGACATCATC,N489S,1,1
0.6001,0.01428,ACCTAGACATAAGTTA,V347M,1,1
0.6,0.00926,ATCATGCTTTTATCCC,G263R,1,1
0.5999,0.03762,AGATTAGTTAGTACAC,G275S,1,1
0.5999,0.01756,AACTGGTTTCAGGCCC,R269K,1,1
0.5999,0.05266,GGTAAAGGGAGAAAGA,N133A,1,1
0.5998,0.003265,GTACAATCTTACATGC,,0,0
0.5997,0.02278,ATACCGCAAGTTGATT,N122E,1,1
0.5996,0.005751,ATCATACGACAGATCA,N45F,1,1
0.5996,0.004284,TTGGAGCAAAAACGAA,K189Y,1,1
0.5995,0.04737,ATTATTCTTTATGAAA,,0,0
0.5994,0.008675,TTGCATTATATTATAA,,0,0
0.5993,0.01528,ACCAAAAAAACAAAGA,K368E,1,1
0.5992,0.07398,ACTACGAAACTACTCA,V223I,1,1
0.5991,0.008768,AAGCTAAAACCCCGAC,R361M,1,1
0.5988,0.01352,CACAATTCTCCAACAC,,0,0
0.5988,0.01166,AAAGCAGACATAATTA,E403M,1,1
0.5986,0.01002,AGAGACACGTTCCTGA,,0,0
0.5986,0.01111,ATACTTGATCATTCAA,,0,0
0.5986,0.02688,TAAACATATACGACTG,,0,0
0.5985,0.02039,ATTACAATGAACGCAA,K264N,1,1
0.5984,0.01061,TGAAGGTACCCCCAAT,S205N,1,1
0.5984,0.01375,CTATCTTAAGTGTTAT,S287A,1,1
0.5983,0.01954,AAGATGACATCAACAG,I51M,1,1
0.5982,0.004371,AATACCATATATAACT,T328I,1,1
0.5982,0.05629,ATATTTATGAACAGAC,F79L,1,1
0.5982,0.01876,TCCACTGACGAAATAG,K472R,1,1
0.5979,0.002094,TGCCCACAAAAAGGAT,,0,0
0.5978,0.02091,CCCTAGGTCGAACATA,,0,0
0.5978,0.00411,CACGTGTCGACGGTAA,H18I,1,1
0.5977,0.008349,GCTACTATGAGTTTCA,,0,0
0.5977,0.007361,GTTATTTTAAAAAAAC,,0,0
0.5977,0.007247,AGTACATATAACACAC,,0,0
0.5976,0.04543,ACAAACCCATGATAAA,T128N,1,1
0.5976,0.04543,TTCAAATCAAATATGA,G479I,1,1
0.5976,0.005309,TGGAATGTCACACTAG,P169L,1,1
0.5975,0.02624,CGTATATATCAGTTCA,N8W,1,1
0.5973,0.01711,TTGTTCAATAAAAAGA,,0,0
0.5973,0.009188,ACCTCAGGTACGCTTC,,0,0
0.5972,0.03808,AATTGAGAATCTATAT,N290C E484D,2,2
0.5972,0.02248,CCCACTGCCACAAAGG,,0,1
0.597,0.00948,CACGATATTACAACGT,,0,0
0.597,0.005414,TTGGCCTTTTACAACT,,0,0
0.597,0.01448,CCTTTTAAGAGTTTAA,Q407R,1,1
0.5969,0.09833,AAGAGATGCATAATTG,I214D,1,1
0.5967,0.002204,AAATACTTACATATTC,,0,0
0.5967,0.01685,AAAATACCAATTCTAC,,0,0
0.5966,0.08134,AAGCTACAACAAACTC,T313Q,1,1
0.5966,0.08134,GCAATAGATTATGATA,D77E,1,1
0.5966,0.004168,GGTCTGGAGCGAGCAA,K140E,1,1
0.5965,0.02564,AAAAATCCAAAAATAC,,0,0
0.5963,0.02105,AACTAAGGCACATGTC,,0,0
0.5963,0.006915,GTTACTACTTAATCGC,N165E R222I,2,2
0.5962,0.06045,ACCCACTCGAAAAGAA,N8E,1,1
0.5961,0.05357,AAACTTTACAATAAAC,T128I,1,1
0.596,0.005345,AAATATCGGTAGCCGC,K171H R261P,2,3
0.596,0.0481,ATAAGACCACTGAAGA,D419E,1,1
0.596,0.0481,TAAAAAACTGTCGAGA,,0,0
0.5959,0.04364,AAACAAGCTATAACGT,,0,0
0.5959,0.0137,GATTCAAAAGATTAAT,K50E,1,1
0.5959,0.003156,GAAATATACTATAGGA,S199I,1,1
0.5957,0.02982,CTAATCACCCAGCCAG,V204F,1,1
0.5957,0.02982,TATAACGACATCATTA,,0,2
0.5956,0.008992,GAGTAAGTGAGTGTTT,,0,0
0.5956,0.02379,ATCAAAAACCTAATTA,K417N,1,1
0.5956,0.02265,TAATACTAAAGACTCT,,0,0
0.5955,0.01826,ACTAAACACTTTACAG,,0,0
0.5955,0.01694,ATGAGCCCAGTATCCC,,0,0
0.595,0.002914,TATTCAAAATCACACA,N122M S205N,2,2
0.5949,0.01065,ATAATATGAAATAAAT,H18F,1,1
0.5949,0.01508,AATTTAAAACCCCCTT,,0,1
0.5949,0.01508,CACATTAGCTTTTGAT,N497S,1,1
0.5948,0.01867,ACTATGCTGGAACAGA,S219L,1,1
0.5947,0.008945,GCAAATTAACTTATGA,,0,0
0.5945,0.03313,TGTATCATAATAAACC,,0,0
0.5943,0.01488,GATATATATGTTGCTC,V323I,1,1
0.5941,0.01147,TCACAATTTTTATTGG,N126Y,1,1
0.5941,0.006458,TATCCACACACATCAT,N475E,1,1
0.594,0.006833,AAGCCACTATGATAAT,,0,0
0.5939,0.006335,TTATAACTTTTTATCC,,0,0
0.5938,0.004748,AAATAAGCTTGCTAAA,S199Y,1,1
0.5938,0.02526,TCGATGCCCATAGTTA,A304P,1,2
0.5937,0.006993,TCTTATGAACACGAAA,S312F,1,1
0.5937,0.001815,TGACTGAAATCATTCC,K238D,1,1
0.5935,0.0129,GCAAGCTCTTAATTCT,,0,0
0.5934,0.01879,GGGGCCCCAATTCAAC,S91P Q501G,2,3
0.5933,0.003191,CTATTTTGCGCCATCA,T203G,1,1
0.5933,0.03453,CAAATTAAAATCCTCA,,0,0
0.593,0.005642,CCTATAATACCCAAAG,D188M,1,1
0.5929,0.04046,AGTCTACAAGTCAAAA,,0,0
0.5928,0.005157,CATCATACACCGAACG,I214M,1,1
0.5924,0.009979,AAATCGATAGCCCATG,K472H,1,1
0.5923,0.0175,CACGAGTGCAACCTAA,S480A,1,1
0.5922,0.01817,ATCATCAAATGTGCAC,N122D,1,1
0.5919,0.02547,GCACTGGTGATAAGAA,,0,0
0.5918,0.009603,GAGTAAAGACCTGAAG,N498T,1,1
0.5918,0.00315,AGATACCATAAATGAT,S358Q,1,1
0.5916,0.00448,TATGCAGAAATGACAT,,0,2
0.5916,0.02149,TAACGTATATATTCCT,K189R,1,1
0.5916,0.00596,CTAATTCACATACATA,,0,0
0.5914,0.02252,AGATGTTAGCCATAGC,,0,0
0.5914,0.02252,TCACCGACCTCTTATT,Q356I,1,1
0.5913,0.02365,TATCCGAGATCAATTA,,0,0
0.5913,0.07094,TCCTAATCATTTATTA,,0,0
0.5911,0.0249,ATCCTACTAATAATTC,,0,0
0.5911,0.0083,AAGCTTGTCGACTATC,A425C,1,1
0.591,0.0325,ATAGTTACCCCCACGA,K171I,1,1
0.591,0.0325,CCTGCACCGCAACACT,,0,0
0.5907,0.01164,TTATGACTCAAATAAA,E449D,1,1
0.5906,0.01902,CCTTCTACAACTCCTA,,0,0
0.5904,0.05196,ATGCGCAATTGATTTA,E325S,1,1
0.5903,0.01384,GTTCACCAATCACTCA,I267Y,1,1
0.5903,0.008118,TAGCCAACTCTGGATA,,0,1
0.5902,0.01798,GACAGAATAGAGGACA,K2M,1,1
0.5901,0.00644,CTAAGTGAAGTTAATG,,0,0
0.5899,0.007326,ATAGTGTAACGCTACT,P169H,1,1
0.5898,0.01947,TCAGCAAATTACGAGT,K417A,1,1
0.5894,0.0449,ACAGACTTCCCCTATA,,0,0
0.5894,0.0449,ATTTCGAGAAAACACA,P4Q,1,1
0.5894,0.02883,ATGTACAACCTAAAAC,S47W,1,1
0.5893,0.0168,AGAAATCTAATTCACG,G49T,1,2
0.5893,0.0139,AACGCAGCTATGCGTG,,0,0
0.5892,0.01913,AATAGAACTCTACCGA,,0,0
0.5892,0.01913,ACACACCGTTAATGTC,K82E,1,1
0.5891,0.004405,CAAGTCTTAAATTATC,S9Q,1,1
0.5891,0.01742,AGCATAAAAAAATGTA,L244S,1,1
0.589,0.009081,TTGTAGGTTTACGTTA,N31V,1,1
0.589,0.03071,CTGAATCAACAACTGT,T167S,1,1
0.589,0.01995,ATCTTTGCCCGAAATA,K411H,1,1
0.5887,0.002293,CAAGTGAAAGCACACA,N290H,1,1
0.5887,0.005083,CCCGTATTTCGATCTG,G49V N122K,2,3
0.5887,0.006392,CATTTCAAGTTAATAA,,0,0
0.5887,0.006704,GAAAAAATAAAATTGA,Q376I,1,1
0.5884,0.02179,ACCGTTATTAAAAATC,I242R,1,1
0.5883,0.0163,ATGCCGAAAACGACTC,,0,0
0.5881,0.07768,CAGTATGAGATTCGCC,,0,0
0.5881,0.04316,GATGAAAACCTTCAGA,S124D,1,1
0.5881,0.008632,TCGCTCGTCTTTATCA,I502V,1,1
0.5881,0.02988,ATAAAATAAGACCACA,E403M,1,1
0.5879,0.0016,CATACAATTAAATCAT,,0,0
0.5877,0.02137,AACACATGTATAAACA,S400T,1,1
0.5876,0.0274,ATTCAATAGGAGTAAA,I3S,1,1
0.5876,0.007514,AGCAAGCTAGTCATGA,K121Y,1,1
0.5876,0.01008,GCTGACCAAATTACAT,,0,0
0.5876,0.005392,GCGAAGCTGAATTTTA,T135Y,1,1
0.5875,0.01273,TAGTGTCTTAATCAAT,S199T,1,1
0.5874,0.008656,CGTTTCCTGAAAATCC,V490H,1,1
0.5873,0.0253,CTTCAGGTATTGTGAA,,0,0
0.5873,0.01724,AAAGAGACATTAGACT,G504T,1,1
0.5872,0.01402,AATGTTTGGTTTACCG,L59T,1,1
0.587,0.03422,GTGCAACAACCGCCAG,,0,0
0.5868,0.01169,AATGCGCATGCTAGGA,N53Q,1,1
0.5868,0.009344,CACTCATATCAGCTTG,,0,0
0.5868,0.001755,TTTACTATATATGACA,,0,0
0.5868,0.01698,GTTGGCAAAACTTAAT,,0,0
0.5867,0.01491,AGATAACAGAGCCTCC,S47C,1,1
0.5867,0.03101,AATTACCATTTCATTG,N159F,1,1
0.5861,0.005811,GGTAAAATCTAATTAC,D419N,1,1
0.5861,0.009372,TTTTCTCTGCTAGGTA,E494I,1,1
0.586,0.04556,AAAATCTGTGTACTAA,A212T,1,2
0.5859,0.01174,ATGGGCTATAAACAAT,S198K,1,1
0.5857,0.02255,AAAACTTTTACTCCCA,,0,0
0.5856,0.01335,ATACACTTTTACCCAG,S124G,1,1
0.5854,0.02551,GACACGGAAAATACGA,N475Y,1,2
0.5853,0.00914,AGATGAGGTTTTAATT,,0,0
0.5852,0.02368,GAATGTTTTAAAACTC,S312I,1,1
0.5852,0.01268,ATGTTGGAATGACTCA,N122L,1,1
0.5851,0.03223,AGCCAAATCAAGAACC,,0,0
0.5851,0.03223,CTGTTATAAGTACTTT,N382L,1,1
0.585,0.01682,GCACAAGCGTGCACCA,,0,0
0.585,0.01357,CGAGTCAGCAATCTTA,,0,0
0.5849,0.009509,TTGAGCCCCCATTAAT,,0,0
0.5848,0.0195,TAAATAACAACCTTAC,L66M S107H,2,2
0.5848,0.04377,TTACAAGAAAACTATA,N122V,1,1
0.5846,0.03865,AGACATAGATATTAAA,D291L,1,1
0.5843,0.008618,CATGCATGGTTTACTT,,0,0
0.5843,0.001625,AAGCAGCGATTTACAA,,0,0
0.584,0.01035,CCAAAGGATTTATGCC,V406I,1,1
0.5839,0.06814,ACATTTCTAAACCTCC,,0,0
0.5839,0.003549,GACTCTTAAACACAAT,K450W,1,1
0.5839,0.02126,CAATCAAGTCAAACCG,G62E,1,1
0.5839,0.02126,GCACGAATCACTGACT,,0,0
0.5837,0.009941,TAGAAAGGCACTATAA,,0,0
0.5836,0.00358,AAATATGCAGGTACTC,L439V,1,1
0.5834,0.02387,GAAAAAATGACCAATA,D77G,1,1
0.5834,0.02226,CGGTCCTTATATTTAT,R92W,1,1
0.5833,0.02086,ACAAAAGTTCGAAACC,N6L,1,1
0.5833,0.006174,CACACTATTCATGGAC,S114G,1,2
0.5832,0.007715,GTTACACCTACCAGGC,,0,0
0.5827,0.00604,GAGTAGAACTAACTGC,S262M,1,1
0.5823,0.01895,TAACAGGTCCATAACA,K472Y,1,1
0.5822,0.0642,AAAATGAATAGAGCTT,T12H,1,1
0.5822,0.0642,CACAAAGTAAACAACT,S149V,1,1
0.5822,0.0642,GTCGATTACCACACAC,I34Q,1,1
0.5822,0.006051,GACATTTGGACATCCT,I282N,1,1
0.5821,0.01454,GATCAAAGTTTTCAGA,D32S,1,1
0.582,0.003617,AAGTCAATTACTCCTT,,0,0
0.582,0.01674,CTCTAGTACTTAAGCA,K50L,1,1
0.5818,0.01375,TACTGCATAATCTCTA,I160Y,1,1
0.5817,0.009545,ATTAAACGCATGTGGA,,0,0
0.5817,0.01167,AGCCAAATGCATCGAT,N290A,1,1
0.5817,0.008279,ATAACTACCAGGAACA,Q44M,1,1
0.5817,0.01209,TGGTAAAAAAATCACC,K171M,1,1
0.5816,0.02242,ATGAAACATATTACGA,I3W,1,1
0.5816,0.01045,TAGGGCCATAAACGAA,,0,0
0.5816,0.01649,CAGACTTTTACTACGT,,0,0
0.5816,0.03914,TTGGAGGATATTGGAA,A212G,1,1
0.5814,0.003087,AATCAGTTTATAATAC,S205F,1,1
0.5814,0.02594,AAAAGAATTAAGAACC,A372H,1,1
0.5813,0.0194,TCCACTATAGAGATTC,I48A P289H,2,2
0.5813,0.01241,AACGGTTGCAACAAAG,F125M,1,2
0.5813,0.02815,TCATTTTACAATAAAA,G62M,1,1
0.5812,0.02061,ATTCAGATGACTAAAT,F448Y,1,1
0.5812,0.01342,CCCAGGTTGAAGGTAC,R201T,1,1
0.5811,0.05128,AAACGTACCTAAAAAG,S107V,1,1
0.581,0.0146,GTTAATATTCAAAGAT,N6Y,1,1
0.581,0.003783,ACATATCCCTTTTTCA,,0,0
0.581,0.007848,AAAAACTCGCATGAAA,Q356I,1,1
0.5809,0.01906,TTGGGTATTCTAATAA,,0,0
0.5809,0.01326,CGAAGTGGAACCCTCC,,0,0
0.5806,0.0378,CCCCCACTCACTAGAA,D101K,1,1
0.5804,0.02994,TAGAGAATTTAACAGA,N475L,1,1
0.5803,0.01658,TTTCCATAAAACATAC,S91V,1,2
0.5801,0.03292,GCTCAAACCTTCTACA,E325G,1,1
0.58,0.01405,ACGATGGTTAAACTCT,K503T,1,1
0.58,0.02679,TAAAAGTATTAGATGC,T203G,1,1
0.5798,0.03656,CAGTAGTAAAAATAAA,Q44K,1,1
0.5797,0.02915,GCCTTATTGTAACTAC,G240D,1,1
0.5794,0.03197,CCTCATCAAAGAATTA,,0,0
0.5794,0.02213,TATATCCAAAAAACAG,E83K,1,1
0.5794,0.05755,ATCGTAAGAACATAAC,,0,0
0.5793,0.006238,GATACATTTACGGAAA,W234Y,1,1
0.5793,0.009551,ATAACACCTGCGATAT,,0,0
0.5793,0.01023,TCTCAAATCTTCAATT,P227W,1,1
0.5791,0.00181,GCAAGCATAGTATTAA,Q132V,1,1
0.5788,0.01565,ACTGGATATATGCTGT,,0,0
0.5787,0.03108,CCACTAATCAATGAAC,,0,0
0.5786,0.02323,AACGTCCTATTAAAAC,N38G,1,1
0.5786,0.06967,GAAAAAATCTAGCTTC,Q173P,1,1
0.5786,0.008982,ACAACATTAATCAATC,E172H,1,1
0.5785,0.01854,CTAAAAGTGGGAATAA,R92Y,1,1
0.5784,0.0277,AACCCAATGCCCTCGA,E443V,1,2
0.5784,0.02129,ATGCTTGGAAACATAT,S107T,1,1
0.5783,0.009498,TCTTAACCTAGCATTC,K315R,1,1
0.5783,0.01964,TAGTTCGTAAATGCAG,F294W,1,1
0.5781,0.01242,AACACCAGACTATATT,F392L,1,1
0.578,0.009694,AACACCCTAGCAACAC,T135L,1,1
0.5779,0.01228,AGGCTTATGCGGCCTT,N296Y,1,1
0.5778,0.01794,GAATTTGAGCAGCCTA,I48Y,1,1
0.5777,0.02443,ATACAGTCGTAGCGCA,P221S,1,1
0.5777,0.02443,ATTTCCTAGCTGGACT,V102I,1,1
0.5775,0.004442,ACTAAAACTAAGTTAA,,0,0
0.5774,0.00312,CAGTGGACAAAACAAC,S54M,1,1
0.5774,0.01202,CGTATATCAACATCTC,,0,0
0.5773,0.02638,TTAGAGGAAGAAAGCA,,0,0
0.5772,0.06556,AAAAGACGCTGAATAA,R269F,1,1
0.5772,0.06556,CATCCACGTTCCTATT,Q407K,1,1
0.5771,0.001531,AAAGATCCCATCCGAC,,0,0
0.577,0.01529,CACGCTCACTGTCATG,T117M,1,2
0.577,0.04328,TAAGATCAACTACGAC,R307H,1,1
0.5769,0.01176,CATTTTAAAAAATCAT,T301V,1,1
0.5767,0.02143,TTACAGAAGTTGAACC,F79C,1,1
0.5767,0.01711,CTCTGACTGCAAATGA,,0,0
0.5766,0.008819,GAATATCAGAATTCCG,G504V,1,1
0.5766,0.008248,CTAATAACTCCTCGAG,G129M,1,1
0.5763,0.01805,GATCGAATGTCAAAGC,K82F,1,1
0.5762,0.0358,CACAAACATCACCACA,G479N,1,1
0.576,0.0166,AAGTTAACAGAGCACT,K276F,1,1
0.576,0.0166,CTCAATGTCTCTTCAT,S47D,1,1
0.5759,0.02245,ACCTCATCTAAAAACA,P227E,1,1
0.5758,0.0145,TATCATGGCCATGTAC,,0,0
0.5758,0.0107,GACGGACATCAATAAT,N122G Y233H,2,2
0.5758,0.0107,GTAAGTAAAGAAGTGC,S124M,1,1
0.5756,0.01286,TTTGCACATCAAAAAG,,0,0
0.5755,0.03468,TGTATTCTCTTAATGC,S219A,1,1
0.5754,0.02201,GGATTTACTTCATAAT,P103E,1,1
0.575,0.003891,TACGCGATTAATGCAG,T328A,1,2
0.5749,0.03363,TATTAATCGTCAACCC,,0,0
0.5746,0.03875,GTTTATAAACTGAACA,K326I,1,1
0.5744,0.01644,TAAATCCTGTTTAAGT,,0,0
0.5744,0.01644,TAACGACAACTACATA,E449Q,1,1
0.5744,0.0008152,ACATACAGCACATAAA,,0,0
0.5743,0.009563,AACTCAAATCGTCAAC,D419G,1,1
0.5743,0.004241,TATATGCATAAATTTC,E280R,1,2
0.5743,0.0457,AAACATACCCTGTGTA,R109T V490Q,2,2
0.5743,0.01523,TACTGACCACTATTTC,K50D,1,1
0.5741,0.0162,GGTATCCTGCTATCGT,S114A,1,1
0.5741,0.001113,GGACTTCCCGAGCGTG,,0,0
0.574,0.006109,ACAAACACCTAATTCC,,0,0
0.574,0.0173,CTAGTCTTACAACGCG,R201S T203K,2,2
0.5739,0.009761,AAAACCGTACCCAATA,N298G,1,1
0.5735,0.04389,AATTCATACAATCTCA,S198V,1,1
0.5734,0.02428,AACCGCGTTGATTAAC,,0,0
0.5733,0.007245,CAACGGCGCGCTATGC,T128K Q407I,2,2
0.5733,0.009879,ATTGATCCATTAGACG,R208M,1,1
0.5731,0.01796,ATCTGAGTCCACTCCA,,0,0
0.5731,0.02684,GTCCATTTAGTCAGTC,R307G,1,1
0.5731,0.01129,ATAGTTAAGGAGTTAA,S198L,1,1
0.5731,0.01129,GACCAATGAGAAGCAC,,0,0
0.573,0.01071,TAATATACAATGAAAG,,0,0
0.573,0.07128,ACCGTCGGAAACCTTC,A113G,1,2
0.5729,0.01933,ACAAATATTATGAGCA,F174C,1,1
0.5726,0.02091,ATTGAAACAATTTTCA,R201C,1,1
0.5726,0.005493,AATAGCTAGTACACAC,Q454M,1,1
0.5725,0.01226,GCATACCGCCACAGGT,,0,0
0.5723,0.008972,TCCTACTAAGCGTATA,,0,1
0.5723,0.0009585,TTGCGACTTACTAAGA,S107V,1,1
0.5722,0.005531,GATCAAAGATTAAAGG,,0,0
0.5721,0.034,CCACCAGCAAACACCT,M462L,1,1
0.5719,0.001738,GACTTTCTAATAAAGC,N122K I274L,2,2
0.5719,0.06698,TTTCTCGCAACTCAAA,Y233L,1,1
0.5718,0.01432,TTCCATCGCAACAAAA,A106M,1,1
0.5718,0.01111,CATCTATTACAACTAC,S145V,1,1
0.5716,0.01414,AGATGGCCTGACACCC,P215K,1,1
0.5715,0.0123,TATTAGCACTATGTTC,K50Y,1,1
0.5715,0.007003,AGTTAAACATAAATAT,Q211W,1,1
0.5713,0.01945,TAAAAAAACCATAACT,,0,0
0.5713,0.02775,ATTTATGTCAAATATC,E325M,1,1
0.5711,0.01477,TCAATCAATATTATAA,,0,0
0.571,0.01911,ACTAACACGTTAAACA,P4Q,1,1
0.5709,0.005277,ATTGCCCCAAGTATAC,A304Q,1,1
0.5708,0.01879,GACGCGCATAAAACAG,S262D,1,1
0.5708,0.01879,GCGACTCGGTATGATA,R307H,1,1
0.5707,0.01104,CTCAACATTCTGAAAA,K140R,1,1
0.5704,0.03665,TTGAGTTCGGTCTGAC,N122H,1,1
0.5702,0.01817,TCAAGGAGTCATTGTT,Q44N,1,1
0.5702,0.01646,GCCAATAGCACAATGC,S9M,1,1
0.5701,0.02581,TACTACTGAATTCTCT,K276N,1,1
0.5701,0.003223,CCTCAAGCCATACATC,K207S,1,1
0.5699,0.04452,ATCTTGCGTTATTCTA,R141I,1,1
0.5695,0.004956,AGCATTCTAGACAGAC,,0,0
0.5694,0.01075,ACTGCCCTAATCGTCT,,0,0
0.5694,0.03438,ATAACCACTATAACTA,Q407M,1,1
0.5694,0.03438,ATGCAAAAACCAGAAT,T328A,1,1
0.5693,0.01004,TGAGCACCGAAGATCC,,0,0
0.5692,0.0189,CTTCACATTTAGACGC,S114L,1,1
0.569,0.028,TATACTGGAATCTGAC,D7Y,1,2
0.5686,0.01357,GTATCCGAGAAACTAA,P289R,1,1
0.5685,0.01799,ACCACATAAAGAAGTC,G129S,1,2
0.5684,0.02005,ATCGGATAAACCATAA,S199A,1,1
0.5684,0.005527,TAGCATCATGCAATAC,,0,0
0.5683,0.008885,AAAGCAAGATAATACG,A372Q,1,1
0.5681,0.03146,GTGGCAGAAATCAAAA,S199Y,1,1
0.5681,0.007145,GCTAAACACAACAATA,Q44T,1,1
0.5681,0.002341,AAAGTGGTGGTATATT,,0,0
0.568,0.07808,CAGTAAACCACACGGT,S115G,1,1
0.5679,0.004679,GGTATCGCAGAACCAT,N22V,1,2
0.5678,0.009634,TCAACTATATAAAAAG,,0,0
0.5678,0.004807,TTTACATGGTAATCCT,K453T,1,1
0.5676,0.002561,ATTCTCAACAAATTCA,H56I,1,1
0.5674,0.02135,AAGAAAGCAATTTGTC,,0,0
0.5673,0.03709,CATTCCTAAGGACACA,S143L,1,1
0.567,0.0144,TTAATCGTGTGCCATA,R141Y,1,1
0.5669,0.002477,ATACGTATAATGCAAT,E172H,1,1
0.5669,0.01196,TTCTGACCAGAACAAC,,0,0
0.5665,0.03476,AAAAATCCTTACAAAA,R220A,1,1
0.5665,0.006954,CGTCCCCACGGTTAAA,S124R,1,1
0.5663,0.06845,AATTTTATTATAAGAA,,0,0
0.5663,0.06845,AGAGAAGGAAAAAAGG,,0,0
0.5663,0.01698,GATAAGGTAATCAAAA,,0,0
0.566,0.003032,GTTAAGTATAATGTCC,,0,1
0.5659,0.001438,GCCCTATCAGAATGCA,Y233L,1,1
0.5659,0.002232,GCACGCTACTTCATAC,P103N,1,1
0.5659,0.00875,TACTCATACACAACCC,,0,0
0.5658,0.04341,ATACTAGCCAGCATTC,G129L,1,1
0.5656,0.02564,AATGTCCCTAAAGATG,Q57K,1,1
0.5654,0.02109,CATGGTTAAGGAGATG,,0,0
0.5654,0.008988,CGTCCTTACATACTAG,N126L,1,1
0.5653,0.04177,TAAGCAGAGCCACCTA,I217M,1,1
0.5653,0.00481,GTCTCCTTAAGGATAC,,0,0
0.5653,0.009558,CTACTTAGCCTACAGT,I232M,1,1
0.5652,0.0103,AGCCCACTTATAAACT,A106S,1,1
0.5651,0.008171,AATCACTACGGCTAAG,,0,0
0.5651,0.02451,GAGATTTAACGCTCCG,I160Q,1,1
0.5651,0.0102,AGTCAATAAACTTTCT,,0,0
0.5651,0.01358,AAGAAATTGATCATAG,N22M,1,1
0.565,0.06094,AAAAAAATAAATCCAA,T128G,1,2
0.565,0.01219,TAAAACATATCGGAAA,T416V,1,1
0.565,0.008639,TACACACTAATAAAAC,I242N,1,1
0.565,0.001751,TTCACTCAACTAAAAT,D175T,1,1
0.565,0.005752,ACAAACGCCAATTCAC,,0,0
0.5649,0.03006,ATTAAGCTGAGAATTA,I418C,1,1
0.5649,0.02398,TGCGACCTCTCGACAG,G263S,1,1
0.5646,0.03885,TAAACATATGCTAAAT,S137W K310A,2,2
0.5645,0.009587,AATCTAATAACAGGCT,Q295H,1,1
0.5642,0.1126,ACGCCGCCAATAATCA,S95N,1,1
0.5642,0.1126,TATTATAAGCTGGTTA,V130L,1,1
0.5642,0.007017,GCTCAAAACACACATA,,0,0
0.5642,0.0112,AACATCTACTAATCCA,,0,0
0.564,0.05491,ACCTTAATAACTTGGC,G386E,1,1
0.564,0.01098,GAAGACAATCTATGTC,,0,0
0.5639,0.03631,AAAAGCAGCTACATTC,R261I,1,2
0.5639,0.03631,GAAGTCTGCGAACAGG,N489L,1,1
0.5639,0.01088,AACTAGCTCAACGCAG,,0,0
0.5639,0.02712,AGACTAAGCCTAATCC,L244F,1,1
0.5639,0.003496,TCAAATATAAACAAAT,P4E,1,1
0.5638,0.01542,GACGACCGGACATTTA,,0,0
0.5637,0.01067,TTGAATTGCTAATACA,S91M,1,1
0.5637,0.008154,ACTTGTTTCACAAGAT,G49C,1,1
0.5632,0.02527,ACCAAATAAAGGAGTA,Q132S,1,1
0.5632,0.04997,ATTAATTCAGCAGGGA,Q363S,1,1
0.563,0.007048,ACCATCGCTAACCAAA,Q327N,1,1
0.5629,0.009731,TACGTAAATAGTCAAT,K50L R201K,2,2
0.5628,0.002596,GTAAGAAGAAAAGACT,D419G,1,1
0.5627,0.004495,CCGGTACCCTACTCTA,Q407K,1,1
0.5626,0.09361,ATATTCAACGAACTCT,P273Q,1,1
0.5625,0.02316,TTTTTTACTAATTAAC,Q57D M462E,2,2
0.5625,0.01321,CTAAGCCGAAATGTTT,,0,0
0.5625,0.01321,TACTCAAATGAGAAGG,K310A,1,1
0.5625,0.003841,GCGAATTACCACGGAC,K411R,1,1
0.5624,0.04584,AACTATGATCAAATTG,,0,0
0.5622,0.008137,TCACATGACCTGCCTG,A365S,1,1
0.5622,0.002887,TTCATAACTTGATATC,,0,0
0.5621,0.002139,ATCAATAATGCTCAAG,R201L,1,1
0.5621,0.008736,TGTCTAGACTATCCAT,S312W,1,1
0.5618,0.02805,GCAATAATCCATTGTA,I282N,1,1
0.5617,0.01675,GTATAACCTTTTCTAT,,0,0
0.5615,0.00179,GGCATGTATCTTCAAA,S265Y,1,1
0.5614,0.008901,TACAAACCAGCTTTGT,,0,0
0.5613,0.02607,ACGATTAAATACGCTT,K472H,1,1
0.5612,0.01557,CTCACACAACATAAAT,P4H,1,1
0.5612,0.01296,AGCATTAACATGTCCC,G142Q,1,1
0.561,0.006244,AGATTAATCCATCATC,P239T,1,1
0.561,0.0249,AGCTAATATACTCTGG,M268V,1,1
0.5607,0.01436,AAATAATACCAAATGG,,0,0
0.5607,0.006514,AACTCGCTGCTGTAGA,,0,0
0.5607,0.02384,AGACCAGCAATAGCTA,N290M,1,1
0.5607,0.03556,TCAAATGACTTACAGA,I160L,1,1
0.5606,0.02333,CGAATTCGTTATCCTA,K503F,1,1
0.5606,0.01,GTTAGAACGCTATTCA,I282T,1,1
0.5604,0.006222,AAAACGAGCACTGGTT,,0,0
0.5603,0.006119,TATTAAAAAACCTTAC,R208S,1,2
0.5602,0.02195,AACGACAAACGTTCGT,E484R,1,1
0.5599,0.008953,AAAAACTATTTAATAG,,0,0
0.5599,0.06216,ATATATAATACCACTC,,0,0
0.5599,0.02072,ATTAGAGAGTATTGCC,P55A,1,1
0.5597,0.00854,TTCTAGCCCATGACAG,,0,0
0.5596,0.05886,CTCACATGACATTGAA,,0,0
0.5595,0.007287,TAGCATATGCCGTCAT,,0,0
0.5595,0.01153,CAACCTGGTGCTCATA,A430L,1,1
0.5594,0.02831,GGCTCTGACAAATTAT,,0,0
0.5594,0.009357,TATAGATCCTGCACAC,E494Q,1,1
0.5593,0.01833,TATAATCCCCTAGTAT,A212E,1,1
0.5592,0.01075,TAATTCTGCTCGAACA,S110T,1,1
0.5591,0.05322,TTCAGCCAACTAGAAA,A476K,1,1
0.5588,0.02511,TCTGTAATAAAACTTC,A212R,1,1
0.5587,0.001883,CTCGGCTTCTGGAACC,K278A,1,1
0.5586,0.01182,CTTCCAATCACAGCTA,S209N,1,1
0.5586,0.007838,ACCTACTTACAATATA,,0,0
0.5585,0.01551,ATTTAGCTCGAATCAC,Q376Y,1,1
0.5584,0.02256,GATTACTAGGAAACCT,,0,0
0.5584,0.02256,TACCTTAAACGTGAAC,G78R,1,1
0.5584,0.001943,CATAACTACTTAACCA,,0,0
0.5582,0.04293,AAGAAACAAAAATAAA,,0,0
0.5581,0.003797,TTGTTCGTAAAACAAC,S156K,1,1
0.5579,0.009918,CCCAGTAATCAACTAC,D291T,1,2
0.5578,0.004179,AAACCCTTACACTATC,R361Q,1,1
0.5577,0.03718,GAGGTTAATACCTATT,,0,0
0.5575,0.03484,GACCAAAAAAATATTC,M444Y,1,1
0.5574,0.03378,CTAGCAGGACTCCCAG,T206N,1,1
0.5572,0.01537,GCGTTAATGCCGGCCA,,0,0
0.5571,0.01516,TTTTTAATTAACAGCT,G142V K380N,2,2
0.5571,0.009862,ATACGCACACACCAGA,,0,0
0.557,0.02932,CGTTGCTCAATTTGCC,L157Q,1,1
0.5568,0.003739,AACCTTCCCATTATAA,,0,0
0.5567,0.01258,AATGCTACACAGATCC,,0,0
0.5567,0.01244,ATAAAAAAAGTTACAG,Q211R,1,2
0.5566,0.02475,GGAATTATTACCAACA,E172M,1,1
0.5565,0.0232,CGACAAGAGCCGCTTC,,0,0
0.5564,0.02227,TATACTGAACGGGTAA,,0,0
0.5562,0.009636,AACGATCTGATCAAGG,,0,0
0.556,0.01738,GATAATACGGAGATTT,P273V,1,1
0.556,0.002425,ACTACAGATTGTCCAG,S145A,1,1
0.556,0.01686,TACCCGCCAACAAATT,N489K,1,1
0.5559,0.005273,ACAGTAGCATATCCGC,,0,0
0.5547,0.002696,TGATGATCGAGAGTGA,V490Y,1,1
0.5545,0.04353,AAACAATCAGTGGACA,L157M,1,2
0.5545,0.01776,AACCATTCACTACAAT,I300Y,1,1
0.5545,0.08881,AGCAATCCTGAGCGCA,,0,0
0.5545,0.06728,ATATGCGGGCGAAAAT,,0,0
0.5545,0.02675,ATGAGTCTTTACTATA,T203Y S279N,2,2
0.5545,0.07656,ATTTACGTGAGCTATG,A372Y,1,1
0.5545,0.02337,CAGTCCAACCACAACC,R307S A365S,2,2
0.5545,0.02243,CATTCTAATATAATTA,,0,0
0.5545,0.03763,CGCTAGACTATCAAAT,G142Y,1,1
0.5545,0.03895,TAACGCGGGTTAACGA,N290T,1,1
0.5545,0.02243,TTAACCGACTTAGTAA,G275D,1,1
0.5545,0.01835,TTACATGCTAAACTGA,T440A,1,1
0.5545,0.04934,TTATCATTACAGTTTT,A93T,1,1
0.5545,0.04531,AAAATCGACATACAGT,I242F,1,1
0.5545,0.02612,AAAGACGTGCTCGAGT,I34A,1,1
0.5545,0.01645,AATAAAAAAATACACA,,0,0
0.5545,0.008707,ACAACTTGCCTTTCAA,S144I,1,1
0.5545,0.07162,ACCACGCCATGTAAAC,,0,0
0.5545,0.01362,ACGTAACAGATATGAA,K238M,1,1
0.5545,0.04531,AGATAAGTCTTTAAAT,S114G,1,1
0.5545,0.03127,AGCACCTTGCATAAAC,R405S,1,1
0.5545,0.03218,ATCACACGCTATATCA,S480N,1,1
0.5545,0.02883,ATCCGACAGCAATTAG,T328S,1,1
0.5545,0.004655,CAATGAAGCGATAAAT,,0,0
0.5545,0.04724,CCAATTACAACGATCC,S279Q,1,1
0.5545,0.02198,CTAATGATATATTTTC,R150V,1,1
0.5545,0.007737,CTCCGAGTGGATTTTG,Q173T,1,1
0.5545,0.03041,CTTTCTAATCAACACC,N122R,1,1
0.5545,0.06,GCCGTAAAGTAAGTAA,I300L,1,1
0.5545,0.04724,GTAATCCGTACAAAAC,,0,0
0.5545,0.005921,TATGAGCGACAGCTCA,V297L,1,2
0.5536,0.001771,TTGCAGTTACCATTAC,,0,0
0.5534,0.01245,CGGCAAGTTACAGTAA,N8Q V88M,2,2
0.5532,0.01458,ATACTTTCACGTACAG,W127F,1,1
0.5531,0.0009439,CATTTCGGACTATAAA,,0,0
0.5531,0.01606,TTAAAAGGCCTTACGA,,0,0
0.5531,0.008299,AACATTGGAACATAGT,Q44C,1,1
0.5527,0.001231,CTTCAGCCATCTCACA,Q173G,1,1
0.5526,0.02171,ATTGAAAAAGTTATTT,T10C,1,1
0.5525,0.02355,CATCCACAAGCCATTT,N122I,1,1
0.5524,0.02406,CGGATCATTACGCGCA,R361S,1,1
0.5524,0.008079,TGCATAGAACGAAAGA,,0,0
0.5524,0.02459,ACTCACAAACTTTCAC,,0,0
0.5523,0.01294,GTAATTGAACTACAAA,A106M,1,1
0.5522,0.005294,TTCAGTAAAAAAATCC,G62Q,1,2
0.5522,0.02698,ATAAGAGAGACCGACA,H184L,1,1
0.552,0.02836,CGGCCATACAATCGAC,,0,0
0.552,0.009536,CTCCACCAATAAAACA,G78C,1,1
0.552,0.001529,ACATCAGTAGTGCTCT,R269I,1,1
0.552,0.009702,TACTTCCAATACATAA,K82H R482F,2,2
0.5519,0.002725,TGAATCTGCTTACCCC,E325A,1,1
0.5518,0.03072,AATTTCATACTCCCAA,K411R,1,1
0.5516,0.01688,TATTCCCTCAAGATAT,S46E,1,1
0.5514,0.01201,TAAGTACAAATCCATT,S219V,1,1
0.5513,0.007318,GAGCAATGCAGAATAA,S114D,1,1
0.5512,0.005364,TAATTCTTCATTTAAT,,0,1
0.5512,0.009483,CAACAAGCCTAATAAA,Q1H,1,1
0.5511,0.03945,AGATTGTAGTCAAAAG,E344W,1,1
0.5508,0.008626,AAACTTCAACAGCAAC,,0,0
0.5507,0.002744,ACAGCAGACGTAAATA,,0,0
0.5507,0.04415,AAATCTAGGCCTAACA,,0,0
0.5506,0.0223,TGCTGAATAAACACTA,R33H,1,1
0.5505,0.01533,CGAAGGTCGAAATACT,,0,0
0.5503,0.04797,AGGAGAGTTAATTGAG,,0,1
0.5499,0.05251,AAATATCTTTTACGCC,P4S,1,1
0.5499,0.01778,ATAAGACGCCCCACAT,H18T,1,1
0.5498,0.02722,TCCTCCGAAAATATCG,Y161F,1,1
0.5497,0.05511,CAAACCGAGACTGCAT,,0,0
0.5497,0.01837,CAACGATTAGTATATG,D375N,1,1
0.5497,0.0279,ATGACCAAATTTGTAT,H56W,1,1
0.5496,0.001123,GTCTCGTTCTGGATTT,P55R,1,1
0.5496,0.008104,GACTATGACTGAAGGA,N216R,1,2
0.5495,0.05799,CACGGTCAAAGAACTT,Y302F,1,1
0.5494,0.02938,ATGCCAAATAAACTCA,,0,0
0.5494,0.01967,GAGTATTAATAGAGAG,G62E N285K,2,3
0.5493,0.02003,CAACGAACACTTAGCT,L118W,1,1
0.5492,0.06119,ACGACAACCAAACCGG,,0,0
0.5492,0.0204,TTTAGTTCTAATATAA,A304Q R307I,2,2
0.5492,0.01025,TCAACTTAATCACCTG,,0,0
0.5492,0.006171,AGATGATCAAATACAT,,0,0
0.5488,0.01631,TAATAAACAACATCGT,,0,0
0.5485,0.005316,CGTACTACCCTGTGAA,T416N,1,1
0.5484,0.02341,TGATGAAACCAACTAT,L42M,1,1
0.5484,0.007031,CAGATACATCGTACCA,,0,0
0.5484,0.005899,AAGTAAATCCACAAAG,S110N,1,1
0.5482,0.01202,GTAGGAGCCCAATTAA,,0,0
0.5482,0.01215,AAAAATTTCAATAAAC,,0,0
0.5481,0.07331,AAAACAGCGTACCCGA,K207A,1,1
0.5481,0.07331,TTTGCAACAAATATAA,A163M,1,2
0.548,0.03727,TAAAAATGCAGTACCC,S146W,1,1
0.548,0.02499,ATCAAAAACCCATAAT,D408K,1,1
0.548,0.00376,ATAGTGTTTTGACAAG,,0,0
0.5479,0.01527,AAATTATTGAAGAAAT,T301C,1,1
0.5478,0.03857,CCTCTAGCTTTATACG,,0,0
0.5478,0.0111,GTGAAAGGAACCTAAC,,0,0
0.5476,0.03996,TCAACTGAAATACAAC,I481V,1,1
0.5475,0.0268,CGCATATCTACTATTT,R92M,1,2
0.5475,0.02016,CAGTCCATAATACCCT,,0,0
0.5475,0.01013,GAAATATAATCAATAA,,0,0
0.5474,0.02053,TACACGTTCCACAGAG,K238P S358N,2,2
0.5474,0.02746,AGTGACTTTCCAATGC,,0,0
0.5471,0.02132,ATAAACAATTGCTATA,R92M,1,1
0.547,0.04305,GGCATACCTACCATTT,,0,0
0.547,0.02889,ATGAATACACACACTA,H56A,1,1
0.5466,0.003791,TACACTAATCTTTTAT,Q80S,1,1
0.5466,0.01829,ATCATCCATTAGAATT,S146A,1,1
0.5465,0.007699,CTCTAAACAAAATACA,,0,0
0.5464,0.04668,TAAGTACTGATGCAGA,K121D,1,1
0.5464,0.01556,GCCTGGTAGCTCTAAT,N216L,1,1
0.5463,0.01578,TATGGCCAATAAAATT,Q327G,1,1
0.5461,0.04872,AAGCTACTGCTTGATA,D419E,1,1
0.5459,0.09963,GAAACAAATAGAGTTA,S47E,1,1
0.5455,0.0148,CCCAAGTTACTAAGAT,K2N A212F,2,2
0.5454,0.008054,GCACCTTCTCACTCAA,,0,0
0.5454,0.01752,GACAAATTAATCATAC,,0,0
0.5454,0.003099,CTCAGAAATGAAAGAG,D408W,1,1
0.5452,0.01781,CACGACTAAGAAGTTA,Q132G,1,1
0.5452,0.007157,ATTCAGGTTCACAAAT,,0,0
0.5451,0.02703,TAGTCCAAACCAGCGA,L59A,1,1
0.545,0.01564,CTTAGCGCGAAATCCA,,0,0
0.5449,0.0184,CAAGAAAAAATTAATT,F79N,1,1
0.5449,0.02771,CGCTTTTGGTGACACC,H18T,1,1
0.5446,0.01633,AGGAAACATATCCTAA,S110M,1,1
0.5441,0.02995,TTATGACAGTACAAAC,I34E,1,2
0.544,0.01349,CACAAACACACAGCAC,P227R,1,1
0.5439,0.003932,CTAACAATACGGTTTC,Q210I,1,1
0.5437,0.003896,AACTGCGAGACTCACA,,0,0
0.5437,0.06242,CAAACTTTTGTATTAC,T416G,1,1
0.5435,0.0254,CGAAAAAAATATCTTA,,0,0
0.5435,0.02121,CTAAAAGAGACACCAA,S262F,1,1
0.5434,0.01162,TCACTCATACCTTTCT,M168H,1,1
0.5432,0.005419,TTATGAACACTCACAG,,0,0
0.5431,0.04366,GGCCTGTAACCCAAAA,E280I,1,1
0.5431,0.04366,TGTCTATCCCTAGAAC,,0,0
0.543,0.01475,AAAACGAGAATAATAA,V413I,1,1
0.5429,0.01213,TCATGAACCTAAACAC,L66V K310W E410K,3,3
0.5427,0.04545,AACTCAACCGAATCCG,E172K D291N,2,2
0.5426,0.009166,AGCATAACCAAACTAG,,0,0
0.5425,0.03462,ACCTTTTATTCTGGAT,R201P,1,1
0.5425,0.03462,CAAAAGTGAAGTCTTA,Y257A,1,1
0.5424,0.006322,AATGATTATATTAGAA,P289T,1,1
0.5422,0.01772,ACATTATATTAAGAAT,,0,0
0.5422,0.04739,ATCGTAAAACGAATGG,,0,0
0.5422,0.009479,TTTCTGTATATGCTAG,,0,0
0.542,0.01603,GATGTGGAAAATCCCA,T128K,1,1
0.542,0.01112,AAATTCTCAATCATTT,T388A,1,1
0.542,0.01112,CCGGAATGCCATCACT,,0,0
0.5419,0.002853,AAATGAATAATCAACT,,0,0
0.5417,0.01052,CTTATTAAAACAGTTC,,0,0
0.5417,0.03692,GTACGTCTCGAAACAA,,0,0
0.5416,0.0495,CGATGATCCAGACACT,,0,0
0.5415,0.007485,GAGGGAATCAGACTTC,,0,0
0.5415,0.001238,CACCTTCGCTAGTCTA,I242S,1,1
0.5412,0.004785,ACTGTCCCAATACAGC,,0,0
0.5412,0.003647,TTTCATATATCACCCC,I274V,1,1
0.5412,0.01395,TCACATATTTAACAAG,,0,0
0.5411,0.006459,AAGCCAAAATATACAA,R482I,1,1
0.541,0.001438,ATGACACTACACTATC,,0,0
0.5408,0.01754,ATGTGACGAAACTCAT,I478M,1,1
0.5407,0.02266,ATATACCCAGGCCAAA,,0,0
0.5407,0.01995,TAGGTACAGCGAATAT,I300L,1,1
0.5404,0.004779,TGAAATTAGTTCGCCG,,0,0
0.5403,0.04101,TCTCAAGAAGCACACA,,0,0
0.5403,0.04101,TCTGCATGAATCTTTG,P55Q,1,1
0.5402,0.02751,GATCTGTCTACTGAAA,I260V,1,1
0.5402,0.002802,CAATCTCACCAACTAA,N290V,1,1
0.5397,0.04259,CATAAAAACTAATACA,N6E,1,1
0.5397,0.0171,TACTTAAAGTAAGGAG,,0,0
0.5396,0.004641,GGAACATCCCACAATA,A476F,1,1
0.5395,0.00784,GAGCCATACGTAATAG,K310Y,1,1
0.5395,0.02467,AATTCTACTCTAAGAA,I242W,1,1
0.5394,0.01737,TATATATCTATCCGAA,,0,0
0.5394,0.005625,GCGATTTCCATGTGAA,T12V E443W,2,2
0.5391,0.01476,AATCATAGACAGTACC,Q211H,1,1
0.539,0.00775,CGGATTTAGGTACAAA,,0,0
0.539,0.02972,TATCAAACTTAAAAAT,,0,0
0.539,0.01192,AGACTAGCACTTAAAA,,0,0
0.5389,0.006931,CATGAGCACGTCCTAT,Q132P,1,1
0.5388,0.06025,AATAAAAGTCATTAAC,P55C,1,1
0.5388,0.06025,TCCGAGATGTTGGTAA,,0,0
0.5387,0.01299,ACCGAAATAACCCGTA,N498S,1,1
0.5386,0.01018,GTGAGTTGCCCACATT,,0,0
0.5386,0.003405,TATGCGCAGCACGTTT,,0,0
0.5385,0.02045,CAGTGCTGATACGGAT,E484G,1,1
0.5383,0.01559,ATGTATAGAGATTCAA,R208V,1,1
0.5382,0.01172,GAAAACAAAAGATAAC,P239I,1,1
0.5382,0.01445,CAGTAATAAACTTTAC,D104S,1,1
0.5382,0.01445,GGACATAACCAAAATC,N285W,1,1
0.5379,0.02124,TAGAATTCAAAATTTA,T301R,1,1
0.5378,0.004945,CGAACCGGAAGCTAAT,R92M,1,1
0.5377,0.01289,CCAGGCCGTCCTAAAA,S95C,1,1
0.5376,0.005916,CTTTCAACTTACATCA,,0,0
0.5374,0.009411,TGCGGCGGAAAGCTTG,,0,0
0.5373,0.003957,TTAAATGTGATCTATC,V204M,1,1
0.5373,0.01985,AATAATGTATTAAGAC,N290T,1,1
0.5373,0.02208,ATTTTTAAACCTGAAA,N53C,1,1
0.5372,0.0111,ATTATCCAAATACAAG,D493E,1,1
0.5372,0.03329,GAGAAGTCTGTTTCCA,L15I N63T,2,2
0.537,0.01677,TAGCACTAATATCCTA,P273M,1,1
0.537,0.002924,TATCAAAATTTTACTA,G78Q,1,1
0.537,0.02022,TCATCAGTCCTCCTAT,S198K,1,1
0.5368,0.003283,GCATCGAAGCAATTTG,D32Q,1,2
0.5368,0.01703,AAAACTGTAATACATC,,0,0
0.5367,0.01864,AGGGCGGCGGGTGTAT,,0,0
0.5367,0.01864,ATTTAACATTAACACA,,0,0
0.5367,0.007614,ATGGACACCAAGAGCT,,0,0
0.5366,0.0159,CCTAAGATACTTTTCT,D493R,1,1
0.5363,0.006754,TACCATTAGAGACCTT,,0,0
0.5362,0.009156,GGACACTCCCGATTAT,,0,0
0.5359,0.004115,ACACAGAAACATCACC,K238L,1,1
0.5359,0.006297,GTACATCCATGCTTTG,T416C,1,1
0.5359,0.01532,GTCACCTCACGCCCAT,,0,0
0.5359,0.01074,TCGTAATAAAAAAAGC,N290V,1,1
0.5358,0.01661,ACAAATACCCTTATCT,,0,0
0.5358,0.0127,CAAAAAAAAACACCCT,,0,0
0.5357,0.007739,AACTTTACATAAAAAT,S114N,1,1
0.5357,0.01206,ACATCCACATCAAGTT,,0,1
0.5355,0.02732,TCCCTGGAAAGATAAA,S54D K207D,2,2
0.5355,0.02732,TTGACATTACGTACAG,,0,0
0.5354,0.01998,GATACCTTTTATCATC,H18L,1,1
0.5354,0.002534,CAAGCAGACTACAATT,I34Q,1,1
0.5351,0.01598,CAGGACTAATCATTCT,T235V,1,1
0.5351,0.02801,TACGAAAGATACAAAA,,0,0
0.5348,0.0227,ATATGATATCACAATA,,0,0
0.5348,0.005171,ATTAATAAAACAATTA,,0,0
0.5347,0.01428,ATTCACTTTACCCTGA,N53A,1,1
0.5346,0.01767,AGCTGGAATTGACGCC,,0,0
0.5345,0.009579,AACTATCTTACAAAAC,,0,0
0.5345,0.07696,CCTAATGGATTATAAA,D493Q,1,1
0.5344,0.02317,ACAGGCTAAACTTTTA,V20F,1,1
0.5341,0.03916,AACGCAGTGTTCATAT,K278S,1,2
0.534,0.009087,GTCGAGTTAAAATCTG,S312F,1,1
0.534,0.02366,CATTTAGAAAATCCTC,N298V,1,1
0.5339,0.02153,CATCAATTATATCAGC,R354K,1,1
0.5339,0.006242,TTGATACTAACATCTC,Y302M,1,1
0.5337,0.007058,TAAATTATATGAAAGC,,0,1
0.5337,0.007743,GATAGGAAAATTAGAA,I214S,1,1
0.5336,0.01045,ATTGTATTCAATAAGA,,0,0
0.5335,0.008341,CTAAAAGGATCCCCAA,N122V,1,1
0.5334,0.004579,ATCTTACGATCGGTGG,,0,0
0.5334,0.0347,CATTCTCCGGATCTGC,,0,0
0.5332,0.01115,ACTACCATATTAACAT,N298S,1,2
0.5331,0.007029,TACCCTAAATAAAACA,K140W,1,3
0.533,0.01547,ACCTGTCATCAAACCA,K278E L439V,2,2
0.5327,0.02286,CAAGAAAGACTATCAG,D7C,1,1
0.5326,0.001157,ACAAAAGGGAATCTTT,,0,0
0.5326,0.04213,TAATAAAACCAAACTG,P227H A430Q,2,2
0.5323,0.05114,GGAACGGATACCCAAA,V213M,1,1
0.532,0.008946,CATACCGAAACAATAA,L108I K468M,2,2
0.532,0.01731,TATCACATGAATACCC,G78S,1,1
0.5319,0.0113,ATACAGAATCAAAACT,I288M,1,1
0.5318,0.009669,AATATTCATGACACCA,,0,0
0.5317,0.02384,CGCCAAGCCACCTCAA,N159A,1,1
0.5315,0.02212,AGCAATAATATCAAAA,,0,1
0.5315,0.007372,TATGAATATCATGATA,P227Q,1,2
0.5314,0.00984,CTGTTGCTGACGCATC,Q376A,1,1
0.5314,0.007607,TCGTGAAATCCCTAAA,N133D I481L,2,2
0.5314,0.01332,ACATTAGAAAAATTAC,,0,0
0.5313,0.005036,CCGCGACAAAACCCCA,N133F,1,1
0.5311,0.005498,ACAATTATTATTACTT,R255M,1,1
0.5311,0.01348,TCATTAAATCATGGAT,R222Y,1,1
0.531,0.01083,CCAAACCTACTGAACT,,0,0
0.5308,0.04559,CACGACAGCTTCCATA,L381H,1,1
0.5307,0.02492,TAAGAATATCTTAGAC,,0,0
0.5307,0.005969,ATACAGTAACACAATT,I3S,1,1
0.5306,0.01448,ACCGGCTATAAAATGC,K264R,1,1
0.5301,0.003557,ACAACATTAACGGGAG,E280W,1,2
0.53,0.00973,CGACATGAGAACTCTC,T10Q,1,1
0.53,0.01087,AAAAATCCCAATGATA,K368V,1,1
0.5298,0.01138,CCCAAACACTATCTGT,,0,0
0.5296,0.008696,AGATCTAAAAAAATAT,I48H,1,1
0.5295,0.001956,CACTAGCCAAGCCATT,,0,0
0.5295,0.02403,GTATAGCTCAAATGTA,R208C,1,1
0.5293,0.01527,AAGAAGTAAGAAACTA,F125W,1,1
0.5291,0.01328,CCTCAACTGTTACTTA,S312G,1,1
0.5291,0.004004,ATTATAATTGCCATTT,N6M N489L,2,2
0.5291,0.01827,ACAAAACAAAGAAAAA,I335V,1,1
0.5291,0.02928,AAACTTCTACAACAAG,,0,0
0.529,0.01131,GATCATGCACATAAAA,,0,0
0.5289,0.003075,AGCACAAGAAAACCTA,,0,0
0.5288,0.00925,TTGAAACATCCCAAGT,,0,0
0.5285,0.04271,TACAACCATCACCAAC,L431M,1,1
0.5284,0.006015,GAATAACATACATAAA,Q80Y,1,1
0.5282,0.01084,TTCAGCATACACCTCT,,0,0
0.5278,0.01535,CCTCTTCACTATAAGT,P169G,1,1
0.5278,0.01922,ATACCCATGACCATAA,H184N,1,1
0.5277,0.0237,CTTTTGTAAGCGAAAA,A106S,1,1
0.5277,0.008567,AACTGAACATATTTTT,D291C,1,1
0.5276,0.03877,GTGCGAAAACAAAGCT,,0,0
0.5276,0.03877,TGCACTTGACCACGGT,S95M,1,1
0.5275,0.008171,ATTGGTAATATGGAAT,A106E,1,1
0.5274,0.052,ACTAATCCAGCATCTA,R33E,1,1
0.5273,0.01956,TCATCAAGACATAGCT,K326F,1,1
0.5273,0.001835,TCATGCTTAAAAAGGA,N497T,1,1
0.5272,0.002965,CAGCATCTCCAAGCAC,Q173F,1,2
0.5272,0.02422,AAAGGTGAATCTATTC,Q376N,1,2
0.5272,0.003841,ATAGATATAACAATTG,A304N,1,2
0.527,0.006597,TGTATATTATTTAAAA,,0,0
0.5268,0.01521,ACATACCGCTAATGAC,I3K,1,1
0.5267,0.0229,AGACCACTCATACAAA,P324V,1,1
0.5267,0.0229,CTGTACTTAAAAAGAA,T167S,1,1
0.5265,0.01401,CTACATTATTTAGGAT,Q80I,1,1
0.5265,0.008483,GAAGAGCACATCTCCT,,0,0
0.5263,0.01298,TACATACGTACTTCAG,Y302H,1,1
0.5263,0.01625,GCCAGTCCCCGCACCC,N498S,1,1
0.5263,0.02956,CTAAAAAGCATGACTC,N31E R222G,2,2
0.5262,0.01419,ACGGGAACAATATTCA,K264L,1,1
0.5259,0.01934,AGGTCTATAACCTCCA,,0,0
0.5258,0.03667,GCACAAGTCCCCGTAT,E457S,1,1
0.5258,0.01437,GAAGAACCCCCCACAA,K50S R307W,2,2
0.5258,0.008937,CCTAGACATTACACTC,,0,0
0.5256,0.06645,CAAACAAATAACGATA,E410A,1,2
0.5254,0.01674,TCATTATCCAGACCAC,Q311W,1,1
0.5254,0.005988,GTTACAGGCCAACCAG,K278V,1,1
0.5253,0.007483,CTACACATGAATTCCC,S262Y,1,1
0.5252,0.02591,ATAATGAAAGATGTTG,,0,0
0.5251,0.04829,CAAGACACAGTTGTAA,Q80H,1,1
0.5251,0.0188,TCAATTACGGTAGCAA,,0,0
0.525,0.08496,AAGCCTTAGGAGAAGA,,0,0
0.525,0.08496,TGGTAACAAAAGACAC,P306Q,1,1
0.5248,0.0118,TAGATAAAACACCAAA,S270G,1,1
0.5248,0.0118,TCAACTTACTACCTCT,S358M,1,1
0.5248,0.006986,ACCTAATGGCGAGTCA,,0,0
0.5247,0.01106,ACTGACTTGAATCAGC,Y302M,1,1
0.5247,0.03122,TTATAATCTAAATACC,,0,0
0.5246,0.002991,AGATTACCACCCCTAA,S46H,1,1
0.5246,0.004414,AAAACAATTATACTAG,R383M,1,1
0.5246,0.05737,AAACTTTTCGTAAACA,P289C,1,1
0.5246,0.05737,ATAAGTTTGTTTTAAT,N382H,1,1
0.5246,0.05737,TAATAAATAAAAATAA,P324Q,1,1
0.5245,0.02653,AACGTTGACAGAACGA,D419N,1,1
0.5245,0.01279,AACCTACCTATCCGAG,L428M,1,1
0.5243,0.002994,AGTACCATTAATAACA,,0,0
0.5242,0.005455,CAGCCGTTATGGACAC,N445T,1,1
0.5242,0.005455,TTACATCTGCGATATA,S9D,1,1
0.5241,0.01001,ACGCCGAATATCAATG,F294W,1,1
0.524,0.01463,CAAACATCCAACACTG,Q211R,1,1
0.5239,0.01035,TTAAACCTAGACGAAC,Q311E,1,1
0.5239,0.009774,TTCGTTAAAGTCAGCC,,0,0
0.5238,0.01219,AGTCAAAACTTTCTTT,S287N,1,1
0.5238,0.02079,ACAGAAGAGACCAGAG,,0,0
0.5238,0.02356,AGGCCTACTGGAAATA,F120H,1,1
0.5238,0.07068,GGACATAAACTACCAG,,0,0
0.5237,0.003849,TCTCGATTAAAGGAAT,,0,0
0.5237,0.0008789,GTATAACGTTGTAATA,G129D I242D Q363Y,3,3
0.5234,0.001703,GAATATAACTGAAGAT,D291W,1,1
0.5232,0.002597,AATAAAGTGCATACTT,E172H,1,2
0.523,0.02787,AACACTCCATCCACTC,,0,0
0.523,0.02017,ATTAATGAGAATAACA,,0,0
0.5229,0.006379,ATAGCTTAACCATCCC,K310H,1,1
0.5228,0.01735,AAAAGCATGTTTGTTA,,0,0
0.5227,0.004878,TAACACAATAAACATT,Q80I,1,1
0.5227,0.0407,ACATAATGAGGGACTA,K411F,1,1
0.5226,0.005737,GTACAAAACTAGCAAC,,0,0
0.5224,0.02054,CAAAAGACTGTAAGAC,R141E,1,1
0.5223,0.05289,TAGTGGTTATAGTAGG,N31K,1,2
0.5223,0.01374,TGACATAATACCACCA,S219E,1,2
0.5223,0.03711,TACATCCTCAGGAAAA,D348E,1,1
0.5222,0.01032,ACCATTTGTACACAAA,R321Q L367K,2,2
0.5219,0.0341,ACACCTTAATCAAAAT,,0,0
0.5218,0.01791,CATGACAATAATTAAG,I160F I267L,2,2
0.5217,0.01346,CAATACAGAACGTTAA,K453Q,1,1
0.5217,0.009924,TTATAAAATCACGCAC,T203E R220K,2,2
0.5217,0.006863,GAGCTTTCAATAATTC,,0,0
0.5215,0.005432,CCGAGCGCGCACATAT,D7F,1,1
0.5214,0.01903,ACCACGTCAACCATGC,P273T,1,1
0.5214,0.02934,TATCGTCACAAATACA,,0,0
0.5211,0.06399,AAACAAATAGCCCATC,D408E,1,1
0.5211,0.02133,ACACCCAGACCTATAA,L243F,1,1
0.5211,0.02133,ACCAATGCACAAACAG,,0,0
0.5211,0.06399,GAGATACCAACCTCCA,S262G,1,2
0.5211,0.002598,TTTATCCAAGATAGAT,,0,0
0.5209,0.00666,TTCAATTGGTCTCAGG,,0,0
0.5208,0.008246,GCAGCCCGTACTTTAC,S312Y,1,1
0.5206,0.006965,AAAGTGCGGCAAGTAT,,0,0
0.5202,0.008049,ATAATCTGCATTTAAG,,0,0
0.5201,0.04393,AAATTAAATATCTTCG,I274E,1,1
0.5201,0.005081,GAACCACAAAAAGTCT,R307Q,1,1
0.52,0.0248,ACAACCATATATAGAA,,0,0
0.5196,0.004274,TATGCATTTATAATAT,A106Q,1,1
0.5195,0.03098,CCTCTATCCAGTCTGG,,0,0
0.5194,0.02885,AACTAAATAACAACGA,,0,0
0.5193,0.00863,CCCAAAGTTTATCCTA,N6I,1,1
0.5192,0.0005817,TAAGAATCAGAGGGGG,,0,0
0.5191,0.003364,TCACGATTCGACATTC,,0,0
0.5191,0.01404,AGCGACTAATTACAAC,N285T,1,1
0.5191,0.009702,GCGATAACGCCACAAC,Q210G,1,1
0.519,0.02043,GAGATCCACATATGTC,,0,0
0.5189,0.01949,GTCCCAGCATTTCACT,R299G,1,1
0.5189,0.01783,AGCATAAGCATAAACT,,0,0
0.5188,0.05132,TACTAATATATCTCAT,G142W,1,1
0.5188,0.007207,TACACAATATTTTGAA,,0,0
0.5187,0.04574,AACTTATCCTAATGGA,,0,0
0.5186,0.01331,ATAAAAGAATATAGCA,K310T,1,1
0.5185,0.006786,CATACCTGCAACGAGA,,0,0
0.5179,0.007028,GCGTTCTATTCACTAG,F258W,1,1
0.5176,0.0202,TTAACCATAACAAGGC,,0,0
0.5176,0.02122,GGAACTAGAAATATCT,,0,0
0.5175,0.02658,GCACTTCCCAAAAGTA,,0,0
0.5174,0.01123,TCAAAACCCTACAAAT,,0,0
0.5173,0.007635,TCATAGTTGGGCTCAA,,0,0
0.5173,0.006121,CTTAAACCAGAGCTAC,G62D,1,1
0.5172,0.0159,TACAGCACATAGAATT,V347L,1,1
0.5171,0.01024,ATCAAACAATTAAATC,L439A,1,1
0.517,0.01961,CCACACGATTAGCACT,A373V,1,1
0.517,0.006641,TTTGAGATTACCCATT,,0,0
0.5168,0.0228,TTGTAGAAAATCATGG,K131Q,1,1
0.5168,0.02411,AAACCATACACATACA,R307Y,1,1
0.5166,0.01678,CAAGCCATGAGAATTA,,0,0
0.5165,0.02912,ACTACTCTTATCATTC,T388S,1,1
0.5164,0.005547,CCTATCTATCCATTAA,P55W,1,1
0.5162,0.008485,CCGCTAAAGACAATCT,D271A,1,1
0.5157,0.003486,TCTTCTGACCTCGTCC,N290S,1,1
0.5155,0.0115,CCACAATAACTAGGAC,Q327H,1,1
0.5155,0.003377,CAATTCCTTATCTTTC,I236M,1,2
0.5154,0.0173,CTACGTCCACAACAAC,R456H,1,1
0.5153,0.01804,ATGCTATATGGTAATT,S312H,1,1
0.5152,0.05655,TCCCTCTCAAACTATG,,0,1
0.5151,0.01162,CGCATACTATTCACTC,,0,0
0.515,0.01622,TGATCACCTTCTAGGA,,0,0
0.515,0.0006259,ATGTGGATAGCGCTTA,,0,0
0.515,0.002125,AAAATTACTTACAAAA,S143I,1,1
0.515,0.005477,ACATCTAACATTGAAA,D291W,1,1
0.5149,0.009913,AGCACTAAAGTAAAAC,P227A,1,1
0.5148,0.03802,CCTATGCACAAAATCA,I3S G263M,2,2
0.5148,0.01143,AAATACTATTCAATGT,S54E I502L,2,2
0.5147,0.06534,TACAACAAACTCAAAC,,0,0
0.5146,0.006658,CATATCACCCTGTGGT,S198E,1,1
0.5145,0.01918,GACACTTAATTGTGAC,D188K,1,1
0.5144,0.01441,ACAGTAATGCATAAAC,,0,0
0.5143,0.005442,AAAAATGAACCTTAAA,,0,0
0.5141,0.07737,TTTAACAAACCGCACT,E83S,1,1
0.514,0.002693,CATACTATTAAAAAAC,G479D,1,1
0.5139,0.0146,TAACACTGGGTATACA,K276Q,1,1
0.5137,0.0174,AAAAAAAATTGGTTCA,N45Q,1,1
0.5136,0.004159,CCGACAAGTTTCACCC,,0,0
0.5136,0.007968,GGCACTTATGAAAAAG,K292I,1,1
0.5135,0.006287,GATAGCTACACAATAC,,0,0
0.5134,0.007051,ATTAGCCGCTCTATAC,D32M,1,1
0.5134,0.002364,TTTCATTATGATCTAA,,0,0
0.5132,0.01159,ATCCGGTAACTCTTTG,R307C,1,1
0.5131,0.05959,GCGGAAACAAACTATG,N296C,1,2
0.5131,0.01986,ATTGATTCCAATGAAA,,0,0
0.5129,0.02817,ACTAATACCTCTAGAG,,0,0
0.5128,0.01845,CAAAAACGAGACCACA,R150A,1,1
0.5125,0.01007,TAAGCTGTCTTGAAGG,I418T,1,1
0.5125,0.0302,CAACGTGGTTTAATAC,E325P,1,1
0.5124,0.04845,CCGTCTTCAGAGTTAA,M462L,1,1
0.5124,0.04845,GCCATAACTTATGCTT,S54H,1,1
0.5124,0.005571,CTATCTCGCCATATCA,A304E,1,1
0.5122,0.006313,GAAAAGCAGGTTAGTC,P273H N475L,2,2
0.5122,0.06943,TGTAAATGTTAAATGT,H18F,1,1
0.5121,0.03254,AAAGAGTCCCCCACTT,S47C,1,1
0.5121,0.03254,TATATCAAACAAACGA,Q173I,1,1
0.512,0.004036,ACATAAATGGAGACCG,S54M,1,2
0.5119,0.01361,AAAGCGTAAATACCGT,,0,0
0.5115,0.02601,AAACCCGTCAATGATA,,0,0
0.5115,0.01455,AAAAGAAAACGACCTA,N497F,1,1
0.5115,0.009166,TAATAAGCTGCGCCTT,N285Y,1,1
0.5113,0.005124,GAAAATTTAGCAAAAC,S54E,1,1
0.511,0.0385,ACATAATACATATGTA,,0,0
0.5107,0.004339,CTTGCCTTCACCCACA,Q210H,1,2
0.5106,0.004901,TACCCAATCCTACCTA,L244M,1,1
0.5105,0.02663,CACCAAATATAGCTGT,,0,0
0.5105,0.02663,GGCCCGAATTTACTTA,N159G,1,1
0.5104,0.01013,CCAATCTGCGTGAGAA,E83S,1,1
0.5103,0.01494,TCTTAAGATAACCACT,,0,0
0.5103,0.004887,CCCACCGTACCCATGG,,0,0
0.5103,0.006969,CTTCGTAGACATACAA,N285L,1,1
0.5098,0.01976,CTCACCCAATAGATTT,,0,0
0.5096,0.01032,TACACCGAACAAACAA,T117V,1,1
0.5094,0.02254,CAACCTGAGAAGATCT,Q407E,1,1
0.5094,0.1037,GAAGTAAAGAACGCTA,,0,0
0.5093,0.006844,GTACACTCTACTTCTA,,0,0
0.5091,0.0145,AAATGTCCTAAGTCGT,,0,0
0.5091,0.01535,TAAAATACAGTGACCT,,0,0
0.509,0.02012,AAAGAGCACTTTAAAC,V213L,1,1
0.5088,0.02918,CGCCACTATAAAGGTA,D32P,1,1
0.5088,0.01594,ATAAATGTATTGAAGA,K2N,1,1
0.5087,0.03288,TAAATTCGACTCACAC,,0,0
0.5086,0.01954,TCATTAAGACTCCTCC,,0,0
0.5084,0.003559,ACATGTAAAGGCTCTG,,0,0
0.5083,0.0177,CATAAAATGTGCTAAA,S199M,1,1
0.5081,0.005931,AAAACCCTTATCCAAC,,0,0
0.5081,0.02225,AGTAGACCCATAAAAA,L111V,1,1
0.5081,0.06675,CTGGTTAACCCATATA,L157Y,1,1
0.5078,0.01579,GTGGTTAAGACCTTAA,,0,1
0.5077,0.02154,AAAATCCATTTTAAAG,,0,0
0.5077,0.02154,TCTAGCTAAGCGATCC,Q44D K472R,2,2
0.5077,0.001514,CTAAGAAAAATACCAT,D7K,1,1
0.5076,0.00962,TACCAATTAAAATAAC,G62D,1,1
0.5073,0.03389,AAAGACAACCAAGTAT,K121I N382K,2,2
0.5073,0.009354,TCGTATATAACAATCC,,0,0
0.5069,0.02025,CCATGCAACTCAACAC,,0,0
0.5069,0.06076,CGAAATTATATAATAT,K450N,1,1
0.5068,0.03227,ATCACAACTGAATGAA,,0,0
0.5066,0.003163,AATATCCTCCCACTTA,P273F,1,1
0.5064,0.01625,AAAATCAGTCACCCGA,,0,0
0.5063,0.005226,CACAGCAGGCACCCAA,I34L,1,1
0.5063,0.01027,ACAGCCTTCAAATGTC,R201M,1,1
0.5062,0.003469,AAAAAATTGAAAAAAA,Q407M,1,1
0.5062,0.02645,AAGCATCGGGAAAAAG,T117S,1,1
0.506,0.05575,CAACTCTTAAAATAAA,R307P,1,1
0.506,0.01691,CAGGAACGCCTGCCCT,,0,1
0.5059,0.01432,TGTTCAAAACTAGTAA,,0,0
0.5058,0.003455,CACGGCCCTAAAAGCC,H18V,1,1
0.5058,0.02946,GTGTTCTAATAATGGT,Q311L,1,1
0.5057,0.01809,ACCACCTCTGACAATC,K171Q,1,1
0.5056,0.005017,TGACTACATTAGACCC,G263I G386E,2,2
0.5055,0.0161,AAGTCACCATTGATAA,T301I,1,1
0.5053,0.03324,TAACCAAACCATGTGT,Q197D,1,1
0.5052,0.05151,AGCATAAGTAAATTGT,E449Q,1,1
0.5052,0.05151,AGTACATATCAAAAAT,I214F,1,1
0.5052,0.008341,CAATTTTAGGTAACCG,,0,0
0.5048,0.003121,AACCACCCCCAGTAGC,,0,0
0.5048,0.0119,TACCTGACCTAAGCCA,,0,0
0.5047,0.02288,AAAACAGAGTAAAGGG,D419N,1,1
0.5047,0.1144,GGACTAGACCGTAATC,E83N K278C,2,2
0.5047,0.006979,GTACTCATAAAAATTT,S219R,1,1
0.5047,0.009711,AAGGCGACATGTAAAA,D175G,1,1
0.5046,0.02606,AAAAATACTATGAGAA,N159H,1,1
0.5046,0.0147,ATTACCGTTATCCCAA,D101V,1,1
0.5045,0.04786,TAAAAAAAATGTTTGT,,0,0
0.5042,0.003013,GGATACCTTACTCGAA,,0,0
0.5041,0.01034,GATGTACCATTATGCA,K468T,1,1
0.5038,0.002502,TATGAACTATCAGCAG,S143V,1,1
0.5037,0.004559,TCATGGACCATACACA,P289G,1,1
0.5037,0.009741,ATACAAAGTTTCTGTG,,0,0
0.5034,0.09783,AAACTATTCATTAAAG,D7Q,1,1
0.5034,0.001306,GGCTCAAAGCCACACC,,0,0
0.5034,0.09783,TCCTAACAAACCTCTC,T328N,1,1
0.5034,0.006189,ACCGGAGGCCACCAAT,,0,0
0.5033,0.00127,ACGCAAGCTACAGTTC,,0,0
0.5032,0.003368,CAATATTCTACTGCTG,,0,0
0.5032,0.01902,AAAAAAGACTTTCAGC,N53M,1,1
0.5031,0.004475,GACAATCCGTCCTATG,S124V,1,1
0.503,0.01116,TCTGAATAATTAAATA,E396D,1,1
0.503,0.03948,TTTGTCGTTGCAACGA,,0,0
0.5028,0.01801,ATACAGTCAAAAATTA,P289L,1,1
0.5028,0.01416,TAAAAATATATAAGTA,N158P,1,2
0.5026,0.0373,CACTGATGTAGTACAG,S143P,1,1
0.5025,0.01359,TAAAGACATTGTGCTC,P324R,1,1
0.5024,0.08547,ATAGCTAACTAATCTA,P221T A476E,2,2
0.5023,0.001285,ATATACCCAATTGTAA,K121T,1,1
0.5022,0.02734,GAATGAAGACCAACTT,N45H,1,1
0.5019,0.01025,CTTGATTTAAATTACC,A373S,1,1
0.5019,0.0336,CTCACTCGATCGCCTT,,0,0
0.5018,0.04658,GTAATAAATTATCAAT,,0,0
0.5016,0.03201,CATTAAACAATAGAAA,A372V,1,1
0.5014,0.04358,AAAACAGGTGACGAAA,E390K,1,1
0.5013,0.008605,AGCAAATATGAAAATT,,0,0
0.5013,0.03056,CGCTGATAGCTAACGT,G479S,1,1
0.5011,0.01365,CCTTTTTACACACATA,,0,0
0.5007,0.009093,AAACCCTAACGCAGTA,D7S,1,1
0.5007,0.001953,CAGCTGCGCACCTGAC,I282T A372V,2,2
0.5006,0.008972,TTACCCACAAAAGACT,,0,0
0.5004,0.00852,AGTCAAAACATCTAAT,,0,0
0.5003,0.008415,AAATATAAATGAATCT,Q173F,1,1
0.5001,0.009922,AAACATTGACGTATCA,Q327T,1,2
0.4999,0.001773,CGCTTAAAGTTGAAAA,R383D,1,1
0.4996,0.007979,AAGTACTGACGGTTGC,E414V,1,1
0.4996,0.007979,TGTATATACACTCTCT,R405F,1,1
0.4995,0.01621,TTAAAATCATAAGCTA,S124D,1,1
0.4993,0.00197,ACCACCAATAGTAAAA,K387G E390G,2,2
0.4992,0.04536,AGTAATAGCCTAATAC,A196H,1,1
0.4992,0.04536,GTTTGAAACAAACAGA,,0,0
0.4991,0.004026,GACACAATGTAAAGCG,G142D N489G,2,2
0.4991,0.0118,CACCCAACCTATAGAA,R222Y,1,1
0.4987,0.006753,ATTGAACACACACCTT,P55Q,1,1
0.4985,0.01568,AAGGTATTGAGGATGG,V223W,1,1
0.4985,0.03576,ACCTGTACACAACTCG,N122L,1,2
0.4985,0.01533,ATCAGAAATAACACGA,I3H,1,1
0.4985,0.1073,CCAAAACCATAAGCCC,L428Q,1,1
0.4984,0.008155,TATTCTAAGAACATAA,S219L,1,1
0.4983,0.01435,TTAACTATGAATTCAA,S46F M462E,2,2
0.4982,0.0006731,AAGAGCAATAATATAA,,0,0
0.4981,0.01904,TAATGTTATACGCGCC,Q311W,1,1
0.4981,0.001735,GAGACGAGGTAATCTC,,0,0
0.498,0.003396,ATATCCTTGTGAGATT,T12I,1,1
0.4979,0.004609,ACAGCTTAACTCTTAC,K238I,1,1
0.4978,0.08145,GCAAAACCTTAACTGC,E344W,1,1
0.4977,0.01591,CTTGATATAAAAATCT,,0,0
0.4976,0.02513,GGTATCATAAAAAAGA,,0,0
0.4975,0.0727,ACCAAGATGCAAGTAA,P4D,1,1
0.4975,0.0727,CTACGTTTGTTAACCC,I48C,1,1
0.4975,0.0234,CGATAAACAAAAAAAT,S270T,1,1
0.4975,0.0234,TCGGTAAACTAGGTAA,V102I V297M,2,2
0.4974,0.002733,GCAGTGGCAACCCCTA,S262W,1,1
0.4974,0.02261,CATTATCTAAAAATAC,,0,0
0.4972,0.01176,GATCTAAGGAGGTTAA,V88L,1,2
0.4972,0.01938,AGACATATACCGATAC,,0,0
0.4971,0.001974,ATAAAATCACCATAGA,S358E,1,1
0.4971,0.05498,TCAGCAAAAAAAACGT,,0,0
0.4971,0.01833,ACCAAGATCTAAAACT,T128H,1,1
0.497,0.004655,AGTGCCATCACAACCA,N63M,1,1
0.4969,0.04729,CAACACTTAATCCTCT,A430K,1,2
0.4967,0.006088,AAGCTAACTACAACAG,P169W,1,1
0.4967,0.04149,CCTAATCAATAATGAA,S199P,1,2
0.4966,0.002955,TACCAAAAAAATCTAA,,0,0
0.4965,0.01129,CCTAACAAATAACTTG,,0,0
0.4965,0.03175,ATTGAAGGCATTAAAA,,0,0
0.4964,0.03033,CGTTGAAAATTTTCAG,,0,0
0.4964,0.001582,CGAGCATGCACAAACA,S228T,1,1
0.4964,0.02903,CTCCCCTTCATCTAAA,,0,0
0.4963,0.02783,AACTATCACCTTTTAA,,0,0
0.4963,0.008796,CCAGTTTCAATAGAAA,Q211W,1,1
0.4963,0.02572,GCGGATTAAATTTAAG,E325L,1,1
0.4963,0.003655,AAAAGCCCACTTCTCA,S198T,1,1
0.4962,0.02232,CCTTTGATACAAATGC,,0,0
0.4961,0.02031,CGCCCTCCTGGATCTG,D85W,1,1
0.4959,0.0116,TATACGAAAAATATAA,S205M,1,1
0.4955,0.003829,GCATAAGCCTCACCAA,A106C,1,1
0.4955,0.004986,CACACGGGCATTTCTG,R482T,1,1
0.4954,0.008384,CCCGAAACATACCGGT,Q407V,1,1
0.4953,0.01215,GGTGACCGTAACAAAC,,0,0
0.4953,0.01215,TTTGGAAATAATAATG,N290V,1,1
0.4952,0.01418,ACACTGAGCATAAACG,,0,0
0.4951,0.01844,AGCCTTCGCTCATACC,,0,0
0.4948,0.02855,ATACATGACACAATGG,F120W A304Q,2,2
0.4948,0.03118,CCGTACCATATCCTAC,,0,0
0.4947,0.007161,ATAAAATATTCACACT,,0,0
0.4946,0.03618,TATAACGCATTAATGA,G404E,1,1
0.4946,0.001826,TGCTTTTTGCTATCAC,E401W,1,1
0.4946,0.002327,CAACTAGTGATTAGTG,,0,0
0.4942,0.05328,GCACCAACAAAGGTGT,V309L,1,1
0.4941,0.01137,AATCACTCGCTTCATC,,0,0
0.4939,0.01289,TCCCATAATCAAGAAA,,0,0
0.4936,0.006929,ACTCATTGCTGAAGAC,G5I,1,1
0.4934,0.02697,CATCTCCTTAACCTTC,,0,0
0.4934,0.009111,CAGACAAACTCAATGT,,0,0
0.4933,0.01758,ACAGGCACCATCCAAA,L244A,1,1
0.4931,0.0133,GACGGGAGACTATGTC,D291E,1,1
0.493,0.03208,CAAAATCTAATGACTA,R220T,1,1
0.4929,0.03368,AATCATCTCACAATAC,L439V,1,1
0.4929,0.101,TCCGTACAACGTTAAA,E35D,1,1
0.4928,0.002695,TCAAGCTACTCTTCAT,S209L,1,1
0.4928,0.01182,ATATAGCAGTCACTAG,,0,0
0.4927,0.01203,TTATAACACGGGAACT,A106K,1,1
0.4924,0.01697,GACTAACCAACATATG,,0,0
0.4922,0.01835,ATTTCTTCAGCCCACA,N94M,1,1
0.4921,0.004214,TCACGAATCCAACTCG,,0,0
0.4921,0.007704,CCATTCCCCACATTTA,I51F V406I,2,2
0.4921,0.01886,ATCTCGATTAAATACC,,0,0
0.4921,0.002241,ATTTGCAACGCTAGTC,,0,0
0.492,0.01495,ATAATGTATGTGAATT,G129S,1,1
0.492,0.01238,ATGAAGAAACGTCTTA,,0,0
0.4919,0.02764,CTTGAGTTTAGTAACC,,0,0
0.4919,0.01073,TACTTAACATAAAATA,S231T,1,1
0.4918,0.009471,GGATCAACCATTTTTG,I282S,1,1
0.4918,0.04803,TTCCAAACAAGCAGCC,G263P,1,1
0.4916,0.01146,ATCCCGGCATAACATT,,0,0
0.4916,0.0301,TAATCAGAACTGCCTA,,0,1
0.4916,0.003687,AGCCTGCCGCGGTAAC,,0,0
0.4913,0.007723,TTAAAAATGTACGCAT,I236K,1,1
0.4912,0.001367,GATGCCTATGGTACTA,S262I,1,1
0.4911,0.01866,ATCCACATAAACGGCA,K503L,1,1
0.491,0.01326,AACCAAGCACAAAATT,K417R,1,1
0.491,0.03473,CCTTTTGATTACCTAA,P273E,1,1
0.4909,0.01975,ATCATACTGTAGACTA,,0,0
0.4907,0.006781,CTGACTCATCAACAAC,,0,0
0.4907,0.06102,CTAGTATCCAACCATT,V20I,1,3
0.4906,0.01706,ACCAAGCCACCTCTAA,Q44I,1,1
0.4905,0.001779,CTTAAATAACACAGAT,S46G,1,1
0.4905,0.0272,TAGTCGGGCCCCGCTA,A476N,1,2
0.4903,0.02834,CGTCAATACGCAACTT,A430H,1,2
0.4902,0.01191,GCAAAACACCCATAAT,,0,0
0.4901,0.02312,CCAAAGCCATTTAAAC,S209V,1,1
0.4899,0.01953,AAACACATATACTAAA,,0,0
0.4898,0.04371,AGTGAATCGCGACTGT,,0,0
0.4898,0.01457,GAATGTATTTCTTAAG,R255Q,1,1
0.4898,0.008743,TAATATTCTGCCAAAC,,0,0
0.4894,0.04673,AAGTCCAAACCAATCA,S107R,1,1
0.4892,0.003674,ATATTCTTTTAGAGCA,S219A,1,1
0.4892,0.01594,AGATAAAATCGTATAA,N126W,1,2
0.4891,0.003154,TATGCACACCTATTGG,Q211I,1,1
0.489,0.009171,GAATAATCAACCCCCT,D291C,1,1
0.489,0.004228,GTTACTCCATTCACAT,F174V,1,1
0.4889,0.08366,TTACTACTAGGCTACA,T301H,1,1
0.4889,0.0502,AATCCGAATACTAAGT,A93G,1,2
0.4889,0.02282,GTAACGACAAGCTATT,Q311V,1,1
0.4889,0.009297,GTGAATAACCTCTCAG,D85N K278C,2,2
0.4886,0.006413,AAATAGTATTTCCATT,D32N K503T,2,2
0.4885,0.001376,CCCAAAATAACCGTTC,Y470W,1,1
0.4884,0.0158,GCAATACATCAAAAAA,,0,1
0.4883,0.02112,ACATGTAAATGAGATT,,0,0
0.4882,0.006135,CTGCAATCAACACTGT,,0,0
0.4882,0.01464,CAATTACCGTTCCCTC,V406I,1,1
0.4881,0.04011,GCGATAAAAATTTTAA,K238Q,1,1
0.4881,0.006005,TGGTAAAAATTTGTGG,D271E,1,1
0.488,0.09547,AGAAACATGAAATTGA,D101N,1,1
0.488,0.01909,AGAAGAATTCTGCTAC,,0,0
0.4879,0.004178,TACCAGTAAGTCGAAG,,0,0
0.4879,0.009325,AAAAATTTCAAAAACT,,0,0
0.4877,0.01965,ACATAAAGACCAAACC,I58V,1,1
0.4875,0.008178,CACGATAGAGCCTTGC,G479D,1,1
0.4874,0.009275,ACTCCCAATGATAGCT,A93I,1,1
0.4873,0.01642,AAAATAATCCGGGATC,I288V,1,1
0.4873,0.01837,GACATTTACAGAAAAA,G49K,1,1
0.4872,0.03513,GACAAACCCTTAAGGA,,0,0
0.487,0.005269,ACTACTCTAAAATTCC,,0,0
0.487,0.02152,CATAAAATGAAGAATG,N158G,1,1
0.487,0.06457,TATGGAACTACAACGA,,0,0
0.4869,0.001615,TACCAAAAATGGGTTT,Q327P,1,1
0.4867,0.03705,CGGAAATAAACAAGTA,G129S,1,1
0.4867,0.1112,GCCCTTTTGTCACTCT,A317C,1,2
0.4866,0.01771,ACCCTATTAAAAACTA,V297M,1,1
0.4866,0.01471,GAGTTTGTCACTCCAA,,0,0
0.4865,0.0073,AAATATTTCTCACCCA,,0,0
0.4864,0.02299,AGAAGCGTCATATCTT,S247W,1,2
0.4864,0.002951,CCTTTAAAAGTTAGCC,,0,0
0.4862,0.004807,CAAATCAATCTAAATA,P289E,1,1
0.4861,0.0238,ACTAAAGGACGAATTC,,0,0
0.4861,0.07139,CTATTTTCCGCCCGCC,,0,0
0.4861,0.01428,TCTCAATATGGAAATA,Q210N,1,1
0.486,0.01708,TTAAGTAATTAATATC,T40R,1,1
0.486,0.03276,GATGGAATTCTCACAC,,0,0
0.4858,0.02814,ATCTTAAGAACCTGCT,T187A,1,1
0.4857,0.01129,GCACCAAGTGAAACAC,T328Y,1,1
0.4855,0.01148,CCAACAATCTCCCAGG,Y302W,1,1
0.4852,0.01559,CTCAGGCAACGAACAA,N489L,1,1
0.4852,0.01263,CGATTCTAGACAGTTT,D461Y K503R,2,2
0.485,0.05701,AAATAGCCGTCCGAGT,,0,0
0.485,0.021,GTCCTAAACGCAGTCA,S9N H393G G404S,3,3
0.485,0.01287,CCTACTGCACAATTTA,L409F,1,1
0.485,0.07981,GTCAAAGGCAAAGCTC,D186N,1,1
0.4846,0.001972,AGGATGTTATTTAATA,,0,0
0.4844,0.03833,CCGAAGCAGACCTGTA,K503Q,1,1
0.4842,0.009491,ATGGTAAAACAGTAAA,,0,0
0.4842,0.00379,CGACGATAGATAAACG,,0,0
0.4839,0.0162,GATAGCTTACAATCAA,G61A,1,1
0.4839,0.02316,TAATCGATCAGCAACG,A272D E443L,2,2
0.4837,0.0262,AAAAGCAAAACAACAC,,0,0
0.4837,0.003213,CTCTATATTGGAATAA,,0,0
0.4837,0.01355,ACAATCGCCCTGATAG,T37I,1,1
0.4837,0.01659,AAAACATAAAGCGAAA,D291R,1,1
0.4836,0.007137,GTTTTCCCTAATATTC,,0,0
0.4831,0.0007633,AATGTCACCAATTAAA,Q501S,1,1
0.483,0.007079,AATCATTTACCGAAAC,,0,0
0.4829,0.04323,TCTTCTCCGTAGTTCT,K417A,1,1
0.4829,0.04323,TTCATCCACGAAAGAC,,0,0
0.4827,0.0103,GCTTACACTGTAAACT,,0,1
0.4826,0.02115,TATTTGACCATACCGA,I236T,1,1
0.4826,0.006497,CACCAAATCACTTTAC,K259Q,1,1
0.4823,0.005018,ACTAAATCATTCAATT,,0,0
0.4823,0.03312,CTACATCAATATTATT,D474E,1,2
0.4822,0.02965,ACTCAAAAAAACCAAC,,0,0
0.4819,0.004706,TTACATCCCAAAATTT,,0,0
0.4818,0.01097,ACGTACTTAATTTCAA,S209G,1,1
0.4818,0.00673,ATTGCAGATTGTTGTC,K326F,1,1
0.4817,0.0121,ACTACCGACCAACCGC,,0,0
0.4817,0.03482,GCTTAATAGGTTAAAA,A93Y,1,1
0.4814,0.01181,TTCAATATCAAGTAAG,I3G N285K,2,2
0.4814,0.0763,GGCTGGTTTAGTTGCT,I202T,1,1
0.4814,0.0109,TAATATAACAAACGCC,K264Q,1,1
0.4813,0.008232,TTTCTAAAGAGTTTCA,,0,0
0.4813,0.02334,AGAGTCTATAAAAATA,R482W,1,1
0.4813,0.01377,CGAGATTAATACGGAC,G504M,1,2
0.4812,0.002438,TTGAACAAGCTAGAAG,,0,0
0.4812,0.01314,ACAATCCGACCAAGAC,,0,0
0.4812,0.01202,TTTTTAACATTGCTCA,H56S,1,1
0.481,0.005781,ACGGTCTATCACACCA,K238L,1,1
0.4809,0.005665,ACACGCAAATTTATTC,,0,0
0.4809,0.006981,GCCCCGTAAAACCAGT,S266L,1,1
0.4809,0.003857,ATCCCTGGTCAAGTAC,,0,0
0.4808,0.02417,AAAGCAAGCCTTTTTT,T187N,1,1
0.4807,0.003515,ATCATAGATACATATG,E280I,1,1
0.4807,0.01694,TTAAGCTCAGCGCCAA,A212S,1,1
0.4804,0.01037,GGCCCACACATGTGAT,N382F,1,1
0.4804,0.00411,CGAAAAGACGGCATAA,,0,0
0.4804,0.01329,AATTTCTATAGTGTCA,V323M,1,1
0.4803,0.003029,CTAGTTTATACTATCC,Q132V,1,1
0.4803,0.01737,TAAAAAGATCTAGCAC,P4C,1,2
0.4802,0.02507,CTGATTAATCCCAGCG,N357S,1,1
0.4802,0.02507,TATTACTGGATCCATA,K417M,1,1
0.4802,0.0275,TTTCAAATTTGACAGT,S47Q,1,1
0.4802,0.003385,AGCTGCATTAATCGCA,,0,0
0.4801,0.03413,ACTGTTAAATAAATAC,G404H,1,1
0.48,0.01356,TTATAAAAATGAAGGG,,0,0
0.48,0.015,CTATAAACACCACAAA,S107G,1,2
0.4799,0.01677,TATTAAATTGTGGGAC,Q210S G218C,2,2
0.4799,0.05349,AACAGGCCCCGGATGA,,0,0
0.4799,0.05349,GATGCTTTCATCCTGT,I236V,1,1
0.4798,0.01207,TCCATCCGCATTTTAA,K238Q,1,1
0.4798,0.0204,CTAATAAGTACACTAA,Q501E,1,1
0.4798,0.009423,ACCATATGGCTTACCT,,0,0
0.4797,0.01384,ATCCAAATACATCACC,E484R,1,1
0.4796,0.02603,CCGCTATGTGATATAA,R255Y,1,1
0.4795,0.0172,CACAACTTGAAGCAAC,L70M,1,1
0.4793,0.01487,ATCGAGAACATGTACG,R33S Q211Y,2,3
0.4793,0.02104,TCCTGAGCTCTAAAAC,D291L,1,1
0.4793,0.008378,CTGGGTAATAAATATC,P21M,1,2
0.4788,0.006479,GAAAACTTTAAAAAGA,S198M,1,1
0.4788,0.01401,TAGGCGTAACAAAAGA,W234A,1,1
0.4787,0.02351,GAGCTTCTCCATCATT,E35Y,1,1
0.4786,0.03348,TACATCTCAATACACA,S46R,1,1
0.4786,0.05808,AACAAACATTAACACA,,0,0
0.4785,0.01362,ATTCTTTAAGCTCCGT,I274V,1,1
0.4784,0.02078,CCTTCGTGTGTATTCT,Q80N,1,2
0.4784,0.006517,GTACTTGTCCTCACAA,P169A,1,1
0.4782,0.003302,TGCAAAGAAAAGGTAA,,0,0
0.4782,0.01067,CTACACGAGTACTTGT,K50N,1,1
0.4779,0.01351,AGGCTGAGTCCCTACG,,0,0
0.4779,0.002827,AACACCTTGATACAGT,,0,0
0.4778,0.02665,AAATTTTTAAAACTCA,E449C,1,1
0.4775,0.001291,GAACTCAGGCATTACC,,0,0
0.4774,0.02527,TTCACTCCATTAAATT,S231L,1,1
0.4772,0.003398,CCCAAAGTAGCAACTT,R482W,1,1
0.4772,0.01095,AAGACAACAACTACCC,,0,0
0.4771,0.01305,AACAAAATATGGACAG,,0,0
0.477,0.01481,AAGTATGAGAACCCCT,K310F,1,1
0.477,0.02402,CGCCATCTATACCATA,S54M,1,1
0.4769,0.02118,CTAAACAATAGATAAT,,0,0
0.4769,0.01271,CTGAGAAACCGCCGGT,K238A,1,2
0.4768,0.04689,ATATATGGTCCCTTTA,K276Q,1,1
0.4767,0.03076,AAAAAAAGAGCTTAAA,,0,0
0.4767,0.03076,CCATCATTCCCACAAC,T318C,1,1
0.4767,0.00155,GGAATCACCAGGAGCA,Q1G,1,1
0.4767,0.008751,ACAACCTAGTCAATCA,P55Q,1,1
0.4767,0.02289,GCATTCTTATCTAACA,S209I,1,1
0.4766,0.01514,TCATTAAGTTCAAGAA,K50H E172A,2,2
0.4766,0.01131,AACACTATTATCATCA,E83P G386E,2,3
0.4764,0.0008396,AGAGCCACCAATAACA,G129M,1,1
0.4764,0.01757,AACACATACTTAGCAC,,0,0
0.4763,0.02186,ACTTAAGATCTTATAT,S107Q,1,1
0.4763,0.02894,GGATTATAAATCTCTT,,0,0
0.4763,0.03452,ATCTCTGTTAGAGCTA,I274W,1,1
0.4761,0.01873,CTCACACTAGCTGAAC,,0,0
0.476,0.01385,AGGTGCACGGTTCTCA,N81E,1,1
0.476,0.01501,GGAGAGATTAAAACAC,,0,0
0.476,0.01501,TTAACAAGCTTTCCCA,E449Q,1,1
0.4758,0.03223,AAAAGACTATTCCCAA,,0,0
0.4758,0.02006,TTCCAATTTAAACTAT,V406F,1,1
0.4755,0.01535,CCGGATCCTCCTGACA,,0,0
0.4754,0.03023,AATATCGCAAAAATCA,,0,0
0.4754,0.01163,GTAACAAGGAATTAAA,E119K,1,1
0.4748,0.03384,GCTAACACGCCAAATA,,0,0
0.4747,0.01476,CGGCAGGGCATCATCC,,0,0
0.4747,0.004277,AGCTTACAGCAGAAAA,,0,1
0.4745,0.01258,TCAATTTTTAAATTAT,K368G,1,1
0.4744,0.006248,AACTACGAAATTAAGA,,0,0
0.4744,0.009569,TACAAATGCACTTATC,P55I,1,1
0.4743,0.06129,GACCCAAAATGACAAA,S262E,1,1
0.4741,0.01072,ACCACTAGCCATGTTA,K238Q,1,1
0.4741,0.01463,ATCTACAATCTAGCCA,,0,1
0.474,0.03844,CGATATAAGATGCTCT,E280I,1,1
0.4738,0.05443,AGGCTACTATGTTCAT,N290V,1,1
0.4735,0.005954,ACACGCATGTTACGTC,R405E,1,1
0.4735,0.02019,TGTGCTTGACGGACCC,D175E,1,1
0.4734,0.0124,CGATAAATCTATCGTT,Q356I,1,1
0.4734,0.006159,ATTAAAAGCTGGACCC,,0,0
0.4733,0.0008947,AACCTTAATTTGAAAT,,0,0
0.4732,0.0118,AATACCCTCCATAAAC,,0,0
0.4732,0.09322,ATCACAAATGTAAACA,,0,0
0.4732,0.003454,GAAATTGGGTGTTTAC,,0,0
0.4732,0.03107,ATCCAGCCCATTTTAT,,0,1
0.4732,0.01865,GACGACGGATAATATA,S114V,1,1
0.4732,0.01152,CCTAATAGTACCCACT,F79M,1,1
0.4731,0.007471,ACCACATAGATATCAA,R405W,1,1
0.4731,0.005593,ACGCAAGCAACTTCGT,,0,0
0.473,0.02921,ACAGTATTACATAACT,G275W,1,1
0.473,0.02921,GATGTCGCCCTTGAAC,,0,0
0.4729,0.01075,ATAACCTTATGTCTTA,,0,0
0.4728,0.02756,ATAGTTAAGATAGCCT,,0,0
0.4727,0.04076,TGAATAAAAGATCAAG,R482W,1,1
0.4726,0.07823,TGACCCATAATATGTA,Q311S,1,1
0.4724,0.004901,ACCAGAACTTACTGTA,S46A,1,1
0.4724,0.01222,ATTCACCATCTAGGAA,D85N,1,1
0.4724,0.001633,TAGTTAAAGTACAATA,,0,0
0.4721,0.01602,CACATTCACATCAAAT,D7E,1,1
0.4721,0.01602,GAATACCAAACAATAC,K417N,1,1
0.4721,0.01277,TGTTCGTGATATATTA,,0,0
0.4719,0.002952,GGAGGCAACCTCTACG,Q75E,1,1
0.4719,0.009768,AGCAACTATAACGCCC,K315A,1,1
0.4716,0.007314,GAATCCATCTACATTT,N290L,1,1
0.4716,0.01268,ACAAAAATAGGTGGTA,,0,1
0.4714,0.02324,AGGGTCAACGCTATTA,T485S,1,1
0.4714,0.01537,GTACACTTCCATTGAT,Q173K,1,2
0.4712,0.01027,CTCACTTACTATGAAA,I252L,1,1
0.4711,0.007965,TATTCAGAACACATAA,,0,0
0.471,0.01742,TAGCCAGACCCGTTGT,Q356E,1,1
0.471,0.01742,TTAAATCAAAACAACC,S480A,1,1
0.4707,0.02826,TCAGAGAAATCTCAAT,,0,0
0.4707,0.006915,TAACTAGTTTACTTCA,V490D,1,1
0.4705,0.0116,AATGTCCAAAACAACT,S358D,1,1
0.4704,0.02009,ACGTACGACACTTGAT,I242K,1,1
0.4704,0.02009,ATCTTCTGAATCATAC,N126Y,1,1
0.4704,0.01929,CCATCATCAAACCAGA,N53Y,1,1
0.4703,0.01856,TGAACTGCTCACAACT,N483L,1,1
0.4703,0.01788,TTTATTTATATATTAA,L427V,1,1
0.4703,0.01724,ACATTATTATGCTTTC,,0,0
0.4703,0.01665,TATAACCTTGAAACCA,Q1N,1,1
0.4696,0.01908,TTAGAAAATGAAAATT,Q211S,1,1
0.4696,0.03893,AAAATGTCTGTATTTC,G142W,1,1
0.4696,0.0278,AATTGTCCACGAATAA,K189F,1,1
0.4696,0.01024,AGCGCTGCGCGTTCCG,R269L R329K,2,2
0.4696,0.03139,CGTAGCCACATCCTAC,,0,0
0.4696,0.03356,CTACGCAATAAGTTAT,L154I,1,1
0.4696,0.006199,TACAAATCACTATTTA,P239E,1,1
0.4696,0.04634,AACAAAAATCCAACAT,T328G,1,1
0.4696,0.08847,CAAAGTTCTAAACGAT,E119S,1,1
0.4696,0.008929,GACAATTGATCAAGAC,N94F,1,1
0.4696,0.02071,GGGTACTAGCAGATAC,,0,0
0.4696,0.08847,TCACACGCTATAAGCA,,0,0
0.4691,0.01399,ATGCATTTGAAAACAA,F79K,1,2
0.469,0.01484,GCCATTCAAGCAAAAA,R201Q,1,1
0.469,0.008239,CATGCTCCATAAGCAA,A106S,1,1
0.469,0.004209,AAATTAACAGGTTTAT,D101E I230M,2,2
0.469,0.01691,AAAGGATGGACACGGA,,0,0
0.469,0.01691,TACCACAACACAAAAA,P4K,1,1
0.4685,0.005536,GGAATCTTACAATAAG,S124R,1,1
0.4683,0.004844,GGTATAACAGATAGTT,D188I,1,1
0.4683,0.008748,TATGACAACGATTAGC,E119N,1,1
0.4682,0.006146,TACATATCCTTGCCGT,D415E,1,1
0.4682,0.01237,TATATATTTTGAAAAT,,0,0
0.4682,0.0007502,TTAAAGCCCTTCAAAG,E449A,1,1
0.4681,0.006649,GTATCGAAAATAAAAA,D85V,1,1
0.468,0.0413,GGAGCTACAGAAATAT,I282V,1,1
0.4679,0.0109,TTAGAGTTAAGGACAG,,0,0
0.4679,0.02206,TGCCCCCTCGATAACT,,0,0
0.4678,0.01553,TTGCCATCGTTAGTGA,,0,0
0.4677,0.04975,ACCGGCCGTTAAACAA,,0,0
0.4677,0.003594,TCCCTTAGGAAGTTAC,N94F,1,1
0.4676,0.005724,AAGGTCTTAAGGAATG,R150K,1,1
0.4676,0.0106,CACCCCAACAGCCAAG,,0,0
0.4676,0.0178,ACCATATATAAACACG,N489S,1,1
0.4675,0.005511,CTCTGGCAGAATAAAG,P55H Q197R,2,2
0.4672,0.01251,GGCCCATACTCACAAC,,0,0
0.4672,0.00524,GAAATAAACATTAGAT,N45T,1,1
0.4669,0.01394,CCTCGACCAATCATAC,V223K,1,1
0.4663,0.00717,TTTTAATGCACTAGGA,L111H,1,1
0.4663,0.01087,CTCCAATAAGTTGAAA,N489F,1,1
0.4661,0.01299,TATAACAGATCACCTA,D32T D415N,2,3
0.4659,0.03171,GATAATATAGCAACAT,,0,0
0.4659,0.004813,ATTATGGAGTTCCCCA,,0,0
0.4657,0.1018,ACATTATTTAAATTTT,N81S D408W,2,2
0.4657,0.1018,TACATTAAACTTATTG,I214Q,1,1
0.4656,0.01726,CTTTGTAGTCATTCGC,N382E,1,1
0.4656,0.003478,GAAATCAAATCAGTGC,S358L,1,1
0.4656,0.00871,AATCTAAAATCGATCA,N122H,1,2
0.4653,0.01597,ATGCAAGACTTGGAGT,N445V,1,1
0.4652,0.005505,CAAGATATACTTTCCA,E280R,1,1
0.465,0.01486,TAGCCAATTGCAACAG,,0,0
0.465,0.06036,TACGACGAGTGAAAAC,,0,0
0.465,0.06036,TTAGAAACGAAAACCT,S96N,1,1
0.4649,0.01533,GTTTACACTCAGCACT,I214R E414K,2,2
0.4647,0.01061,AATCAACTACAATTGC,,0,0
0.4647,0.02574,CACATGTTTACTTATA,,0,0
0.4643,0.009845,ACTCTATAGAAACCGA,G479E,1,1
0.4643,0.003015,TCCATTTAGGCGACAA,E35S,1,1
0.4639,0.007361,TCTCTATAAATCATAG,,0,0
0.4638,0.01676,TTCTAAATAGCGCAGT,,0,0
0.4638,0.007999,GAATTTGACTTACCAC,,0,0
0.4637,0.0306,AACTTTTTATTCTAAA,L157G,1,1
0.4636,0.001591,CAACCACAACATGATA,P289F,1,1
0.4635,0.01212,ACTAAAAATCATGACA,I385T S400V,2,2
0.4634,0.08027,ACTCATATTGGATCCT,T328F,1,1
0.4634,0.08027,ATCTAATTGGTAGTCA,K411R,1,1
0.4634,0.002604,TTACCCAAAGTAGCTA,,0,0
0.4633,0.03265,TATTTTGAAGACTGTC,R307I,1,1
0.4632,0.008716,GAAAACAAGAACCTGT,,0,0
0.4632,0.01396,GCCAATATATAAAATA,P103M,1,1
0.4631,0.0154,AACTTTTTTCAGGATG,,0,1
0.4629,0.003463,ACGATTCTAGTACAAA,R33F G404E,2,2
0.4629,0.035,AAAATAGTGGATCGAC,Q57W R269V,2,2
0.4627,0.03007,TATACAGCCCTAAGTT,,0,0
0.4626,0.01645,AAATACAAAAAGAAGT,K276S,1,1
0.4626,0.013,TACAATCGATGCAGAT,G404E,1,1
0.4624,0.02345,TCTATTTCACGTCGAG,N81K,1,1
0.4623,0.007543,AACAGCTCCAGAGTGG,N382Q,1,1
0.4623,0.005591,TACCAGTATTAATCAA,D291K,1,1
0.4621,0.01217,TACTCCACATGAAGTC,E344D,1,1
0.4621,0.02786,CCAATAAACTCATATA,G129R,1,1
0.462,0.01039,CGCAATAATTCTAGAA,K171E,1,1
0.462,0.009908,GTGAAAATAACCAGCG,,0,0
0.462,0.06627,TATTAAAAAGAAACAG,K503V,1,1
0.4618,0.01686,GAACACTCTCCCACAT,L381T G386S,2,2
0.4617,0.002002,ATCCATTATATGCCGT,S205N,1,1
0.4615,0.01239,TCATAAATACGCTAAC,L59V,1,1
0.4615,0.0111,TCTCTAGTTTCACCGA,R269E,1,1
0.4611,0.009997,TTATTTATCTAATCAC,,0,0
0.4611,0.004403,ATCCATAAAAGTTATA,,0,0
0.4609,0.00501,TCTTTGGAGAACATCA,N94F,1,1
0.4609,0.05643,AGGTTGAATACTGAAG,,0,0
0.4607,0.07672,TAGTTCTAACAAGAAT,T301I,1,1
0.4607,0.003115,ATTGCCTAACACCCTA,V166T,1,1
0.4607,0.01155,ATGATATTCCAGAATA,,0,0
0.4607,0.01155,GAAGCACAAACTTTTA,N285K,1,1
0.4606,0.00517,CCCCTACGCCACGAAC,,0,0
0.4605,0.009446,TCCCAACAATTGTTAC,S47G,1,1
0.4605,0.02154,AAAGTTAAAAGAAAGC,S149L M268I,2,2
0.4604,0.01712,ACAAAAAAGAAAGACA,,0,0
0.4604,0.01712,CGCCATACCACAAAGA,,0,0
0.4604,0.03994,TGATACTTCAAATAAA,L367K,1,1
0.4603,0.009633,TTAAAAATGAAGTAGA,N298D,1,1
0.4602,0.01521,ACCTGCAAACAACAAT,K453H,1,1
0.4601,0.04913,CAATTTCCAACTCAAG,,0,0
0.4601,0.01369,AGTGTCCATATAAAAC,N126L,1,1
0.46,0.004876,CGTAAAGCAACGTAAC,A93F,1,1
0.4599,0.01935,ATGTTCTGCCAGTGTC,K278L,1,1
0.4599,0.03614,CAAAGACCATTATGTT,R201I,1,1
0.4598,0.02128,AAATATCCGCTAAGAG,A372R,1,2
0.4596,0.002243,CCGCGGTAAACATAAG,,0,0
0.4594,0.01556,TGAATGATCCGTTAAT,R222H,1,1
0.4594,0.02658,ACATTTCCTACCAGAC,Q57A,1,1
0.4592,0.0104,CAGGACTACAAAGGAT,,0,0
0.4591,0.09108,AACTAAAACCTAGTTA,E414W,1,1
0.4591,0.09108,ACAAGAGAACAGCATT,E426F,1,1
0.4591,0.02484,ATAAGCGTTTACAAAT,S9T,1,1
0.4591,0.09108,TAAACGAGCTTTGTAA,,0,0
0.459,0.005284,AAGAATTTTATCAATA,A196S,1,1
0.459,0.004522,CCCTACCTTCTCCAAT,L66F,1,1
0.4589,0.00462,TAGAGAATTTCACAAA,T318M,1,1
0.4587,0.0354,AAAGAATATTACGCAA,S114V,1,1
0.4587,0.0354,CCACGATATGGTTAAT,,0,0
0.4587,0.01292,TAACGTTGCCCAGACC,L71I,1,1
0.4586,0.02197,GTCAGGACATTAGGCT,Q1E,1,1
0.4586,0.04778,GTCCGGACCAAAAACT,,0,0
0.4585,0.001723,ACAACAACATGCGTTT,G78A,1,1
0.4582,0.01137,AAGACTCAAAAAAGAA,S312P,1,1
0.4582,0.04244,TGCACCGTTACGTCCA,K278R,1,1
0.458,0.01073,CCGTTAATTCAACTAA,N190D,1,1
0.4578,0.002979,GCTTACGCTCCTGCGG,S124T,1,1
0.4577,0.02052,TCAAATGTCCCGTTAA,,0,0
0.4577,0.002069,TAGCGAATGTCACGCA,,0,0
0.4575,0.006175,GAGGTACGGGACTCGA,,0,0
0.4572,0.02143,ACGTATTGAATGTAAT,,0,0
0.4571,0.008513,AAGATCGGAAACGTAG,P4S,1,1
0.457,0.02723,GAACTTAAATTTACAA,Y161S,1,1
0.4569,0.01833,CCGGTAACCGGTCTTG,D7K,1,1
0.4568,0.04143,GCGTAAAAGGATGCAC,G62R,1,1
0.4566,0.002936,AACCAAGAGAGTAGCC,T313H,1,1
0.4566,0.00328,TTCTGCACCAGATATC,,0,0
0.4565,0.03401,ATTAAAGATCCTATCT,,0,0
0.4565,0.01134,TTCAAAGGCGGCCAAA,P169F,1,1
0.456,0.003116,CACAAAAAAGTGTTCG,L70V,1,1
0.456,0.07048,CGGCGTACCTCTTTAA,R201H,1,1
0.4558,0.01884,ACTGCGATCACCTTTA,M168V,1,1
0.4557,0.009279,CCCACACGAATCTGTA,,0,0
0.4555,0.03657,ACTGTACAACTCAGAT,R208N,1,1
0.4555,0.03336,AGTAGATAGGTGAGTA,K315Q,1,1
0.4554,0.0264,CATTCATGTAAATAAA,D461E,1,1
0.4553,0.02185,AATTCACATTACAGTC,N63Q,1,1
0.4552,0.01338,GACGGTGTCACACATA,R141Y,1,1
0.4552,0.0125,GAAACAACATCTTAAT,,0,0
0.4547,0.01484,CACAAAGACCATAGAG,N497F,1,1
0.4547,0.001067,CCATAACATCTAAACA,,0,0
0.4546,0.02158,CTACCGGTTAACATAG,S91M,1,1
0.4546,0.02288,GCATACACCGTATGCC,K310T,1,1
0.4545,0.01091,GAATAATAGAATATAA,S279N K503H,2,2
0.4543,0.008627,ATTCATTAAAGCACGC,,0,0
0.4543,0.04413,ATAAACTCACCTACTC,Q407A,1,1
0.4543,0.04413,CCAGATCGCCAATTGC,E325P,1,1
0.4543,0.04413,CTAATCAGCATTAAAA,,0,0
0.4542,0.01026,AAAACACACAGCAAAC,,0,0
0.4541,0.05748,CAACAGAAAATTAACC,D101F,1,1
0.4541,0.05748,GACTACCAATAAACCA,G352W,1,1
0.454,0.02131,CCTCCACCCAAAATCT,,0,0
0.4539,0.006473,TTCCATCTTCAAAAAA,Q454R,1,1
0.4539,0.0102,CTAAAAGATCTATCAA,N94Y,1,1
0.4539,0.01459,CTACAACAATGTACAA,,0,0
0.4535,0.03212,CGCGATAAAAGTAAAC,G129D,1,1
0.4534,0.1053,ATTAATACTCAAAACT,S156Q G504K,2,2
0.4532,0.01035,ATTCATAGTGCACAGA,A93Y,1,1
0.4532,0.002261,AAGGACACTCTCGAAC,T135Q,1,1
0.4532,0.01334,AATGATACAATAAACG,S209K,1,1
0.4531,0.008235,CGTTTTTATCTAAATA,P289E,1,1
0.4531,0.002467,TGGCATAGCGACATCC,,0,0
0.4529,0.01972,GCTTTGAATGAACCTC,,0,0
0.4529,0.01972,TACTAAAACACTATCC,L427M,1,1
0.4527,0.007986,TGGACCTTTAGGCATA,,0,0
0.4524,0.01855,CATTCCCTTGGAAAGC,V102M,1,2
0.4523,0.000964,AGGAAACTAGCCTAAT,G263M,1,1
0.4522,0.003228,TATTATTTACTTTGTT,,0,0
0.4521,0.03781,CTAACTGAATTGTAAA,R383M,1,1
0.4521,0.002539,TTGAAATGATGAGAGA,D101R,1,1
0.4519,0.01835,TAAAAAAGTATCCCTC,,0,0
0.4517,0.01657,TAGAATGGACTCTTGA,F195N,1,1
0.4517,0.006196,TTCATGTTATGTACGC,D175E,1,1
0.4516,0.004586,ATTCATTTATATTTAC,R307W,1,1
0.4514,0.07868,AAGAGCATCTGTTTAG,,0,0
0.4514,0.02623,TGGAACTAATCCGAGT,,0,0
0.4511,0.03701,GAGAATCTCAACAAGA,Q407N,1,1
0.451,0.02419,GAGTCCAATAAATCTA,N31H,1,1
0.4509,0.05391,GAGCCAAATGCTTCTC,I282H,1,1
0.4507,0.01225,TCCGTGACGAAGATTT,D175N R261Q V323K,3,4
0.4507,0.01485,GTATCTATCAACCCTA,,0,0
0.4506,0.01367,CCCTAAGTCCTTAATA,N285V,1,1
0.4504,0.02772,TTACCAGTCTCATACT,,0,0
0.4503,0.006347,ACCAGCCTGAACGCAC,,0,0
0.4503,0.00612,AGCCGAGCTAGCACAA,T485V,1,1
0.4502,0.00263,GCGTGCAACAAACGTG,,0,0
0.4502,0.02094,GACCCTGTTGGCTAAT,,0,0
0.4502,0.06282,GGAAATGCTTACGAAC,D104A,1,1
0.4502,0.06282,TGAACAAAGAAGAAAC,K276C,1,1
0.4501,0.002565,CTACTGCATTTGTGAA,A69I,1,1
0.4501,0.04596,ATAAACAGAGACAGAA,,0,0
0.4501,0.04596,GATACTTCAAATATAC,P273D,1,1
0.45,0.002429,TGCATCGCTAGGGCAC,N94F,1,1
0.4497,0.012,ATTCGAAAGACCAAAC,S115G,1,1
0.4497,0.006384,TGAAGTACGAGTAAAT,M268F,1,1
0.4493,0.01384,CACACTTCCGACAATA,,0,0
0.4493,0.02509,AATTCGCCGCTCACAA,E172D,1,1
0.4492,0.005685,TTCGCTTAACTTTCGA,,0,0
0.4492,0.0294,AAAGATAATATAAATC,D32R,1,1
0.4491,0.007586,GTCCCGAAACCCATTA,G129D,1,1
0.4491,0.01183,AACTAACACATGAACA,R361M,1,1
0.449,0.0114,TTTCATTAACTCTACA,,0,0
0.4487,0.007866,TATAACACTCGGCAAT,,0,0
0.4486,0.007175,ATAAATCACTTACTCA,N475I,1,1
0.4486,0.06063,TAAACTGCACATATTA,N6M,1,1
0.4485,0.01167,CCGAGACGCTTAGATA,A212N,1,1
0.4483,0.001944,TGACCCTCATATAAAC,R208Q,1,1
0.4482,0.005659,CATTAAGAATTAAACA,,0,0
0.4482,0.005659,CTACGTATTCCAACCT,,0,0
0.4481,0.006805,TTATAAGACTTAGCAC,S9A,1,1
0.4481,0.05075,ATATCAATCTCTGGGG,,0,0
0.4479,0.002948,CCAACGAATCCAGCCA,,0,0
0.4479,0.01341,CAATTGTATGGTACCG,V102C,1,1
0.4479,0.09386,GCAGCAAACTTAGCTA,,0,0
0.4478,0.01009,ACGCGCGACCAAAATA,D101R,1,1
0.4478,0.01111,AAATTCCTCAACCAAG,K238Y,1,1
0.4477,0.02843,AATCCTCAGTATAACG,G78R,1,1
0.4475,0.02606,CAAATCTAACCATGGA,K472W,1,1
0.4475,0.03828,CCAACCATCGATTCAT,,0,0
0.4474,0.01226,AGAATCAAACAAACAA,,0,0
0.4474,0.02405,ACTGGATCCAAACAAG,,0,0
0.4472,0.02232,ATTTCACGGTGGGCTT,G62S,1,1
0.4472,0.006674,CCCGGTAGTATAACAG,,0,0
0.4471,0.03073,TGCGTTTGCAAACTGT,I160M M346L,2,2
0.4471,0.002455,TACATATTCCTTGCCA,L118M,1,1
0.4471,0.01217,TTAAAAAATACTGAAG,,0,0
0.447,0.01953,AAGCGATTACCAACAT,,0,0
0.4468,0.004193,AGTAACAAGTATTCGT,S145L,1,2
0.4468,0.0008091,CAAGCTTAGACGAAGC,S115A,1,1
0.4467,0.009276,AAAAGAAATAGGTACA,Q210L,1,1
0.4466,0.02058,ATATAAACTTGATGGG,A106E,1,1
0.4462,0.02753,GATTTGGAACACAAAT,A212S,1,2
0.4462,0.006524,CAACTCAAATGAAGAA,,0,0
0.4462,0.01291,CCTATCCTTTGTTTCC,S96I,1,1
0.4461,0.002513,TTCCTCCGATAAAACT,R361T,1,1
0.4459,0.01184,ATAAGACTCTACTCAT,L71I L431M,2,2
0.4458,0.009354,GTTAAATTAGATACAA,S143L,1,1
0.4458,0.008582,ATACTATCATAGTTAA,S198Y,1,1
0.4456,0.04155,GTACCGCCCTAAATCC,A212F,1,1
0.4456,0.01685,ATAGGGTATAATCCCT,I274V,1,1
0.4456,0.03667,CTTCGTACGATTGTAG,,0,0
0.4456,0.02149,GACCACTCAAATTAAA,Y161A,1,2
0.4451,0.008456,TCCCGGACCTCTACTT,G5- N6- D7K K259E,4,4
0.4451,0.009783,TCCTTTAAGAACCGAG,,0,1
0.445,0.02458,ACAAATTCACGATACA,,0,0
0.445,0.02458,CAAAAATGACAAAACA,N285H,1,1
0.4446,0.003523,TTATACGCGTAGCTCG,,0,0
0.4446,0.01965,CTAAAACATATAAGCC,G479D,1,1
0.4445,0.02097,AAGCATGATATTAATT,I331V,1,1
0.4445,0.02097,TTTGACTGACAAGCCA,S47R,1,1
0.4444,0.04666,ATTGCACATAGTTTCA,R208Y,1,1
0.4442,0.006785,CATTCCTTTAAAAAAA,N158E,1,1
0.4442,0.05487,AACAAACATCTTCCGG,,0,0
0.444,0.008005,ACGAAGTTAGAAAAAT,L409V,1,1
0.4436,0.03965,GAACCTATATCATGGA,N489F,1,1
0.4435,0.01165,CTTACCGTCAAACTAA,A106W,1,1
0.4434,0.003923,TGTAAAGTAGTAACCT,R33E,1,1
0.4434,0.002701,GATTCAAAAAATAAAT,,0,0
0.4433,0.04543,AAAGTAACCTACGAAG,S209H,1,1
0.4433,0.008317,CGAACCTCAAATGACA,,0,0
0.4432,0.004716,AACACATACGTGAATC,,0,0
0.4432,0.003054,GGTCAAGCTAAATATT,,0,0
0.4432,0.004177,TGATACAATATGAATA,N122K A425M,2,2
0.443,0.03448,TAATGCCCAAGAAGAA,,0,0
0.4429,0.05319,GCCTTGAAAAATAATA,,0,0
0.4429,0.01193,GGACATAAACGATCAA,S143Y,1,1
0.4427,0.003486,GATCGATCATTCGCAG,,0,0
0.4427,0.1163,ATGACCAACAGATATT,,0,0
0.4427,0.03877,ATGAGATTTCCCCATT,,0,0
0.4427,0.02326,CGAAATCGCTCATCAC,,0,0
0.4427,0.03877,GACTAAATATGAAGGG,,0,0
0.4426,0.003434,TTTAAAAAGACCCAGG,,0,0
0.4423,0.04427,AGCTTGGAACACAAAT,T117V S270R G360D,3,3
0.4422,0.03381,TTAGATCAAAGGCTTA,,0,0
0.4422,0.02734,ATCCTTAAAAGAAAAC,S312C,1,1
0.4421,0.01398,ATAATATTCCAAATCT,R208W,1,1
0.4421,0.01273,ATAATGATAAGAAATT,A106L,1,1
0.442,0.01038,AATAAATTCAACATTT,R255L,1,1
0.4417,0.05161,CACTCATCACTTACCG,R92V,1,1
0.4417,0.01113,GAAGCAACACTATCTA,S145N,1,1
0.4415,0.002806,CATCCTATACGATGGC,L244H,1,1
0.4414,0.01522,CTAAAAAGTTCGATCC,S266G S400V,2,2
0.4413,0.01146,TTCATTAGGCTCCCAA,G5D S312D,2,2
0.4412,0.01246,TCAGTGCCATCTCATA,G200S,1,1
0.4412,0.02946,CCAGAAACAATCTTTA,,0,0
0.4411,0.007864,CTTTTCCCTCGTAAAT,,0,0
0.4409,0.001157,TAAATAATATTATCTT,,0,0
0.4408,0.02409,CCAACTGTAGCAAAAT,I214N,1,1
0.4406,0.009047,TACTAGATATCACAAC,K276R,1,2
0.4402,0.03633,GGAGACCCCAAAGGGT,,0,0
0.4401,0.006713,CAGAAATCCATAATAA,,0,0
0.4401,0.006713,TACTCTGGTCATGTGG,,0,0
0.44,0.01871,TAACCTATTATAGATA,L367S,1,1
0.44,0.01323,CTCTCATACCATCCAT,T128E,1,1
0.44,0.009853,TCAGCGGGCTAGAATA,G504V,1,1
0.4399,0.009169,GCACATGAAACAGGGT,,0,0
0.4399,0.009169,TAACACCCTGACGATC,,0,0
0.4396,0.05972,ATACCCCACCTGCGAC,K50T H184Y,2,2
0.4395,0.01624,ACAGACGGATCAGATA,,0,0
0.4394,0.01242,TGCTAAGACCTAAACA,T135I,1,1
0.4393,0.02803,ACGATCTGCGATGTCA,S143N,1,1
0.4393,0.02313,CCGCCGACTTCCTCAA,S47D,1,2
0.4392,0.01832,AACAGATCTAAGCCAC,I242Y,1,1
0.4392,0.01609,TAGATGACTTAAAATC,R361V,1,1
0.4391,0.003656,CCACTTTCATAGCAAT,F79E K121F,2,3
0.4389,0.01121,TCCCTAATTTACTAAA,,0,0
0.4389,0.01224,CGCTCCCAACATACCG,F353Y,1,1
0.4389,0.005011,TTTGACTCTCCGATTG,R208A V490R,2,2
0.4387,0.005406,CAATTTTGTTCTAAAC,,0,0
0.4387,0.03487,CCAGAGAGCTTAAGCC,S96K Q311K,2,2
0.4383,0.004584,GAAGAATCAGTCAATA,,0,0
0.4383,0.007729,CCCGACCTGCGAAACC,D291L,1,1
0.4382,0.02462,ACAACATTCCATCACC,,0,0
0.4382,0.02462,TTACCTTGTCAGATGG,K264H,1,1
0.4382,0.006075,GGCACTAAAAAGATCA,I160A,1,1
0.4381,0.01199,TTTACATACTAAAAAT,Q44M,1,1
0.4381,0.001959,TCGACTCGGATAAAAA,K171I,1,1
0.4379,0.0114,ATACGTAACGCAAAAC,K50Y P289R,2,2
0.4379,0.1025,ATTTTTACCACAACTT,K411A,1,1
0.4378,0.01648,CAGGCGTAAGATGAAC,Q407F,1,1
0.4378,0.03926,TACCGAATCAGATACA,,0,0
0.4377,0.02428,AGTTAACTAGAAAATT,I267H,1,1
0.4376,0.01883,TTCTATCTCTTCAAAA,L316F,1,1
0.4376,0.04612,CTCATTTATTCTTAAT,,0,0
0.4375,0.02975,GAGTTACTAAACCAGC,Q197I,1,1
0.4371,0.005503,GACTATATACCCATAG,T318Q,1,1
0.4367,0.004094,CGAGCCATCACCAAAC,G263K,1,1
0.4367,0.01981,CATTTTCTAAATCATG,R92A,1,1
0.4366,0.03289,GTGTTAAGATTAGCTA,,0,0
0.4365,0.01587,AATAGACCCATCAGAA,N31C,1,1
0.4365,0.01406,GATGCTTGAAAGTGCG,,0,0
0.4363,0.0104,ATAGAAGACAATTTGT,N8W,1,1
0.4361,0.02115,TCACAAGAACTATAGA,Q57G,1,1
0.436,0.09682,AATGAACCCTCATTAA,S287G,1,1
0.4359,0.007214,CTTATAGTTCAGAGAA,,0,0
0.4358,0.01786,CCCATCAGCTTTTGAT,P21R L244F,2,2
0.4358,0.04379,AAGTCGAAATCAGCTA,,0,0
0.4358,0.04379,TAATGCCTTATAATTA,Q197Y,1,1
0.4357,0.01657,TGAAAGCAAAGTAGTA,K453V,1,1
0.4357,0.006234,GTTTTGACAGCGTTTC,,0,0
0.4355,0.03677,AACATTATTAATCTTC,P273K,1,1
0.4355,0.006911,ACAAATAACTTCGTAC,,0,0
0.4354,0.06807,TGTTGATATCGACTTT,I232V,1,1
0.4354,0.02269,GCTCAAAACTTTACTG,,0,0
0.4352,0.05249,AATCTCTGATACCACA,,0,0
0.4351,0.006124,GCTTCAAGAAGCCAAA,Q132Y,1,1
0.435,0.0224,CGCTAAACTAACGCTC,,0,0
0.435,0.04271,ATAACTTGGTTAATTA,P324K,1,2
0.435,0.04271,TAACCAATAAAACATT,N290I,1,1
0.4349,0.01874,AAGAATACCAGAAGAG,,0,0
0.4348,0.004721,AGTCAAAAATTTAATA,,0,0
0.4347,0.008159,GACGAAAAGGGTAACC,,0,0
0.4346,0.001882,GGACCAAACAAACGAA,Y302W,1,1
0.4345,0.007583,GACAAGTTTAGTATAT,,0,0
0.4344,0.01248,GGCTATGCAGAAGAAT,P55D,1,1
0.4342,0.0655,ACTGAGAGAACTTCAG,L367Q,1,1
0.4342,0.04168,CTATACAAGTTAAGGC,P289E,1,2
0.4342,0.04168,GAAAAACTCCGAAGTA,,0,0
0.4342,0.03527,TAGCGCCCCTGTCGGA,N63H,1,1
0.4342,0.0655,TCTCACAATGTAAAAG,G78M,1,1
0.4342,0.0917,GTTTCATACGCGATGA,S198C,1,1
0.4342,0.01581,TTCGGCTCAAGATACA,K503R,1,1
0.4338,0.0238,TAAAATTTATACTCGC,H393T S400Y,2,2
0.4337,0.002553,GAGTTATAATAACTGA,,0,0
0.4336,0.008483,CACAAAAAACCTGCTT,P4V,1,1
0.4336,0.03457,TTGCATAAGGATACTA,S199R,1,1
0.4333,0.02348,TGCTAGAGTAAGACTA,N122V,1,1
0.4333,0.004017,GACTTGAGCGATTAGC,,0,0
0.4333,0.008401,GCCTGATGTTACTGAG,E119I,1,1
0.4333,0.02616,GATAAACCATGAAATA,R307F,1,1
0.4332,0.003502,ACACCTTATGATACAT,P227A,1,1
0.4331,0.02953,TAAAAAATCAGACATA,,0,0
0.4331,0.02104,AATAACACTTAATTGC,,0,0
0.4331,0.02104,AATTAACCGCATCGTC,,0,0
0.4331,0.02104,TGTCAACTCCTGTATA,,0,0
0.4329,0.008633,ATCATTTAAATAGCAA,D291Q,1,1
0.4329,0.001683,ACTATTGGCGCAAAGA,I242E,1,1
0.4326,0.0006973,GTTACTTTCAATGAAC,,0,0
0.4326,0.0008766,AAGTCAGATAAACAAT,Q376V,1,1
0.4326,0.003718,GCTTTAAAAAAATTGT,,0,0
0.4326,0.01499,CCCCACCAAAATCAAT,,0,0
0.4324,0.03324,TAAATATGACTCACCT,A373I,1,1
0.4324,0.01005,GCCTCCCCGTTACCCT,,0,0
0.4323,0.02054,ACAACGTAAACGACAA,Q327H K503S,2,3
0.4323,0.004737,CGCAGTGCATAGATAC,N483E,1,1
0.4322,0.003606,ATGTTAACAGCGACAT,L118F,1,1
0.4321,0.02256,AATGAAAAAGAATCAG,N81S,1,1
0.4321,0.02855,CTATAACCCTTGATCC,T135H,1,1
0.4321,0.03888,TAAAGAAAGAATCGTA,,0,0
0.432,0.01094,CATACTGCAACCCATG,,0,0
0.4319,0.00458,GACGGGCGTAAGATTA,R208N,1,1
0.4319,0.008343,GAAAATCGTTATAATA,I335V R361S,2,2
0.4319,0.02503,TGAACATACTTAAAAT,D73E,1,1
0.4318,0.009416,CTAAATAGATCCCTTA,,0,0
0.4316,0.04682,CTTAAATACCCATAAT,Q327F,1,1
0.4314,0.03803,AATTATTTTAATGCCT,,0,0
0.4314,0.03803,CAAGAAAAATTGACAC,,0,0
0.4314,0.02199,GTAAGACTTATGATGC,E172K,1,1
0.4312,0.01258,CTCTTACTAAGGCTCA,,0,0
0.4312,0.08293,AAATTAATGTAGTAAT,P55W,1,1
0.4312,0.08293,CTACGTATTACAAACC,K207F,1,1
0.4312,0.02764,AACTCTCCCCCCTACT,P169I,1,1
0.4311,0.01533,CAAATGAAACATACCT,S115G,1,1
0.4309,0.01054,CCCATTATACTCCTCA,N497Y,1,1
0.4309,0.01643,GTGTTACAGGAAATAA,I260F,1,1
0.4308,0.008365,AAGACAAGAACTAAAA,A106P,1,1
0.4307,0.02399,TTAACTGGATGACTTA,L13I,1,1
0.4302,0.03643,TCACAGGCTTCGTTGA,R33L,1,1
0.4301,0.004197,TTTTAAAAGTACTAAT,,0,0
0.4301,0.002996,AACTACGCTCCAATCA,N63W,1,1
0.4299,0.02334,GCCCGAAGACTAATCT,,0,0
0.4299,0.008092,TGAGCTATCACTTAAC,,0,0
0.4299,0.07915,ACGTGATTTACTCTAT,,0,0
0.4298,0.03034,TTTAACGCTAAAGCTT,,0,1
0.4296,0.03568,GTTTGATAATGTTCCA,K276R,1,1
0.4296,0.01189,AGTGGAGTCCACGTTT,,0,0
0.4296,0.01005,TCTCAAAATAAGACGC,,0,0
0.4295,0.02599,GTCACCATGACACGAA,R361V,1,1
0.4295,0.04331,TCTGCCATAGAAGACC,,0,0
0.4294,0.003063,ACAAAAAACAGTTTAC,,0,0
0.4293,0.02981,TATTTCTACAAAAAAC,N53D,1,1
0.4293,0.006566,CTTACGCAGAATTGCC,K292V,1,1
0.4292,0.0551,CAAAGGGTAGTCCACA,R201A,1,1
0.4291,0.01165,ATAACTCCCTCAACAG,S144K A163T,2,2
0.4285,0.01501,CATTAAGGATAACACC,A372K,1,2
0.4283,0.001879,TTCAGACCTTACCTCC,I377C,1,1
0.4282,0.02187,ATAAGTCACTGTTAAA,,0,1
0.4282,0.04125,ACTGAACTACTGCTAA,Q80L,1,1
0.428,0.02835,AGTCAGATAATGAAGC,N31C,1,1
0.4279,0.02452,ATCTTACTAAAACTGT,,0,0
0.4279,0.0216,GACTAAGTCCGAGATA,S143M,1,1
0.4278,0.01463,TTTCCTCATCCTAATA,K207Q,1,1
0.4278,0.003019,CCCGAACAATATCCTG,R269E,1,1
0.4276,0.02418,AACCATATCCGTATGA,N45R,1,1
0.4276,0.01577,ACTGGTGCACATAAGT,,0,0
0.4276,0.007112,CAGATAACCTTCTCAA,S114D,1,1
0.4275,0.008801,GCCCAACCCCTTCATC,,0,0
0.4274,0.005225,ATTCGCTATACTTCAA,I48E,1,1
0.4274,0.01439,CCCGAAAAAAATAGCG,,0,1
0.4273,0.01888,AATTGAACAAAGATGA,,0,1
0.4273,0.01154,TTAATACTAATGCGAA,K189F,1,1
0.427,0.004857,AATACATGTCTTAGCA,N63D,1,1
0.427,0.03938,GTCCGGGGCAAAAAGT,K121S L428W,2,2
0.4269,0.0503,AATAATCTCCATAGTT,V490H,1,3
0.4269,0.0503,CAAAAGATAACAGAAG,,0,0
0.4268,0.01065,AACCACAACCGGCGAC,E280W,1,1
0.4268,0.02703,GCGACAAAAACCATCC,,0,0
0.4268,0.02703,GCTCGTATTATAGTAT,,0,0
0.4268,0.01848,AACCACCATACTTTTC,R220M,1,1
0.4267,0.002888,TTGTGAAAAAAGAGGG,D188H,1,1
0.4267,0.002198,ATAATACAAGACTTTA,I67L,1,1
0.4266,0.008499,AACCGAACGGATATCA,,0,0
0.4266,0.005711,TTGATGTACATAAAAA,I236V,1,1
0.4265,0.01199,AAAGCGATCAGCATCA,N158M,1,1
0.4265,0.001488,TTTTCACTCACGGATT,K368I,1,1
0.4262,0.03119,AAGTCGTATTTGTCAG,W84Y,1,1
0.4261,0.0201,TGTATCGAAGTTTAAC,E172G,1,1
0.4261,0.006437,TAATTGATTAGAACCA,,0,0
0.426,0.0136,GTATGGCAGCAACGCA,S149E,1,1
0.426,0.03767,TAAAATATATGGGAAT,,0,0
0.426,0.113,TTTAATCACATAAACC,,0,0
0.426,0.01614,GTTAGATCGCCTAAAG,,0,0
0.4257,0.01458,GATTGTCTGGAAAATG,,0,0
0.4256,0.005868,TGAAAGTTCATGCCAA,S149K,1,1
0.4256,0.004334,CGGCATATATCTGCAC,R201T,1,1
0.4255,0.04755,CCAATGGCCAAAGGGC,G479S,1,1
0.4254,0.002742,CGGAGTGAACCTCCCA,,0,0
0.4253,0.01433,CGAATACTTATCAAAA,I34E,1,1
0.425,0.02959,ATAATCAATAGAGTCC,,0,0
0.425,0.0361,TACCGAAGTGCCGATG,,0,0
0.425,0.007221,AATAAGATGCTGTCAC,L71I,1,1
0.4248,0.004188,GTAGCAACCTTACATC,Q363H,1,2
0.4248,0.006076,CTGAATCAAAAATTCC,,0,0
0.4247,0.02472,CAACTCGTCAACTCCA,D188R,1,1
0.4242,0.01366,CGTTAAACGGAGGAAA,W234Y,1,1
0.4242,0.006677,ACCCGAGGCAACCACC,R92A,1,1
0.4241,0.001969,ACAGCTTACAACCTCA,,0,0
0.4241,0.0149,CATTAATAGCCTTACA,,0,0
0.4241,0.01355,TTGCCGACCACAATCG,,0,0
0.424,0.009436,TATTGGCCATTCAGCT,,0,0
0.424,0.06213,TACATTAGTACGCGAA,I242T,1,1
0.424,0.00188,TTACAAACCCATATTA,N216H,1,1
0.4239,0.01345,ATGAGACACCTCACAC,V102T,1,2
0.4238,0.0237,TAGACCACGTCAGAAC,P273L,1,1
0.4238,0.0114,GCACGTTGTCCTTAGG,,0,0
0.4238,0.008787,TCTAAACCTTCTAATA,L409M,1,1
0.4233,0.03333,AATCTATATTTATTCA,,0,0
0.4233,0.03333,AGCAAATACAACCAAC,N6A,1,1
0.4233,0.02727,ATTACAACCCCTAAAT,P4V,1,1
0.4233,0.09998,CTATAACCGTGTGCCA,,0,0
0.4233,0.02727,CTTCCATCCTACACCA,M462E,1,1
0.4231,0.01192,CAATAAAATTCATCGT,K397Q,1,1
0.4229,0.02684,GATCGACCGCTTAGCA,T40I,1,1
0.4229,0.00654,GAAATGGAGTATGTCA,,0,0
0.4228,0.04181,GAGCGAGTTCCAAATA,,0,0
0.4228,0.04181,TTCTACGAAAATATAT,Q363D,1,1
0.4226,0.01076,TCGCATGATTGCACCG,,0,0
0.4226,0.01933,AAAGAGAGTTGACCGT,,0,0
0.4225,0.009986,AAATTATTTAAATACG,,0,0
0.4225,0.0107,ATACCATTTAACGATA,,0,0
0.4224,0.01695,AAAATCTTTGGAAAAT,S54N,1,1
0.4224,0.009929,CACGATTACGATATAG,I374M,1,1
0.4224,0.01063,GCATAAATTCCAGGCA,F79L,1,1
0.4222,0.02191,CCAGTCAACGAAAAAA,I214R,1,1
0.422,0.02565,AATAGTATGAAGAGTT,N298A,1,1
0.4219,0.006854,GTCGTTTCCATTTGCA,S198M,1,2
0.4217,0.02528,AATTACACGCTCAGCG,K397E,1,1
0.4217,0.02528,TCACTCAATTATGATC,,0,0
0.4217,0.009546,TACTAAGACTAGGGAC,A212L,1,1
0.4215,0.02111,ACCGATAATAATGTAC,A372D,1,1
0.4214,0.008267,AAAACCACGTAAACTT,S262M,1,1
0.4214,0.001961,TAGATAACACAGTATG,,0,0
0.4213,0.05435,AAACTACTCCATTGCT,,0,0
0.4213,0.05435,TAGAACGACCCATGGC,N81E,1,1
0.4213,0.02085,ATTCGAGAGATCTGCA,T328W,1,1
0.4212,0.009341,GTAAGTATGAAGAAAT,,0,0
0.4211,0.005729,TTCATTGTTCTAAATC,,0,0
0.421,0.003151,TATAAATGAAGACATC,G78L,1,1
0.4209,0.02422,CCATCTTAACCATATG,S198T,1,2
0.4207,0.01757,ATATCATAAATTCATG,I34E,1,1
0.4207,0.003695,CCTCCGACTAAGTTAT,,0,0
0.4205,0.02889,CTTAAAAGTACTAACT,,0,0
0.4204,0.008329,GTGAAGTGATGCAGCG,,0,0
0.4203,0.01119,TTCTCCGAACTCAAAT,N357G,1,1
0.4202,0.03653,ATCATTGTTAATGAAG,N38A,1,1
0.4202,0.03653,GAAATGGTGATCTTCG,G479M,1,1
0.4202,0.03653,TCTTAGAAAGATACTT,,0,0
0.4202,0.01705,GTGTTCAAACTTAACA,,0,0
0.4202,0.08524,TCTGCTTCCAAAGTCA,L71V,1,1
0.4201,0.004453,GAATCAACGCTTATAA,S124I,1,1
0.42,0.01945,TACATAAAGATGATTA,T128H,1,2
0.4198,0.03578,ACTGACTGGGTATTCA,,0,0
0.4197,0.04968,AAACGTGGCTAAAAAC,,0,0
0.4197,0.001177,ATAAAAACATAACAAG,F120H,1,1
0.4196,0.02751,CCCTTAGGCTAAACAA,G218C R482K,2,3
0.4195,0.01296,AAGCACAATGCATGAG,,0,0
0.4195,0.00745,CCCAACAGCTTACCCA,,0,0
0.4194,0.08124,TTTCTTCGACATTTAG,,0,0
0.4191,0.01407,GTTTGACGGCCAGGGC,N81F,1,1
0.4188,0.00363,GAATATCTATCCCAAT,,0,0
0.4188,0.03369,CTCCTTTATCTCCGCC,Q434T,1,1
0.4188,0.04699,AGCCTGATTACGTAGA,,0,0
0.4186,0.07761,AATGTTCCAAGTGCAG,Q211I,1,1
0.4186,0.003689,GTTCACTTCAGAACCT,,0,0
0.4185,0.03305,ATTTAAAACTAACTAT,R482A,1,1
0.4184,0.01767,CACTGCTATAATTGGG,,0,0
0.4182,0.01331,TGCGCATATGAAAAAC,K278R,1,1
0.4181,0.002659,GAAAGCAACAACCGAA,K411T,1,1
0.418,0.01068,GCCTTATTTATAAGAA,E83W,1,1
0.4179,0.01714,ACGCTTTGCAAAACAC,I214Q,1,2
0.4179,0.01714,CCATTTGAAATTAAAC,,0,0
0.4179,0.02476,CCTCCTACTTCCAGAA,Q363M,1,1
0.4179,0.003778,GAGCTACAACATTTAT,Q80S,1,2
0.4179,0.04457,GCGTGGTCTATCCTAA,,0,0
0.4178,0.01165,GAACGCATAAATTTAG,,0,0
0.4178,0.008824,ATGTGGATCGAGTACA,,0,0
0.4177,0.02003,AGACCAATCGCCACCG,,0,0
0.4177,0.02441,CAATACAAAAATAAAC,,0,0
0.4173,0.00736,TGGAGAAAGGACAGAC,,0,0
0.4172,0.01936,TACAACTTCAAGCAAC,G404N,1,1
0.4172,0.00788,TGGAAACTCATAAGGA,A69I,1,1
0.4172,0.01413,ACTCAAGCTCAGGCGA,V297M,1,1
0.4172,0.04239,GAGTGTTAATTTTTGC,I242R,1,1
0.4171,0.01113,GAAAAACTATTACATA,R269H,1,1
0.4171,0.02342,GATGGTTGCAACGATA,,0,0
0.4171,0.006382,GTAGAATCCTCAGTGA,,0,1
0.417,0.01236,CTAAAGTAAGGTAGAA,R141F,1,1
0.4169,0.004092,TAGCGGGACACATGTT,T12C,1,1
0.4166,0.02916,ATTAGCGTTGGAATTT,Q173L,1,1
0.4166,0.01853,ATTAAAACTAAGCCTA,I232V,1,1
0.4165,0.003683,CCCACAAAAGCAGATA,N6G,1,1
0.4162,0.006395,GTAAAAATATCAAGCA,,0,0
0.4162,0.01519,GAAAACAATTGCAAGA,,0,0
0.4162,0.01162,CAAGGATAATATACGT,,0,0
0.416,0.005006,AAGGAACTACATACCA,T12L,1,1
0.416,0.001665,CTCCACCACCCCCCAG,R201S,1,1
0.4159,0.004302,AATATAGACATGACCT,F174V,1,1
0.4158,0.0214,TCAGTTAATTTAGCCC,K238R,1,2
0.4157,0.06342,TAATACCTTCATACTC,E484Y,1,1
0.4156,0.03778,TATGTCAGATCAAAAG,S199P,1,1
0.4155,0.02089,CCTCCGGTATCACACG,S209D I300C,2,2
0.4155,0.005364,GCAGACCGCATTTCTA,R299T,1,1
0.4155,0.01443,TGTAAAGCTTCAAACG,,0,0
0.4155,0.006935,ACGTCAACACACCACT,T128P,1,1
0.4153,0.02649,GAACCCTAGAGCCTAT,S358W,1,1
0.4153,0.01089,ACATAGCTCGAAAACG,D32C,1,1
0.4152,0.06118,AACTTAATAAGATTAA,S96M,1,1
0.4152,0.003323,TGATGTAGCACACGAA,,0,0
0.415,0.003162,TTCTTTTGACACACGC,S262H Q311I,2,3
0.415,0.0257,GTATATCAGTCGAGGA,P289Y,1,1
0.4149,0.01627,CCTAATTCTCACCCAA,R383I,1,1
0.4148,0.0197,CTTTTTACGTAATTAT,L157F,1,2
0.4147,0.003757,CTTCTACATTTAATGG,,0,0
0.4145,0.003271,TTGGGAGACTCTTACT,T128W,1,1
0.4143,0.007413,CGCAAAACTATCCAAC,T318Q,1,1
0.4143,0.03407,ACTTGTCGGCAGTAAT,L427T,1,1
0.4143,0.02427,CAGGACAACTAGACTT,V347M,1,1
0.4139,0.009728,TGGTACAATGAAATTA,,0,0
0.4139,0.01825,AGGAAATTACGAATTA,N497R,1,1
0.4138,0.01487,CAACTCACAGTATTGC,,0,0
0.4137,0.008508,CCATATGATACAGAAT,Q75S,1,1
0.4136,0.02298,CCTAAAGCGGTGTACG,,0,0
0.4136,0.02298,TTCTGGATTAAACACA,R201S,1,1
0.4136,0.007661,GTCTATGATTAAGTAA,I374S,1,1
0.4133,0.02239,CTCAGGAAATACCCAT,G62E,1,1
0.4133,0.02239,TGTAAAGCCCAATCGT,N126H,1,1
0.4133,0.003821,AAAATTCTTATAAGCT,,0,0
0.4133,0.002747,TATCTTTACTACGCTA,D291G,1,2
0.4133,0.05201,AACCTAACTGCTAATA,D188H,1,1
0.4133,0.00578,GTATCTATGATTGGCC,K82Q G479I,2,2
0.4132,0.03102,TCATGGCATCGCCACG,Q363A,1,1
0.4132,0.01403,AAAAAAATTAATAGGT,Y100F,1,1
0.4132,0.003141,TCCCAATCTCCTACAC,,0,0
0.4131,0.007275,AGTATATTACCAATAT,S91P,1,2
0.4129,0.002951,AAAACATCAACCTCAA,S262D,1,1
0.4128,0.01147,CGACCGACTACAGCAT,Q210E,1,1
0.4128,0.009927,CCATAGAGAATTATAT,N498M,1,1
0.4127,0.04907,GCACAAATTTCCTTAT,,0,0
0.4127,0.01338,TGTTTGCACTCTGCTA,,0,0
0.4125,0.01605,CAAAGTGTTACACTTG,,0,0
0.4124,0.01298,AAAATATAAATTAACC,V323Q,1,1
0.4121,0.04644,AAATCCTGGTCGAGAA,,0,0
0.4121,0.01548,GTTTTATGAAAGCCCA,D104R,1,1
0.4121,0.01063,ACGTAATCCACCACCG,,0,0
0.4119,0.04523,TAACAATTCAATAACC,K368V,1,1
0.4118,0.02672,AATCAACGTTCTGTCA,G504E,1,1
0.4117,0.00697,ACTTTCATAAATGTTA,K397R,1,1
0.4116,0.01876,TAGATCATCTAACCGA,K278Y,1,1
0.4114,0.04299,AAAAAGTAAAATAATA,,0,0
0.4114,0.04299,TTATCTCCCTTCGCCA,A372H,1,1
0.4114,0.004751,TAACGAGCCCTATCAA,D7K,1,1
0.4114,0.002729,TTAGACTCTGATACAG,N290L,1,1
0.4112,0.02517,GATGTGCTCAAAAGCA,G404Q,1,1
0.4111,0.02481,GGGTCCATTAATATTT,V88I,1,1
0.4109,0.0071,CAGACCTGGCATTCAG,Y105V,1,1
0.4106,0.1173,AAACGCAACACTAAAG,Q132N,1,1
0.4106,0.03911,TCACACGATTTGATCA,N497M,1,1
0.4104,0.03825,ATACAACACTTCACAA,T12W,1,1
0.4104,0.03825,TAAGAAGATCCGATAT,,0,0
0.4103,0.008666,AGCCATACTTAGCATC,,0,0
0.4101,0.03663,CTCCATTCTCACGGCA,,0,0
0.4101,0.1099,CATCACAAAATAATTA,G275N,1,1
0.4101,0.02198,CGTATCAGTAATCCCG,I260F,1,1
0.4101,0.01213,TAACAACCCTAAATCT,D291T,1,1
0.41,0.0217,AAGGTACCGCTTCTAC,R383M,1,1
0.41,0.03587,AATAAAATATTTAATT,P169N,1,1
0.41,0.03587,AGTAAAGAAAGAACTG,,0,0
0.4098,0.01515,GCCATCAATGCCCTCT,,0,0
0.4097,0.03445,AACTAACGCATAAAAT,,0,0
0.4097,0.01476,GTAACCTAATCAATAG,N126S,1,1
0.4097,0.1033,CAAATGATACTACTAG,L381T,1,1
0.4097,0.1033,TCACAAACCATATAGG,I236M,1,1
0.4093,0.01084,GTTGTTCCCAAACCTG,S149F G479D,2,2
0.4089,0.01329,AAATAAGGCTTAACGA,H56T,1,1
0.4089,0.01032,CAACGTTATTAATCAA,,0,0
0.4088,0.01827,GTATCCTCTAGTTTAA,T12Q,1,1
0.4087,0.0128,ACAACGCTCGGCAAAA,H56R,1,1
0.4086,0.006798,GATAAATGATACTACA,K207Q,1,1
0.4085,0.02874,ATTCCTGATAGATCAG,,0,0
0.408,0.02654,ATTATCGGCAATATAT,A106I,1,1
0.4078,0.004526,GTTGACCTAAGATACA,Q211T,1,1
0.4078,0.07613,TGCAAATAAGGAAAAA,D493V,1,1
0.4078,0.006894,CTTACTAAACTGTTCC,,0,0
0.4076,0.008219,ACCCACTGATATAGCA,E280V,1,2
0.4075,0.004822,TTTCACCACTTGAATC,E280A,1,1
0.4075,0.002661,GACAACTGAGTAGAGC,,0,0
0.4073,0.014,AAATATTTGCTATAAT,A196E,1,2
0.4073,0.007708,AGGTTATACCAAGTGT,,0,0
0.4073,0.003002,TTATCCAAAACTCCTT,,0,1
0.4073,0.01378,AAAACTAAGCCCTTCT,K50T,1,1
0.4072,0.009774,ATACTATCTACCGTAC,,0,0
0.4072,0.01367,AATACCCTATCCGACC,K82V,1,1
0.4072,0.01367,ACAAAAATGAAGAGCC,R269Y,1,1
0.4072,0.01356,CCTTAATCCGCCCTGT,I3D,1,1
0.4071,0.007349,AATAATTAATATCCAA,,0,0
0.407,0.02186,TCGGAGAAATAATATA,S480D,1,1
0.407,0.02159,AACGACCTAGTTAAAA,S149A,1,1
0.4067,0.01205,TTACCGAATCAACCTA,,0,0
0.4066,0.01986,AAAACCCCAGATACCC,V166A,1,1
0.4064,0.05635,TGGTCGCTGAAAACGG,Q407R,1,1
0.4064,0.005123,ATTATAATCTTAGCGG,L244F,1,1
0.406,0.04987,TAAGACCCTCAGTAAT,M462V,1,1
0.4059,0.009695,TGGAAACCCCACCTTA,K50D,1,1
0.4056,0.01517,AAATAACAAAGTAAAT,N489E,1,2
0.4056,0.01517,TTCAAGAGGTGACATA,,0,0
0.4054,0.04253,TATTCTTTGAAGCGAA,S231V,1,1
0.4052,0.005534,AAACCTCAAGTACACA,,0,0
0.405,0.005202,TTGTACTAATACAGAG,,0,0
0.4049,0.01154,GATACCAATAAACAAA,,0,0
0.4045,0.009781,AGCCGATTGTGATCAC,I300H,1,1
0.4044,0.02807,AATTACCAGAAGATCA,G78D Q454A,2,2
0.4044,0.00921,ATCACTCTTTTCCCCC,,0,0
0.4044,0.02677,GACTCATTACAAATTT,R299V,1,1
0.4043,0.02559,ATCTAGTTTGACATTT,,0,0
0.4041,0.007664,GAGACTGTACAACTTA,,0,0
0.404,0.002465,CACTTAAACCCTTCTG,Q501S,1,1
0.404,0.02202,TAGCAATCCAAAAACA,R269P,1,1
0.4038,0.01932,CTAATCTACAATTACC,I242E,1,1
0.4038,0.0189,TGACAACCCATCCATA,K2M,1,1
0.4037,0.01792,AAGCACCTAAACAGTC,G240H,1,1
0.4037,0.01704,GAATCCAACCGGAGAT,T135N,1,1
0.4036,0.005332,TAAGACAGTTTATGCA,,0,0
0.4033,0.0119,GTATCCGGTATATGAA,,0,0
0.4033,0.01158,GAAAAAACTGTACAGC,L244H,1,1
0.4031,0.009388,TAAAGCTCAGTGCGCC,L428Y,1,1
0.4031,0.008512,ACTAATTATATGTCAT,,0,0
0.403,0.006973,GATTCGAATAAAACAC,V166M,1,1
0.402,0.007192,GAACCGCGACAAAGTA,K326L,1,1
0.4018,0.003558,TGATTTAAGATAAACA,,0,0
0.4017,0.01096,GGACTCGAAGTATTCT,Q75G,1,1
0.4017,0.01103,CGACACTATCCTGAAA,V204F,1,1
0.4016,0.01292,AGCTGACACCATCCTG,,0,0
0.4016,0.001451,ACTTGGGATTAAATGG,T416C,1,1
0.4015,0.01396,AAGGACAAAACGAACA,E403M,1,1
0.4015,0.01455,TTTCAAATAAAGAAAC,G352L,1,1
0.4013,0.005531,CATCATACCGATACTA,,0,0
0.4012,0.01902,AGACCACACTTAAAGT,,0,0
0.401,0.0219,GAAATTTAGCTTAACT,E403I,1,1
0.4008,0.02436,TAATAATATTTCGTAA,F448M E449D,2,2
0.4008,0.001875,GGCCTCATATCGACCA,L111F,1,1
0.4008,0.0247,TAATCAGTTACGTAAC,R307P,1,1
0.4007,0.008821,CTGCTTTTCAAGCAAT,,0,0
0.4007,0.0266,AAAACCTTCGCAACAA,,0,1
0.4006,0.008912,GCTATCCGGATAACGA,G263L,1,1
0.4006,0.005403,TTAGGACTACCTCTAA,R255K,1,1
0.4006,0.02788,AAAAAATTGTTTCCTA,A106W,1,1
0.4006,0.02788,AGCAGGCGGGACTGGG,,0,0
0.4005,0.02929,CAGCTTAGCATAGCAA,,0,0
0.4003,0.03141,AATACATCAGCCTATC,,0,0
0.4003,0.004512,ACTGAATTGGTTTATT,N8E,1,1
0.4003,0.03199,CGCTACTCAATCTATT,L439M,1,1
0.4002,0.03322,CCCAAAAGCCTTTTAA,I3R,1,1
0.4002,0.01107,CGATTTTTCGCCGAAA,T328S,1,1
0.4,0.01208,ATATGAGTCGAAAAAG,S205G,1,2
0.3999,0.007443,AAAGCTTCACGAATTA,,0,0
0.3999,0.007443,ACTCGGATTACTACAA,G404E,1,1
0.3998,0.01279,AAATACCTAATCCAGA,R92I,1,2
0.3998,0.003575,GAAAAAAGTAAGAAAA,E280A,1,1
0.3997,0.002359,AAGACAATTAAAGTAA,R269Q,1,1
0.3997,0.002359,TACCCCACTTCTAGGT,R361L,1,1
0.3997,0.005773,GTAATTCCGTAAGTAT,,0,0
0.3996,0.04109,TCCCCGTGAGAGAAAA,R269D,1,1
0.3994,0.004901,TCCGACAAACACATTA,,0,0
0.3993,0.0154,CCTTGATTAAATAACG,I267W,1,1
0.3993,0.04661,AAATCATAATCTGGCA,,0,0
0.3992,0.04789,AAAAATTACGTCCTAT,P169H K503A,2,2
0.3991,0.01611,GGGATATTGTCGCAAG,T128R,1,1
0.3991,0.04925,TAATTATTATGTCATA,N94I,1,1
0.3988,0.01758,TTACGATGTTTAACAT,,0,0
0.3988,0.007558,GTGTATTGCCCAAAGC,,0,0
0.3988,0.01064,GCATCAACCCTAATCT,A212L,1,1
0.3987,0.0008646,GCCATACATAACAATA,Y491W,1,1
0.3985,0.0574,CAACAAACCAGTACTT,S46H,1,1
0.3984,0.01979,GTGATATGTGCATTAA,N285R,1,1
0.3982,0.02074,ATGTTCACTTAATAGT,S114H,1,1
0.3981,0.06373,ATGAAATGAACCCGGA,,0,0
0.3978,0.005181,CAAATAAAAACATCTT,,0,1
0.3977,0.02293,AATATTTCCTAAAAAA,,0,0
0.3977,0.01387,AATCTCATTGTTATAA,,0,0
0.3977,0.006346,CCCATGAAACTCCCGA,,0,0
0.3976,0.002819,TATCCCATAGGGCACG,,0,0
0.3976,0.02355,ACTGTTTAAACGTATG,,0,0
0.3975,0.00205,ATTTCCATTGCACATC,,0,1
0.3975,0.01445,AGTGTCAGCAGGTTCT,,0,0
0.3974,0.01482,GACTAAAAACAAAATA,K278Y,1,1
0.3973,0.004953,GCGTATTCAGATAAGA,,0,1
0.3972,0.01534,GACATAACTTAAAAAA,D175S,1,1
0.3971,0.07807,CACCAGCTAAGTAAGA,,0,1
0.397,0.01137,ACAAGCCCTGGCACCA,,0,0
0.3968,0.08175,ACTATAGGATCATTAG,T30L,1,1
0.3968,0.01635,ATATCAAAGGATTCCA,R220W,1,1
0.3968,0.009132,AAGCGCCAAAGCAATA,G5V S96A,2,2
0.3967,0.02769,CAAGCCTACTTGAATA,S46M,1,1
0.3967,0.01683,AACAATTATCAATTAA,,0,0
0.3965,0.0286,CGGGATAATGAATCCT,S143I,1,1
0.3964,0.02908,CAACTAACTACGCGAA,,0,0
0.3964,0.01751,CGTTAATTACAAGCCT,L157Q,1,1
0.3963,0.0128,CTAGCCTACACGTATC,V223W,1,1
0.3963,0.004289,ATTAGTCTATTCTTTA,,0,0
0.3962,0.03009,AAATAAGCACACCCAT,,0,0
0.3962,0.09026,ATCTAGTAGGATAAAA,P4K,1,1
0.3962,0.03009,CCACATGTATACAAGC,K417A,1,1
0.3962,0.006018,CTACCATTCGAACTTT,,0,0
0.3962,0.01015,AAGCCACTCGAATCAA,S54H,1,1
0.3961,0.03062,CCCTAACGCTCTAAAC,,0,0
0.396,0.03117,AAAATATTACTTAGAT,Y233M,1,1
0.396,0.007234,TATTGCAGTGATAAAT,R361F,1,1
0.3959,0.002571,CAAATGGCGGGGTAAC,,0,0
0.3959,0.008657,ATTTGGAGTGGACTAA,V223K,1,1
0.3957,0.01947,ATCCAACTGGAATTGT,,0,0
0.3957,0.00575,GCCATAGTCGTTATAG,,0,0
0.3956,0.03294,AGGCAGAAGAATATTA,,0,0
0.3956,0.01992,AACTCACAAACCAAAA,Q80T,1,1
0.3954,0.01134,AATTCCTAACCAAATA,S279V,1,1
0.395,0.002217,AGGTATGAAGCCCGGC,K326R,1,1
0.3949,0.0157,TAAATCTACCGAATGC,A163Q,1,1
0.3947,0.01018,GTAATAACAAAAAACC,P55V G386E,2,2
0.3947,0.002219,ATATAATTTGTAATTT,T328S,1,1
0.3945,0.01285,ACACGTAATACCTTTA,,0,0
0.3944,0.03885,CCCTACAGTCCATGCA,,0,0
0.3944,0.006149,CTATGGAATTTAATTC,N296S,1,1
0.3942,0.01709,CATAAAATAGAACGGG,P273M,1,1
0.3941,0.0008638,CCAGACTCCACCAACA,,0,0
0.394,0.01356,CCACTAAATATTCGAA,,0,0
0.394,0.005322,GAACAACAGTTACATA,D493I,1,1
0.3939,0.01124,GTAATCCCAATCTTTG,,0,0
0.3939,0.006519,ATCTAAATAATTGAAA,R141D,1,1
0.3939,0.01779,AAAGGGCAATTCTTCA,L381W,1,1
0.3938,0.01797,AGCGCATCAACACAAC,D188H,1,1
0.3937,0.005067,TACAGTCCCTAATGAG,,0,0
0.3936,0.006075,AATACAGGCCGTAAAC,,0,0
0.3936,0.003889,GATCAATTTGAGTTAA,I385L,1,1
0.3935,0.01855,ATAGACGATAACCGAT,S266F E426D,2,2
0.3933,0.01471,TGACAAAACAAAACCA,N63E,1,1
0.3933,0.02665,ATCTCCATCGCTAAAA,,0,0
0.3932,0.04488,TCCATCAAATAGATTA,,0,0
0.3931,0.00409,AAACCCGTCCATCAGC,,0,0
0.3931,0.02707,GACTTCGCATTTAAAG,K82F K315M,2,2
0.3931,0.02707,TACGATTCATCGAGAC,,0,0
0.393,0.00506,ATAGAAACTGTTATTC,S91L,1,1
0.393,0.0275,GCTTCTTCATAACAAT,N497F,1,1
0.3929,0.01059,GTTGATCTTACAAATA,,0,0
0.3929,0.005553,GGGAACAGACCCACAA,L244V,1,1
0.3928,0.01272,TATTATAAGCCCCTTG,F174Y,1,1
0.3928,0.006684,TTAAACTAAAAGTAGC,,0,0
0.3927,0.00671,AACATAAAGAATGACA,S124Y,1,1
0.3926,0.0284,TCAACTCAATTGGTTG,Q211S,1,1
0.3921,0.01669,TACATGTAATTCCGAA,L244Y,1,2
0.392,0.03039,ATCTACATTTTTTCAC,A372Q,1,1
0.3919,0.01383,GTTCGAATCATGTAGG,,0,0
0.3919,0.01174,TTTTGCCTCTATACTC,P273Q,1,1
0.3916,0.0054,CATATATCTCAAACCA,G200V,1,1
0.3916,0.03149,ACAAGCTCTGTGTTTC,S9H,1,1
0.3915,0.009292,TCTAGACCCCCAACAC,,0,0
0.3913,0.01241,GAAGATATCAAAACGT,,0,0
0.3912,0.0125,AAATAGATTCTTCGGT,,0,0
0.3912,0.03268,AATCCATATCTACCTG,A304G,1,1
0.3911,0.0548,GAACGATATTGAACCG,Q211F,1,1
0.3911,0.0548,GGACATGAACAACAAC,I160E G386E E398K E414K,4,5
0.391,0.002096,CCAAAAAAGACATACA,V88M,1,1
0.3909,0.001565,TGGACAATAACCAAAC,Y302I,1,1
0.3907,0.05659,GAGACCGACGAGAAAA,Q407C,1,1
0.3905,0.002031,GAAAGCTGCTAAAGAT,S219H,1,1
0.3904,0.003173,AATAATCCAACTTCCA,S9K,1,1
0.3904,0.01586,TCCGATCCAATGATGT,S137K,1,1
0.3903,0.0585,CTACAAACCGATGGAG,,0,0
0.3901,0.0066,ATGCAGAAAAAAACGC,K411N,1,1
0.3901,0.01631,TACAACATCAACATCC,V20Y,1,1
0.39,0.02569,CGATTAATATGAAGTG,,0,0
0.3899,0.06054,TGCGAACCATCTAATG,K82V S114C,2,2
0.3897,0.02042,TTAACTGTGTTTCGGT,L86I F332I,2,3
0.3897,0.01678,ATGAAACACTAACTAG,Y470F,1,1
0.3896,0.02648,TCTCCATAAATAATTA,I236Q,1,1
0.3896,0.02066,CCTAATTTATGAGCAC,S219H,1,1
0.3893,0.02117,ATAAAACTTTAACCCG,,0,0
0.3889,0.0217,ATGGTTTCCTTTCAAG,S107G H393Y,2,2
0.3889,0.06509,TGACCCAACTTAGACC,P273E,1,1
0.3889,0.003224,CAGAAACCAATTCTGC,,0,0
0.3888,0.01038,TCGAATTCCAACTAAA,,0,0
0.3887,0.01167,CCTTTCAGATACGAAC,F174I,1,1
0.3886,0.002195,CCCCAACGGTATGTAA,K276Q,1,1
0.3884,0.01353,AAAAAAGAGTACACAG,I3Q,1,1
0.3884,0.0107,AAAGAAAACTAACCTT,,0,0
0.3883,0.007073,ACATTCAGCGCACTGA,N475T,1,1
0.3882,0.02284,ATTGAATGCACACATA,D419A,1,1
0.3882,0.04122,ATGCTAATATCAACCT,,0,0
0.3882,0.01878,ACCAAAAGATCACCTA,,0,0
0.3881,0.002227,CTATCAACTCTAGAAT,,0,0
0.3881,0.01594,GCTAGACTAATTCAAA,A430R,1,1
0.3881,0.02964,CTCACCGCCTCTCGCA,K326N E426D,2,2
0.388,0.006731,CTGTACTAGACTTTCC,Q376I,1,1
0.3878,0.04222,AATCTGATACCAGGCT,N475S,1,1
0.3878,0.01242,CGTATCACAAGAACTG,L428S,1,1
0.3878,0.02346,CGTTCACTTATTTTAG,I335V,1,1
0.3873,0.007533,CATTAATAAAATCAAC,,0,0
0.3873,0.003172,GTGTAATGCCAGACGG,K417A,1,1
0.3872,0.002935,CAACAGCTATTATTTG,,0,0
0.387,0.03182,AGCCAAGACTTCCACT,G129D,1,1
0.387,0.03182,ATCATAAGCTCGGGAT,N122F,1,1
0.3868,0.03241,ACAGGTAGGATATGTA,K453S,1,2
0.3867,0.009914,AAAAATAAGAAGAAAT,S146A,1,1
0.3867,0.003866,TAGAGAAACAACTTCC,S209A,1,1
0.3865,0.004202,TGAAGAGCAAATCATA,,0,0
0.3864,0.006263,ACCACCTATCCGCTCA,T301I S480Q,2,2
0.3863,0.04677,TTCGTAAATATCAGTA,R92W P239Y,2,4
0.3862,0.01238,GTAATTAGTTCCACAT,,0,1
0.3861,0.008768,AATTGAATCTCTTTAT,T128S,1,1
0.3861,0.0263,CTCCGACCAAGAGTAA,Y161L,1,1
0.386,0.0113,AAATCACGTAATCCCC,,0,0
0.3859,0.01137,ACAAGAAACTAATGCA,L118M,1,1
0.3858,0.03434,CTAAAATCTAAAACCA,E83L,1,1
0.3858,0.02185,CTAAGTTTAATACCAA,,0,0
0.3856,0.02712,ATTACAGCAGACCACT,I160E,1,1
0.3854,0.01449,TATTCTTATAAAATAC,H488N,1,1
0.3853,0.01648,AAATAAAAGAAAGAGA,Q407V,1,1
0.3853,0.007064,AAGAGACTATCATGGT,A93P,1,1
0.3853,0.01648,TAATTAGTACTGGTAT,F448M,1,1
0.3853,0.04944,TGCGTACCATGGCAAT,,0,0
0.3852,0.00675,TAACTCATAAATAACC,M462L,1,1
0.3851,0.03575,AACTATCTACAAAATC,Q311I,1,1
0.385,0.009334,ATCACAAGTATCTTTA,,0,0
0.385,0.084,CGCTTTGCATAAACAA,S144N,1,1
0.385,0.084,CTAAACAAACAAGAAA,,0,0
0.385,0.00157,AGAGAAGTTAAACTAT,,0,0
0.3848,0.0365,AAAAGGTCTAAGAAAC,,0,0
0.3848,0.0365,CAATAAGTTATGGCAT,I48M,1,1
0.3847,0.02846,AATTATCACCCCTCCG,,0,0
0.3845,0.0006085,TGGATAGCTAAACCAT,G275C,1,1
0.3845,0.02364,AGCATATTCCAACATA,D85Q,1,1
0.3844,0.01375,ATTTAAATTACCTCCA,E403W,1,1
0.3844,0.00608,TTTCTATGCAAGCAAT,E443Y,1,1
0.3843,0.003398,AAATCATAACGTTGGC,Q211V,1,1
0.3843,0.005827,TTACCAAAGTCGAAAC,S46N,1,1
0.3842,0.02396,ACTACGTTGTAACACA,N63Y,1,1
0.3837,0.005514,GCAATACTGAACGACA,T12K,1,1
0.3837,0.01802,TACATTGAAAACTTAA,,0,1
0.3837,0.01289,CACGATTAAGAAGAAA,Q75S Q407V,2,2
0.3835,0.005354,AACAGGTACCCCCACT,A372G,1,1
0.3835,0.01095,TAGCTAAACAATACAT,,0,0
0.3835,0.01611,AAAGAAACATCTAAGT,,0,0
0.3834,0.01102,TATAAGTAGCAAATAA,A372G,1,1
0.3833,0.0184,CAAAATCTCGATGGTC,S262F,1,1
0.3831,0.03986,TAGCGATCAACTAATC,,0,0
0.3831,0.002013,GCTCCATGGAATATAA,,0,0
0.3831,0.005489,AGGATAATAAGGAAAA,N22F,1,2
0.3829,0.02173,GAACTGGGAGCGTCCA,S9G,1,1
0.3828,0.03157,AATACCAATTAATCAG,G263W,1,1
0.3828,0.03157,GCCAATCACGAATGAT,C64R R92D,2,3
0.3828,0.03157,GCTAAGGTATTTCCAT,,0,0
0.3825,0.008711,AACTTAAGCAATAAAG,S54G,1,1
0.3824,0.01706,TATGTCTTTATATTAA,,0,0
0.3822,0.02653,TACCGAATACATTACC,I377V,1,1
0.3822,0.01007,CGAACCCAGCCCGACT,K453T,1,1
0.3822,0.04178,TCCGCACAGACTTATC,N126S,1,1
0.3821,0.01547,TATTTAATATGAGCTG,Q356R,1,1
0.382,0.000989,CATAGATATACCCAAT,G479M,1,1
0.3819,0.02694,AACCATTTGCAACAAA,,0,0
0.3817,0.005642,ACAAGATTAATAAAAC,,0,0
0.3816,0.01113,AATACGAGCCCAAACA,K326I,1,1
0.3815,0.006445,CTTGCTGTCAATAACA,G379F,1,1
0.3814,0.00922,AACAAGATACTAGAAC,G142I G386E,2,2
0.3812,0.03405,CAAGAAAAATAGAAGT,P227C,1,1
0.3812,0.03405,GAAACTATACTTGACT,,0,0
0.3812,0.01463,ATTTAGCAATTCACCC,,0,0
0.3811,0.06177,AATATCAATTCGAAAA,D104K A272V,2,2
0.3811,0.01235,ACTATGAATTATCAAT,,0,0
0.3809,0.02826,ACCGTTGTTGCCTACA,,0,0
0.3809,0.01004,GCGTACCTGAATTAAA,S358V,1,1
0.3809,0.01832,TACCCATTAGAGACTT,S209F,1,1
0.3809,0.01355,TATGACCCCGATAAAC,,0,0
0.3807,0.002549,TAGTCCCAGAAATTAA,,0,0
0.3807,0.01082,CTATTACTAACGCGCC,,0,0
0.3807,0.02415,CTATTAAACTGTTACA,K50D,1,1
0.3806,0.01852,ATACGCAGAAATTTCA,P227G L428W,2,2
0.3806,0.02873,ATGACCGTATACAACA,,0,0
0.3805,0.01666,GAGAGACTCATCAATG,A212W,1,1
0.3805,0.01666,TGAATACTAAATGTTA,,0,0
0.3805,0.007372,TATATAAGGTCGGATC,V490L,1,1
0.3805,0.002666,GCGACATGCAATTAGA,,0,0
0.3804,0.01872,CTAAAACAATGAAGAG,,0,0
0.3802,0.009738,ATCATCATCCAAAGAA,T128G,1,1
0.3802,0.004799,AGGTTACTTTTACTTT,,0,0
0.3799,0.01716,GACCATTTCCAATTGT,K472W,1,1
0.3799,0.01716,TGTTGAAAACCGAATA,H435R,1,1
0.3797,0.02521,CAAGGCATACAATAAC,N53A R201V,2,2
0.3797,0.02189,TGGGAATAAGATCAAG,I395F,1,1
0.3794,0.03695,GTCTATTAAAATAACC,,0,0
0.3794,0.02217,AGCCCCTGATCATACA,P169H,1,2
0.3794,0.03023,CTTACTATATCCAGTA,L439A,1,1
0.3794,0.00739,CTCATTGATCAATTTA,N53P,1,1
0.3792,0.002726,ACTCTCATATATGTCA,T328E,1,1
0.3792,0.003949,TCATGAATAGTACAAC,T328E,1,1
0.379,0.001813,CTCAAAACTCAATTAC,,0,1
0.3789,0.01786,GCTGTAGTTATGTTTG,R208G,1,1
0.3789,0.03775,TATGCGACCAGAAGTA,P289L,1,1
0.3788,0.001699,CAGTTAATCTGAAGGC,,0,0
0.3787,0.02636,GGTGCACTTAACGACC,F467M,1,1
0.3787,0.004236,CCAAAACAACTTTACA,E280C,1,1
0.3786,0.002893,ACTCTTATATACAATT,E449A,1,1
0.3786,0.03132,AACATATACCGTAAAT,N285F,1,1
0.3785,0.02305,GAAGATCACCCCGACA,,0,0
0.3785,0.06915,TGTAATACGAACTGCA,P324V,1,1
0.3785,0.02305,TTCTTATTAAAGAATC,,0,0
0.3782,0.006357,AGGATCTGCACATAAC,,0,0
0.3782,0.02336,AGTATTACAAGCACAA,,0,0
0.3781,0.05025,AGGGGACCGTTTTTGA,H184M,1,1
0.378,0.004711,CCCATTATGATACACC,D291M,1,1
0.3778,0.03947,ATTCAATCAGATCCCT,G263K,1,1
0.3778,0.1184,AACTTTTGGCATTCTA,,0,0
0.3777,0.004529,AATCGCGCAATAGATA,V43C,1,1
0.3776,0.02761,AGCATACAAAATACCT,A373C,1,1
0.3776,0.007332,TTTAAACCATTCCATC,L111Q,1,1
0.3775,0.008767,GATTGCACAATCATTG,,0,0
0.3775,0.01441,TCTTGGCAAGACAGAA,D225W,1,1
0.3775,0.07203,TCATAATTTATAAGAC,,0,0
0.3775,0.006324,CTTATACTCAAAACTA,K368S,1,1
0.3775,0.009745,CGGATATATCGCGGAA,K82D,1,1
0.3775,0.01336,AAATTATACCTTTCCA,H184N,1,1
0.3774,0.008409,CTAAATATCAAAAAGG,I51L,1,1
0.3773,0.05175,GAACCTCTGACTAAAG,I3M I214P,2,2
0.3771,0.01465,CCGTAAGCAGCAAGAA,,0,0
0.3769,0.0031,ATAGACGACAAACCGA,Q132E,1,1
0.3768,0.007879,AAAACTCACTCACTTC,K276Q,1,1
0.3768,0.02469,CTAACAGTAAACGATT,K82L,1,1
0.3768,0.009508,TTTACAAAATAAACAT,L381T K397H,2,2
0.3765,0.009614,AATGCGATGTGTTAAC,,0,0
0.3764,0.01014,ATTCAACTGTACAACT,,0,0
0.3764,0.02505,TTAACCCTAGATGTGG,R92Q P289K K411R,3,3
0.3763,0.009667,TTGTGCTATACGTTCC,T318Y,1,1
0.3763,0.0102,TAAGAATAACCATGAT,V347C,1,1
0.3762,0.003674,CAACTGGACATCGCCT,N296H,1,1
0.3762,0.03443,TCAATGTAACTATCCA,L118F,1,1
0.3762,0.008062,TCACAAAAAATGTTAC,I236L,1,1
0.3762,0.003415,TAATCCCTTACTTCAC,K453C,1,1
0.3762,0.007155,CAGTCCGTCCTCCGAA,P324R E325K,2,3
0.3761,0.007444,AAAATGCTAAACACCA,E390G,1,1
0.376,0.04236,AATATAATACCAAATA,S198M,1,1
0.3759,0.02949,AACAAAACCTAAGTCT,,0,0
0.3759,0.02949,ACTACGCCCCCTACAG,S96W,1,1
0.3759,0.01668,AGCAAACAGTATTGGC,P239R,1,1
0.3757,0.01101,ACCTCTTGAAACTAGA,,0,0
0.3757,0.05504,CTCAAGTTAGAATCTA,,0,0
0.3756,0.02579,TGCGTCCTTAATAGTC,Q75D,1,1
0.3756,0.02038,GACCTGGCCGCACAAC,G78A,1,1
0.3755,0.01179,CTGAATTCACATAAAT,,0,0
0.3755,0.004689,GGTTTAAACATTTCCG,H18L,1,2
0.3754,0.04342,GGGATCATTATTACAT,,0,0
0.3754,0.006204,CGAAGATCTATACACG,,0,0
0.3753,0.01701,GTGATTAAAAGATACC,N483H,1,1
0.3752,0.01571,AGCAAAGCCCATGGGA,D225M,1,1
0.3752,0.01122,GAACAGAAACTTCAGT,,0,0
0.3752,0.07855,TTACACATTCAGAATT,F448Y,1,2
0.3752,0.07855,TTGAATGTAATAGAAT,T135V,1,1
0.3751,0.01363,GTTACTCAACTATAAA,G129R,1,1
0.375,0.002849,TTAAAGATGATTCACG,L381F L427M,2,2
0.375,0.01585,GAACCACTACTCAAAA,,0,0
0.3749,0.009698,GAACACATCTTTGTCT,Q327W,1,1
0.3749,0.009698,TTTAAAAGAGGAACAT,D487N,1,1
0.3749,0.05684,ACTAATACAACCCCCA,A69S,1,1
0.3749,0.05684,TAAGATCACAAACCGT,,0,0
0.3748,0.005318,TGGAACAGGCTCCCCA,N63S,1,1
0.3748,0.01735,AAACACTATCGCAATC,P55L,1,1
0.3748,0.01288,AACCCTCACAGCAACA,Q376I,1,1
0.3747,0.009311,AGCAAAATTAATGCCT,N45W,1,1
0.3746,0.02113,AATTCCCATAGTCAGA,R141I,1,2
0.3746,0.005993,CTGAGGCAATCGTAAC,N290K,1,2
0.3746,0.005823,GGACAACATCCATATA,T10H,1,1
0.3743,0.01229,ATACAATCAAAAATCT,N216E,1,1
0.3743,0.02387,AATAAATTAACCAAGA,T12I,1,1
0.3743,0.01098,TTACCGATTAAAACAT,Q211K Q327K,2,2
0.3742,0.005582,TTAAATAATTAAAAAA,K82T,1,1
0.3742,0.0163,CAGAACCGCTTTCAGA,R383M,1,1
0.374,0.001652,CAGAAAAGCAGCCAAT,D175E,1,1
0.3739,0.04571,AACAAACTATCCCGTA,,0,0
0.3739,0.03165,AGTCTGCACAACAGCT,,0,1
0.3739,0.02165,CAAACACGATACATAC,,0,0
0.3739,0.08228,CAGGCAATAGCGCGTC,R92N,1,1
0.3739,0.01959,TCTATTTGAATAACTG,S312M,1,1
0.3738,0.006163,ATTGAGGTAATTAATT,R201S,1,1
0.3738,0.002976,CTTTAACTGAAAATAT,I214C,1,1
0.3738,0.004986,CCACCACACAAATTAA,A304H,1,1
0.3737,0.01119,ATAAAATATCAAAACG,,0,1
0.3737,0.01256,GATACACAAATCAAGC,,0,0
0.3737,0.001781,TCAGTCTCGAAAACAA,T328M,1,1
0.3734,0.03223,AGATTCCAAGTAACAT,S114F,1,1
0.3734,0.01134,GATGTCACAATAAATA,R269M,1,1
0.3733,0.01826,ACAATAAAAGGATGAT,,0,0
0.3733,0.01826,GTTGTCATCCTCGAAT,,0,0
0.3733,0.007941,AAAATACAACCATTAC,,0,0
0.3732,0.005217,CTACAACCGGTTGTTT,K140F,1,1
0.3731,0.009839,TATGTGGCCTCATACA,,0,0
0.3731,0.01284,ACAATAATTTACTCAT,D101L F448W,2,2
0.373,0.005826,AGCAAAAAGATCTCAA,,0,0
0.3729,0.003978,TTTTGAAATGACCTCA,K264T,1,1
0.3728,0.005023,GGCTTCCTCTTTATAG,,0,0
0.3728,0.008379,AACCGTTACTTGTACC,L367W,1,1
0.3728,0.01711,ACCTTTACTTGGCCAT,,0,0
0.3726,0.01001,TAATTGAATCTCATCA,N126Y,1,1
0.3725,0.01391,TTCCCAGATACAGTTA,R33A,1,1
0.3725,0.02879,GAGTTAGAATATATGA,V166I K310L,2,2
0.3723,0.03348,AACATCTGGGTAAGTT,,0,1
0.3723,0.01013,AAGTCAAATACCAGCT,N159R,1,1
0.3722,0.02076,CCCCCCTGTGATAAAC,,0,0
0.3722,0.01745,GGTCCGCTGTGAAGCA,,0,0
0.372,0.02309,CTGACTATTTAATCAA,G240E,1,1
0.372,0.008282,TTAGTTATACTTCGAC,,0,0
0.372,0.00976,CAAAATGAGAGTTCAA,K468F,1,1
0.372,0.007453,ACAAGGTTTTGGATCT,,0,0
0.3719,0.01763,TACGAGAAAACATATC,Q454R,1,1
0.3718,0.06304,CAAGACGGATTCATTC,,0,0
0.3718,0.02601,CTGATAGAGAATACAC,,0,0
0.3718,0.02601,TTACTAGGATTCCACA,N94H,1,1
0.3717,0.01343,ACAACTCCCTTATTCA,S312W,1,1
0.3717,0.03414,CCATTCTCGACGACGA,S54T,1,1
0.3715,0.01655,CTCACGAAACCCCTGC,W234A,1,2
0.3715,0.02978,GAGAATTACTGATCTT,,0,1
0.3714,0.0195,AGTCAAAATTAATTCC,E410H,1,1
0.3713,0.005998,AATAGATCCTCAATAC,R383V,1,2
0.3713,0.01799,ACTTAGAACCGTTCCT,,0,0
0.3713,0.01799,CTACTCGATTAATAAA,,0,0
0.3712,0.01099,AACAGTAATTCGCCCA,K2Q L420M,2,2
0.3712,0.02373,GTCTCACTTTTTAATA,S266C,1,1
0.3709,0.005474,ACTAAGCTGAACCAAA,T301K,1,1
0.3709,0.01818,GGGGAACACAAACACT,Y423W,1,1
0.3707,0.01308,TGCAGCCCCAAAAATG,A106I,1,1
0.3705,0.04192,AAAATAAAATCAATGT,S91V,1,1
0.3704,0.01248,AATCTAATACTTATTA,S91T,1,1
0.3704,0.03554,AATCAAAACTACTCCA,,0,0
0.3702,0.01602,AAGTCTCTACCCTCAA,I48A,1,1
0.3702,0.004267,GGCCTTTTCACCATGA,,0,0
0.3699,0.0142,TCAATGAAGAAATCAA,,0,0
0.3699,0.01877,CACCATACACATCAAT,V490E,1,1
0.3699,0.01877,GACGATCATAAAACAC,Q211W,1,1
0.3699,0.001761,TACACGACCCTGTTAG,N126S,1,1
0.3698,0.003704,ATTACCACATGCCTAA,,0,0
0.3698,0.0314,AATAAAAACAACATAG,,0,0
0.3696,0.01632,TCCCCATGTAATCGAT,K2G A212F,2,2
0.3696,0.05265,AAAATGAATAATTCCA,N489M,1,1
0.3696,0.01755,ATCGATAATTGTATAA,V223R,1,1
0.3696,0.007772,CACGAAATATAAACGC,,0,0
0.3695,0.01218,AAGCTATAAGAATAAT,,0,0
0.3694,0.02266,TTCAAATAAGATGGAT,Q211I,1,1
0.3694,0.0251,ATAATTAGGAGAGGAT,T65S,1,1
0.3693,0.01226,TCAAGTGTGCCCGGTT,,0,0
0.3692,0.03198,AACGTATAAAACATGT,Q57I,1,1
0.3692,0.008722,CGAAAGTAACTTTTGC,H184Y,1,1
0.3692,0.01919,TAATACTCCTACGCCT,S287C,1,1
0.369,0.01304,TTTCAAGATACATTTG,W234F,1,1
0.3688,0.01032,CTTCGCCATTTAATAT,T388M I481L,2,2
0.3687,0.02859,CACTCCAATCGACCAA,Q80W,1,1
0.3687,0.02859,GAAATCTATATCAGCC,S262A,1,1
0.3687,0.02859,GAAGTGTACCAAGCAC,K278V E484K,2,2
0.3685,0.02327,ATCCCAAAAACATATA,G479D,1,1
0.3685,0.001706,TAGATAAGATACCGAA,,0,0
0.3683,0.03786,TTGAGACCTTGAAATT,G78K,1,1
0.3682,0.008659,GAAATCTACTACCCTA,S54Y,1,1
0.3682,0.02907,CAAATTTAACACAACA,S149L,1,1
0.3682,0.02907,GTGTACGTCATATAAC,N158H,1,1
0.368,0.0452,TTTATAAAGAAATTAT,,0,0
0.3679,0.00743,GTTAACAGCACTAACA,K238L Q356L,2,2
0.3678,0.005369,TAGTGATGAAGACCAA,,0,0
0.3678,0.006329,TATGAATAACGCATAT,S9N,1,1
0.3676,0.02956,AACGAATGACCGACTT,D60N,1,1
0.3674,0.002593,AGAAAGAGTAATCGAA,N497V,1,1
0.3673,0.004644,TCTTTTGGCTCCAGTC,E83S,1,1
0.3672,0.1015,TGCTGTTAGACCAAAA,I202V,1,1
0.367,0.0464,TACATCATCTACAATA,D493A,1,1
0.367,0.03007,CAAGAGAGTGTTTATC,L111M S231Q,2,2
0.3669,0.01765,TTAACAACCCTTCTAA,N285D,1,2
0.3669,0.01463,TGACTAATAATATAGG,S219G,1,1
0.3666,0.07377,GATTACTATGCACCAT,,0,0
0.3666,0.01783,ACAGGTAATTAGTTCG,,0,0
0.3665,0.03452,CTAGCAGAGAGGTTAA,N8Y,1,1
0.3664,0.008817,TTCACCAATTTCGAAT,A430T,1,1
0.3662,0.02749,CAATAAGGCAAACCCA,K278L,1,1
0.3661,0.01277,CCCAGGCATTTACGTT,,0,0
0.3659,0.04052,AAAGTTTCTTAACGAA,E457F,1,1
0.3659,0.04052,CCACATAACCTACCAT,I232V,1,1
0.3657,0.01514,TATAACAATAAGCATC,,0,0
0.3656,0.008437,GAATAGAACTTAAAGA,S231V,1,1
0.3655,0.01006,TTATATCATTATTCAA,R208C,1,2
0.3654,0.001969,CAAGCCTCACGGTAAA,,0,0
0.3653,0.01245,TCACTAATAGTCAGTT,E403V,1,1
0.3652,0.007564,TACATACCACTAAATC,M168Y,1,1
0.3652,0.006977,ACTTAACCAGCCGATC,S144I,1,1
0.365,0.01254,AAGCTAGATCGAACCA,N489W,1,1
0.365,0.0186,GTGCACTGCATACCAA,V102L,1,1
0.365,0.02568,GTTCATTTTAAAACGA,I214H P324A,2,2
0.365,0.01634,TCAAATCAAATGAAAC,K453T,1,1
0.365,0.05992,AACAACCAAACCACGA,,0,0
0.365,0.009142,ATAAGTGCACCAGCAA,S54W,1,1
0.365,0.03172,CGAGATATTGACGCAA,,0,1
0.3648,0.008887,ACACTATCATAAAGAA,,0,0
0.3646,0.0188,TTAACGTTAGAATCTA,N8P G62E,2,2
0.3645,0.02607,ATAACTTTCTAGTCTA,R201A,1,1
0.3644,0.01336,ACTCAAACACGAGTGG,D73T,1,1
0.3644,0.007313,TGAGCCCACTCCTCTC,L428F,1,1
0.3644,0.003285,TCCACAATCACAGTCC,,0,0
0.3643,0.01666,ACAACATATTGGTGCA,R482L,1,1
0.3642,0.03672,AGAGTAATTTAGCGAA,,0,0
0.3641,0.02212,AATCGAATCCATTACT,,0,0
0.3641,0.002959,TATATAGCGATACGCG,K207D,1,1
0.3639,0.05045,AGAGCTTACAGCAACT,A304T,1,1
0.3638,0.00705,AAATTACAGCATACCA,K264N P293L,2,2
0.3638,0.02935,CAAATTTATTGAAATT,K259T,1,1
0.3637,0.002551,TAATTCACTTCAATCA,L244M,1,1
0.3636,0.02241,AAGAGTGTATTCCCGT,,0,0
0.3636,0.02241,TCCCTGAACTAGAAGA,,0,0
0.3636,0.006159,ATATTATGAAGATGAT,R482K,1,1
0.3634,0.02444,GCAACTATTAACTGAG,N22M,1,1
0.3634,0.03751,CAAGTCACAAATTCGT,,0,0
0.3633,0.005581,AGCCGGAGTCATCACA,,0,0
0.3633,0.08063,AAATGTTAACTACATG,E401N,1,1
0.3633,0.003691,GTGGATAAATAATAAA,A106D,1,1
0.363,0.01535,CTCTTCGTTTTAATGG,A93I,1,1
0.3629,0.01628,GTATGCTGGACGTTTA,,0,0
0.3629,0.01965,ACCCCTTCACTGAAAC,V323W,1,1
0.3629,0.01965,ACTTAGATTAGTGTCA,,0,0
0.3629,0.02479,CCAGCTATCGCAACAC,R92W T318I,2,2
0.3629,0.008264,CTGGCCAGAGTCTAGA,G78Q,1,1
0.3628,0.05197,AGGAATAACCATCCTA,,0,0
0.3628,0.05197,CAAATTGCCTACGCCA,,0,0
0.3628,0.05197,TATCTCCAAATAGGAA,,0,0
0.3627,0.01549,GATTACGACCACACCC,,0,0
0.3626,0.007095,AGCGTAATCCAATTAT,K417G,1,1
0.3625,0.004078,ATCCAACTGATGAACC,P169N,1,1
0.3625,0.115,GATTTATAAAATACTC,D175K I242A,2,2
0.3624,0.002993,ACATCTGAAACGAGCA,N133H,1,1
0.3621,0.03423,AAATGCTATCATAAAA,A212F,1,1
0.3621,0.03423,CATAACCGGAATAAAG,,0,0
0.3618,0.01503,TTTTAAATGACAATAG,,0,0
0.3617,0.02173,ACAGAATCTTACTCGG,T328I,1,1
0.3616,0.007082,GTATTCGATCGACATA,I242H,1,1
0.3615,0.01786,AGGAAAATAATTTATC,D493E,1,1
0.3614,0.002724,GTGAAGACTATTACGA,S358C,1,1
0.3614,0.02819,AGTACCATGCCAATCT,,0,0
0.3613,0.008591,TAACAATACCTCTACG,,0,0
0.3613,0.01447,ACAGGTTTGCATTGCA,F258W,1,1
0.3612,0.03492,AGATCAATAAACATAG,,0,0
0.3611,0.002299,TGAATCCAAAAAACAC,,0,0
0.3609,0.003498,CATTTGTAGTTTAGCC,,0,0
0.3608,0.00343,TAACCCTACCATTTAT,,0,0
0.3607,0.06685,ATCAGAAAGACCTAAA,,0,0
0.3607,0.02865,TAGCGGATAACCTATT,G352A,1,1
0.3606,0.004747,TCATCTAATTTACTAT,,0,0
0.3605,0.002406,GTAAGTTTTCATAGAA,D104R,1,1
0.3605,0.02629,AATAGTGGACTAATAT,A430T C466N,2,2
0.3605,0.02629,GAACCACACATTAAAA,,0,0
0.3604,0.01188,ACTCACTACTTACAAA,D7Y,1,1
0.3599,0.04712,AGTTCGAGGAGCAGAT,N285K,1,1
0.3599,0.009155,CACATACCCTTGATCA,N81K,1,1
0.3597,0.1232,CGACAAGCAATTTGAA,Q501P,1,1
0.3596,0.005374,CAAAAAAAATGGTATT,N445T,1,1
0.3594,0.02001,CTAACTATTGTCATAG,A334M,1,1
0.3594,0.02001,TCATCAGAATCAGTAC,S199I,1,1
0.3592,0.02963,AAAAACACCTTAACAA,,0,1
0.3592,0.01684,ACACGACCGAGAAATA,L420M,1,1
0.3591,0.02712,AGTCAGCAACAATGTA,,0,1
0.3591,0.02712,CTACCGACAATAATAC,F174S,1,1
0.3589,0.02024,ACGGATAATTACAAAC,K238M,1,1
0.3588,0.0571,TTCTACCGATCCTCCT,D104T N498I,2,2
0.3588,0.01031,TAGATTTACAGTATTT,I242D,1,1
0.3588,0.01701,GAGCTGGCAGCATATA,N63L K259R,2,2
0.3585,0.03329,AGACAAACTACCAGGA,D77Q,1,1
0.3584,0.02536,AAACCTCCACCATTTT,L381M G404Q,2,2
0.3584,0.007132,CACAGACCGCAATTCC,D348G,1,2
0.3583,0.01201,TTAAAAAGCCACTTAA,K121D,1,1
0.3582,0.01117,GTTCCTCTACTTAAAA,,0,0
0.3579,0.001524,TTATGATATTACACCA,,0,0
0.3578,0.02382,AATAATATCACTATCT,,0,0
0.3578,0.02382,TACCCGGCCAAACCGC,,0,0
0.3578,0.005148,GCCCTCTACTTAATAT,,0,0
0.3575,0.0431,ATGAGTAGAGAACTCT,A93N,1,1
0.3575,0.01505,ACACTCCCGCAAAGTT,,0,0
0.3575,0.006964,GTCCTACATGATTATC,,0,1
0.3574,0.001301,TTAAGCTTGTTTAACA,L244C,1,1
0.3574,0.007816,CTCATCCCTACCTCTT,,0,0
0.3573,0.05904,ACCAATAATCAGAATA,,0,0
0.3573,0.01968,CACAGGATTACAGAAT,,0,0
0.3573,0.01181,GCCTACATAGCTAAGT,R208I,1,1
0.357,0.00921,ATCGTAGCTGAACAAC,K121T,1,1
0.357,0.005901,AAGGAAAATACTGAAC,Q132V K310S,2,3
0.3569,0.01285,TGATCTAGTATAAAAT,,0,0
0.3569,0.09369,GCCTTTACCCCAATCA,,0,0
0.3565,0.01162,GCTTACCCAAGTTAAA,A163C Q376Y,2,2
0.3564,0.02652,AGTAAGAAGCACCATA,I3Q,1,1
0.3563,0.0109,GAAATGTTAAAAAAGT,K50A,1,1
0.3562,0.02892,TGTAACAGCCCAACCG,,0,0
0.356,0.01807,GAATTTAGATCAAAGC,N285R,1,1
0.356,0.01486,CCAAAACATCCATCAT,Q44S,1,1
0.3559,0.01559,TACATAACATCTAAAT,L70M,1,1
0.3558,0.03532,ACTCAAAAACTGAAAT,,0,0
0.3556,0.007094,TTAACCCCACGTAGGC,,0,0
0.3556,0.02176,AATTTAGCAACGTCTC,,0,0
0.3556,0.03972,ACAGTTTGTCAAACAT,Q80S,1,1
0.3556,0.03972,GAGCAAAAGCATGTGC,K171D,1,1
0.3555,0.01826,ACATACAGAAGTAAAA,,0,0
0.3555,0.01186,CTGAATAATTTAACGC,M268I,1,1
0.3554,0.02336,CTAAACTCAAACCGAT,H184M,1,1
0.3552,0.0324,GCACCTCGATATACTA,T370S,1,1
0.3552,0.0324,TACCTATGCCAAGTGT,,0,0
0.3549,0.02736,CAAATCACAGAATCCT,,0,0
0.3549,0.009918,GAGAATTCTCTACATG,M268F,1,1
0.3549,0.0167,ACAATAATGAATTGTT,R222A,1,1
0.3549,0.03606,ATAGCAGAACACATCA,T485K,1,1
0.3546,0.02992,AGCAGCGAGGATCCTA,,0,0
0.3545,0.008959,TAACGGACGCCTCTTA,K278G,1,1
0.3544,0.01355,TTCTCACTAATATCGA,D7S,1,2
0.3544,0.04065,ACCGCCAAGGACTCAC,K417Q,1,1
0.3544,0.04065,CCAACCTGGCCAGTTC,K292L,1,1
0.3544,0.00374,ACGAACAGAATAACAG,,0,0
0.3543,0.01415,CAGAACTAAATAGAAC,N38S,1,1
0.3543,0.09905,TGTTACTTATGTCCAA,L70A,1,1
0.3542,0.006143,ACAATAATACAATGGT,K131R,1,1
0.3542,0.0114,AACAGACTAACAAAAA,S262W,1,1
0.3541,0.007334,CCAATACCGTCCATGC,Q44N Q501W,2,2
0.354,0.06336,TCGCAACAAACAACTC,,0,0
0.354,0.002995,TTCCCACAAATCACAC,,0,0
0.3539,0.005976,GGAATAGGTTCTACTC,N63E,1,1
0.3537,0.02262,AGTATACTTTAAAATT,,0,0
0.3537,0.00723,AGATCCCAGTATACCC,G49F,1,1
0.3535,0.008286,CAATAACGAAAAGTAC,L428A,1,1
0.3534,0.02138,AATAAAGAAATAACTT,E426Q,1,1
0.3534,0.005007,AAACGAGCTGAAGACC,D493G,1,1
0.3534,0.00995,AATTACACTCGAGCTC,V347Q,1,1
0.3533,0.03366,AAACTATTAATCTTTT,P284Q G386P,2,2
0.3533,0.03366,ACAAGGGTATCAACCA,K326D,1,1
0.3533,0.04162,AACGAAATAGGTCAAC,G181A,1,1
0.3532,0.006508,TTGCCAATAAACCTTT,,0,0
0.353,0.07904,GTTTGGCCCACAGAAA,P221C,1,2
0.3528,0.03762,CTAATGAAATCCACAA,,0,0
0.3526,0.01595,AGCACTATACCAAATC,S95Q,1,1
0.3526,0.04786,ATAGAATAACTCCTAT,,0,0
0.3525,0.01755,TTTTTTATTACCAATT,,0,0
0.3523,0.02675,TTGCGTTCACATCATA,,0,0
0.3522,0.02192,TTTACTAATCCAAGTC,M444F,1,1
0.3521,0.005889,ATCCATCATACCCAAC,,0,0
0.3521,0.0161,AAAGGACTGACAGAAT,S358D,1,1
0.3521,0.04265,TCAGATGTACTCTAAC,S143Q,1,1
0.3518,0.01195,CTCAATTAAATGCGAC,P221L,1,1
0.3518,0.01696,TTTAGATAGATGATTT,K450M,1,1
0.3517,0.009012,TAAACGTAGTGCAGCC,L428W,1,1
0.3516,0.0563,ATAAGAACTGACTGAC,,0,0
0.3514,0.005003,CCAATATACACAGACA,,0,0
0.3513,0.008658,AATAATAACTCTCGAA,G240K,1,1
0.3511,0.03214,CCGCACACGGGTTTAA,S143I,1,3
0.351,0.01897,GACACTCATATAATAA,,0,0
0.351,0.01043,TTTGATGATCAAGGCA,I214D,1,1
0.3508,0.008745,GCCCGCATTAGGAACG,G49Q,1,1
0.3507,0.01656,CAGAAATGAGTAACCA,S279Y,1,1
0.3507,0.02761,TGACCGCAATTCCCAT,P239I,1,1
0.3505,0.03933,TAGCCGACAAACTCAT,,0,0
0.3502,0.06835,ACCCTAATGTGGCAAA,,0,0
0.3502,0.06835,CCTATACAACCATCTT,I267T,1,1
0.3499,0.01482,AAACTCAGGTTGCTTC,Q173D,1,1
0.3499,0.0194,ATACCCAAAGATACCG,,0,0
0.3497,0.002841,CTGTTCTTATCCCAGG,A304M,1,1
0.3497,0.008726,AGCAAATATACCGCCA,,0,0
0.3497,0.02618,TGGGCCAGACTATCAG,Q75Y,1,1
0.3496,0.05066,CTACCTTCCTCATGAT,D188M,1,1
0.3496,0.006283,CAAAATTGCTTAACTA,K503L,1,1
0.3494,0.0218,GAATAAATTCATCGAT,,0,0
0.3494,0.0218,GCAAGAACAGAAAACC,N475I,1,1
0.3493,0.003847,TTTGGTGAAGTTTATA,E494V,1,1
0.3492,0.007036,TACACTAATAAAAGAA,,0,1
0.3492,0.005855,AAGAACCCCCGCATCC,R92D,1,1
0.3491,0.003745,TTGATACCTAGTCGAA,,0,0
0.3491,0.01634,AATTAAGGCAATTTAA,L384I M444I,2,2
0.3491,0.003215,AAACTACAGTTCCCGT,,0,0
0.349,0.007923,GTTTACCTATCCTGTG,L367E,1,1
0.349,0.005875,AATCAATTCTCGTCAT,E484Y,1,1
0.3489,0.02851,AGTTCTTCCTCAAATA,,0,0
0.3489,0.02658,ATTTTAGCCCGTATCT,T313H,1,1
0.3489,0.008664,CACGATTCGAAAAATC,G49M,1,1
0.3487,0.006398,CTATAACGTACATCAC,,0,0
0.3486,0.01888,TTAGTCCTTTTGATTT,,0,0
0.3485,0.007682,CACGTCAAAAGAACCC,T10M,1,1
0.3484,0.01011,CGAAAGAGAAAAAGTA,,0,0
0.3484,0.009853,TCGACTTACACTACTA,T30E,1,1
0.3483,0.002735,GTTTGGAGTCGCAGTT,K264M,1,1
0.3483,0.00254,AAAAATTATTCAACCA,,0,0
0.3482,0.006342,GATACAATTTTGTCCC,T135N,1,1
0.3482,0.006048,CTGAAAACTAAAAGCA,Q173S,1,1
0.3482,0.005102,CATTGCTTAGGTTACC,,0,0
0.348,0.0412,AAAACCAGAACTTTTT,N122E,1,1
0.3479,0.004289,AGATATATCGACCTGA,Q44K,1,1
0.3477,0.009483,CAAACAGCGGCAACAA,,0,0
0.3476,0.01384,GCATTTCTTGTCCTTA,P55M,1,1
0.3475,0.01682,CAGATCCCCGTAAAGA,T65L,1,1
0.347,0.01093,AACTGATGCACAAAAT,Q356C,1,1
0.3468,0.0127,ATTTTTCACACTGAAA,K207T,1,1
0.3467,0.0422,CATATACCGTGAATTG,P324L,1,1
0.3467,0.02169,AACACGGTGCACACTC,Q356R,1,1
0.3466,0.009238,ACTGAAACTGAGCAAC,R224Q,1,2
0.3465,0.01239,AAAATCCCCGCTAACT,,0,0
0.3464,0.01279,TTACATTTCAAAACGC,A163S,1,2
0.3464,0.005802,TTAACGTGTACGCAGA,D408W,1,1
0.3464,0.0538,ACGGATCACCGTAGTA,,0,0
0.3463,0.02786,CCGAAGAGATTATCCT,I48P,1,1
0.3463,0.02786,GCATAGTTTGATCAAT,S124A,1,1
0.3463,0.0188,TTATTCCAACACTGAT,L111Y,1,1
0.3462,0.006582,GGAGCCTGCATGTAAC,H393G,1,1
0.3462,0.004968,TGTCCAATATCCCCAG,,0,0
0.346,0.006392,AACCAAGTTATATAGA,S110R,1,1
0.346,0.02196,AGATGCGTCAAGATAA,R383H,1,1
0.3459,0.01732,CCCGAACATATCAACG,S95A,1,1
0.3458,0.03542,CTGATCAAAGTGCCTT,,0,0
0.3457,0.0742,TAAAAAAAGTCCTTTC,,0,0
0.3456,0.00188,ATTTAGACAACTAAAT,V182A,1,1
0.3452,0.09156,CACATTACTTAGTACG,Q210R E426D,2,2
0.3452,0.09156,CCATGTTCCCCATCTC,,0,0
0.3452,0.03052,CTAACGTTGTTCTTCA,,0,2
0.3452,0.03052,TTTGTTGGAATTCACT,R383V,1,1
0.3451,0.006302,TAAACAAGCTATCACG,N216K D474N,2,2
0.345,0.002452,CATATTAAATCTCGAA,,0,0
0.345,0.01621,AAGATAATGGTTGAAC,,0,0
0.345,0.04863,ACAGAACGGTTTCCCA,E83M,1,1
0.3449,0.01691,ATCAATAAATCGCGGC,T203H Q311K,2,2
0.3448,0.01454,ATTTCATTACATACGA,G62E,1,1
0.3448,0.01023,TAAATATCGTAGAAGC,,0,0
0.3447,0.01169,ACAACACGTACGTGTA,,0,0
0.3447,0.0151,AACAGAGGGACTCGCA,K82V,1,2
0.3447,0.008229,GATAGTACGTCAAGGT,,0,0
0.3447,0.009781,GCCTGCAAATCCCCGC,,0,1
0.3446,0.00737,CAAAGTGAAAGGAGTA,S198T,1,1
0.3445,0.01851,AATCCGCCCTATATCA,,0,0
0.3444,0.01057,ATACTGCTGTTAAATA,,0,1
0.3443,0.004379,TCAGTCTAATTTACAA,I58M,1,1
0.3442,0.02044,CCATAAGACGCCCATC,V406I,1,2
0.3439,0.01479,TTCAATGCCTTTTCAA,R141F,1,1
0.3438,0.004608,ACACAATCAAGCAACC,,0,0
0.3438,0.03375,CCACGCACTTTGAAGG,,0,0
0.3437,0.00853,CCCAAATCCAACGCGA,K453V,1,1
0.3437,0.005057,AAAAAATGGCAAGTCA,V166A,1,1
0.3437,0.01386,AATGCCTGTCAACTCT,A372L,1,1
0.3435,0.02069,GACCTGTAAGTCTTCA,I242T,1,1
0.3433,0.01491,GCAAACCATATAAACA,,0,0
0.3429,0.02313,ATTTCTTAGCCGACCA,K276M,1,1
0.3428,0.009223,TTAGGAAGTATCCAAC,G263K,1,1
0.3428,0.006651,ACCCTTTCCACAATAA,N94C,1,1
0.3428,0.02094,TATTGACAGAAACGCC,E426M,1,2
0.3426,0.05736,ATAGGAAAAAAGCATA,P306A,1,2
0.3426,0.03442,GTAGAAATACTAAGCG,T328Q,1,1
0.3426,0.01012,ATATGAAAGCACGTTG,,0,0
0.3425,0.01249,CAACATGTTGTACCTT,,0,0
0.3425,0.00461,GCGCCACGTATGGCAA,,0,0
0.3423,0.04552,TGGCCAAAGAGTATGG,Q80N,1,1
0.3421,0.03774,ATCTTTCAATACTTAA,,0,0
0.3421,0.03774,TCGAATTATCCCAAAT,K452R,1,1
0.342,0.01473,AACAACATTCTCCCCA,,0,0
0.342,0.09667,AAAAATGTCCTAAAGG,Q210L,1,1
0.342,0.03222,ACGGAACCCTTCTTGA,K310S K503A,2,2
0.3419,0.008452,GAGGATATCACTAATA,K131N,1,1
0.3418,0.008991,ATAAAGAATCTCCCAA,S143D,1,1
0.3418,0.007094,CGGTAAAATTACAACC,E280Y,1,1
0.3415,0.0069,CATAGACGTCCATGAA,,0,0
0.3414,0.03029,GTGACTTAACCATAGT,S54V,1,1
0.3413,0.004377,ATCCCTGCTAAGAATT,P221T,1,1
0.3412,0.01144,ATTGGAGTAAGTTCAT,Q210L,1,1
0.3412,0.009901,CGCTTCCCCGGATGAA,,0,0
0.3409,0.001061,TCAGATTTCTTCGCGA,N122R,1,2
0.3408,0.00441,TGGCCTGGGATCTTCG,N122K,1,1
0.3408,0.03283,CGCTACTTGAAACATA,V88I,1,1
0.3408,0.03283,GCAAGGATTTACCGCC,A304S Q501D,2,2
0.3407,0.00668,ATCATAATTTAAGAAG,,0,0
0.3404,0.08115,ACAAGATGCCTAACTT,S143V,1,1
0.3401,0.03584,AGTCCATTCCAATTAC,N94V,1,1
0.3401,0.01573,TCGCGAAAAGCCACTG,M168S,1,1
0.3399,0.006289,CACACTTTCGATATAA,N285R,1,1
0.3399,0.006289,GACCGCGAAGGAGAGA,E280D,1,1
0.3398,0.02906,AACCCAGAAGATAACA,N6M,1,1
0.3397,0.022,AGTCATATTACATTAT,N53G R208D,2,2
0.3395,0.0104,AATGTAAAATATTATG,V490S,1,2
0.3395,0.004253,AGAATAACTAAACAAA,N498K,1,1
0.3395,0.004462,TGGTACATGTGTATAT,,0,0
0.3392,0.06992,AGGCACTTCTATCTAG,G49H,1,1
0.3391,0.03139,TAATCAACACAAATAC,N285S,1,3
0.339,0.04805,AAACTACCTTCCGAGT,K468L,1,1
0.339,0.04805,ATTTAGAAATTATCCT,F338M,1,1
0.339,0.04805,GCGCAGGATACAATAA,N133F,1,1
0.3388,0.01946,TTCTCCTGTAAACCTT,,0,0
0.3388,0.0366,GCCTCTCTAAAACCTG,S110T,1,1
0.3385,0.006428,CAACCAATTCTTAGAG,,0,0
0.3384,0.01335,CCTTCAATACCTTAAG,Q501E,1,1
0.3384,0.1024,TGTACATGATTATTGA,P289D,1,1
0.3384,0.04388,TGTGCGAAAACCGAAA,T12M,1,1
0.3384,0.01138,AGAACATGCATTCCTT,,0,0
0.3383,0.005333,ACATCAACCAAGGGCG,,0,0
0.338,0.02646,ATTGTGCTAAACCCAT,N483V,1,1
0.338,0.005293,TTCATCCGGGTGACTA,S137F,1,1
0.338,0.001465,AATTTTAATAAAATTG,,0,0
0.3379,0.00436,TGAACAATACGTAGGG,V166G,1,1
0.3379,0.04037,TGAGATACTAGAGCAC,,0,0
0.3378,0.006237,TCCTTACCAAAATTAA,,0,0
0.3377,0.008382,CTATCAGTAAATAAAA,E426G,1,1
0.3377,0.05477,TACACGAACCAATCTT,I418A,1,1
0.3376,0.01278,TTTACTTTGAAGGGAT,,0,0
0.3375,0.01394,GCTTTAAACAGATACA,S46W Q454C,2,2
0.3374,0.01356,GTTCACTGTTTACTGA,N53Y,1,1
0.3373,0.08514,CACAGCAGCACGTAGA,E172H,1,2
0.3373,0.01102,TGACGAATAAGAATTC,R92W,1,1
0.3372,0.01915,TTCCAATCCTTGTTTT,T10R,1,1
0.337,0.01595,TTTAAAGTAAAATGCA,R307A,1,1
0.337,0.005089,AACACATTTCTCAAAG,K264R,1,1
0.3369,0.004426,ATTGTGCACAGATTGC,S107R,1,1
0.3367,0.009749,CCAATATAAACTAATA,S124I,1,1
0.3366,0.07286,AAACCAACGTAGAAAT,,0,0
0.3366,0.07286,TACCATCGGCGTAAAA,I48Q R405Q,2,2
0.3364,0.02318,AAACAAATACTAAGGT,N498R,1,1
0.3363,0.04134,AAATGAAATTGTTTCA,T328A,1,1
0.3362,0.01069,GAGTTAAATACCCTAT,,0,0
0.3354,0.003313,CCTAGGCGTTGAGCGG,,0,0
0.3354,0.009365,CTTGTCGAATCAACAA,S358R,1,1
0.3353,0.0144,ATACCATTGCAAAATG,,0,0
0.3353,0.005717,GACTCTTAATTCTAGA,I282L,1,1
0.3351,0.02934,ATCATTCCTGCAATAA,L15I,1,1
0.3351,0.001169,ATGAATTGGGTGCTTG,Q501F,1,1
0.3349,0.04622,AAATTTAAAGAACCTA,R405Q,1,1
0.3349,0.01981,ATAGGACACTCAGCTT,,0,0
0.3348,0.01495,TAGAGCGAAGTCGCAA,Q80Y K368E,2,2
0.3347,0.006717,TAAATTACGCCCAAGC,F87Y,1,1
0.3347,0.04234,AAAATTATACGTTCAG,R201M,1,1
0.3343,0.004063,AAATCGGTCATAACTT,,0,0
0.3343,0.03627,AAACTTAACGAAGTAG,,0,0
0.3343,0.01554,CGTCTATCCACTTAAT,K315F,1,1
0.3343,0.02176,GTAGCATAATTAACAT,A163S,1,1
0.3343,0.1088,AACATAACTATCAAAC,Q356L,1,1
0.3342,0.004073,TTACGCATGGTCACCA,S124A,1,1
0.3341,0.0108,CTCATTTAGGAATCGA,G62D,1,1
0.334,0.008273,ACTCTAAGGTTTCATA,G78Q,1,1
0.3339,0.08953,CTTCAAAAGACAAAAT,T313C,1,1
0.3339,0.01791,GATGTACAATAACCGT,E83T,1,1
0.3339,0.01791,TTCGTTACCGACTCCA,,0,0
0.3337,0.01568,TCGCTACCACTAATTA,,0,0
0.3337,0.02535,CCCACCTAGCCGTTGC,K276G,1,1
0.3337,0.07606,GACCCAGATAATCCAG,,0,0
0.3336,0.005719,GAAAACTTTGAAAAAA,F332L,1,1
0.3333,0.008494,CACTCGGATAAAAAAT,,0,0
0.3332,0.01094,GGATGCACAGGTTTTA,,0,0
0.3332,0.0524,AAACGAGAAGAACAAT,D408W,1,1
0.3331,0.005332,TGATAAGGACTTGCCA,,0,0
0.3331,0.04748,ACTATTGACGTTACGC,L151M,1,2
0.333,0.006202,CACCATTATCCTAGCA,,0,0
0.3328,0.03451,CGAAAATTTTTCGATA,A106D,1,1
0.3327,0.03037,CCATATTAAGTAAAGC,,0,0
0.3327,0.01012,AGGAAATGTACTTGGA,Q376S,1,1
0.3324,0.01343,GGGAACTTTCGCCTAA,I374T,1,1
0.3323,0.01018,CAAACGTTTACAAAGC,,0,0
0.3319,0.00284,GACACCCAACCTCTAA,S198N,1,1
0.3318,0.01353,ACTCCACCATGTAATC,Q132L,1,1
0.3318,0.01612,AGTCTAAAGATATTCG,,0,0
0.3317,0.01848,ACACCCCATTAGATCC,,0,0
0.3317,0.01848,GTTAGGCATCCTAGAA,S378N,1,1
0.3315,0.02913,ACTCGACGTTCCCTTG,R321L L381M H393E,3,3
0.3314,0.01231,TTGAAATAAAAATTAT,R405Q,1,1
0.3313,0.03785,TGCTAACATCATTGCT,,0,0
0.3312,0.04452,TCCTACGCAGATAAGT,Q501V,1,1
0.3311,0.01627,AATATCCGCAGAGGAA,N296C,1,1
0.3311,0.009765,AGTGATTACTCCAATT,,0,0
0.3309,0.00385,AAGATCAAGTCGACCG,K27S G218F,2,2
0.3309,0.02017,CGTCGTGCACATTCAT,,0,0
0.3309,0.008795,ATTAGAGAATGATAGA,S265G,1,1
0.3308,0.005752,AAGACTAGAATCCCCA,G404Q K472T,2,2
0.3306,0.006661,GTTAAAACAGTGCCCA,R222H,1,1
0.3305,0.01543,ATGAATGAAAACGAGT,,0,0
0.3305,0.004554,GCAACCTCATACCACT,T203S,1,1
0.3305,0.01112,CGCTCTAAATGATAGT,N63W K472I,2,2
0.3304,0.00297,AAATAAGAACAAGATA,N290V,1,1
0.3303,0.01249,CACACTCCTCCCATCG,S124W,1,1
0.3303,0.005265,ACCGAATGTTCATAAG,,0,0
0.3302,0.01888,TTACCGTTCTCTTGAA,,0,0
0.3302,0.09441,ATTCTGTTGACTCAAT,,0,0
0.33,0.008075,TTAGCAAAAAAGAAAA,,0,0
0.3299,0.01556,AAGAACCTGATTTAAA,S156V,1,1
0.3298,0.0222,ATTAAAACTGCTACTA,R269G,1,1
0.3297,0.0387,ACTCTCAACTCAATTA,N45P S107I,2,3
0.3297,0.1161,ATAACAAAATGCAATT,I282M,1,1
0.3297,0.003158,AGGGTAACACAGTAAC,,0,0
0.3297,0.01715,GACCAACCGCTACCCA,R361L,1,1
0.3297,0.005717,TTCGAATTACCAATAA,D7C,1,1
0.3295,0.04191,CACTGCATACTACCCT,E410S,1,1
0.3295,0.01397,GGTCACTGACTTAGTT,G463S,1,1
0.3295,0.0184,AGCACTAGGTAAAACA,E83P,1,1
0.3294,0.01207,AGTGTCTTTAAGTACC,S198K,1,1
0.3294,0.02693,CGGATTCTAAACTCTA,K453S,1,1
0.3292,0.009482,TTAGCCGTATCTCATA,N296T,1,1
0.3292,0.02844,ACCGAGGCAGCGAAAA,N53G,1,1
0.3291,0.006308,CGTTAACCTAAAGGCT,K259I,1,1
0.3291,0.006979,ACTTAACTATTCGGGG,I377V,1,1
0.3291,0.01133,CTATACCAAAAGCGAT,N6F,1,1
0.329,0.004074,AGATACCCGTAAAATC,Q311V,1,1
0.329,0.01675,AACAATAGTATATATT,N159R,1,1
0.329,0.002991,CAAAGGCCGACCAAAT,I339V,1,1
0.3288,0.03205,CATGCTAAGCTTCAGT,D73S S262N,2,2
0.3288,0.01793,AAGAATCATCATTAAA,N53E,1,1
0.3288,0.01793,TAAATGATTACTCTTG,W234F,1,1
0.3287,0.01276,TCGATATAAGACTGTA,D104E,1,1
0.3287,0.006275,CCGCTGCTAACACAGT,S312P,1,1
0.3286,0.02468,CGAAATTAACTTAACA,,0,0
0.3285,0.01031,TAGCTAAAGATTACTA,K387L S400L,2,2
0.3284,0.01381,ATCCGATCATATCGGA,A106K,1,1
0.3284,0.003399,AACAACTCAATAACGT,Q1V,1,1
0.3284,0.02007,ATGTAGTTCATAAATC,R224Y,1,1
0.3284,0.008651,TGTTTTATCGTTATAA,R361W,1,1
0.3284,0.02595,TTTCAATCTTTTTAAA,,0,0
0.3283,0.01691,CTACATCACTTTACGA,,0,0
0.3283,0.0209,ATAGATCTTAATTTAC,L157I,1,1
0.3282,0.02735,ATATAAAATATGTGTC,D104L,1,1
0.3281,0.007917,CAGTCGGTAATAAGTA,S107I,1,1
0.3277,0.04294,TAAAATTTATTTATTG,L177R,1,1
0.3272,0.01614,TACCCTTCATAGATAT,N22Q,1,1
0.3271,0.009749,AGTTAAGAAAAAAATG,K278D Q376G,2,2
0.3271,0.03491,TGTAACATTAGGAATA,,0,0
0.327,0.02779,AAAGTAAACCACAAGT,I260C,1,1
0.3264,0.02142,GAGACCCTTAAAAAAC,S358L,1,1
0.3264,0.004284,AATTACATTATAGATA,P289G,1,1
0.3263,0.0135,TATAATTTTGCACAAA,Q356V,1,1
0.3262,0.02236,ATATTAATGAACCCAT,N489F,1,1
0.326,0.09985,CATTCATGTCGTTTTT,E119F,1,1
0.326,0.01997,TATAATCATATCCCGT,T40R K140E,2,2
0.3259,0.007378,GCGAGACACCGCAACC,S199D,1,1
0.3259,0.01134,AAAATTTAGAACCCCA,S358E G386E,2,2
0.3258,0.006292,TACCCATGTAATTTAC,E119I,1,1
0.3257,0.01645,CGCTTAAGAGGCACCC,A93L,1,1
0.3257,0.01361,TTAATGAGCCTTAAAT,,0,0
0.3257,0.004102,AATTAATAAAAACATT,N6K,1,1
0.3256,0.01512,TACTTAATTTACTCTA,A93Y A372S,2,2
0.3256,0.02453,TTAAAAAGTTACAATG,E401A,1,1
0.3255,0.004706,TTCAAGGGAGAATTTC,L157W,1,1
0.3255,0.02168,TAACACAATCAGTGCC,S47F,1,1
0.3254,0.02992,GTTAGGTAAATAAGAA,I160C T301V,2,2
0.3254,0.01943,AGCCCACCATGGGAAT,,0,0
0.3253,0.02578,GTCTGCCGACCGCTAC,,0,0
0.3252,0.04824,GAAACACAAGTAGCTC,,0,0
0.325,0.01525,ATCCTACTTTAGCTAT,F448W,1,1
0.3248,0.02104,GCCCAAACTCATTTAC,,0,0
0.3247,0.008032,GCATAACTCCGAAAAC,S209G,1,1
0.3247,0.002594,CAATTGACACAAGGAT,K453V,1,1
0.3245,0.05332,AGAGTCCATACCCTAC,P169L,1,1
0.3245,0.01623,CTAAACTAAAATTACA,,0,0
0.3245,0.02871,CTTTTTGGCCTCTTTA,,0,0
0.3245,0.03393,ATAAATTTTTCACAGT,Q407I,1,1
0.3245,0.07465,CTCTCTCAAAAGCTTC,E432Y,1,1
0.3245,0.07465,GGTACCATCTTGATAG,,0,0
0.3244,0.005027,CTCGAACCTAACAACT,,0,0
0.3241,0.02617,CCTTTCATTGTCTGAA,K264A,1,1
0.3241,0.02617,TCTAATAAACATTACT,,0,0
0.324,0.03044,AAATACTATTAATGCG,R141D,1,1
0.3239,0.007102,GAAAACTGCTTATCAT,S143I,1,2
0.3237,0.0276,ATTGCGAAAGTTTACG,,0,0
0.3235,0.01146,GAAAAGTTTACTATGT,E35M,1,1
0.3234,0.004383,CACCAACCCTGCTTCT,,0,0
0.3234,0.01475,CCACTATACGCCTCAG,S115I,1,1
0.3233,0.01103,TATAAGAGCGACTAAA,D375E,1,1
0.3233,0.0392,ATGAATATTTCATTCT,G200M,1,1
0.3232,0.007638,AGATAGCCGTTATTTA,N31C,1,1
0.3232,0.08759,AAAGGACAGAAAGAGA,D85M,1,1
0.323,0.01933,GGGCTGCACAAATAAT,T485A,1,1
0.3228,0.003243,AATCATGGGATTACAG,A372S,1,1
0.3226,0.03099,GAATGAACTACCACTA,,0,0
0.3226,0.03099,TAAATAAGGATATGTT,S209G,1,1
0.3225,0.0007453,AATCCGCAACTCAAAA,G78M,1,1
0.3225,0.01352,CTTTCCCCGGAGGCCA,T65Y,1,1
0.3225,0.02253,GTCCAATTCACGTAAT,G49S,1,1
0.3223,0.01018,GAATTCAAAACAAGCG,,0,0
0.3223,0.02093,TCTTGCCTCCCCCAAT,N8L R299I,2,2
0.3223,0.02093,TTCCGATCACTAGTTA,N81G,1,1
0.3222,0.004988,CTACGTGGTTAACCAT,D419Q,1,1
0.3222,0.006298,TCGTCTCAAACAAAGT,,0,0
0.3222,0.006298,TTCAACTCATAAGAAA,S279H,1,2
0.3222,0.005738,CAAGGAAACCAAAGCA,,0,0
0.3221,0.007543,CCTAGAACAATATTCG,,0,0
0.322,0.01834,CCATTTAAACGAATAA,D7W,1,1
0.3219,0.002777,CACCTAACGCTACTTT,P103T,1,1
0.3216,0.02699,AAAATATTAAGAACAC,A425C,1,1
0.3216,0.007896,TCATTTATGGGAAAAA,,0,0
0.3216,0.01903,AATGATATATAAACGG,S358D,1,1
0.3216,0.009765,TTGCTAATGTCAATCC,N38T,1,1
0.3215,0.0401,ACACCCCTGAAACAAA,L447I,1,1
0.3213,0.007933,TAGGAACAGTTTTATA,A364T,1,1
0.3212,0.005279,CTTCCAACTTATCAAT,N31T,1,1
0.3209,0.0239,TAACTATTGGTAGACT,G379W,1,1
0.3208,0.02212,ATAGATAAATATAAGG,K278W,1,1
0.3208,0.00938,ATCACGGTAAAAACAT,S149M,1,1
0.3208,0.007194,TTAATTTGTCATACCT,K368I,1,1
0.3207,0.01924,GATACTTGTAAAGCAC,R383V,1,1
0.3207,0.004874,TACATCTCGGACAATT,,0,0
0.3206,0.05108,CCTCTAGCGATCCCAA,,0,0
0.3206,0.0161,ATTACAAACGAGCAAT,I214E,1,1
0.3206,0.002075,TTATTTCGAACATTGT,S91I,1,1
0.3205,0.006096,GAGGTTAAAGGCTTAC,K310F,1,1
0.3204,0.02742,AAAAAAAAAATTTTAT,L420I,1,1
0.3203,0.008135,AACCCCCATCTGAGAA,,0,0
0.3203,0.007329,CCCCATATGAGAATCC,,0,0
0.3202,0.003443,TGCAAAGCCTGACATC,,0,0
0.3202,0.01028,TGGAATCATAGAACAC,,0,0
0.3201,0.009308,CGCTGAAGCCTAAAAA,,0,0
0.3201,0.004066,CCGAAACTCCTGCATC,S287G Q327R,2,2
0.3199,0.007181,ATACGGACAGGTACAT,,0,0
0.3199,0.009796,TTCCATTTCCCACGCT,,0,0
0.3199,0.01275,GACAGGCGTCACTCAT,,0,0
0.3198,0.004166,AGTATAAGTATGAATT,K368R,1,1
0.3198,0.007662,ATTAAAACCTACAGAA,,0,0
0.3197,0.0264,CTTATCAAATAAATAA,L244C,1,1
0.3197,0.009071,AGGAATCAATAGATAA,,0,0
0.3197,0.03214,AAAAACTCCGCAATAA,,0,0
0.3196,0.003901,ATATAACCTTGATTGT,N158G,1,1
0.3196,0.01253,CAATACTCATGCTTCC,N216T,1,1
0.3195,0.006371,GCGATCGAAACCAAAA,G78R,1,1
0.3195,0.008957,CGCCACGCTATTAGTA,,0,0
0.3195,0.01508,ACGGTATCCTTCAGAT,E359W,1,1
0.3195,0.04767,ATACAAACCTTACAAG,,0,0
0.3194,0.01019,TTCAGGCTCAAGGATT,K50V,1,1
0.3192,0.01343,AATACAAACGGATCCC,L420F,1,1
0.3192,0.07033,TCAAAATCCGAATTTT,,0,0
0.319,0.003757,AAATTATCAATAGGCT,E119K,1,1
0.319,0.01737,CATTAGCCATCTCAAA,T187N E410A,2,2
0.319,0.002918,AATGTTGAACCAAAGA,A304R,1,1
0.3189,0.01379,CAACACCCCTTGTTAT,E344W,1,1
0.3189,0.005744,CTGTGGCACATAGAAC,N126R,1,1
0.3187,0.002532,TGGTAATGAATTTCCT,G49V,1,1
0.3186,0.005123,GGAACCAAATAATAGT,Q80E,1,1
0.3186,0.02458,TAACTGTCTTGTGCAA,,0,1
0.3184,0.01915,AATATACTATACTGTA,I245V E457M,2,2
0.3183,0.02948,GGGTTGAGACACAATA,V204I,1,2
0.318,0.02376,AAAACTCAAAACCACA,,0,2
0.318,0.007922,TTGGCTGCCAGACTGT,,0,0
0.3178,0.01712,AAGGTCTGTTCTGACT,Q173F,1,1
0.3176,0.01338,CAACCCCGATGCCTAA,A430K,1,1
0.3175,0.01936,GACCAAACCAACTAGG,,0,0
0.3174,0.01672,CCTAATTTATATAGAG,,0,0
0.3174,0.008313,GTTAATCCGGAGCGAA,I288V,1,1
0.3173,0.001765,CAATTAATTAAGAGTA,S91L,1,1
0.3171,0.02723,TTCCAATCGGGGAACC,I300C,1,1
0.3168,0.01597,TGAAATTTTCAAGCAA,G49Y,1,1
0.3164,0.01113,GAATATATCGATATTG,,0,0
0.3164,0.002448,TGTAAATAATCACTGA,G78S G379Q K387N,3,3
0.3163,0.02097,TCAATAGACATCTAGA,S149F T328V,2,3
0.3162,0.01276,TGAATATTGTCCAGGA,A304E,1,1
0.3162,0.01906,CCATAGTTCCTCACTT,I48F,1,1
0.3161,0.005711,TCAAAAACTATTGACT,K278L,1,1
0.3161,0.01425,CAAGCACAAAAATACC,,0,0
0.316,0.01079,AGCAAGTTAACAACTG,K411T,1,1
0.316,0.1128,GAACTACCACAAACGG,K189I,1,1
0.3158,0.01232,AAACAATACCTTATAG,S198G,1,1
0.3158,0.01705,TTAACCGATACCCCAA,,0,0
0.3157,0.0733,CTATTGTCACCTTGAA,D271H,1,1
0.3152,0.01927,AATACGAGATTTAGTC,N126V,1,1
0.3149,0.01381,AAAACCATCCAAATAC,S54Y,1,1
0.3149,0.004816,GTATTTAATAATTGCA,,0,0
0.3149,0.01722,ACTTAAAAATAGTTAA,R383T,1,1
0.3149,0.01722,TTGTCCATAAGCATGG,,0,0
0.3148,0.02287,CCACCAAATGATTGAT,,0,0
0.3148,0.008223,TCCAGACACTAACCTC,,0,0
0.3148,0.02568,ATTACCAAAACCACCA,K452R,1,1
0.3148,0.008559,CGAAAAACTGTAGAGT,,0,0
0.3148,0.008559,TTACCTCTATCGAAAG,,0,0
0.3147,0.04064,GTTACATATCCAGTAA,,0,0
0.3147,0.00338,CTATGACATATATTAC,N81T,1,1
0.3145,0.02004,TGTACCCATGCGACAC,G275D,1,1
0.3145,0.0133,TTGGTTGGTTTTGTAC,L157V,1,1
0.3144,0.01523,AAAGAAGCTTACTATA,G5E,1,1
0.3143,0.01643,TGCCACACAAAAAAGA,Q211F,1,1
0.314,0.004082,ACGGGATCATACAAGA,T65F G479N,2,2
0.3139,0.008645,TACAACTGTACACATC,,0,0
0.3139,0.01461,AATGTCTATGATGGTA,F294Y,1,1
0.3139,0.02705,ACTAATTCACCAACTA,V112M,1,1
0.3138,0.01106,ACGTATCGCCTTATAA,I242T,1,1
0.3138,0.02086,TGAAATAACTAACTTG,I260F,1,1
0.3137,0.01168,TCCATTTCCTATTTGG,N497E,1,1
0.3137,0.03107,ACCAAAAACGAAATCA,,0,0
0.3137,0.03107,TATTTAGCATATTAGA,S358C,1,1
0.3137,0.03107,TCCTATAATTCATATT,S143A,1,1
0.3136,0.008795,ACTATTTAGCCCCAAC,,0,0
0.3136,0.01021,ACAGAGCTTTGCCTCA,D101Q,1,1
0.3135,0.003216,ACCCTTACCGTATATC,,0,1
0.3135,0.03649,GACAGTAAAAGTGCAA,R220N,1,1
0.3135,0.02027,TAGTGCTTATCCACCA,,0,0
0.3135,0.03649,TCTTACAGTTAAAGTT,T451I,1,1
0.3135,0.02606,ATATCAGTCCCGCACA,A334V,1,1
0.3135,0.006757,TAACTATCTGAGCCTC,I3E,1,1
0.3134,0.01801,AAATTCACACTCAATA,S199D,1,1
0.313,0.006657,ATGAAAGCTACTCGCA,L381C,1,1
0.3129,0.08573,TTTAAAATCGATCTTT,K326S,1,1
0.3127,0.01204,ATAGATAAACCTAAAC,N53T,1,1
0.3127,0.01204,GTGGTTTATCGAAGAC,K131G,1,1
0.3127,0.01868,CGTACATCGAAATCGC,D104T,1,1
0.3126,0.04162,GAATAAAAATGTGGAA,,0,0
0.3125,0.007211,TTAATTCGATCACTAA,I374L,1,1
0.3125,0.02748,TACTTAATTATAACCA,S312H,1,1
0.3124,0.0182,TAAGTAATTGATACCG,K417A,1,2
0.3122,0.01994,AATTCAAACCATGTCA,G504T,1,1
0.3121,0.02274,CGCAAATGTAGAAGAA,S279W,1,1
0.3121,0.009329,CTAGAAAGAGTTCTAA,K472P,1,1
0.3121,0.03163,TCTATTTAAACCATAT,,0,0
0.312,0.03932,CTGATACTTATACTAC,S54F S312L,2,2
0.312,0.01311,CCATTCCACCCACAAA,,0,0
0.3119,0.01192,TAACACCTGTACCAAA,,0,0
0.3118,0.007696,TCTCACTATAATCCGC,,0,0
0.3117,0.006059,GTAATCAAGGCCTAAA,I242C,1,1
0.3116,0.003738,CCTAACAAAAACATAA,K411Y,1,1
0.3115,0.01652,CAGGACGGTAAAGCAA,T301H,1,1
0.3115,0.0184,TTAAAATATATTACTA,,0,0
0.3113,0.04843,ACCAAACATACTTATA,,0,0
0.3113,0.02906,CACATCAATAACCAAA,,0,0
0.3113,0.006029,CTAATCCGCAATTATA,L70A,1,1
0.311,0.02792,TTCATTAGCTTGAATC,K171H,1,1
0.311,0.01068,TTTAACACATAATAAC,,0,0
0.3109,0.06912,AACCTATCACTTAAGT,,0,0
0.3107,0.02687,CAGAAACCGGTTTAAT,A304C,1,1
0.3106,0.01107,TAAGCTCCGATCCGTA,,0,0
0.3105,0.008195,ACAACTTATTGACCTG,,0,0
0.3104,0.01283,AATGCTTCCAAAAACG,,0,0
0.3099,0.1207,AAAAAGCCTTAAGTAT,E432L,1,1
0.3099,0.1207,GTCTATAGGTGTCATA,G404E,1,1
0.3099,0.01493,AAGCTCATACCCCCTT,,0,0
0.3098,0.01984,TGGCAACGTACACTGT,S54C,1,1
0.3098,0.02955,CTCTCAAGTTAAAACT,,0,0
0.3097,0.006136,CTCCATCTGGCCTTTG,,0,0
0.3096,0.01158,AGATTATGGTTATACT,,0,1
0.3096,0.05791,GCGATACTTCCGAATT,G479E,1,1
0.3096,0.03809,TACCACACTCACAAAT,,0,0
0.3096,0.03809,TCAAAGATGGAAAAGG,V88M,1,1
0.3095,0.02261,ATTAAAAATTTAAAGA,,0,0
0.3095,0.01879,AAGGTACGGACAACTC,H184E,1,1
0.3092,0.01539,AAAGTCCCAGGTGTGC,,0,0
0.3089,0.1032,GGAAAAATAATGTCTG,G5M V166Y,2,2
0.3088,0.004559,CAAATCATCCCAAGCA,K292I,1,3
0.3083,0.01552,ACACTGATAAATTAAA,K310M,1,1
0.3083,0.01851,TTATATGCTGATAGTA,Q363I,1,1
0.3083,0.00353,GCTTGAAATAGGACAG,N63I,1,1
0.3083,0.007638,AGCCAAGCAAAGCGAG,Y105P,1,1
0.3082,0.01002,TTACGGCAAATGTGAC,,0,0
0.3081,0.01488,TGAAGAATTTCGACAG,H56R,1,1
0.3079,0.01428,AGTATGCTTGAAAGAT,T37C,1,1
0.3078,0.003256,CTAAACGGATTGAAGA,P227L,1,1
0.3078,0.02773,ACATATAATCCCAGAA,,0,0
0.3078,0.02773,CAGTGAGTATAATGAC,K411F,1,1
0.3077,0.00751,ATACTAAGACGTTATC,,0,0
0.3077,0.01373,AACAATCATACTTATA,P324Y,1,1
0.3077,0.0203,CAGTCCCTCTTCAATC,K278R,1,1
0.3076,0.004743,TAAGATGAGAAATAAC,K292V,1,1
0.3076,0.007281,ACCAGTTTATTAAGCC,N94T,1,1
0.3075,0.01126,ATCGATCCCCCTGTAT,S219G,1,1
0.3074,0.01921,TCAGGGGTGAGATCTG,L367W,1,1
0.3073,0.02483,GTTGCCACAGGAGCAT,K82S,1,1
0.3072,0.008184,CTATAGTGCACATAAG,,0,0
0.3071,0.0144,AATATCCCTCTATAAG,I331M,1,1
0.3071,0.024,GATAACTTTGATTATA,E494I,1,1
0.3069,0.005736,TCTAAAACCTAATCAA,,0,0
0.3066,0.02115,GTTAGTTCACGTCAAT,L428T,1,1
0.3065,0.0306,CACTCCTAGCAGCTAC,W84F R92L,2,2
0.3065,0.0306,GTCTTCGTACCCAATT,,0,0
0.3064,0.01006,GCCAAGTAACATGAGG,,0,0
0.3064,0.01997,TCAAAGAAATCCTGTG,Q75D,1,1
0.3062,0.02818,TTAACCGATTGTCACC,,0,0
0.306,0.02612,AGTGCACTATAAATAT,A106R,1,1
0.306,0.02612,TAGCTCTGCTCAAATC,E484L,1,1
0.3059,0.0513,ACGCAGCGACCTTTAA,,0,0
0.3059,0.0513,TTTTAGACTAGAAAAT,G49D,1,1
0.3059,0.005005,CCAACCTAAAACAAGG,G62I,1,1
0.3058,0.003103,ATCACAAAGTTACCTT,,0,0
0.3058,0.01227,CAGCAAATATGATCAT,M444L,1,1
0.3058,0.02434,GCTATAATAAAATTAA,S199Y,1,1
0.3056,0.01495,TTAGTAGGTATAAGCA,Q363E,1,1
0.3055,0.00179,TTACCTTTCACCATAA,V213E,1,1
0.3054,0.008541,TAAAACCAAAAAGTCC,T301F,1,1
0.3054,0.01407,GGACAAACAAACTCCG,,0,0
0.3051,0.03773,CGCGAGAAATTTATCA,V43C,1,1
0.3051,0.003071,TCAGAATACCCTACTT,V323A,1,1
0.305,0.0177,CAACACACTATACTAC,,0,0
0.305,0.004944,CACCCGTCGAAATCGA,K264M,1,1
0.3049,0.0112,TCCAATTATCACTGGA,N81D,1,1
0.3047,0.007745,AGCCAAACCCTAATTT,,0,0
0.3047,0.01541,AAAAATCTACATAGAG,,0,0
0.3047,0.009812,ATCATATAGAAAGAAT,,0,0
0.3046,0.02865,CCTAAGAACCGACCAG,H18I,1,1
0.3045,0.02652,GATATTTTTTCGTAGA,,0,0
0.3045,0.01314,CATCTTCACTGAGGTG,,0,0
0.3043,0.007455,TCTTAAATCCAGTCCG,,0,0
0.3042,0.02168,AAAGATGCTTATAGAT,N290D,1,1
0.304,0.01882,GCGCCTATTCACCTAA,E432L,1,1
0.3039,0.01625,TTCTGTATCCGTTTGC,N190T,1,1
0.3038,0.00741,AGAAACCCTTTCGATA,Q356E,1,1
0.3038,0.006908,CATCTTAGCGCACTCT,N290K,1,1
0.3036,0.01021,AGGTGAGTAAAAAATT,S279F A476L,2,2
0.3035,0.009925,CTAAATCTCGATGAGT,P324I,1,1
0.3034,0.007216,GGCTTGTTTAAAGATC,R201C,1,1
0.3033,0.002247,TGTTACATAGAGAATG,S137K Q327I,2,2
0.303,0.03481,TAAACACTAAATACCC,E403W,1,1
0.303,0.02799,AAAATCTCGCCAAGGA,,0,1
0.303,0.05709,AAATCTTCTTGAGCTA,A69F,1,1
0.303,0.02693,AACAAGTTACCTATAG,I3F S46C,2,2
0.303,0.05709,AAGGCTAATACTCATT,,0,0
0.303,0.04922,AATGCACCTATACTAG,T128R,1,2
0.303,0.01142,CCGACTCAAGTGAACG,,0,0
0.303,0.0366,CTATGAATACTACCAA,,0,0
0.303,0.06796,CTCCGCACTAAAGAAA,R269A,1,1
0.303,0.01124,GCCGAATAAGCGTCTT,,0,0
0.303,0.05709,TGCCTACGAGAGCGTT,S96E,1,1
0.303,0.1098,AGCACTGAGCCCTATG,G62A,1,1
0.3028,0.002937,TCATGAGAGACCTCAT,,0,0
0.3027,0.004988,ACTTATTAAACTAATC,I274Y,1,1
0.3025,0.007506,ATACCTCAACAAGATC,T12K,1,1
0.3025,0.002113,CGATAAGGGACAGTGA,,0,0
0.3024,0.01048,CGTATCAACAAGCGTT,H393R,1,1
0.3021,0.01484,TAATATATAAAGTGTA,,0,0
0.3021,0.007701,AGCGAAATTTACGTCC,,0,0
0.302,0.01656,TAAGGCTCAACACTCC,S205Y,1,1
0.3019,0.003103,CAGTACCCCTAAAAGA,,0,0
0.3018,0.005178,ATGAACAGTACTATTC,,0,0
0.3017,0.004367,CAGAAACCCCACTGTT,L381Y,1,1
0.3016,0.00217,CATTAAACCTATACTA,T12S,1,1
0.3014,0.02635,TACCAATTTTTATTAA,I478M,1,1
0.3013,0.003219,CTTGATTCCACAGCCC,,0,0
0.3012,0.009876,ATTCCGGTATACTTTC,N497Q,1,1
0.3012,0.01529,CCATTCTTACTTGAAA,N285E,1,1
0.3012,0.01529,TATTAATGGATTATGT,N126K G386E,2,2
0.3012,0.0103,CACTCAATCAAAATAA,P21F,1,1
0.3011,0.01597,TCATAATCTCCAAAAC,Q327M,1,1
0.301,0.01672,ATCCTAAACCCGGCTT,G263W,1,1
0.301,0.03384,GACCTTATTCATCTCC,T12L,1,1
0.301,0.005801,TTCACTAATCGATCCA,P103H,1,1
0.3009,0.007177,CTCAACCAACAATCCA,S54R R92T,2,2
0.3007,0.01946,ACGATCATACGGCAGT,K446H,1,1
0.3007,0.01946,CTTACAACACTAGTTC,N158H,1,1
0.3005,0.02119,ATTGAATCTCGATTAT,E401K,1,2
0.3004,0.02184,TAGTAAATCAATCAAA,L111R,1,1
0.3004,0.006338,TATACATATGGAAATT,,0,0
0.3004,0.01118,AATATCCTTCTCAGTT,L439M,1,1
0.3004,0.02253,ATATGGAAAATGAAAC,N298A,1,1
0.3002,0.00946,GCTGTATTCAATTGGT,V20F,1,1
0.3002,0.0473,CGATATCTACCACCAA,,0,0
0.3,0.05065,ATATAACAATTCTGAG,T12F Q132T,2,2
0.3,0.05065,CGTTAAATTGTACAAT,,0,0
0.3,0.05065,GGCTAAAAATCGCACA,,0,0
0.3,0.002266,GTCTAGAAACCATATA,,0,0
0.2996,0.01968,ACGAAGAATCTCGATA,,0,0
0.2995,0.01201,CTGCCTTTTAATCATA,,0,0
0.2994,0.006876,TAGCGTCTACCGAAAA,N133Y,1,3
0.2993,0.03147,ATCCAGATAAAAGATA,,0,0
0.2992,0.02145,GAAACCGTACGTGATT,,0,0
0.2992,0.007224,AGATAATTCTACCCAG,P273N S279I,2,2
0.2991,0.008376,TGAGCCCTCTGCCCGG,F294Y,1,1
0.299,0.03451,ATTGCTAATAAACAAC,S262R,1,1
0.299,0.01387,ATAAGTGATACCATAA,S149V,1,1
0.2989,0.01747,TAATAGAACTTAACGA,S358C,1,1
0.2988,0.01025,AGCTAGTGCAAAAACC,G142I,1,1
0.2988,0.03627,CAAGCTCCATAAATAG,T128V,1,2
0.2987,0.0123,ACAGTCAACAAATCAA,G275N,1,1
0.2987,0.007405,GGAATTGTGTCATATA,L59V A304Y,2,2
0.2986,0.01885,CCACTAAACGCAACGG,A304V Q356M,2,2
0.2985,0.01274,ACACCATCTACGGGAA,N158G,1,1
0.2985,0.03821,AGAACATTATTACTTC,R261A,1,1
0.2985,0.01937,ATACCTTGGAAACTAA,,0,0
0.2984,0.07852,AAAAGCCTCGCCGCTA,,0,0
0.2983,0.01017,ACATTTGTAGACCCCA,,0,0
0.2981,0.009294,ATAAAACCCAGACTCC,S143D,1,1
0.2981,0.00648,TAAACTGTGAAAATTT,N53Q,1,1
0.298,0.04279,ATTATGAACAACAGAA,A93V,1,1
0.298,0.002096,AAGTTCAACCCATTTA,,0,1
0.2979,0.01456,GGGCCGCAGTTTATAA,Q211I K315M,2,2
0.2979,0.005883,TACAGGACTCCTACAG,,0,0
0.2979,0.08823,TGAACGGGTTTTTTTT,E414Q,1,1
0.2978,0.0039,AAATCTGTTGCAAAAC,N475V,1,2
0.2977,0.002659,TCACTTCATACTGGTA,S47M,1,1
0.2977,0.04552,ACCGAAAAATAATTCC,S95H,1,1
0.2977,0.01307,CATAAAGGATTAGAAA,D32V E280P,2,2
0.2975,0.01906,GACAACCCCTATTTGT,K50W,1,1
0.2974,0.03205,AAAAGAGAAAAGATAA,G142E,1,1
0.2973,0.04863,TAAACTGAACGATTGA,,0,0
0.2973,0.01621,TCATACTAGAGACCAC,N285T,1,2
0.2971,0.00373,AACTGAGCTTGATGAC,S124W,1,1
0.2971,0.03356,ACGGCCCGATAGAACT,Q197P,1,1
0.2971,0.03356,CTACACAAAATGAACT,K2N,1,1
0.2971,0.01438,GTACATAACCAAGAAT,P239E,1,1
0.2971,0.1007,TGCAAGAAAGAGAGGC,K82A S114W,2,2
0.297,0.02562,GTAAGAAGACTTTAAC,,0,0
0.297,0.009395,TACGCTGAACTGGACA,Q44C,1,1
0.297,0.02072,CAAGGCAAAACATCAG,L431M,1,1
0.2968,0.02658,AATAAACTCACAAAAA,S219K,1,1
0.2968,0.02658,CACCATGACCAAACTC,,0,0
0.2966,0.01829,ATTCTACTAATGCATT,S54G,1,2
0.2966,0.022,AGGTAACAGCTAAAAA,,0,0
0.2965,0.0563,TAAAATAGATATCACA,L154I,1,1
0.2965,0.0563,TAGTACACTTGGATAA,Q327K,1,1
0.2964,0.006702,CAACCACTGTATATAA,,0,0
0.2964,0.002289,AATTCTCAAGTATCAT,N126R,1,1
0.2963,0.02872,TTGAATCTGAATACGC,L431T,1,1
0.296,0.02992,ACATAAGACAGTATTT,S124Y,1,2
0.296,0.02424,ACCAGAACAATAAGTA,R33Q,1,1
0.2959,0.02037,ATAGTTAGTCCTCAAA,,0,0
0.2959,0.007682,CGTATTGAATTAATCA,D7V,1,1
0.2957,0.03123,GACAATAAATTTAATT,N296F,1,1
0.2957,0.02509,TCACCCACACCATCCT,T328M,1,1
0.2957,0.008365,CTTTGACTACCAATGT,L111T,1,1
0.2957,0.01579,CGATCGACCGATTATA,V182L,1,1
0.2956,0.01266,GACCCTTCACCCGCTA,,0,0
0.2956,0.001983,GTCAAGTGTAATCAAT,,0,0
0.2955,0.009892,AGTACTATATAGGACC,K450T,1,1
0.2953,0.01652,ACAATTTAACAGAGAA,S149E,1,1
0.2953,0.0121,CGGAGCAAACCCCATA,,0,0
0.2952,0.06684,AAACTGTACACCCAAA,S144G,1,1
0.2952,0.02228,ACTAATGCCAATGAAA,N290C,1,1
0.2951,0.01231,GTTACTCCAGTGGAGC,K310T,1,1
0.2951,0.009679,ACCCAGGATAAATCTG,,0,0
0.2951,0.001443,TCCACCGTGTGACCTA,T65N L384F,2,2
0.2951,0.005049,ACTTTAAGTACCCATC,N81R,1,1
0.2949,0.003886,CCGGACCATATACAAT,Q75D,1,1
0.2949,0.006099,CCCACAATACCAAGAG,N8A,1,1
0.2948,0.01179,CGAACAAAAACGCAAA,,0,0
0.2948,0.01775,GATTGATCTAACACCA,,0,0
0.2947,0.03595,TGACTCGCCTTAAAGT,,0,0
0.2945,0.0292,AAAGGAAAAAAAGACT,R92S,1,1
0.2945,0.0292,ATAAATGGTCAAAACA,R208E,1,1
0.2944,0.07375,CATCTCAGTATGCCGT,N38H,1,1
0.2943,0.01668,AGTACTAAACACCACA,S124I,1,3
0.2942,0.01262,CATAAGAATGCCCTCC,D77T,1,1
0.2941,0.004812,AGACTAAAAAGGAAAC,E172G,1,1
0.2939,0.004361,GAATCAATTGATATAC,,0,1
0.2936,0.0538,CAATAAATAAAATTAA,K264T,1,1
0.2935,0.02331,AGATCTGAGGAAACCT,S422D,1,1
0.2935,0.02331,CGACACAGACAGTAAT,T30V,1,1
0.2935,0.08225,AATAGTAAATGCTTAT,,0,0
0.2935,0.02742,ATTCTTACTTAGTCAC,I232F,1,1
0.2935,0.007478,CATCGAATGCTCAGCG,Q210E,1,2
0.2933,0.03328,TGCGGTCTTCACAATT,R201H,1,1
0.2933,0.007281,ACAATTAAAAAACCAC,,0,0
0.2932,0.006501,TAGGGAAGAATCAGAC,S369A,1,1
0.2932,0.006784,TTTATAAAGCAATGTA,I230L,1,1
0.2931,0.007433,ACAATAACGCATCCGG,,0,0
0.2931,0.02851,TTAGCCGAATAATAGC,,0,0
0.2929,0.05819,ACCTTCTCTCAATAAA,D73S,1,1
0.2927,0.009308,TAGTTACATTCAAATA,N31Q,1,1
0.2927,0.0297,ACTTGCATCCGAACAG,S219L,1,1
0.2927,0.0297,GATGATTAATGTCTAG,Q173G,1,1
0.2926,0.04502,GAGATGAATATAATGT,I245M,1,1
0.2925,0.00488,GGACATTCCCATCTTT,A476Y,1,1
0.2923,0.01533,TTGCTAGCAAGCGAGG,,0,0
0.2923,0.00428,AATTGTTAATCAAAAA,A69C,1,1
0.2923,0.01153,TAAATCATGCCCGAAT,,0,0
0.2922,0.006673,AATCTATCTGCTTATT,,0,0
0.2921,0.01172,ATGCGAGCAGAAACAG,A106N,1,3
0.292,0.06335,CACCTGTAAGTGCCCC,,0,0
0.2919,0.001509,TACTAATTAAATGTAT,K82N,1,1
0.2919,0.04805,GGCCCTACTACTGTAA,,0,0
0.2919,0.04805,TAACCACCTCATCTCC,P273Y,1,1
0.2918,0.002053,TCACATAAACCTTCAT,G263A,1,1
0.2918,0.0138,CTCTAGCCTAAACTAG,,0,0
0.2918,0.007451,TGAGCTCAAAACAGTC,,0,0
0.2917,0.001721,TTACATTTATCCGCGT,N63C,1,1
0.2917,0.0324,CTATTAGTAAAACTAA,,0,0
0.2917,0.02786,GTAACCTTCACACATT,S149V,1,1
0.2916,0.02176,CAAAACCTGACTAAAA,S266H K387T,2,4
0.2916,0.004922,ATTTACTTACCAAAAA,,0,0
0.2913,0.01435,CTACGCCAGAAACACA,,0,0
0.2913,0.008092,TTTTAATTCATCATCC,,0,0
0.2912,0.009664,ACACGATATCCTCACC,N94S,1,1
0.2911,0.01581,ACCCGTATCACCCGCG,,0,0
0.291,0.05152,ATTATAAATAAACCCG,P227A,1,1
0.291,0.05152,GGAAAAAGAAGATATG,I245V,1,1
0.291,0.005171,ATTCACCTAGTCTTCA,R201W,1,1
0.291,0.0115,GAATACCTAATTATAC,S358F,1,1
0.291,0.02076,TGTCCTGTTAGTCCAA,D493E,1,2
0.2909,0.004863,TCCGTCTTTAATAGTT,N22T,1,1
0.2908,0.02623,CAAGAACACCCATTAC,,0,0
0.2907,0.005583,TACTTAATATCCGGGG,,0,0
0.2904,0.007016,AATGAAATACACACAC,A163Q,1,1
0.2904,0.02723,GTTCTCGACGCAATAC,,0,0
0.2903,0.008789,AATCACTGTCCTTGAC,K315P,1,1
0.2903,0.01157,CCCTTAAAAAATAATC,P227S,1,1
0.2901,0.05553,CCGTACAATAATTAAA,,0,0
0.29,0.02041,CATATCTTATTAGTGA,I51V,1,1
0.2898,0.006702,TAGGTCATATTCAAGC,R208T,1,1
0.2897,0.002546,TAAATGGGATTACGCA,V213R,1,1
0.2896,0.02568,ACCACGCCACAATTTC,A106N,1,2
0.2896,0.03301,ATCTTAAATCAAAAAA,Q75S,1,1
0.2896,0.02568,TAGGCTTTACAACTCT,L66V,1,1
0.2896,0.02101,ACCATATAATCAAAAT,K189I,1,2
0.2896,0.04622,CAACACTTATAGCCCA,H56S,1,1
0.2896,0.04622,GCGTAAAATATATAAG,M462K,1,1
0.2894,0.0167,GCGTTCTCAAGAGAAC,D32T,1,1
0.2894,0.007334,TATGACGGGAAGGAAC,,0,0
0.2893,0.00244,ATGCGTTGAAATACCA,R208D,1,1
0.2892,0.009175,CTTCCATTAACCTGAT,F448W,1,1
0.2891,0.02664,GATATTTCACCGAATA,T128P,1,1
0.2891,0.01413,AATCTTTAATCACCTG,G62Q,1,1
0.2891,0.003589,TAGGACGGTTCTACAA,,0,0
0.289,0.06021,ATGGTGACCACTCTTC,A425C,1,1
0.2889,0.01871,CTAGAACTGTTGATAA,K411H,1,1
0.2889,0.004274,AAACATTAGATCTCCA,,0,0
0.2888,0.01752,CCTATTAGTATAAACC,,0,0
0.2887,0.03075,AGGGACAATATAACAA,E340C,1,1
0.2887,0.04942,ACCACTTCGATTTACT,L154V,1,1
0.2887,0.04942,GACAAGTACGTCATTA,R208D,1,1
0.2887,0.01125,AAATTGAGTTATAAAT,,0,0
0.2887,0.002476,AGAATATTAACAATCT,P289M,1,1
0.2884,0.04191,ACGCGAAGTCCCAACG,S199Y,1,1
0.2884,0.01143,TTCCAGACTCAAAAAA,P21Q,1,1
0.2883,0.02304,CAGAATCAACCTGAAA,A196R,1,1
0.288,0.008325,TACCCGTTTGCAGAAC,R208V,1,1
0.288,0.08635,ATACCTTAAAACAAGG,D493N,1,1
0.2879,0.01625,TACATCATGATAACGA,G5T,1,1
0.2879,0.005214,AACACCCTCAATCGCG,,0,0
0.2878,0.02381,GACGTTCGTCCCATGG,S209L,1,1
0.2877,0.02031,TGTACATAGACAACTG,K121A,1,1
0.2876,0.003732,AGATAGTCAAGCACAA,L157Y,1,1
0.2876,0.0531,ATTGCTAGTAAAGTAT,I260W,1,1
0.2875,0.0134,CAAATCGCGACCTAGA,R201Q,1,1
0.2874,0.03833,GTTGTCATTTATTGTT,,0,0
0.2874,0.01169,ATCCGGGTTCTCAAAA,,0,0
0.2874,0.03366,CACAGTCTATCTACCG,K259P,1,1
0.2872,0.01815,AGAGACAAAACTTAAG,E484A,1,1
0.2868,0.02336,CATAGACTAAATATAC,K278Y,1,1
0.2866,0.003035,GATATAACAAAAATTC,,0,0
0.2864,0.05737,CCAAGCGGTACTGTAG,I29F T206N,2,2
0.2864,0.004414,TCAAGCTTCACACACA,R261G,1,1
0.2862,0.01035,AAAGAGAACATACCAA,K82N,1,1
0.2862,0.02415,CAAGATAACAACCAAG,D291M,1,1
0.2861,0.02646,TAAAAGATCCATGGTT,E83M,1,1
0.286,0.02927,GTAAAGCCCACCACAA,L428C,1,1
0.2859,0.03275,TTGTTACAGCAAAGTT,S149G,1,1
0.2859,0.003283,ATACATTACTCAATGC,S149A,1,1
0.2858,0.01186,CTGTGCCAAATATCTA,K292V,1,1
0.2858,0.03716,TATCAAGCCCAGAAAA,I34M,1,1
0.2856,0.02499,AGCTACCATTTAATGA,,0,0
0.2856,0.00968,TTAAATAAATGGCAGC,V323N,1,1
0.2853,0.004126,ATCGGAGAGCTGACTA,,0,0
0.2852,0.00388,CCACAACAACCTGCCC,,0,1
0.2852,0.007892,TACTGTCAGAAGCAAT,H18Y,1,1
0.285,0.0259,CTGAGCGATAAACAGT,E484K,1,1
0.2849,0.02079,TGATGAGCGTAAATGT,,0,0
0.2848,0.008471,TCCCTCATCGCGGTAA,R208K,1,1
0.2848,0.0392,GGAATAAATTAAAACG,K82C,1,1
0.2848,0.0392,GTCTTCTCGACCCATA,,0,0
0.2846,0.01133,CATTTGCCTCTAAATT,,0,0
0.2846,0.01672,CTAATCCAGTGAAGAG,Q311K,1,1
0.2845,0.03189,TCCATCAATGTTCCTC,E484Q,1,1
0.2845,0.01331,TTTCAGCTACTCTGTA,Q1G,1,1
0.2845,0.0457,TGTCATAAAATGAAGA,,0,0
0.2844,0.01106,ATTCAGTAATAACAGA,S265R,1,1
0.2842,0.01015,GCCGCCAACGAAGTAA,,0,0
0.284,0.003653,CATGTCCCCAGACTTC,,0,1
0.2837,0.002208,AATACTACACATATCT,P289S,1,1
0.2836,0.008147,AGAACAAATAATGAAA,,0,0
0.2836,0.02792,AATCATTCATAACTAC,R33Q,1,1
0.2835,0.01159,ATTCGACAATTCAATC,S231L,1,2
0.2835,0.01159,TTTTCAATCCTCAATT,I214C,1,1
0.2835,0.01874,AGTCGGATTCCTACAA,L439T,1,1
0.2833,0.002725,TCACACCATTCTTCCA,Q501V,1,1
0.2832,0.02011,AAAACTATTAACATTA,Y302L,1,2
0.2832,0.06835,AACCCGAGTGACTGTA,Q197M,1,1
0.2832,0.01799,AATTTGTTTAAATAAA,D291R,1,1
0.2832,0.02011,CCTTACAATAGTGTCT,V182I,1,2
0.2832,0.06835,TCTACATGACTGTGTG,T135Y,1,1
0.2832,0.1139,CAAACAATCCTCAATG,,0,0
0.2832,0.02629,GAACCCGGTAATACTA,,0,0
0.2829,0.01924,TATGTCAAAAAATACT,S199D,1,1
0.2828,0.02906,AACCTTTCCAAGCTAG,S54A,1,1
0.2827,0.008985,AAAAGGAAGCCAAAAT,L367V,1,1
0.2826,0.001354,TGGTAATACCTTAACA,P169Y,1,1
0.2826,0.04404,ATTGCCTGCCTTAAGA,K368M,1,1
0.2826,0.01468,CTTCATAAGACTTCAA,M168V,1,1
0.2825,0.001194,TAATGAAACCATTGAA,,0,0
0.2824,0.0273,GTTCATTAGCAACGTA,E449C,1,1
0.2824,0.05933,GTTTTATAAATAAATT,L428H,1,1
0.2823,0.03249,ACGCCACAATAACATG,R383C,1,1
0.2823,0.02237,GCATCTCAAAACAAGA,E83P,1,1
0.2822,0.008169,CCACAACAGAAAAAAC,I48G,1,1
0.2822,0.01499,AACCCCTAACATTCAG,,0,0
0.2819,0.0303,ATACTCTGGCAAGGTA,,0,0
0.2817,0.05241,TATTAATTAATGGCTA,D419G,1,1
0.2817,0.008965,TAATTCAAATTCCGTG,,0,0
0.2816,0.002552,GCAAAGCCACCAAATC,R482W,1,1
0.2815,0.007132,CGTAATTATCGTAACT,N475L,1,1
0.2813,0.006051,CCATCAAAACCATAAG,V347K,1,1
0.2812,0.01565,TGATGACGCCGAAAGA,G404M,1,1
0.2812,0.04694,AAAAGTTATACGTAAA,G275L,1,1
0.2812,0.04694,AAACAGACTCGGATGG,,0,0
0.2811,0.0252,ATGAGTGGGCTTAAAG,S145A,1,1
0.2811,0.0756,AATAGTTATCAAGTGA,N464D,1,1
0.2811,0.01512,AATCGTAGACCAACAC,S231Y,1,1
0.2811,0.01183,AGTATTTTGGACACAA,P215S,1,1
0.281,0.03164,ACTTAAAACAAAACAA,,0,0
0.281,0.03164,GAAAAACACAGATCCC,S137A I214M,2,2
0.281,0.008835,ACCACGTGGATCAGCC,Q44C,1,1
0.2809,0.006155,TAATGGAATAATGCCA,,0,0
0.2808,0.01915,GAAACAAATAAAGCGA,S46M,1,1
0.2808,0.01236,CGAAAAAAGTAAACGC,K278A,1,1
0.2808,0.006732,AATACCAAAGTCACCC,,0,0
0.2807,0.007683,ACAAATGTCCGAACCC,Q57K,1,1
0.2805,0.06471,AAAAAAAGAAAACTTC,D375M,1,1
0.2805,0.005548,TCTTGAATGGTAACTT,,0,0
0.2805,0.02157,TGTAAAATAGATGGGA,D188M,1,1
0.2803,0.02058,ATTGTAGATAAACAAG,K310S,1,1
0.2803,0.01224,CCAGACTGGATTGAAA,,0,0
0.2801,0.01886,AATCCAAATCATACGC,S199A,1,1
0.2801,0.05657,ACGAACATTGCTAGCA,P273G,1,1
0.2801,0.05657,TTAGCACTAAAAGAGA,V223R,1,1
0.2799,0.009491,CCTAAACCATTTCATT,G386R,1,1
0.2798,0.006168,ATGCAAATCCTAGATT,S143Y,1,1
0.2797,0.003239,TATAAATTCCAATATA,P21D,1,1
0.2797,0.003497,GAGCTGCCTCGACCAC,G263W,1,1
0.2797,0.001975,ACCAATACAACTGATG,,0,0
0.2794,0.02711,AAAGCCATTATGAGAT,D77L,1,1
0.2794,0.007136,TGAAATGTATCCACGC,E426D,1,1
0.2794,0.006276,TTCACATCACGATAAA,I230M,1,1
0.279,0.008628,GAGCAAATCAATAGAT,D175S,1,1
0.2787,0.006355,CTGGATTTCAACTTAT,G275W,1,1
0.2785,0.02819,CATTTTAGGTATAGAG,D493N,1,1
0.2785,0.08455,CTAACTTACATTTAGG,,0,0
0.2785,0.08455,GGTTAGCCAAATCCGC,E398K,1,1
0.2785,0.009203,TTAATGAATAAACATA,A113G,1,1
0.2784,0.01118,AATCACAACTTCAATG,,0,0
0.2782,0.009727,TTAAAAAGAATGATTA,T135A,1,1
0.278,0.01959,ACTATACTGGCCAAAA,P4E,1,1
0.278,0.01959,TAAATTCTAACTAGTT,A304F,1,1
0.2778,0.04824,TAAACCTGACTAAGAG,I51M E344W,2,2
0.2778,0.005237,ACGCAGAAACACATCG,K238Y,1,1
0.2778,0.04357,GTAAATTCAAGGATAG,D7F,1,1
0.2777,0.01286,ATCTATCCTTTAGAGA,S358Y,1,1
0.2776,0.007299,AAAATTCTCCTGTGAT,P273F,1,1
0.2776,0.03649,TACTAGCAAATAGTTT,K453M,1,1
0.2775,0.02934,CAAAAACGCACTCTAA,,0,0
0.2775,0.02934,GTAAAACATAAATCAA,A106N,1,1
0.2775,0.009782,TACGGATGAACAATAT,S279I,1,1
0.2774,0.02327,GAAAGTATCTGGATTA,S115A,1,1
0.2774,0.007625,AGGGCGAAATGTTTAA,E426W,1,1
0.2773,0.006714,GCATGATATACCTGGC,N6D N159A,2,2
0.2768,0.01105,AATCAAATCAAATACA,,0,0
0.2768,0.01162,CTCAAGGACTAATTCA,,0,0
0.2765,0.02283,TAGATAATATTTATAG,Q356M,1,1
0.2765,0.008471,TCAGGAAGGCCCAGAT,N133L,1,1
0.2765,0.02693,AGCGACAAAGAGAGTT,K238F,1,1
0.2764,0.009975,GAAAAATCTAAGAACA,,0,0
0.2764,0.01044,CAGCGACGACATCCCC,R269W,1,2
0.2763,0.01181,AAGGTAAATCAATGCC,K310L,1,1
0.2763,0.002197,TTATAGGCAAAAAAAT,N296F,1,1
0.2763,0.005495,CCAACGGGGAAAAACA,D419N,1,1
0.2761,0.0464,AGCTGAATCCGTAATG,G386E E484I,2,2
0.2761,0.01602,GACACATACAGTCCGT,,0,0
0.276,0.01035,AACAATGCCGTCCACC,N382E,1,1
0.276,0.01112,TTGCTGCACTCCCTTG,A373C,1,1
0.2759,0.005194,CAAAAATAAATGGCTA,D32N,1,1
0.2759,0.05848,ACACAATAAAAACTTC,,0,0
0.2758,0.001996,CCGATGTTCGACATTG,N8G,1,1
0.2758,0.004395,TCACTTGAAAGCTTGA,N45R,1,1
0.2757,0.02358,GCACTATATCGCATAA,S198I,1,1
0.2757,0.0143,AAAGACAATTCCATCG,,0,0
0.2757,0.004215,ACCTTCTGAGGTAGAT,P221M,1,1
0.2755,0.01581,ACTTACAACGAAGCAT,S46F,1,2
0.2755,0.002777,GCAGGGCATCTGTGTA,,0,1
0.2753,0.02985,GGCCACAAGCCGTGAA,,0,0
0.2753,0.02985,TAACCGTACACGTAAA,E432A,1,1
0.2753,0.02985,TAAGTTCGGTGCTAAG,,0,0
0.2752,0.008555,AAACTAGCTGCCACAC,D291Q,1,1
0.2752,0.09592,GTACATGAAATATAGT,Q44V S219I,2,2
0.275,0.01178,TAAACAACTCATAATC,,0,0
0.275,0.022,AATCAGCAGCATTTAC,,0,0
0.2749,0.005523,CCTGCATATATACGGA,,0,0
0.2747,0.009582,TATATTCCAAGATTTA,I418Y,1,1
0.2746,0.02579,ATATACCTCTAAAGAA,,0,0
0.2746,0.01442,TTGAACTGGAATGCCT,,0,0
0.2746,0.01197,ATCCATAATATTACTA,,0,0
0.2746,0.006296,ATATTTAAAATATTAT,N290K,1,1
0.2745,0.04469,ATGATAACCTAATCAA,R405W,1,1
0.2745,0.004967,TTATTACATAACACAA,,0,0
0.2745,0.02736,CATTTAATATTTTAAG,,0,0
0.2742,0.02161,CAGAGTTGATTATAAC,I260F,1,1
0.2742,0.003953,TCCAGACATTTTTACT,D32M,1,1
0.274,0.004212,AAAATCCACAATGAGG,,0,0
0.2738,0.0194,ACCCAAATGAGTTCTA,E403I,1,1
0.2737,0.02525,ACATTTAGCACAAGAA,S219W,1,1
0.2735,0.02676,CACGGTCGCTCCGATC,R405M,1,1
0.2734,0.009288,CTATATAGTTATACAA,E280S,1,1
0.2734,0.03933,CGTATGAAAACGGGTT,,0,0
0.2732,0.007683,CCTCACTTTTTACTCT,,0,0
0.2731,0.01909,ACAGCTTTTGTCTATA,L409V,1,1
0.2731,0.01909,GGATAATAGACTCTTA,N45T,1,2
0.2731,0.006785,AATCTTACTTTTTATT,K278H,1,1
0.2731,0.03037,TAAATTATCAGACCGT,,0,0
0.2729,0.07421,TTTAACACACGATTTG,N6S,1,1
0.2729,0.02474,TTTTCCGTAATATTAG,R361F,1,1
0.2729,0.001928,TAGTATTCTGCCAATA,S114G,1,1
0.2726,0.04768,GTCATATTAAGCGCTA,,0,0
0.2725,0.03512,CCGAGCAATGCCACGA,K131R,1,1
0.2725,0.01648,AATAAATCGACATAGG,K50T,1,1
0.2724,0.0278,TTACACGCTTACTACT,K189I D408E,2,2
0.2724,0.01202,TTAAAGGATGATAACT,G61A,1,1
0.2723,0.007669,TCAGACAAGGCTACTT,R208V,1,1
0.2723,0.0171,CGCAATACAGGACGAA,N63C K276W,2,2
0.2723,0.01516,GGGTGCAATGACACTC,D175P,1,2
0.2722,0.005378,TTAACACTTCACACAT,,0,0
0.2719,0.004259,GACCACCAAAGATTTA,R383T,1,1
0.2716,0.01549,ATATGCACCATTTGAC,,0,0
0.2715,0.02718,TTTAAAGCGTGTAAAA,,0,0
0.2714,0.008647,ATAATCTTTATTGCTC,V223R,1,1
0.2714,0.03413,GTCCTTGGAGAATGTA,,0,0
0.2713,0.004059,AAACAGGCTTTAAACA,Q75G,1,2
0.2712,0.002706,CTATGGACAAGCTAAT,R33K,1,1
0.2711,0.01039,AACTAAAGATTTACTT,,0,0
0.2709,0.03694,AGATATAAACAACCAC,K326A,1,1
0.2708,0.007512,TGGGAACCTAATGACA,R307K,1,1
0.2708,0.007226,AACACTACTTCTACTG,D419A,1,1
0.2707,0.02658,CCACGCAATTCAGCGA,T10V,1,1
0.2706,0.008466,CAGATTATAAAGGAAG,,0,0
0.2706,0.01055,GACATATCACAAATAA,R361F,1,1
0.2706,0.003864,CCAACAAACTAGTGGT,E449S,1,1
0.2704,0.01703,TAAAAAAATTATGACA,R33Q A430T,2,2
0.2704,0.0073,ATCAAAAGCTATATAA,S247D,1,1
0.2704,0.05109,CACGTTCAACGAAACC,Q327P,1,1
0.2704,0.003496,ATCACTTTTACTCAAA,N31Q,1,1
0.2704,0.008797,ATCTAACATATAACTC,S480E,1,1
0.2704,0.003966,TGAGGTTACTGAGGGA,,0,0
0.2704,0.01444,TCCTCAAAAATAGACA,L314M,1,1
0.2702,0.02459,AAGTATATATCAAATT,V166G,1,1
0.2702,0.006293,CGGGCTCACAAATATA,,0,0
0.2702,0.002808,CGGCAAGTTCCAGCAC,T203K Q327F,2,2
0.2701,0.01207,ACGAGTAACCATACTT,R269D,1,1
0.2699,0.005599,AAATAAATTATGATAA,,0,0
0.2699,0.006349,GCTTAGCGCATGCTCA,R307A,1,1
0.2698,0.009087,TACATGTTCTAACATT,K278H,1,1
0.2696,0.002915,ACGATAAGCCATCCAA,D101K K472F,2,2
0.2695,0.004419,AGAATATAGTAATATG,,0,0
0.2692,0.007982,TGCATTAAATAAGTCT,S205A,1,2
0.2692,0.02245,AGCGATTAACTCCAAC,,0,0
0.2692,0.001915,AGAATGCTAAACCTAC,P289H,1,1
0.2691,0.03896,CTCATATGTCGCAACA,R208E,1,1
0.2691,0.0172,ATAGGACTTCCCAACC,S143-,1,1
0.269,0.00793,ACGATCGTATACTGGC,,0,0
0.2689,0.003003,ACAAAAATTTGTCCGC,S205G,1,1
0.2688,0.002669,TCCACCTAATTGACAC,,0,0
0.2688,0.01439,TGAAATACATAAAACA,E449F,1,1
0.2687,0.001941,GTTACTTAATAAACAA,H184N,1,1
0.2684,0.009183,ATTAACTTTTGAAATC,T388V,1,1
0.2683,0.02494,AATGTCCTATTACCTT,E83R,1,1
0.268,0.004949,TACTACTTATTTTACA,,0,0
0.268,0.03774,ACGTGCCATAATTTAC,N126Q,1,1
0.2679,0.01008,ATCAAGACAAACTACA,,0,0
0.2679,0.00582,GATTGCCACTAAAGAG,S47Y,1,1
0.2679,0.05503,GCCTATTATAAAAAAG,R229Y,1,1
0.2679,0.00418,TTTATCACCGTAGGAC,,0,0
0.2678,0.008203,GGGATAAGAACACCAG,D375N,1,1
0.2678,0.008203,TTTCATGCTTACACAA,,0,0
0.2678,0.007503,ATGGACTGGAGCAAAT,S124D,1,1
0.2676,0.003268,TCATTTATCATGAATT,S279D,1,1
0.2676,0.02444,CGGTTCTCAATATCAT,,0,0
0.2676,0.003871,ATAATAAAAATCAGAA,,0,1
0.2675,0.00795,ACTGACATCATTAAGA,K417Y,1,1
0.2671,0.009839,TGCGAACTTATCAAAA,P289R,1,1
0.2671,0.07754,AACTCAGCCATCGGTG,K171S,1,1
0.267,0.005403,ACTATGCCCTTGCACG,S110L,1,1
0.2669,0.03661,TTACAGCACAGATAAA,E325G,1,1
0.2669,0.004724,ATCAAAAACTCACAAG,S205G N445L,2,2
0.2669,0.01006,CAGAAAGCATGGAAAA,,0,0
0.2667,0.02091,AATCCAGCTAATTATT,,0,0
0.2666,0.02993,ACAAGATGTCGACGCG,K450N,1,1
0.2666,0.002598,AAAATAATGTGAAAAA,D101T,1,1
0.2666,0.01463,GATAACAACGATCTCT,,0,0
0.2665,0.01165,ACATATCTACTCATGT,N38G,1,1
0.2665,0.002851,TTATCCATACCTTAAC,P55Q,1,1
0.2662,0.0235,ATGCCCTAGCTCAAAG,S480M,1,1
0.2662,0.04536,AATGACACAAAGTTAG,,0,0
0.2661,0.03985,CACACTTATTTTACCA,,0,0
0.266,0.01277,TTTAAATTCGCAATAT,N341A,1,1
0.2659,0.03554,AAACAGCTTCCAAAAC,L428A,1,1
0.2659,0.03554,ATACCAAACGATTGCA,S115V,1,1
0.2659,0.003498,GATAAAAACAGAAAGT,,0,0
0.2658,0.02921,AAGAATATAATCAACT,D104N,1,1
0.2657,0.02479,TAACCCATTAAACTCA,S143V,1,1
0.2656,0.01217,ATAGAACCTTTAGACT,,0,0
0.2656,0.004547,ATCTAGAATATTAAAT,,0,0
0.2656,0.02154,TGAAAATATTCTCCCA,,0,0
0.2655,0.02021,GCTCCAGGATTGGCCA,,0,0
0.2651,0.005188,GACTAGATATATGAGT,,0,0
0.265,0.004789,AATAACTATACCATCG,G404T,1,1
0.265,0.03124,ACGTCCTCTCTTGAAA,M444F,1,1
0.265,0.01526,CATGATTAAGGCCACG,E83R N285E,2,2
0.265,0.05046,CGTGATAAACCTTTAA,L71V,1,1
0.265,0.04373,TATTATCTCTAACTTC,S143H,1,1
0.265,0.01988,TGTCATTTGTCTGATC,E280H E410Y,2,2
0.265,0.01773,CAACCGGACACTCCAA,,0,0
0.265,0.05963,CTTATCCCTAATACAT,,0,0
0.265,0.05963,GATATATATACAAAAG,V490E,1,1
0.265,0.05963,TAATGTCCCCATTCGA,S209T,1,1
0.2647,0.01102,AGATCGTCCACCACCA,I282V,1,1
0.2646,0.007125,TACCACTGGAAAACTA,I300R,1,1
0.2644,0.02221,ACATATAATGCGACAC,,0,0
0.2644,0.02221,GAATAATTACAAAACG,S219Q,1,1
0.2643,0.008562,AAGATATGTGTGGACC,,0,0
0.2643,0.02568,TACGAAATAACAGTGC,Q1S,1,1
0.2641,0.01637,ACTCATACAAAAAACC,,0,0
0.2638,0.0147,GCACGTACTCAGGTTT,K368M,1,1
0.2638,0.004901,GAGCCACATGACCGCA,,0,0
0.2638,0.006641,GCTTAACTTCTACATC,H18W,1,1
0.2637,0.04845,TTCATAAAACCCTTGC,,0,0
0.2635,0.005168,GGGGAAATGAAGTCTC,S219N,1,1
0.2634,0.02971,AAACACTGTTTTGAGC,,0,0
0.2634,0.02971,AATAAATATCTATATA,G78Y,1,1
0.2634,0.02971,CATGTTGTATATAGCG,E449D,1,1
0.2633,0.003641,CATCACTACCCCAAAG,S219V,1,1
0.2633,0.01594,TTGAAAATATCACTAT,,0,0
0.2633,0.006534,ATCACGTATCAGTTGT,D104N,1,1
0.2632,0.009538,ATTCATCTGCATGAAC,K276H,1,1
0.2632,0.009538,GTAACGAAATTCTGCA,,0,0
0.2632,0.009823,AGCTTTTAAATTTCTC,A212M,1,1
0.2631,0.006373,TATTTTGCTAGTAAAA,Q356S,1,1
0.2631,0.03628,TATCAATAAAAAAAAA,D188W,1,1
0.2629,0.007059,ATTCGTATCTTAAGTC,M268F,1,1
0.2628,0.04079,ACCAATCCGCAAAGAC,S145V,1,1
0.2627,0.029,ATGCAATTCATATATT,,0,0
0.2627,0.029,TAAATACACTCTTAAT,T313C,1,1
0.2625,0.04659,TATTAGATCAAAAGAA,G49S N159R,2,2
0.2623,0.01134,ACAAGCATGTTCTCTA,,0,0
0.2622,0.006454,GATAATGACACCAGTG,I34C,1,1
0.2622,0.006898,TTCGACCTGAGATAGA,P273E,1,1
0.2622,0.03523,CATCAATTAGAAAAAA,,0,0
0.2621,0.0543,AACCAAAAAGATAGCT,,0,0
0.2621,0.01218,CAGGAAATAACCGCGA,R261V E484Y,2,2
0.262,0.01386,CCCGTTACCAATTCAT,S143E,1,1
0.262,0.01386,TTAGTAACCGTTACAG,V490M,1,1
0.262,0.0101,AAAAAAAAATAATTTG,K292M,1,1
0.262,0.02832,GTGATAAATACCATAG,P103L,1,1
0.262,0.006682,CATTTACCTCAAAAAA,,0,0
0.2619,0.01916,AATAGAAAAGATACCA,I230L,1,1
0.2619,0.004604,AAAAGTCTATGGTAAT,,0,0
0.2618,0.03947,GAATATCTGAATCGCA,V323I,1,1
0.2618,0.01691,GAGCAAAGCATACAGC,S312T G386R,2,3
0.2617,0.031,GTAAGACATATATACG,S279I,1,1
0.2617,0.004634,CCAATGTATCAATCCT,,0,0
0.2613,0.004892,CATCTCATAGGTGAAC,,0,0
0.2613,0.02323,TCAAGATAGACTAAAC,N285W,1,1
0.2613,0.003105,GGACTCAATCCCTAGC,P239G,1,1
0.2612,0.006223,GAACAAGGAATCATAA,S107E Q311M,2,2
0.261,0.02131,AAAAGCCTAAGAAAAA,,0,0
0.261,0.03023,GTGGCCAAAACTAACC,,0,0
0.2608,0.0112,TCATCAGACTATAATA,Q211L,1,3
0.2607,0.01624,TCATTTTGTCCCTATC,A212C Q376H,2,3
0.2607,0.08118,TTCATAAGACAATAAA,G78W,1,1
0.2605,0.001233,AAGAATATATACATGC,N133M,1,1
0.2604,0.01442,AAATTTGAGCTCACAA,T128N,1,1
0.2604,0.04327,ATCGAACATTAATAGA,K276G,1,1
0.2603,0.01602,CCCAGAAGACCACATG,S198V,1,1
0.2603,0.01366,CACTCGATAACCACAA,,0,0
0.2602,0.02237,AGGATATGCCGTAAAA,I3V N133E,2,2
0.2602,0.02237,TATTAATCCATCGATA,G249H,1,1
0.2601,0.002564,CAGATTTGTAAAAAAA,N122P,1,1
0.2601,0.03706,TGTTGACAAAAGTTAC,S145R,1,1
0.2601,0.005295,TTCGGCTAGTCCTAAC,,0,0
0.26,0.001867,CTACGGTGCTTAGACA,S47R K171N,2,2
0.2599,0.002433,CCTTACATTTAGCACA,N6G,1,1
0.2598,0.009675,CAACTTTGACCGCCAT,I385G,1,1
0.2598,0.009675,CTCTACACTAAACTTG,F174Y,1,1
0.2597,0.006448,CTCAGAACAAAAAAAA,P227W,1,1
0.2592,0.02158,TGCTAATGCTAAAAAA,I25T,1,1
0.2592,0.01199,TTTAGGCTCTTATGAT,E35C,1,1
0.2592,0.1079,ACCTAATCGTATCATA,,0,0
0.2592,0.01454,CAGGCAACAGCTGAGA,I300E,1,1
0.2592,0.01991,TTACTCATATACACAC,R150N,1,1
0.2591,0.01097,TCTAAATCTCAAAAAT,G78D,1,1
0.2591,0.03156,CATGACGATTAAACAC,,0,0
0.259,0.005626,AGTAATTCATACATTG,N53A,1,1
0.2589,0.004638,AATAACTCCTACGACA,,0,0
0.2588,0.01003,ATGCAACCAGGAATAA,N475T,1,1
0.2588,0.007476,GCGAGAAAGCCCGAAA,I300N,1,1
0.2588,0.004312,TAAGATGTGACTACGG,G404M,1,1
0.2587,0.05877,ATGGCAATCCAATCTT,,0,0
0.2587,0.01124,TCTCACCTACATTTCC,T135W,1,1
0.2586,0.01034,ATGGAAATTTAAGCAG,,0,0
0.2586,0.01034,TAGAATGGAGACCAAA,D461H,1,1
0.2586,0.001905,AGAGCTAAAAATATAA,P227H,1,1
0.2586,0.009945,TCCATAACACCAATTG,E280G,1,1
0.2586,0.003737,ACATACAAACAATTAA,,0,0
0.2586,0.04787,GTTAGTTTAATCTAAC,,0,0
0.2585,0.01219,GGAATATAAAGTGAAT,Q173L,1,1
0.2584,0.03076,TGACAATTAACCAAAC,T65A,1,1
0.2584,0.02749,TAAGTCAATAGACTTA,,0,0
0.2584,0.02749,TCCACGTACACCAGAA,D104R,1,1
0.2584,0.02484,GAAATACTTAAAAAAG,E401Y,1,1
0.2583,0.01928,GAATTTGAATTCACCG,K238M,1,1
0.2583,0.01794,GCACATTCTAACCCAC,,0,0
0.2581,0.002201,CACTTTGTAGAGGTCC,Q75M,1,1
0.2578,0.004512,CTATATTCTAAGAGTG,,0,0
0.2576,0.01449,ATAGACTTGACCCGCA,K264C,1,1
0.2576,0.04606,CTCTATACCCTTGAAA,K259S,1,1
0.2575,0.05606,CAAACGGATTTTCATA,E172Y R405Q,2,2
0.2575,0.05606,TACGAGAATCAGCTTC,N45D,1,2
0.2574,0.02185,CCAAAATTTCGCATTA,E449D,1,1
0.2574,0.02387,GCCACGCAACTCTTTG,N158D,1,1
0.2573,0.01611,ATCATTCACCTCGGTC,,0,0
0.2572,0.00245,CATAGAATACAGTTTA,,0,0
0.2571,0.002356,TACGAAGACCCTACTT,P103E R307K E390N,3,4
0.2571,0.0184,AATTATCACGAACCAA,,0,0
0.2571,0.03302,TTCCAACAGAAACCCA,E484A,1,1
0.257,0.02146,GACTTCTTAATTAATC,I48P,1,1
0.2569,0.03787,ATAACACCCTTCTCAT,,0,0
0.2569,0.01327,CTTAAATTTCGTGGAT,T24I,1,1
0.2568,0.01139,TCATTAAGTAAAACAA,N63K,1,1
0.2567,0.01479,CACTAAAATAATATAA,,0,0
0.2567,0.002611,TCATATTATTAAGAAT,Y100F,1,1
0.2567,0.0195,GAATGCAAACATTCAT,,0,0
0.2567,0.004732,TAGAAGTATCACAATC,G49Q,1,1
0.2566,0.02109,AATCCATACTAAAAAT,F174Q,1,1
0.2564,0.05358,CTACAAATATTTACGA,,0,0
0.2564,0.008461,CTAGGAACTATTCCAA,K411G,1,1
0.2564,0.00307,TCCAACAAAGACAGAA,K276I,1,1
0.2562,0.002031,TTGATACTTTGATCCC,G129R,1,1
0.256,0.001251,CTTAAACAAGGAATTA,S110R R208I,2,2
0.256,0.06761,TATATACGGGAGGCAC,S114I,1,1
0.2557,0.01511,CCTCCCATGCGAGTCA,V112M,1,1
0.2557,0.01337,CTGAGATGTACAAAAC,,0,0
0.2557,0.003094,TTTCTAATGGGCGAAC,S137G,1,1
0.2555,0.007874,CAGTATAATATAAAAA,V490I,1,1
0.2553,0.009793,GAATAAAATGACGTTC,,0,0
0.2553,0.0242,TCAACAAACGTTAAAC,K368P,1,1
0.2553,0.003864,GGTTCGTACATACTGG,I288F,1,1
0.2553,0.001357,CGGAACCCTTATTGTG,K140Q,1,1
0.2552,0.0916,ACAAATCAAACGCAGG,L251M,1,1
0.2552,0.0916,GTTATGCACCCATCTC,,0,0
0.255,0.01563,TTAGATATCGCGCGTA,,0,0
0.255,0.008545,ACACTTGTAATCAATG,N464G,1,1
0.2549,0.0122,TTCCTTTGCCCCATGT,S115C D493H,2,2
0.2549,0.02373,ATGGACAATCATCAAT,K238M,1,1
0.2549,0.005065,AGGAAAAACTTTTCCA,,0,0
0.2548,0.03463,AATAACATACTCTATT,E449T,1,1
0.2548,0.008485,AGTTAAATTATACCAT,R150A,1,1
0.2547,0.02135,TATGACATAATAATAA,P103I,1,1
0.2546,0.0194,ATCCACACTAACCGTA,,0,0
0.2546,0.01778,AAATTAATACGACTTG,,0,0
0.2544,0.01524,ATTGGTAAAACGGACA,Q363I,1,1
0.2544,0.00508,CCTATAAGCGCATAAC,,0,0
0.2544,0.01422,TTCAAGCTTCCCGTAA,R150I,1,2
0.2542,0.0032,CAATAAAATCCTAACA,,0,0
0.2542,0.01619,TCTTTCATAAAAAGAT,H56S,1,1
0.254,0.007895,GCACGTGGAATATTAG,,0,0
0.254,0.01112,TTAACTATGAATCTAA,,0,0
0.254,0.009199,CTTTTGATTTCATCAA,V88I,1,1
0.2539,0.0139,TAGTTGGATTAAAAAA,S156T,1,1
0.2538,0.005583,GAGCGAAAAGTAAGAT,A304P,1,1
0.2536,0.02028,AGGCATAGAACGAGAA,N81D,1,1
0.2536,0.08517,AAGGCAAACGAAAAAT,D104E,1,1
0.2533,0.02201,CTTAAGTAAGATCGAC,G263H,1,1
0.2532,0.01193,ACCTGAGATCTGACCT,,0,0
0.2531,0.01537,CTGTTTAAAAAAATAT,R383Q,1,1
0.2531,0.003879,AAGGACTATAACTAGC,R361Q,1,2
0.253,0.03752,AAATCAACATGTGCCT,S198R,1,1
0.2526,0.03108,CATACAACCGTCGTGA,P169T,1,2
0.2524,0.03639,TCAGGATATTACCTCA,Q211N,1,1
0.2523,0.009298,CTTAGATTACAATTTC,T187D,1,1
0.2523,0.07959,CCCTTTCACTTTAACG,,0,0
0.2523,0.07959,TTAGAAAACTAACATG,N53W,1,1
0.2521,0.0439,CACCTCACTAGAATTT,P4T,1,1
0.2521,0.008058,AGTACGGAATATAACG,E83F,1,1
0.2521,0.03031,ATAATCCCACGTTGAA,G240D,1,1
0.252,0.005534,AACCCATACAATGGAC,H184Y,1,1
0.252,0.003966,ATTTTTCCAGGGATGA,,0,0
0.2519,0.003082,ATCACTAAGTTAAGCA,D291S,1,1
0.2519,0.02052,CCTTGGAACTATCCTT,E325G,1,1
0.2519,0.004285,CAATGAATCACTCTCT,V223D,1,2
0.2518,0.02596,GGCGTATATAAAAAAC,S422C,1,1
0.2517,0.0553,AATTTTGCCATTCTTA,,0,0
0.2517,0.0553,TCGAAACACCGATTTT,T65G,1,2
0.2517,0.009421,GATAAAATCTAGGGAA,K391H,1,1
0.2516,0.001352,CAGCAGCATGGGATAA,R299K,1,1
0.2516,0.006987,ATAGCTAGACCTGACT,,0,0
0.2514,0.01816,ACATAAGACTTCAATA,,0,0
0.2513,0.008415,GTCCCAAAGCCAGCCA,G200P,1,1
0.2513,0.01513,AATTTCCAAGAACAAC,,0,0
0.251,0.007604,GTAGCCGGCCATCAGA,,0,0
0.2508,0.00387,TATCTAATACTCCTTT,Q376L,1,1
0.2506,0.01586,ATCGCAAGCGTTAATA,,0,0
0.2504,0.006818,TAAAATTAAGTCTCAA,,0,0
0.2504,0.01243,GAAAGTTATTCAGAAA,Q132I,1,1
0.2503,0.004025,TACAGAAAATTAAAAG,,0,0
0.2503,0.0325,TACTGACACGGAGAAG,D291N,1,1
0.2502,0.01152,TACCAAACGAAACAAC,S9C,1,1
0.2502,0.01424,TAAAATCAATACGAAT,D188E,1,1
0.2501,0.01863,CACCGATCAATTTGAG,,0,0
0.25,0.01218,GGAAATCTAGTCCCTT,I3M,1,1
0.25,0.07036,AGATAGCAAAATAACG,R482H,1,1
0.2498,0.006845,AATATTTAGATCAGGA,E403W,1,1
0.2498,0.005529,ACAGCAAAGATCTTGT,L70I,1,1
0.2498,0.03165,TGTCGATCCTATCCAA,P169L,1,1
0.2498,0.01391,GTACAAAAAGGTTTAC,K472A,1,1
0.2495,0.02636,CTATCTGAACACCTCA,,0,0
0.2495,0.02636,GGATCGCTAACACGAA,W234F P289K,2,2
0.2495,0.01488,AATACTTCCACATACA,R150V,1,1
0.2495,0.001252,TTACCGGGCTAAATAG,S46K A372M,2,2
0.2495,0.01265,GATCACCTATCACAAA,,0,1
0.2492,0.016,AACCTTTCATAGGCAG,,0,0
0.2492,0.0258,GCAATATGCGTGTAAC,S358H,1,1
0.2491,0.006833,TCATCTACTCAATGAA,,0,0
0.2491,0.03718,GTATAACAAATTAAGT,N357S,1,1
0.2491,0.008155,TGAGGACCAGATTGCA,P4T,1,2
0.2491,0.003445,TTAATAATGGGCTTCT,K387Q,1,1
0.2488,0.02526,GGTTGCTTATGGCACC,N285F,1,1
0.2487,0.02177,TCCACTCGCTGGACAT,N290P,1,1
0.2487,0.009865,AATAATAAGTACTTTT,K238N K259M,2,2
0.2487,0.003827,TAGAATACTAGGTAAA,P103E,1,1
0.2486,0.03607,ACCCCAAAAGATTATA,Q1D,1,1
0.2486,0.03607,TATATCTATTACGGAA,K50H,1,1
0.2485,0.02475,TCATCAGATGTCCAAG,R220N,1,1
0.2485,0.02475,TCCCGGAACACCGAAA,I418M,1,1
0.2484,0.01883,TATGATATCTAATCTC,K121D,1,1
0.2482,0.02866,TTCCAAGGATGAACCA,Q57K,1,1
0.2482,0.03503,AAATACTGTTAATTGA,G218H,1,1
0.2481,0.007642,AAAAAACACACAACTC,N296T,1,1
0.2481,0.008031,CGTTATATTCAACAAC,,0,0
0.2478,0.028,ATATTCCATTGCAGGA,,0,0
0.2477,0.03405,ACTCCAGTGATACAAT,,0,0
0.2477,0.01135,GAAGAAAAAGCAATTC,D291Y,1,1
0.2477,0.004315,TAATTAATTATGAAAA,L111F,1,1
0.2477,0.002226,TTAGGCGTTAACAGAC,,0,0
0.2476,0.04343,TCCAATCACGGGATTA,D474N,1,1
0.2475,0.007364,TTGAAATAACAACAGG,,0,0
0.2475,0.01773,TAAAAGTTTACATTAA,D291V,1,1
0.2475,0.02737,TAACAACAATAATAAG,,0,0
0.2473,0.03312,AATATAAAAACTCACG,,0,0
0.2472,0.008445,TCCATTGGGACAAACA,,0,0
0.2471,0.04193,AAACACTATTTCAACT,,0,0
0.2471,0.01723,TACACATTACATTCAG,,0,0
0.2471,0.007911,TAAAAACACCAACACC,P284T,1,1
0.2469,0.09672,AGCTCAACTACTAATA,S199Q,1,1
0.2469,0.006164,GCCTGTCATGTATCCT,,0,0
0.2469,0.01699,CCAATCACTAATAATT,,0,0
0.2468,0.02205,TTGGAAGGATCACTTG,,0,0
0.2467,0.01904,GATACTTACATGGAAA,,0,0
0.2467,0.01676,CTATAAAGGAAAATCC,S156T,1,1
0.2467,0.01676,TCCCTCGTGTCAGTTC,N497Q,1,1
0.2465,0.01478,CTTACTCCATAGACCC,A19S,1,1
0.2463,0.0146,TGACCACAAATAAGTG,K310S,1,1
0.2462,0.005866,CGTAACAATCACAATG,I242V,1,1
0.2462,0.03922,GTATTCATCAAATACA,A212Y,1,1
0.2461,0.01012,GGGAACAAGTATAATT,S358E,1,1
0.2461,0.05456,TGAATTTTATAAAATC,,0,0
0.2459,0.01081,TCGATGAGCCACAATT,N122L,1,1
0.2459,0.02986,AGTTTTAAGCTGCGGT,S143N I214N,2,2
0.2458,0.01161,AGTATCTCAGAGTAGC,,0,0
0.2455,0.00403,TAAAGAATCAACACAT,,0,0
0.2455,0.01044,ATTGAAGTTCATGCCC,,0,0
0.2455,0.05221,ACAATAGCATCGTGAG,E401C,1,1
0.2455,0.002585,CCCAATTATAATAGCC,,0,0
0.2454,0.003462,TATAATCTGAAGCAGC,A304N,1,1
0.2452,0.02846,TATTCACTACACCAAA,Q327V,1,1
0.2452,0.01956,AACTGACTAAAAGCAC,Q371M,1,1
0.245,0.02781,TACCATATAACAAAGA,G504V,1,1
0.2448,0.002727,CACTAAACCTTAGAAC,,0,1
0.2447,0.02234,TTACTTAGTTACAATT,V88I,1,1
0.2446,0.01866,TGTAAGAATTGATGCT,A304V,1,2
0.2446,0.004403,AACCTAACACTCGTAA,,0,0
0.2445,0.005146,TCCACAGACTACTATG,S107K,1,1
0.2444,0.003102,AAGCTCGCGATAATAT,K278A Q311K,2,3
0.2442,0.00228,CGTATCTTGAAGAATT,N122L,1,1
0.2442,0.02602,CTGTAAATCATCTTTA,F332I,1,1
0.2442,0.02602,TAAAATATAAGTCCAT,G200V,1,1
0.2441,0.02117,AAATTACCACAAAAAA,S145N,1,1
0.244,0.04624,ATACAATCGGCAATAC,Q356W,1,1
0.244,0.03285,CTCGGACAGTCTATAC,L314I,1,1
0.2437,0.02045,AAGGATACCGCAAAGC,,0,0
0.2436,0.04455,ACAACGACAGCGATCC,V309L,1,1
0.2436,0.04455,TAGTCTTCAATAAACC,P162R G386E E390K,3,3
0.2436,0.04455,TTATGTGCTAAGAAAA,H184N,1,1
0.2435,0.07335,TCATATCGCGATAATT,,0,0
0.2434,0.003005,CAATCATCCAACACTA,D291Y,1,1
0.2432,0.01947,ACGTCCATGATTTCTT,R33A,1,1
0.2431,0.01013,CGTCACGCTAAAAGAA,S9N H56Y,2,2
0.2431,0.008475,CATAGTATATATTCTA,,0,0
0.2428,0.02306,AAATTATTAATGACGA,,0,0
0.2428,0.02306,CTACTTAAGTCCTAAT,S137N,1,1
0.2428,0.02964,GGCTTGGTATGACACA,N45I,1,1
0.2427,0.01576,TCACGCATAGATTTAC,S312Q,1,1
0.2426,0.01555,TGTTTAAACCCTAAAA,,0,0
0.2425,0.04013,TGGATACGGTATTAAG,,0,0
0.2423,0.01151,TTCCTGCATTTAACGC,I236L,1,1
0.2422,0.03885,AGCTAAATCGAACCAG,R208F,1,1
0.2422,0.03885,ATAAACGTGAGGGTGT,N31M,1,1
0.2421,0.008399,TACAGAAGTACTCGAA,T318C,1,1
0.2421,0.01751,CAACTAGCCGACTTAA,,0,0
0.242,0.01726,ACTAAAAATTTCCAAC,Q454M,1,1
0.242,0.01726,TACAGCGTTTATCATG,K50L,1,1
0.2419,0.01255,ATGCATAAAAGCCACT,,0,0
0.2418,0.06209,ACGAATTATAAATACG,P227W,1,1
0.2417,0.005008,TATTGAAAAAATGTAA,Q327T,1,1
0.2416,0.004252,TCCTTAAAATATCCCT,,0,0
0.2416,0.006302,GTGTGTTGCTATCTTA,,0,0
0.2416,0.03651,AACCAGCAAACCCAAT,N126T,1,1
0.2416,0.008681,AGCTTAATTCTAATAA,N298G G386E,2,4
0.2415,0.02586,TCTTCGCTTGATTACG,N122E R361I,2,2
0.2413,0.01969,CATATACTAAAAACAG,P324Y,1,1
0.2413,0.01611,ATAAGTTGAATACGCC,Q80L,1,1
0.2412,0.006494,AATCTAAAATCCATGA,I34A,1,1
0.2411,0.01907,AAACAAACAAAATGGC,D493N,1,1
0.2409,0.0153,GATTCCAGGTGTATCT,,0,0
0.2408,0.007246,CTAACGTAAGGACATC,E426D,1,2
0.2407,0.02337,AATATCACAACTCAGC,,0,0
0.2406,0.03259,AAACACTATCATTATG,F174D,1,1
0.2406,0.007036,GAAAATAAGCTAGCCA,,0,0
0.2405,0.01238,TACCCAAGTAACAACC,G5E,1,1
0.2405,0.02293,AAATACCTTACATGCT,V166N,1,1
0.2405,0.02293,GGACGGCCAAGATCCG,,0,0
0.2405,0.004114,GATGAATTAAATACAC,S198A,1,2
0.2404,0.03174,ATTGTCGAACTTCTTC,,0,0
0.2403,0.007456,TGCATCTTCATCACCT,N45D,1,1
0.2403,0.01201,ACTTAGGCTACAGTTA,,0,0
0.2403,0.01201,AGAGAACGCACCTAGT,L439T,1,2
0.24,0.03016,TCTTAACTGATTTAAA,S262F,1,1
0.24,0.008833,AAAACACATAAACATA,,0,0
0.2399,0.04945,TTGTACTACACCCCAT,K326S,1,1
0.2399,0.003138,TGAAGATCGTGTATCT,M462V,1,1
0.2397,0.01103,GCATTATTCGATAGAG,S156A,1,1
0.2396,0.01584,CTAAGCCACTCCAACG,M462V,1,1
0.2396,0.04751,CATTTAATAATTGAAC,N165V,1,1
0.2396,0.04751,CCTAGTAAAAGAAAGA,,0,0
0.2395,0.003251,TTAACAAACCGCATAC,,0,0
0.2394,0.04573,ACACCCTGAGGCGTTC,,0,0
0.2391,0.007711,GCTCTAATATAGCCAT,I232M,1,1
0.239,0.01869,CGAACATAAGGAATGT,A212G,1,1
0.2389,0.04252,AACCCTCCTAGCATAA,G129Y,1,1
0.2389,0.04252,AGATGATCGCTATAGA,K259Q,1,1
0.2389,0.04252,GACAATATTTATACTG,K411R,1,1
0.2386,0.003668,AACTGCAATAAGCATT,,0,0
0.2385,0.0109,CTACCACTCTTGAAAA,K278T,1,1
0.2384,0.02369,AATCTCACTTTGAGAC,,0,0
0.2383,0.01642,TTAATAGTAGATCTAG,D77T,1,1
0.2382,0.0162,CTAACCGTATGAACTG,S199P,1,1
0.2382,0.007553,GGCCAGCAATTAAAAC,K140M,1,1
0.2382,0.01026,ACAATTTCACATGGGA,,0,2
0.2381,0.0373,AGTAGACATACAGTAG,S378D,1,1
0.2381,0.02238,GTTGGGACTAAGAATA,D32L,1,1
0.238,0.01578,ATATGCAGATTGCCAG,,0,0
0.2379,0.03619,CAAAGTCATAGAGGTC,D32S,1,1
0.2379,0.02158,CATCACAGTTTACTCA,R220T,1,1
0.2378,0.03514,CGAAATACTCTCCATA,S312F,1,2
0.2378,0.008092,GAATTTGTACATGGAG,,0,0
0.2376,0.02049,AACATAGACGAACGGC,,0,0
0.2376,0.01128,ATAAAAGGTTAAATCC,,0,0
0.2376,0.006755,CAGATAACAAGTAAAA,T318M,1,1
0.2375,0.01097,GAAACAGACAATCGGA,,0,0
0.2375,0.01097,GCACTTCACACCTTGT,R222C,1,1
0.2374,0.0195,TTAGAATAAAATCAAA,,0,0
0.2374,0.03233,AAAAAGATAAAAAAAT,,0,0
0.2371,0.0307,GCACTGACATAAAACA,Q80D,1,1
0.2371,0.0307,TATAAACCACGGAGTA,,0,0
0.2371,0.0307,TATTAATAACCCAAAT,,0,0
0.237,0.005292,TAAGTTAATCCAACAG,,0,0
0.2369,0.08766,CTAGACGTAGTTATCT,P21F F120W,2,2
0.2369,0.02922,TAACAAATTAAATTAA,,0,0
0.2369,0.005157,TACCCGCATCTGCAAT,E280H,1,1
0.2369,0.009663,AGCGTTCTCGTTTAAC,F87W,1,1
0.2367,0.005576,CATACAAAAAGTATAG,S231E,1,1
0.2367,0.02788,CATCCTTAGGGGGAGA,,0,0
0.2367,0.02788,TAAAATATTAATTAAC,,0,0
0.2366,0.02725,AACCGTTAACTCTTCG,R33Y T451I,2,2
0.2366,0.08175,AGTCCCGAACCACCTT,,0,1
0.2365,0.00717,CGCGCTTAAAAGATCG,Q311C S378W,2,2
0.2364,0.02608,CTTAATAGCTTGAATC,S47E,1,1
0.2364,0.005195,AGACACAGCACAGAAT,,0,0
0.2364,0.007045,AGAGTTAAACCTAACT,K259I,1,1
0.2364,0.02553,ACTATCCAATATAGGA,M462Q,1,1
0.2364,0.0766,CTACAGATCTTCAAAT,,0,0
0.2363,0.003915,TTGACAACACACTTTA,,0,0
0.2362,0.006623,TTACACATGCTCACCA,,0,0
0.2361,0.01021,ATTGCATGCAAGATAA,L244C,1,1
0.2358,0.06441,CTATACAAACCTTCTC,L157Q,1,1
0.2358,0.004295,GAATAGAATAAGCTAA,F148W,1,1
0.2356,0.008802,CCACGTACATAACCAA,S110R,1,1
0.2356,0.06116,CAGACAATACAAAACT,P55G,1,1
0.2356,0.006759,AAAAATCAAAAGGCCT,S279N,1,1
0.2355,0.01973,GCCGAACAAGAACCCA,,0,0
0.2355,0.006576,GCTCTACCTCTCCAGT,A163D,1,1
0.2355,0.05823,AAAACTACATTAACCA,I274V,1,1
0.2353,0.005031,TATAAGGTTCTAGAAC,Q210G,1,1
0.2353,0.007836,ACGTTGCACAGCAACA,,0,0
0.2352,0.05313,TAAAATATCTTCCCTA,R482M,1,1
0.235,0.007145,ACTAACGCGCCATCAA,D375Y,1,1
0.235,0.01629,ACACAACAAGCCATCA,R229I,1,1
0.235,0.04886,CTTAACTCAAACGAAC,E344G,1,2
0.235,0.009618,ATAATCCCATTAAGCC,,0,0
0.2348,0.04522,GCCAATAACACGTTCA,,0,0
0.2347,0.002921,TAAACATAATGTGAAC,P289E,1,1
0.2346,0.04067,GGACACAGGAATCTCC,,0,0
0.2345,0.03936,AAGTATATTACCAACA,,0,0
0.2344,0.03696,GACCATTATGTTTGAA,S358I,1,1
0.234,0.02901,ATAGAATATGTTTGAC,,0,0
0.234,0.02901,TTAAACGACAAACAAG,H56K,1,1
0.234,0.009301,CATACTACACTGAATT,N216Y,1,1
0.2339,0.02769,GGTAAAATAATTACAA,,0,0
0.2339,0.005489,TGCCGATCACAACACC,D104T,1,1
0.2339,0.005391,ATCCTGATACCAGCAC,S198A,1,2
0.2339,0.002447,AATATACAAAAACTAG,,0,0
0.2338,0.02436,GATAGAGATTTGGACC,H184Q,1,1
0.2338,0.02436,TAGAATTTTCGGACTA,,0,0
0.2338,0.02388,GTCTGTCGCACTTAGG,G142F,1,1
0.2337,0.02297,ACATAAGGCATATAAC,K453R,1,1
0.2337,0.02255,GCTTCCTCCATTGTTA,R224W,1,1
0.2336,0.007037,ATACTAAACTAACAAA,P227H,1,1
0.2336,0.02099,CGCTTATTTATCTAAA,,0,0
0.2336,0.01995,ACTAAAAGAAAGAGAG,V413I,1,1
0.2335,0.006475,CGCAATACTAACATGG,,0,0
0.2335,0.006373,GATACGCACCAGTCTC,G479S,1,1
0.2335,0.002601,ATTATTAAGCATCGAT,K238E,1,2
0.2335,0.01816,GTCCTTACTCCCGAAC,I288V,1,1
0.2333,0.01521,CGTTGATCCTAAAAAA,R383M,1,1
0.2333,0.002883,AATTATAAGGAAAGTA,S198R,1,1
0.2331,0.003886,TACGGATACGTTCAAT,N483M,1,1
0.2328,0.00375,TACTATATCATATGTA,,0,0
0.2323,0.0005684,CATTATCGACCCAATC,I282N,1,1
0.2323,0.006007,GATTGACTATAACCCC,S143A,1,1
0.2322,0.007929,GAACACTCAAATTCTC,R92W,1,1
0.2322,0.008424,AAGCCCAAGCATAGTA,Q197R R220T,2,2
0.232,0.01133,AAAGAATTTACGTCAA,Q197R,1,1
0.232,0.01189,CTGCCGCAACTAACAT,R307C,1,1
0.232,0.01189,GAATCTAAACTACACC,F294L,1,1
0.2319,0.01409,AAAACGCTCACGCAAC,G142Q,1,1
0.2316,0.00673,CCCCAAAATGCCGAAT,H435L,1,1
0.2316,0.02019,AATTAAAATCATTTCA,,0,0
0.2315,0.02202,ATATATGAAAAATGCC,,0,0
0.2315,0.02242,GATAATCATATAGGGA,F79Y,1,1
0.2313,0.0247,GTTTAGACACCAATTC,,0,0
0.2313,0.02631,ACGGTATTGAAAAAAA,K503T,1,1
0.2312,0.02814,CGCATAACGCTAAGCT,A212L,1,1
0.2311,0.02881,ATAAGTAACAGAGACT,E119R,1,1
0.2311,0.02951,ATTAAAACTACTCCCT,K315M,1,1
0.2311,0.02951,ATTCACCAGCACCCGC,S219M,1,1
0.231,0.01034,CGCAACCGGAATCATT,,0,0
0.231,0.03183,GGTAATTTTCATTGAC,,0,0
0.231,0.03183,GTACTATTATTATGAA,,0,0
0.2309,0.01099,ATTCTTCGCCTAATAT,,0,1
0.2309,0.006871,TATCACGCCCTATCGA,D188W,1,1
0.2309,0.03454,ATAGAGAGAGTCAAGA,N497S,1,1
0.2309,0.03454,GCCCCGTAATTAGGAA,K310V,1,1
0.2308,0.007071,ACAGTATCCCATCCAA,,0,0
0.2308,0.03556,AAGCGTCAACTGCTCG,A212F,1,1
0.2308,0.03556,CCTAAGGCCCTTTATG,,0,1
0.2308,0.01221,TGTCAGTGGAGTCACT,R92W G379N,2,2
0.2307,0.03777,TGAACAGATGATATTG,I29V,1,1
0.2306,0.03898,AGCAAAACAACAAAGC,G5A,1,1
0.2305,0.01389,TATCATAGACTACCAG,,0,0
0.2304,0.003897,ATCCACACATAACCGA,,0,0
0.2304,0.04313,TCAATACGTCGAGAGT,I214F,1,1
0.2304,0.01455,ATGAACTACATAACCA,P324L,1,1
0.2304,0.04472,AATAGAAGACTATAAA,T416G,1,1
0.2302,0.01609,TATCAAATATACATAC,,0,0
0.2302,0.001243,CACCAAAACGCGTCAT,T12F,1,1
0.2301,0.01653,ACTTTTCACTCATAAG,S9D,1,1
0.2301,0.05028,AAGTATAAATAGAGAT,K292C,1,1
0.2299,0.018,TATCGGGCGAAATTTC,,0,0
0.2299,0.01827,CTACAGGAAACAATGT,S143R,1,1
0.2298,0.004232,ATATTATTCAATACCT,,0,0
0.2298,0.005089,CTAAAATGCTCTTCTG,,0,0
0.2297,0.0117,AAATATACCCTTACGT,K387N Q394R S400V,3,3
0.2297,0.001896,AGATTAATAACTAGTA,P21M,1,1
0.2296,0.001082,TGAAAGTATCGAAGCA,L108I,1,1
0.2296,0.06026,GATATAACCGAAAACA,,0,0
0.2295,0.02043,TCTAAGTAATAATATA,N126V,1,1
0.2293,0.009558,AAAAATTTACCGGACG,,0,0
0.229,0.004224,CACTCCCACTAATTGT,S358W,1,1
0.2289,0.01467,AATGACTAACTTTCAC,G142R,1,1
0.2288,0.008355,CATCCAACAACAACTA,,0,0
0.2288,0.002476,CATTGTCCCACTATTC,,0,0
0.2286,0.004219,TTTGTACCCGCATCAC,N159T,1,1
0.2285,0.02732,CAGATCAACCTATAAC,D32G,1,1
0.2285,0.01647,ATCCATTATACTTAAT,K417S,1,1
0.2283,0.08581,TAAACCTAAAGCCAAC,R222P,1,1
0.2283,0.02861,TCAAAGGAAATTGAAG,,0,0
0.2281,0.005337,ATCACCGTTAACCCCC,E414V,1,1
0.228,0.01305,GATAGATAATAAACAC,,0,0
0.2279,0.01875,CACTAACGCAAAGAAC,N63I,1,1
0.2279,0.01875,TAGAGATATAATGTGA,Q132Y,1,2
0.2279,0.006284,CCCTGGCGATCCTAAC,A106R,1,1
0.2277,0.006591,CTATTACAACTGCGAC,Q57V,1,1
0.2276,0.03331,ATACTTAATATAAAAA,G249A,1,1
0.2275,0.02032,ACTTGCTAGAAGGTTC,,0,0
0.2275,0.02032,TCTGAAGACCGATGGT,N94T,1,1
0.2275,0.01142,GACAGGATAGAATACA,N483Q,1,1
0.2274,0.003377,GTACTCAATGAGACAA,P289K,1,1
0.2273,0.009589,TCAAATAGTATGTAAT,I437L,1,1
0.2273,0.01517,TCACCGCAATGAACTT,,0,0
0.2272,0.02178,TGGAGCAAAAGGACTA,K264M I478L,2,2
0.2271,0.02218,AAAACAAAATTGGTAC,,0,0
0.2268,0.008999,CTAATTCCGATATAAT,,0,0
0.2266,0.02393,AAACTGGGCTTTAAGC,,0,0
0.2266,0.009274,ATATTACAAAAGATCT,,0,0
0.2265,0.008137,AATAATCCAAGCACAA,S107I,1,1
0.2265,0.01359,TAAATATCTCCAACAA,L13F,1,1
0.2264,0.01785,TAATCAAAATTTTGCA,,0,0
0.2263,0.006008,TACAACGATGCCACCA,Y302V,1,1
0.2263,0.006679,CGCAAACCCCCACTCG,,0,0
0.2262,0.007564,CCCACCAAAAATTGGT,,0,0
0.2262,0.0144,AGTAGAATAGGCAACC,N158H,1,1
0.2261,0.003556,TCATTATGGATAACTG,S137W,1,1
0.226,0.04424,GTCACACGTGCCCCGT,,0,0
0.226,0.04424,TAAAACCAGTTATAAA,E344T,1,1
0.226,0.04424,TCGGCTTCCTTGATAC,,0,0
0.226,0.02654,TTTTAGCATTAGTCAT,A93K,1,1
0.2257,0.02776,TAAAATTATACATCGG,R361M,1,1
0.2256,0.002856,GCAGAGGGGCATTAAA,,0,0
0.2255,0.005682,CCCAAAACAACGGCAT,,0,0
0.2255,0.04771,GTATTTTTACATGACT,T187C,1,1
0.2255,0.04771,TATGCCCACGTATAAA,Q311S,1,1
0.2253,0.02092,AATGATTGGCTAATTT,,0,0
0.2252,0.001028,TCCAGCACTACAGCGC,,0,0
0.225,0.03055,TACGGGGTACGCAATT,L439T,1,1
0.2248,0.01418,ATCAATTCAACCATTC,V112L E484K,2,2
0.2248,0.006806,TGTATAAAGGGTACAA,,0,0
0.2247,0.00168,GATCCACTCAAGCTAC,T451E,1,1
0.2247,0.01227,AATACCAATAACATGA,P4M,1,1
0.2246,0.004134,TGGTACTCCTAACCTT,S198K,1,1
0.2245,0.005588,ACGGACGTGGAGCCTG,,0,0
0.2244,0.00572,CGTCAATATTTGAAAA,D188V,1,1
0.224,0.001282,CCTCAAAAGATATACA,,0,0
0.224,0.02476,ACGCCAGGTGATCATA,P221L,1,1
0.2238,0.002652,TCCATAACTCCAATTA,,0,0
0.2236,0.004639,CCCACTAAGAAAAGAA,S115M,1,1
0.2234,0.008791,GTGAATGCACAAAAAA,,0,0
0.2234,0.03708,AGACTCGATCAAAACA,,0,0
0.2234,0.03708,CACTATCCACGAACTT,Q57H Q197I,2,2
0.2232,0.02696,GCAACAGGTAAAAAAC,,0,0
0.223,0.01482,CTGAACATACGCGCTT,,0,0
0.223,0.0114,GAACAATCGTATCAAC,T135L,1,1
0.2228,0.03949,CCAATATCACAACTAT,Q197T,1,1
0.2228,0.06582,TATATTGGCTTACTAA,N158M,1,1
0.2227,0.001148,TCATCACACACTCAAT,,0,0
0.2226,0.004895,TTACCCTTACATGACG,,0,0
0.2224,0.01086,ATATTAACTCCGTGCG,,0,0
0.2223,0.006295,CGGTGCCTTTAAACAT,N497L,1,1
0.2222,0.0232,AGACTACTACTTTATC,V490S,1,1
0.2221,0.0162,AACTTGTATATGCAAC,,0,0
0.2221,0.04224,AGCCCCAAAAATATGG,S124R D461N,2,2
0.2221,0.01408,AGGACTCACAAGTAAC,G479A,1,1
0.222,0.01425,GTCCAAGCATCGATAA,Q44I,1,1
0.2219,0.00405,AATTGCACTCTTCAGA,T301I,1,1
0.2217,0.04376,AAGCAGAATATTCAAA,G404F T451I,2,2
0.2217,0.04376,ATGTCACTATGAATTT,I282Q,1,1
0.2217,0.01688,AAAATACAACAAACAT,A106G,1,1
0.2216,0.01298,GAATCCCGGATTTTAC,T485L,1,1
0.2215,0.003786,GAGCGCACCGCCGCAA,S149T,1,1
0.2213,0.01192,TCTTTTATGTCAACTA,S107I,1,1
0.2213,0.007818,CCCACGATCCCAAACA,I282V,1,1
0.2213,0.0454,GCATGTCTACACACTT,A196G,1,1
0.2212,0.01533,ACCTAACTGAACAACG,,0,0
0.2209,0.0262,ATAAAATTTAGTAAAT,N45T,1,1
0.2209,0.07861,TAACCATTACATACAA,K472A,1,1
0.2209,0.07861,TCCTAACACAAAAATC,K310T,1,1
0.2209,0.01025,TGTCACATATCACGAC,,0,0
0.2205,0.01436,GGAAATCTACACACGT,,0,0
0.2202,0.03567,CAAATTAACACAAAAT,,0,0
0.2201,0.01929,AGTTGTTTATTTTCCT,R208M,1,1
0.2201,0.08405,AATAAACATAGAAATC,R201W,1,1
0.2201,0.08405,TCATCCAAAAATATTT,T40S,1,1
0.2201,0.02802,ACATTTATTGGATACC,G61L,1,1
0.2198,0.02868,AGATTTTTATAAGACA,P239I,1,1
0.2198,0.008339,CAAGAATCATGAAGTT,V213E,1,1
0.2195,0.01754,GTATCGAAGCCACTTG,,0,0
0.2195,0.02937,GGTGCAAAGATAGCAA,N357T,1,1
0.2194,0.01566,TCTACTAAATCATACG,V490C,1,1
0.2193,0.008636,TCAAATGCAATTCTCG,R456Q,1,1
0.2193,0.01415,TGCCATTATGCAGGAA,,0,0
0.219,0.01304,AATCATTAATCACCAG,,0,0
0.219,0.03911,AGCAATAACTACCAAT,P324H E401K,2,2
0.219,0.03911,TTATAAGCTATAAATA,N81V,1,1
0.219,0.005383,CATCGCTATACTCAGC,N126M,1,1
0.219,0.007427,AAGGTAAATTGCCATA,A106G,1,1
0.2189,0.01629,GGAACAAATTCGAGTG,Q407H,1,1
0.2187,0.02549,AATTTTTTAAAAACGT,E119F,1,1
0.2187,0.02549,CAAATCTCCTCTACAA,S262Q,1,1
0.2187,0.01651,TACATAAAAGCCCGTA,,0,0
0.2186,0.006012,ACCAATAAGACATTAA,,0,0
0.2185,0.0189,TTAAAAAAAGAATACA,,0,0
0.2184,0.002064,TCCCCGCCTCCCAACA,P289D,1,1
0.2181,0.005944,AAATTTGATATCTGTT,F467V,1,2
0.2181,0.04181,ATCAACATAAAGTGTG,,0,0
0.2181,0.09755,AGCTTGTCAATAGAGC,Q173W,1,1
0.218,0.004385,GGAAATTTTGTATTAG,R299M,1,1
0.218,0.008421,CTTGCGCTCTCGTCTC,N298S,1,1
0.2179,0.005179,TTACGCAAAAATAACA,A138S,1,1
0.2178,0.001335,AATTTGTATCCTTCAC,L420M,1,1
0.2178,0.01104,TAACCCGCGTTGCGAC,,0,0
0.2177,0.0272,CTCGGACTTCAAACAA,I160M,1,1
0.2177,0.03341,TGAAGATAACAAAATT,,0,1
0.2176,0.0433,GTTTTTTTGAATAGAA,G49D,1,1
0.2174,0.02783,CCATCCTAATATACCG,,0,0
0.2173,0.0205,ATTTCCGTGATAACAA,I300A,1,2
0.2173,0.009347,CTCCGCCTTCTCTCCT,T12W,1,1
0.2172,0.005434,TTAGAAAACTCCATCA,T440A,1,1
0.2172,0.02384,GCACAATAATATCATT,,0,0
0.2168,0.03536,AATTCCCCATTTAAAC,P324M,1,1
0.2167,0.01882,TATTCCTACCCGACAT,S107N K276Q,2,2
0.2167,0.02916,GCATTTAGTATGGGCA,R299I,1,1
0.2165,0.01202,AAAAACAACACTGAAC,N445L,1,1
0.2164,0.01554,CCCCAACAACCAAAAA,S279R,1,1
0.2164,0.04663,GTCGAAAAGAATAAAT,,0,0
0.2163,0.002204,CAATTTATGCATGATG,R201W,1,1
0.2163,0.009398,AAGCGCTAACAACCAT,,0,0
0.2163,0.02533,AAGCTACACCCCTTGG,E119I,1,1
0.2162,0.02198,ACTAAATTTAAATATT,L439A,1,1
0.2162,0.01142,AACTATCACGTAGAAT,G200V,1,1
0.2162,0.01142,TTAAGCCGAATTGCAC,G479F,1,1
0.216,0.01764,TTACGATTACTTTGCT,,0,0
0.2159,0.02239,AGAGTAAGAAATCAAC,,0,0
0.2159,0.02239,GACTATAGGCCAAATA,K368F,1,1
0.2158,0.03755,AGCGAATCTACATGAG,G142A,1,1
0.2158,0.04849,TCCTGAAAAACACAGA,,0,0
0.2154,0.03143,ATCAATAAGACATGAT,R150N,1,1
0.2154,0.001757,CACTCTAACACGAATA,D175T,1,1
0.2154,0.005168,TCCCCAAGTCATGGTG,Q311C,1,2
0.2152,0.002722,TAAAAGTTATGCCACG,A69M,1,1
0.2151,0.005429,CCGCCACCAAAGCCGA,,0,0
0.2151,0.0505,TGTATCTCCAACGACC,R33S Q211K,2,2
0.215,0.01417,TATATGCCATAATGGT,,0,0
0.215,0.03226,TATCAAATTACAACCA,,0,0
0.2149,0.004286,TCAATAAGCCTAATCA,,0,0
0.2148,0.02111,CTAAACTAACTTTTTG,R383G,1,1
0.2148,0.02111,GGTCAATATCAATATT,N483W,1,1
0.2147,0.01334,ATACCTCTCGAAATAA,,0,0
0.2144,0.02828,TCCGCCCTAAAGTTAT,,0,0
0.2143,0.0527,CCTTCTACTACCAACG,K472Q,1,1
0.2142,0.00729,TTTTCCTTAATCTTCC,,0,0
0.2139,0.003273,AATGGGTGATTACAGT,R208G,1,1
0.2139,0.009192,GCACGAGCGTACACCA,,0,0
0.2138,0.02227,GATGAAAGTAAAGGTT,H56W,1,1
0.2138,0.006655,GTTTCAATAAGTCAAA,,0,0
0.2137,0.01809,CCGTATCTACTAGCCA,,0,0
0.2137,0.006691,CAGAACACAAGCCAAC,,0,2
0.2135,0.07712,GAAGTGATTCACCCAC,R33A,1,1
0.2135,0.07712,TATTACATCCACTACT,Q363L,1,1
0.2134,0.001014,ATGCCAGATACACTAC,P21S,1,1
0.2132,0.017,TACTCACTAATCTTAT,,0,0
0.2132,0.01865,ATTCTATGACGTCATA,,0,0
0.2132,0.01865,GCTATCGAAACGAATT,G49D,1,1
0.2131,0.008027,CAAAAATCAAGACGTA,,0,0
0.213,0.03041,TAAAGTGTACATAAAC,,0,0
0.2129,0.0361,GTCCTAAAAATATATA,N31M,1,1
0.2129,0.009242,ACCATATTACGGTAGG,,0,0
0.2129,0.003788,ATTACGCTGGTAACCA,T10Y,1,1
0.2128,0.003588,ATTATTCTTTAAAAAT,L118I,1,1
0.2126,0.002776,TTGATATATCATATAT,S145N,1,1
0.2126,0.01924,TGAACCACTCAACATT,I335M,1,1
0.2125,0.007123,TATTACCATGTCAGTG,L70A R361G,2,2
0.2123,0.0372,CAAGTTGAAACTAACT,D225F,1,1
0.2123,0.0007466,CTAATATACAGGAAGT,G129R,1,1
0.2122,0.01325,ACTTAAAAAATCCGAT,,0,0
0.2122,0.02745,AAAAACCACATACTAT,S46M,1,1
0.2122,0.006336,ACTCAAAGTCTTGGCC,I374H,1,1
0.2122,0.08235,AGGATATGAAAAAATT,L367V,1,1
0.2122,0.08235,CCCCGGTTTATATAGC,,0,0
0.2121,0.004435,CTAGAATCCCTACCGA,R92K,1,1
0.2119,0.0167,CTCGAAGAAGCTATTG,P4S S114G,2,2
0.2119,0.001205,GGCGCATTAATCACAC,D415E,1,2
0.2117,0.02809,CCCCTAACTAAAAAAA,Q57R,1,1
0.2115,0.005379,TCAATACGCTGATGCC,,0,0
0.2115,0.01577,GACAATCTCTAATGGG,S95D,1,1
0.2114,0.01856,TATGTCTATAAGAAAT,S149R,1,1
0.2113,0.01162,TGAATCAAAGAAAAAT,G386P,1,1
0.2112,0.04792,ACAGTAAAAATCGATC,V88I,1,2
0.2111,0.004753,GTTATAACGACAGAAT,,0,0
0.2111,0.01885,CTACCACAATTCTAAA,,0,0
0.2111,0.01173,TTAATATCGTATCATA,,0,0
0.211,0.01321,CTAACACATCTACTAG,I214E,1,1
0.2109,0.01619,TCGTTCATTGTTAACC,T416S,1,1
0.2108,0.00798,ATTCTATACAGCGCTT,,0,0
0.2108,0.03379,GACAGATCTTTGCAAA,R224G R383A,2,2
0.2107,0.02945,TAAGACGTCGGGCACT,K278L S378H,2,2
0.2106,0.01137,ACAAAGAGCATAAATA,D101N D438E,2,3
0.2106,0.01137,ACCTGAAATCCCTAAG,,0,0
0.2104,0.01793,ACTTAAATCAAAATAC,A163F,1,1
0.2103,0.009978,AAATAGCGTAAAAGTA,K189V,1,1
0.2103,0.009562,GTCTAGTTGGCGGGAG,Q363D,1,1
0.2102,0.00717,AATCTGTAGAAGGATA,,0,0
0.2101,0.000848,CATAGGAACCAAATAT,I160Y,1,1
0.21,0.0147,AAAAAAGATCCTTAAC,,0,0
0.2097,0.01488,ACCTACCTCCTTAGAT,,0,0
0.2097,0.0201,TATATATAATGACCTC,N38F,1,1
0.2096,0.002003,TGGTGGAAATTGAGTA,,0,0
0.2096,0.00909,TATTGGCTTCAGTAAA,Q311K,1,1
0.2095,0.0424,CTATGAATATTGCTAT,S9R,1,1
0.2094,0.01041,CCACTTATCACAGTAT,N158D,1,1
0.2092,0.004319,GAAAATCATATTTCAC,,0,0
0.2092,0.0673,CCAAAAGAGCCAAGCG,N497D,1,1
0.2092,0.0143,TTCGGAAATGCAGCAA,,0,0
0.2092,0.02487,TTTTTTAATGAGATCA,I288V,1,1
0.2091,0.01525,CAGTAATTTCGCATGC,S9D,1,1
0.2091,0.01155,TGTCATGCATGCGACC,K2E,1,1
0.2088,0.03687,CACTGGTTGATCATGT,D188E,1,1
0.2088,0.01656,AGAACTTCCGATACAC,,0,0
0.2086,0.003201,CATAAAAAATTCTATG,G479S,1,1
0.2086,0.04394,ATGAATAAAGCGATTC,,0,0
0.2085,0.004215,TTTGATTCCTTCAGCG,M268V,1,1
0.2085,0.02115,CCCCTCATATGAGACT,Q80W,1,1
0.2084,0.003359,CAGAGATCATTACTTT,E449R,1,1
0.2083,0.01482,AGAACTCAGGGTTATT,R141F,1,1
0.2083,0.01482,TTCACACGGAATATCA,N298A E449K,2,2
0.2082,0.003215,TTTCTTATCAATAAGC,,0,0
0.2082,0.01201,AAAAATAGACAATTCA,Y105T,1,1
0.2081,0.03802,TTAATCCGAGTCAAAA,K140G,1,1
0.2079,0.004178,CTTAAATATCCCGACA,G404E,1,1
0.2078,0.07125,GCTTACTTACTTAAAT,T30S,1,1
0.2078,0.01281,CATAATCGTACTACAA,T301F,1,1
0.2077,0.04559,TAACTAAACAACAAAC,A476L,1,1
0.2076,0.001781,CATATGCATAAACGTT,,0,0
0.2076,0.02191,GAATGAAAGTTATTCG,,0,0
0.2075,0.007544,TGAAAATCACTGAACT,Q44H E414T,2,3
0.2074,0.01238,CGATAAAAACAACGAA,N290S R361Q,2,3
0.2074,0.01372,TTCAAATACTAAGATG,I374N,1,1
0.2074,0.02422,GTGCTTAATTCTCACG,,0,0
0.2073,0.02996,ACTTCACTATATGAAA,,0,0
0.2073,0.001242,GAAGCTAATACTAAAC,T12C,1,1
0.2073,0.004023,TTGCTAATCCACTGGA,,0,0
0.2072,0.0569,ATGCATATCAAAAATC,P103M,1,1
0.2072,0.0569,GAATTGAAGGGCGCAT,S312N,1,1
0.2072,0.0569,TTTCGTCTACTCATAT,R141S,1,1
0.2071,0.02231,ATACACTCTTAATGTG,G142S,1,1
0.2071,0.02709,ACATTTCTAGCAACTG,R92H,1,1
0.2071,0.02709,TGGATGTTCTCGAACA,G379A,1,1
0.207,0.004123,AGGACTTGTTCCTATA,G129W,1,1
0.2069,0.1034,AGGTAGAATTAATGAA,R299E,1,1
0.2069,0.03446,CCCATGAGTAATAATT,I242G,1,1
0.2069,0.002574,ACAATAGTAAAACAAT,,0,0
0.2068,0.02472,CCTTAGCCGGGAATGG,G62V K503S,2,2
0.2068,0.0121,CGAACTAATCAAAGAT,S54W P103Y,2,2
0.2068,0.01063,GCACTATCTTCAGCAA,,0,0
0.2068,0.004777,TACTGAATGAAAACCA,T117I,1,1
0.2067,0.04736,AAACGCACATGACTTA,Q210G,1,1
0.2067,0.0116,AATCCTAAAAACCCCT,E83L K207T,2,2
0.2067,0.02273,CTGGACGATGCTTGAT,,0,0
0.2066,0.006645,TTTGCTACGTAGTGAT,,0,0
0.2064,0.01352,AGCCATTACAACCGCG,Q501H,1,1
0.2064,0.04056,CCAAACAGGAACGAAA,P21W,1,1
0.2063,0.02523,GCGTAGGTACTAGAAA,,0,0
0.2061,0.006005,TATCTTCTGATTAAGC,K140Q,1,1
0.2059,0.0597,CAAAATAATCGAATAT,,0,0
0.2059,0.01194,AAGGCTACTTGATTGA,,0,0
0.2059,0.008044,TCTAACTACATATAAA,I300D,1,1
0.2058,0.01859,TTATATAAAATCAATT,K315I,1,1
0.2058,0.0106,CCAAAACTCTCGTAAG,A304K,1,1
0.2057,0.02577,CCACTGCATCTCGGCT,K315L,1,1
0.2057,0.001545,TCATTTAACTCAGACG,Y161S,1,1
0.2056,0.007659,ATATCAATCCCTCAAT,Q44K,1,1
0.2056,0.004907,ATCTGTAAGATTAAGC,A372V,1,1
0.2056,0.02179,AATTTTTCTTAAATAA,,0,0
0.2054,0.03654,TAGGTAATCTTTCCCT,,0,1
0.2051,0.02408,CAAATATAATTTTTTT,,0,0
0.205,0.003944,TCAAATATTCATGGGC,S156K,1,1
0.205,0.01918,TTCCATCAATGCCCTC,,0,0
0.2047,0.002276,TAAAAGTTACTCAATC,H56M Q210H,2,2
0.2046,0.01153,AATAAGCGTTGATTAG,D291W,1,1
0.2046,0.04347,ATAATAATTCAATCAA,Q44M,1,1
0.2046,0.08073,TGACCGTATTCTAGTA,S231I,1,1
0.2046,0.01108,AGCATAACTTAGAAAA,,0,0
0.2046,0.01066,ATTAAAAAACATCCAA,Q44R,1,1
0.2046,0.01823,CTACTTAAGACAGAAA,K453Q,1,1
0.2046,0.02974,GTACTCATTACATAAG,E494Q,1,1
0.2046,0.113,TAAAATAAAAGCCAAA,I395F,1,1
0.2046,0.02974,TTACGTTTGCTAGTTA,,0,1
0.2044,0.006108,GAGAAAATTAGGAGCT,,0,0
0.2043,0.009996,TCCTCACAAAATATAC,K503L,1,1
0.2043,0.005883,AAGTAAAATGTGATAC,Q454A,1,1
0.2043,0.01269,ATTTAAAATAGTACTA,P239A,1,1
0.2042,0.007842,ACGATACCCTGTCCAA,Q327N,1,1
0.2042,0.008303,TTAGACAGTGAAACCT,,0,0
0.2041,0.01851,ACATAATCTATAACAA,V490I,1,1
0.2041,0.01008,ATAGTAGGACATACTC,L439V,1,1
0.2041,0.0213,ACACTCAATTCTCTTT,,0,0
0.2041,0.0213,GGATAATGCATATACG,,0,0
0.2037,0.01762,ATGTATTTATTATAGA,R224G,1,2
0.2035,0.004404,CTCTCACTCTAATGTC,,0,0
0.2034,0.003437,TCTAACACTGAAGATT,I3N E172A,2,3
0.2033,0.0131,ATGATCAAATATATGA,,0,0
0.2033,0.05364,CTACGACTTTCTAATA,Q1C,1,1
0.2033,0.05364,GTTATTTTTGAATAAG,P103H K259E,2,3
0.2033,0.02816,TAAGCGTTCTGTAATT,,0,0
0.2031,0.01608,ATTAAGCAAAGAACAT,,0,0
0.203,0.06621,GTGTCGACCAGGCTTA,Y302F,1,1
0.2029,0.01172,ACATTTAAAAAGAAAT,,0,0
0.2029,0.01815,ACTAAATATAGAAACA,K472L,1,1
0.2029,0.01461,TCGCTAAGTACACTAT,,0,0
0.2027,0.04017,ATATGTAAAATAACAC,,0,0
0.2026,0.02082,TACCTTTCGCCCGAGA,P4K,1,1
0.2026,0.0173,ACCAGTCTACGATCAA,N94T,1,1
0.2024,0.005483,CATAATGACTCCGAAC,D493R,1,1
0.2024,0.04682,GCAGCTAACTAAACCA,E403Q,1,1
0.2024,0.01354,TGTCAAATTACAACTA,A372R,1,1
0.2024,0.004323,TCTTCAGGAAACAAGG,L427I,1,1
0.2023,0.0321,GTCATCAAACCGAAAG,L71M,1,1
0.2022,0.003998,TAACCAAATAGCAAGG,T328G,1,1
0.2021,0.007588,AGTATCACCCAAATCA,E449K,1,1
0.202,0.05612,AAAAGAGGATAATATT,R222P,1,1
0.202,0.05612,ATATATTTTAAAACCG,,0,0
0.2019,0.0229,GCAAGTTGTAACAAAT,,0,0
0.2018,0.005054,CTTAAACATCTCTATA,V166R,1,1
0.2017,0.01219,TAATAGCTTGCATTTT,,0,0
0.2017,0.0178,CCCATGATACCAATTT,D32H,1,1
0.2017,0.1246,AAAGGCTTACTCAAAG,A19Y,1,1
0.2015,0.006879,TCCCATGCACAGGCAT,,0,2
0.2014,0.01698,GAATCTAAACTTTTAA,,0,0
0.2014,0.01067,AATCCCCATACCCAAC,N483S,1,1
0.2013,0.01192,AATAGTCTGGCATTCA,R482E,1,1
0.2011,0.008683,ACCAATTCAAGGCCCC,S115C,1,1
0.2011,0.004444,ATTAACACATAATGAG,T328M,1,1
0.201,0.007669,CAGGTTAGTCCATCAC,I242D,1,1
0.201,0.003601,TAGTCAGTGGTGTACC,Q75L,1,1
0.2008,0.007039,CCAAGCACACTATCTA,Q211S,1,1
0.2007,0.02797,AAAAAATTATTAACAG,,0,1
0.2006,0.01216,CAATCTGTATGACCGA,,0,0
0.2006,0.04301,AAAATCATGAATAAAT,S91T N483T,2,3
0.2006,0.04301,ACACCTGTCCTCATAT,N122I R208Q,2,2
0.2006,0.04301,ATACATCCACATCCTG,S114C,1,2
0.2006,0.04301,CCCGAACTCATATTAA,L66M,1,1
0.2005,0.01096,GGATGGTTCCACATAA,V223Q,1,1
0.2005,0.01961,TGCTCGCTATCCAATT,L66M,1,1
0.2004,0.0151,TATTCGACACCTTAAA,S91T,1,1
0.2001,0.00532,TGGATGTGATATACTT,P221S,1,1
0.2,0.003674,GAAAAAAAGCTAGTCA,K2P,1,1
0.1999,0.05073,CAGGGCGCAATCTCAA,,0,0
0.1999,0.05073,TTATATGTAGCACTAT,,0,0
0.1997,0.01617,CCGAGAGTCCAAAAAT,T167S,1,1
0.1994,0.01486,TATTAGTAGAATATCC,Y105E,1,1
0.1994,0.03185,TTACGGAAATAATTGC,,0,0
0.1993,0.01137,CACGTCCCAGTAGATC,T440S,1,2
0.1993,0.01429,ATTTTAAATCTTTACA,E280R,1,1
0.1992,0.00921,CAATGAAATAAAACTA,D408K,1,1
0.1992,0.01921,ATACAAACACAAATAT,K310M,1,1
0.1989,0.0128,AGCAACTACGACTCCT,,0,0
0.1989,0.0128,CATCCACTTTACACCT,,0,0
0.1989,0.008186,CAACATTCCAAAATCA,,0,0
0.1988,0.06184,AAACGAGAAAAGAAAA,,0,0
0.1987,0.01197,CTCAGCACTCCCCGCA,S137L,1,1
0.1987,0.002884,GAGCTTAACTAAAAGT,,0,0
0.1986,0.003824,ATTACACAACAGATAA,S231I,1,1
0.1986,0.002419,AATAAAAACTAAATAG,Q407E,1,1
0.1985,0.007223,AGGACAGGTAATATCC,,0,1
0.1985,0.002694,AGCTCTACACTAACAC,N285S,1,1
0.1983,0.01001,AACCAAATGAACAAAA,,0,0
0.1983,0.03004,TCAGCTCATTGGCAAA,K82M,1,1
0.1981,0.01221,CGGAGGACCTTAAAAT,,0,0
0.198,0.01883,TTAATTGAAGTTGCAT,Q57I Q80R,2,2
0.1979,0.04112,TACAAAACAAGCCGAT,I51V,1,2
0.1978,0.01322,TAGGATACCAGACGAT,,0,0
0.1978,0.02265,ATAATGGTAAGCAACC,,0,0
0.1977,0.01018,GAAAATCATGTATGTA,S143W N498K,2,2
0.1977,0.03699,AATGAGTAAACACTCA,,0,0
0.1977,0.004723,CCCATGTCGCCGAATG,L157T,1,1
0.1975,0.008946,CATACCACCCCAAACA,,0,1
0.1975,0.006266,AATAAGTTAGATGTAA,I3W,1,1
0.1974,0.01818,GTCAATAGCCACTAAA,G78S,1,1
0.1974,0.009726,AAATAATGGACTTCCT,,0,0
0.1973,0.02843,CCAAAATTTTCCCCTC,,0,0
0.1971,0.01458,CGCTTCTTGTAGTCCT,G275E,1,1
0.1966,0.00401,ACAAACCTGATTTTCT,T388R,1,1
0.1966,0.007185,TAATTCTAACTAAAAA,H18Y,1,1
0.1966,0.007048,ATTCCCAGTCTGCCAG,S46M,1,1
0.1966,0.006788,TACATATGCACATTAA,,0,0
0.1965,0.02911,TGAAGTATCGGATTTA,,0,0
0.1965,0.02698,AACGCTACTCACAATT,N296Y N497K,2,2
0.1964,0.02513,AATGTCCAGATAAACT,,0,0
0.1964,0.02513,TTAAACCAAGAAATTC,R255M,1,2
0.1964,0.00427,TCTATACCTACAGGAA,,0,0
0.1964,0.02086,TAACCGTCGTTAAGAG,D188W,1,1
0.1963,0.01557,ACACATTTGGGCAAAA,K452S,1,1
0.1962,0.01164,TTTGAGTTCCAGTTGT,S107L,1,1
0.1962,0.01128,TCATGTAAATAGAATT,S46I,1,1
0.1959,0.01104,TAATTTATTCGCACTA,R220K,1,1
0.1958,0.01513,GACCTGACACGTTCCA,P324I,1,1
0.1958,0.003357,CCTCCTATCGCAAATC,S231N M268I E390K,3,3
0.1957,0.004398,GAAAATCAAATGCAGA,K503S,1,1
0.1956,0.02759,ACGGTTCTAGCAAATT,R405M,1,1
0.1956,0.03245,TCACTCCGAAAGACTA,I300D,1,1
0.1954,0.002414,TCTAAGTCTATTATAC,R269F,1,1
0.1953,0.009267,CGACTATAGAAATCGC,,0,0
0.1952,0.0106,AACCATCCATAATAAT,,0,0
0.1952,0.05801,CATCACAAATGTTAAC,R383Q,1,1
0.195,0.06885,CCATTGTACATCATAG,,0,1
0.1949,0.01551,CCAACAACAACAAACC,Q454L,1,1
0.1948,0.01171,ATCCAAATTATCGACT,,0,0
0.1947,0.009657,ACCATGTGACCTTAAA,,0,0
0.1946,0.01048,TGAGATATTAGCACAT,S115T,1,1
0.1945,0.03334,ACGAGTGCCTCATTTG,I3R,1,1
0.1945,0.008089,CAATCAAAGCTCACAA,N382K,1,1
0.1944,0.008461,ACAAATCACAACACAA,,0,0
0.1944,0.03666,TTCTGACCATTCTACC,L367F,1,1
0.1944,0.11,CATGACGCCTACTCCA,N424M,1,1
0.1942,0.04071,AAATGAATGTAGTCGC,R229F,1,1
0.1942,0.04071,TAAAAGAATAGCCAGA,,0,0
0.1942,0.009559,AACCCAACAAAACAAA,T12A,1,2
0.1942,0.004013,AAGTTCCTTCCGGCAA,G49F,1,1
0.1942,0.004328,TCCGAACTTCTCTACA,,0,0
0.1941,0.01008,ACAAGTAGAGAAGAAA,S279D,1,1
0.194,0.0268,TAGTGAAGGAATGAGA,T128Q,1,2
0.1939,0.006781,AAACGAAAGTGTAACA,R222T,1,1
0.1938,0.003509,AACTTTCGCTGTGTAA,G200Y,1,1
0.1938,0.01168,GTCTTCGAAAACCAGT,R299V,1,1
0.1937,0.05227,GAGATCAAGAGAGGAC,Y302M,1,2
0.1937,0.03136,TAAACGAAGACGGCTC,H56W,1,1
0.1935,0.001321,ATTTGTCCATCACCAA,S115R,1,1
0.1935,0.002173,AGCTGTATGTCCAGAC,S265A,1,3
0.1934,0.005377,TCCACAAATCCCTGCA,S110Y,1,1
0.1933,0.06092,TATGCAATTATAATAG,,0,1
0.1932,0.0378,ACATCCCATAATCTGT,,0,0
0.1931,0.02149,CTTTACTTGTTTCGCA,Y423F,1,1
0.1931,0.00435,AACTTAAACGAAGCCC,T30I,1,1
0.1929,0.003791,AGACCTTAGAGTATAA,Q164V,1,2
0.1927,0.07299,AGTTTGAAAGAGTGGA,S9N Q356I,2,2
0.1927,0.01711,ATAAAAGACGTCATCA,K171N,1,1
0.1926,0.00426,TTAAATGGGCTTACTA,Q376H,1,1
0.1926,0.00995,AGTGGAAATAGAATCG,K310A,1,1
0.1926,0.001189,GACACTTTCTCATATC,S358L,1,2
0.1925,0.003589,CATATTCCTCTCCGAA,G62Y,1,1
0.1924,0.0114,GACCATAAAGAGTTCA,K121H,1,1
0.1924,0.02188,ATAATACCAATTGACA,S156A,1,1
0.1924,0.01886,AAACAAGTAAGCCTCA,G404Q,1,1
0.1923,0.03528,TTGATGGAAACTATTG,K326Q,1,1
0.192,0.009846,ATGTTCGAATCTGAAT,,0,0
0.192,0.006544,AACAAACGGAAATCGG,D77L,1,1
0.1919,0.05462,AACCAATCAGTCTTTA,P227E,1,1
0.1919,0.03902,ATTCCTAGAATATAAG,,0,0
0.1915,0.02021,TTTATTATGAGTAACC,Q173I,1,1
0.1914,0.04364,TCTATAAACCGATGAA,,0,0
0.1914,0.0009334,GTGCACACTCGACAGA,I242W,1,1
0.1913,0.004545,TAGAGTTTGCATCCTT,N81D,1,1
0.1913,0.00391,CCATTCCATTCGACCT,K131V,1,2
0.1912,0.06414,ATTGGGCCATATAGAA,K264A,1,1
0.1912,0.01283,TATATAACTCATAATA,K238Q,1,1
0.1912,0.009163,ACATCCTTACCTCCAC,,0,0
0.1911,0.03634,TAGGCACGTAGCCATC,R220K,1,1
0.1911,0.00845,CCGTTCAATAGCATAA,V20F,1,1
0.191,0.006605,ACTATTCATATAAATA,M168H,1,1
0.191,0.00146,ACCTATCTACCCGCCC,A476T,1,1
0.1909,0.0227,GATGAATATGTAGTAA,,0,0
0.1908,0.008856,TTTCTAGACAAATGCC,,0,0
0.1908,0.009902,CCGCCAGTTCAAATGT,Q454E,1,1
0.1908,0.002103,ATATCCAGATCAAAAG,E35V,1,3
0.1907,0.02722,AAAACCTGCTCGCGCC,E344P,1,1
0.1906,0.04031,AGGATACATCAATCCC,S96D,1,1
0.1904,0.003886,ACTTGCAGTTACAACT,E325T,1,1
0.1903,0.008433,CGACAACCAACTCGAT,,0,0
0.1903,0.01813,AAATTTTAACCTATGC,,0,0
0.1903,0.005107,TTATCCCCTAAATAGG,,0,0
0.1902,0.01169,ATACAATGTAGTCACA,P324A,1,1
0.1902,0.07766,AATATACAAATTTCCC,,0,0
0.1902,0.02589,ATAAAATAAATAGGCC,,0,0
0.1902,0.07766,TATGGCTTTTTTATAA,,0,0
0.19,0.004492,GATATATTTTAACCGA,,0,0
0.1899,0.007103,TCCCGAAATAAATCTT,N126S,1,1
0.1899,0.01509,TTAGCCGCCTCATAGT,L66I,1,1
0.1899,0.008357,GAATGAGCTCAAACTA,R92W Q454S,2,2
0.1898,0.03746,AGGTGATAACTAAGCT,N94L,1,1
0.1898,0.03194,CCACTATCCAAATTAA,S54N,1,1
0.1897,0.005807,CAACGCACCCAAAATC,,0,0
0.1897,0.01696,GGATTCCAAATTTCCA,,0,0
0.1894,0.008968,AATTGCAGCAAAAATT,E401V,1,1
0.1894,0.009354,CGTATGCACGATAGTC,S91V,1,1
0.1892,0.03012,AACAACAGATCCTCAA,S54Q,1,1
0.1892,0.01166,ACAAACCCAAAATACA,N94Y,1,1
0.189,0.05161,TCAAAGGTAACTACAA,,0,0
0.189,0.003531,TGACTACCAGCTTTAA,D438E,1,2
0.1889,0.007037,CAAAAAGAGATTTTCA,G129A,1,1
0.1889,0.06771,CGAGATGATAAAAAAC,G479Q,1,1
0.1888,0.01547,ATACGACATGACCGAT,,0,0
0.1887,0.0285,TCAACAATCAACCGAT,,0,0
0.1886,0.01406,AGACCTTACAACATGT,,0,1
0.1886,0.03281,CTAATCTTGTGCAACA,N81A,1,1
0.1885,0.01615,CCTCAGCAAGTTCAAA,,0,0
0.1885,0.003015,CTTTTTTCAACAACTA,K121I N498G,2,2
0.1883,0.0105,CACATCCGATCTAAAC,,0,0
0.1883,0.00726,AACACCCAGTATTCGT,K417H,1,1
0.1882,0.04702,CGACACGTATATCTGA,S91D,1,1
0.1882,0.00549,ACCTAATTGTGTCCAC,,0,0
0.1881,0.03089,TATCTATTAGAGACAA,A476R,1,1
0.188,0.002124,ATGACATAGCACTAGA,,0,0
0.188,0.01302,GCAATAACGAACATAG,P169R,1,1
0.1879,0.02573,TAATCGACTACACTGA,I300Q,1,1
0.1879,0.02001,TTATTTAAGGTTGAAA,,0,0
0.1878,0.002106,AAAATTGGGATACTAA,,0,0
0.1877,0.0135,GACCTCTATTACCGAA,K278M,1,1
0.1877,0.02918,ATATCACAACCAATCT,D487N,1,1
0.1876,0.00617,TGCCTAATCGTAACTT,A69M,1,1
0.1875,0.02453,TCAAATTTTAGATACC,G62E R299V,2,2
0.1874,0.03372,AGAAACAAAATTTTTT,S149H,1,1
0.1874,0.03372,CAAAAAACATAAAGGT,,0,0
0.1874,0.005591,TCCCCTATGGTACAAA,I469L,1,1
0.1874,0.0186,TAGACAAAACATTAAC,,0,0
0.1873,0.0166,CTCTAAAGGTGGATGC,,0,0
0.1873,0.08297,ATATTAAACCACTAGA,E449F,1,1
0.1871,0.003004,AAGGTAGTGCCAGATG,I58T,1,1
0.187,0.005858,ACTCGTACTAAGTCAT,D175T,1,1
0.1868,0.007751,CAGGTAAGTATAAAAA,E83K G275M E280D,3,4
0.1867,0.003441,GTTAATGAGCTTATAC,D7P,1,1
0.1866,0.02153,AATGTGAAGGAGAAAG,Q407T,1,1
0.1866,0.02153,TTCCAAGATCCATACA,S124N S265F,2,2
0.1866,0.0299,TCATCCCACTGCAGCT,Q363T,1,2
0.1866,0.01066,GAAAGCAAGTTCATAC,I160R,1,1
0.1865,0.003375,ATGGACAAGAAACCGT,,0,0
0.1865,0.01631,AAATAAGTCCATCGGA,,0,0
0.1865,0.04892,TGAATCCATTAACTCG,R208L,1,1
0.1864,0.00608,GGGCATAAAACATAGA,T65R,1,1
0.1863,0.02391,ACAAATGAAAATACTA,,0,0
0.1863,0.07171,CCCGCCCGGTAACTAC,,0,0
0.1862,0.002402,GACAAGATAAAATTGG,D77G K278E M462I,3,3
0.1862,0.0283,TCTGCCTTTAACAATG,Q80A,1,2
0.1862,0.004519,GCAAGACAAGTACCAG,,0,0
0.186,0.02287,AATTAAAGGCTAAAAA,L157E T416N,2,2
0.186,0.006214,TTCTATTCTAAGCTTT,,0,0
0.1859,0.002535,ACACGCCCAACTACTG,I242M,1,1
0.1857,0.01085,CCGTAACCTTACGAAA,,0,0
0.1856,0.06315,TTACTATTTTAATTTG,K450Q,1,1
0.1855,0.01142,CATTAGCCGCACAAAA,,0,0
0.1855,0.007836,CGCAAAGAAAAACCAT,T135L,1,1
0.1854,0.03066,AGATGCCAAGTCTGAC,,0,0
0.1854,0.004878,ACGTATCAGGGCATTT,P289M,1,1
0.1854,0.006387,TGGGCTCTATATCATA,N464T,1,1
0.1852,0.006236,ACGTTGCCAAAAGTGA,T328K,1,1
0.1852,0.01469,ATGAAAGCGCACCGTT,Q173R,1,1
0.1852,0.006875,AATCTAAATGCTCTAA,K171G,1,1
0.185,0.0188,AAATCATCTGTTCACA,N81G,1,1
0.1847,0.1071,CCTAATAACAAACTTC,,0,0
0.1846,0.0104,ATCCACTTCTATTAAC,N489Q,1,1
0.1846,0.004717,GAGCCTAATGGACATG,S115R,1,1
0.1846,0.007384,TTCAAAAAGACATAGC,I3A,1,1
0.1846,0.001638,GGATAAACACGGTATC,,0,0
0.1845,0.05097,TTTACGTCTATAGTGT,S231G A476T,2,2
0.1845,0.01259,TTAAACTGTACACCAC,V43C,1,1
0.1844,0.009069,ACATCACCAAAGCTAC,K472T,1,1
0.1844,0.02489,CCACCACAATTCCGAT,G504T,1,1
0.1842,0.02377,ATAGTTACATCAGTAT,,0,0
0.1841,0.008487,ATTTGTCCACCCTTAC,F294L,1,1
0.184,0.02274,CAAACACTCAATTTCT,,0,0
0.184,0.01272,CTCTGGGTCCCCCTAA,Q211V,1,1
0.1839,0.02181,CAACCAATCTAAATAC,G379V,1,1
0.1838,0.04273,CTAGTCAACAAATTAA,D291K,1,1
0.1838,0.007742,CACGAGAAAGCATATA,,0,0
0.1837,0.01387,CAACCTGGACTAACAA,T65K,1,2
0.1837,0.004584,CAACGAGAATTATACA,K207A,1,1
0.1836,0.01017,CTATTGATATAACGAA,I242C,1,1
0.1836,0.02669,CTTCAAATGACGAAAA,D101L,1,1
0.1835,0.03953,GATACTTTTACAAAAA,,0,0
0.1835,0.003547,GTTATCCAGCAAAGTT,,0,0
0.1835,0.003225,TCTAAGAAAAGCAATT,D291R,1,1
0.1834,0.005132,CTACCTACCACCCCTC,H56W V406I,2,2
0.1833,0.01872,TATAATCAAGACCAAC,H435L,1,1
0.1833,0.005308,ATTGATTCGACTCTCC,Q454V,1,1
0.1833,0.03678,AAGCAAGAAACAATAA,I300M,1,1
0.1833,0.02424,GAGGCTTCAAAGATAA,T128N,1,1
0.1831,0.01748,AAAGTCTAAAAATCCG,S110N,1,1
0.1831,0.003165,AGAACGCGCCTCTTTA,E494T,1,1
0.1831,0.02318,ATCCAGGCGGAATTTT,S124H,1,1
0.1831,0.01146,CTTCACTTGATAAATC,Q311W,1,1
0.1831,0.004282,GTATTGACGTACACCC,G240D,1,1
0.183,0.006791,AATTGAAATGTCCAAC,G479Y,1,1
0.1829,0.02131,CAAATATCACTTTGGT,,0,0
0.1825,0.02729,ATCTTTAAAGTCCTCG,D77Y,1,1
0.1824,0.008943,AATGAGGTGGTATTTA,P4D,1,1
0.1824,0.01774,AAAATTGCAAAATGTT,R33E,1,1
0.1823,0.01023,CCAATGATACATGGAC,,0,0
0.1823,0.01251,ACCAAAGCTCATGGAA,,0,0
0.1823,0.006221,AAACTGATAACCAACA,S358M,1,1
0.1822,0.01223,AGGAAATATCATTCAA,,0,0
0.1822,0.04834,CACAAAACTCAAAAAC,,0,0
0.1822,0.02363,TCGTCAAAACTAACAA,E119W,1,1
0.1821,0.007649,CGATTTTTACCGCATA,A476Q,1,1
0.182,0.02169,AAAACCCAATCTTTAA,T28L,1,1
0.1818,0.001312,AGTTTTTAAATGCCAC,,0,0
0.1816,0.004444,CTAAATTCTCAGACAT,E443V,1,1
0.1816,0.03539,CTACTTTATACCGGAT,,0,0
0.1815,0.007862,GGTGCTCATAACTTTC,V43I,1,1
0.1814,0.01001,AAGTGTAATCTAGACA,M268L D408N,2,2
0.1813,0.01415,AGTGACGAACAAATAC,,0,0
0.1813,0.006757,CAAGAAGCAAACGTGA,,0,1
0.1813,0.006757,TTAGAAGGTAATTGAG,,0,0
0.1811,0.005991,ATCCAAACCGTATGTC,Q407R,1,1
0.1811,0.02305,AATGAATTTTTAAAAA,,0,0
0.1811,0.02305,CTCCAAAACGTTGGAT,S91K,1,1
0.1811,0.00561,GAAGGGTACACACCTA,,0,0
0.1809,0.009215,AACGCATGAAATACCA,E172H,1,1
0.1808,0.01709,CCACTACTCATAGGAC,,0,0
0.1808,0.01605,TTATCACGTATAGGAT,S358I,1,1
0.1807,0.01358,GATTCAGGAAATGAAA,,0,0
0.1806,0.01231,ATTTACTACGGTTATT,,0,0
0.1805,0.008676,TATTCACCCGAACCTC,K387N,1,1
0.1805,0.004056,TCAACTAGTCAATAAC,,0,0
0.1801,0.08132,AAACAAATTGACAACA,T328W,1,1
0.1801,0.02349,AACATCTTCGTTATTG,V166K,1,2
0.1801,0.004115,AATCCGCTCACTAACA,,0,0
0.1801,0.003585,CTATCCTTTTCATGTA,,0,0
0.1801,0.02711,GATGAGAGCCAGCATA,L59I,1,1
0.1801,0.02073,GGAAAAATATCGATTT,R222N,1,1
0.1801,0.05034,GGTTTCAAACTAAACT,,0,0
0.1801,0.08132,TAAACGTAGCCGCAAC,N216E,1,1
0.1801,0.02349,TCCAGAAAATACGGCT,S369T,1,1
0.1801,0.08132,TCCAGCCTTAGCACCC,S312W,1,1
0.1801,0.02073,TCCCCAAGAGACGGAT,I267Y,1,1
0.1801,0.02459,TCGATTATGGTCTTGT,N31C,1,1
0.1801,0.04597,TGGCAATTACATCGTA,,0,0
0.1801,0.05034,TTTGAGTTGGGTAAAA,,0,0
0.1801,0.07048,AAGTCGACATTTAATT,N81F,1,1
0.1801,0.09611,CTTTAAATATATTCGG,M320I,1,1
0.1801,0.07048,TCAAATCTGTAGCATA,N126Y,1,1
0.1801,0.07048,TCTCTCTTATCACTAA,A476E,1,1
0.18,0.002617,GGTGTGTTAAACAATT,E172K,1,1
0.1799,0.001627,AGATTAATAACGTACT,D408R,1,1
0.1797,0.008383,ACCAATACAGGAATCA,,0,0
0.1797,0.005202,AACCGTTCCTCTTGAT,D291V,1,1
0.1796,0.005834,AAATAGTGTATTTCAA,S265K,1,1
0.1795,0.01389,TTTCGATTTGTTATCA,,0,0
0.1795,0.01466,TTCTTATTTGAAGAGC,E344P,1,1
0.1794,0.01552,GAAATCTAAATGTTCG,T128I K450Q,2,2
0.1794,0.002115,TTAAAGCATATATTAA,N497F,1,1
0.1792,0.02028,CCTCGGGAGACACAGC,,0,1
0.1792,0.001738,GTACTAACCCTTACAA,,0,0
0.1792,0.01044,GAACAGCTAAAATCTC,K238Q,1,1
0.1792,0.02197,CGAGATATCAAAGAAT,Q173Y,1,1
0.1791,0.005521,TATCATGAGAAACATA,,0,0
0.1791,0.007753,AAAATCGAGCAGTGGG,K171F,1,1
0.1791,0.01185,ACCTAATTAAACATTC,S219A,1,1
0.179,0.0124,ATGCTCAAAGAGATCA,,0,1
0.179,0.0251,ACAATGTCATTGTCAT,,0,0
0.1788,0.02926,ATTAAAACCTTTACTT,K326F,1,1
0.1788,0.03098,GCAATTCAAATTCGCT,,0,1
0.1786,0.03509,GTAAGAAGTTAATTAA,,0,0
0.1786,0.007113,GTTACTCTCTTAGCAT,,0,0
0.1786,0.005111,AATCTCATGAAGCTTA,P289R,1,1
0.1784,0.002207,TCAGACTAGCTGCGCT,N489Q,1,1
0.1782,0.04382,ACATATAGGTTTTACG,L154M,1,1
0.1778,0.01051,CGATAAGAGTCATCTG,,0,0
0.1778,0.001597,CCTTCGACCCGCCACT,N8I,1,1
0.1778,0.004909,GAAAAAATCTAAATAG,K453M,1,1
0.1776,0.002313,GCACCATTACAACAAA,Q44R N445Q,2,2
0.1775,0.02999,CACCCCATGACGCCCA,,0,0
0.1775,0.02999,GACTGTGTTACAATTT,,0,0
0.1773,0.008008,TGAAAGGTACTTGGAG,R150Q,1,2
0.1771,0.003592,TCGAATACAGCGATTG,,0,0
0.1771,0.003298,AAATAGGAATTAGAAT,,0,0
0.1769,0.005266,ACTAGACCAATTTACT,,0,0
0.1769,0.07483,ATATCAGAACATTAAA,T451M,1,2
0.1769,0.07483,TCAACCACTCCTGTTG,Q356H,1,2
0.1769,0.07483,TCTTCGATCACCACAA,G62L,1,1
0.1768,0.006349,CATCAAAACCAAAAGG,G49D Q210N,2,2
0.1768,0.01904,GACCTAGAGGATTAGC,,0,0
0.1767,0.008727,CACCATGCTAGCCAAT,,0,0
0.1766,0.01359,CAAAAACGATTAACGT,I242V,1,1
0.1766,0.01359,TTCGACAAACTATAAA,,0,0
0.1765,0.02754,AAATAATTAGAAATGG,,0,0
0.1765,0.04186,CGAAATATTATAAGAC,K121E,1,1
0.1763,0.007315,ATATGCGTTGCGTCAC,T485Q,1,1
0.1763,0.009867,ATACTGAAGACATTAA,S145I,1,1
0.1762,0.002508,GAATGAAGATTACTTA,P227S,1,1
0.1759,0.01088,GAATATAGACCAAACT,R109N,1,1
0.1758,0.02008,AAGTCGGGGACAAAAT,,0,0
0.1756,0.01034,AGTAATGTAACCAAAT,D291A,1,1
0.1756,0.1044,GCCCAACAAAAGACGA,R33W,1,2
0.1754,0.008413,TTAGATCCGAGAACTG,N497F,1,1
0.1753,0.03724,ATAAAAACGCCATGAG,,0,0
0.1751,0.009564,GGTTTGAGTCAGGGAA,L381T,1,1
0.1751,0.006857,TTACCTCGGACAATAC,,0,0
0.175,0.01063,GATATCAAGACACTAA,E457D,1,1
0.175,0.01681,GGAACTTATCCTTGCC,Q57M,1,1
0.1749,0.04007,TAAACCTGACCCAAAA,E390T,1,1
0.1749,0.00861,CTAACTGTACTTGGAA,M268V,1,1
0.1748,0.01225,AAACAAATCCAATTAG,I236R,1,1
0.1748,0.02042,ATAAACTAACTCAAAT,D415A,1,1
0.1748,0.00557,TAAATATTACACTGCA,S124T,1,1
0.1747,0.02479,ACGGCTCGTAGAGAAT,,0,0
0.1746,0.03154,CAGAAAAAAAAGAATC,D101S,1,1
0.1746,0.03154,GGCGAAGACAAATAGA,,0,0
0.1745,0.04335,ATCAAAAACTTAGACA,T10N,1,2
0.1745,0.1301,AAACCGAAATCAGTAG,R224T,1,1
0.1745,0.1301,CCATGTCGGATAAATT,N290F,1,1
0.1744,0.01317,TAAAACGAAAAAGAGT,,0,0
0.1744,0.008816,AATAAGGTCAATTGCG,P55W,1,3
0.1743,0.007482,ACGCAGCGATTAGACA,Q311V,1,1
0.1742,0.002257,TCACATTCAGGAATAT,K310Q,1,1
0.1741,0.00658,CATTAACGGGTCTAAA,,0,0
0.1741,0.06929,TCTCTCCATTACAGAA,T283L,1,1
0.174,0.008734,CCCATCCCAATAGTAA,R201W,1,1
0.174,0.01082,AATCCTAATATCGATA,,0,0
0.1739,0.03582,GAGGGATTGGACCTAA,,0,1
0.1739,0.01105,TGGTTTAAAACGATGG,,0,0
0.1736,0.005324,TTATCAAAACAAAATG,S107D,1,1
0.1734,0.05186,ATAATGTGCATTTTTT,F79T,1,1
0.1734,0.05186,ATTTATCCATGAATGT,P55E,1,1
0.1734,0.05186,TTAAAACGAGTAGGCC,G49A,1,1
0.1731,0.01787,ACCATAGACATACAGC,,0,0
0.1731,0.006026,ATACGTGAAAAAAAAG,,0,0
0.173,0.02355,CTAAAATACAAGAAAT,,0,0
0.1728,0.01126,TTACTACTCCCAACTG,V223D,1,2
0.1726,0.01568,CACATTATCTGTCGGT,I245L,1,1
0.1726,0.0575,CCTTTTAGAATCAAAC,,0,0
0.1726,0.0575,GCGATGTAACAATGAA,,0,0
0.1726,0.01917,AAGGATCAATATTAAT,,0,0
0.1726,0.0345,ACGAAGACATGACCAA,S209M,1,1
0.1726,0.0345,AGCCAAATACCTATTG,,0,0
0.1726,0.01917,TCAAATAACATAAACC,I335M,1,1
0.1725,0.009238,AACAGTACTTACCTTT,V406I,1,1
0.1724,0.02955,TTTGGAATCTACCATC,,0,0
0.1724,0.01616,GACGAAAGTATATATA,,0,0
0.1723,0.04496,TACAAAAACTCAAATA,,0,0
0.1723,0.04496,TACGACAAAAACCATG,,0,0
0.1722,0.01814,TTCAATAAAAGAAATC,N489E,1,1
0.1722,0.005357,TACCCTTAATCTCAAA,Q173M,1,1
0.1721,0.03691,AAGTCTTGAATTATAA,L381W,1,1
0.1721,0.005774,TTCTACAATGACACAC,S156K K387Q,2,2
0.172,0.008907,AGTAGAGTAATAATCC,T301W,1,1
0.172,0.09391,ACAAGTTCCTAAATGA,S279D,1,1
0.1718,0.004148,TTGCATGACTGACTCA,F79A,1,1
0.1718,0.006839,CATACATGACTGCATT,N158K,1,1
0.1717,0.02151,ATAGGTCACAAGACAT,,0,0
0.1716,0.04914,AGAGGCAACAAGTAAC,,0,0
0.1715,0.01172,TATTCCATCCAAAGTT,D60A,1,1
0.1714,0.02865,TACAACGCCCGAAATG,,0,1
0.1714,0.02242,CATACGACACTATTTA,F332L L428W,2,2
0.1714,0.007212,TACCAGGATCCCCGAA,,0,0
0.1713,0.02022,CGGATGTATCACGCAA,Q197D,1,1
0.1712,0.005858,CATAAGCTTATACTTA,S114M,1,1
0.1709,0.02641,GTACAACATTACTAGA,I242T,1,1
0.1707,0.01029,ACATAAAAGAAAATTG,L314I,1,1
0.1707,0.05417,AATAGCCAAAAACCGA,,0,0
0.1706,0.009108,AACGAGCTCTCGAGAA,H355S,1,1
0.1705,0.07349,ACTCGATTATCACCAA,D348E,1,1
0.1705,0.0245,AAATAAATACCTATTA,,0,0
0.1705,0.0278,ACTCAAACAATACAAT,Q210M P239T,2,2
0.1705,0.003972,TCCACAATCCCATACT,,0,0
0.1704,0.008642,TAATCTCAATCTGAGC,T301R,1,1
0.1703,0.02056,CTATAAAAACCTTCCA,P221A,1,1
0.1703,0.01512,ATACTAAATGACATAA,,0,0
0.1701,0.02569,GAAAAGCCCACCGACG,R361Q,1,1
0.17,0.003806,AAAAGACAAACTGCCA,,0,0
0.17,0.004077,ACGGATTACGAAGACA,N290P,1,1
0.1698,0.004091,TACACGTTCTAATCAT,E494D,1,1
0.1698,0.01488,GATAGAGCAAGAGTAT,,0,0
0.1698,0.02387,TTAATGAACCCTTTAT,,0,0
0.1696,0.02012,AAATACATAGAGACCA,K2M,1,1
0.1696,0.06036,AGACTAAAAAACCAAT,,0,0
0.1695,0.005316,GAATATGAGATAAAGT,A163D,1,2
0.1695,0.01068,GCCTGCAATTCTTATA,S144V N489I,2,2
0.1694,0.007025,AATATCACGCAGATTG,E119Y,1,1
0.1693,0.003944,GTAAATTAGAAACTAG,N122D,1,1
0.1693,0.03107,CGCACTGCAATAAGCC,Q311W,1,1
0.1692,0.001239,GCATACAAGGTTTATA,K238R S312E,2,2
0.1692,0.00255,ATTCAACATAAAATCT,,0,0
0.1692,0.01404,AATTCTTACCAAACCC,S114A,1,1
0.1691,0.004306,TTCCGTATCTCTACTA,,0,0
0.1691,0.00199,AATCTTTCATATTACG,I260V,1,1
0.169,0.05121,CCTCTCGGAGCATAAA,S219P,1,1
0.169,0.03658,ACCATCACACACGTGT,P21T,1,1
0.169,0.01506,CCAGCTTACTCTAACT,Q210A G404S,2,2
0.169,0.08535,GGTATTCAGAACAAGG,,0,0
0.1687,0.02624,GTGCCCCGTGAGTGTG,N6S,1,1
0.1687,0.005718,AAGGAAATCTAAAGAC,S209G,1,1
0.1686,0.003891,GAAATATCCTATAAAA,,0,0
0.1683,0.01088,GTAGACCAGCCACGCA,,0,0
0.1682,0.01525,AAATAATAATGACCCA,F448Y,1,1
0.168,0.01399,AAAATCACATACCAAA,,0,0
0.1679,0.0352,TAAGATGTTGAGGGGG,,0,0
0.1678,0.004116,CCATCTTCGATATTCT,,0,0
0.1678,0.02373,TCGAAAAATGAAGAAG,G404Q,1,1
0.1676,0.017,CAGTCTAAATTGGCGG,,0,0
0.1675,0.01159,TACCTACTTTTATTTG,,0,0
0.1675,0.02913,TGGCCTGTGTAAATCA,N285P,1,1
0.1674,0.01274,TCAATTATAAAATGTT,,0,0
0.1673,0.01853,TTTAGTTAAATACTGT,K368P,1,1
0.1672,0.008492,CGGTTGTTTATGCGAA,,0,0
0.167,0.03772,CCAAAACTGACTTCCA,,0,0
0.167,0.003744,ATATGCTCGTTTTACC,K50M,1,1
0.1669,0.001876,ATAAAACGCAATTCGC,Q501M,1,1
0.1669,0.006096,TACCCAACACTCAGAC,G240F,1,1
0.1669,0.1018,AATCAGAGTATGCCGA,T328D V429A,2,2
0.1669,0.02036,AGACAAACCACTAAAT,D419G,1,1
0.1668,0.004585,TCACGACAACCCTCTC,P103L,1,1
0.1667,0.01241,TAAATATCAGTTTACA,G129Q,1,1
0.1667,0.01724,CCCAGCTAATTAGGGT,A93Y,1,1
0.1666,0.02826,AAATCGTGGACATAAA,,0,0
0.1662,0.01782,TAGACCTCTTAACAAC,L71M,1,1
0.1661,0.006231,AAAATAACAGCACGAA,D188H,1,1
0.166,0.04061,TACAAATATACCCCAA,S115L,1,1
0.166,0.01209,CGCAAAAACTCGCATC,Q44K R482Y,2,2
0.166,0.01209,GATACGCTATAAAATC,,0,0
0.1658,0.02743,GAATAGGTCGGTTACG,,0,0
0.1658,0.02537,CTTCGACATCCCCCCT,,0,0
0.1657,0.01663,CCCAAGTAGAAGCTAT,Q376C,1,1
0.1656,0.00457,TCAACGTCATCTAGAA,I437V,1,1
0.1656,0.001156,CTCCTCCATCATGTAT,R299V,1,1
0.1652,0.005925,AACATGTATCTGGTCA,V490S,1,1
0.165,0.006449,GACCCAGAAGTCCAAT,D408S,1,1
0.165,0.01089,CGGATCATTGTGCTTA,K276P,1,1
0.1649,0.03893,GAGAATAATGTAAAAC,L314M,1,1
0.1648,0.04399,AAACTGTCCCAACGTT,,0,0
0.1648,0.04399,GGCAATAAAAACAAGG,P169D,1,1
0.1648,0.01467,AAAACTAATCCCTCAA,L59Q,1,1
0.1648,0.006791,CAACCTCAGCAATACA,,0,0
0.1648,0.05058,GGTGTACTAAGCGCAA,,0,0
0.1646,0.05948,GGCGGCGTAAACCATA,R201D,1,1
0.1646,0.001706,AAATTGAATAAGACCC,N6E,1,1
0.1644,0.01098,AACCGCTGAATACGTC,R201Q,1,1
0.1642,0.0306,CTTTTGCGACGGAATG,A372D D375A,2,2
0.1642,0.0306,TTATCTAAAATATTAT,,0,0
0.164,0.0206,TCTGAAATAAATAGCC,E390K,1,1
0.1639,0.02194,GCAGGCATTCGATATT,F120W,1,1
0.1639,0.0104,CCGATAAAACCTTCAA,R383M,1,1
0.1637,0.007416,AGACCTAATTATGTCA,A106K,1,2
0.1637,0.04202,TCATGATTTATTGCTT,S198E,1,1
0.1637,0.1261,CTAAAGATTATCATTT,,0,0
0.1637,0.01401,TTGAGGTTCGACATAA,D101W,1,1
0.1637,0.007583,GAACAGTTTAATTCTA,D101N,1,2
0.1634,0.007146,CTTGCTATTGTTATAA,W234Y,1,1
0.1631,0.05593,CTGAAGATTCTTTGGC,N63P,1,1
0.1631,0.05593,TTACACACAACACTGA,K121F,1,1
0.1631,0.00891,TTACTCCCACCGACTC,G275H,1,1
0.1631,0.004619,TAGACTCTTCACAATC,,0,0
0.163,0.01973,AAAATTATTATCCTCA,,0,0
0.163,0.03594,GAAATTACTATATATA,N158E,1,2
0.163,0.03594,GAACTTATGCCTAGCA,Q501V,1,1
0.1627,0.007288,ATAGTGAATCTAAACA,T301F,1,1
0.1625,0.01933,TTCTGCACCTAAAAAA,,0,0
0.1625,0.01015,CTTAGAATCTCACCCA,L251M,1,1
0.1624,0.0314,ACTAAGACACCGTACC,E280F,1,1
0.1624,0.0314,ATTTGGCCGGATCCAA,K140C,1,1
0.1624,0.01703,GCTATAAAGCCAATCT,,0,0
0.1622,0.00431,TACGACGTCAAGATCT,D7F,1,1
0.1621,0.01593,AAGGCAAGCGTTAAAA,D7E,1,1
0.1621,0.03461,ACAACGTAGAAACATA,,0,0
0.1621,0.03461,CAGTTCGACATACCCG,D366E,1,1
0.162,0.002561,CCATGAACAATCATGC,T328K,1,1
0.162,0.08361,CTTGAGACAACAAGTT,G275K,1,1
0.162,0.08361,TACAAAGCCATATATG,L381E S400R,2,2
0.1619,0.005902,CTTAGAACATTGTATA,K276G,1,1
0.1619,0.01497,CTAAACATGGATTTGA,,0,2
0.1619,0.01497,TATATAAAAATATTTA,V166C,1,1
0.1619,0.007015,TATATTATAGTAAAGC,L316M,1,1
0.1618,0.0038,ATGAAAGTTAATCAAT,T318V,1,1
0.1618,0.01759,CGATAAATAAATATTA,,0,0
0.1618,0.05278,TTGTAAACTAAATAAA,,0,0
0.1618,0.005421,ATTCATTTAGTCGATA,I374H,1,1
0.1618,0.01567,CTTAACTCCTTAATAC,E325F,1,1
0.1617,0.008152,AACCCCTTGTAGAAAA,F294L,1,1
0.1617,0.03856,GTCTCAAACAAGATAC,G479E,1,1
0.1617,0.03856,TTCCACTTTACAACAA,,0,0
0.1616,0.02133,ATAGGACAAATCACCG,,0,0
0.1616,0.00432,TCTCTCCAACAAGAAT,N22M,1,1
0.1614,0.01964,TTACACTGCTATACCT,D375C,1,1
0.1613,0.004615,TTATTAACGCGTACCA,T451I,1,1
0.1613,0.03338,AATCTAATTAAATATT,N489L,1,1
0.1612,0.007945,AAGCACTACACACTGG,R261Q,1,1
0.1612,0.01151,TAATATCCATATGCCA,K259H,1,1
0.1611,0.06255,ACTAACATACTAAAGA,L420M,1,2
0.1611,0.06255,AGTAAAATTCTAGGCA,S9V,1,1
0.1611,0.02085,GAGTCAACCGTATCTT,,0,0
0.1611,0.02441,CGCTAAATCAATTACA,K171A,1,1
0.161,0.02942,CAGGACATTCATAGAC,K397I,1,1
0.1607,0.007997,ACATTCATCGTAAAAA,,0,0
0.1602,0.01636,AACCCATTAATCTGTT,S145V,1,1
0.1601,0.01535,AGAAAAAAACTAACAA,D32V,1,1
0.1601,0.07676,TCCAGTCGGAGATTAC,Y105H,1,1
0.16,0.01446,TGAATCCACACAATTT,D188R,1,1
0.16,0.007126,ATGATACCTAAATTAA,T12D,1,1
0.16,0.005733,AAAGATTCACATTATT,,0,0
0.16,0.009684,TGAAATTACAGAATCA,S209D,1,1
0.1599,0.00728,CCAAATTCCAAAAAAT,N290W,1,1
0.1598,0.03116,ACAAAGATATGAATAT,P239H G479D,2,2
0.1598,0.003972,GTAACTGAAATTGAGA,N159S,1,1
0.1597,0.009229,CTAACATACATATATA,A212V,1,1
0.1597,0.00604,AATCTGAAATAATACC,S107G,1,1
0.1597,0.007607,ATACCCTATACCTATA,P289S,1,1
0.1596,0.01689,GCTAAGCCATCTTGGG,N53D,1,1
0.1595,0.001645,ATCCTTGACCTGAATA,L157D,1,1
0.1593,0.004064,GATCAATAAACGCAAC,D7R,1,2
0.1593,0.008732,TAGAACAAAAAATATA,,0,0
0.1592,0.01659,TGTAACTGAGCGGACA,V223I,1,1
0.1592,0.03015,CAATAGCTAAAGACTT,,0,0
0.1589,0.01744,TATCCCATTATAGTGA,V88M,1,1
0.1589,0.006904,ACTACACGAATCCCTG,G386R,1,1
0.1586,0.007413,AATCCCGTTTCTATTT,,0,0
0.1586,0.02365,TCGACAGTGTCCAGAA,T388I,1,2
0.1586,0.09932,CGTACTCTAAAACACA,D493P,1,1
0.1585,0.003957,TCAATTTATGACCTAA,S54G E325T,2,2
0.1582,0.01575,CAGGGCACCACAAACA,N489Q,1,1
0.1582,0.01945,TATAAAACACAAAAAC,,0,0
0.1581,0.02111,GAACGATATGACGAAC,E344Q,1,1
0.1581,0.005334,CACACAACAGCTTACA,V88L,1,1
0.158,0.009098,TCCATAACAAAAATAG,,0,0
0.1579,0.01549,TAACGTGTGTACCAAC,,0,0
0.1578,0.0367,GAAATTGTATTGTCAA,D32P,1,1
0.1577,0.002568,TGTTCAGTCCCCACTT,V413M,1,1
0.1577,0.04307,ACGAAAGTTATGTCAA,S54C,1,1
0.1577,0.008925,TAATTTATTACCTAAT,T388V,1,2
0.1576,0.01524,ACATATTACCGTCCGT,N45R,1,1
0.1576,0.02476,ATTTATCTTGCCTGGC,,0,0
0.1575,0.05211,TATGAGAAATTGAATG,I160A,1,1
0.1574,0.009897,TTATTACCAATAATGA,R361S,1,1
0.1574,0.01192,GTATGTTAAATTACAA,P55H,1,1
0.1573,0.01253,GTATCCCCAATAGTCT,,0,0
0.1572,0.008384,TCCTCTCTGGATAATA,V309L,1,1
0.1572,0.01705,AATATAACACCCATTA,N497R,1,1
0.1571,0.007065,CTTTATAACTTACTTC,D188F,1,1
0.1571,0.01831,TTAGACAAAAGAAAAT,,0,0
0.157,0.003759,TGCAAAACGCTCTAAC,,0,0
0.1569,0.02671,ATAGGAGAAATTGAGA,H184F,1,2
0.1568,0.01098,GCAGAATGCCTAAGAA,E119D,1,1
0.1567,0.009146,AGTGCATTACTAGAAA,,0,0
0.1567,0.008442,GACACCCGACGATAGC,,0,0
0.1566,0.002775,TTGCTTAAGATGTATC,E83W N497R,2,3
0.1563,0.009307,ATGCTTGGAATCTGCT,E484V,1,1
0.156,0.001385,CTTCTATCAATCTGCC,,0,0
0.156,0.02527,ATGATCTCTCTGATCT,N489T,1,2
0.1559,0.03284,ATAAGTATAAGAATAA,,0,0
0.1556,0.004949,CCTTGGAGCGCATATG,Q327V,1,1
0.1555,0.03785,CTGCATTCAAGTATAT,H184T N498H,2,2
0.1554,0.00639,AAGACCTTTGTGGATT,A69M,1,1
0.1554,0.0041,AAAATAAGATGGAAAA,Q356L,1,1
0.1552,0.02732,ACAAGCATACCACATA,I214R,1,1
0.1552,0.004294,GACTAGCTTTTGTCGA,,0,1
0.155,0.05781,ACCTCTGGGTAGAGCC,K171E G504M,2,2
0.155,0.05781,TGTTAAAGCCATGTAA,,0,0
0.155,0.00537,ACTCCTGACTATGTTT,,0,0
0.1549,0.005814,AGTCGAAACTAAACCT,H56C,1,1
0.1549,0.03638,AGAATGAAATGACTAC,,0,0
0.1546,0.003609,GAATACCCAAATGCCG,V297M,1,1
0.1544,0.01851,GCATCCACAAAAAAAA,G240T,1,1
0.1544,0.02581,GCAAATGAAGTCAACC,,0,0
0.1544,0.008604,TGTGATCTCTGAAAGT,A106P,1,1
0.1543,0.005135,CCAGAGAGTTAAATAG,S107G,1,1
0.1542,0.04262,TGGTTTCCACAAAGAC,S231N N298H,2,3
0.1542,0.009337,TACACAGATAACACAC,D7H K452A,2,2
0.1542,0.001353,CAAACACCGTATACAA,S262T K468T,2,2
0.1541,0.0081,AGTACAATGATACGGA,S110N N497P,2,2
0.154,0.004356,AACCAAAAATGCCATA,,0,0
0.154,0.02512,CTAAATGCGTACCCAT,P4C T301F,2,2
0.1539,0.0288,GTAGCAAATACTTAAG,L439A,1,1
0.1539,0.006801,TATCTCCTAACCGCAG,,0,0
0.1537,0.001627,CTTACCCGCATTGAAC,K278R,1,1
0.1536,0.01747,GTCAAAACTAAACCAT,I34F,1,1
0.1536,0.1223,AAAAAGCACGCAAAAC,,0,0
0.1536,0.1223,CTACCATTGATTGAAA,E35F,1,1
0.1536,0.1223,TACACTCCACACTGAA,N290G,1,1
0.1533,0.003028,AAAAGCTGAAATAAAG,Q211E,1,1
0.1532,0.01551,TTTCCCCAAAAGCTTT,,0,0
0.1532,0.003675,CACTACCAATAGATTG,K417N,1,1
0.153,0.02713,TACCTTTACCCAAATT,I300N,1,1
0.153,0.03907,GGAACCCCAACCGAGA,,0,0
0.1529,0.01843,AAAAAGTATTTACGAT,,0,0
0.1528,0.01655,TACGTCACATGACTAT,S115I,1,1
0.1528,0.003119,GTATAAATCCGGAATC,F125W,1,1
0.1527,0.005137,CATAATAAAACAGTAT,S96Y I252M,2,2
0.1527,0.001582,GAAGACACTATAAAAC,,0,0
0.1527,0.007624,ACTACTTTAGTTATTT,,0,0
0.1526,0.003253,AACTCATAATATACTA,V88I,1,1
0.1526,0.006418,AATTCACGCGCTTTAA,,0,0
0.1525,0.006374,TTTTTCACACCCGAAA,N464D,1,1
0.1524,0.006133,CTATTATCGTGATAAG,S54L,1,1
0.1524,0.03046,TGAACCTCCACTAATA,,0,0
0.1523,0.004851,ACAACCTTTGTATGCC,A93L,1,1
0.1523,0.01147,ATATTTTTTGAAACTC,,0,0
0.1522,0.01571,CTTTTATATTACATCG,,0,0
0.1521,0.007984,ACAAAATTGGTTCCCA,N489K,1,1
0.152,0.02164,CTCAAAACCCGTTTTC,,0,0
0.152,0.03606,TACCCGCGAAGAAATT,,0,1
0.1519,0.002583,GAAAGTTAAATCTCAG,,0,0
0.1518,0.0128,ATTAATAATAACAATA,D291N,1,1
0.1515,0.01834,AACATCAATCCACTAC,D241E,1,1
0.1514,0.007968,TCATAGAAATATACTT,I300C,1,1
0.1514,0.04418,TTGTTATCCAAGATCT,E414V,1,1
0.1512,0.01331,ACGAATTAGCAGCGGT,R269F G463S,2,2
0.1511,0.01592,CCCTACCCATGTCGAG,,0,0
0.151,0.004241,ACATGGAAAAAATTCT,G275S,1,1
0.151,0.005248,CTATATTGCTTTTGAC,K121R,1,1
0.1509,0.02696,AAAAATTATACCCTGC,G504H,1,1
0.1508,0.01733,CATAAAACTACTTTTT,,0,0
0.1508,0.01733,TTAGAGGCGATACGCT,T328M,1,1
0.1508,0.02256,TAAATATATAATGCAG,,0,0
0.1507,0.0194,AAAGAGCATAAAATTC,T135W,1,1
0.1507,0.09698,TACGCACGCCTAATCT,N497F,1,1
0.1505,0.006378,GCTAGTTAGAAACACA,,0,0
0.1505,0.004683,ACATCAGATAAAGGAC,,0,1
0.1504,0.05701,AAAACATACACTAATG,S115R,1,1
0.1504,0.05701,TTAAAAATGAACTACT,E410K,1,1
0.1503,0.002801,CTGACTCCTTTCCCAA,,0,0
0.1503,0.04037,ATTCACCCGTTTACCC,P273D,1,1
0.1503,0.04037,GTCTACATTTAAATAC,I34A,1,1
0.1503,0.03125,ATTATTATTTATACTT,A304M,1,1
0.1502,0.006821,ACTCATCGCAAGCAAC,,0,0
0.1501,0.01019,ATACGCCAGTCTGATT,,0,0
0.15,0.02481,TCGATCGCACTAACCA,V406F,1,1
0.1499,0.03024,CTCACGCATCTTCCAA,K368W,1,1
0.1499,0.03024,GTAGTTCCCTACTAAT,I160C,1,1
0.1499,0.0387,TACCAAGGTGTAAGAA,S205N E344S,2,2
0.1498,0.05374,AACTAGATTTTCAACG,,0,0
0.1497,0.02417,TCTATCTACGAAAAAC,L439M,1,1
0.1496,0.01758,GGGTTACACGGCACTA,,0,0
0.1496,0.003704,CTACTACCATTGTTCT,,0,0
0.1495,0.005522,ATAATAGATATTTATA,S46G,1,1
0.1493,0.02841,TAAAATCTCCTAAGAA,I335M,1,1
0.1491,0.03575,TTTCGGATTCAAAGTT,R299I,1,1
0.149,0.02757,TACTTATGCGTGTCCT,I245V R307M,2,2
0.149,0.02757,TCTTTTCACAATATAT,L367A,1,2
0.149,0.01072,GCCCCTCTAACTAAAC,G504E,1,1
0.1487,0.01854,AACTATAGCAGATATC,,0,0
0.1487,0.08034,AGTTAAGCACCCAATG,Q75H,1,1
0.1487,0.01269,TTACGAGTATGTCCTC,,0,0
0.1484,0.03321,CTTACTGTTGCGATCG,,0,0
0.1483,0.02093,ACTCGCATATTTTCTC,,0,0
0.1483,0.04585,ATAATATCTTCTGAAA,Q363W,1,1
0.1481,0.01504,TCTGGTTTTCATGATA,K411M,1,1
0.148,0.02467,AAAAGCATAGATAACC,D104S,1,1
0.148,0.02467,TGATCAGCCCACCATC,,0,0
0.148,0.001887,TACTCTATACAACTAG,R307V,1,1
0.1479,0.02004,TACCCCCAACAAGTAA,E410C,1,2
0.1479,0.04371,TTGACTATTAACCTGC,,0,0
0.1479,0.003575,TTGTAGAGCCAATCAA,N285A,1,1
0.1478,0.01034,ACAATTCCAAGCTCTA,G479E,1,1
0.1478,0.03101,ACTATGAGTACAATAA,N190Q,1,1
0.1478,0.03101,AGGACTAGAATAAAAA,K292S,1,1
0.1475,0.01231,CGCCAACACAAAGCAT,E457D,1,2
0.1475,0.002583,GTACGAAGTTCCATCA,I274L,1,1
0.1474,0.06858,ATATAACACCCCGCGC,,0,0
0.1474,0.02286,CCCTCTTATACCCAAT,,0,0
0.147,0.01498,GTCCGCAAATGAAACC,T65Q,1,1
0.1468,0.02739,CAATGGCGCAATTGTT,,0,0
0.1466,0.0143,GCGATTACAGAAAGTT,S247D,1,1
0.1466,0.0168,CCCAGCTTTTACGTTA,A163S,1,1
0.1466,0.03683,ACCCATTTCTGACAAT,S219V,1,1
0.1465,0.02037,TTGCGATAAATATAAA,,0,1
0.1465,0.007913,TACTGGACAATTTTAA,S219H,1,1
0.1462,0.007654,AACAAATTTACCTGAA,,0,0
0.1461,0.01152,ATAGGCGTGCAGCAGC,E443W,1,1
0.146,0.03415,AAGAATAAGAGCCCCT,,0,0
0.146,0.05623,CAAGAGGACAATAAAA,R33W,1,2
0.1459,0.02389,CATGACCAATTGCCAC,K315R,1,2
0.1458,0.03295,AAAATACAATCTAACG,Q211F I418M,2,2
0.1457,0.003449,AAAACAATTGTCACTA,S149Y,1,1
0.1456,0.00692,TCGGTAAAGCTAATTA,K411F,1,1
0.1456,0.01447,TTTTTGGAAAACTATG,D441C,1,1
0.1455,0.01208,GAACATATCCTTTAAC,S480M,1,1
0.1453,0.02168,CAAAAAAGTAATGCTA,E401H,1,1
0.1453,0.00186,AGTATAGACGTGAGCA,A163T,1,1
0.1453,0.0502,TAAACTTGCGAACACA,S144W,1,1
0.1452,0.0298,TGTCTAAACAAACTTA,S95A,1,1
0.1452,0.00159,CATGAGATACTTAACA,K276L,1,1
0.1451,0.01343,AGTCGATAATGAATAG,,0,0
0.1451,0.008668,TTTGATTTCAAAGAAT,,0,0
0.145,0.006908,ACCGCTGACGAGACCT,S54D,1,1
0.145,0.02072,CATCAATAACTATGGA,,0,0
0.145,0.04765,AGAGGAGACACCAGAT,,0,0
0.1449,0.009434,TCCTACAAACCAAAAA,K278I,1,1
0.1449,0.02802,GCATCCCTATAAATAT,T135N,1,1
0.1448,0.01984,TAACGGTGAAGTACCA,F174W,1,1
0.1447,0.04534,CAAAATGATTCCAAAT,,0,0
0.1447,0.01237,GACTAGTTAATCTTCA,P324G,1,1
0.1447,0.0272,TAAAAATAAAGAACTA,I34C,1,2
0.1446,0.02644,CCCCTTGATTAATACA,A212V,1,1
0.1445,0.004554,TCAGTTATTGGTCTAA,P169Q,1,1
0.1444,0.0142,AGTTAACACTACGACT,,0,0
0.1444,0.006059,AACTGCCTCCATGAAA,D7T,1,1
0.1444,0.006059,CATGAAACACTTTCGA,N382A,1,1
0.1443,0.004686,ACTAGTGCAATTATTA,N6P,1,2
0.1442,0.01761,ACTGAGCATAAGCCTA,V102I,1,1
0.1441,0.01105,GGAAAAATAAGAGTTC,M268Q,1,1
0.1441,0.009227,TATTCAAAAACTAAGA,S124D D408N,2,3
0.144,0.03959,GGTAAGAAGTTACCGC,,0,0
0.144,0.1188,CACAGTCTGATATGAC,,0,1
0.1439,0.006835,ATACTAAAAAAACTAT,G275M,1,1
0.1439,0.01055,TTAACGGTAATGAACA,Y105P,1,1
0.1439,0.00609,AGCCGGTCGTTAAACG,N158T,1,1
0.1437,0.01582,TTCCCCGGATACCCTA,I202L,1,1
0.1437,0.005789,TCCCCAACAGCAAAGA,M462I,1,1
0.1436,0.003296,AAGCCAAACCCGATAA,,0,0
0.1434,0.002408,AATGATAAAGAGGACC,E325Y,1,1
0.1433,0.01975,TCCATCCTATCAAAAA,S95Q,1,1
0.1433,0.007584,AGAAAAGATCAGATAT,K50P,1,1
0.1432,0.01373,CAAGGTGACCCAGAGC,T128S,1,2
0.1431,0.03158,ATCTAAAGAATTGTAA,,0,0
0.143,0.01018,TCTGCGTACACAGACA,,0,0
0.143,0.003371,TAAAAAACTAACAACT,G49N,1,1
0.1429,0.006032,CCAAAGCATTAGAGAT,,0,0
0.1429,0.01787,GCTTTAGCAATATAAC,,0,0
0.1426,0.01183,CCAGACCGGAATATAA,E119K,1,1
0.1425,0.01603,ACTGCACCGTTTAATA,,0,1
0.1425,0.004706,ATGGCTAAATTATGGA,K368S,1,1
0.1424,0.00591,TCCCTTTCTAGATAAT,,0,0
0.1423,0.07269,AAATTTTTAAAGATAA,Q75I,1,1
0.1421,0.06745,AACACCAAAGCGCATT,M462T,1,1
0.1419,0.06292,CAGTAGTAAAATGACT,Q197M,1,1
0.1419,0.06292,CCAGACTCCAGACTCT,S91G,1,2
0.1419,0.01242,TTAGAAAACCTGTAGA,S205N S358D,2,2
0.1418,0.004767,ATCATTGTGAATCCCA,R208T,1,1
0.1417,0.006552,AACCTTCAAGTAACAA,K278E,1,1
0.1416,0.006246,CCACGTCAAAATAGAA,D175W,1,1
0.1416,0.05547,AGGAGAATTCACAATC,P74H A372M,2,2
0.1416,0.01813,TATCCACGTTATTCCA,,0,0
0.1414,0.01714,ATTTAGTTCGCTACTT,P324C,1,1
0.1414,0.007033,ATTTCCTTCTCCCTGT,,0,0
0.1413,0.0471,GTGAACGTATCTGTAA,,0,0
0.1411,0.01449,ACCATATGCTTAACGT,S107G,1,1
0.141,0.007977,CTTGAATCGACGACAG,T135S,1,1
0.1408,0.003856,GCAAGAAAACCCAACA,S231I,1,1
0.1407,0.01106,CACTTGGCAGTCCTTA,A212Y,1,1
0.1406,0.02848,GATTCCTCTGTTACAT,Q211F V413L,2,2
0.1406,0.02848,TTAATAAATTGTCATC,Q75A,1,1
0.1403,0.02184,GCAAAAAATCAGATAC,H56S,1,1
0.1403,0.002391,ACAGTTCTCTCACCAA,N159L,1,1
0.1403,0.02134,AATAGTAGTCAAAATA,T135I,1,1
0.1403,0.02134,GAAGCACAACCAACTG,R92E,1,1
0.14,0.01489,GTCTACGAAACAACCA,R92Y,1,1
0.14,0.004623,ATCAGTTCTTACCAAG,,0,0
0.1398,0.009977,GACCCTAATCCTCAAT,D32Q,1,1
0.1392,0.005888,CCCTTAACTTCATCAC,G142F,1,1
0.1389,0.01508,CTTATGCAATCACCAA,R255V,1,1
0.1388,0.01669,CAGCTACCTAATACGA,L367C,1,1
0.1387,0.02031,TTCCTATAACTTTCTT,A425M,1,1
0.1386,0.02278,CATATATAAATTCATC,I374E,1,1
0.1385,0.02594,CAAAACTCACAAGAAC,Q57G R208W,2,2
0.1384,0.02667,CAAATAGCACACAATG,T37C,1,1
0.1384,0.009153,CGGCCACTGCCAAAGC,,0,0
0.1384,0.009623,AACCTCACTTTACAAC,V347F,1,2
0.1382,0.003549,CATCCGATTAGCTGCA,Q75G G275E,2,4
0.1381,0.03454,ACCACAAAAAGCACAA,S209L,1,1
0.1381,0.007013,AAATGTCGAATTATTC,I300H,1,1
0.1381,0.007013,TCCCACACTCGAGTGC,I267W,1,1
0.138,0.00539,AAGTTAGTTAAAGGAG,Y308F,1,1
0.1379,0.01332,GAATCACAAACATAGT,G142F,1,1
0.1379,0.04052,CTTATCAATGCAACGG,,0,0
0.1379,0.004569,ATCACTGTAAATGCCC,,0,0
0.1378,0.01412,TAACGGGACCCAATAT,,0,0
0.1376,0.01634,CACTTCAAACCACAAT,K278T E280D,2,2
0.1375,0.01662,AGACATCAAATCCAAC,N296Y,1,1
0.1375,0.007162,AAAAATCTCCTAGACG,,0,0
0.1375,0.001663,CAAAAGTCCCACTTTT,P289E,1,1
0.1375,0.05171,TACACGCACTATAACA,,0,0
0.1373,0.002713,AGTACCTTCTGAAATC,D188N,1,1
0.1369,0.06636,TACAACACGAAACAAT,Q501W,1,1
0.1369,0.01346,GACTTATATAATAGTA,,0,1
0.1368,0.007677,AAGCTTTATCCCAGCA,P254Q,1,1
0.1368,0.01407,TCACTTTTTAAAAAAA,N38T,1,1
0.1367,0.01451,AAATAGAGTAACTAAG,Q211V,1,2
0.1366,0.008144,AGGTAATGGAGATAAA,D73E,1,1
0.1366,0.02443,GTCAACCTTAACAAAA,L71V,1,1
0.1365,0.02577,TCTAGACTACATAACT,I34Q,1,1
0.1364,0.007137,TAATTGCACAGTCTAT,,0,0
0.1362,0.01204,CGAAACATCAACCGTC,,0,0
0.1362,0.01686,GATCTATCTGCCATTG,,0,0
0.1359,0.006095,ATGATTCCAACCCAAA,G142Y,1,1
0.1359,0.09261,ATACACCAATCACAGA,,0,0
0.1358,0.03192,CAAAACACACCAGTAT,N126P,1,1
0.1358,0.03192,TATTTTCAATATACCG,K310L,1,1
0.1357,0.01929,TCCAAACAATATAGAG,G404E,1,1
0.1357,0.004629,CAAAAAATACTACATT,T318V,1,1
0.1357,0.004675,TAACACCATCATCATC,R201C,1,1
0.1355,0.006803,ACATATTGAGACCTCG,N53F,1,1
0.1355,0.02055,CAATAGCACTAAATTT,,0,0
0.1355,0.1028,CTAACTACTTCTTTTC,S219M,1,1
0.1355,0.02055,TGACTAACCGTGAAAT,,0,0
0.1354,0.009534,TTCAGGGTGAATGCAT,D474S,1,1
0.1354,0.01516,AACAAAACATTATAGT,R482Q,1,1
0.1352,0.01216,GCATATGATCAATTAA,S219L,1,1
0.135,0.03848,CTATGTATTTATAAAT,P169Y,1,1
0.135,0.03848,TTAGAAAACCATTAAA,,0,0
0.1349,0.02367,CCAGCTCCCGTAACGA,,0,0
0.1349,0.005699,GTACGACTTAATAGCA,,0,0
0.1348,0.01338,TCAGTTAACCACCGCG,K450M,1,1
0.1348,0.02429,TCTATGACTCACACTT,R222L,1,1
0.1347,0.004029,TTAATACATTCAGGAG,Q454A,1,1
0.1345,0.02561,CTAAACTCTGTAGGAA,H435R,1,1
0.1344,0.01013,CAGTATCATAAGTAAT,,0,0
0.1341,0.0279,TTACAGCTATAGTGCA,V182M,1,1
0.1341,0.02002,AAAGAATGAACTATAC,S219N,1,1
0.134,0.004536,TAGAGCATCAACCTAC,,0,0
0.134,0.004263,AGCTTACAAAGTGGTA,,0,0
0.134,0.01279,CATGAAATCTTCTTAA,,0,1
0.1339,0.01315,AATCATGATAAAACAA,,0,0
0.1338,0.01333,TAATCCATAGCTTCAA,N290I,1,1
0.1338,0.01643,ATTCCCACTACCAAAT,,0,0
0.1336,0.01164,TATCTCGGACAAGGAG,,0,0
0.1336,0.02189,TAACAAATTAACAAAA,E414Y,1,1
0.1336,0.05107,TTTTATGACAAACCAA,Q311C,1,1
0.1334,0.004066,CTACACGGCTAATAGA,W84F,1,1
0.1333,0.01766,TAGGAAAGACTAGGTA,N122Q,1,1
0.1332,0.05401,CTAGTCAACAATATAA,A373S,1,2
0.1332,0.018,TCCGCCAATCCAAATC,W234Y,1,1
0.1331,0.03279,ATCCTGTTGCTGAATT,E325F,1,1
0.1331,0.004044,GCGCACACGCATACAA,K50Q,1,1
0.1331,0.003255,ACAAAGAAAAAAAGAA,P324R,1,1
0.1329,0.03397,GTAGAATAGTCGTTGT,K276R,1,1
0.1329,0.006845,GATCCGGGTCCACTAA,,0,0
0.1328,0.05732,TCCCATTAATGCAAAG,T301A,1,1
0.1327,0.007051,CACCTGTAAGGCTTTA,D348N,1,1
0.1327,0.03525,CCCCGAGACCGAAGGA,,0,0
0.1326,0.01992,AAACTAAAAAATCGAA,I260F,1,1
0.1325,0.004385,AGGCCACAATCAAGAA,,0,0
0.1324,0.02617,CACGTATTGAACAACC,A304G,1,1
0.1323,0.008102,CGACTAAATGTGACCA,L177M Q407M,2,2
0.1322,0.002403,GAACATCCGTATACAT,,0,0
0.1321,0.01005,GTTTAGAAAAACATTG,N497A,1,1
0.1319,0.06531,ACTACACAAAAAAAAA,N498K,1,1
0.1318,0.01325,AACGTACTCTTCGGAT,G142F,1,1
0.1318,0.007949,TGCACTTCTGACGCCA,Q44R,1,1
0.1318,0.01051,TAGAATAGAATTACCA,,0,0
0.1318,0.02856,GAAAAATGATTCCCAT,,0,0
0.1316,0.003597,TTACTAGCCCAATCGA,,0,0
0.1316,0.006619,CTGTGATAAATGGATT,A476C,1,1
0.1315,0.02283,TTAAAGCAAGCTAACC,,0,0
0.1315,0.006297,ATAAACAATGAGGAGA,H56A,1,1
0.1313,0.01113,CTGAAAGCAAGAAAAT,Q501L,1,1
0.1313,0.004729,AACACAGTTGCTGTAC,,0,0
0.1311,0.024,CAAGAATAAAATACGA,S54E,1,1
0.131,0.01688,AGATGACCCATAAATC,S205M,1,1
0.131,0.01048,CAACAATTTGTAGATA,D348Y,1,2
0.1309,0.001361,AACTCGAATTAAACAT,,0,0
0.1307,0.01518,ACAAAACTAAATTGAT,L428S,1,1
0.1307,0.04554,TGTAGCGTATATAACG,,0,0
0.1307,0.07589,ATATGTCTTCTCAAAA,E280P,1,1
0.1307,0.07589,CAAACACAAGAATCAT,,0,0
0.1307,0.07589,TCGTCAAAAAGAACGA,L455D,1,1
0.1307,0.0253,TCTCAATACAGAATTG,K121D,1,1
0.1304,0.026,TATCGCAACGTTTAGC,,0,0
0.1304,0.01379,CAATAGCAACCCGTAA,H184D,1,1
0.1304,0.003856,CGATAAAGTTAACCTT,D291P H393L,2,2
0.1304,0.004619,ACTCACTCGGATATCC,T203Y,1,1
0.1304,0.008748,GTTCCTGGAACCAGGA,V323C,1,1
0.1304,0.01819,CTTTTAAGACTCGAAT,,0,0
0.1303,0.02166,ACCAAACAACAATATA,K207E,1,1
0.1302,0.04786,TCGAGCCCCTCGCAAG,I300C,1,1
0.1302,0.04786,TTACAATTTAGATTAC,N489V,1,1
0.1301,0.0128,CCCTTAACTAATTTAC,E410I,1,1
0.13,0.009088,CCTGCCCTATCTACGC,,0,0
0.1299,0.08258,AATGATTACTCATGTA,S115F,1,1
0.1299,0.0118,TCTCCCTCAAAACATA,G404K,1,1
0.1297,0.05044,TCAAGAAACAAGCAGT,Y105W,1,1
0.1296,0.007757,CAACGACAAATTGAAT,R482F,1,1
0.1296,0.02327,CAAGGAATAATGACAA,D60E,1,1
0.1296,0.006928,AATTATTCTTGAACGA,,0,0
0.1294,0.008399,GTGCCTCTTAAAATAA,E280M,1,1
0.1294,0.00965,CCCACCAAAGATTTAA,,0,0
0.1293,0.02925,CAAACTTTTTGAGAAT,,0,0
0.1293,0.01054,GAACACCCAAATTAGA,,0,0
0.1293,0.006767,CACTATAAGACCCATC,R201G,1,2
0.1293,0.03777,CTATCTAGTACATTCT,N489D,1,1
0.1293,0.03777,TAAACCCCAGGCTACA,,0,0
0.1291,0.01276,CTTGAATCAAGCTTGC,S47M,1,1
0.129,0.03019,AAGCCATGTATCAGAT,K259L Q311R,2,2
0.129,0.09057,ACCACTGGGATATGGA,K140H,1,1
0.1289,0.02106,AGCATCGAAAATATTT,P21V,1,2
0.1289,0.02106,CACTAAACACAAGTCA,S91Q,1,1
0.1288,0.01207,CGAATTAACTTTCGAT,,0,0
0.1287,0.01117,TGATTTGCTTCATCCA,W84F,1,1
0.1286,0.05653,CAAAACACAATAACCA,,0,0
0.1286,0.05653,TTACTCGCGAAGGTCC,,0,0
0.1285,0.003785,AAACATCACACACTAG,,0,0
0.1285,0.02584,TTATGTTTATACTCTC,S400E,1,1
0.1284,0.004037,AGGGCTGACGGGTATT,,0,1
0.1284,0.009933,CTTACTTGATAAGAAT,K368R,1,1
0.1283,0.01255,CTCTCCTAGAAATATA,V237C,1,1
0.1283,0.03227,CAGCTTACTCATTACA,N8V,1,1
0.1283,0.03227,TAATTGTTACCAAATT,,0,0
0.1281,0.01737,TCCCACATTCATAGAA,T301W,1,1
0.1279,0.04297,CGATGTATTCATAATG,,0,0
0.1279,0.03342,CTATCTGGATAGCAGT,,0,0
0.1279,0.02314,AATCTAAGACCAACAT,T135M,1,1
0.1279,0.01203,GATTCACTTGAACCTA,G404M,1,1
0.1279,0.01203,GTTACGCAGCCATCCA,D348V,1,1
0.1279,0.02314,TATCAGATGCATAATT,I288M,1,1
0.1278,0.004958,ACCACAGCTCAAATGT,,0,0
0.1277,0.006013,CCGATTCCACACATTA,H56A,1,1
0.1276,0.02049,AAAATAGCCTGCATTC,R150A,1,1
0.1275,0.01639,ACTATAACGTCACTCA,,0,0
0.1274,0.03466,CTATGGAGTAATCGAC,G240Q,1,1
0.1274,0.01839,AAAATCTTCCAGAGAA,F174E,1,1
0.1274,0.01839,CCGTGCAAATTCCTAT,S198D,1,1
0.1274,0.003679,CTTCTCCTTAGAAACA,A372K,1,1
0.1273,0.01501,TGTCTCTGCACCTCAG,,0,0
0.1273,0.002242,GCAAATAATCAAAAAA,K171V,1,1
0.1269,0.01304,TGTACAGCTTGTACCT,,0,0
0.1267,0.01231,AGGGATACAAATCTAA,N94I,1,1
0.1266,0.01762,AAAATTCACAACATAC,S312I,1,1
0.1265,0.1123,ACAACAATACCAAAAA,,0,0
0.1265,0.1123,GTGAGCAATGTGTTAA,S262V,1,1
0.1265,0.1123,TGTACTCCTCATCCCT,,0,0
0.1264,0.005948,TCTGAATGTCATCACA,E83D S205F,2,2
0.1264,0.01996,TTCTGATGACCATTAT,,0,0
0.1264,0.008719,TTTCGAATGCAAACCA,L381M,1,1
0.1263,0.01265,TCCTAAAATCAAACAA,,0,0
0.1263,0.001125,ACCGAATACTAGCAGC,K207P,1,2
0.1262,0.005281,AATGTAGGTTAAAAAG,G49I,1,1
0.1261,0.009347,AGAAATTGTAGTAAAA,I478M,1,1
0.126,0.002624,CTTTTATTACGTTCTA,T203E,1,1
0.126,0.04983,GTATTAGAGATGCGAA,S149Y,1,1
0.1259,0.00404,ATCACAACATCCATCA,P273F,1,1
0.1259,0.02717,AATTTTGCAAAATAAT,P324K,1,1
0.1258,0.02084,AGCCAATCTGCCCAAA,,0,0
0.1256,0.0103,ATATATATCCTTGAAA,K171A,1,1
0.1254,0.03315,ATATTCTATTCCCATC,N122D,1,1
0.1254,0.00746,GCAAATTCGTGCCCGC,P103V,1,1
0.1252,0.005202,AATACTACCAAGCCAA,,0,0
0.1252,0.02182,CAGGGCACATCTAGTA,S144F,1,1
0.1251,0.02484,AGAAATAAGCTAAATC,I282C,1,1
0.1251,0.002686,TAACATATAAGACTTT,D175I,1,1
0.125,0.02884,AATAAAACAATAATTT,,0,0
0.125,0.02884,TCAATATTATCAAGAT,R141D,1,1
0.1249,0.01986,ACATAAAGAGTAAAAT,,0,0
0.1249,0.003478,CCCTTTATTACTGAAG,T328W,1,1
0.1248,0.02234,ATAAATTCAATCGATG,T388M S400I,2,2
0.1248,0.002524,ACACACATTTTGACGT,,0,0
0.1247,0.04253,AGTCGTCTAAACCCAA,D175I,1,1
0.1247,0.01038,CATGACAATCACTAAC,,0,0
0.1247,0.002481,CATTCCGCGATCCGCA,S91D,1,1
0.1246,0.00726,AAGTAGACCCTAATAA,,0,0
0.1246,0.02029,CACTTCAAATAACGAC,,0,0
0.1244,0.05576,ACACCGTTCCGACTAC,P289T,1,1
0.1244,0.05576,AGCAAACCCAACGGCC,Q363Y,1,1
0.1241,0.001728,TAGTGAAATATCAACC,,0,0
0.1241,0.03073,TGGCACTACCACCGTG,N290F,1,1
0.1241,0.003053,GTTGCTATATGTCCGA,R150A,1,1
0.1238,0.009895,CTTAGACTCCAATATA,,0,0
0.1237,0.01413,CCTATAACTAAATTTG,S149F,1,1
0.1235,0.002713,GATCAACCCAATCGAA,G129F,1,1
0.1234,0.02779,ATTAAGACAGTTAGCC,D188A,1,1
0.1233,0.004316,CATCTAATTAATCATC,,0,0
0.123,0.008708,CAAGGGAATAACTCCA,,0,0
0.123,0.01708,CGCATTAAAGATTAAA,,0,0
0.1229,0.02536,ATTACCGAACTAAAAG,,0,0
0.1226,0.01068,TAAATAATTGGTATTG,I217W,1,1
0.1225,0.003649,TGCCACACCACCCCGA,E172Y,1,1
0.1224,0.0633,AAAGTGCAAACATAAA,,0,0
0.1224,0.01031,AATTCTGATCGAAAAA,Q327R,1,1
0.1224,0.0633,AGGTAATAACACCAAC,E484L,1,1
0.1224,0.02607,CGAACAATAGACCCCT,,0,0
0.1224,0.04028,CTAGAATAACTTAATA,K278R,1,1
0.1224,0.009848,CTGCACTAAGTAAAAT,Q57S G386E,2,2
0.1224,0.02332,GATATGTCAGAAAAAA,,0,1
0.1224,0.02954,TAAAAAGCGTGGCATA,I267C K503Y,2,2
0.1224,0.02954,TAACCTAATCTACAAC,E344C,1,1
0.1224,0.08862,ACAGGCCTTTTGAGAA,L70T,1,1
0.1224,0.08862,CCTCAATAAAGGACGA,L431W,1,1
0.1224,0.08862,CTTTTCAACTATATGA,A304P,1,1
0.1223,0.006661,GTTATACCAAGTTGTT,,0,0
0.1221,0.003785,CAAAATTTCACCCTCT,,0,0
0.122,0.005207,TAGATTTGAGAACAAC,P215M,1,1
0.1219,0.002515,GCTAACTAAATGGCTA,,0,0
0.1218,0.0305,TAGATGAGCCCCGGAC,,0,0
0.1218,0.01066,CCCCTGAAAACGACAT,K315C,1,1
0.1217,0.03537,TAAAAAAGCCGACACT,,0,0
0.1217,0.007309,GCTATAGATAAATCAA,,0,0
0.1217,0.006502,ATTGTAAAAGAGATTG,Y105M,1,1
0.1216,0.04209,CTTAGCATTGAAAAAG,N122F,1,1
0.1216,0.007366,ATATTTAATCCATACC,S219T,1,1
0.1216,0.01498,AGATTATAAACAAAGT,,0,0
0.1214,0.05197,AGTAAACGTATGATTA,S107I G504Q,2,2
0.1213,0.02053,TTGTAAATAAAAACAT,,0,0
0.1212,0.008919,CCAGCGAAAAAAAACC,N81H,1,1
0.1211,0.008653,CCTCTAGCTAGAAATA,,0,0
0.121,0.004085,ATAATATTCCTATAAA,,0,0
0.121,0.00201,CTACAAGTGTTAAAAG,S110I,1,1
0.1209,0.0045,AAATTAACCACCTCAA,G5I,1,1
0.1209,0.002818,TTTTAACAGCGCTCTT,E410M,1,1
0.1206,0.009578,CAATAAGCACTAATCC,,0,0
0.1206,0.01398,AGAAAATTTTACAGGC,T12F,1,1
0.1206,0.03263,GGACTAGATATAATAA,T37I,1,1
0.1206,0.01958,AAACTTATTTATTATA,,0,0
0.1206,0.01958,TTTAGAATAATACAGT,Q311I,1,1
0.1206,0.01258,CGCGAATAGAACAACC,,0,0
0.1205,0.01144,GAAAAATATCATATAA,D415N R482Y,2,2
0.1205,0.002149,CAACGCCTCAAAGATC,S231Q,1,1
0.1204,0.01334,ACCAGCCAAATTCGAG,G200V,1,1
0.1204,0.00509,CTTGGCCAACGCCCCA,R201C,1,1
0.1204,0.003565,TACCTATATATAAGAG,,0,0
0.1202,0.02933,GACCAAAACCAAATCT,V182I E325F,2,2
0.1201,0.009459,TAGCTTTGTCGGACCA,,0,0
0.12,0.009881,CCTCTTAAAAGATGAT,,0,1
0.12,0.01871,CAGACTAAACCCCAAT,G129E,1,1
0.12,0.006923,TTTCCTAACGAAAGCA,A212P,1,1
0.1198,0.01757,CACGCAAGGTGATCAT,N38Y,1,1
0.1197,0.0244,TTCATGACATACCACT,I242Y,1,1
0.1197,0.07319,TATTACAGCCTTTGAA,A196C,1,1
0.1196,0.01909,ATTCTCTAATATGGAT,N126W,1,1
0.1196,0.004573,TGTTGTTCGCATCCGA,S287T,1,1
0.1195,0.03989,GTACTCTAACAAATCA,T155I,1,1
0.119,0.004317,GATTTTCTAAGGCAAA,S144L,1,1
0.1188,0.01307,GACTAATTCATATTAA,K50A,1,1
0.1188,0.004838,TCAATTTATCGACAAT,N165V,1,1
0.1187,0.01199,ACGGTACATAAATGAA,,0,0
0.1186,0.002637,ACAGTCCAAAAGACCT,Y302V,1,1
0.1186,0.008581,CCCTGTCACAAGCGTC,,0,0
0.1186,0.009833,TTTCTTCACAACATTT,P289T,1,1
0.1186,0.04167,AAGTTGAACAATGCGA,E83K,1,1
0.1185,0.001862,ATCAAGTCACGCTTTC,S199T,1,1
0.1183,0.01121,CAATTTAGCCATACTG,S205N A430N,2,2
0.1182,0.019,AGTAATCTAAAAAATA,,0,0
0.1181,0.0168,AGAAGCGAGACTACAT,M462I,1,1
0.118,0.007044,CCCGCTTTAACAGGTT,S279M,1,1
0.118,0.01506,TACAGTCAGCTGTCCG,A93H,1,1
0.118,0.001655,ATGATAACTGCTGAAG,K207E,1,1
0.1179,0.01303,TGAAGGAAAAAAAAAT,E325R,1,1
0.1178,0.06234,ACACTACAAAGTTAAA,A365P,1,1
0.1178,0.06234,CCACAAAATACAGACA,,0,0
0.1178,0.008642,CAATACTAATAGCAAC,,0,1
0.1178,0.01939,GATAACCACACAGTCC,N122R,1,1
0.1177,0.05132,ATATCAACCTTACCAA,S46V,1,2
0.1177,0.005593,CCATAAGCTCAGTCAG,,0,0
0.1176,0.003355,AGTCCCACACGCAAAG,D188L,1,1
0.1175,0.03791,AAACATGCAAGCCCAA,T117Y M320L,2,2
0.1174,0.02293,CTAATATTCCCTTACC,,0,0
0.1173,0.0134,AGCGTTTCATTCAGTA,,0,0
0.1172,0.01013,TTTCTAAGTGAATTTT,R222S,1,1
0.117,0.002931,TTTAAGCACTTACCAC,S124N N298W,2,2
0.1168,0.00361,CCAAAACACCCAAGAT,,0,0
0.1168,0.02805,AACTAGGTACCTAATA,L154V,1,1
0.1167,0.03105,GTAGTTTCATTTCAAT,,0,0
0.1167,0.03105,TCTACTGACGAATAAA,S205M,1,1
0.1167,0.003579,GACTGTCGATAATAAA,,0,0
0.1167,0.03477,TACCCGATAATCAAAT,V102C,1,1
0.1166,0.006253,ATCTGTGGACAAGACT,L496I,1,1
0.1165,0.01525,AAAACAGAAAATTAAC,Q363E,1,1
0.1165,0.04574,CCAACTCTCAGTGGTC,I48V,1,1
0.1162,0.0155,CACACGGTAATATATT,,0,0
0.1161,0.01189,AAAATCACAAAACAGA,,0,0
0.1161,0.01735,CACCCAGCAAAGGTAT,S279E,1,1
0.1159,0.01971,TAGCGAAAGCCAGAAC,,0,0
0.1158,0.03612,TGGTATACTCCACATA,S442M,1,1
0.1158,0.001902,TTTTACCAACGCGAAA,Q407K,1,1
0.1157,0.008934,GCATATATACACCCAA,,0,0
0.1156,0.008251,TAACAGAGTAGACCGA,Q376V,1,1
0.1156,0.04125,TAGCTGGCACTCGAAA,Q311I,1,1
0.1156,0.008492,CATCAACCTCTTGTCC,,0,0
0.1155,0.01019,AAATCCAAAAAGGACA,S312L,1,1
0.1155,0.02706,ACAAGAAAAAAAGAAA,Q371E,1,1
0.1154,0.02013,AACCGTACACACTGAA,,0,0
0.1154,0.04808,ATCTCCACTTATTGCT,T318M,1,2
0.1152,0.003434,CTAGTAATTTACCTAT,E484D,1,1
0.1152,0.007588,TAATCGCATATTAACG,Y423W,1,1
0.1152,0.01466,AAACTTGAATCCTATA,S115H,1,2
0.1152,0.01802,CCCTCGCATACTAAGC,Q210H,1,2
0.1152,0.006504,ACAGAAAAAATTCGAA,,0,0
0.1151,0.002764,ACCCGTGAATGCTATT,S137A,1,1
0.115,0.02542,TCAAATGAGAACAAAC,R92N,1,1
0.115,0.01631,TAAGAACTGTCTGATC,S378G,1,1
0.1148,0.01728,TCATTTTAATTCATAT,,0,0
0.1147,0.02214,TAATGAAACATTACCT,,0,0
0.1145,0.07192,ACGAAGGCTAGAACTT,K450V,1,1
0.1145,0.02397,ATCATAAAACATCACT,,0,0
0.1145,0.0166,TTACACATATACCAGG,S144D N489K,2,2
0.1145,0.002214,CCGTAAGGAATTTAAA,A196G,1,1
0.1143,0.003767,CACACGAAAATGTCAG,T318I,1,1
0.1143,0.02613,TACCAAATAGTGTAAC,,0,0
0.1142,0.01039,TAATGAATGGATTTTA,K453S,1,1
0.1142,0.01039,TTCCACGACGAAAAGG,K276M,1,1
0.1142,0.006898,GAGACGAATAAGTTCC,S124K I242L,2,2
0.1142,0.01287,AGCTATTCATCAATAT,G379E,1,1
0.1141,0.00466,CGTCCGCTCGTTGTAA,R361I,1,1
0.1141,0.05069,AACGCTTTAATATTAA,,0,0
0.114,0.004441,ACCAATTTTCAGTAAC,S480M,1,1
0.114,0.003023,TCCAATCATGCGGTTA,L439C,1,1
0.1137,0.009672,GGGACCAGACCAGCCA,A11S Q407H,2,2
0.1137,0.03187,ATGAAATACTATTTAA,E401S,1,1
0.1136,0.02688,GCATAACTGTGTCAGA,Q164I,1,1
0.1134,0.06141,GAACAAGTGAATAATA,A138S,1,1
0.1132,0.02963,TAACTACAACCCCTCA,K326T,1,1
0.1132,0.02963,TCAATAATTCTCTTCT,R229V,1,1
0.1131,0.02203,GTACCCCGAAAACTGG,,0,0
0.1131,0.007041,TAACCGTTGAGAGTCC,P55A,1,1
0.1131,0.00627,CTTGAGTTCTCGGTCA,D408N,1,1
0.113,0.00367,TGGAACACAAAAAATC,,0,0
0.1126,0.01786,CATATATAGAAACATA,G78S,1,1
0.1125,0.007204,ATGAGAATACCTTAGC,R141D,1,1
0.1124,0.01558,GTTGAACACCCCCACT,,0,0
0.1123,0.003646,TGTATTGACCTAACAC,,0,0
0.1123,0.03059,TACGCTAAACCATGGC,T117Y,1,1
0.1123,0.03059,TTAAACAGGTAATATT,F500L,1,1
0.1123,0.01903,CTTAAACACACGGCAC,,0,0
0.1123,0.01084,AGCGCCGATCAATATA,F174S,1,1
0.1122,0.009957,CAATACGCAAATACTG,,0,0
0.1122,0.01241,GTATAAACGTAAACGA,,0,1
0.1121,0.005252,AGCTGAGCCGGCGTAG,G240K,1,1
0.112,0.02037,TCGGATGAGCGCCAGC,P21S,1,1
0.112,0.01584,AGCTTTACAAACTAGC,S219P,1,1
0.112,0.04753,CATAAGTGGCCACAAC,,0,0
0.112,0.01584,GTAATTCCTAGTAACG,,0,1
0.1119,0.004235,TACACCTTACAAATAG,E484M,1,1
0.1119,0.01745,GACAATTTGGATAAAA,S369T V406L,2,4
0.1118,0.0342,AGAAGGCCACACACTA,K259Y,1,1
0.1117,0.02671,ATACTAACCCTTTACA,T328Y,1,1
0.1116,0.005775,ATGATATGTTGAAATC,I179V,1,1
0.1116,0.06572,ACTTAAGCTAGACCTC,,0,0
0.1115,0.01857,TGTCGTTTATTAGCCC,,0,0
0.1115,0.01612,AGACGAAAAACGATTA,S205A,1,1
0.1114,0.02082,AGTAGCCCAACTCGAA,,0,0
0.1112,0.002326,ATTCACCTCTAACACG,,0,0
0.1111,0.0237,CCCACACACTTAGAAT,G504H,1,1
0.1111,0.02941,TTAAAATTACAACTTA,K276N,1,1
0.111,0.0164,AAAATAATATTTATGA,,0,0
0.1109,0.01578,ACAAGGAACTATTGGT,I160D,1,2
0.1109,0.01578,CCTGAAGAACTCAAAC,K468Q,1,1
0.1107,0.0131,GTATTGGACATTAATA,,0,1
0.1106,0.006403,CATGCACCTAGTTATA,S47M,1,1
0.1104,0.03273,AAAAAACTGATTTAAT,,0,0
0.1104,0.02431,AAAATTTCAAACAACA,,0,0
0.1102,0.005786,GTATCCCATGTTAAAC,A373I,1,1
0.1102,0.008337,AATTATAAAAACAATA,L243F,1,1
0.1102,0.03037,AAAATGCCATACTAAG,P324N,1,1
0.1102,0.03037,TCTCACGAAGTTAAGC,E172H,1,1
0.1101,0.01771,CCTAACTCTTTTCAAA,A212N,1,1
0.1101,0.005484,ATGGAGGCGACGGTCC,K189L,1,1
0.11,0.0144,TTCACAATAGATCCAC,S198N,1,1
0.11,0.01699,AAAAAAAGTTTTCCTA,S209N,1,1
0.11,0.02832,AACAGATTTATACTAC,N341M,1,1
0.11,0.08496,GACAAAAACACATAAA,,0,1
0.1098,0.04044,GTAGCGATAGTGAATG,D408M,1,1
0.1098,0.01975,CGCACCCAGACAACTA,G200K,1,1
0.1098,0.01306,AGTCTAATCCAAAAAT,S312Q,1,1
0.1098,0.01306,CCAAGGCTTAAACCCC,A212F,1,2
0.1096,0.006195,TAAATTTCTATACCTA,,0,1
0.1095,0.004821,AAGATCATAACTACAC,,0,0
0.1095,0.01195,AGATAAGCGTGACTAG,,0,0
0.1095,0.07068,ACCTTTACAGCCTGTT,N122D R456K,2,2
0.1095,0.01414,CAGCTGCTTCGGACCT,R220S,1,1
0.1094,0.009636,TTAGCAAGAAATGAAA,N296Y,1,2
0.1093,0.01284,ATCTATCAATGTTGAA,L154V,1,1
0.1092,0.008827,CTGTAGTAGATCACTA,,0,0
0.1091,0.06051,AAAAGACGTAAATAAA,Q211S,1,1
0.1091,0.06051,AGCAGAAAATTTACAT,,0,0
0.1091,0.06051,GCTATAATAGTGAATC,E410W,1,1
0.109,0.01388,CATAGCGCCCGCAGAA,Q80V,1,1
0.1088,0.004297,ATCTCGCGAACGACTG,,0,0
0.1087,0.02417,ATAAGTGCTCTTCAAC,Q356E,1,1
0.1087,0.02417,CGAATAGCTATATGCC,S107L,1,1
0.1085,0.006217,TTGCCTTGAATTTACA,N22T,1,1
0.1085,0.01363,CTAGTGAGCGCTCATC,P289G,1,1
0.1084,0.008127,CAGAGTCACCAAAGCT,S54E,1,2
0.1084,0.01965,AGTGTCCTAAACGATA,P239N,1,1
0.1084,0.003263,TACCAATCAAGAAATA,S279R,1,1
0.1084,0.0128,GCACCAGGAGGATCTA,K140Q,1,1
0.1083,0.01877,TTCGTACCCCCAACAC,K121F,1,1
0.1082,0.01724,ATGGCCGCCGACGCAA,,0,0
0.1082,0.002117,ATCCTAGTACCATCTG,I374V,1,1
0.1082,0.01656,ATAAAATCTAAACAAC,S54K,1,1
0.1082,0.03247,CGAAATCACCTAACTT,,0,0
0.1081,0.003519,CCCGAACTTTTAGTGA,,0,0
0.1081,0.01535,TAGAACGACACTACGT,A304V,1,2
0.1077,0.004015,GAACACAACAGCCAAA,,0,0
0.1076,0.01505,AGACTAAAGGAATTAA,Q356I,1,1
0.1076,0.007457,CTGGTCGAAGTCACAA,T328Q,1,1
0.1075,0.01316,ATCGTCACTATCCAAC,D291G,1,1
0.1075,0.01203,CCAACGAATATCTTGA,,0,0
0.107,0.04005,AGAAAGGTAATAACAA,S219L,1,1
0.107,0.04426,CTTAATTACTTGGAAA,Q356H,1,1
0.107,0.04426,GTTAGGACAAATCAAC,,0,0
0.107,0.01255,TTAAGACATGAGACTT,K264Y,1,1
0.107,0.06469,AAAACAATATTATTTC,K2W S144N,2,2
0.107,0.03115,AACAACTACTCAACTG,S146D,1,1
0.107,0.03656,CACGTAAGAGAAATGA,,0,0
0.107,0.01092,GATCCCTATTACTGCA,,0,0
0.107,0.1201,GGCGGAGCCGAATAAA,R307A,1,1
0.107,0.01869,GTAGTCAGAGTGCAAA,S115F,1,2
0.107,0.06469,GTGTTGAAAAAAGTGT,L381E,1,1
0.107,0.03656,GTTCCTCAAAACCAGA,,0,0
0.107,0.029,TATAACAAGAGGGAAT,N22M,1,1
0.1069,0.001741,GACTACTTGGAACCTG,N382R,1,1
0.1069,0.001333,ACTTTAAAACAATCAT,I230M,1,1
0.1066,0.002829,ATTATTGACCTTTAAT,,0,0
0.1064,0.01748,TGATGCTATAGTAGCT,S231T K278F,2,2
0.1064,0.01824,TCTAAATTCCAAATAC,S107N,1,2
0.1063,0.02097,ACGTATGATATTTTTA,T12Q,1,1
0.1063,0.02097,TCTTTTTGACTATACT,V130T,1,2
0.1062,0.02329,CTTCCACCAACACCAA,F399L,1,1
0.1062,0.02329,TACTACGATATACAAT,S198W,1,1
0.1061,0.0129,AAGAAAAACAGTTCCT,G275D,1,1
0.106,0.009976,CCACTACTCAAAGTCA,D225E,1,1
0.1058,0.03489,CCAACAGCATAAAACT,,0,0
0.1058,0.01782,ATCAAACACGCAAAAA,Q44T D375C,2,2
0.1058,0.0186,GTCACAAAGACAATCC,K278Q,1,1
0.1056,0.04184,GCTATAAGTTCGTATG,Q376I,1,1
0.1055,0.006338,ACGACCAATATCACCT,Q363T,1,1
0.1054,0.005768,TTATGTATAATGATTC,S312V,1,1
0.1054,0.04646,AAATTCAAAGGAATAC,V490E,1,1
0.1054,0.01549,TCAACCGCTCCGCCCT,A163T,1,1
0.1053,0.02533,ACATAGCAAAAAAATG,P239A,1,1
0.1052,0.008616,AACACCGCAGAATCCT,T416L,1,1
0.1052,0.002034,AAAGCATCTTCTATCT,T485Q,1,1
0.1052,0.01816,TAAAAGTCTAGTTACA,,0,0
0.105,0.0288,TTATTTAATAATAAAA,Q371R,1,1
0.105,0.001288,CAATAATTTATCATAC,A11V,1,1
0.105,0.05963,ATTTTCGTACTTGTAA,,0,0
0.1049,0.03091,CCCGAACAGACTACTA,E344A,1,1
0.1049,0.03091,GGATCACAAGAACAAC,W84F,1,1
0.1049,0.004133,ATACAATAGTTACAAT,,0,0
0.1048,0.02195,AACTCCTAGATCAACT,R269I,1,1
0.1047,0.002918,CTTTCGCACGTGGCGG,,0,0
0.1047,0.005599,ATTTAAGGTTCACATA,,0,0
0.1046,0.01774,ACGTTGCGAAAAAAAA,,0,0
0.1046,0.006514,TTAAGACAGAATGGCG,S137G,1,1
0.1045,0.01437,TTGTGCCAACCGTAAA,N382M,1,1
0.1045,0.008172,TGAGAAACTAGTTCTA,S480T,1,1
0.1044,0.01068,TTACAATCAACCTCAC,A425M,1,1
0.1044,0.00216,TTACTGGGCTCATTTA,,0,0
0.1044,0.01937,GTTAAAATTATCAGAG,I260S,1,1
0.1043,0.02603,GGGTTTTATACGCTAT,,0,0
0.1043,0.01126,TTCTTACTCCGCCATA,,0,0
0.1043,0.03966,CAAACCGGTTCCTTTA,N497P,1,1
0.104,0.01734,TACAGTAGAGGACACG,,0,0
0.104,0.04379,TCTAATACCAGCAAAT,G62R,1,1
0.104,0.02971,CCCATATGGACATTTA,Q363H,1,1
0.1039,0.02248,AAACGCCGTAACCATA,T128F,1,1
0.1038,0.002261,GATACTCTCAATTCCA,R307W,1,1
0.1037,0.005693,TACAAGGTAAATTTGA,V182A,1,3
0.1037,0.04888,TTCCAGCCAATCCACA,E449K,1,1
0.1036,0.009032,AGGTCTGTTGTAAGTC,A304R,1,1
0.1036,0.001453,ATCGCACATTATCCCT,Q356I,1,1
0.1034,0.01483,ACAGGAAACGAATAAT,S137V,1,1
0.1033,0.008926,GCCTTCCGGTCAATCA,I48H,1,1
0.1033,0.02678,AAAAATCCAATCATTG,K472G,1,1
0.1033,0.02678,CTAAAAATCATCGATA,Q501Y,1,1
0.1033,0.00413,ATATAACTATTTACAG,,0,0
0.1033,0.01537,TTCATAAACCCTAGTT,L86C,1,2
0.1033,0.009881,CAGAAGACAAGGACAC,L428Y,1,1
0.1032,0.00912,AACATAAAACAGACAA,V323M,1,1
0.1032,0.01106,CACACGGGCAAAAGAT,L111Y,1,1
0.1031,0.0377,AAAAGCGCGCTATAAC,,0,0
0.1031,0.006689,ACAGAATAGGCCACGG,S110N,1,1
0.1031,0.0286,CCGAAAACAAGATACG,,0,0
0.103,0.005529,AGCAGATGCTACCCAA,,0,0
0.103,0.01296,GACGATTATAGACATC,T416V,1,1
0.103,0.004167,AACTTTTCCTCAAAAG,G504K,1,1
0.103,0.009754,GCCAAAACATAAAAAT,,0,0
0.1029,0.01201,GCACATTGGTGCCGAA,K276G,1,1
0.1028,0.004228,TTACAATGCACTACCT,,0,0
0.1028,0.01023,ACACTTTAAGCAATCT,,0,0
0.1027,0.04142,AATTCATATTCGACCT,P289C,1,1
0.1027,0.04142,CAGCGGACGCTACAAT,D415E,1,1
0.1027,0.04142,GCAAAACCCAATTTTT,,0,0
0.1027,0.04142,TCCCATATAGTAACAA,Q501N,1,1
0.1027,0.007888,ATTCATGTCCTACCGC,,0,0
0.1027,0.007888,CCACACGTACCCGTCC,K468L,1,1
0.1026,0.01274,TAAAATCATAGCTGAT,T301L,1,2
0.1026,0.02587,TTAAGTGATTGAATGC,K121D S358D,2,2
0.1024,0.009511,AGGTATCTTAGGAGTA,K368G,1,1
0.1024,0.02236,AGTCAGGCTAATTAAA,P169L S199P,2,2
0.1023,0.01356,AGCAGGTACCCGGCAA,L15M,1,1
0.1023,0.04594,TGAAATCAATATTGAA,P21E N497H,2,2
0.1023,0.02756,TTAAGAAACATTGCCA,T10I,1,1
0.1021,0.01088,ATAATATAAACAAGAA,,0,0
0.102,0.005435,AAAACTTTGATCCGAA,,0,0
0.1018,0.01376,ATTAGTTCAATGACAA,,0,0
0.1016,0.01557,GGAAAGGAGCAAGAAA,N22V,1,1
0.1016,0.01423,AAAAATCGCGAAGACA,R307N,1,2
0.1016,0.03928,GTCCTGTCATATTCAA,R361M,1,1
0.1015,0.03172,TTACTAAACAAAAAAC,D375V,1,1
0.1015,0.03172,TTCCGAAGCAACATAT,K468A,1,2
0.1015,0.02291,TACCGGCAAAAAAGTA,I48C,1,1
0.1015,0.007298,TTATGTTAAAACAAAT,K503H,1,1
0.1014,0.01617,GCCCTATCCAGGAAAT,S378E,1,1
0.1012,0.002617,GACCTCAGACAAGAAC,,0,0
0.1012,0.02112,CTAAATCTTACAACCA,K278Q,1,1
0.1012,0.02112,CTCCACTATCCGGCAT,N45G,1,1
0.101,0.01583,AGTAAAACCATAGTAG,,0,0
0.101,0.01751,ATACTGCAAAATATCC,,0,0
0.1009,0.006284,TTATGCACTGAAAAAT,Q132E,1,1
0.1008,0.007217,TCCAGAGACAGCAGCT,,0,0
0.1007,0.09137,ACACCTTGTTTAAGAT,,0,0
0.1006,0.004645,ATTCGAATCCCAATGT,,0,0
0.1006,0.007473,AGATACAGATAACCTT,Y233F,1,1
0.1004,0.01283,ACCCAAGAAAAAACAA,E414D,1,1
0.1003,0.02161,ACAACCTGTTAGAAAC,,0,0
0.1002,0.00989,CCAATAATGAAAGGGT,,0,0
0.1002,0.00902,ACAGAAGATCAGACAA,N126V,1,1
0.1,0.006123,ATTATGCACCGAGATC,,0,0
0.09996,0.003096,ACACTCCCTCATCGAG,,0,0
0.09986,0.004607,ACAGCATAGGTAATTG,D419S,1,1
0.09979,0.003374,TAATCCTTTATGCAGC,,0,0
0.09976,0.003333,ATATTTTGTCCCAACT,P169K,1,1
0.09971,0.02643,AGAATAAAATGCTTAA,,0,0
0.09971,0.004503,TGCTAAAAGGGGAACA,,0,0
0.09955,0.01137,TAACATACGCCACCTA,R201L,1,1
0.09955,0.0008167,CATTTGAATAAGGTCT,I267S,1,1
0.09954,0.005151,AACGTATATTGTTATC,,0,1
0.09949,0.008711,TGCATTAAAATGATTT,,0,0
0.09947,0.05458,TAAACGTTATACATAC,,0,0
0.09947,0.002374,GTTAAAGTAACCAAAA,R269C,1,1
0.09944,0.01462,ATTTTACCTCCGTTTA,,0,1
0.09933,0.008895,AAAATATATAACTCAC,,0,0
0.09926,0.002954,AGAACACCCTCAATGG,R224G,1,1
0.09926,0.004989,AATAGCCCAATCGGCA,S262Y,1,1
0.09918,0.008098,AACGTTTAAATAAAGT,V490N,1,1
0.09918,0.003718,ATCACTGGTGAGTTTA,E280W,1,1
0.09907,0.02555,CATATTATGACTGGTT,,0,0
0.09902,0.002859,CAGTAAACAGACACTA,N290F,1,1
0.09876,0.01992,CCCACGAAGACCATGC,S312M,1,1
0.09874,0.01408,GAAAATCCACCGCACT,L244V,1,1
0.09866,0.03023,ACCTTAATATTAAAAA,G142H I335M,2,2
0.09866,0.03023,GTTTATCTACCAAGGA,,0,0
0.09858,0.007628,GCATATGTTCGAGGAG,G5E,1,1
0.09834,0.06272,AAACAACCAAACTTTA,,0,0
0.09834,0.00697,CGCCAACTGATCGACA,F258Y,1,1
0.0981,0.001955,CTTTTTCCGTACGGAC,Q501M,1,1
0.09808,0.01293,GTGAACGTGAGCATAA,P21T Q211K,2,2
0.09799,0.004427,CTCGAAACTAATAAAA,V223K,1,1
0.09794,0.005254,ATGATCCAAAAAAGGT,A476E,1,1
0.09793,0.002327,AGCTACATGTGTGAAC,,0,0
0.09787,0.02035,ATCACACATACGCGAT,,0,0
0.0978,0.01403,TTTACTATAGCCCCCG,,0,0
0.09773,0.007465,TTCCCTCACACAAGAT,N290T K417R,2,2
0.09753,0.01016,CGAGAAGTCGAACAAA,,0,0
0.09747,0.01534,TCCCTTTTAAAATATC,,0,0
0.09738,0.02322,CACTCAAGATCGAATC,Q454T,1,1
0.09719,0.0406,AATCACCTACCGGACT,F79M,1,1
0.09713,0.003042,CACTACCGCACGAAAA,K315M,1,1
0.09711,0.009551,GCTCGTCAAGCTAACT,I160H,1,1
0.09711,0.01592,TACTAAGTTGCACAAC,R109S N122A,2,2
0.09699,0.01159,GACATCTAATACTCAC,Q132I T328I,2,2
0.09682,0.02457,AAAAAATTTCCAAGTG,P239R,1,1
0.09677,0.007051,AAATTATTTACGTCCG,S480E,1,1
0.09651,0.02025,CTTATCCTGCACAGAA,Q454F,1,1
0.09651,0.006751,AATCGAATCAACCCAC,S209A,1,1
0.09642,0.02189,CTTAAGCGTAACGTGG,,0,0
0.09631,0.02381,AGAAATACCTATTTAG,Q1K I300V,2,2
0.09621,0.005581,ACCAAGAAATGCCCTC,S114Y,1,2
0.0962,0.01839,GGAATCTTTCAACAAG,R307I,1,1
0.09616,0.01207,AAAACAGAAATATGAA,,0,0
0.0961,0.01973,ATTATTTTTATCCCTC,Q454Y,1,1
0.09589,0.008248,ACCTAGAATTAACCCA,K503S,1,1
0.09576,0.01122,CAATCGCCGTATTTAA,T328P,1,1
0.09572,0.004186,AGTCGAAAAATTGCGA,,0,0
0.09567,0.006073,TCAGAAGTTGCATAAA,,0,0
0.09552,0.002462,GAACGAACAAAAATCC,,0,0
0.09539,0.02241,TATAAAAGGGTCAATC,Q164N,1,1
0.09527,0.04244,CGAGTGTAATTACTTC,K276P,1,1
0.09518,0.008143,AAAAACATCACAATCA,E325M,1,1
0.09512,0.01075,GTCTGAACAATCTGAC,R269G,1,1
0.09499,0.005266,TAAGCAATAATTTTAC,R299M,1,1
0.09493,0.005923,GTCCATAAGATAAAAG,K450A,1,1
0.09488,0.007973,ACTAAGCACTATATGA,D73A E280H,2,2
0.09464,0.0298,TAACAGTATCATTGTC,N389A,1,1
0.09464,0.08939,CAGCTGTCTATCTGCT,N475V,1,1
0.09459,0.01436,CAATTCTTCGACACTA,G200V,1,1
0.09459,0.01436,CACTTACAAGCTGACA,,0,0
0.09457,0.02117,AACAGCACAATGCTTA,,0,0
0.09452,0.01641,CTGAATCGATGAATTG,K50E,1,1
0.09445,0.02593,CAAAAATATATGGTTT,A69V,1,1
0.09445,0.02593,CCCCAGTAAGGCCTAC,,0,0
0.09443,0.005869,AATACTGCGAAATGCA,G5T,1,1
0.09436,0.004516,CACTAGACTTAAATAG,W234Y,1,1
0.09429,0.009681,GATACAATCACAAATC,E280A,1,1
0.09427,0.006696,CACTTGAACCAGCATG,,0,1
0.09427,0.01116,CATAGCCTAAATGAGA,,0,0
0.09419,0.06178,CAATCATCTTGCACAA,S124Y,1,1
0.09414,0.002356,AGTCTCATCATAAATA,K50T Q210N,2,3
0.0939,0.02229,CAAACTCTGAGTTACG,K292I,1,1
0.0939,0.004033,CTCAGCACCATCGGAT,,0,1
0.09389,0.01459,ATCTTCACACGGAAAT,I48Q,1,1
0.0938,0.007639,GATAAAGCCCTTAAAC,S422T,1,1
0.09377,0.003646,TGACATTAATAACATA,H184Q D474G,2,2
0.09373,0.006854,AGTATGACAAGAACCC,A11C,1,1
0.09373,0.000866,GAAACCTTCTAGTAGG,S9N E172L,2,2
0.0937,0.03207,AAAATCATTACTAACT,K368Q,1,1
0.09366,0.004288,GCAACCTTATACGTTC,S265F,1,1
0.09346,0.0178,GTATAATGAAGTTGTT,T328A,1,1
0.09317,0.016,AAGCACATGGTTAAGA,Q210C,1,1
0.09317,0.009305,GAACTAACAATAGTTA,,0,0
0.09317,0.1334,TATTTCCAGATCTGCC,,0,0
0.09301,0.009636,CCAATGGAAAAGGAAC,L111T,1,2
0.09301,0.009636,CGTACAAAAGGGCGCT,S279V,1,1
0.09287,0.002588,GGAACGACTATAAATC,L409V,1,1
0.09266,0.01536,AACAAAAGAAATACAA,I478V,1,1
0.09256,0.01228,TTAATAAACCGAATAC,,0,0
0.09244,0.003662,CATAATGCAAATCAAC,,0,0
0.09237,0.01209,CAGTTAAACAACTATA,N298E,1,2
0.09229,0.05317,TCCCCTATAAAAACAA,,0,0
0.09223,0.02848,CCATCAAAGATAGACA,D77V,1,1
0.09215,0.003641,ATCGTGAAATCTACTA,R405L,1,1
0.09208,0.002878,GTGTTCTTGGATCTGA,S231I,1,1
0.09207,0.03321,AGCCTAGTACCTTTCC,R109S V406I,2,2
0.09187,0.003943,CTCTGGAACACTGGTC,,0,0
0.09182,0.01021,CACCCGCTATAATCAA,S262G,1,1
0.09175,0.01076,ATTCTCTTTTTCACAA,A69T E83R,2,2
0.09164,0.01851,ATAAACATTAATATAA,,0,0
0.09164,0.006632,GAAATACCATAGAACT,G218V P239S,2,2
0.09162,0.0234,AAATAAGAGGCTCAAA,N497Q,1,1
0.09158,0.01205,ACTCACAGCCTGATTA,I236V,1,1
0.09151,0.007722,GATACGAATTAATCTT,R33K,1,1
0.0915,0.006313,AAAACCTCCAATAAAG,,0,1
0.09144,0.015,ACGTCAGACTCAATTT,,0,0
0.09129,0.01622,ACACACTACTACAAGC,,0,0
0.09129,0.1135,CCAGGTCATACCGTCT,P324W,1,1
0.09101,0.01005,CACTAGCAACCACAGA,L496F,1,1
0.09101,0.007708,AATCTCAGTTAAGATA,S107L,1,1
0.09098,0.02205,AAATTCTGAAATAGAA,I3P,1,1
0.09098,0.06615,CAAACATCCTGATACT,F332D K472V,2,2
0.09088,0.004614,GTCATAAAATAACGGG,I3W,1,1
0.09079,0.03605,CGTAAACTAACGTAAA,K326A,1,1
0.09074,0.02937,CATGAAGTATTGATAA,R150A,1,2
0.09065,0.01525,TAGCCTGAGTCCTAAC,,0,0
0.09051,0.006716,GTGCAGACGGAAGAAT,I160G,1,2
0.09049,0.009005,CCAATACAACACATCA,S198F,1,1
0.09035,0.006336,TGCCCAAGCCATCACA,Q454V,1,1
0.09032,0.001711,CATGCGAAGGAGTTTC,I260Y,1,1
0.09015,0.02029,AACGCATTAATCCCTA,T451I,1,1
0.09013,0.009202,CACCGTATAAGGTCCA,V413M,1,1
0.08967,0.005896,ACAACTCCTGAATAGA,S114L,1,1
0.08953,0.004009,CCGGGTCACAACTGAT,,0,0
0.08952,0.03158,GTAACGTAAGCTAAAT,E410T,1,1
0.08945,0.05637,GCATAAACCAGACAAG,,0,0
0.08945,0.05637,GTTAGATCATACAAAC,,0,0
0.08931,0.01461,CTCATCGATACCACAA,N31Q,1,1
0.0893,0.02132,ACACTATTTAAATTGA,,0,0
0.08926,0.03944,GATCATGTATAGCAAT,,0,0
0.08907,0.0108,TACTAAACGAAATAAT,Q407R,1,1
0.08903,0.01791,AACATTGCAAATCGGA,S145Q,1,2
0.08903,0.01791,ACAACCCCCGATGTTC,,0,0
0.08903,0.01791,CGACATTATTAACATA,A93W,1,1
0.08884,0.004304,GATCTGTCACAACACA,E449S,1,1
0.08884,0.02917,TCAAGAATCTCCATAA,S199A,1,1
0.08884,0.02386,TGATTTCTGACATCTG,I34F,1,1
0.08873,0.00489,ATAAAACAATACCGAA,A372C,1,1
0.08867,0.01513,TTCATGCACATGCTCA,P273Y,1,1
0.08842,0.01918,ATGATCGGGGCGAAGA,,0,1
0.08832,0.006,ACCCACTATTCACCAG,Q197G,1,1
0.0883,0.04912,AAACCCTTCAAAAAAA,,0,0
0.08819,0.005382,ATATAAATTTGAAACA,G479K,1,1
0.08813,0.02182,ACAATCATCCGAATGG,Q173V,1,1
0.08801,0.006383,TGAGGACTAGGAATAT,,0,0
0.08799,0.07849,TAAACACCTAACAAAG,G142A,1,2
0.08799,0.07849,TGTACAACTGAACAAC,,0,0
0.08791,0.01226,GCAGCCATAAAATTAG,,0,0
0.08787,0.01783,CCCCAGTAGAACCCCA,K50N,1,1
0.08784,0.04615,TTCGTAATTCATAAGT,Q311H,1,1
0.08752,0.007608,AAAACACTGGGTATTT,,0,0
0.08738,0.01031,ATATCTATTATACCGT,F448Y,1,1
0.08735,0.01958,CCTAAATGCAAAACAA,N216V,1,1
0.08729,0.07117,TATACCTTACTCAAGC,Q501N,1,1
0.08729,0.007909,CCCTACCATCATAAGC,T301R,1,1
0.08729,0.02373,CCTCCAGAAATGAGGA,,0,0
0.08729,0.01424,CTCCAAATATCTAAAC,,0,0
0.08729,0.02373,GCTAAATAAAGACTAA,F258Y,1,1
0.08726,0.005185,TCATAAATATCCTAAA,,0,0
0.08725,0.005437,CCACAAATCTTGCTGC,E457M,1,1
0.08718,0.01909,TAAACGAAAAAACTCC,I242V,1,1
0.08715,0.0038,CACGGATTAGCACCAG,,0,0
0.08705,0.04117,AAACACAAAGCATTAA,,0,0
0.08702,0.004184,TAAGCTGCCACTAGAT,,0,0
0.08697,0.01564,CAATTTCTATTAAAAT,Q211I,1,1
0.0869,0.00543,CTACCGGAAAATATTG,,0,0
0.0868,0.01042,CGAAGTCAAGCCCAAG,Y233M,1,1
0.08672,0.0217,ATAATTCAGAACATAA,I300H,1,1
0.08672,0.0279,GGTCAAAGTCAAAGTC,K131A D474G,2,3
0.08672,0.0651,TGATAACTTCGCCCCA,S358D,1,1
0.08663,0.002265,ATTCATACATTGCAGA,,0,0
0.08641,0.009755,CCAAACCACTCTAAAC,V166S,1,1
0.08637,0.01084,GCCTGGATGAGTTTAA,V20R,1,1
0.08624,0.05999,GTTACGTTATTAAGAC,F120M S145R,2,2
0.08615,0.03544,TACCAATATTCAAATA,K264M,1,1
0.08613,0.01039,TAAATCTCTAATGATG,,0,0
0.08611,0.02514,AGACCCTATAACAAGA,,0,0
0.08611,0.02514,ATGGAATAAAAAAAGG,S358Q,1,1
0.08611,0.02514,TGCAGGTTCACCGCCC,T40K,1,1
0.08608,0.01591,TATATAGTACCCGACA,D7E G249T,2,2
0.08603,0.003156,CTGCTTACACTTTATG,Q132V,1,1
0.08594,0.008115,ATACCCATCCTATCAC,S198Y,1,1
0.08594,0.008115,TTGGAACATATAGATA,L428T,1,1
0.08594,0.02434,ATTAGTACACCTTAAT,L42I,1,1
0.08594,0.02434,TACTTAAAAACGCATC,N38Y,1,1
0.08582,0.05561,AGAAGATATCACTATT,,0,0
0.0857,0.0181,CAACAGTATTTAAACA,P289N,1,1
0.0857,0.0181,CGACACGCCAGTTTAC,,0,2
0.08568,0.01081,GAGACAGCTTTAAAAT,S265H,1,1
0.08553,0.01051,TGTAAATACACAATCC,,0,0
0.08533,0.002014,TGGGTAGTGATGGTCC,,0,0
0.08527,0.001842,AAAAAGTTCCAACTGA,K278V,1,1
0.08516,0.003237,GAACTATAAAATAGAC,P103R,1,2
0.0851,0.02876,GTTCATCAGTCTAACT,D415E,1,1
0.08495,0.002139,GCTTAACAACAAACTT,,0,0
0.08488,0.04564,ACGATCGCGCCCAAAC,,0,1
0.08488,0.04564,GAACGATTGAACAATT,S312E,1,1
0.08488,0.009128,TACAATATTGAATCGC,K140T,1,1
0.08464,0.04306,ATATTTCAGGTTACTT,D461S,1,1
0.08464,0.04306,CATTAGGTATTATTAA,T485K,1,1
0.0845,0.02499,AGAAATGTTTATAGTT,I179V,1,1
0.08438,0.0242,CAATTACCGCCATATA,,0,0
0.08438,0.0242,GCCAAATACGCTCAAT,N45D,1,1
0.08423,0.0387,ACATCGTAGAATCCAG,,0,0
0.08408,0.006556,TACCACCGATCGAACA,R269H,1,1
0.08386,0.02089,AAAACCAGGTTCAATC,K380G,1,2
0.08386,0.02089,CATAGACTAAGTAAGC,Q197R,1,1
0.08385,0.01486,GACTTCACCTTTCGCT,M268L,1,1
0.08383,0.006901,AGGTAGTATCTTAATG,,0,0
0.08369,0.0198,TAATACACTGAATCAA,R141A,1,1
0.0836,0.002915,CGTTCCTTACCCGATC,,0,0
0.08346,0.004824,TCTCAGGTGTAATACA,T416M,1,1
0.08327,0.02856,CATTATTATAACAACC,,0,0
0.08321,0.01676,AGTGACACAAAACACT,R220A,1,2
0.08318,0.01186,ATGGGAAAAATAGTCG,,0,0
0.08308,0.02657,ATAATCCCATTACGAT,V112I,1,1
0.08305,0.01572,GCTTCAATCATACTTC,G386R,1,1
0.083,0.003095,GCCCGCATTAATACCA,,0,0
0.083,0.07703,CCCAACTGATAGTGAA,T313V,1,1
0.08295,0.002612,AATATGGCAACCCTGA,D408Q,1,1
0.08286,0.01041,CCTATATTATCTAACA,,0,0
0.08284,0.02406,TAAACTTGGCCGTGTA,E35S,1,1
0.08274,0.006257,CAAAACTTAAGTAAAT,S422A,1,1
0.08266,0.01326,TTCTCCTCCTCTTAAC,G200H,1,1
0.08265,0.02198,GAGGAAACGGAAAAAG,,0,0
0.08265,0.02198,TGCGTACATCGACATA,,0,0
0.08259,0.06409,AGATATTTAATAATTA,,0,0
0.08259,0.06409,AGTCAAAACGAAAATT,K50G,1,1
0.0824,0.01165,TATCCTATGAACTTTT,,0,0
0.0823,0.05488,ATTTCCTCTCCGTCAC,N489S,1,1
0.08218,0.05119,TCCTAAAATCCTATCA,,0,0
0.08214,0.009972,ATAGGAACCGCAATAT,R222D,1,1
0.08208,0.04798,TCACCATGGAGAATAA,,0,0
0.08178,0.007668,GCGGTCAATGTTAAAG,,0,0
0.08178,0.03834,GTATCCATCATAAAAA,D291Q,1,1
0.08172,0.0365,CCAAAAATAAAATAAA,K259Q,1,1
0.08172,0.0365,CCCAAAAATGCTAACC,N159W,1,1
0.08167,0.03484,GATTGTTCTATCGGAC,,0,0
0.08167,0.03484,TATTCCATTGCATCGC,,0,0
0.08162,0.03332,AATATTTACATTGACT,,0,0
0.08153,0.03064,CCGGATCGACAGTAAT,,0,0
0.08147,0.004096,TCTCTAAAAGAATTTT,,0,0
0.08146,0.02836,ACGAATATATACTGAA,S143T Q501G,2,3
0.08141,0.008904,AACGCTAAACCTCACC,N475K,1,1
0.08137,0.02552,ATTGATAAGCATAATC,R33E,1,1
0.08135,0.02469,CTCAGTTTACCGCATC,F79Y,1,1
0.08128,0.02251,GAATACGTCAGGCAAC,S137R,1,1
0.08123,0.004182,GAACCACATCGACCAT,,0,0
0.08119,0.01962,CCCCACCGTAAAAACA,E401T,1,1
0.0811,0.017,TCACAAAAAAAGCAAT,S146D,1,1
0.08092,0.01108,GATATCACTGGGGGTT,R92N L496V,2,2
0.08088,0.009797,TTACACGTATTCGACT,I288T,1,1
0.0804,0.005225,AAATTGACGACTCCCA,,0,0
0.08039,0.001917,ACCATCACTCGTCACC,,0,0
0.08029,0.008866,AATTTGCATGAGTGTT,T283S,1,1
0.08028,0.003014,ACTGACTTGCATATGC,N497G,1,1
0.08024,0.01044,TTTAATAAACCCGGCA,A425M,1,3
0.08019,0.01191,AAATAGGACATACCGT,K503F,1,1
0.08,0.01813,GAACGCACGAGCTAAA,,0,0
0.07984,0.007688,AACTCCTCCAAAAATT,,0,0
0.07971,0.009057,TGCAGTTAAGTACTCC,D415A,1,1
0.07961,0.03042,ATCACCATTAAATCGG,,0,0
0.07961,0.03042,ATGAACCAACTCAGGC,,0,0
0.07953,0.003673,AATTATTAGCGAATAT,,0,0
0.07941,0.01226,GGCTCGATTCCCCCGT,,0,0
0.07932,0.001365,AAAGGTTCATTCAATT,D188H A212N,2,2
0.07929,0.01356,CTGAATTACTGGGAGT,I245F,1,1
0.07898,0.05057,AAAGATTCTCAGACCT,R92L,1,1
0.07898,0.05057,AACAAACTAGAAACTT,E83A,1,1
0.07886,0.05416,AAACTCGTCGCGCAAG,S107I R222H,2,2
0.07886,0.05416,AACGTCACCAAAAAGT,,0,0
0.07886,0.05416,GAAGGAATAAAAGAGA,A93D,1,2
0.07882,0.01849,AACACTAACCATGTGA,,0,0
0.07845,0.009583,AGAAGCTCAAGGAATG,N8L,1,1
0.07837,0.009958,AATAGAGCGTTCGTGC,I300S,1,1
0.07819,0.02521,TATTCCCAACAGAACA,,0,0
0.07808,0.01128,ACAGCACGACTCAAAA,Q454I,1,1
0.07802,0.02699,CTTAGCTACCCAACAA,E457Q,1,1
0.078,0.01163,TACATATCCACAAAAA,,0,1
0.07792,0.02798,AGAGTCACAACGTTAA,,0,0
0.07792,0.08394,GTAAACCTAAGTCTGC,R92E,1,2
0.07792,0.01199,TATCCTCACAGTCCCA,L157V,1,1
0.0778,0.01756,ATTAAGACGTGGACGG,I242N,1,2
0.07771,0.03019,CAAGAAACAATGCCTT,,0,0
0.07767,0.01841,TAAAGGTTTACCTAAG,,0,0
0.07731,0.01478,CAATAAGCATTGAGAA,G200S,1,1
0.07724,0.004595,AATGGAAACTCAATAT,,0,0
0.07723,0.01177,ATGACATAGTAAGCCA,,0,0
0.07722,0.009659,TTTATCTAGCTTTTAA,V213K,1,1
0.07718,0.009783,AAAAACATTATCTTTC,Q80N,1,1
0.07701,0.03764,TAATACGTAGGAGTAA,K468C,1,1
0.07695,0.01276,CGTGAAATTCTCGAGA,,0,0
0.07662,0.1253,AGATTCGTTTGCAGAC,G200T A365S,2,2
0.07662,0.04176,ATATACTTCTTAATGG,,0,0
0.07662,0.04176,TACTGGACGAACAAGG,S199A P239R,2,2
0.07642,0.007743,CATTTACAAATCACAG,G5W,1,1
0.07639,0.04417,ATAGAACATCCGCACC,D7M,1,1
0.07632,0.01925,ATAGAAGTTTTTGAAA,G129A,1,1
0.07631,0.01501,AATAAAATAAACCAAT,,0,0
0.07614,0.01563,CATAAACGCAACAAAA,T10P,1,1
0.07612,0.007428,AAATTCATGTAACAAC,,0,1
0.07608,0.002338,AGCGCAATGTACATTG,K276E,1,1
0.07585,0.04996,GCTGCAACATCCTAAA,,0,0
0.07585,0.02997,TATAAACTTATAATAC,,0,0
0.07582,0.004073,GATACTAAAACCAAGA,,0,0
0.07573,0.00614,GGTAATAACTAATCAA,,0,0
0.07565,0.0312,CAAAGTTTAGACATAC,P273W,1,1
0.07561,0.002098,CAGATTAAGTTCGCTG,S144W,1,1
0.07552,0.05345,GACTACGAAGTGTTAT,K207T R482T,2,2
0.0753,0.009839,GACAAACAAATTAAAA,,0,0
0.07522,0.01133,ACCTCAACACTAATAT,I3Q G379W,2,2
0.07522,0.03398,CCCAGGACATACTGAA,Q57W,1,1
0.0752,0.01311,TAGACACGGAAAAATG,,0,0
0.07515,0.005932,CGATAAAAATGACATG,,0,1
0.07513,0.01916,CAGGTAAAATAAACTA,T40L,1,1
0.07489,0.02574,ACCAAAACTTCAAAAT,,0,0
0.07478,0.00557,AATTAAATGTGTTTCC,,0,1
0.07473,0.002764,CTGACACCCCAGAAGC,S143K,1,1
0.07469,0.0373,TCTAGACAGATTCAGT,,0,0
0.07469,0.02072,AATACATGTACAGACA,,0,0
0.07453,0.003044,TAGCTTAGTTACCTCA,L439M,1,1
0.07439,0.03921,CCAACCATCCTCCTAC,I242A,1,1
0.07437,0.01035,AAAATACATTGACCAG,D101E,1,1
0.07432,0.003744,TTAACAAAATTTAGAA,,0,1
0.07425,0.02864,GCCTTACTTGGTAGAC,K411D,1,1
0.07406,0.04134,ACCGCCCAGTCAACCA,S358G,1,1
0.07402,0.01094,ATCCACAGGCACAACT,,0,0
0.07401,0.006306,CTTTTCATTTTGGACA,,0,0
0.07391,0.009182,CAGTAAAAACCTCCCG,,0,0
0.0738,0.003205,TCAAACTGCATCTCTG,S149T,1,2
0.07377,0.02398,TAGCAACTAAACAATA,Q80K,1,2
0.07376,0.008643,GGTTGCCTCCCGAAAC,A372S,1,1
0.07374,0.004248,CCAAGCCATCTCAAAT,R482H,1,1
0.07374,0.004425,ACCGGCCGTGAGCGTA,L439M,1,1
0.07366,0.009526,ACGCAGCGGTTGTATA,V166I,1,1
0.07347,0.01326,AACTCTATTATAAAAA,D408W,1,1
0.07335,0.007895,AACGGTTCTACGCGTC,Q80R,1,1
0.07326,0.04636,AACATTAACACATTAT,S270M,1,1
0.07326,0.009273,GGGCCTTGAATCGTGT,,0,0
0.07326,0.01545,GAGAATCATACACTAG,S114Y,1,1
0.07322,0.02119,ACATTCTATAACAAAA,F79M,1,1
0.07301,0.0218,TAACCTATCTGCTGAG,L447I,1,1
0.073,0.002896,TTTACAACTTAGACTT,L431M,1,1
0.07296,0.0034,AGATCACTGTATATGA,,0,1
0.07296,0.004235,AATGAATTCCTTGTAA,,0,0
0.07286,0.006988,TGCCGCGGCAATTCTT,G479H,1,1
0.07284,0.004629,TTCTACAGACTCGTAA,,0,0
0.07247,0.003175,AAAAGCAACACAAGCC,K140T,1,1
0.07246,0.004681,GTGTAAATTATGTTAT,,0,0
0.07237,0.01369,AACCTAAAAGTATTTT,,0,0
0.07225,0.01759,GTAAGGATGTCTAAAA,K292A,1,1
0.07221,0.007172,AACCACAATTGAATTA,S124K,1,1
0.07208,0.009978,ATCGCTTATGAAAAGG,,0,0
0.07207,0.0142,TGTTTCCGAATAACAC,G263E,1,1
0.07204,0.004922,GTAAAATAACTATCCC,F79P,1,1
0.072,0.01295,ATGTACGCTCCGTAGA,D419G,1,1
0.07185,0.01025,GAACATGACCGATTGG,T135D,1,1
0.07181,0.009579,CTAATTTGAAAATCCG,,0,0
0.07164,0.05669,GACGGTATATTGTATA,Y105G,1,1
0.0716,0.01675,AGAAAAACAATTAAGA,S145T,1,1
0.07154,0.04093,GGCGCGTCTTAAGTAC,D291K,1,1
0.07117,0.006343,AACTACAGTAATCTAA,,0,0
0.07115,0.02299,GCAAAAGACGATTAAC,E325W,1,1
0.07105,0.01313,TTCAATGTTCCACTTG,,0,0
0.07103,0.04325,ATAAAGACCATCCGTT,,0,0
0.07084,0.01469,ATAAAAAATGAAGAGG,,0,0
0.07084,0.01469,CAATTCGTTGCCCAAG,R307D,1,1
0.07066,0.002515,CCATACGGGATGAATC,R141N,1,1
0.07053,0.01385,ACGTAACCTAACCAAG,R33K,1,1
0.07039,0.003801,CCAATAAATCTTTAAA,S115Q,1,1
0.07022,0.00476,AAGCGACTAAAAGCAT,T328G,1,1
0.07015,0.008936,AGCGCAAGCGACGTAA,S205G,1,1
0.07008,0.06658,CAAACCTCTAAGTAAC,L428S,1,1
0.06997,0.01979,CAACCCCCTGTTAAAT,,0,0
0.06988,0.01785,ACCAGTTCAATAGCAA,K417R,1,1
0.06988,0.01785,CAGATTAATTTACTCT,,0,0
0.06986,0.02614,CCCTAGTATTAAAAAA,S143M,1,1
0.06981,0.04878,TACACACTTCACAGTT,K292R,1,1
0.06981,0.04878,TTTTTTTACTAATAAG,,0,0
0.06977,0.002741,TTTTGCCCCGAAATTG,A11V,1,1
0.06976,0.02286,AAGTTTCTACTTTGGT,,0,1
0.06974,0.008813,AACAAGTCACTCAGCG,D474S,1,1
0.06974,0.008813,AACGAACTAAAGTCTA,,0,0
0.06968,0.02031,TTCAGACCATTTCAAA,K368H,1,1
0.06958,0.01125,CGTACCCCACCACTTT,G49A,1,1
0.06954,0.006142,CAATAATCCCAGACAT,V166S,1,1
0.06949,0.006894,CATTGCAAGTCCAGAC,G404D,1,1
0.06948,0.02706,ACAGATAACGTATTAA,S193A,1,1
0.06944,0.01218,GAGTACAATTATATGC,K121V P289R,2,2
0.06925,0.01159,ACTCGCATTGAAAAGA,Y161F,1,1
0.06923,0.005368,AATTCAAGTTTCCCTC,D101N S198R,2,2
0.06923,0.01028,GTAAACCTCCTGCAAC,,0,0
0.06919,0.004056,GGAATTCAGTTCAGCC,N483Q,1,1
0.06915,0.005251,TCGCAATGACAATACC,,0,0
0.06915,0.004833,AAATTTCGCCACAACA,K189N,1,1
0.06907,0.04053,AACATGCATCAACTTA,D85A,1,1
0.06907,0.02146,AGCGCTACCAGAGGCA,G5Q,1,1
0.06907,0.01737,ATAACATTAAATTATA,Y257W,1,1
0.06907,0.007761,ATACGATTAAGGGAAA,,0,0
0.06889,0.01195,CCAGTCAACGAGGCAT,,0,0
0.06883,0.0162,GAATATGTAGAAACCG,K417V,1,2
0.0688,0.01777,AGACTTATACATTTAT,T128S,1,1
0.06869,0.02512,GTACCACCACCCAGCA,Q211L,1,1
0.06863,0.005827,CAAAAAACTCTAAGCC,,0,0
0.06863,0.02913,CTGTGCATAGCCTACG,T135F,1,1
0.06855,0.01156,ACGACAATGATCCGTC,N38Q,1,1
0.06846,0.02021,ACGGTAAGTCGTTAGA,,0,0
0.06823,0.01864,ACTATACTTTTCCACC,V166Q,1,1
0.06823,0.01119,AGTCCCTATAAGTCCA,L244D,1,1
0.0682,0.01454,CTACCGCTAAAACAAC,S107D,1,1
0.06815,0.008757,CCGATGAAAAACACCT,G5F I418L,2,2
0.06813,0.02076,AATATTCATTCAGTTT,L367S,1,1
0.06803,0.0173,TACTTTTTACTATTGT,V237C,1,1
0.06798,0.03631,AATACAACTTGACCCT,L428Y,1,1
0.06798,0.03631,ATCATTAACATACATG,D175S,1,1
0.06798,0.005189,TGGATGTCAATGCCTA,,0,0
0.06786,0.01152,ATCGATTCAGATTGGT,V213E,1,1
0.06786,0.08066,CCTACTAACGCATTGA,,0,0
0.06786,0.08066,GTTATTTCACTGTTTG,M462D,1,2
0.06781,0.01396,ACGGAACAAGTGATAA,N170S,1,1
0.06774,0.0177,CCAATCAAGAAAAATA,P21T,1,1
0.06754,0.006777,TCATGCATAGACAATC,H56M,1,1
0.06739,0.02787,CGATTTTACCATAAGC,R150A,1,1
0.06719,0.02497,TCATAAAATAAAAATA,G240R,1,1
0.067,0.01722,TCCCACGAAATACCTT,S114F,1,1
0.06699,0.008129,TCATACTGCCTTACAT,N382C,1,1
0.06692,0.002593,TACCCACACGGACAAA,N489D,1,1
0.06677,0.01018,AGATTTGCCACTAAAC,Q311I,1,1
0.06672,0.01417,ACCGAGACTTACAGAA,T301C,1,1
0.06672,0.01417,TTCTCTGCTTGCACGT,E119K,1,1
0.06648,0.03438,CGACCTTACAATAGCG,Q80V,1,1
0.06648,0.01146,CTGTAGACATAAATTT,R361E,1,1
0.06648,0.03438,GCAAACTACCATGTTT,D32N,1,1
0.06648,0.03438,TATCACTGTTATAGAC,S480Y,1,1
0.06635,0.09019,AAACCTATCTAATCTC,,0,0
0.06634,0.003859,AAAAAACACCTCCTTA,H184Y,1,1
0.0663,0.007675,TAACCCGCAACTTGTA,,0,0
0.06618,0.02403,AGGAAAGTTGCACCGT,L244W,1,1
0.06615,0.007753,TATATCTTATAGTACA,,0,0
0.06611,0.06553,ACAACGATTAGAAAAG,,0,0
0.066,0.001397,AATTATACCCTTTGGC,,0,0
0.06557,0.003689,GACGAAGACTTCAACC,P169L,1,1
0.06556,0.003241,AAGATAGCAATAGTGA,,0,0
0.06525,0.02113,ATAAAGTTTACCAGAC,,0,0
0.06523,0.002164,ATTACAGCAACACACT,,0,0
0.06518,0.009575,AAGACAAAGCACTTTG,E494L,1,1
0.06509,0.005398,GAATAGTAAGAATTCA,A212K,1,1
0.06495,0.007397,ACCACTATGACACGAA,,0,0
0.06488,0.003483,GGAGAAACCATATACA,T416S,1,1
0.06475,0.07168,AACCCCAACTCTCACA,P227G,1,1
0.06475,0.07168,GAGACTGTAAACAGTT,,0,0
0.06469,0.0112,CTGATACAGAAAGTAA,A11S N285C,2,3
0.06467,0.02654,CATAGATGCTCGGTAT,A304Y,1,1
0.06462,0.001969,CACCTGAATCCATCTC,N126G,1,2
0.0646,0.01747,AATAAGAAATAGAAAA,,0,0
0.06457,0.00995,TCTCATATCGAAGTAT,A372S,1,1
0.06454,0.007163,AAAAGGAATAAGTAAC,K411M,1,2
0.06453,0.00494,TTTCAAAATCTTCTGC,N53D,1,1
0.06449,0.01085,TACACGTATAACTTGA,,0,0
0.06445,0.03409,GCAGGTTATCCAAGTC,Y105W,1,1
0.06445,0.1023,GACTGTGTCAACTAAT,E280F,1,1
0.06443,0.002428,CTGCCCTTTGAACAAA,I3S,1,1
0.0644,0.01193,TACTACCGTTATTACA,M168T V347M,2,2
0.06437,0.006507,TTAAACAAATACTTAA,G275M,1,1
0.06435,0.02237,TACGACGCAGTAACTA,N159Q,1,1
0.06432,0.01052,TTTCAGACGTATATTT,A212Y,1,1
0.06421,0.01403,CACATCAACCGGTATC,D291R,1,1
0.0641,0.0275,CAACATCAAACAAAAA,K171A,1,1
0.06405,0.004333,CAACACATAGTGATTA,,0,0
0.06392,0.006213,GCACATTAGTGAAAAA,,0,0
0.06391,0.007442,GAAAATTCCAATATTA,,0,0
0.06391,0.01429,ATAAATATAGTCTAAC,,0,0
0.06369,0.01983,CTATCAATTAAATTTT,E359D,1,1
0.06361,0.005664,TCTCTCCGAAACCCAA,N158S,1,1
0.06359,0.00159,CACATGTGCTTCACCG,,0,0
0.06339,0.04193,AAAAGAGACCCACAAC,,0,0
0.06339,0.04193,AAACCTTAACATTAAA,Q197F,1,2
0.06333,0.005525,CTTTTATCCGGTGCAA,K207Q,1,1
0.06326,0.01168,ATTTGGAGACAAACAA,Q363E,1,2
0.06303,0.003891,AAGTTGCATAAACTAA,N126H,1,1
0.06297,0.01095,ATGATACAGATAACTT,,0,0
0.06294,0.05082,GGATTTATCCCAGAGC,,0,0
0.06287,0.005558,ACCCTAAGTTTGGAAT,,0,0
0.06262,0.004038,TTAAAACTCTATCTCA,A304Y,1,1
0.06256,0.01393,CTTCTTTAGCGGACGT,K452S,1,1
0.06253,0.003947,TCTTAAGTAATAACCA,,0,0
0.06247,0.009729,CATACTTATTACCAGA,V223M,1,1
0.0624,0.008353,GATAAATTAATCAGTC,,0,0
0.06239,0.04437,AAAGAGTTAACCAACA,R482W,1,1
0.06232,0.01868,CCCTAATTCTCAGAAG,,0,0
0.06228,0.002491,GTTACGCAACCTGCCC,I3M,1,1
0.06219,0.006012,CCTGCGATACCCTTTT,,0,0
0.06218,0.01144,GAAAAAATTGGAACGG,S358L,1,1
0.06209,0.01364,TAGTTAATACAGAGAC,S262E,1,1
0.06205,0.02026,AAAGCCCTATGAAACT,N122T,1,1
0.06197,0.001264,AGGAACAGTCTCAGCA,Q132M,1,1
0.06195,0.03937,AAAGGACCGAAATTCT,,0,0
0.06195,0.02362,GAGCCACAGATAAAAA,Y302H,1,1
0.06195,0.1181,CTCACCAAAGTCACCT,,0,0
0.06169,0.05445,CTAAAACGACATTAAC,,0,0
0.06169,0.05445,TAATAATTTAACAAAA,I267H,1,1
0.06165,0.01539,CCCATTGGCGAGTTAA,K453S,1,1
0.06163,0.01335,AACGATGAACAGAAAC,,0,0
0.06155,0.02081,CCCATGATTCAAACCA,H56R,1,1
0.06132,0.006863,AAGACCAAATCCTAAT,N31H,1,1
0.06126,0.002772,TAATAATCTCAACACC,,0,0
0.06126,0.0157,TTTAAGTAAATACAGG,K472I,1,1
0.0612,0.002002,AATATCATCTCAATTT,,0,0
0.06117,0.02279,AATACTGCTACAGATG,D85M,1,1
0.06116,0.004773,TTTTCTAAGTAATCAA,K278W,1,1
0.06109,0.08826,GAGCCAGGTTTAAGAA,,0,0
0.06109,0.01765,GGAGACGATAGCAAGT,N126H,1,1
0.061,0.01217,AATAAAACAGAATCAT,G263K,1,1
0.06094,0.04151,TACTTAGCCTTATATT,,0,0
0.06087,0.02016,GACTAAACGCATTCCT,,0,0
0.06085,0.01331,TAATAAAAAGATGGAC,K259E,1,1
0.06082,0.005644,CTACCTGTTGGCTTCT,F353W A372S,2,2
0.06058,0.07046,GAATCTGACTTCAAGC,,0,0
0.06058,0.07046,TCCCAAGATGTCCTAG,R229M,1,1
0.06036,0.01257,AGGGAGTTACTCTAAT,K450N,1,1
0.06032,0.008799,GGCCGATAAAAGAAAC,E401N,1,1
0.06031,0.0306,ACTTTTGGGGTATATG,S265C,1,1
0.0603,0.006768,GCTGACCAACCGAATA,,0,0
0.06027,0.01497,CAATCCTTACGCGAGG,,0,0
0.05981,0.00878,AGAACCCCCGTCGGGC,N159Q,1,2
0.05981,0.0439,GCTCGAAGTAAAGTAA,I3E D461F,2,2
0.05964,0.01897,ACTGAAACGTTGTAAT,P273E,1,1
0.05964,0.01897,GCCATAGTAGTAATTG,K140Y,1,1
0.05948,0.01631,TGAACTACACTTTTAA,F399L,1,1
0.05947,0.008063,CATATGAAAGCTCATA,N296T,1,1
0.05939,0.02921,CTTAAAGAAGCAAGAT,,0,1
0.05932,0.02696,ATCAGTACGATACCCC,P227S,1,1
0.05925,0.00246,TCTTCAAATAACGTTA,,0,0
0.05916,0.007149,CCTTCTCAACTATTCC,N122G,1,1
0.05912,0.004968,CACTTACCTAAATACA,,0,1
0.05904,0.00574,CCAGGTACAGTCCCAC,,0,0
0.05881,0.004633,ACGATCAGATAGGAGC,E280N,1,1
0.05869,0.005297,AATATAAAAAACATAT,,0,0
0.05854,0.03038,AATGACTTTTAGAAGA,K310Y,1,1
0.05854,0.04658,ACAAAGACTACAAACC,,0,1
0.05854,0.03038,ACCTTTAATGTAAGAA,Q1K K131G,2,2
0.05854,0.05374,ATTTAAAGACCCCGAC,,0,0
0.05854,0.02588,TAAATTTTATTACATC,H17F,1,1
0.05854,0.01109,TTCCAATTAACACAAA,T203R,1,1
0.05854,0.06351,AACACTCAATCTAAAG,V309T,1,1
0.05854,0.0127,ATAGCATAAAATCTTT,,0,0
0.05854,0.09981,TAAAAAGCACAAGAAC,,0,0
0.05854,0.06351,TCTCTACGATTTCCAA,R383S,1,1
0.05813,0.004778,GTAATATGATTCTAGT,I214D A373T,2,3
0.05811,0.0075,CTAGACATAGAACTAC,,0,0
0.05808,0.01585,ATAACAATTCTTATCA,,0,0
0.05806,0.0166,CGCCCATATAGGTCTT,D104Y T128R,2,2
0.05795,0.0205,TGTCAAGTTGTCAGTC,Q57H,1,1
0.0579,0.002455,TGTCAACGACACTCTT,,0,0
0.05781,0.01266,ATGTTAACATCAATGG,,0,1
0.05765,0.01547,GAAACACGATTAAAAA,G404N,1,1
0.05761,0.01618,GTGTATAAACATGAAT,,0,0
0.05754,0.003163,ATCAAACATATTAATC,N464G,1,1
0.05754,0.03479,TGACTCAGAAAAGATT,N22K V309I,2,2
0.0575,0.009035,TATAGATACACAACGG,,0,0
0.05746,0.006267,TAGCTGCAAGAAATGA,,0,0
0.05743,0.03863,CTCCTAAGAACAAAAC,,0,0
0.05743,0.03863,CTTAAGCACATATAAC,,0,0
0.0573,0.004762,ACCTTGCAAATAATAG,I288V,1,1
0.05711,0.009922,TAAAGCATCCAATATG,,0,1
0.05711,0.0496,TAATTGCTGTACGCAG,I260F,1,1
0.05711,0.0496,TTTGATCTCAACCTAA,,0,0
0.05707,0.004261,GCTTAAAGACTATGAA,V490K,1,1
0.05706,0.02572,ATATGATTATTAATGA,,0,0
0.05705,0.007387,ACCTACAACAAAGAGA,I385T,1,1
0.05694,0.02776,CCTTAGTTAACCATTT,F258H,1,1
0.05687,0.05781,ACACACTAACATATAT,K417G,1,1
0.05687,0.05781,AGCGGCAATAAGTAAT,L439M,1,1
0.05687,0.01927,GACATATAATCATTTC,K397F,1,1
0.05684,0.003098,ATAGGCGACTAAACAT,I282Q,1,1
0.05668,0.002926,GTACTCCTTGCCAAAA,S198R,1,1
0.05657,0.01136,ATGAATTTAAAACGAT,,0,0
0.05656,0.006861,TAATTCAAAAACATTC,,0,0
0.05654,0.009898,AATACACGCGGGACAT,K171V,1,1
0.05654,0.01386,ATACGGGAATTAAGTA,M444F,1,1
0.05653,0.004358,AAGGGATTTCGTTGAG,,0,0
0.05647,0.006535,GTATTTAGTCGCTTAA,N63K D291N,2,2
0.05646,0.01443,AAATTCCCCCAATCAG,P221A,1,1
0.05627,0.01573,CACAACCAATACAGTG,K207A,1,1
0.05627,0.01573,GATTTTATTTCAAAGC,Y233M Y470F,2,2
0.05619,0.04069,CAAATTACCAGTCAAA,N31W,1,1
0.05616,0.01647,ATATACCATCAACATT,,0,1
0.05612,0.006987,TGGCACAACAACACTA,D271Q,1,1
0.05611,0.009346,ATCAAAGCAAATACAC,,0,0
0.05605,0.08642,AAACGACTTGTACAAT,G240R L496M,2,2
0.05588,0.006581,AATGTTTTTAACCCAA,P221Y,1,1
0.05585,0.007763,AAGCGAAGCACGTAAA,D487E,1,1
0.05582,0.0314,ATACTATCAGATTCGG,P239T,1,1
0.05575,0.01381,AAAAAGAAGGTGAAAA,E403M,1,1
0.05561,0.0203,TTACATTGGGTACCAC,T203E,1,2
0.05559,0.02556,TAACATTACACACTGA,,0,0
0.05559,0.02556,TTCTGAGTTATTTGAA,Q454K,1,1
0.05548,0.05305,ATTTTAAAATTATCTA,P227G,1,2
0.05537,0.01567,AGATATACTAAACATA,Q407S,1,1
0.05534,0.007924,AAAATTTATTAACAGA,T301C,1,1
0.05532,0.01014,ATTATGTCCAATAAAG,I34E L367M,2,2
0.05531,0.01863,TCGCGAGCTTACTGAC,Q356F,1,1
0.05529,0.01407,CTGTCAAAAACATTAA,L431W,1,2
0.05523,0.0164,AAGTAAAAGCAAACTG,,0,0
0.05523,0.004993,CATATTACTACGCCAT,R201H,1,1
0.05497,0.005378,CTCTCACACTTTTCCA,N81S E83D,2,2
0.05495,0.007322,TTACTAATGTGCATAT,,0,0
0.05493,0.06255,TCTTCAAACCAATCGC,,0,0
0.05487,0.004713,ATATCGTACACAATAT,K238Y,1,1
0.05482,0.04299,ACTGTACAAAAAACCC,,0,0
0.05482,0.04299,AGGACTCAATATCGCA,K50I,1,1
0.05477,0.003112,TAGCCGATGTTTAAAT,K276I,1,1
0.05476,0.03274,AATACGACGCGAACAC,,0,0
0.05476,0.03274,CATTAAACAAGAGTGT,Q57H,1,1
0.0547,0.02218,TATGATACTAACATTA,L118I,1,1
0.05453,0.002782,GCTATAAACTTATCTA,,0,0
0.05429,0.01634,CCAGACATAAACAACC,P284S T388F,2,3
0.05419,0.003966,AGTAAAAAACAATGCT,T128R,1,1
0.05417,0.005402,AAGGTTAAAGATGAAT,D32N,1,1
0.05414,0.01089,GAACCCAGTCAACGAC,,0,1
0.05414,0.0762,TACACCCGGAAGTCGT,,0,0
0.05395,0.009932,TCTAATCGGAAAATTC,N6Y,1,1
0.05392,0.02284,TACAATTCAAGAAACC,,0,0
0.05389,0.0403,AAACATAACCAGCAAA,S231E,1,1
0.05389,0.0403,ATTTAACATATACGTG,,0,0
0.05372,0.0167,CAAACATGAATACAAC,S124T Q173L,2,2
0.0536,0.03421,CACATTAAAACTTAAC,,0,0
0.0536,0.006843,TTGCGATTGACCAAAT,,0,0
0.0536,0.01901,TTTACATCATAAACCT,I214W,1,1
0.05355,0.006642,AATGTACTACACTATT,,0,0
0.05324,0.0102,TAACGAACGACAGAGA,Y302W,1,2
0.05313,0.004165,AATATAATTTTAACAT,K2Y,1,1
0.05291,0.09745,CAAATTAACACATATT,N63H,1,1
0.05286,0.01312,CGCACTCTGGAGTACC,G62Y,1,1
0.05281,0.0124,TTTGCAAACAAAATGT,,0,0
0.05271,0.02524,AAAGGATAAGCAGCCG,L243M,1,1
0.05264,0.06814,CTGACATTATACTCGA,G263T,1,1
0.05247,0.00163,TACCGAATTTTAAAGA,,0,0
0.0524,0.04254,ATAACAAACATTACTG,N159V,1,1
0.05217,0.01838,TACCAAATAGAACGGC,G5L,1,1
0.05194,0.005858,TACCTTATAACGTCAT,,0,0
0.05186,0.01445,CTCGATTTCGATACGA,E414Q,1,1
0.05184,0.01656,AAAAACCTAAAGAACT,T128L,1,1
0.05182,0.002706,AGTACTATAACATAAA,E484M,1,1
0.05182,0.0194,ACAGACCATCACTTCA,,0,0
0.05178,0.02341,TGCCCCAGGAGCAAAA,,0,0
0.05175,0.003793,ACATAATAACAAGGAC,Q132M,1,2
0.05168,0.03393,AATAGGTTGTTTAACA,P289G,1,2
0.05155,0.04844,AAATTATTAATCGCTT,Q501H,1,1
0.05147,0.01883,ATGAAATACCCACTCA,S279L,1,1
0.05142,0.06162,AAACCTCCCGATCCAC,N290C,1,1
0.05126,0.01575,GACTTTCACTTATATG,,0,0
0.05111,0.01354,ACTTACGGTAATCAAA,,0,0
0.05094,0.03758,ACTAACAAGTGCCCAC,H393R,1,1
0.05094,0.005369,CAGAATCGACTAAAGT,,0,0
0.05087,0.02415,AGACAGGAAAAATCGC,,0,0
0.05083,0.01779,TTAGAAAAGACTTCGG,D493T,1,1
0.05081,0.003433,GGACTCATTTACTCAA,S149E,1,1
0.0508,0.01166,TAAAACCAACAATAGA,D175S Q363W,2,3
0.05073,0.04505,TGTATCAACACATCTA,D32L,1,1
0.05073,0.1352,ACCCACACAACCATAC,S124R,1,1
0.05056,0.0307,CTTAAAAGTAGAATAT,,0,0
0.05056,0.0307,TGCGGTTTTCACTCAT,V182I S279C,2,2
0.05056,0.01023,AAATCCCTTAAACCTG,,0,0
0.05048,0.006492,AACTGACATCTGTAAT,N126E,1,1
0.05045,0.01274,ATAATATGATTATCCC,,0,0
0.05042,0.05624,AAATCTTATTGACACC,T485E,1,1
0.05034,0.03551,AACCTATTAGACATTA,S143H,1,1
0.05034,0.01184,GACATTTTAAACCTGG,K468M,1,1
0.05033,0.002586,ACCTTCCATTTAATTC,S199N,1,1
0.05026,0.01686,AAATAACCATATATTG,S265Q,1,1
0.05008,0.00315,AAAAAGAATACCTACA,N498E,1,1
0.05003,0.04211,AAAATTATTTAATCCC,N53V E280D,2,2
0.05003,0.04211,GTTATTTTACATAGTC,,0,0
0.04993,0.009622,TGACAATCGGACCAAA,E403A,1,1
0.04976,0.02171,CCCAGTCAAAGACACT,,0,1
0.04964,0.009343,TTTACTACAGATGTGA,S143E,1,1
0.04964,0.02803,CGTTGCTATCTCAACA,T128W,1,1
0.04958,0.00207,TGTTGTTAAAACACTT,K140I,1,1
0.04949,0.004125,ACACGAACCTGTGCAA,S91E,1,1
0.04938,0.01866,GATATCTACCCGCCAT,,0,0
0.04933,0.01679,TTAAGTCTCTTTCCGT,,0,0
0.0493,0.006398,ATATACGCACGCAGGT,,0,0
0.04909,0.01637,TCCATACAGGGATGGC,T187H,1,2
0.04886,0.02578,CTCTATGAATATCCAA,F120Y V223Q,2,2
0.04886,0.03724,AAATTAGATTAAAATG,Q371M,1,1
0.04886,0.04788,CTGTCATGCAGATAAA,K264M,1,1
0.04886,0.03047,TTACCTATAAAACAAT,N31S,1,1
0.04873,0.009437,ATATCACTCAACCTCT,G78F,1,1
0.04859,0.009847,GCCGTTGCATCGCACC,G78W,1,1
0.0484,0.01673,GACATTCCTACATCAT,,0,0
0.04837,0.003202,CCATTTGGAACACCCG,,0,0
0.04824,0.008915,ATAATATACAAATTTG,R229Y,1,1
0.04824,0.04457,CCTGTACCATCTGTTA,S95A,1,1
0.04816,0.008355,GACCGACAGTAACTGA,T65S,1,1
0.0478,0.009533,ATACACCCTTCTTGTA,D101W,1,1
0.04773,0.003147,ACGCCGTAATAGTATT,,0,0
0.04767,0.0171,ACGTGGAGACCCCAAA,N133D,1,1
0.04766,0.007846,TCTTCATATATCAAAG,,0,0
0.0476,0.01515,CAACATTGAGAAATTC,S137R,1,2
0.04754,0.09521,ATACGAATCGTGAAGA,R33E,1,1
0.04754,0.03174,GATGCCAAATCACATC,A106D,1,1
0.04751,0.008128,AATCAAGCACTAAAAA,N216T,1,1
0.04745,0.01129,TAAACACTCAATTCAA,D7V,1,1
0.04745,0.001821,AAAACCCTCCATAAAT,E457A,1,1
0.04737,0.02148,ATCCAAACAATCCAAG,G62S,1,1
0.04732,0.0185,ATTATATATGGTATAC,P215H,1,1
0.04723,0.01305,CGAATTTATCAGTAGT,G333L,1,1
0.04715,0.02464,CTTTATCAGTATCCCC,G142L,1,1
0.0471,0.01584,AAATCGACTCACCAGA,L157D,1,1
0.04693,0.01546,ACATTCCTACCAAATA,Q327L,1,1
0.0469,0.02014,ACGCGATTATAGTCAT,G263L,1,1
0.0469,0.02014,TAAAGCACCCGAATTC,,0,0
0.04686,0.02889,ATTGTATCGGCTGTAA,P324W K417Y,2,2
0.04681,0.03691,GATGAAACTACAAACC,R229L,1,1
0.04681,0.03691,TCTAGAAATAGTAAGC,A69I,1,1
0.04659,0.00862,ATATCTAAGCTGGTAG,,0,0
0.04656,0.08295,ATTAACCAGAAACAAA,N250G,1,1
0.04644,0.03491,AAATATCATCAAAACC,,0,0
0.04632,0.01411,AATTTATGTTAACACC,,0,0
0.0462,0.008719,CTTATCCTGAAACAGG,,0,0
0.0461,0.01104,CAGTCCTATTTATGAA,,0,0
0.04602,0.004869,GTGAAATATCTAGGAC,K450Q,1,1
0.04589,0.009731,CTGCACAACCAACCAA,N159H G386E,2,2
0.0458,0.005378,ACAACCTAATTTGCAA,,0,1
0.0458,0.01297,GCTCGCTGGACCGCAT,P227G,1,1
0.04575,0.005334,ATACTTAGACAGACCC,,0,0
0.0457,0.0114,AACCGTAAGCATAGAA,,0,0
0.0456,0.0112,GAACCCAGATTGCCCG,N424L,1,1
0.04546,0.01887,ACTGGAAAATATCATA,,0,0
0.0454,0.001343,GGTCAATAGCGCATCT,,0,0
0.04501,0.01735,CTACTCTTGGAGCTAT,,0,0
0.0448,0.03658,CGAAACAAATCAGCTA,R383M,1,1
0.04473,0.007838,CCGGGACGCGAAGTTA,T416M,1,1
0.04471,0.05984,AATCAACGTCAAAAGT,Q132I,1,1
0.04471,0.05984,AATGTAATGGAATACC,L367Q,1,1
0.04471,0.05984,ATATAAGTCTACTAGA,,0,0
0.04471,0.05984,GACTAAGCTCATAAAA,E403A,1,1
0.04462,0.009268,AAGAAAGAAAAACGAA,Q311L F332L,2,2
0.04454,0.03462,AGAATATAGCTATGGG,T187I,1,1
0.04446,0.01134,AATTTCGAATTTATAC,,0,0
0.0443,0.01493,CCTTTAGCGCCATGCA,S137K,1,1
0.0443,0.05475,TGTCTTCCCGAAGAAA,N81R,1,1
0.0443,0.007823,TTATCCCCACTCCAAG,,0,0
0.04429,0.002023,AGAAAATATATGTAAG,K264T,1,1
0.0441,0.00746,CAATCTTGTACATACA,,0,0
0.0439,0.02981,GAACAGGATTAATTTA,K453H,1,1
0.04386,0.01639,AAAACTAGAATCCCGA,K50Y,1,1
0.04375,0.02048,GTAAAATAAGCAGCAA,K310Q,1,1
0.04371,0.01092,GCATAAAACTTTACTT,F79W,1,1
0.04367,0.0468,ACATCATAACCGGAGC,Q311A,1,1
0.04355,0.01236,AGAATGGATGCTCCCG,,0,0
0.04352,0.01926,CAACTAAAAACGAAGA,,0,0
0.04352,0.01926,TGCACCAGAGTTACAA,,0,0
0.04342,0.01454,GGACGATTAGCAATTG,I3L V490W,2,2
0.04342,0.0187,GTCTGATGACTTATAG,,0,0
0.04342,0.1309,TAAACTTACACAAAAA,,0,0
0.04342,0.0187,TTTACAGCCATACCAT,Q327K,1,1
0.04334,0.01422,ATCACACAAGTTGAAC,,0,0
0.04334,0.001025,CTCCTTAACTTATGTG,K450N,1,1
0.04332,0.006058,CAAGTGTTTAAATTTG,,0,0
0.04328,0.02516,GTGTTTAATTACATAA,,0,0
0.04315,0.02421,AAAATAAAATACCTCT,,0,0
0.04307,0.009076,GAGATATCGAAGCAAA,A425M,1,1
0.04304,0.02333,CATAAAGTATGTAACA,K417N,1,1
0.04304,0.007779,GGGATATTAAAAAAGG,Q356D G386R,2,2
0.043,0.03843,ATATACAAAGACTTAC,T485H,1,1
0.043,0.03843,CTGCAATACATATAAT,,0,1
0.04283,0.1088,ATGCGAACCGCTGATT,S143D,1,1
0.0428,0.003264,CATACTCGGGTAAAAT,Q80I,1,1
0.0427,0.003861,TGTATAGTGGAATTCG,,0,0
0.04267,0.03433,CTAGATTTTAGAAAAA,K50V,1,1
0.04253,0.03259,TAATAAATACTGCTAG,N497I,1,1
0.04251,0.01387,GGACCCCACCGTGACC,,0,0
0.04247,0.005619,CATTTGCCTCTAAAGA,,0,1
0.04246,0.007323,TGGAATTGGTTTAATT,D175H,1,1
0.04244,0.002303,CTCCGACAAAACTGGG,,0,0
0.04241,0.09307,GAAGCACTTAATGGGT,,0,0
0.04236,0.01303,ACACAGGACATAGATT,P227G,1,1
0.04229,0.0296,CGGTATTTACATTTTT,R255K,1,1
0.04225,0.006713,TTTGCAATTAGCCTAC,Q311M,1,1
0.04209,0.08132,TTTTAAATACTAAGGA,,0,0
0.04202,0.01121,TTCACTATTATCATAT,S312Q,1,1
0.04192,0.005754,CGTATTGATAAGCATA,R361L,1,1
0.04188,0.01048,ACAAATATACAATCAC,A317C,1,1
0.04183,0.007925,TATGTAAAACTTAGAT,R150T,1,1
0.04178,0.0232,AGTCTAATTCCCAACT,N290A,1,1
0.04166,0.06493,CACTATACTCGATAGC,S480G,1,1
0.04166,0.06493,CTGAAAATGAAACAAC,P289I,1,1
0.04166,0.01299,TCAGAGTGAGAAAACA,P4F,1,1
0.04166,0.06493,TTAATCTTCGATATGA,T10W,1,1
0.04162,0.007057,AAATTAAACATAAAAC,V204M,1,1
0.04154,0.008654,ATGTCGATTCATATCA,P4G W234G,2,2
0.04152,0.008539,GCAGTACCCACATTTT,G479R,1,1
0.04142,0.01118,ATACAAATCATCCTAA,,0,0
0.04141,0.01853,GGACGGTTTATGAGAA,G62E,1,1
0.04126,0.01662,AGTAAGAGATCACCGG,L59V,1,1
0.04126,0.009972,CCCATCAGACCCTTGA,I300K,1,1
0.04126,0.04986,TCATGAAGAGAACCAT,,0,0
0.04116,0.04628,AACAAACCCTGGAATC,Q407L,1,1
0.04109,0.004834,TATTCCCCTGACCACT,,0,0
0.04108,0.01439,CTCGAACTATGTAGCA,S219C,1,1
0.04105,0.00841,AATTGTTGGCTAGTGC,V182C,1,1
0.04102,0.008196,AACCCCAACACCGAAC,S137M,1,1
0.04101,0.04046,CCTTTACGGAGTCAGT,K121A Q501M,2,2
0.04101,0.04046,TCAAGAAAAACAGAAT,L439A,1,1
0.04094,0.03807,GTCAGATATACATCGA,R255Y,1,1
0.04085,0.006957,ATGCACGTTTGACATA,K121N P273L,2,2
0.04082,0.01115,TTTATATGCATCATCA,K140T,1,1
0.04065,0.009105,CTTAATATCCGAAAAA,,0,0
0.04052,0.007426,CATATCATACACAGAG,,0,0
0.04026,0.01265,AAAAGAACCTGACCAA,T206N,1,1
0.0402,0.01024,ATAAGACCCACACCCT,V223W,1,1
0.04016,0.008836,GCTCAAAATCCTCTAA,Q311K,1,1
0.04004,0.004416,CAACACAACTTAAGAA,,0,0
0.03974,0.006923,GTCAACTCCAGTGTAA,P289E,1,1
0.03968,0.009194,GATAGCTCAACAATTA,I418E,1,1
0.03959,0.01261,TCCTAAAAAACACTCG,K140S,1,1
0.03958,0.01313,GAAAATCTTGCACCTG,K264N,1,1
0.03952,0.01531,AAATTATAATATAATT,Q132F,1,1
0.03952,0.003063,ACCGAACGAAAAAAAC,,0,0
0.03945,0.01786,ACATGGAGATGATGAA,,0,0
0.03915,0.009728,CCACCAGTTCAACAGT,I3W,1,1
0.03903,0.03377,ATAAAACTAACCAATA,,0,0
0.03858,0.01685,AATCAATGAATCTCAA,,0,0
0.03854,0.004743,AACTAACTATCTATAC,G78R,1,1
0.0385,0.05334,ACAACAAAGGCTAAGG,S47I,1,1
0.0385,0.05334,ATGCTCGAATGGCGGA,M268L,1,1
0.03838,0.05816,GAATGACAGAGTTACA,R482W,1,1
0.03821,0.003784,AATCAACATAATACAT,N298A,1,1
0.03816,0.00603,TTGGCCAACACACATA,,0,0
0.03812,0.006145,CGACAATCAATAACGC,R482K,1,1
0.03808,0.01389,CGCTTTTCGAAAGAAC,,0,0
0.03803,0.02366,TAAAGTGCATACCATA,,0,0
0.03787,0.007015,CGACTTGTAATATCAC,,0,0
0.0378,0.07975,ACGTTGGTAGACATAA,Q173I R361G,2,2
0.03771,0.02773,TGGAGATTTCTCATTA,Q75N,1,1
0.03757,0.01771,CTGTACGAACAAAACC,I260W N382G,2,2
0.0375,0.09102,CATCAGTCCTTAAACC,,0,0
0.03744,0.002666,AACAAGCCACATTGAT,N31Y F332L,2,2
0.03729,0.003955,TTAACTCGACAACAAT,R222K,1,1
0.03725,0.0335,CAAACCTTACACGGGA,M462Q,1,1
0.03719,0.02053,ATACCCAAAATCCAAC,,0,0
0.03718,0.00606,GATGACCTAATTCAGT,N285S,1,1
0.0371,0.009637,TAATCTACCGGCTAAT,K189F G504V,2,2
0.03708,0.005629,TTACACACCACTCATT,Q501Y,1,1
0.03696,0.01589,AGAGTAACGGCGAATT,T30G,1,1
0.03694,0.03738,CTCTACACGTCAAACT,N94R,1,1
0.03683,0.006109,GGATGTCTAAGTATAA,E426Q,1,1
0.03681,0.01671,ATCATTCTCTCCTGGT,,0,0
0.03679,0.02352,ATCTGCGCAATGTATC,E344P,1,1
0.03675,0.03969,AGTTCATAAGGAGGTC,A93F G404S,2,2
0.03675,0.03969,CAAAATTCCGGGGACA,P169G,1,1
0.03664,0.009473,GCTCCTCGCCCTCGAC,,0,1
0.03664,0.01763,GTGACACAACATACCC,R307P,1,1
0.03654,0.1269,AAAGGAGATGCAAAAC,T135Q,1,1
0.03654,0.1269,TAAAATCCAGAGTTCT,T416C,1,1
0.03614,0.01092,CATACTTCTCGAGCAG,,0,0
0.03603,0.04868,ACAGCCATACTTAAAC,,0,0
0.03603,0.04868,GGAAACAAACACCTGG,N489Q,1,1
0.03603,0.01623,CAGTAATCAGTCAATG,Q197K G386R,2,2
0.03591,0.03012,ACATTAGCATCCCAAA,R482I,1,1
0.03591,0.03012,TAGTCGTAAATCCAAA,,0,0
0.03589,0.008909,ATGTTTCCATATCAAA,G78M,1,1
0.03586,0.02181,AGTCTTACAGGAAAAC,,0,0
0.03571,0.01755,ATTAAAAATACACTTG,S47K,1,1
0.03571,0.007524,CTAAGTGAGCTAAAGA,G78Q,1,1
0.03564,0.01071,CGGTTCCAATTAATTA,,0,0
0.03552,0.009715,AGATACGAGTAACAAC,R222P,1,1
0.03545,0.007991,ATTTCCTTCTTCACTC,,0,0
0.03536,0.001884,TCAATAAACCTTGGAA,,0,0
0.03534,0.05735,GTACACAACTATGAAA,,0,0
0.03518,0.005085,GAGCGCGATGTTTAAT,S9K,1,1
0.03518,0.005085,TCTAAACTACTAGAGA,,0,0
0.03516,0.009409,GCAAGCTATGTCGGCA,R307W,1,1
0.03497,0.01431,CGCCAAGTTGCACTCA,,0,0
0.0349,0.001641,ATCTCATCTATATTTT,,0,0
0.03489,0.06295,TATGCAATAAGTTCCA,G504K,1,1
0.03472,0.02169,CCCGGTAATTAAATAC,,0,0
0.0347,0.01031,AGAATGAAACTAAGGA,V323S,1,2
0.03467,0.009388,CAAACAGGACATATAC,I282Q,1,1
0.03459,0.02858,GATACTGCCTAAAGTC,I48G,1,1
0.03455,0.008059,ATCACTTTGGAGTTAA,K417V,1,1
0.03449,0.002794,TATATAAATCTACACA,A93V,1,1
0.03435,0.06977,AAAAAAGATTCTTGAA,,0,0
0.03435,0.0161,AAATAAACATGATGTA,G49D,1,1
0.03435,0.06977,ACGTAAAACGATCTCG,E403G,1,1
0.03435,0.04186,GAGATACAAAATTGAT,,0,0
0.03435,0.04186,TGCTCTATAGAGCCTT,H17F,1,1
0.0343,0.005708,AACAATTTATACCAAT,V406L,1,1
0.03417,0.01029,TACCCCTTACATCATC,Q1K T328E,2,3
0.0339,0.006461,TACGCGCCTGGCATTA,,0,0
0.03367,0.01565,TTTTCGTTCCAAAATA,G49D H56R G479L,3,3
0.0334,0.02718,AATATCCAAAACTTCC,K411R,1,1
0.0334,0.02718,CATCAACACCAGACGT,E83F,1,1
0.0334,0.02718,TCCAAATCAGATTCCA,Q211S,1,1
0.03338,0.02233,CAAAATACATCAGAAT,P103Q,1,1
0.03328,0.003834,GTCTAAGACCCAGATA,L367K,1,1
0.03319,0.01487,ATATAACTTGTAAACT,S279G D375I,2,2
0.03314,0.02313,GTATAAACAGATATTA,,0,0
0.03312,0.02838,AAAAATGAAGCGCTTA,E325Q,1,1
0.03307,0.01224,TCCAGGTTAGTAATTC,,0,0
0.03285,0.001968,TTTGACGGACACAACA,R361I,1,1
0.0328,0.02969,TCGTTCTTCCTGATAA,,0,0
0.03273,0.02077,TACGAAAATACTAATT,,0,1
0.03266,0.03894,TTCTCAGATACTACTA,,0,0
0.03262,0.02492,AAGCAGATCTATCACT,S262E,1,1
0.03262,0.02492,TTAATCATTGTAGATG,,0,0
0.03238,0.05657,CCAACTAACAAACACG,D77V,1,1
0.03238,0.05657,CTCACTTAGATATATA,P55D,1,1
0.03219,0.04144,CACCAGTACTGACTTC,S262V,1,1
0.03206,0.01553,CTGCTGCCTGACTCCT,E457Q,1,1
0.03202,0.01412,TCTACCCACACTCCGA,I260L,1,2
0.03201,0.009003,TAAAAAACGTTTAAAT,T128H,1,1
0.03194,0.005448,TCACATGTATATTAAA,E457V,1,1
0.03189,0.01774,CACATCCATTATACTT,G78W,1,1
0.03166,0.01632,CCACTTTGTAAAGAAG,S91Y S143T,2,2
0.03166,0.009397,GACACAAGATGTAAAA,A163Y Q394A,2,2
0.03166,0.01148,AAAAAATCAAAGAAAT,,0,0
0.03166,0.1034,ACGAATCTAGATTACT,,0,0
0.03166,0.1034,TTAGCATAGTACCTCT,,0,0
0.03161,0.003758,AGAATTATGCATTAAT,,0,0
0.0316,0.004807,TAACCATTTACCTTAT,,0,0
0.03146,0.01511,AAAATGTAAAATAAAG,P289G,1,1
0.03142,0.01877,AAGTCCCAATGCGAAA,,0,0
0.03136,0.005843,AGGAAATCTGTATGAC,F174H,1,1
0.0313,0.009241,ATTGAAATTTTATACC,A430D,1,1
0.0313,0.01407,AAACAAAGTGTGAATG,S156Q,1,1
0.03128,0.02948,ATAGCACATGAGTTGT,S96H A372T,2,2
0.03125,0.01049,GTACCACAGTCATCCC,,0,0
0.03122,0.01719,GAGTTTAGCTGGACAT,,0,0
0.03103,0.002126,CAACCTGGCATCTGAC,,0,0
0.03083,0.00922,GCCCGGCTTTGAAAAG,N31I,1,1
0.03082,0.007268,CTGGACCAAAAAGCAA,,0,0
0.03075,0.008822,AGGTGAGTTAGCCTAG,,0,0
0.03069,0.01506,CCTATAAGAAGAGAAG,A93I,1,1
0.03067,0.03858,AAATATCAAAGTCATT,T328A,1,1
0.03049,0.01142,TCTGAACAAACACCAA,T187V,1,1
0.03039,0.003407,TTTTCTACTAAGGGCA,S124M,1,1
0.03034,0.05136,AATTAGCAAGCACTAA,T203I K207N,2,2
0.03034,0.05136,ACAATGACAAACCTGC,,0,0
0.03034,0.05136,ATCGATAATTACCTAT,S378W,1,1
0.03031,0.002558,GGACGTCCCAGTCGAC,K82Q,1,1
0.0303,0.02125,CCTTTCTCCGGCTTAA,R224G,1,1
0.03028,0.01339,TCGGATACCTTATTAA,H18W,1,1
0.03022,0.028,CAAAGTAGCTACTGTA,K417R,1,1
0.03008,0.1231,CATTTAAACCTTATTA,,0,0
0.03,0.01619,TATTATGGATAAATTT,N158D,1,1
0.02997,0.02197,AACACACACAATTAAA,,0,0
0.0299,0.03417,CCTCTTCTTACATAAA,D291Q,1,1
0.02982,0.008422,CTTTCGCGACAATAGC,P103D,1,1
0.02951,0.0558,ATTTCTGCCTAATTAA,S110T,1,1
0.02951,0.0186,ACAAATGTTAGAGATG,S378R,1,1
0.02941,0.04383,AAGATTGAACCTGTAA,I260W,1,1
0.02941,0.01461,CAATATTACAATATAG,,0,1
0.02941,0.04383,GTAACAAGGATAATAA,T10H,1,1
0.02941,0.00487,TCATCAAGGCCAATAA,K121W,1,1
0.02922,0.001252,TTAACAAAAAGACTTA,N285S,1,1
0.0292,0.01916,ACTGTTTGGCAACTAG,,0,0
0.02896,0.008747,ACTTATACGACTATTA,K121W,1,1
0.02893,0.01249,CGAAAAAGTATAAGCA,D175M,1,1
0.02887,0.006581,CCACTTCCTGGGATGT,,0,0
0.02882,0.008499,ATCAAATCAGAGCTAT,R150Y,1,1
0.0288,0.02781,TAACATCTGGGCGCGA,Q454C,1,1
0.02866,0.002124,CTCATACATAGCATCA,G504M,1,1
0.02864,0.04702,GCCGCTGATACACCCG,Q376E,1,1
0.02862,0.004463,ATTCCGATAGACTAAG,G142Q,1,1
0.02861,0.01698,AAAATGAATCCAATGT,T416I,1,1
0.02849,0.013,ACCACTGGTGAAGTGA,A106I,1,1
0.02839,0.02544,TGTGACATAGGAGTCA,S47I D101N,2,2
0.0283,0.01744,GCAATTAGTGCTCGTA,H56T,1,1
0.02826,0.01017,CCTCTCCATCCGCATC,,0,0
0.0282,0.008972,AAGCTCGACTGTCCGC,,0,0
0.02818,0.0113,GGCACACACAACATAA,,0,0
0.02792,0.02649,AATAACCTTAAACCGA,S47L,1,1
0.02781,0.008577,CGCACTCGGGAACCTC,S124N T301Y,2,2
0.02775,0.05073,TAAACTAATTTGCACA,R269H,1,1
0.0276,0.02433,ATATTAATCCGCCGAC,N38K S205A,2,2
0.02754,0.008447,AGGTCTTAGGCGCTTA,,0,0
0.02753,0.03577,CAAGCCTAACAAAACA,,0,0
0.0275,0.02027,CCGTCCAGGCGTTATA,G5L,1,1
0.02744,0.008215,AATACTTTGCACACAT,S46K,1,1
0.02744,0.009965,TACTCGCCAGAACCGA,Q164M,1,1
0.02742,0.01737,ATGGATGCAGCTCGTG,P21D Q356F,2,2
0.02735,0.002894,TTGCTGATTGTTGGTA,,0,0
0.02734,0.006464,TCATATATGAATTTAC,,0,0
0.02733,0.0675,ACATTCAGCAGACAAG,A113S,1,1
0.02733,0.0675,AGTTCTGACTGGGAAC,L86I,1,1
0.02733,0.0225,ATGAATTTTCAAACCA,N126T K292M,2,2
0.02733,0.0225,CCTACAACTCCTCCCG,N475M,1,1
0.02728,0.003919,CAACCCCCAGCATCAC,G78N,1,1
0.02711,0.02529,CTCTAGAAATTAACGA,,0,0
0.02693,0.01189,TAGATCTGGGCTTATA,P227R,1,1
0.02684,0.02886,GGATCTAGAGTCATAC,G379H,1,1
0.02671,0.01835,GCCGAAATTTAAGGTA,N489E,1,1
0.02671,0.05506,TCGAAAGCTCACTTGA,K121R R482H,2,2
0.02659,0.02632,CGGACTAAGAGCCGTT,,0,0
0.02648,0.1008,ACTAGAACGACAAATC,,0,0
0.02648,0.1008,GTCATCATAATAGAAT,F125Y,1,1
0.02648,0.03361,TACACAATTCTAATAA,R269G,1,1
0.02646,0.004173,AGTAATGGTGCAACAA,,0,0
0.02644,0.002923,CACACGTACCCTGTAT,G275F,1,1
0.02634,0.008638,TTGGTGCAACGAAAAG,R33V,1,1
0.02634,0.003166,GCTGCATATGCCCCAC,,0,0
0.02631,0.01042,GCCCGAAGAACGTACT,P289T,1,2
0.02629,0.0465,GTATGTCTTACAGTCA,N53P F332L,2,2
0.02623,0.03021,AAATCCACCCAAACAA,D291W,1,1
0.0261,0.005698,ACGCTCTTAAAAATTA,,0,0
0.02606,0.01677,CATATATATATATTTT,G240R,1,1
0.02605,0.02082,CTCAAAAGACACGCAG,,0,0
0.02602,0.02744,ACATGACGATTGTTCC,I260A,1,1
0.02598,0.04024,TGTATACTTTTTAAGA,,0,1
0.02585,0.02513,TTACAAATATCGACAG,K315L,1,1
0.02582,0.009279,AGTGATGCGTTTTACA,,0,0
0.02581,0.01231,CGTCACTAATCCTACA,S47N,1,1
0.02574,0.03546,CAACATCGATCTACCT,,0,0
0.02563,0.004745,GTTGAATTTCAAGAAA,D188E,1,1
0.02544,0.01468,ACCCGGTCACCATTAT,S262F,1,1
0.0253,0.0005179,AATCAGTGATCCTGTA,K326G,1,1
0.02527,0.01037,TAGAAAACGTAGCTAT,R92K,1,2
0.02503,0.003514,CACTACGACAACATCT,R255Y,1,1
0.02501,0.02072,AATTACTCGCAAAACG,P103I K417F,2,2
0.02495,0.01306,AAGAAATCTCATCACT,,0,0
0.02486,0.002513,AGCAGGCCCAGACCCA,K276L,1,1
0.02483,0.01715,ACATGATGACACGTCT,S262A,1,1
0.02479,0.01622,TCTCGCGATTTTGCGA,,0,0
0.02476,0.005218,AACCGTAAAACCCTAA,N94Q,1,2
0.02473,0.03,ACAATAATCACCAAAG,,0,0
0.02473,0.03,TCTCTTCAAAGAACAG,I214L,1,1
0.0246,0.02498,CGAAGCGCGACCCAAG,Y100F,1,1
0.0246,0.006182,AATTGACCCAAGCCAT,,0,1
0.02445,0.01872,TCCCCTAGAACATTTA,T128E,1,1
0.02442,0.01762,ACCAGCAATCCCATAA,K121N S198F,2,3
0.02434,0.003586,CCGTGCCTAAGCCATG,A272H,1,1
0.02434,0.01426,TTTCGTAGAATAATAA,P227G N445Y,2,3
0.02398,0.06642,ACATAATGCTTATATA,,0,0
0.02398,0.01928,ACATTGTGTTTCAGAC,,0,0
0.02398,0.006293,ACCCACAAAACATCAC,A476T,1,1
0.02398,0.04598,CCTGACATACATAACA,G240A,1,1
0.02398,0.06642,GCCTGGTACATAAAAC,,0,0
0.02398,0.03146,TGCATACAAAATTAGT,,0,0
0.02398,0.08539,TTTATATAAGTGAGCA,P227G L439T,2,2
0.02398,0.1195,TCTGTTCCTCCCAGCC,T128H,1,1
0.02382,0.002181,AAGCCTCCCAACCCTA,R261W,1,2
0.02363,0.01421,CAAAAGATACATTACA,A69T,1,1
0.02346,0.02129,ATAAGATGAAACGCTA,K207F Q363A,2,2
0.0234,0.005902,CTATATACTAAAAAGT,N6W,1,1
0.02337,0.008278,TAAGAATATAAGTCTT,,0,0
0.02336,0.006274,AGCCGCTTAACGATTA,,0,1
0.02323,0.01527,AATCAAGTCATCTTAC,D7K,1,1
0.02313,0.008628,AACTTTGTAAAATAAG,L244S,1,1
0.02306,0.03719,CAACACACCAACAGAC,,0,0
0.023,0.003067,AATTTTAAGATCTAAC,I245L,1,1
0.0227,0.004337,TCCATCATGAATATCC,,0,0
0.02257,0.007153,AAGGTATCAAAACTCA,F120Y,1,1
0.02252,0.05935,AAATATAAACTGTTTC,N475R,1,1
0.02252,0.05935,ATAACCTCCTCCATTG,S480K,1,1
0.02249,0.001832,AGGAACATAAAGTTAA,Q210L,1,2
0.02229,0.0228,AATCAAGCGTTTAACG,S480N,1,1
0.02229,0.0228,TATTCGCAAAACCGAA,K238E,1,1
0.02215,0.02468,AATTTTTCTAAGGACT,G49M,1,1
0.02179,0.02957,ACCTTTATTACAAAAC,,0,0
0.02173,0.04548,TTTCCCGATTAGGACT,T117F,1,1
0.02173,0.009096,CAATTGCAAACAGATT,,0,0
0.02165,0.002011,CCACTTAAATTTAGGA,E443W,1,1
0.02159,0.005094,AAATAATGCAATACTA,,0,0
0.02157,0.004442,GGATGGTTGATTAAAG,S209N,1,1
0.02155,0.03281,AAAGAACAAAAAATTA,G5L G337F,2,2
0.02155,0.03281,CGAAACGTTATCAAAG,,0,0
0.02147,0.002673,AATCTAAATACAACAA,I34M,1,1
0.02147,0.003911,CAATAACGGACCAACC,,0,0
0.02144,0.02567,AATATTGTTAAGTATT,Q211C,1,1
0.02133,0.05364,CATGATACGTAAACCA,K278W,1,1
0.02133,0.05364,CTGCTATCACGCCACA,S96M,1,1
0.0212,0.02808,TAAGATCTTACATACA,D104N,1,1
0.02117,0.007104,GGGTTAAAAGATGATG,,0,0
0.02086,0.04205,CAAAAACCAAATACCT,A19S S145R P273H,3,3
0.02075,0.02179,TATCCGCTACGACAAA,,0,0
0.02071,0.01471,CCATCGTGATAATAAC,L439Y,1,1
0.02059,0.0196,CGTCTCACTCCTATAG,,0,0
0.02054,0.01547,CCATTATCACAAACAA,,0,0
0.02035,0.04893,AAAAAAGATCTACCAT,R92G,1,1
0.02035,0.04893,ATGTCAACTAACAGAC,I214D,1,1
0.02035,0.02936,CAAAGTTAGTTCCTTA,V166M,1,1
0.02035,0.02936,TGATAATACCCTCAGA,S91N,1,1
0.02027,0.006522,GAGTAGGAGGCCTAAT,K417Y,1,1
0.02021,0.01174,ATTTTCAATCATGTGA,L409M,1,2
0.02008,0.02255,ATTGATCATTCCATTA,N122L,1,1
0.02006,0.005283,AATATTCCTTAATCAC,V223A,1,1
0.01995,0.03256,CCACGCTAAGACCTTT,D375G,1,1
0.01994,0.01363,TTAATTCAAATTAACA,Q197L D419E,2,2
0.01988,0.009764,TTACTATTGTCAAAGT,,0,0
0.01984,0.08367,CATGCCATATGACACA,L157V,1,1
0.01976,0.02439,CCAGACTCATAAATTA,S46K,1,1
0.01969,0.02168,CATGATCATTAAGGTT,K171W,1,1
0.01964,0.0195,CCATAAAAATCAACAA,D60V,1,2
0.01961,0.003215,AGAAAAGTAGATTCAA,I282M,1,1
0.01958,0.002408,CATTGATAAGCAGATA,,0,0
0.01956,0.004466,CACATAATTCCGAAGA,D7M,1,1
0.01953,0.008997,CAATATGTATTCTGGC,S156M,1,1
0.01951,0.0086,ATACGGTTCACTATAT,Q454A,1,1
0.01939,0.009276,TATTACACTGCCTTAA,,0,0
0.01936,0.02337,AAATTTTCAACAGCGA,R201K K278C,2,2
0.01936,0.02337,AACCTCGATACACAGA,,0,1
0.01936,0.004675,AATCCGGCACAACAGT,H184N,1,1
0.01932,0.00377,ATAGCATTTACTATCA,,0,0
0.0193,0.01579,TCTCCGCACAGATCAA,G129W,1,1
0.01928,0.004749,TCTATCGTAGAATACA,,0,0
0.01923,0.007684,ATCGCTTGTGGTAGTT,N475G,1,1
0.01906,0.002727,GATGAGTTCCAATCTT,R307Q,1,2
0.01903,0.01667,TTAATCATATTCAATA,G275C,1,1
0.01901,0.006705,CGCCTCTAACAACCCC,Q327C,1,1
0.01899,0.02243,TAGCATACCATAGACA,S266W,1,1
0.01896,0.02535,AACGGAAGCTCTATTG,I374R,1,1
0.01896,0.02535,TAAAAAATCAGGTAAA,P324V,1,1
0.01895,0.008835,CATAACGTAAACCACC,,0,0
0.01889,0.01143,AATAAGTAGCCCAAAG,I3M R321W,2,2
0.0187,0.01941,AAACAAAACAATTAGC,I282H,1,1
0.01864,0.003131,AGTATTAAACACCATC,I418M,1,1
0.01858,0.07275,CTTAACACCCCTCCTC,S144A,1,1
0.01855,0.01098,AGCAACTGTTATCCCG,T328F,1,1
0.01853,0.01573,AGCATAACGTAATTCA,V166Y,1,1
0.01853,0.01573,ATACGAGAAAAGTTAC,,0,0
0.01848,0.01711,TCGCACGTAATTCGGA,A304V,1,1
0.01842,0.01322,CCAAGTTCCTAACAAC,T12M,1,1
0.01839,0.0323,ACTGTATATACCATTT,Q501E,1,1
0.01839,0.0323,AGATTATAGACTAAAT,,0,0
0.01826,0.006604,AGGTACCTTTCGAGTT,L496M,1,1
0.01823,0.03873,CAGGGTCCTCTTGTTA,K326M,1,1
0.01823,0.1162,TAAACACTCTTATCAC,,0,0
0.0181,0.02639,TTTGTACGTATTCAAT,T10K,1,1
0.018,0.04836,TAAACACATAACAATT,T485H,1,1
0.01791,0.02231,TATTGGCGAGAATGCA,K140P P289I,2,2
0.01787,0.009508,ACGCGATGAGCGCACT,,0,0
0.01764,0.01114,GAATTTAACTAAAATA,,0,0
0.01764,0.01114,TCACAGCAACGTAGAA,,0,0
0.01764,0.01114,TCATTTACACTGATCA,,0,1
0.01761,0.02145,AATGACATGCATAGAA,I214V,1,1
0.0174,0.01157,AGGATCCTTCTAAACC,K121W,1,1
0.01725,0.006802,CAAATTATTCCACACT,,0,0
0.01723,0.01606,CTAGCGTACCCCGTGG,S91A,1,1
0.01712,0.02311,GTTAACTCATCCTTAC,K503Q,1,1
0.01703,0.01561,TACTCTAAAATATAAT,,0,1
0.01701,0.01408,AAGCCACAAAATCCTG,N296C,1,2
0.01684,0.09615,AGTACCACCCTAGGTT,,0,0
0.01684,0.09615,CAAAATAATGTAACAC,R150H,1,1
0.01684,0.009948,TCCTTCACAATCTATT,R361S,1,1
0.01684,0.01697,TCGGTACCTAGACCCA,S95T,1,1
0.01684,0.01154,TTCTTTACAATTTAAA,A106C,1,2
0.01684,0.01254,ATCACCCCACAACCAC,K121Q,1,1
0.01684,0.01518,CCAGAAATATCAGTAA,N63L,1,1
0.01656,0.007893,CGCAAAAACCTAATAG,,0,0
0.01654,0.003579,GTTAAGACAAAAAACA,D408H,1,1
0.01654,0.004237,ATCCAGCATACGTTTA,,0,0
0.01653,0.01309,ATTAAAGCAGGAAGAC,T117W,1,1
0.01653,0.01309,GGGCAGCAAAGCGCTT,T30G,1,1
0.0165,0.0144,GAGTTATGCGATGCAT,,0,0
0.0163,0.007571,TGACATCGGCAACTAA,T206N,1,1
0.0163,0.001906,TGGATCATTTCAAAAC,,0,0
0.01622,0.05228,GCAAGTATGTTACGCT,S124P,1,1
0.01619,0.01369,GAACAAGTTAGTAAGT,E457D,1,1
0.01613,0.01982,AACCAAGAGTAGAAAA,S266N A272V,2,2
0.01606,0.00821,TATGATTAAGACCTAA,V490R,1,1
0.01601,0.008705,CTTGATGAGACAATTA,P324A,1,1
0.01598,0.0359,TAAAGTGAACAGTCCC,G5C,1,1
0.01596,0.00491,CTCAATTTAGCTGGCT,T65W P215S S231E,3,4
0.01593,0.01914,AATATAATGAGACAAT,K238L,1,1
0.01586,0.08201,AAAGAGCCGTAAACAC,N382D,1,1
0.01578,0.01275,TTATTCAGCGAAAAAA,K468E,1,1
0.01577,0.006914,GGCAACTAAATAGGTT,,0,0
0.01568,0.002942,AATAACCCAAACAATC,R261A,1,1
0.01557,0.02123,CGATAACCATTCGCCT,,0,1
0.01554,0.01365,ACTAGTAAGAAAGCTG,R321V G386Y H393N,3,3
0.01552,0.001337,TGCTACGAAGAGGATA,N133L,1,1
0.01538,0.006435,CCACAAACGAAACAAC,,0,0
0.01536,0.0249,ACGAACAGCTTATAAC,,0,0
0.01527,0.003868,GTTCGAAATAATCATC,A373S,1,1
0.01523,0.01683,GTAAAATTTATGTCAA,D104R,1,1
0.01513,0.07149,CATTGCTTTCGTATTC,,0,0
0.01511,0.006891,CTCAACCCCATAAGGA,E83L,1,1
0.01504,0.03009,TTTACAACTCCTAAAG,E359W,1,1
0.01491,0.01078,CCCAAGACTTTCCAAC,,0,0
0.01489,0.0408,AAGATTCCAACGAACA,N298S,1,1
0.01489,0.0136,ATAGTTCTCTTCAAAA,,0,1
0.01485,0.0119,CACCAAGGGATTTTAA,S219N,1,1
0.01474,0.002171,GTTCCCTCTGCACACA,,0,0
0.01467,0.004324,CAGATATTCGACTCTG,L428C,1,1
0.01457,0.01001,GGCCATAATCACTTTT,R261F L384M,2,2
0.01451,0.007503,AAATACAACGGAAACA,G240E,1,1
0.01448,0.01096,TCCTCGGGATTACAGT,,0,0
0.01438,0.002244,AGAACGAAAGAAAATT,S110F,1,1
0.01398,0.01496,ATGTTCTATTACGGTG,S209Q,1,1
0.01396,0.009637,CCTCCGATGAACAGTA,,0,0
0.0138,0.001615,CTGCCTTTATTTAAAA,E449T,1,1
0.01378,0.009162,AGCTTGCCACAAGAAA,S115A,1,1
0.01376,0.05163,CTAATACTAGGATTGG,G200P,1,1
0.01376,0.05163,TAGAACGTGCGGGTCT,N45W K264H,2,2
0.01376,0.05163,TATGACAACTACGTGT,L420Q,1,1
0.0137,0.01385,TAACTGTACCTCAATC,,0,0
0.01363,0.004268,ACGATTATCCAAAAAA,,0,0
0.01363,0.02987,GACAACTATCGTACAA,L381M,1,1
0.01345,0.01575,AATCTGGATCCTGAAC,V490Q,1,1
0.01336,0.01532,TATAACATATAGACAA,A93P,1,1
0.01315,0.005148,ATACTATCACAACAGC,,0,0
0.0131,0.007449,ATTGCCTGGGTTCAGC,,0,0
0.01287,0.01663,AACAGGAATACCCAAA,S262Y,1,1
0.01279,0.113,ACTATAGGATCACAAA,,0,0
0.01279,0.02261,GGAATAAAGAAACCTA,H56P S143N,2,2
0.01279,0.01615,TGTAATTACATAACAG,R92K,1,1
0.01275,0.008562,CCCAACTAAAACCGGT,,0,0
0.01262,0.03529,AATAAGAAATAATTTT,R255V,1,1
0.01259,0.006971,GCTAACAAAGCACAGC,,0,0
0.01259,0.006137,TATAAGAATCTCAATT,,0,0
0.01235,0.09397,ACAGATCAATTTAAGC,Y491W,1,1
0.01235,0.09397,CTAACTGGACAAAATG,L243M,1,1
0.01233,0.00266,ACGCATAAGGGGCAGG,,0,0
0.01225,0.01281,CCACACCCTATGTATA,Q1M P55S,2,2
0.01213,0.02816,TGAACTAAGCTTGCAT,G479K,1,1
0.01204,0.02681,CCAACCCATCAAATCA,S54E,1,1
0.01204,0.01608,GCATAATCTCGTACAC,K50V,1,1
0.01194,0.01521,GTGTTTGGTAAAATGA,K264E,1,1
0.0118,0.0037,CATACTACCACGTCTC,L111M,1,2
0.01174,0.02248,GGATTATATCATAGAT,T30V,1,1
0.01169,0.009366,GTTCATTAAGAAAACT,,0,0
0.01169,0.01307,CTTAATGCCTATAGGC,,0,0
0.01167,0.009212,TTACAATCCCCCAATA,N475V,1,1
0.01157,0.02006,TCACGCCACACAAAAG,,0,0
0.01152,0.01936,GAACTCTAAACATAGT,R33A,1,1
0.01145,0.01101,TGAGCACTGATCCCGA,A106W,1,2
0.01118,0.04311,GCTGCCCCTTTAGGTT,N489H,1,1
0.01115,0.01401,CGCGCAGCTATTTCAC,K310V,1,1
0.01115,0.008364,CACCACCGCCACTTAT,K2W,1,1
0.0111,0.04002,GCGTCTATGATATTAA,S46I,1,1
0.01108,0.005603,ACCTCAAAGCTGTTGT,P227R,1,1
0.01103,0.004089,AATCCATGTAAGAAAA,T328E,1,1
0.01099,0.03499,TCTTTCATATGGCACA,,0,0
0.01094,0.03293,CATGATACATACTATT,Q376E,1,1
0.0109,0.002393,AAAACTTAATTTACAC,S198N,1,1
0.01069,0.007356,CACTAGTTTCTTCAAA,N126T V223Y,2,2
0.01068,0.0215,GCAGACGACCCGACAC,S143W,1,1
0.01066,0.0207,TCCTGAACGCAAGTTT,,0,0
0.01064,0.01996,GCGAAATTATAGTTCA,L439V,1,1
0.01055,0.005372,CTTCATCATGTCTATT,N45K,1,1
0.01051,0.004774,CAGTTTCTAGTAATAT,,0,0
0.01049,0.0133,ACTAACGATCAATACC,,0,0
0.01045,0.01188,GACCGACCAACTCTAA,D366A,1,1
0.01044,0.01139,TCGAAAATCAGAAAAG,Y470F,1,1
0.0104,0.009461,AGAAAGCTGAAGTAGA,S107G,1,1
0.01038,0.00886,ACAAATGTCATATCGT,E426N,1,2
0.01033,0.006341,TTATAGCAATGGATTT,M168I,1,1
0.01032,0.006,TCACACAAATCAAAAT,,0,0
0.01004,0.006123,TACAAAAGATAGGAAT,V213W,1,1
0.009922,0.01114,CAATCACGTACTGAAC,N250F,1,1
0.009764,0.01795,ATACCACACCAATTAC,F500L,1,1
0.009749,0.002663,CTTGTAATAGAATTCA,F79T,1,1
0.009665,0.02224,CCCCTCTCGATTGAAA,K82H,1,1
0.009665,0.02224,CTACTCCAAACCCTTG,I214R,1,1
0.009644,0.02317,TTGATCAACAGTTAAA,A212T,1,1
0.009424,0.03267,TTACCTATTTAAACTA,,0,0
0.009415,0.006612,AGCACATACAATCGGA,,0,0
0.009394,0.01133,ATTAGAACCTTAAATA,,0,0
0.009298,0.004237,AGGACATTATAGTCTA,Q164M,1,1
0.009263,0.03963,TAAAAACTTTACCCTA,,0,0
0.009193,0.04267,CTCCCCCTGCAACTTA,Q210C,1,1
0.009182,0.006163,GGCAACGCGTACAAGT,N94E,1,1
0.009167,0.01459,CGCATCCAAATTCCCC,,0,0
0.00914,0.01499,CAAATATTCTTGATCT,,0,0
0.00914,0.01499,TAATAGCTGCCTAACC,R220K,1,1
0.008957,0.003113,AACACCCAGCACTCGT,,0,1
0.008899,0.01846,AACTAGGAACCACATA,Q44I N445S,2,2
0.008899,0.05538,TCGCCAATCTGCAATC,I226M,1,1
0.008712,0.009071,AACTCGAAATCTTCTC,L111M,1,1
0.008685,0.007185,CAGACGCAAAACTTCT,N250G,1,1
0.008582,0.06911,GAAAATGGACTTTGCA,T28S,1,1
0.008356,0.07889,CAACACCAACCATTAC,R269P,1,1
0.008356,0.07889,TAAAATTACTATAAAT,S219T,1,1
0.008266,0.0276,CCATTCTTCAAACCTA,K140R,1,1
0.008187,0.005748,TGAAGAGAAAACTCTA,,0,0
0.008166,0.02904,AGCCATAAGAGACTTT,,0,0
0.008105,0.01283,CAAAAATAAGTAAAGA,,0,0
0.008056,0.03063,AACAACTACATGGATT,V237I,1,1
0.008016,0.0104,AAACAAAATACATGAG,K310I,1,1
0.00799,0.008613,CACAAAAAAACGTATG,E449T,1,1
0.007932,0.03241,AAACCCTTCAACCCTA,,0,0
0.007932,0.03241,ATTTACCTAGTAATAA,D291T,1,1
0.007741,0.004588,TCCATACCTACATGTA,Q197R A304F,2,2
0.007691,0.01196,AACCATGTTGTAAATG,,0,0
0.007637,0.02201,TACGAAGAAATAACAG,P103S,1,1
0.007398,0.005234,CTCATACAAATTAAAT,S231H,1,1
0.007335,0.009471,CTTCCGAGCAGAACCC,S143N,1,1
0.00733,0.01121,CCAACTAATCTACCAA,N290W,1,1
0.0073,0.004616,TATTCTATAAATCCAT,D77T,1,1
0.007252,0.04223,AACGGAAAATGTCTTA,K472R,1,1
0.007216,0.005131,AGCACTTAGGTCTCAA,Q57I,1,1
0.007188,0.005178,GAAAGGAGCAACCCTT,G330P,1,1
0.007012,0.02742,CATACAACTAGAGACC,L244I,1,1
0.007012,0.04569,AAAAATCTTTGAGATA,,0,0
0.007012,0.1371,ATAATCTCATGAGGAG,L427S,1,1
0.006951,0.01075,GCACTCCATGTAAATC,K27G,1,2
0.006837,0.004383,AATCACACGTTCTAAT,N81Y K278M,2,2
0.006784,0.01336,AATTAATGACTCAAGT,N53S G129Y,2,2
0.006721,0.003651,GTAGGCGTATTAAGAA,N445L,1,1
0.006639,0.02189,ATAATATACTAAAAAT,,0,0
0.006391,0.007808,CAGAGTAGAGCAATCA,K189H,1,1
0.006236,0.03413,TATACAATAAAATGAT,E119W,1,1
0.006055,0.003368,TAATAGTCGATTCCTA,Q311S,1,1
0.006034,0.003662,GAAATAGACACTCTAC,S143G,1,1
0.00602,0.002688,GCTCATCTGATTATCA,N94G,1,1
0.005979,0.0202,AATTTTTAAACCACCA,,0,0
0.005897,0.0109,CCTATATTCTTGCTGA,E401R,1,1
0.005832,0.006487,ACCAGATCAACTAACA,T30Y,1,1
0.005774,0.02724,CAAAATATTCATTATA,K310M,1,1
0.005651,0.02177,AACCATTTCCACTCAC,P324R,1,1
0.005579,0.01327,CTACGTGAACGTCACT,M168C,1,1
0.005579,0.01327,GATACATTCAAAAGAA,D104L,1,1
0.005467,0.06798,GTTAACCCGCTCCTCT,P21I,1,1
0.005377,0.01599,AAAAGCGCTTGCTATC,,0,0
0.005339,0.005662,ACAAGCTAATTTAAGA,,0,0
0.005286,0.00214,ACTCGGTACCGAAAAA,D188Q,1,1
0.005235,0.01646,ATCTCAATCATCGAAC,N63R,1,1
0.005134,0.005901,CAAAACTCCAATTAGG,,0,0
0.005089,0.003193,TTAAGAATAGTGTCCG,A212Y,1,1
0.00508,0.005964,AATGCAAAACGTAAAA,,0,0
0.00507,0.0201,CCAAAACTTAATAAGA,S124W,1,1
0.00505,0.02466,CTAATGCTTCATGTTT,,0,0
0.004982,0.01323,TTCAATAACCTGAAGC,,0,0
0.004958,0.04519,ATAAAATTACCAATAA,D85F,1,1
0.004812,0.07741,GCAGGAGAAATTGGAC,V223E,1,1
0.004673,0.02166,CTCCAAGCAGTATCTA,,0,0
0.004591,0.01152,AAAATAATCTATTCTC,,0,0
0.004424,0.007116,CAAATCTAGATGAACA,A476W,1,1
0.004389,0.01319,GTACAGCTGCCTTTTA,N81S,1,1
0.004379,0.01931,GACATACGTAACACAC,V223F,1,1
0.004265,0.02844,CATTCGACCTCCTACT,S143Q,1,1
0.004037,0.008055,TAGAATTTAAAAACCC,S91Q,1,1
0.003874,0.001635,TTAAACCACGTTTCGC,S279V,1,1
0.003796,0.006738,CAACATTACCCGGAGT,,0,1
0.003784,0.01457,GCCCATCCTCTATTAC,S262K,1,1
0.003706,0.02155,CTCTGACGGATCCCCA,N296T,1,1
0.003613,0.01496,TTACGTTTTATCCAAA,,0,0
0.003446,0.004484,AGTAGCCGGACCACGC,,0,0
0.003196,0.03358,AAATCCAAAAATAATC,L154I,1,1
0.003196,0.03358,TCTCATTCCACTAACG,A106R,1,1
0.003123,0.01053,AATATCCATTTCCAAT,,0,0
0.003069,0.006548,TTATAGATGCCATCCA,Q311W,1,1
0.003038,0.01627,GCCCCACTGCGATCGA,I51M,1,1
0.003038,0.01627,GGTATAACGAACTTAA,,0,0
0.003038,0.01627,TTGCAGGGGGCCAAAC,,0,0
0.002947,0.04471,TCAACAACGGCAAGCC,K121S,1,1
0.002749,0.1072,TCGACGCGATGGCGCC,I29V,1,1
0.002617,0.02975,CTAAGGAATAAATAGT,V166M,1,1
0.002522,0.02549,TACCAGTAAAGCCACT,,0,0
0.002452,0.06688,CCTGTACGCCAACAAC,H56A,1,1
0.002317,0.0486,ACCATTTGAAATCTAA,D375C,1,1
0.002291,0.006442,TATGAATATTAAAGGA,I335L,1,1
0.002254,0.004455,TCTTAAATCGGCTTTA,I260L,1,1
0.00224,0.03817,AATTTAAACCGAGGAC,I335V,1,1
0.002146,0.008479,AAGTAAGGATTCTTAC,L439Y,1,1
0.00211,0.02054,CTAGTATCCCGCTGCT,,0,0
0.001974,0.002127,TATATCATCGCTCTCG,S46Q,1,1
0.00178,0.02423,CAGAAGAAAACATCAC,N6F,1,1
0.001566,0.05325,CTAATTAAAGATTAGT,N285L,1,1
0.00155,0.003698,CTCTAGATAATCATAG,T206S,1,1
0.001508,0.008727,CGGACACCTTACCAGA,T388M,1,1
0.001489,0.001929,ATTTATTAATGTTTAA,S145R,1,2
0.001416,0.005661,GATTTCATCACAATCT,,0,0
0.001398,0.07599,ATTGCCGGTTGAAAAT,,0,0
0.001362,0.01156,CTGATAATTATATCAT,G5E,1,1
0.001305,0.02954,GAGAGAAAAAATACAA,,0,0
0.00121,0.005972,TGGCTAAACTCAAAGA,V213R,1,1
0.001055,0.01362,GCCTATGAACACACAG,,0,1
0.0009801,0.008847,GAAGCAATATCATAGC,I300A,1,1
0.0006222,0.004648,GACCTATTCACAGGCC,F79N,1,1
0.0005639,0.03782,CTCCTCCTACATTTCT,,0,0
0.0004947,0.004412,AGAAAAAATAGGTGCC,K264L G386R,2,2
0.0004947,0.02206,CTCCTGTTTAAACACA,K50L,1,1
0.0004781,0.01825,CAATCTATATAAAGAT,K310S,1,1
0.0004193,0.004855,AATCAATCAAGTGAAC,G142R,1,1
0.0003599,0.002891,CTACGCGTTCAACTGT,Q1M,1,1
0.0003231,0.01706,CATGCTATAATTCCCT,,0,0
0.0002875,0.02518,CGTCGCAGATAAGGTT,V88L,1,1
0.000253,0.03304,CTTATAATAGCCTAAC,S46R R405Q,2,2
4.463e-05,0.008951,CTTACACTCAACCATA,,0,0
1.198e-05,0.01257,TAATAAATCTAGAACC,,0,0
-2.731e-05,0.01077,AGAATTACGAGATGTA,,0,0
-7.968e-05,0.008377,TGCCAAAGATTATAAT,,0,0
-0.0001553,0.01147,ATTTTACCGTATCACT,,0,0
-0.0002018,0.01953,TATTACTTCTCGCTTC,K326F,1,2
-0.0002018,0.006511,CAACCAACAACTAAAT,A93C K121E,2,2
-0.0002162,0.00298,CAATGTGTGGCCAACA,,0,0
-0.0003195,0.01817,AATTCCTGAAGGCTGA,K121I,1,1
-0.0003926,0.004622,AGATCAACAAAAATAT,S198I,1,1
-0.0004219,0.01699,TGTTTCGATATAAACT,D175S,1,1
-0.0004682,0.009403,GTACAAAACAGGATTA,L154M G479D,2,2
-0.0006452,0.007207,TAGGTAGTGTCCAGTT,,0,0
-0.0006948,0.02768,TAGCATTGGACTGTAA,,0,0
-0.0007552,0.05257,TAAACTTACAAAATAA,G263E,1,1
-0.0008097,0.02503,CGTCCAATAGCGTGCT,,0,0
-0.0009045,0.02284,CATAAAATAACACTGC,L157V,1,1
-0.0009045,0.02284,TTTATGGCCTTTTACA,D104L,1,1
-0.0009459,0.04376,CCCAGGTATATACTAG,,0,0
-0.001082,0.03748,TGAAACAAATCGCAAG,,0,0
-0.001143,0.004336,AATACAATACCCAACC,T328F,1,1
-0.001205,0.01589,ATAGACAATTAGCAAC,E403M,1,1
-0.001307,0.009037,CATACATCACCGAATA,Q501E,1,1
-0.001421,0.02182,GCGAAATAACATCGGT,D7A,1,1
-0.001421,0.02182,TAGGATGTCATCTACC,,0,0
-0.001445,0.005186,TCGAAACTGAACAACC,P103I,1,1
-0.00154,0.01636,TCTCCACTCAATTCAT,P289H,1,1
-0.001575,0.007372,AAAACGTACCACGATA,,0,0
-0.001614,0.00646,CTAGAGGCATCTTTTC,R361V,1,1
-0.001648,0.01137,AATACAAAGACCAAAA,,0,0
-0.001713,0.004184,GAGCTCGCGTGCTTAC,,0,0
-0.001894,0.03483,AAAGATCTCTATTAAC,,0,0
-0.001894,0.05804,AAATAGACTAAGCAGC,N126H,1,1
-0.001894,0.02749,AGCAGACTATGACTAA,R201M,1,1
-0.001894,0.04018,GAAAAAACTTTAAGAA,,0,0
-0.001894,0.04749,GGGAGTAACGTCACGT,,0,0
-0.001894,0.04749,GTGTTTTACAATATAA,E414Q,1,1
-0.001894,0.04018,TATATTCGCTTCTTAC,D188P,1,1
-0.001894,0.01935,AACGTTACAGTTAAAG,,0,0
-0.001894,0.1045,ACTAGACAAATTTAAC,A304L,1,1
-0.001894,0.002477,GACAGCACGCCATGCC,,0,0
-0.001894,0.01935,TATACCAAATTCCGTT,K238H,1,1
-0.002231,0.007783,AACAACAGGCACACAC,S107G,1,1
-0.002297,0.01862,AAAATTCTCACATAAA,S145Q,1,1
-0.0023,0.002086,ACGAGAGAAGCAACTA,E401S,1,1
-0.002407,0.02368,AAGTAATATCTCGCAA,,0,0
-0.002407,0.02368,ATACTACTTGTAGGCC,,0,0
-0.002554,0.002034,AGGTCGTAACGAGGCT,S46L,1,1
-0.002671,0.01794,AAACTATCTTCTCAGG,V102M,1,1
-0.002783,0.01368,AACAACCTTTGTTGCC,D291K,1,1
-0.002832,0.04331,CCAAATACTATTAATA,,0,0
-0.002932,0.007991,TGCCGGTGATACAGGA,Q311W,1,1
-0.002965,0.02473,ATAATAAACAACCGTT,,0,0
-0.003018,0.05191,AAACTAAAAAAAAAAC,S265A,1,1
-0.00306,0.003845,TTTTACGACTGTTAAA,A106K,1,1
-0.00306,0.001497,ACATCAGTAAAAATAA,Y470F,1,1
-0.003125,0.007108,GCTGAGAACCTATCCA,A93T K121A,2,2
-0.003297,0.06479,CCCCCATCTTTAGTAA,T37V,1,1
-0.00339,0.03454,GCAGAAGGAATTAAAT,G78Q,1,1
-0.003399,0.006318,TTCACCTAAGTTGCAA,,0,0
-0.003543,0.01522,ATCCTAAATCAATGTT,N296Q,1,1
-0.003555,0.01917,CAATAAGATAGATTCA,,0,0
-0.003645,0.01617,AAATCCTAATCGAAAC,T187I,1,1
-0.003658,0.00479,GTTCTTTCCCTAAAAA,V182C,1,1
-0.003669,0.001025,TACACATTTTAAGCTC,,0,0
-0.00376,0.08616,AAACTTATGTGAAGGC,Q210F,1,1
-0.00376,0.08616,CGTATCCAGAGACTAA,G263N,1,2
-0.003852,0.01292,ATTAACAACCGTACAT,,0,0
-0.003928,0.04695,TTCTATCATAACATGG,K315S,1,1
-0.003975,0.01201,ATAATACGCCAATTAC,,0,0
-0.003991,0.006455,AATCTTACAAATACAA,,0,0
-0.004102,0.006371,CACACGTGCTAGACAC,D408T,1,1
-0.00417,0.003185,AAACTACAATTCAAGA,A93Y,1,1
-0.004194,0.01517,TAGTAGTGTATTAAAC,K238H,1,1
-0.004374,0.01908,TAAATATAACCATTAA,K264A,1,1
-0.004409,0.001874,AAACCTTCGCATCCAA,K140S,1,1
-0.004418,0.002332,GGGAAACTCTTTGTTA,R383K,1,1
-0.004429,0.02341,TGTCAAAGTCTAAACA,S95R,1,1
-0.004496,0.01716,ATTTATAAAATACGAA,S279H,1,1
-0.004526,0.00715,TAAAAAGTCTAAATTT,P273H,1,1
-0.004596,0.01559,TCTGCAGAATTATAAG,Q501F,1,1
-0.004679,0.02572,ATATAACTATCCCAAA,P227A,1,1
-0.004722,0.008162,ACCTAAAACCACACCA,N216V,1,1
-0.004784,0.004943,TACCGTTGTGATCACA,Q173I,1,1
-0.004862,0.03425,CGAAAATGGGCAAAGT,,0,0
-0.004944,0.008284,TACACAAAACCTTTGT,P55K,1,1
-0.004968,0.004175,TTAGATGAGAAGGCGG,K140H,1,1
-0.004983,0.02852,GACCAATATAACAGAT,F258Y,1,1
-0.005015,0.009006,CAGAGGAAGCAGACGT,K2S,1,1
-0.005111,0.004501,TAACAGACTAAAATCA,I377M,1,1
-0.005146,0.01251,CTTTCAGATCAAATAT,T40R,1,1
-0.005146,0.01251,TATGACATTTTGCTAT,,0,0
-0.005158,0.002899,AGATACATATCGCTGT,Q501L,1,1
-0.005176,0.01166,TGAACAATTAGTCATC,,0,0
-0.005362,0.03202,CTGGATGACCGCTAAT,Q197K,1,1
-0.005416,0.00813,TTATCAAAGTGAATCA,,0,0
-0.005671,0.01162,TCTTCATATTCTATAC,N126W,1,1
-0.005801,0.01002,GAACGGACAACAATCA,S198E T388I,2,2
-0.005846,0.03649,TATAAACACAACAACT,N31V P169S,2,2
-0.005989,0.01891,TATACGATAACGAAGC,,0,0
-0.00604,0.06379,ATTATACAACTTTAAG,,0,1
-0.00604,0.06379,GCAAATTGTGTAAAAG,,0,0
-0.006104,0.02429,ACGCGACCATAGAAGG,L157R,1,1
-0.006119,0.015,GTGACTTGCTCAAATC,Q173R,1,1
-0.006189,0.02833,TAAATTCCATTTAGCG,G330P,1,1
-0.00657,0.01542,AAAGAGCAGTAACATT,,0,0
-0.006623,0.0024,TTTAAGGTGAATAGTA,S219V,1,1
-0.006683,0.02211,GAATGCCAAATAATTT,S143N,1,1
-0.006764,0.009775,AGGATGGACGCCAATC,E280D,1,2
-0.006786,0.01882,CACTAACAAATATTCT,Q327F,1,1
-0.006863,0.01639,ATCCTGTACGAGATGA,,0,0
-0.006935,0.02116,AAATAATGCCCTTGAT,P324Q,1,1
-0.00695,0.005837,CAACAGATAACTAAAT,,0,0
-0.006969,0.03905,ACACATCCTATTTAAG,E83S G386E D461N,3,4
-0.006991,0.002645,CTTCCACAACCAACCA,T135F,1,1
-0.007046,0.01586,ACAATTACCGAAAATC,T128M,1,1
-0.007046,0.01586,ATTTACCAATCTAATT,,0,0
-0.007066,0.02984,GATTTCCCCCTTCTAA,,0,0
-0.007139,0.001346,TTAGCTCACAAACACG,,0,0
-0.00722,0.003784,TCGGAAGATCCCTCTG,S156M,1,1
-0.007279,0.009562,GATAATCTACCGTCGG,,0,0
-0.007306,0.002315,TGTTAACACACCAGAC,,0,0
-0.007379,0.03617,CTTAGATTATTTTAAG,,0,0
-0.007379,0.05064,AAATAACATCCTCCAC,Q311K,1,1
-0.007545,0.007907,GAAAAATTACAGACAA,S270C,1,1
-0.007573,0.0046,CCTAGAATACCTGGCC,L427T,1,1
-0.007576,0.006246,AAAATCCTATAATGAA,Q454I,1,2
-0.007621,0.0115,TCTACCGTATCCTGTT,G78Y,1,1
-0.007659,0.02661,AAATTACCTACCGAAA,R269S,1,1
-0.007768,0.01233,GAAAGAATTATGATGC,H488A,1,1
-0.007791,0.002454,TATGCCTCTGTGTTAC,S96V,1,1
-0.007818,0.003799,ACCCTTGATCGCCTAA,F79L,1,1
-0.007821,0.02105,GACTCATAAATGAATA,K131V Q327K,2,2
-0.007862,0.04591,GATAATGTAAGTAAAA,S231M,1,1
-0.00791,0.02525,AAAAACTTGAGTGTGA,,0,0
-0.007943,0.01074,TAAACTTTTTACCTAT,,0,0
-0.008015,0.02018,TACATATTCCAAGCCA,G504V,1,1
-0.008042,0.03153,TCCCACTCACTCGGTT,,0,0
-0.008102,0.01146,CAGGAGACCATTAGTA,S262V,1,1
-0.008183,0.001963,GCATGAATAATCGGTC,I335V,1,1
-0.008208,0.006074,GCCTTTTACTCAATCA,K207H,1,1
-0.008313,0.02963,ACAATCTATTACGTAA,S124N,1,1
-0.008313,0.02963,TTCTGATTATTAGTAC,,0,0
-0.00838,0.01361,GACATTTACTGAAACC,,0,0
-0.00838,0.01361,GCCAAGCTGTAATTTA,,0,0
-0.008523,0.002943,CAGAAAGTGTAAAAGC,K310S,1,3
-0.008641,0.00445,AAGCTGGCGACCAGGG,S262I,1,1
-0.008647,0.01006,CCATGAACACATATAT,T328H,1,2
-0.008654,0.01734,CTTTACCAACTCACAC,K417R,1,1
-0.00867,0.01117,AACTTAACTAGTATAG,,0,0
-0.008699,0.02094,AGAACCTAACGGTCGA,V43I,1,1
-0.008699,0.06283,GAGTATACAGTCTTGC,G62K,1,1
-0.008699,0.06283,TAAAGGTTGTTGTAAT,,0,0
-0.008768,0.02644,AACCATAATCACTACA,S270V,1,1
-0.008786,0.01675,TACCCACAAACAAGTG,,0,0
-0.008886,0.03586,AGATTTCTGATTACGA,K50V S231F,2,2
-0.008886,0.03586,GACACATATACTTCTG,D487M,1,1
-0.00891,0.01619,TCTTATAACTCATATC,G263H,1,1
-0.009043,0.0132,AGCGAATAGGTTACCT,,0,0
-0.009134,0.009831,CCCCACGGGAAGTTAT,E35F,1,1
-0.009134,0.0557,AATCTAGAAGTAAATA,T203Q,1,1
-0.009134,0.0557,CAAATTGCTTAATCAT,S312A,1,1
-0.009528,0.01137,GAATCAACAAGTCCTC,E403V,1,1
-0.009607,0.007576,CACACTTAACTATGGC,,0,0
-0.009764,0.04541,AATGTCTCAAACCAAT,,0,0
-0.009927,0.003467,CCTGTTCTATCTACTC,,0,0
-0.009999,0.04157,AAATCAGGTGAAGAAC,T313E,1,1
-0.009999,0.002654,ACCGAAGTAGAGTAAC,K292F,1,1
-0.009999,0.1247,TGACAATTAGAGTCCG,T301Y,1,1
-0.01004,0.007229,GTTACCAATTTAAGGC,G240S,1,1
-0.01013,0.01312,GAATTGGACACTAAAA,,0,0
-0.01025,0.01607,TAGATATCGTAAAACC,Y302W,1,1
-0.01037,0.03555,AATATCGGGTTTTAAG,E443H,1,1
-0.01039,0.002243,CTGACAGCCACAGGCT,L157S,1,1
-0.01042,0.01157,ACCAAACCACTTAGCC,N296H,1,1
-0.01051,0.01989,GTTACCACTACCAAAA,,0,0
-0.01051,0.01989,TATAAACAAGCTGTTA,D104M,1,1
-0.01051,0.09947,AAACCAAACTTCCAAA,,0,0
-0.01051,0.006632,TTAGGACCATAACAAC,R307T,1,1
-0.0108,0.01712,CATGAAAATTGGATCG,,0,0
-0.01089,0.005395,ACCAACAAAATGATGA,N63V,1,1
-0.01104,0.003874,CAGTGCGATAAAAGAC,P239T,1,1
-0.01116,0.02252,CACACAATCCACTAAA,S146A,1,2
-0.01121,0.002608,AAGAATAACTTCTAAA,,0,0
-0.01128,0.02063,AAGCAACACACCACAA,,0,0
-0.01128,0.06189,CTTAACTGATCTCCCG,E325D,1,1
-0.01128,0.06189,TAGGATAAAGACTCAA,R269H,1,1
-0.01135,0.006513,CTGCAGTACGCTAAAA,N6S,1,1
-0.01139,0.003322,CTAAAGATAGATTAAT,E325P,1,1
-0.01142,0.05497,ACTTAATGAGATCCTA,K238G V406I,2,3
-0.01142,0.007853,AGGGAACTTTGCAAGT,,0,0
-0.0116,0.01544,CCTGTCAACAATAAAC,I214R,1,1
-0.01163,0.04492,ATACGTTAAAAATAGA,A106N,1,2
-0.01175,0.01299,GCTTTAACACTATGGC,Q327E,1,1
-0.01177,0.03798,ATTTTAATTCGATGGA,I418W,1,1
-0.01187,0.03289,AATTGAGGTGCGAAAA,R208E,1,1
-0.01187,0.01097,ATGCTAGAAAAAGATA,K326N N483W,2,2
-0.01196,0.005669,AATATCCGATACTCCT,D77K,1,1
-0.01204,0.02465,ACGGATAATCGACTTA,S262Q,1,1
-0.01205,0.003472,TCCCAAGATGATACCA,K171C L381C,2,2
-0.0121,0.007142,TTTTCACCGGCCTGTA,Y423F,1,1
-0.01212,0.02053,GTGTACCAAAAAAAAT,,0,0
-0.01212,0.02053,TTACATAGATACAAAT,,0,0
-0.01214,0.01971,CATTATTTGAACCCAT,E344F,1,1
-0.01217,0.01824,ACTATAGTATCATCCA,A196R,1,1
-0.01219,0.01698,CTCTAAACCAAGTCAA,,0,0
-0.01221,0.003219,GAACAACCCTTTGATG,,0,0
-0.01222,0.01588,AGTTACTATTACTGTA,,0,0
-0.01236,0.008786,TCCAGTTATTATATAT,,0,0
-0.01266,0.00195,TCACAGACCTGACACG,V429I,1,1
-0.01269,0.007222,GAACCTTTAGTCAAGG,Q211I,1,1
-0.01274,0.009626,CAACTTATAATAACGG,,0,0
-0.01279,0.01227,CTAACCCTGATCCCCA,R229T,1,1
-0.01286,0.003145,TCCTACGCTCATAGAT,V112M,1,1
-0.01293,0.01886,GTTATCACCAATTAAA,D441E,1,1
-0.01296,0.00681,ACCTTCTCATACATAC,,0,0
-0.01302,0.02334,CTAACAGATACTAAAG,H393R,1,1
-0.01307,0.02579,TTAAGCAAAAACATAA,Y105G,1,1
-0.01313,0.02881,AATATTCTTATTATTA,S149I,1,1
-0.01337,0.04075,TCTAGCCATGATTTAA,R269S,1,1
-0.01345,0.01481,ATAACAAACAAGTGGA,,0,0
-0.01365,0.05425,TAAAACACACCAAAAT,S219Q,1,1
-0.01378,0.06098,GGAAAATTATAAAATT,,0,0
-0.01378,0.06098,GGTGGAAGCACTTACT,,0,0
-0.01392,0.0075,TACCTGCAATTATAAT,T318M,1,1
-0.01396,0.06962,AACTAATCGTCCAATA,S145N K276Q,2,2
-0.014,0.01433,ACGAACTAACGAGATT,R208L,1,1
-0.01409,0.002298,AAATGAGCAACGTAAA,S54M,1,1
-0.01409,0.01522,GTACTCAATAATAGCC,,0,0
-0.01414,0.0157,ACTTAACATAAAACAT,L59Q,1,1
-0.01419,0.02704,TTTTGATGTATAGCAA,S115M,1,1
-0.01419,0.08111,AAATAAAACCATTAAT,T117G,1,1
-0.01442,0.001877,ATACAGCTTGCCACCC,I300L,1,1
-0.01444,0.01034,CGTTTAATGCGTATCG,E325R,1,1
-0.01445,0.01869,AAGATTTACTGTATGT,E410A,1,1
-0.01452,0.09714,GTCGACAACGAAATAG,,0,0
-0.01452,0.008832,TAAAACGATTCTCCAC,N22D K121T,2,2
-0.01458,0.01428,AAAAAAGACTTAAGTA,,0,0
-0.01462,0.002269,ACGCTTAACTAACAGG,,0,0
-0.01466,0.03466,TACCAGTTACTCACAT,V204M,1,1
-0.01466,0.03466,TCCTATATAAGGGACG,S145T,1,1
-0.01467,0.009516,TTTTTAGCATTGAAAC,R201M,1,2
-0.01468,0.005003,AGGTCACGATGAATGC,L157R I236V,2,2
-0.01469,0.0211,GAGCCATCCTTTTTTT,,0,0
-0.01481,0.0101,GACCAAAATTTAAAAT,,0,0
-0.01481,0.0101,TCATGTGGAATAGCTA,T40S G479R,2,3
-0.01488,0.003701,TACATATAGGTCAATG,S46C,1,1
-0.01489,0.02308,TTTTATGTCATTTGAA,,0,0
-0.01496,0.01077,TCGCTAACGATCAAAA,P4S,1,1
-0.01496,0.009141,AACTAATTTTCATTAG,V406Q,1,1
-0.01501,0.02421,AACCATGTAAAAATTG,L244V,1,1
-0.01501,0.1211,AAACCAAACGAAGAAA,D271F,1,1
-0.01517,0.001416,TCCTTAATACAATCTT,P289W,1,1
-0.01523,0.04397,ACACAAACCCAACAGC,S209K,1,1
-0.01523,0.04397,GCATTTAGAAGACAAA,,0,0
-0.01528,0.02686,GTACTTCGCGACTAAA,P169M,1,1
-0.01555,0.01341,AATATAACGTACTTCC,E410T,1,1
-0.01562,0.03016,ATTGAAAATAATATTA,,0,0
-0.01567,0.02193,AACCCGCTGTAACATC,,0,0
-0.01582,0.01071,AAACACTTTATATTCT,S114M M462V,2,2
-0.01582,0.006427,ACGCTCAGTCTTAAGC,T187C,1,1
-0.01582,0.03213,CAGTAAGAGCTTAAAC,,0,0
-0.01582,0.05355,AATATACAATAATACT,D32H,1,1
-0.01592,0.01505,TCAAAACCATGGTACT,N122Q H355Y,2,2
-0.01596,0.007296,TAAAAATAGCCCCGGT,,0,0
-0.01598,0.02407,ATTTAAGTGAAATACA,,0,0
-0.01622,0.0601,ACGGTGATTGCAACAT,K278N,1,1
-0.01631,0.03696,AATTTCGTAAAAAGCT,,0,0
-0.01634,0.001078,AGCAATTCAGCCAGAG,N489W,1,1
-0.0164,0.01455,TACTCAATTATGAACC,K326Y,1,1
-0.01649,0.001779,GATACAAGCGTGCAAA,,0,0
-0.01654,0.02181,GTCCTTAACGAGAGAC,E83L,1,2
-0.01662,0.03997,GAAATCCTCCTTAACT,,0,0
-0.01662,0.007994,TACAATTACTTTTCCC,E484F,1,1
-0.01673,0.02282,AAATGCAGTCGGGAAT,,0,0
-0.01673,0.06847,CGACATACAAGATACC,,0,0
-0.01684,0.01916,TCAATCCATAGCCATA,,0,0
-0.01701,0.01994,AGCGTAATTTACAGTC,K278E,1,1
-0.01741,0.01404,ATAAACAGACAGAACA,H393C,1,1
-0.01741,0.07955,ATAGCTAATAAATCTT,,0,1
-0.01741,0.07955,CAATGTATACCACCAA,,0,0
-0.01741,0.01038,TTTTCCTATTAAAGAC,K264E,1,1
-0.01741,0.01591,TAAACAATTACAATAG,N497Q,1,1
-0.01761,0.006715,TTGCCAACTTAGAACG,,0,0
-0.01768,0.02803,TTCATGGGATTAACGT,I478M,1,1
-0.0178,0.01984,CAACTAACATTTCCTA,,0,0
-0.01782,0.008354,CAAGTAAAAGCGTCAA,,0,0
-0.01793,0.005875,CAATCGAAATGGAAAA,,0,1
-0.01793,0.05287,CCGACAGATAATAAGA,K276W E410K,2,2
-0.01803,0.01585,AAAAAACCATGCATCA,D291V,1,1
-0.01803,0.01585,AATATCACTTTAAGCC,G62F G404T,2,2
-0.01815,0.003395,ATTGGGTCACGGTATC,,0,1
-0.01815,0.008337,TGATTCGGAAAAACCG,K326E,1,1
-0.01819,0.03959,GTAGTACTCTAGACAC,K368S,1,1
-0.01827,0.006248,TGGGTTAAATGGAAAA,P4D,1,1
-0.01844,0.01157,GAACTAACAATAACTT,S110R,1,1
-0.01858,0.05924,ACTTAAACACTTTCAA,,0,0
-0.01862,0.007643,GTTATCAGCCCGAACA,G129M,1,1
-0.01863,0.003982,CCCTCAAGTCTGATCA,Q371A,1,1
-0.01877,0.009862,AAGTTAGCTAATAAAG,,0,0
-0.01879,0.02784,ATAGCATCAATCACGT,Q356E,1,1
-0.01881,0.00488,CCCATCCCATAGGCTT,N6G,1,2
-0.01883,0.00717,CGAGAAACAGATAACA,S198L,1,1
-0.01885,0.0182,ATAGGGCACCCCATAC,,0,0
-0.01887,0.01478,ATTCTGAGTTAAAAGA,,0,0
-0.01902,0.008594,AGTAGTGAATCATCTT,V204L,1,1
-0.01911,0.02147,TCAAATGACTGATCCC,L367Q,1,1
-0.0192,0.03631,AAACAAATGAATGAAA,,0,0
-0.0193,0.01004,GGCTGTGGTATCTTAT,A372G,1,1
-0.01939,0.007146,AATATACTCCTAATTA,,0,0
-0.01941,0.02245,ACGCATTGACTGAAAT,,0,0
-0.01941,0.06736,AAAACCTTTTTAATTG,,0,0
-0.01947,0.005967,AAAGCAAAATTCTCCG,G129V,1,1
-0.01956,0.01812,AATGGGAGAATCATAC,G78D,1,1
-0.01969,0.008558,CCCATAATATTACCAC,N53A N475F,2,2
-0.01974,0.01307,AACCTTAATTGGATTT,S115L,1,1
-0.01974,0.1176,AAAAAGTCCGTTAAGG,,0,0
-0.01974,0.1176,AAAGGTTTACCCAATT,G116E S266H R321M,3,3
-0.01974,0.1176,CCTGCGTCCAGTGTGC,G352Y,1,1
-0.01987,0.00922,AATTAAACTATTATAA,N81F,1,1
-0.01999,0.0174,TAACCAAACGATTACA,S124Y L367T,2,2
-0.01999,0.0174,TATATAGTACCATTGT,,0,0
-0.01999,0.004746,CGAACAGAGGAGTCTA,I214L L367Q,2,2
-0.02006,0.03354,AGTGCGTACAAGTCTG,,0,0
-0.02025,0.01513,CCTAACTACCCTACTT,R222L,1,1
-0.02028,0.02233,ACACATAACAAAACAT,Q75E,1,1
-0.02031,0.009769,GTCCAAGTAACACTAT,,0,0
-0.02032,0.0109,ATTACAAAGACTACAT,H56F,1,1
-0.0205,0.07805,CTAATCAAAGTAATAG,A163D S480A,2,2
-0.02062,0.005144,AAAGTACTAAATGATA,A69C,1,1
-0.02065,0.0234,GGATAAATCAATAACT,N285Y,1,1
-0.02077,0.02125,AGTGAACACCTCCGAC,,0,0
-0.0208,0.006234,TGATTTGGTTCATTAC,,0,0
-0.02103,0.01262,ATTCAAGGGAAAACAA,T65Q,1,1
-0.02104,0.01667,AAACTATTGACAAGCG,E280G,1,1
-0.02116,0.003381,CACACTACAGCAATAA,N22M,1,1
-0.02125,0.03885,GAAATGCGTGATGTAT,Q44E S96G Q210R,3,5
-0.02133,0.01165,GAATATAACAATTAAA,A106Y,1,2
-0.02143,0.007392,TCCCCACCCATTCTAA,T318V,1,1
-0.0215,0.02586,TCAACCCGGCTTATAT,R482C,1,1
-0.02159,0.02114,TAAGTTAATGATATTC,T135M,1,2
-0.02169,0.001817,ACCTTACTGAGTTTTG,V490Y,1,1
-0.02174,0.00229,TGTCCTTAAAAAACGT,N126S,1,2
-0.02189,0.005954,ACCTTGACGGCGATTT,T37I,1,1
-0.022,0.06628,ATCGTAAGCGTAAACC,,0,0
-0.022,0.02209,CAACTTGCCGACGTTC,T187E,1,1
-0.022,0.02729,ACAAATTTATTGCGGG,,0,0
-0.022,0.03093,CGATTACAAAGTCGTT,E35F,1,1
-0.022,0.005459,CTATAATTTTTGAAAG,G5K,1,1
-0.022,0.02729,GTACCTAACACCAAGT,S149D,1,1
-0.0222,0.01053,GATCAGACATCACAAG,,0,0
-0.02222,0.005583,CTCGCCAGTTAACACA,N133D,1,1
-0.0225,0.0257,ACGACAACGTTGATTA,,0,0
-0.02253,0.00392,TAACAACACATTAACA,F192I,1,1
-0.02256,0.0289,TAAAACCATTCACCTG,S96H,1,1
-0.02271,0.01848,AATACTATAAGCCGAT,K121C,1,1
-0.02298,0.00283,AGTAATAAAATGAAAG,S262W,1,1
-0.02301,0.01048,TAAGACCAGGTGTTTT,,0,0
-0.02302,0.01317,ATTATTCTTAGCAGAA,,0,0
-0.02306,0.005011,TCATCACTTGATTGCG,Q57D,1,1
-0.02309,0.005121,TCACTTACGAAACACA,R208C K468V,2,2
-0.02311,0.008229,GACATAATGAGATTTG,L59M E449D,2,2
-0.02311,0.0192,TTAAACAGTGGATTGC,Q454R,1,1
-0.02348,0.02554,CTCTATTGCTATCACT,Y423W,1,3
-0.02348,0.07661,GAAACCAAATGCGCTT,D7Q,1,1
-0.02348,0.07661,TACATCTAAACCGTGA,,0,1
-0.02361,0.04175,AACGATTGCGCCAAAT,A253F,1,1
-0.02361,0.04175,GTGATCTGTTTCAATA,T135G,1,1
-0.02364,0.006561,GGTCCGGACACCCGAG,Y302W,1,1
-0.02373,0.009978,CCAACACATCAGATTA,S219G,1,1
-0.02386,0.02414,CCCCTTACCCCTGAAA,S47L,1,1
-0.02386,0.02414,GGTGTCAATGTTTTAT,S46Q G386R,2,2
-0.02408,0.02694,AACAACGAACCTGGTT,R361Q,1,1
-0.02408,0.02694,ATTAGGATATAGCATT,R208I,1,1
-0.02415,0.01116,TCAGACAATTTCAATA,G275L,1,1
-0.0242,0.02288,ATCACACGGAAGAATG,,0,0
-0.02434,0.007144,ATCACAATGAATCAAC,D7A,1,1
-0.02442,0.01142,TACGAATAAAACTCGT,,0,0
-0.02451,0.02175,AGTTCATATAAAATGA,N53T,1,1
-0.02451,0.06524,ATACCCGTGCCTTCAA,D101I,1,1
-0.0247,0.03509,GTGCAATGAAACCAAA,R222L,1,1
-0.02475,0.0285,TCAACCGAGACGTTGT,K278D,1,1
-0.02475,0.0285,TCCTTTGAGAAACAGT,S9E,1,1
-0.02497,0.007006,AAGTAACTGGTTATCA,S47M,1,1
-0.02501,0.01301,TCAACGATTGCAGACA,Q501F,1,1
-0.02508,0.001836,ACCGAGTATCCCGCAT,,0,0
-0.02509,0.008922,AGTACGGAACTAATAT,D291V,1,1
-0.02511,0.004137,CATTAGCTGGATAAAT,I260K,1,1
-0.02513,0.03249,CTTAAATGCCCCATAG,N8F,1,1
-0.02515,0.001881,GTAACAATACTGTAGT,Q132N,1,1
-0.02524,0.01684,AGACTATTTACACTAT,I51H,1,1
-0.02526,0.01057,TAACAACAACATTCAT,N45G,1,1
-0.02527,0.003608,CTTCGTTTGATGCCGG,K121Q,1,1
-0.02538,0.01032,GACTTGTACAAAATCT,P289V,1,1
-0.0254,0.02523,TGAGGAAGATTGAACC,N31R,1,1
-0.02557,0.02062,CATTACCCAGCTCTCT,G49Q,1,2
-0.02564,0.03778,AAATTCCTCAACCAGT,T301E,1,1
-0.02564,0.03778,TAAAAGTTATAACCAA,,0,0
-0.02568,0.02386,CGAATAAAAATTAAAA,,0,0
-0.02568,0.007083,CAAAATAAATCATAAC,A304Q,1,1
-0.02585,0.01332,GAAGGACTAAACTGTA,,0,0
-0.02588,0.0503,ATGCAATATGTTTTTT,,0,0
-0.02609,0.002692,AAGCTAATGCCAATCA,Q80W,1,2
-0.02635,0.01736,ATCCTGGTTGCAAGAG,,0,1
-0.02635,0.001403,CCCATTAAGCTTCATC,N94A,1,1
-0.02635,0.02508,GACCTGTAAAACAATG,Q311S,1,1
-0.02644,0.009599,CGGCCACAACCTAGTT,,0,0
-0.0265,0.0167,AGCAAATATGAATTTC,Q210F,1,1
-0.02663,0.03004,AAACAAGAAAGAAAAA,F79W,1,1
-0.02668,0.009008,CACCACTACCCGATAA,K276V,1,2
-0.02671,0.00979,ACCACACTAATTTTCT,N126T,1,1
-0.02673,0.04093,TACCTTTCCATCTATA,L86V,1,2
-0.02675,0.01072,TAAAAGGAGTCACAAA,D7H,1,1
-0.02678,0.01552,CACATTACAATCTTAA,D415N,1,1
-0.02695,0.01285,GTGCACACTTAATGAC,N81S Y105E G386R,3,3
-0.02705,0.03744,GTACGTGTGGAATAAA,S110F,1,1
-0.02707,0.006419,ACATGCTCAGTAAACG,Y257C,1,1
-0.02707,0.006419,GACCGGTAAATGCCAA,,0,0
-0.02709,0.02642,AAACGGGTCAAAGAAT,V413F,1,1
-0.02709,0.02642,AATGGGATACAGCTAT,I214A,1,1
-0.02718,0.003055,GCATTCAGCAATACCA,D375S,1,2
-0.02728,0.02493,CATGAGGAGCGACTGA,T167F,1,1
-0.02739,0.004114,TGCGAAAAGACACTAT,S199H R201M,2,2
-0.02743,0.005037,AGTACCATTATCTGAA,,0,0
-0.02747,0.01494,ACCCCCTTCGAAACAG,,0,0
-0.02747,0.00498,GAGAAAACTGAGCCAA,N498S,1,1
-0.02752,0.01792,ACCTCACGTTCCAATA,V413M D493Y,2,2
-0.02753,0.002929,GGTTCTGATCAAAACT,N159E,1,1
-0.02754,0.005531,GCTATCAAACCCTAAA,T203E,1,1
-0.02774,0.0497,GACCTCCACACGCTAA,Q44V,1,1
-0.02774,0.0497,TACCTGCGGTCACCCA,D271N,1,1
-0.02774,0.0497,TAGTAGAACTGACTTT,L118V,1,3
-0.02787,0.02032,ATGCTAAAATACACCG,K503E,1,1
-0.02793,0.002725,TTTAGACCTAAAGCAC,,0,0
-0.02797,0.01241,CACCAAGCATATATTA,,0,0
-0.028,0.005877,AATGAATGGACGAACG,D7F,1,1
-0.02807,0.02626,GCAAAAAAAAACGTAG,S265C,1,2
-0.02807,0.02626,GCTTAAGCTTAACAAA,,0,0
-0.02823,0.004901,GGCAATAGTCCAACAT,D291T,1,1
-0.02831,0.009096,CAAAAAATCAAGACAC,,0,0
-0.02837,0.01273,GGTGACCCTAATTGGA,L157N,1,1
-0.02841,0.005367,CCTGACATACAAATGG,D77N,1,1
-0.02843,0.03711,AACCAAATCTTAATTT,,0,1
-0.02847,0.008401,GAAAAAATTATGCGAA,K82C,1,1
-0.02852,0.009676,AAGTGTATCAAGACAA,A11T,1,1
-0.02856,0.00213,GTACAAATTATGAGGG,N285I,1,1
-0.02859,0.03422,ACAATCACCCAGCTCT,,0,0
-0.02873,0.03175,AGGATTCAAGACCAGA,I58M,1,1
-0.02874,0.01347,TAATAAAAAGTTCAAA,,0,0
-0.02884,0.08882,ATTAGGTAGCCTCATG,,0,0
-0.02892,0.004036,GCACATCAAAAAACTG,R307H,1,2
-0.02895,0.02774,CATTAATCCGAATAGA,D408M,1,1
-0.02904,0.02609,TACCGGGACTACATAA,,0,0
-0.02909,0.006822,TAGTAATTTAAGAAAT,T30Q K238T,2,3
-0.02912,0.07389,AAAATAAACAAATATA,N6R,1,1
-0.02914,0.002505,AGTAGCGTAAAAAGTG,R92Q S149N,2,2
-0.02949,0.004861,TTATAATAGGTAATAT,,0,0
-0.02957,0.04911,ACACTTACGTACAAAA,,0,0
-0.02958,0.002834,GTCTACTACCACCCAC,,0,0
-0.02966,0.04417,AGGCACACGAAAAAAT,,0,0
-0.02973,0.04014,ACATAATTAATAAGAT,K278E,1,1
-0.02975,0.01299,CATCAGCAACACCCTA,S442N,1,1
-0.02977,0.01261,AAGTATAAACACAGAC,G249T,1,1
-0.02993,0.0294,AAAAAGTTTTAAAGGA,Q44M,1,1
-0.02993,0.0294,ATTCGTAAACAGATTT,M268F,1,1
-0.02999,0.008644,AGTGAGATCAGTAGGA,G275W,1,1
-0.03002,0.008162,CGCCTTACAATGGCAA,R255L,1,1
-0.03013,0.01835,TAAACCTAGCTCTTCA,,0,0
-0.03014,0.01761,CAATGAAACTTATGAA,D291T,1,1
-0.03019,0.01518,TCCATACAGTTAGTAC,S156V,1,1
-0.03065,0.01045,GACACCTATAAAATTA,G49K,1,1
-0.0307,0.0129,TAGCATTAAAATATTT,,0,0
-0.03071,0.004478,ATTCTAAAAAATATCA,K292G,1,1
-0.03081,0.01906,GGCAACAAACCGATTC,,0,0
-0.03105,0.002939,ACTTGAACCCTCCTGC,D101F N497S,2,2
-0.03107,0.006632,ACAATGTTAGCACAGT,,0,0
-0.03107,0.002223,CTCATGCCGCTATACT,S47A I300C,2,2
-0.03111,0.01183,CAATTAAATTAGCAGG,,0,1
-0.03135,0.04854,CTTCTAAGTCCCGATA,I48L,1,1
-0.03135,0.04854,TGATACAGATGCAACC,V166F,1,1
-0.03137,0.002616,ATCAGACACAACAATT,Y105F,1,1
-0.03146,0.05457,ATTACGAAAGGACCCA,K121Y,1,1
-0.0315,0.01897,ATTGAAAGGCATAATT,V166N,1,1
-0.0316,0.0623,AAACACAGCATTTACA,Q356A,1,1
-0.03176,0.007922,TGTCAGGATTGGTTAT,K326D,1,1
-0.03179,0.07259,CACACTATCAATCCCT,T203I S205N,2,2
-0.03179,0.07259,CCCATCCATCAGAATT,I282L,1,1
-0.03179,0.0242,GGATACCGTCCATAAG,E83M,1,1
-0.03188,0.01555,AATAAACACAAGCCCT,,0,0
-0.03199,0.01673,CTCACTCCGGAAAAAT,G49F,1,1
-0.03205,0.009663,ACACCATCGTATTCGC,,0,0
-0.03219,0.01889,CGCATATTATATCAAA,E83Y,1,2
-0.03235,0.02066,ACCTGACACCGAATGA,,0,0
-0.03238,0.001912,CAGAATTTGTTCCAAT,,0,0
-0.03244,0.008341,AAAAGCGCTAACACAC,,0,0
-0.03244,0.1084,CAAACCCCATACTACC,S124L,1,1
-0.03244,0.03614,GTAAATATTTGGGAGA,,0,1
-0.03253,0.01032,AAAGACCACACTAAAT,K264C,1,1
-0.0326,0.00405,ATTCCCTGTATAAAAT,,0,0
-0.03262,0.003385,CGGAATACGCATTAGA,,0,0
-0.03277,0.006011,AAAAATATGCCCTTTA,,0,0
-0.03277,0.01803,GTTAATCGCTCTGTCC,S358K,1,1
-0.03278,0.02545,GGTAAACAATAAAATA,,0,0
-0.03293,0.02702,CGCAATACACGAAGGC,,0,0
-0.033,0.01543,AATGGCATCATAACAA,,0,0
-0.03309,0.02879,CCCATTTAAATTTCAA,L316Y,1,1
-0.03319,0.0166,ATCTCCTCCTACGCAA,,0,1
-0.03338,0.006952,TATAATGGATAATTCA,,0,0
-0.03341,0.05386,ACTTCTACAACATTTT,F195S,1,1
-0.03347,0.01267,TTTGATATGTGAGTCA,Q197R,1,1
-0.0338,0.002905,TTATCAAATTTTAAGA,D271E,1,1
-0.03382,0.06138,AGTTATTCTAGTGAGG,S107P,1,1
-0.03393,0.008258,TGACGATCTCAGAAGA,G78S R361I,2,2
-0.03399,0.02146,TTAAATCTATAAGGCT,Q44M,1,1
-0.03402,0.03901,CACAGTATACATCTAT,K207Y,1,2
-0.03402,0.03901,TGAAAGAAATCATTGT,D493T,1,1
-0.03406,0.003866,AGAAACACGGAGTAAT,H184L,1,2
-0.03406,0.00681,GATATTCAGACAAATA,N81S N133G,2,2
-0.03411,0.02859,ATCCAAAAAGTAACTC,I242Y,1,1
-0.03416,0.01191,GCTAAGGCAGAACAAA,T30E,1,1
-0.03419,0.009741,ACAGTAAACAAAATTA,D408V,1,1
-0.03426,0.01224,ATCCATAAACCTATGG,,0,0
-0.03428,0.009962,GAATTATACCCTAAAG,S199C,1,1
-0.03429,0.008399,GACACCGACTATGTAA,K82T,1,2
-0.03437,0.04281,CGCCGTCCGTACAGCT,N126H,1,1
-0.03449,0.00713,CACCCAGTTGATCACA,L244G,1,1
-0.03463,0.009938,ATTCCCAAGAAATAAA,P169C,1,1
-0.03473,0.01378,TAAAGACAGATCAAAT,E83A,1,1
-0.03475,0.007117,ATAACGCCGTTTACAA,I48A,1,1
-0.03479,0.04743,CTCGCTAATAACGAAC,N8H,1,1
-0.03479,0.04743,GCCAACAAGCTTCGCC,,0,0
-0.03508,0.004439,GCACGGCTATATCGAT,R269E,1,1
-0.03512,0.02839,AAAACCCATAGCTTAT,K417E,1,1
-0.03518,0.008348,ATGGAAATGGCACAAC,A163P E398I,2,2
-0.03531,0.05317,TACAAACTATGTGCTT,,0,0
-0.03531,0.005908,AGGTAATTGCTTTAAC,I374L,1,1
-0.03537,0.01417,AAAAGCTACAATGGCC,R201K A476K,2,2
-0.03545,0.03035,AAATTATACCCTCCAA,I160V,1,1
-0.03545,0.03035,ACTCTATAATTGAAAC,Q501A,1,1
-0.03545,0.03035,TGCCGATATAAACTGA,,0,0
-0.03548,0.02499,GTTAGACTATAAAAGT,,0,0
-0.03568,0.00866,AAGGCTAAAAGATGAA,K472T,1,1
-0.0357,0.01248,TGGAAGCTGATACGCT,T12F,1,1
-0.03587,0.04237,ATTTAAAACTCTAACA,E325D,1,1
-0.03587,0.04237,TACACACACAACATGC,N31M,1,1
-0.03598,0.06049,AATTGCCTAAACGGAC,S9L,1,1
-0.03625,0.02113,GCATAGTAGAAACAAT,S96V,1,1
-0.03625,0.1057,ACTAGATCAAAGAATT,P55N,1,1
-0.03628,0.008624,CTCCGTTTAAACAATA,,0,0
-0.0364,0.01206,GCCCAATATGAATCCA,S156T,1,1
-0.03641,0.01919,AATGCAGCAAGATAGT,N81E,1,1
-0.0367,0.00795,GATCAGAAACCCGTGA,H184M,1,2
-0.03675,0.03829,CCACAAAATCCCATGT,K278V,1,1
-0.03675,0.03829,TACTTTTCAAAACAAC,S91P,1,1
-0.03677,0.01504,ACTGACTCGTGGAACT,P239T K503W,2,2
-0.03683,0.01203,GTAATGTTACAAAGAG,N296V,1,1
-0.03686,0.01002,AACCACTAAATCTTCC,,0,0
-0.03692,0.009562,ATTGTTCTATACCCCC,A304I,1,1
-0.03706,0.0008605,ACCCGGAAGTAATGGT,Q311K,1,1
-0.03715,0.005317,ATCTGACTCAAAATTT,S144W Q501R,2,2
-0.03717,0.0525,CGAGGAGGCTGAGGAG,L86V,1,1
-0.03717,0.0525,TACATCTACGCATATA,I300N,1,1
-0.03722,0.0247,ACCAATATACTTGGAG,,0,0
-0.03735,0.04194,CCATATAAGCAACATC,N290R,1,1
-0.03756,0.02992,CAATATTCCCACAATA,S266M,1,1
-0.03788,0.01161,ACACTAAGAACATAAT,F174N,1,1
-0.03792,0.004399,AACACTTAGTGGACCT,A212H,1,1
-0.03793,0.008704,TCCTATTGGGCATAGA,,0,0
-0.03794,0.007736,TGATTCAAGAAGCACA,M168A,1,1
-0.03808,0.04637,CCAGTTCCAATACCGT,N489V N497K,2,3
-0.03808,0.01546,ACATTTTAACATAACC,E449C,1,1
-0.03808,0.08346,TGGAAACATTCCTTAA,L316Y,1,1
-0.03808,0.08346,TGGTTAATCCAAGATC,L381A,1,1
-0.03808,0.1391,AAACTAAATTGAATTA,,0,1
-0.03812,0.002293,GATAGACCTTCACTGC,A304N,1,1
-0.03824,0.004792,CCACTCGAAAACGTAA,G78A,1,1
-0.03826,0.00176,TAACCGCACAACGGTA,I502V,1,1
-0.0384,0.009254,CGTAAAATTTATCAGG,F192V,1,1
-0.03856,0.002792,ATCAAAGACTCAATAT,D32N,1,1
-0.03856,0.00705,AGTATGATGGAAATGA,N290I,1,1
-0.03868,0.03463,TTGCTAATTTAACGGA,Q311V,1,1
-0.03875,0.01298,CTAATCAAAAACAAGC,T167Y,1,1
-0.03881,0.007038,TTACACCGTTCGCACC,,0,0
-0.03883,0.02185,CATTCTGAAAATTGTT,G263A,1,1
-0.03887,0.003809,TATCATTAGGTCTTTT,P4I,1,1
-0.03897,0.05184,ATAATGCATAAAATCT,T301Y,1,1
-0.03901,0.007679,TCCGATACTCTGTTTG,A69T,1,1
-0.03909,0.006476,TTGCGTATAATCACTA,T40Y,1,1
-0.03915,0.02071,CCTTGCAAGAAGACAT,Q1E P227H I374M,3,3
-0.03923,0.002572,AACTCTATTGAAATAG,K326T,1,1
-0.03924,0.001677,TCACATCAGACAAAAT,K276V,1,1
-0.03927,0.06898,ACGATTAATCACAATA,G275E,1,1
-0.03942,0.02584,GAATTTACGCTTCAGC,S143K,1,1
-0.03952,0.004919,TGTCTCTCCCCTTCAA,R482Q,1,1
-0.03956,0.01424,CTAATTCCAATAATAA,Q371S,1,1
-0.03974,0.01375,TTTATTCTCATTAGGC,V213R,1,1
-0.03984,0.005648,ATGGTAGGTACAATAC,,0,0
-0.03986,0.002945,AACTAAGAGCTCGGAA,,0,0
-0.0399,0.005026,CCAGTTCAATCAAAGT,,0,0
-0.03996,0.007772,AATTTGAAAACATCAA,K292Y,1,2
-0.03998,0.02745,TCTTCGTGTCATAGAA,A372C,1,1
-0.04011,0.05877,ATAAACGATTCGAAGC,,0,1
-0.04013,0.007912,CAATTTAAAGTTAAGA,I437V,1,1
-0.04015,0.01714,AAACTTACACTTTCGT,E403W,1,1
-0.04019,0.01523,TATCTTTTAAATCTTA,,0,0
-0.04027,0.003514,ACAATACTCATAATAA,,0,0
-0.04032,0.02162,CGAGCGTATATCTCAC,I3Q,1,2
-0.04035,0.01643,TAGCGTTACCCAGCGC,S47C,1,1
-0.04036,0.01467,GACAGTAAATTAAAAC,D487R,1,1
-0.04038,0.0111,GGGAACAAGATCATCT,,0,0
-0.04041,0.00708,TTATAATGATGATCTT,P4W,1,1
-0.04048,0.005546,TTCAGATGAAATCAGT,D175K,1,1
-0.04053,0.004884,CTCATTAGTGATAATC,P227A,1,1
-0.04056,0.006511,CCTAACCCCTACAACC,,0,0
-0.04091,0.08182,ATTATCACATGAAATA,Y233A,1,1
-0.04098,0.01859,ATATGTCCAACCATAG,,0,1
-0.04104,0.005524,GCTTCACTATTATAGG,G479C,1,1
-0.04107,0.01572,TGATTTAACAATACAT,L244E,1,1
-0.04109,0.007567,AATAATTAAATCCGAC,S124A,1,1
-0.04118,0.00996,CTTATATCTTAAAAAC,Q80Y,1,1
-0.04121,0.007852,ACTTGCACTATTTTAA,P21Q,1,1
-0.04127,0.01316,CCAAACCAATAACTAG,K259R,1,2
-0.0414,0.02398,TCGACATTTTGCAATT,N81Y,1,1
-0.04153,0.008313,GACAATCGGCAGCTAA,S480A,1,1
-0.0416,0.06785,CTAAATCTGAGAAAAA,N45P,1,1
-0.0416,0.01357,TACCGTTACACACGAT,N190I,1,2
-0.04173,0.01506,CATGTTTTCAGTACCT,S54R S219K,2,2
-0.04175,0.01768,TACTTCAACTCCTAGA,K326N,1,1
-0.04178,0.0214,TTAACCAACACTGATA,E325G,1,1
-0.04183,0.0271,AAGCTTAGATACACGA,,0,0
-0.04197,0.001991,AAATAGTCACAATTTA,,0,0
-0.04208,0.006996,TGAGGTACAATAGATT,N63K,1,1
-0.04209,0.05795,AAAACATTAAACTAAT,,0,0
-0.04209,0.01932,AAACCGCTAGCAAAAA,G263E,1,1
-0.04209,0.05795,AAAGAAACACGCAATG,R361L,1,1
-0.04215,0.008111,TTCAGCCACGTAGACT,,0,0
-0.0422,0.008813,TTCAGTGGAACTAATA,,0,0
-0.04221,0.02384,ATACGTTCAAAGTGGA,D32I G142E,2,2
-0.04244,0.008994,CATTAAATCATTCCCT,V102M,1,1
-0.04246,0.01012,ACCAATTACACACACC,E172C,1,1
-0.04274,0.04487,TATCAAATGCATTTTT,,0,0
-0.04285,0.004748,ACATCCATAAATCAAA,V490I,1,1
-0.04298,0.005236,ATGGACAGAGTTAAAT,,0,0
-0.04301,0.02371,TCAATATACAATGCAA,K82Y,1,1
-0.04309,0.01259,CAAATTGAATATAACA,,0,0
-0.0433,0.1005,ACCTCAAAATACATAC,A373S,1,1
-0.0433,0.01436,CAAACTATAATATAGA,Q1K T203W,2,3
-0.04346,0.01826,TACGCGAATCAGTCAA,I3Q,1,1
-0.04372,0.02506,ATTCCTAGCACAAAGA,S144H,1,1
-0.04374,0.01055,CGTACTAAAAAAAGAA,R269G,1,1
-0.04386,0.06676,TGAAATACTCAGTAAT,S262P,1,1
-0.04402,0.05716,ATATATTTAATGAGCA,,0,0
-0.04402,0.01905,TAAAGTAAAAGTTCGC,E449H,1,3
-0.04406,0.01818,ACAACACCGACATAAC,,0,0
-0.0441,0.01739,TTTAAGTCATCTCGAC,,0,0
-0.04423,0.04439,CGCAAACTTTACGAAA,,0,0
-0.04423,0.04439,TAAAAGTACACTAAAA,R208I,1,1
-0.0443,0.03993,GTACCTTCTACTCAAC,Y351F,1,1
-0.04449,0.02848,TGAAGACAGACCTAGT,S205M,1,1
-0.04458,0.02344,ATTAAGATTATTATTA,P169Q,1,1
-0.04463,0.002867,TTAGATCTTTACGTTA,R482T,1,1
-0.04472,0.01474,TACATAGCGAGGGTCC,,0,0
-0.04485,0.006978,TATTAGAGACAAACCA,,0,0
-0.04505,0.005367,AATTACTTAGCGTAAG,,0,0
-0.04509,0.007635,CGGGGATCATAATACA,E457A,1,2
-0.04511,0.008822,CAGCATCTTAACCATA,R141S,1,1
-0.04519,0.004614,AAAACCATTTAGAAAG,,0,1
-0.0452,0.002918,TAAAACGCAGAACCAT,,0,0
-0.04533,0.007478,AACTCAATAAACATCA,G263I,1,1
-0.04534,0.001778,CCCCACCTTGCCACTG,,0,0
-0.04543,0.02829,ATCGCATCAACAAACC,,0,0
-0.04549,0.004551,TTATTGAATTTAAATT,Q75N,1,1
-0.04552,0.01131,AATCCTCATTTTACAT,D104F,1,1
-0.04564,0.008238,TTTAAAAAGAAGGCCC,N31R,1,1
-0.04567,0.008595,ACGATCATTTTAAAAC,E410W,1,1
-0.04569,0.04392,AATACAAGACCAGCGT,K121A,1,2
-0.04574,0.009408,AATTCGGGGGCCATCT,,0,0
-0.04578,0.04937,AAACACATTCTTCGGA,T485I,1,1
-0.04593,0.002799,CACAGTAATCCAAGTG,,0,0
-0.04594,0.01973,TATTTATACCTAATAA,,0,0
-0.04599,0.02076,AACCCCAAACACACAA,R354M,1,1
-0.04599,0.02076,TAGACACCAGATAGAC,,0,0
-0.04605,0.0657,AACCAGCGAGAAGATA,T128K,1,1
-0.04615,0.004805,AGAACTAAGCACAACT,,0,0
-0.04618,0.02461,CGCTTGTAGAGTACGA,,0,0
-0.04626,0.07872,TTATGAGGAAAATAAG,,0,0
-0.04626,0.01574,AACTTATCACACCTAA,A196W,1,1
-0.04635,0.0281,GCAACAACTGAAAGAA,T328Q,1,1
-0.04637,0.0171,AGGAGAAAGTACAGTT,P227W,1,1
-0.04658,0.01963,ATAAAACGGTACGTCC,M268V,1,1
-0.04676,0.004726,TCACAACAAGCGAACG,S209G,1,1
-0.04683,0.006644,TACATACAATTAACCA,,0,0
-0.04686,0.02305,ACATGCATTTTATAAC,,0,0
-0.04702,0.01779,AGTTACAATCCGGTAT,,0,0
-0.04702,0.01779,ATAAAATTCTAAATGT,S124Q,1,1
-0.04711,0.01863,CTATCAAATTACCCAT,,0,0
-0.04711,0.04346,TGTTAACACTAGAAAT,D461Q,1,1
-0.04734,0.02055,ACAAAATATCTGCTTT,G49K,1,1
-0.04734,0.02055,CCCTGACGAACACGCG,,0,0
-0.04738,0.04879,AATTATTAGCGCGAAC,,0,0
-0.04738,0.01627,ATTAAATCAGGCGTAG,T128R,1,1
-0.04747,0.02167,ACAAAAGCTTGTAGAC,T128E,1,1
-0.04765,0.001611,ATTCCGACTAGCCAAA,Y302H,1,1
-0.04772,0.05563,TTTTAAATGGGAAAGT,V213E,1,1
-0.04777,0.02433,ATCAGTCCATACTTAA,,0,0
-0.04779,0.01557,AACCTGACGAAGCAAA,D7R,1,1
-0.04779,0.003114,AATACATTATCCTAAA,D32P A163S,2,2
-0.04801,0.00637,TCCTGCACCCCCTAAC,P284L,1,1
-0.04816,0.01764,TATCCTAAAACATTTA,,0,0
-0.04826,0.003766,ACGACTTAATATCTAT,I48F H184S,2,2
-0.04831,0.01846,CCACCTCTACCATCAC,,0,0
-0.04848,0.01936,ATAAAAAACTGGAAAA,S110M,1,1
-0.04849,0.004034,CTTACCATATATCAAC,V297I,1,1
-0.04854,0.00656,TGCCCAGACCGTAACA,,0,0
-0.04858,0.0129,GCAAGACAACTACTAG,G479V,1,1
-0.04868,0.01074,CTCAGAAACTTTATAG,I3E,1,1
-0.04879,0.02575,CCAAACCCCATTGAGA,S266C,1,1
-0.04879,0.07725,CAAACTAAATAATAGT,K472D K503N,2,2
-0.04899,0.01286,TGGAAAAAAAACAATA,F258T,1,1
-0.04926,0.01132,CAAAAAAAGGTTAATC,Q356C,1,1
-0.0493,0.006109,TTAAATCACGTGAAAC,K468V,1,1
-0.04931,0.02025,ATAGACACCAATTTTC,,0,0
-0.04936,0.02959,GGTTCCCTCGAGAAAT,D175E,1,1
-0.04938,0.003664,AGTTCCAAACCAAGCC,,0,0
-0.04943,0.01424,TCTTCGTAAAAAAACC,E344Y,1,1
-0.04964,0.01669,CCATAAGACACACAAC,,0,0
-0.04965,0.00256,TTATCTAAGTTAAACA,R150S,1,1
-0.04971,0.03197,AATAGTTAAATATATT,K326P,1,1
-0.04977,0.01534,CTTGATCGATTCTACA,I214A,1,1
-0.04991,0.006965,ACGTCTTTCTAGACAA,V309T,1,1
-0.04995,0.02015,TATACTAAAAACAAAG,R220Y,1,1
-0.05009,0.02391,AGACAACCAGTAACAT,T416E,1,2
-0.05015,0.003241,TTTGAATCACTAAACC,N122R,1,1
-0.05022,0.02123,TCATAATAACCCTCAA,,0,1
-0.0503,0.02938,TCAGAGCATATCACTT,,0,0
-0.05039,0.01316,AATGCTATGGCGAACT,K411A,1,1
-0.05047,0.01589,GATAAAGTATAGCAAA,E280V,1,1
-0.05059,0.02006,ATGTACAAAACCTTAT,S114D R361T,2,2
-0.05066,0.0119,TTCAAAACAGAAATAC,,0,0
-0.05072,0.03172,AAGCATCGGAAGCGTA,,0,0
-0.05078,0.01409,ACCAATTTTACCACTC,,0,0
-0.05089,0.02112,CCCAGCAAACAGTGGA,S149E,1,1
-0.05104,0.005843,AATAGAGTTATTGGAA,S47A,1,1
-0.05122,0.02231,ATCTTATTTAGGCTAT,R201Y,1,1
-0.05122,0.006218,AATTATCCATATGCAC,G504N,1,1
-0.05122,0.05417,ATCACGGCTCATTCGA,S146C,1,1
-0.05122,0.07584,AAGCCGCGAGTTTCAG,,0,0
-0.05154,0.01022,GTGATCCACCCCACAT,S219Q,1,1
-0.05161,0.0122,GTTTCAATCACAAGCT,S124G,1,1
-0.05162,0.003636,GGCTATTTTCATGCTA,,0,1
-0.05164,0.004448,CAGAAACGTAGAATGC,D175Q,1,1
-0.05169,0.00741,TAACGCGACTCAAACT,,0,0
-0.05173,0.003565,TAACAATTTAACTACT,A372L,1,1
-0.05178,0.0118,CCATCTCAAAACCATG,L71V,1,1
-0.05194,0.01143,TGAGAGGAATGCGAAC,Q75I,1,1
-0.05196,0.04713,ACCAAGTACCATACTC,T301L,1,1
-0.05201,0.02513,GTCTCGCATATATCCT,K50V,1,1
-0.05211,0.01883,TCTGATCCATAATACA,G240Y,1,1
-0.05215,0.007384,CTGTTTAAGACATTTA,,0,0
-0.05221,0.06273,TTCCGTAAACAAATTT,S115C,1,1
-0.0523,0.0114,AAAATATTAAAGCAAC,T235V,1,1
-0.0523,0.006839,AGATACCTCACTTGAA,,0,0
-0.0523,0.006839,TAGAAAGACATACACT,Y105G,1,1
-0.05237,0.01213,ATAATCATATTACGAG,S143E S378G,2,2
-0.05247,0.006591,AAGGTAACAATGATCT,T283C K391N,2,2
-0.05252,0.01173,CACAACACTCTAGATA,T10K,1,1
-0.05254,0.04171,ATTATTCACCAATTGT,G142H,1,1
-0.05262,0.00636,GTACCACTCGCATCTA,Q501D,1,1
-0.05276,0.01629,ATTGCTATAAAACACT,G62I,1,2
-0.05283,0.004072,AACAACTAGAGGCGAT,D493G,1,2
-0.0532,0.002788,GCCTTTATGCCGGTTT,P4I,1,1
-0.0533,0.007319,ACCACGGACGAAAAGA,T416S,1,1
-0.05333,0.00319,CTAACTAAGCAGAACA,R33W,1,1
-0.05334,0.01036,ATAAAATATAAAATGA,,0,0
-0.05336,0.03391,ATAAGACCTATGACTG,K397R,1,1
-0.05342,0.01554,CAAAGTTTCGACAACA,,0,0
-0.05346,0.01775,CTTGAAAATAAAACCA,,0,0
-0.05353,0.01331,TTAAGTAGATAATCCC,,0,0
-0.05356,0.00345,CTACTGATGATGGGTA,K452G,1,1
-0.05395,0.003148,GTCAAAAATTATTACC,A476V,1,1
-0.05399,0.001429,AAAGGATGTGCTATGC,D60S,1,1
-0.05414,0.03708,CACAGAAGTCTCTCCT,G263M,1,1
-0.05414,0.02648,AATTCAAACCTGAATG,,0,0
-0.05417,0.003465,CATCACAATAAATAAA,Q407E,1,1
-0.05429,0.01949,CTAGTTAACTTACTAA,K189E,1,2
-0.0544,0.03364,TTCCATTGACAAATCC,,0,0
-0.05464,0.004617,TGTATTCACACGCTCA,,0,0
-0.05466,0.005202,GAATACAAATCCTCCA,N165H,1,1
-0.05469,0.005955,AGGGAGATCTTGATGA,N122S,1,1
-0.05476,0.005766,AAAAAAGTAGCCTTAG,,0,0
-0.05478,0.00753,AATGCTCGCGAATCTT,V490E,1,1
-0.05485,0.004191,GATCCAATTATATTAA,,0,1
-0.05485,0.04609,GTTAGACATGCATAAT,D101Y,1,1
-0.05489,0.0194,TCAAAACAAAAGCATT,,0,0
-0.05499,0.009955,CATCCAGAGCTAGAAA,G263H,1,1
-0.05504,0.00969,TCTAATAAGTTATACC,,0,0
-0.05509,0.1227,CCGTAAACACTCCTGC,Q173K,1,1
-0.05509,0.1227,GGATAACGGAACATAG,Q44M,1,1
-0.05537,0.006929,CATTTGATGCCAGACT,P21I,1,1
-0.05543,0.03337,TGACCCTATAAATAAG,I214E,1,1
-0.05548,0.01931,GAACGCCAGAGCTCAG,,0,0
-0.05555,0.01019,ATGCAGAAATCTACTA,,0,0
-0.05555,0.09167,AACCTACAAACAAGAT,,0,0
-0.05555,0.09167,CAGCAACAAAAATAAT,N290P,1,1
-0.05555,0.09167,CCCGACGGATAATCCC,T451V,1,1
-0.05568,0.01665,TTAAAATGGAAACATA,F258Y,1,1
-0.05576,0.004577,CAAAGATCAATACTTG,S262P,1,1
-0.05583,0.02439,AACCAATAGCTAACAA,V490I,1,1
-0.0559,0.02285,CACACGGATTTTACAT,R354Y,1,1
-0.05601,0.004746,AAGGTGTAAGTTGCAG,I377V,1,1
-0.05602,0.0203,ATAATCAAAAGATATA,T117A,1,1
-0.05602,0.0203,TACATTTAAATTTTGA,V112A,1,1
-0.05602,0.06089,CATGAGTATTCAAAAC,K411H,1,1
-0.05602,0.06089,TTCTCCTTAACAAGAT,K450Q,1,1
-0.05605,0.01178,ACTGAGAAAATACGCC,E119A,1,1
-0.05608,0.001964,AACTTTACCACTCCCA,E83K,1,1
-0.05619,0.01658,CGATGTAACATAGTAG,P324M,1,1
-0.05623,0.009352,TAGCTTACATAAAGTA,D291P,1,1
-0.0564,0.002082,GCCTGATGATGTACAA,K207H,1,1
-0.05644,0.0331,TAACCGCCGAACTTCT,W84F E280T R361K,3,3
-0.05651,0.02799,ACCAACAAATCGTGTA,,0,0
-0.05659,0.02273,GTCTTAATTCGTAACC,R229F,1,1
-0.05667,0.00577,TTCCGCAGATCTCATT,S143W K472H,2,2
-0.0567,0.0158,GGTGTCATCATCACTA,,0,0
-0.05672,0.01453,TTAATGTGACAATGCC,S358D,1,1
-0.05675,0.01253,ATGAATTCCCATTGGC,G129Q,1,1
-0.05676,0.01172,TTTACCACAAACATGT,I236M,1,1
-0.05699,0.003626,CAAATAAAGAGAATAC,,0,0
-0.05701,0.00477,GCAGACTGCCCTAAAG,,0,0
-0.05712,0.01207,GAATGAATACAATTTC,,0,0
-0.05724,0.0201,AAACAGTCCACAGAAT,,0,0
-0.05724,0.0201,AAACTGGACAGATTAA,,0,0
-0.05724,0.0201,TTCATAGGGTAAATCT,,0,0
-0.0573,0.02411,GATGCAAACAAAGCAC,T235S,1,1
-0.05735,0.0278,GAGAATTCTCGTCTAA,S144W,1,1
-0.05738,0.009768,TAATAGCAATAACTCC,,0,1
-0.05743,0.03284,CTCAGATTGTCATTCA,,0,0
-0.0575,0.01245,TTACTAAATATACCGG,N475Q,1,1
-0.05754,0.01337,ATCCAATTGATATTGC,P273Y E414D,2,2
-0.05767,0.002122,ATTTGGCTTTAGAAAA,K292A,1,1
-0.05781,0.01162,TCAACTAAAATATAAA,S149F,1,1
-0.05781,0.01162,TGATTAACCGAGCCGC,N31S,1,1
-0.05784,0.06001,ATTTTGAGAAACCTTA,,0,0
-0.05793,0.005997,ACCCCCCTTTAACCGT,,0,0
-0.05802,0.07191,AAAACGATTATATCAT,K82E,1,1
-0.05802,0.07191,AAACGGTAACAGTACT,N158T,1,1
-0.05802,0.07191,TCGAACAGGTCGCAGA,K2F P103S,2,2
-0.05808,0.01089,TGCCAATAGCAGGCAA,K2F,1,2
-0.05836,0.002697,GTCAGAACTTCACTCA,P55V,1,1
-0.05873,0.1192,CAACGACAGATCTTGA,S312N,1,2
-0.05877,0.007148,CCCATTAAAATTTTAA,,0,0
-0.05901,0.008107,AGGATTATGAATCAAT,N285R,1,1
-0.05926,0.003424,TCAAGAGCAAAAATGA,,0,0
-0.05942,0.0127,CACACTTGTATGATCC,,0,0
-0.05961,0.03549,AGTAACGAATGACTCT,Y257W,1,1
-0.05961,0.05915,ATAAAAACTCATCGCT,D32N,1,1
-0.05961,0.05915,ATTCTTACAATAACGT,P239R,1,1
-0.05961,0.05915,TCAAAACAGTAAAAAA,V20K,1,1
-0.05973,0.00806,GAGAGCAGCCTATAAA,Q197S L367R,2,2
-0.05974,0.008865,CCTCTCACCGACCACA,P103L,1,1
-0.0599,0.03934,GGAGATTGAACACTTA,I418Q,1,1
-0.05991,0.001275,GACTGGTTCTGTACGA,T128Q,1,1
-0.06001,0.01361,ACAAAGAACGCTTTTG,N158E,1,1
-0.06011,0.006799,AACACTATCTAAAAAG,,0,0
-0.06013,0.0101,GAGGTACATTAAAAAT,K453V,1,1
-0.06016,0.00376,GTATACACTGGGTTCC,T187S,1,1
-0.06018,0.008617,CTCGCCTCCTTAGGCT,D32F,1,1
-0.0602,0.0114,TCATCAATGCATGCGT,T440A,1,1
-0.0602,0.008028,ACTTTTCTCACATAAG,S146G,1,1
-0.06026,0.04413,TTCCTCATGGTTATTA,Q1T N433T,2,2
-0.06032,0.03208,GACAAATAGATTACAA,,0,0
-0.06039,0.005879,TAAATATGTTCCTCCC,L367K,1,1
-0.06039,0.003425,AATGAGGTGCGTATTT,,0,0
-0.06042,0.01102,AACATAACACTGAAAA,E484D,1,1
-0.06069,0.01466,TTGTACAGACATACAT,S91I,1,1
-0.06075,0.00617,TAAAGAAGAACGTAAT,,0,0
-0.0608,0.0095,ATGGGTCAGTCAAGTC,R299M,1,1
-0.0609,0.01756,AATTCGAATTTAAAAC,,0,0
-0.06094,0.01064,CAATCTGTCCATTGAA,,0,0
-0.06109,0.00835,AACGAGCCACGACTCC,,0,0
-0.06109,0.02505,CCGTATTGATGTCAAT,,0,0
-0.06118,0.007618,AATCATATTATGCTCG,T416M,1,1
-0.06133,0.05832,AATATATTCGGTTATC,R33S,1,1
-0.06141,0.01749,GATGCCTCACGAGGCC,N38G,1,2
-0.0615,0.0233,ATCTGTCAATTTTGGT,D408F,1,1
-0.0615,0.0233,CAATCACTAAAATTTA,,0,0
-0.06164,0.01837,ATTACGTAATTATGAT,,0,0
-0.0618,0.002545,GGACCCCAACTAACAA,,0,0
-0.06192,0.01741,TCACTATTAAGTGGAT,K472Q,1,1
-0.06203,0.009665,AAGTGAAATGCACTAA,L244Q,1,1
-0.06205,0.004192,GTATTAATTATTTGGG,N122V,1,1
-0.06217,0.03861,CGGCTCTTATCCAAAT,A372S,1,1
-0.06217,0.01829,GAAACCATGTAGAAGC,I418G,1,1
-0.06217,0.002272,CAGATAAACACACTGA,,0,0
-0.06243,0.003016,CCTTCCAATCCAAATA,K472H,1,1
-0.06254,0.0063,AGCTTCAATGTTGTTT,R220A,1,1
-0.06261,0.01018,CTAACCCGCTCATATG,V347A,1,1
-0.06267,0.03461,TTTCAAGCCACACACG,,0,0
-0.06271,0.001425,TCTTCCGAAATTTTTA,Q210N,1,1
-0.06272,0.006291,TAACATACAAATACGA,W234M,1,1
-0.06276,0.02034,TTTAAAAACATACACT,,0,0
-0.06277,0.008234,ACATATATCACTTGCC,Q80S,1,1
-0.0628,0.04321,ACTACGGGATCCTTAA,A212N,1,1
-0.06284,0.00768,TATGAATAATACTATT,,0,0
-0.06297,0.01381,CAAGTCCCATCACAAA,,0,1
-0.063,0.01917,CAGAAATGCTTGAATC,,0,0
-0.063,0.01917,TGAATACACTACAAAA,T12I,1,1
-0.06303,0.009859,CCCAAAGAGCACACTG,L420M,1,1
-0.06314,0.01112,ATAACACTAACATTGC,K171E,1,1
-0.06316,0.003591,AAATATACTTAATAGA,K310S,1,1
-0.06319,0.008836,TTAAAACGATAAAAAC,D7M,1,1
-0.06328,0.03826,ACAACGCGTTTGCTGT,L244V,1,1
-0.06328,0.03826,GCAAACCGTCATGCAT,R307I,1,1
-0.06328,0.03826,TTACATGCCCTGGGAC,Y423W D493F,2,2
-0.06334,0.02024,GAGGAAGAAAAATCCA,,0,0
-0.06341,0.009554,CTCCATAATTTGCCTG,G275Q,1,1
-0.06341,0.08598,ACAAATTCACATTAAA,,0,0
-0.06341,0.08598,CTAGACCAGGAAATCA,D175L,1,1
-0.06355,0.01908,CCCAAACGCACTTCCC,,0,0
-0.06359,0.04906,AAACTATTCTAAACTT,P273V,1,1
-0.06362,0.01431,ACAACAATCCAAAACG,K189T,1,1
-0.06366,0.03432,AAATCACAACATAAAA,S199R,1,1
-0.06372,0.02144,ATTAGTTAAACGTGAG,E410S,1,1
-0.06376,0.001778,CAGATCACCTATAAAT,,0,0
-0.06388,0.01181,GATATAGCTTCCCATT,,0,0
-0.06399,0.00214,GAGACTTAGCTCTGGG,S265N,1,1
-0.06402,0.04277,TACAAAAATAACGAAA,,0,0
-0.06406,0.01006,TAAATTCTCCGATGAG,S145N,1,1
-0.06415,0.01367,ACATAAGTCAAACAAA,T301A,1,1
-0.06415,0.06836,GTACAAACAATACAAC,N45V,1,1
-0.06463,0.01547,TTCCCCCACAAAAAAC,R208F,1,1
-0.06463,0.01891,TTCGTCGCTGGATGAG,G49E,1,1
-0.06485,0.03089,ACCCAAAATAAGTTAC,G275K,1,1
-0.06493,0.02122,AACTCAACTACACAAT,K503A,1,1
-0.06495,0.01132,CTTGCACCGAATAACC,,0,0
-0.06497,0.006927,ACGCCAATACCTCTTA,,0,0
-0.06503,0.02827,TGATAGCTTAACTTTA,K468W,1,1
-0.06507,0.01542,CTCGCACTTTAAAATG,E403C,1,1
-0.06507,0.01256,CATCTTTTATCATACA,P21F,1,1
-0.06535,0.005639,GTTAATAAAATAACAA,,0,0
-0.06543,0.1127,CTCTGATCCCAAATCA,G504N,1,1
-0.06558,0.01125,AACCACTGTAAAGTTG,L108I,1,1
-0.06574,0.002575,CCACCATCCCAGACGA,,0,0
-0.06582,0.08423,GTAATGAAATGTGTAC,E457M,1,1
-0.06593,0.0153,TAATAACAGATAGTTC,K207D,1,2
-0.06606,0.02242,CATTTAGTTAAGCTAG,,0,0
-0.06606,0.02242,CTCCGACATAACGCTC,R261Q E390S,2,3
-0.06617,0.01976,TTGGCACCTACATGAT,,0,0
-0.06621,0.05597,ATAAGCGGAAAGACTT,I58T,1,1
-0.06621,0.01866,TAACGCCTGACCTCAA,T65V,1,1
-0.06623,0.007809,TACTAATACATTCAGG,,0,0
-0.06624,0.01083,GACACTCACCAAGAAC,K326C,1,1
-0.06641,0.04191,CCCATATCAACCTAAA,E401W,1,1
-0.06642,0.008177,ACATCACTAAAAACTT,,0,0
-0.06663,0.02574,AACATTTCCATGAATA,,0,0
-0.06664,0.008365,AACCACCATGTGAATA,T135W,1,1
-0.06672,0.01967,ATTTTTGAATGGCATG,,0,0
-0.06673,0.01857,AAATAATAAAACCATG,P239G,1,1
-0.06687,0.008788,TCCATATAGAATCGAA,G78M,1,1
-0.06717,0.01332,CTTTCGCAGAAAGGCA,S110A,1,1
-0.06719,0.002896,TCATGACCCTAACTCC,R255M,1,1
-0.0673,0.02218,TAGACACCGGTTATAA,V130I,1,2
-0.06734,0.02558,ACCGAGACTACAGGTT,Y105H,1,1
-0.06737,0.0277,TATCTCCTAGCTGACA,,0,0
-0.0674,0.009777,AGTTACAAGCGAATAC,,0,0
-0.06754,0.01328,AATTAACCTATAACTT,D225H,1,1
-0.06762,0.01508,TTTCGAGTACTGATTG,L367S,1,1
-0.06764,0.004253,CCCTATTCGAGCGATT,T301W,1,1
-0.06778,0.01142,ATTCCACAAATGTATA,,0,0
-0.06799,0.002876,ATACCTCTATTTAGAA,,0,0
-0.06813,0.02752,CACGATAGTAAGGCAT,K292C,1,1
-0.06832,0.01374,CTTGTCCTTAAGGGCC,V323K,1,1
-0.06833,0.01939,CCGCAAACACAGAGCT,,0,0
-0.06851,0.02194,ATTAACGTATTTACAA,,0,0
-0.06851,0.02194,CCTCTGTTTTCGAAAG,K140M,1,2
-0.06855,0.002209,TCTATACCCTTCAACT,I160R Q356S,2,2
-0.0687,0.04108,ATAGAACTCAGCATAA,G404D G504Q,2,2
-0.06888,0.003907,ATAACATTTTCACACA,T128P,1,1
-0.06894,0.04685,ATCTTGTAAAACGATA,G504D,1,1
-0.06894,0.04685,CGAACTCCAGATAATA,R220N,1,1
-0.06894,0.04685,GTAAACTGACATATGT,I179M,1,1
-0.06894,0.04685,TAACATTTGTAATCAA,A372K,1,1
-0.06898,0.02049,TGCACTCACCATTATA,Q75S,1,1
-0.06922,0.004883,CCAGTGATAAGCAAAT,Q501A,1,1
-0.06929,0.002819,AGCTAATATGAAATTA,I58V,1,2
-0.06934,0.01307,CCTAACCATATAGATC,,0,0
-0.06943,0.02512,ATTTCATTGTTGCCGA,K207G,1,2
-0.06948,0.01632,CCAATAATATTCAATG,,0,0
-0.06953,0.02039,CAGAAGACAAACCACT,,0,0
-0.06953,0.02039,CTTTGCCTAACCGAGC,E325T,1,1
-0.06955,0.01087,ATAATATACTAACCAA,T155S,1,1
-0.06961,0.01716,ATGCTAAAGGCAAACA,T451C,1,1
-0.06968,0.002739,TTAAAGGAACTCGCGA,Q210G,1,1
-0.06975,0.01809,ACCATAGAAAATCCAC,,0,0
-0.06981,0.04068,CCAAATTCAGCAAACC,S358N,1,1
-0.06981,0.01356,GAACTAATCAACAATC,Q210I,1,1
-0.06981,0.005812,CGGTATTTCCTCAAAC,I160A,1,1
-0.06986,0.02957,TTCCTGGATATATTGT,D366S,1,1
-0.06986,0.004225,AATTCGACTATTACGC,G240M,1,1
-0.07003,0.009552,CTAATACTCTTATACC,K50I,1,1
-0.07006,0.01476,CTGTTGATCAGCGATA,W84Y,1,1
-0.0702,0.04632,ACCAAAAAAAAGTCTC,I214E,1,1
-0.07036,0.01157,AGATAGGTAAAAAATA,T328E,1,1
-0.07036,0.02699,GTCCTACCTTCGTTAA,,0,0
-0.07037,0.004436,GTTTGCAAAATTTCCG,,0,0
-0.0704,0.01295,TAAAAAACAAATCCTA,I242H,1,1
-0.0705,0.008741,ATTAACACGTTGTATT,K82G,1,1
-0.07053,0.01702,CCGCAATTACACATTC,,0,0
-0.07065,0.02936,CCGGACTGACCACTAC,N6P Y233M,2,2
-0.07075,0.003196,TACTCATCAATTGATT,R220K,1,1
-0.07077,0.02482,CTGTTAACTGGTAATG,I282A,1,1
-0.0708,0.0009874,ATCACTAATACGGTGT,S9L,1,1
-0.07088,0.0104,TACCCCATGACATCAA,G116S R361M,2,2
-0.0709,0.04028,ATAACTGGAGTAACTG,,0,1
-0.0709,0.01343,ATTAGTTACAGCTAGA,K417F,1,1
-0.07094,0.01239,GTTAAAAATAGAATTT,H488S,1,1
-0.07114,0.01109,AAAACGGCCCCTTAAC,,0,0
-0.07124,0.0146,CCAACGACATTTAAAA,I267L,1,1
-0.07132,0.008919,TTTAGAATAGACAGTT,,0,0
-0.07143,0.03563,ACACACTATAGTGACT,G142N,1,1
-0.07143,0.06414,ACTAGCGTTACTGTGA,,0,1
-0.07143,0.02915,CTATTGCTTAGCCCAC,Q173I,1,2
-0.07143,0.1069,TTTTAGAAAATATATC,P162Y S205N,2,2
-0.07165,0.008208,GCACAGGCGATTGCCA,,0,0
-0.07186,0.03195,CGTCTAATACGGAGAT,P289I,1,1
-0.07192,0.007258,TAACAATCATCGGATC,,0,0
-0.07193,0.01228,TCAAGTCTCGCCACTC,P103D,1,1
-0.072,0.02127,TATGTGCCAAATAAAA,S114T,1,1
-0.07209,0.02452,ATCCGAGACCAAGTAT,R255T,1,1
-0.07214,0.01062,TATAAATGGTAAGCTT,A476V,1,1
-0.07229,0.004301,ACTAGATTGGTTTGAT,S312G,1,1
-0.07238,0.03533,GTCAAGAAATACCTAT,S137F,1,1
-0.07249,0.01134,TGGACACTCCTATTAC,,0,0
-0.0726,0.006223,ATAATTTATCGCTTAC,K189E,1,1
-0.07262,0.003306,AATTATATAGGCAGTT,I160G,1,1
-0.07286,0.004656,ATTATCTTAACACACA,K259H,1,1
-0.07299,0.006875,GCAGTATTTCACACAA,,0,0
-0.07301,0.03952,TTGAGCAAAAATACGT,S96F,1,1
-0.07312,0.06316,TTAAGCATTTCTATAA,Q75G,1,1
-0.07325,0.008526,AATGGGTCGCTTAAAT,,0,0
-0.0733,0.03503,CAATTCTTGCAGATTA,N290V,1,1
-0.07335,0.00399,GAACATTTTTATAGAA,S47H,1,1
-0.07337,0.02424,AAATTACCTCAAAATT,T328M,1,1
-0.07343,0.015,CAGGTACTGACTAAGA,K397I,1,1
-0.07353,0.01748,ACACATAAGCCCTCGA,,0,0
-0.07361,0.01165,GTTAACACTCAAAGAG,G504Y,1,1
-0.07367,0.02095,AAATCCCTTCTATAAA,,0,0
-0.0737,0.008491,GTTCCTCATAAGAAAT,,0,0
-0.07387,0.003971,ACATCGGACGCAAACG,P289E,1,1
-0.07387,0.02614,ATGCCATGTTAACAAC,L367W,1,1
-0.07403,0.00696,GTTACTGATGTAAATA,A304V,1,1
-0.07404,0.01305,TCCACACCACCTAACC,G275W,1,1
-0.07415,0.01564,ATGATACCAATAAAAT,L428A,1,1
-0.07421,0.03474,CAAATTATGGAAACCT,,0,0
-0.0743,0.01953,TCGCACAGCTTCTATG,G386H E398V,2,2
-0.07455,0.07792,AATATTCAATTAAATA,,0,0
-0.07455,0.07792,ACTGCGGTACCCAGTG,,0,0
-0.07455,0.07792,GCCATATGGATTAACA,N22Q,1,1
-0.07455,0.07792,TCTAACAAATATTAAG,,0,0
-0.07459,0.01074,TGTTATATTAGGTAAT,D188H,1,1
-0.07466,0.005369,AAGCAATACCTTTTTA,V323C,1,1
-0.07482,0.006346,AAATGCATTTGGACAC,E280G,1,1
-0.0749,0.007226,AATTTCCACAATCAAA,N122V,1,1
-0.07505,0.03878,AGTTATATACGAATAA,E410R,1,2
-0.07505,0.03878,TACATGTCAGTCACAG,,0,0
-0.07507,0.01241,TTGCCAGCAACCTGTC,I267W,1,2
-0.07515,0.03099,CCGATCCTGGTATAAA,,0,1
-0.0752,0.001813,AACATTGGGACATGGG,K264F,1,1
-0.07529,0.02064,TATTTTGAGCATATTC,Y105G,1,1
-0.07532,0.0182,ACAAAGATACACTACA,I260M,1,1
-0.07539,0.01237,TAAAAAATTCTCTTTA,,0,0
-0.07569,0.01101,TTAAACTGTTCTACAA,,0,0
-0.07573,0.01401,CTGTTAATGATATTGA,L244G,1,1
-0.07577,0.005707,AATATATTCTAGACCA,S312G,1,1
-0.07583,0.022,AGATGAAAATACTAAA,F448V,1,1
-0.07583,0.022,TAACACAGTAAAACTT,S47M,1,1
-0.07587,0.008321,TACAGCCAACGAATCA,S205G,1,3
-0.07591,0.02798,TCTACAAAAACATACG,K207P,1,1
-0.07592,0.009617,TGTCAGAATCTGGATC,S146G,1,1
-0.07595,0.03076,CATTATTTTCCCTTTC,,0,0
-0.076,0.002079,TACACTTAGAATACGT,T485K,1,1
-0.07601,0.007151,TACCACAATAACACCT,N122Q,1,1
-0.07604,0.01281,TAAAGACTGAAGTCAA,R383D,1,1
-0.07604,0.03842,TTGAACCATAATACCA,N22M,1,1
-0.07614,0.002695,GAACTCTTGTAGAAAA,,0,0
-0.07619,0.007139,CAAGATGAGGCACGAA,,0,0
-0.07624,0.007671,ATATCTCGGGCCAAAT,,0,0
-0.07625,0.01805,AGATAAAAGAAGCATA,,0,0
-0.07634,0.0613,TATCTGACCATCTATA,E401K,1,2
-0.07644,0.009879,GCCCAACATATAATTT,T206S,1,1
-0.07653,0.01093,ATTATAAACTCCTGAC,Q173I,1,1
-0.07653,0.01093,TTGATTCCGAGGAATT,S266L K391A S400R,3,3
-0.07662,0.02779,CAACACGCTTATTGTA,E119K K259Y,2,3
-0.07672,0.008255,TTTGCGCCGAACCCTC,Q407I,1,1
-0.07686,0.03389,GAGCTACCCTTTTGAT,Q173P,1,1
-0.07686,0.0113,ACAAATTATTACGCTA,T485M,1,1
-0.07686,0.1017,AATTTTCCCTAGCACG,G142W,1,1
-0.07686,0.1017,CGTCAATCTTACCGGC,L244I,1,1
-0.07696,0.01219,CTATTTAAAAAACATC,,0,0
-0.07702,0.03807,CAATCCTCCACCCCCA,,0,0
-0.07702,0.004993,ACTTTATTAATCCAAT,R383K,1,1
-0.07705,0.02342,ATCGATTATGCGATCA,,0,0
-0.07705,0.007807,ATGCCAGTCTCTTCAA,A212D,1,1
-0.07705,0.007807,CAGGGCGGTTATTAAT,L66M L157M,2,2
-0.07709,0.01087,TTTAATCTTACCTATC,,0,0
-0.07715,0.01383,AAGGGGATGACTCTCC,G62L,1,1
-0.07716,0.01789,GAATAAACCAAAAACA,,0,1
-0.07716,0.01789,TTTCTCAATTCAAGTG,,0,0
-0.0772,0.01169,CCATGTCGCACCCAAC,,0,0
-0.07722,0.04342,CAACTTAATCACAAAT,,0,0
-0.07731,0.01519,TATCGTTTATAAAATC,E280R,1,1
-0.07733,0.001669,CCTATATTACGTAAAA,T206N,1,1
-0.0775,0.05053,AAACTTGAAAATAGGC,A11V,1,1
-0.07751,0.002888,ATAAACACTATCAAAA,R150H,1,1
-0.07788,0.06041,AAATAGCTGAAGTGAA,,0,0
-0.07788,0.002417,AAAACCCATTTAAAAT,,0,0
-0.07804,0.02154,TTTCGCGAATCACGTT,M444I K503I,2,3
-0.0782,0.01585,CCAAATACTAGTACGT,D408N L428W,2,2
-0.07821,0.006692,CCAAACATGGTCACAC,,0,0
-0.07829,0.01254,TAACCGCACCACAAAA,G142W K368A,2,2
-0.07831,0.04297,ATTAATTATAGGAACC,N489A,1,1
-0.07844,0.02504,AGATTATGCAAACAAT,,0,0
-0.07844,0.0751,ATAACGAACGGAGATA,E403Q,1,1
-0.07844,0.0751,GATGTCAAATAACTCT,,0,0
-0.0786,0.01034,AATCAAAGCGCTAAAG,,0,0
-0.07867,0.01428,AAACATGAAGTAATCT,,0,0
-0.07877,0.008095,CTAAGCCTACCCTAGC,,0,0
-0.07879,0.009357,TAAAGGACAAAAATGA,,0,1
-0.07887,0.0136,ACATACTTAAAGAGTC,N158K,1,1
-0.07889,0.007873,CCTCCGAGGTTACTTT,S95T,1,1
-0.07891,0.03738,AAAAAGGTCACATCAG,E119S,1,1
-0.07902,0.01423,GCAATATAAGAGATAA,E280K T328I,2,3
-0.07915,0.004454,ATCTCCGCCTCGAATG,,0,0
-0.07937,0.0229,CGAATCACAGTCACAA,,0,0
-0.07937,0.01567,GCAGTTTGAACGTAAA,S287T,1,1
-0.0795,0.009913,GCCACCGTGTCCAATA,H184L,1,1
-0.07954,0.004505,TATTATAAGGCAGCAA,,0,0
-0.07959,0.002235,CCACTCGAAAAAATTG,N126L,1,1
-0.0796,0.003714,GATTCTAAAGATTTCA,A212Y,1,1
-0.07975,0.005029,GCGTTACCGTCGCAGA,S156K,1,1
-0.07984,0.004235,CCCCAAACCGTTCAAA,,0,0
-0.07998,0.01644,AAGATCACACTACATA,R150S,1,1
-0.07998,0.01644,ATAATGGACTTTCATT,K503T,1,1
-0.08003,0.01057,ACATAATGCAGAACCT,T40I,1,1
-0.08014,0.004767,GAGAAAGTTATGCTAT,,0,0
-0.08018,0.003436,TTTACCCCTCGAATAT,K50P G62R,2,2
-0.08023,0.01737,TTTGACAAATGTTCCC,P227C,1,2
-0.08029,0.02459,AGGTGACGACTCGCGG,Q407W,1,1
-0.08029,0.02459,GGTCTATTGACACTTA,L157Q,1,1
-0.08041,0.0421,TAAAACACACCTAGTA,K368V,1,1
-0.08043,0.005358,CTAAAAGAAACCGTAA,K121G,1,1
-0.08047,0.005558,CACAATACAAAACGAT,D474N,1,1
-0.08054,0.01177,TACATATATGCCTCAC,K453A,1,1
-0.08064,0.01279,AAGACCAAGCCCGTTA,L243F E401K,2,3
-0.08071,0.009796,TGAGACCCCATATTGG,Q1I,1,2
-0.08083,0.0587,GACCCCAAAATCCTAC,,0,0
-0.08086,0.00524,ACTTTTTAATAACACC,E280M,1,1
-0.08089,0.02445,CCCCAAATTGTACGAA,T203Y,1,1
-0.08096,0.01832,CAAACCACTCTATGAC,P273I,1,1
-0.081,0.01465,TAACTGGAATCTGTCT,,0,0
-0.08118,0.04875,ACCGACAATATACAAA,,0,0
-0.08118,0.00975,TCAATATATAATAGAT,,0,1
-0.08128,0.005128,ATACGCCTAATAATAT,K468W,1,1
-0.08128,0.005514,CCATTAGAACTGACCT,N6C,1,2
-0.08139,0.008586,TGTCGGTATTATTCAA,A476P,1,1
-0.0814,0.006081,CTTCTATCTCACGCAT,Q57E,1,1
-0.08144,0.04168,AAAGTCTCAAAATTTG,K368F,1,1
-0.08144,0.04168,CTTGAACGATAATCAA,K503W,1,1
-0.08165,0.01532,ATAAATTGTATGTTAA,S231V,1,1
-0.08177,0.09693,TAGAATAGAAAAAATA,E325K,1,1
-0.08177,0.03231,AAATTTACATTTATTA,,0,0
-0.08177,0.01385,AGGACATCTCCCGCAT,N94R,1,1
-0.08179,0.005013,GAATTTCACAACCCTG,,0,0
-0.0818,0.007268,CTTAGAAGAGGTAGAA,N483Q,1,1
-0.08188,0.001177,AATCCCTGAGACTACA,D291C,1,1
-0.08191,0.01708,TGTGTAAGTGGATAAT,,0,0
-0.08195,0.007444,AACCTTACCCAGAAGC,G404K,1,1
-0.08209,0.004676,GGTCTCTTATAATACA,N126I,1,1
-0.08214,0.01317,TTAGTCTGTGTTTAGT,,0,0
-0.08217,0.009052,AACAAGACTAACGCGA,,0,0
-0.0825,0.03609,TTTCACTTAACTAGTA,,0,0
-0.08252,0.003138,ACATCTCATACTCTAT,,0,1
-0.08255,0.00352,GAGATTATAACTAAGT,N290E,1,1
-0.08257,0.009948,ACAAGAAATAGGTGTT,,0,0
-0.08262,0.02621,AAAACGCACCCAATAT,,0,0
-0.08263,0.002773,GCTTCTCCTTTGTTCT,I51L,1,1
-0.08267,0.02217,ACCGAACCCATCACAC,,0,0
-0.08273,0.01694,TTCCTAAATAGCTTGG,D493I,1,1
-0.08279,0.01151,TCCTATCTCCTCAACA,T12R,1,1
-0.08303,0.008446,ATAGCACATCTTTCTA,Y105H,1,1
-0.08315,0.006235,ATCAGATAGATTCCAT,L243I,1,1
-0.08316,0.01912,ACAAATAGTCGAATAA,I214Y,1,1
-0.08319,0.02205,CTGAGAATCCTGATTT,S219L,1,1
-0.08325,0.008954,CTCGCAAGAACTACAC,,0,0
-0.08336,0.03577,AACATACTATCTGCCA,I300S,1,1
-0.08342,0.04086,AATAATGTAATAATAA,S480N,1,1
-0.08345,0.006217,GTGAATATAGCCCTAC,E280G,1,1
-0.08354,0.0102,GACCGACATATCAACA,K121W,1,1
-0.08361,0.05709,AATCTGAGATCTAAGT,D175K,1,2
-0.08365,0.008648,TACGAACTACCTTCAG,G62V,1,1
-0.08366,0.004679,AGCATCTTCCGAAAAC,S115R,1,1
-0.08366,0.02038,ACTAATGTCTACATGA,S107V,1,2
-0.08366,0.02038,ATTCTCCAACTTCTAT,P55S,1,1
-0.08378,0.02375,ACCGAAGAAAGTGTAT,,0,0
-0.08383,0.003957,TGGCTTAGAGCCCCTT,N81W,1,1
-0.08383,0.005814,GGGTGAAGCAGTAAAC,K417S,1,1
-0.08401,0.003125,CCGACCCAAAGCGCTA,I282V T301C,2,2
-0.08406,0.01053,ATACAAAAGCTTATCA,,0,0
-0.08406,0.09472,AAACAAACCCGAAAAC,,0,0
-0.08406,0.09472,ACTAATGTAAAAAGCA,E35S,1,1
-0.08406,0.09472,TAAAGGACAAAAAAGT,N8S,1,1
-0.08419,0.008109,TATACTACCACTGACA,,0,0
-0.0842,0.03547,CATAATTATCACTAGT,,0,0
-0.08423,0.02182,AAATCGGTACAAGACC,,0,0
-0.08432,0.005062,ACAGGATAGACATAAA,K368Q,1,1
-0.08438,0.04046,AAGTCCTACCCCAAAA,S265H D415N,2,2
-0.08438,0.04046,TGCAATTAAAACGTAA,A93N,1,1
-0.08445,0.009761,AGTATGTGTCGAATCC,,0,0
-0.08448,0.01179,CAAGAGTTGGTATGAA,D104M,1,1
-0.08462,0.04709,ACTTTGTAAAAAGATC,,0,0
-0.08464,0.004347,ATCTTAATTCAACTAT,N165S,1,1
-0.08495,0.05632,CGACTGAAGAGATGAA,Q210C N424L,2,2
-0.08497,0.00741,CCTATTGCCAGGATTC,Y302W,1,1
-0.08501,0.0134,TTCCGTCGCTTTAACC,N94E,1,1
-0.08509,0.02009,TTGCGCAAGAAGGTAC,Q75K,1,1
-0.0851,0.01654,TTGAAACTTAGCGTCT,,0,0
-0.08512,0.001062,AATCCACTGACCGGGC,A476Y,1,1
-0.08531,0.003381,AACCGGAAAGTGGCGT,Q356M,1,1
-0.08532,0.04007,TTTAAAATAACGCACC,,0,0
-0.08544,0.02335,CTATTAATTCTGCACC,,0,0
-0.08546,0.005718,AAAGATGTAACATTGA,T203K,1,1
-0.08556,0.01999,TAGAACTTTATTCCTC,E172D,1,1
-0.08569,0.01215,TTAAGAACATATTAAA,,0,0
-0.08582,0.01861,ATACAGGTTAGACTCA,Q57A,1,1
-0.08585,0.03487,CAAGATTTTCTCTATG,N341D,1,1
-0.08599,0.01114,TCAGACCGTGAAAAAT,,0,0
-0.08603,0.009603,ATATTTGCCAAAACCA,S54E,1,1
-0.08609,0.01392,GTTCCCTGCATCACAC,N158G,1,1
-0.08625,0.01462,CCGCACTGCTTTACTA,,0,0
-0.08625,0.03087,ACTACGATAACATATA,,0,0
-0.08625,0.03969,ATGTCTGAATAATCTT,,0,0
-0.08625,0.02526,CACATTTCTCCTGAAT,,0,0
-0.08625,0.05557,TATAATTTGTGCAGCG,E426N,1,1
-0.08625,0.09261,TCACTACGAAGACTCT,G333S,1,1
-0.08627,0.002014,CATATCGGTATAGATA,R361E,1,1
-0.08637,0.009912,CTATTTATGACAGAAA,,0,0
-0.08653,0.008148,CCACTTTGATCTGGCA,,0,0
-0.08655,0.006442,GAACACCTACACCTAT,D188H,1,1
-0.08671,0.003073,CCTCAGTGAATTGCTG,A212P,1,1
-0.08673,0.01382,GCGGGTACTCAAGCTA,,0,0
-0.08678,0.009211,GACCCTGACCTAAACC,,0,0
-0.08686,0.002302,ATCTGCCGGCCGAATC,,0,0
-0.08696,0.03064,ATAGTTATTGCTCTAC,I29V K411N,2,2
-0.08705,0.06888,TGAGCCATACAACTCC,G463R,1,1
-0.08714,0.006402,ACTTTACACAAATATT,R269M,1,1
-0.08727,0.011,GTCACTATCGTGTCTG,S143N,1,1
-0.08746,0.008069,GCTGTATTAACAGCTC,,0,0
-0.08752,0.01828,ACGAACAATTCGCTAA,E83G,1,1
-0.08752,0.05483,AACTCTACCTCTGCAT,,0,0
-0.08752,0.05483,CTTTAAGTGTAGATTG,N445E,1,1
-0.08763,0.004418,TCCCAGATTGAATTAG,K140Q,1,1
-0.08766,0.01014,CATCCAGCTATAAAAT,,0,0
-0.08766,0.03042,GGATATGGCTCACTCA,,0,0
-0.08769,0.00595,AAAGAGTAATAGTAGC,S312D,1,1
-0.08783,0.02733,ACACGCACCACAATAT,G263F,1,1
-0.08786,0.004631,ACGCAGTTCTCAACAA,Q327F,1,1
-0.08797,0.004962,AACAAAGAGACAACAA,N45A M168Q,2,2
-0.08805,0.03895,GCAGGGCGACTACCTG,,0,0
-0.08805,0.03895,TAAATTCTGCACACCT,P284T,1,1
-0.08817,0.01513,GAATTTATACCTCAGG,S312N,1,1
-0.08819,0.02094,TAGTAAACTTTCACCT,,0,0
-0.08829,0.0136,CTATCGAAGTTAAACC,G78I,1,1
-0.08834,0.01812,ACGATAGATAAGACGG,,0,0
-0.08834,0.09059,GATCTTCACCTGTCCA,N22Y,1,1
-0.08838,0.002831,AAAGATTCGAATCGAA,A304P,1,1
-0.08839,0.01235,GTCCTGAAAAAACAAT,G479K,1,1
-0.08866,0.02084,CAAAATGGTCATGGCA,,0,0
-0.0888,0.00381,ATTTCCAATCGTGACT,Y233H,1,1
-0.08912,0.004147,CTGTGTAAGACACGGA,,0,0
-0.08914,0.01925,GACTGTATTATACTCT,R220W,1,2
-0.08919,0.01496,TATAATTAAAGAAGCC,S146D,1,1
-0.08941,0.004634,TCACAAGCCTTAAGAA,F258I,1,1
-0.08949,0.0122,GAGTGAATTGTACCGG,S143V E457G,2,2
-0.08951,0.01342,TCTCTTACTAACTGAT,N53S,1,1
-0.08985,0.04457,AATAACAATCAAAAAA,A476H,1,1
-0.08985,0.04457,TGACAGCCAAGCACTC,S144R,1,1
-0.08985,0.04457,TTTCTTGTAAAACGGT,,0,0
-0.09005,0.006843,CTCCCAATGCTTAACC,,0,0
-0.09017,0.02423,TTACAATTGCAAAGCA,A425S,1,1
-0.09023,0.01567,ATGCATACACTCATTT,E410T,1,1
-0.09023,0.01567,GGTTCACGCGGACTAT,,0,0
-0.0903,0.0121,TGGGGCAAATTCGTGT,D32L Q191A,2,2
-0.09035,0.08866,AAGCTATTACGAATGC,L439I,1,2
-0.09038,0.00436,CGAGAAATCGGAAATG,N81H,1,1
-0.09046,0.007591,TAATTATATACAATAC,G263W,1,1
-0.09047,0.0332,TTGCGCTCGAAAATAC,K450R,1,1
-0.09049,0.00151,CCCAATACACGACAAA,R33S,1,1
-0.09051,0.01475,ACAAACCCTCAGATTA,,0,0
-0.09063,0.03788,ATCACTCACGGGGTTA,H18L,1,2
-0.0907,0.02409,CTAATTCACGATAGTA,,0,0
-0.09078,0.009806,ACAGTTAACAAAAACT,,0,0
-0.091,0.009783,GTACAACCCTCTTAAT,Q197K,1,1
-0.09113,0.05275,CTCCCAACCCCCTAAA,A196Q,1,1
-0.09116,0.002561,GACAGTACATGTTCTT,V490M,1,1
-0.0912,0.03294,CGATTAAACAAATCTA,K472L,1,1
-0.09125,0.01881,TCTCTTGGACTGTAGA,Q132H,1,1
-0.09141,0.02629,ACAGGTGACTTCGCTT,S287C,1,1
-0.09151,0.01751,ATAAAACACGGTCGGC,E280S,1,1
-0.09175,0.02381,TCATACACAAACCCTG,R329K,1,1
-0.09176,0.00222,CACACATAATGATCGT,Y308F,1,1
-0.0918,0.04363,AGCTTCTGAAGAACAT,S198H,1,1
-0.09191,0.006537,ATGATACAGTTTAATC,A253S S378G,2,3
-0.09194,0.01538,AACATATAGGACTAAA,S209W,1,1
-0.09206,0.009669,TACAAAAACGTCCTAT,S143R K238P,2,2
-0.09207,0.002271,AGACACTTGGCACCCG,K50W,1,1
-0.09214,0.01186,GCAAATTCTATGGAAA,T187D P215G,2,2
-0.09227,0.05209,ACAACCTAACCCACAA,,0,0
-0.09227,0.01736,CCAAACATGCACACCT,T135A K472R,2,2
-0.09227,0.02003,TACACTTTTTTATCAA,,0,0
-0.09236,0.008673,CTTAAGAATTATAAAG,,0,0
-0.09241,0.013,TGACCTTGGAAGAGAA,,0,0
-0.09245,0.004262,AACTTGCGTGACTAAA,,0,0
-0.09256,0.006657,ATGCCAAAATTACGCT,S369T,1,1
-0.09281,0.007191,CCAAGCTCCATACACC,,0,0
-0.09289,0.00958,ATAGATAGATAAACAG,,0,0
-0.09297,0.01292,CAAATCAAACACATGT,N22W,1,1
-0.09307,0.03687,AATAGCCTAAAAATAC,,0,0
-0.09311,0.0258,AGCAATCAAAATCTTA,I282C K503M,2,2
-0.09324,0.01288,ATAAGATCACATGCAA,G479V,1,1
-0.09338,0.05144,ATGACTCTAAGAGACG,,0,0
-0.09338,0.05144,CACACCAAAACAGAGA,K278F,1,2
-0.0935,0.02854,ACAAATGGTAATTATA,L42C,1,1
-0.0935,0.02854,GAGAGGGCAAACTTTG,K259C,1,1
-0.0936,0.004935,ATAAGCCATAGTGTAA,E484C,1,1
-0.09366,0.04274,ACAGTTTACATCATAG,S209G,1,1
-0.09366,0.02564,CCTAAGACGTAGATTC,I300A,1,1
-0.09366,0.1282,ACAAACCAGCTCTAAA,I67L,1,1
-0.09366,0.1282,TTAGGACCTAGGAAAA,N296T,1,1
-0.09378,0.02328,TCCTTCTTCTCGTCCA,,0,0
-0.09382,0.005953,AACAAAATAAAAGATT,A106S F332I,2,2
-0.09383,0.004129,TTTGATCCACATATCT,,0,0
-0.0939,0.0005958,TTCCGATTGCGTAACA,S46D,1,1
-0.09411,0.08503,ATAAATTTGCACAATC,,0,2
-0.09411,0.01701,TTAATTCGAACTATTT,,0,0
-0.09427,0.02315,AAAAACCAAGCAATAG,P55F,1,1
-0.09447,0.01016,CACTTTAATCTTAACA,S279K,1,1
-0.09464,0.003171,CTAAACCGGAAAAAAA,N489W,1,1
-0.09467,0.03169,CCAGTAATTTGGTATT,,0,0
-0.09467,0.03169,GCATAAATAATCTAAC,V213S T416I,2,2
-0.09468,0.01014,TCTCACCAGGCTTAAG,,0,0
-0.09476,0.02302,CTAGATTAACCACCAC,N31E L367M,2,2
-0.0948,0.01947,GCGAAATTGTAATAAC,I34E,1,1
-0.09485,0.01488,AGGAACACAACCACTT,V323S,1,1
-0.09488,0.01204,ACTGTAAACTTGATAT,,0,0
-0.0949,0.009725,CGTTTAATATATAAGT,D77H,1,1
-0.09511,0.01009,GAGGACAAGACATAAA,,0,0
-0.09512,0.01097,TACCGGTCACTTAGGT,I260Y,1,1
-0.09515,0.004585,ACGCAGGACAACTTCA,N94S,1,1
-0.09522,0.02099,CCTGACTCACTTGAAA,,0,0
-0.09527,0.02518,TCACTAAAAATTACGC,G379A,1,1
-0.09538,0.03592,TTACCAAATAATTCAG,G49C,1,1
-0.09538,0.03592,TTTATTATGTAACCCA,K207M,1,1
-0.09541,0.004334,TTACTTCTATTTACCA,S265K,1,1
-0.09542,0.01323,AACACGAAATAAAAAG,,0,0
-0.09553,0.01004,AAATAACACTTATTTG,N216K P289C,2,2
-0.09561,0.01929,CGCACTATAGCGCAAG,S198A,1,1
-0.09566,0.01253,ATAGGATAAGTAAAAT,Q363W,1,2
-0.09588,0.02778,TCACCTCTGTATGCTA,R208G,1,1
-0.09591,0.009612,AATAGAAAGTTGAGTG,,0,0
-0.09631,0.01777,ACGGTGATAACTAAAA,,0,0
-0.09631,0.1244,AACAACCATGGTAAAC,R92K,1,1
-0.09631,0.1244,ATACATAGAAGGTACC,,0,0
-0.09631,0.1244,ATGCCAGTCCTAATAA,,0,0
-0.09631,0.1244,CATTCTTAAATCATAA,S114M Q501L,2,2
-0.09635,0.008574,GTAACAATGTGAATCA,R201Q K503R,2,2
-0.09642,0.01035,ATTGAGTTATTATACG,S247A,1,2
-0.09646,0.007304,ACTATGTCCAATACCG,K264I,1,1
-0.09648,0.008276,GAAAAGAGACGCATAA,,0,0
-0.09651,0.01306,GAAGACATGCATAGTA,K121T P273R,2,2
-0.09652,0.02068,CTAACACCAACAACCA,I260R,1,1
-0.09657,0.01653,ATACGGCTAGTTAGAC,K189Q,1,1
-0.09657,0.0496,GAGCACCTTGGTACCG,I230M,1,1
-0.09668,0.01769,AGCTCACCAAACTCTA,Q132I,1,1
-0.09686,0.007063,TACTGCTGTAAGATTA,N158P,1,1
-0.09692,0.004941,AACTTGGAGAAGCAGT,K450A,1,1
-0.09712,0.0224,GCAACATAAAATTTCT,,0,0
-0.09716,0.04105,TCAGTTCTAAACAGAC,A212D,1,1
-0.09726,0.03075,ATATTCAAGGAAAGGT,N8R,1,1
-0.09727,0.004242,CGATTAAAACCAATCC,,0,0
-0.09734,0.0117,CAAAGAATGCAAATAG,S143Y,1,1
-0.09738,0.003191,ACAAATGCTTGCCACG,,0,0
-0.09742,0.01535,ACATATCGCCAGAATA,P55Q,1,1
-0.09758,0.01167,ATAAAGCAAAATAGAT,S144M,1,1
-0.09758,0.02723,CATGTCTCTTATACAC,,0,0
-0.09758,0.04902,TTCAAATCATTACGCG,D271P,1,1
-0.09765,0.003768,TGCTACAACCCGAAAT,N498Y,1,2
-0.09771,0.006614,CCTATGTCACGAGGTC,,0,0
-0.09786,0.005552,ATCTGACTTCAGTACA,Q80G,1,1
-0.09795,0.0122,TGAACAAAAGGTGTTC,L367Q,1,1
-0.09799,0.04065,CCACCTACAATTGCAT,,0,0
-0.09799,0.04065,CTGTAGTTTTACCAGA,G61S N165I R361F,3,3
-0.09803,0.007388,GCGGTAGTTTCCTTTG,D32V,1,1
-0.09811,0.0174,CAATTGGACCCCGTCA,G504P,1,1
-0.09813,0.02705,ACTGGCAATAGAATTT,Q57H,1,1
-0.09828,0.01157,GTTTCCCACAGGTTCT,,0,0
-0.09841,0.003153,AGTCAATATGATGAAA,T117S,1,1
-0.09856,0.04845,CAAATCCTGTCATTTG,S146W,1,1
-0.09867,0.003841,TCACACTACGCAAGAA,S205F,1,1
-0.09881,0.04025,ACACATTCCTAAAACC,G240E,1,1
-0.09881,0.04025,GGACATATATTCCATG,,0,0
-0.09881,0.1208,GTAACACTACTCGTTA,R150N,1,2
-0.09886,0.0105,GACGCACAACTGCCAA,S110Q,1,2
-0.09886,0.0105,GATTTTTATATAAGAA,F174H,1,1
-0.09891,0.002567,GTTACTGGACTGATCA,I300E,1,1
-0.09901,0.02008,TTAGCAACAGCTACGA,K310H,1,1
-0.09909,0.01852,CTTTAAGACCAAATGT,,0,2
-0.09909,0.00215,GAAACGATATTTAATC,D101K,1,1
-0.09919,0.005465,CCCCTCTCAAACACGA,T37I N216S,2,2
-0.09921,0.08012,GTCTTATCCGCCCCAT,A304R,1,1
-0.09941,0.05995,TAAAATGAGCCAACGT,I214H,1,1
-0.09951,0.003327,TAGCAACCACTGAAAT,R220M,1,1
-0.09961,0.03987,AAAGCCTTAAATAAAA,G5V G142E M444I,3,3
-0.09971,0.02987,CTGTAGCAATATGCCA,,0,0
-0.09972,0.003186,CCATTCAACCTTTCCA,L157N S198N,2,2
-0.09974,0.02654,ATTCTCTACAAAACCA,P55Y,1,2
-0.09981,0.01989,AATGATTTAATTATGT,R383Y,1,1
-0.09996,0.003971,CTGCGAAAACTAATAA,,0,0
-0.1002,0.01697,ACAAACAAGGAAACGA,,0,0
-0.1003,0.03387,AATGATGAACAATACT,,0,0
-0.1004,0.03949,AGGTATAGATGAAAAT,,0,0
-0.1005,0.04734,ATACGTCAATTACACA,G62E,1,1
-0.1005,0.006962,GATGCCACTTGTAGCA,P21K,1,1
-0.1005,0.009862,GTAAAAAATTTAAACT,,0,0
-0.1005,0.01819,TGTCCCTCACCTTGTT,K259P,1,1
-0.1006,0.008154,CTAATAGGGACAACCC,,0,0
-0.1009,0.01811,TAACCCCACCACCTTG,G78I,1,1
-0.1009,0.01024,ATTGTCGTTAATTTAG,K189Q,1,1
-0.101,0.01961,AAAGATGATCTCACAA,,0,0
-0.1012,0.1174,ACACATCAGATCACTG,,0,0
-0.1013,0.02604,ACCCTTAGAGAAATCG,I160D,1,1
-0.1013,0.02604,CCTCAACATGAAACGA,,0,0
-0.1014,0.01951,AATCCATAGAAACAAA,,0,0
-0.1014,0.007316,TTCAACAGACAACCAT,S143H,1,1
-0.1014,0.04681,GTACTATACAGGACGA,R383N,1,1
-0.1015,0.02924,TTTTTTCCGTTCTAGC,,0,0
-0.1016,0.01796,CTCTACAGGAACAACA,,0,0
-0.1019,0.01011,TAGTACAATTCTTAAT,N8L,1,1
-0.1019,0.03875,CATACTATACAGGAGT,D188Q,1,1
-0.1019,0.03875,CCGGGATACAACCTGT,P103L,1,1
-0.1021,0.007997,CGGAGATAACAATACA,,0,0
-0.1023,0.02104,CCTTCAATAACTATAT,N290R,1,1
-0.1023,0.02104,TGAGACAAACTTACTT,K238A,1,1
-0.1025,0.02308,GACGTAATAACAAATG,I160K,1,1
-0.1026,0.02883,GAATTGTAGCTGCGAA,,0,0
-0.1027,0.005486,TCAGTCTGAGCCGAAC,N63C S124I,2,2
-0.1029,0.009991,CCGAACCGCCAAAATT,S107M,1,2
-0.1029,0.01094,AAAAAAGTATGATAAC,Y470F,1,1
-0.1029,0.0328,CCCATAAATATTGCTT,,0,0
-0.1031,0.02083,TGGTACCACACTCAAA,E401T,1,1
-0.1032,0.01907,ACACGACCGCCAAATC,,0,0
-0.1033,0.009944,AAAATGCCGCGCCCCA,N81G,1,1
-0.1033,0.006017,CATGATTCAACTCCCA,A106I,1,1
-0.1033,0.01758,CAAAGGACAGTCAGAT,P55E,1,1
-0.1034,0.03805,GGAGCCAGATATCGAT,,0,1
-0.1034,0.1141,ACTCTAATAGCAACAT,S193G I374F,2,2
-0.1035,0.0152,CTACACACGCCGTACA,G129H A476M,2,2
-0.1035,0.0038,ACACTAAACATGTTCA,Y105L,1,1
-0.1035,0.03255,CCACTAAACAGTAGCC,S107G,1,1
-0.1035,0.00651,GTTTCATGTAACCAGG,N122E,1,1
-0.1036,0.001245,AAGTGTGTTACCTGGA,,0,0
-0.1037,0.008744,ATCACGACTACCTAAG,S115Y,1,2
-0.1038,0.07574,AAAAAGACAATGCAAT,L447I,1,1
-0.1038,0.02525,GTAAGCAATTTAGACG,P169M,1,1
-0.1038,0.01033,CCTCAACCTAAACAAC,K2Y,1,1
-0.1038,0.006308,TCGCCTTGGAAAAAAT,S124I N445C,2,2
-0.104,0.01743,ACGTAAATCCCTGACC,Y302W,1,1
-0.104,0.01509,ATAATGTTGAAACTAT,V406Q,1,1
-0.1042,0.03229,CTATGCATACAATACC,I274C,1,1
-0.1042,0.03229,GGCGCCAGGTGCGATC,S91N,1,1
-0.1042,0.03229,TACCCTCCACACACAA,,0,0
-0.1042,0.0251,TCTAACAATACCAATC,D7Y M268I,2,2
-0.1046,0.00978,AAAATTCTTCTACCAA,,0,0
-0.1046,0.01184,GCCAAGTTTTGAAATA,,0,0
-0.1046,0.01499,ACACAAGGAAAACATG,H17F T203S,2,2
-0.1046,0.006608,ACAAATAGGATAATAA,N133A,1,1
-0.1047,0.02495,TATCCACCATAGCTCT,,0,0
-0.1047,0.02495,TTATCACAATAGTGAC,L157N,1,1
-0.1047,0.02805,GTGTCATTCATATACC,,0,0
-0.1048,0.0102,ACTCGTGGAAGATTGC,H184Q,1,1
-0.1048,0.03205,AATAAGATATGTATAC,N53L,1,1
-0.1049,0.0064,ATAACTACGTTGAAGA,R261P K387S,2,2
-0.1049,0.01493,TGTTATATCTAAAAAT,,0,1
-0.1049,0.006786,AATTTAAGTAGAAACA,,0,0
-0.1049,0.006996,AAATCCCAATACCCAT,,0,0
-0.1049,0.006996,TGTTTATAGCATAAAT,S46G,1,2
-0.105,0.01066,CTAAACCAAAAAATAT,K2N,1,1
-0.105,0.006047,TACAAGAAATCCTATG,I3E,1,1
-0.105,0.00639,AGATCTGTACTAACCT,D461N,1,1
-0.1051,0.01396,TTCCCATATTACACGG,P21Q,1,1
-0.1052,0.01488,ACAAACCTGCAATCAT,D77E,1,1
-0.1052,0.01593,AAGAATTATCATAAAA,P273V,1,1
-0.1052,0.01593,TAGACGCATTTCATAA,Q80F,1,1
-0.1053,0.009689,AGGTATGCCGAAAAAC,E280T,1,1
-0.1053,0.007959,TACGATAAACGTACAC,,0,0
-0.1055,0.03703,ATATAGCAAACCTTCA,,0,0
-0.1056,0.01306,AATATAAAATCTACTA,P21H P169A,2,2
-0.1056,0.007928,TATGTTCGAGACAATT,,0,0
-0.1056,0.02465,AGGAAGGTTATCCATT,K417W,1,1
-0.1057,0.04432,AGAAAAGTACAGTTTA,K292I,1,1
-0.1057,0.002638,GTTTATTAATGAATAA,N63E,1,1
-0.1058,0.01581,TCAACGTTACTAGTAT,,0,0
-0.1059,0.006505,AAAAGTCTTTTAACAA,Q211E,1,1
-0.1059,0.009207,CTAAACAAGCGTTTCA,,0,0
-0.1059,0.03156,GCGCTACGGGCTAAAC,S312A,1,1
-0.106,0.05518,TTTGTAAGACAAAGCC,K189M,1,1
-0.1061,0.002023,TACATTAGAGCCATAC,R482W,1,1
-0.1063,0.0275,ATAAATAGATACGGCA,,0,0
-0.1064,0.01569,TACATGCATATACTGA,N290D,1,1
-0.1064,0.0122,TAGTATTCAATGCTTC,L431M,1,1
-0.1065,0.04385,AAACAAAAGTAGTATA,T187I,1,1
-0.1065,0.03132,ACATCATGGTGAGATC,P103Y,1,1
-0.1065,0.008121,CTAGACGAATGGTGGG,P289D,1,1
-0.1065,0.03132,GGTAAATTGCATTTAA,,0,0
-0.1067,0.01151,ACTAATATTAACTTCA,A93F,1,1
-0.1067,0.008408,AAATGTAAATCTGCTA,K207E A495S,2,2
-0.1068,0.01457,TCTTAACTTCCCAAGC,S205C,1,1
-0.107,0.05445,AAGACGATGAACCTAT,,0,0
-0.107,0.05445,GTCATGACGACTAAAT,,0,0
-0.1073,0.04339,GATCATAAAGGTGTCT,W234F,1,1
-0.1075,0.03607,CTATATATAAGCTTGT,,0,0
-0.1075,0.007214,AATTTACCATAACTCC,K131A,1,1
-0.1076,0.006356,GCACAATAATAACTCA,,0,0
-0.1077,0.0048,CCATATACAGTAAAAC,N6A,1,1
-0.1078,0.01135,ATTTATTACGAGATAA,,0,0
-0.1078,0.07182,CAAAGCAATCTAATAA,,0,0
-0.1078,0.07182,GACATAAATGTAATAA,V166Y,1,1
-0.1079,0.005982,CTTTTTAAATTCTCCA,,0,0
-0.1079,0.01956,ACTTGTCCACCCAATA,G49S,1,1
-0.108,0.05375,CTTTCCAGACCTATCC,,0,0
-0.108,0.05375,GCAAGGGTATAATTCA,S47Q,1,1
-0.108,0.05375,TATAGCATTAAATAAA,Q371D,1,1
-0.108,0.005241,AATGACCAATACAAAA,S114M,1,1
-0.1081,0.00895,ACAGACATTCATATCT,S124D,1,1
-0.1081,0.04294,TAGCCGGGTCTAAAAA,,0,0
-0.1082,0.002063,TCTACGACTCATCATA,,0,0
-0.1084,0.008911,GTAAATACCAATAAAC,S219M D493T,2,2
-0.1084,0.005214,CCAATCGAAACTCTAT,,0,0
-0.1086,0.01776,ACGGCTTATTTAGACA,E83P,1,1
-0.1086,0.01938,GGATCTCCGTGAAGTC,R405K,1,1
-0.1087,0.02367,TCAGGACCAACCCAAA,N285R,1,1
-0.1087,0.02662,AGTTACGCACTAAAAA,P169Q,1,1
-0.1087,0.003178,CAGCTTGAATGGTTCA,,0,0
-0.1087,0.009677,CTGATCCAACCGCAGC,E414Y,1,1
-0.1088,0.03545,GTAGATTCCCCACAGG,A93T,1,1
-0.1088,0.03545,GTGATCGGACCGTGAA,,0,0
-0.1088,0.04251,ACGCTTCTCAGGAATG,,0,0
-0.1091,0.02353,GTCAACCTGGATGATC,G263S,1,1
-0.1091,0.02353,TTCGAACAACTGGCTT,,0,1
-0.1092,0.005163,AGAAACAACAATCGTT,N122R,1,1
-0.1092,0.006223,TTATATAAATAAATTG,A212W,1,1
-0.1092,0.01175,AGTAACCATTACTTTT,,0,0
-0.1092,0.01175,TAACGATATACAATCA,K292L,1,1
-0.1092,0.005715,CGTCAAGTACAAAACC,T135G,1,1
-0.1093,0.03019,TGTTTCGTCAAGTCCA,S209C,1,1
-0.1093,0.0192,TATAAAAACAATATCT,,0,0
-0.1094,0.1055,AAAAGCTCGGGAGTTA,K264G,1,1
-0.1094,0.1055,AAATATAATAATAATG,T328H,1,1
-0.1094,0.009588,ATTAAAAGATCTACCG,,0,0
-0.1094,0.02109,TATTAATAAACTAACA,D291A,1,1
-0.1095,0.0234,CCTAACAAAAAACAAT,R405A,1,1
-0.1095,0.008097,CACTCTCAAAATTAAA,,0,0
-0.1098,0.004879,ATGACATCACGAGTCT,,0,0
-0.1099,0.0524,TAACGGCACTGGGGGA,,0,0
-0.1099,0.01747,TGACAATAATAAAGAA,T167M,1,1
-0.1099,0.01232,AGCATATAAAAAAAGT,R109S,1,1
-0.1101,0.004645,TGCCGTCAATAAAAGT,,0,0
-0.1101,0.01229,CGTTGATTCGACAGAC,P227C,1,1
-0.1102,0.01159,AGTCATTCGAGGTAAA,D291M,1,1
-0.1103,0.04165,ACACGCTTGCATTACA,A196V L314I,2,2
-0.1103,0.01389,ATGTTCTTATTGCTCT,,0,0
-0.1103,0.01893,TCCTACACAAATACAA,K238T,1,1
-0.1103,0.01602,CACTCCTATTAACTAG,K292T,1,1
-0.1103,0.01225,CCATTACACTGAAAAA,R456M,1,1
-0.1103,0.06942,TTAACTGTTTGGACAA,,0,0
-0.1105,0.009037,CTCAAGAATGACCAAT,S209W,1,1
-0.1105,0.009895,TGCGAATCGCCTAACG,,0,0
-0.1105,0.02078,AAATAAACGTTAAAAT,S193G,1,1
-0.1105,0.002807,TCGGCCCTAACTGCTG,,0,0
-0.1106,0.01885,CGAAACATCATATCCC,S114I,1,1
-0.1107,0.02301,CGCTAAAATATCAGCA,Q75E S231V D493E,3,3
-0.1109,0.005742,CCAATAGTCAACTTAT,K276A,1,2
-0.111,0.006069,AAAAGTTGCATAGCGT,S143T,1,1
-0.111,0.005287,ACAAAAGCCAAAAACC,,0,0
-0.1112,0.001745,AGCTTACAATATCAAC,R208C,1,1
-0.1112,0.03428,AACTAGCGAATGGCAT,,0,0
-0.1112,0.03428,TAAAAACTCATGAGAA,,0,0
-0.1113,0.02933,AATAAAGCATATTCAT,Y100V,1,1
-0.1114,0.01079,AAAAAATACCCAAAAA,,0,0
-0.1114,0.003016,CAGCTAGAAAGGAATA,S219W,1,1
-0.1115,0.02276,CAATAGTATACCTAGC,G49H,1,2
-0.1115,0.06828,GACAAAAAATAAACCT,,0,0
-0.1115,0.06828,GCAAACCTATACGGCA,,0,0
-0.1115,0.01366,TTTATTGGCGGGCATT,P169D,1,1
-0.1116,0.0186,TTAAATCAAAAGGGGC,,0,0
-0.1117,0.04084,TATCGAGCTCTCGCCT,P273V,1,1
-0.1118,0.007289,CAGGAAAACGTAATCA,I160D,1,1
-0.1118,0.034,TATCAAAATTCAATAA,D85T,1,1
-0.1119,0.02548,CTAACGTATGCGAAAA,,0,0
-0.1119,0.001741,GTGAACAACACTACTA,L157D,1,1
-0.112,0.01357,GTATATCTACACACCG,,0,0
-0.112,0.006163,GATCATCCAAAAAAAT,,0,0
-0.1121,0.002477,GAGTCTATCAATACCC,H184S,1,1
-0.1122,0.01352,GTATCCCAGTTCAGAG,,0,0
-0.1122,0.01449,TCTCTGCAAATGTATC,K131M,1,1
-0.1123,0.02252,CTTAACAATTCAAACA,L70A E449D,2,2
-0.1123,0.02532,TATGCAATCCATCCAG,,0,0
-0.1124,0.03373,AGAAAAACTCAAGCAT,S231M,1,1
-0.1124,0.03373,ATCAGATTTTAGACAA,L367W,1,1
-0.1124,0.003819,CGCCTGAATAGTCAGT,E280N,1,1
-0.1126,0.06718,CATATTACATCAAGCT,N489R,1,1
-0.1129,0.007176,TATAGATTACAAGGCT,P4H E359D,2,2
-0.1129,0.003404,TAACTACAACTGTTAA,D408Q,1,1
-0.1129,0.02007,ATGCAACTTGCATTCA,D60E,1,1
-0.1133,0.02853,AATCTCATTACCAATA,,0,0
-0.1133,0.02853,GAAAAGTTTTAAAAAA,N498S,1,1
-0.1133,0.007127,TACACTACGATCAAAA,K368T,1,1
-0.1134,0.01049,TATCATTAGTGAATAT,,0,0
-0.1134,0.01245,AAATTAAATGCATCCA,,0,0
-0.1136,0.008642,AGCACATCTAAACCAC,R92M S199R,2,2
-0.1138,0.06611,TAAAAAAGACCACAAC,S480Y,1,2
-0.1138,0.01322,AAAATTAATATTCTTG,N45R,1,1
-0.1138,0.02834,ATAACGACCATAATAC,H18I E457Q,2,2
-0.1138,0.007079,GCTTTCGAACCCATAC,,0,0
-0.114,0.01795,CTATACAAAAAACATA,,0,0
-0.114,0.01795,GAAAGAGACATGCACA,I29V,1,1
-0.114,0.01795,TACCTCAAAATTTCAC,,0,0
-0.1141,0.008968,GGACCTTCCAGCACAA,N53I,1,1
-0.1142,0.04929,ATACATGAAAAACTTC,,0,0
-0.1142,0.0027,CATACAAAAAATAAAG,,0,0
-0.1142,0.01095,AAACCTTGATCGGTCA,,0,0
-0.1142,0.01969,AAGTCAATTGTAAATA,,0,0
-0.1146,0.03267,CCTACGTTCGATTCCC,H18K,1,1
-0.1147,0.01504,CGAATGAATCACCAGA,,0,0
-0.1148,0.02443,AAAATGACTTTAGAAA,,0,0
-0.1148,0.06508,AACGTGTCTAAATGCA,,0,0
-0.1148,0.06508,TATACAAGTGGTTTAG,A93I,1,1
-0.115,0.00696,TTCGATTATCACACCA,Q80T,1,1
-0.115,0.003479,ATAGCGCCCACCCCAA,Q407K,1,1
-0.115,0.01498,ACAATCTGATATATAC,G263S,1,1
-0.115,0.03893,AGATTGAAAAATCCCA,,0,0
-0.1151,0.006708,AAAACAATAGGTCTAA,P221R,1,1
-0.1151,0.03241,GCAATACACTGCTGTC,Q363H,1,1
-0.1151,0.02777,AACACGACAGCATAAT,W127Y,1,1
-0.1152,0.001207,TACAATCCAATCATCC,G62C,1,1
-0.1153,0.002423,TGATATCTTCTCGGTA,T328V,1,1
-0.1154,0.004723,TCCTTTTTAACTAATT,N475R,1,1
-0.1154,0.009216,AATTAATTGCCGTACC,,0,0
-0.1155,0.01488,TATTTATATTCGCTCC,R299K,1,2
-0.1155,0.02147,ATCTTCGCATAGCTAA,,0,0
-0.1156,0.02758,AATATACAGAACATAG,E35Q,1,1
-0.1156,0.02758,TCCACGAGACAACTGA,,0,0
-0.1157,0.03857,GAAGTTCTTATAGTGT,P221H,1,1
-0.1157,0.03857,TCTACAATGGCGCGTA,D408E,1,1
-0.1157,0.04815,AACTGCGTAAAAACAG,G379Q,1,1
-0.1157,0.04815,ATTAATGTACTATGAT,K238D,1,2
-0.1157,0.04815,CGTACAAAAACCCAAT,L243V,1,1
-0.1157,0.04815,CTATATGCTTAACCTC,I48S,1,1
-0.1158,0.0175,CAAAACGAATTTTCAA,,0,0
-0.1159,0.005656,TAGCAACCACCTGTGG,K140P,1,1
-0.1159,0.01011,ACTTAATTATTAACTC,S114D,1,1
-0.1159,0.02401,ATATCAAGAAGTTTAG,P169E,1,1
-0.116,0.0274,ACCTGGCATTAGTCAA,N45P,1,1
-0.116,0.0274,AGAAGATCCCGAAATA,K503W,1,1
-0.1161,0.03192,CGCAGTGCCCGTGGTT,S480D,1,1
-0.1163,0.02387,CCTCTAGCATGTAATA,G142M,1,1
-0.1164,0.003894,CCTCATGAAAATCATT,N464D,1,1
-0.1164,0.02722,TTAAGCCAATCTACTA,V102M N122Q,2,2
-0.1165,0.0476,CGATATAATGAATAGT,,0,0
-0.1165,0.007048,CCGAACAACAATAATT,,0,0
-0.1166,0.01728,AGACCCGTAAAAATTT,,0,0
-0.1167,0.008633,ACATTCATAACAATCT,,0,1
-0.1168,0.00527,ACTTCTAAAATATTTC,P169C G386R,2,2
-0.1168,0.01185,TTCGTCTTACCTTCAA,L439M,1,1
-0.1169,0.03786,TAGGAAATGTATACAC,A430H,1,1
-0.1169,0.06311,TAAAACAACACTAAAC,G142V,1,1
-0.1169,0.01262,TCTCTTAAACAAACAG,,0,0
-0.1169,0.002703,GAAACATTTTGTTTTT,,0,0
-0.1171,0.03143,AACCTTAATTGAATAG,S124C,1,1
-0.1172,0.006278,CAGTAAAAACTACACA,N290T,1,2
-0.1172,0.04706,TTCGTAATCACACAAT,L111M,1,1
-0.1173,0.02687,AGTCTACTTAACTATC,V413M V490M,2,2
-0.1173,0.0188,CTATTGGAAGTATATT,D291P,1,1
-0.1174,0.02347,TCCTAGAATACAAACA,S54W,1,1
-0.1175,0.004578,TGCCATAGGTTTGGGA,Q363T,1,2
-0.1176,0.01337,ATTTCAATCTTAAAAA,S287A,1,1
-0.1176,0.09359,GCTTGGATACTATGAT,L316F,1,1
-0.1176,0.003342,TCTGTTGTTTAAACAT,D415N,1,2
-0.118,0.009801,ATGACTACATATTAAT,K278A,1,1
-0.118,0.01431,TCATAAGAACACTAGG,N38E,1,1
-0.118,0.03719,TATCACAACCCTACAA,S312F,1,1
-0.1182,0.01324,AAAATACAAAAAATAT,S198I D487E,2,2
-0.1183,0.0103,TCCAATACCAATGCGA,,0,0
-0.1184,0.008806,TGACATCACAAAAAAT,Q57R R141T,2,2
-0.1184,0.01088,ACATGCTTGAAAACAC,K417N,1,1
-0.1184,0.0132,ACCCTAAAAGACTTTA,D408L,1,1
-0.1184,0.0132,ATACATCAAGCAACAT,P103Y,1,1
-0.1184,0.004739,TTAGTATGATAGCCTC,,0,0
-0.1186,0.03686,ATAAACGAGACTTGAA,N159H,1,1
-0.1186,0.03686,GACAACGATTTAATCT,,0,0
-0.1187,0.004847,AGAGATTTATTACTTT,,0,0
-0.1187,0.004383,GCCGCAACTAGTTCAC,P169Y N497L,2,2
-0.1188,0.01839,CACTATGTATCTAAGC,P221M,1,1
-0.1188,0.06125,ACGCTGGTTCAAACCC,,0,0
-0.1188,0.06125,TAGAGTACACAACCAT,K171N K259G,2,2
-0.1188,0.01312,AATCCGAGACTCCCTA,K397M,1,1
-0.1189,0.02295,CATATCTCCGAACCGC,N382Y,1,1
-0.1189,0.02619,ATTAGCTTAATATATT,,0,0
-0.119,0.002084,ACTTGGTGCGCGTCAA,,0,0
-0.119,0.03051,AATACCCCTCCTCTAC,,0,1
-0.119,0.03051,GTAAACGATACTCACA,,0,0
-0.119,0.03051,TTAGATAAATAGAACC,D375T,1,2
-0.1192,0.01218,CAGCTTAGTGACCAGA,I418C,1,1
-0.1194,0.01071,AATCCCAAGATAGTTG,,0,0
-0.1196,0.00585,AACTATCAATCTCGTA,Q132G,1,1
-0.1197,0.06036,AAATCTGAACAGGTTA,,0,0
-0.1197,0.03622,CGAAAAACTAATAAAA,I282L,1,1
-0.1198,0.01291,AAATCCGTTGAAAAAA,,0,0
-0.1198,0.002153,AAAATTGGGTGCACAT,,0,0
-0.1198,0.007859,CTCTTTTCGAATAACA,,0,0
-0.12,0.003163,AAATCTCTTATATGAG,S9L,1,1
-0.12,0.02002,TATAATTCCGGAGACA,Q454K,1,1
-0.1201,0.02571,AGTAAACATCATCAAT,T135I Q211V,2,2
-0.1201,0.01799,AATCTCTGCGAATACA,S149N L244E,2,2
-0.1202,0.004731,ACATGCGCGATGGATC,,0,0
-0.1203,0.0359,TCTAAAATGTGTTGAA,,0,0
-0.1204,0.02986,GACAGTATTAGACCAT,G49D,1,1
-0.1205,0.01627,ATCCAATCGACAATCA,,0,0
-0.1206,0.01983,TATACTTAAAAGTAAT,,0,0
-0.1207,0.01784,TTCCACTGAGACAATA,,0,0
-0.1207,0.04454,GCAGAAAAGGGCTACC,T117Q,1,1
-0.1207,0.04454,TAGACCTCCATAGATA,S156I,1,1
-0.1208,0.00712,CCCCAGACCATACGAT,Y302M,1,1
-0.1208,0.0356,CTAAAAACTTTTTGAT,,0,0
-0.1208,0.0356,TGATGACACATTTCTA,,0,0
-0.1208,0.006135,TGACAGTAGACCCGAT,K276S,1,2
-0.121,0.008871,CAATGAATAGCCAGTT,L428I,1,1
-0.121,0.003773,GTAGCGCATAGTGCCC,,0,0
-0.1212,0.002359,TAAAAGACATAATCAA,K453V,1,1
-0.1213,0.005049,CACGTACTATAAAATA,,0,0
-0.1213,0.005521,CGGTGTTTGAGTTCAA,,0,0
-0.1213,0.02943,TAAAAGTCTAAATTCG,,0,0
-0.1215,0.011,TAACTACTGAAAATGA,,0,0
-0.1215,0.05866,AAGCTAATCTGACAGG,,0,0
-0.1216,0.007643,TACTCCAGGCTCGTAC,S137G,1,1
-0.1217,0.02923,ACCCCAAGAAAGCCAT,,0,0
-0.1217,0.08768,ACTTAAGTAAGAAATA,K368Y,1,1
-0.1219,0.0046,ATAATATGATACTATA,K2A,1,1
-0.122,0.003231,CTGTAGTAACAAAGCC,S144H,1,1
-0.1221,0.01089,ACATTGCATATCAAAA,,0,1
-0.1222,0.02175,GAAAATAATGGTCCGT,N285V,1,2
-0.1223,0.02479,TACAAGCCCTTTATTA,,0,0
-0.1223,0.02479,TACGCCTTCGTAACCT,S107I S312K,2,2
-0.1223,0.009134,AAATCTTCGTCGCAAC,F87W,1,1
-0.1224,0.001771,ACGAGGTATGTTATCA,K310I,1,1
-0.1225,0.02164,GATAACAATCAGGTAT,,0,0
-0.1226,0.006175,TACCCGCCATGCCGGA,K121A,1,1
-0.1226,0.01016,ATAATCAAAAACGATC,I51V,1,1
-0.1227,0.004208,AGTTTCCCAGCAAATC,,0,0
-0.123,0.003239,AATGTCATACACGCAG,S149D,1,1
-0.123,0.00715,ACTATAAAGATATACT,N53P,1,1
-0.123,0.0156,AATCACCAGAACACAT,,0,0
-0.1231,0.0245,GTATAAACTTTACACT,R33F,1,1
-0.1231,0.01429,GTCCACAGTCAGATAA,D175H,1,1
-0.1231,0.01008,CTGATAGATTAGTTGA,,0,0
-0.1233,0.04271,ATACAAATCTTTCCAG,T40Y,1,1
-0.1236,0.01061,AATATAAAATTATTAA,N126H,1,1
-0.1236,0.01061,CCTCGGCAAGGCAATA,,0,0
-0.1237,0.01306,AATTACTCAAGGCAAG,I288V,1,2
-0.1237,0.01543,ACTTCATAAATCGAAT,,0,0
-0.1237,0.01543,GAATGACAACCCTGAG,N341R,1,1
-0.1237,0.02119,TTATAGGCTATACAGC,,0,0
-0.1238,0.03386,ACGGGATGCGGACCAT,Q197E,1,1
-0.1238,0.007054,CTCATATAATCACCGA,,0,0
-0.1238,0.007054,TCAACTCCGAGTAGCA,,0,0
-0.1238,0.007359,TGAAAATTATAATCAA,E426G,1,1
-0.1239,0.04228,AGACGCGGCCTAATCC,Q454V,1,1
-0.124,0.05628,CTACTAAAAGATCCCT,,0,0
-0.124,0.05628,GATCCTATAAAACCTC,R208M,1,1
-0.1241,0.00732,TTTCATGCTAATTAAA,,0,1
-0.1242,0.00561,GCGAAAAAGTACCGTA,,0,0
-0.1243,0.02098,ACTCCTCAATTACAAA,P273Y,1,1
-0.1243,0.01526,TTCCTTTCACTAAATA,Q44N,1,1
-0.1243,0.008389,TAGACGAACATTTAAT,A476I,1,1
-0.1245,0.001509,TTAACTTATATCTAAC,D101G,1,1
-0.1247,0.01391,AATAACCCGCGTAATA,,0,0
-0.1247,0.006675,ACAGCTACATTGACTG,T388I,1,4
-0.1248,0.01514,AAATCACGGGTTCCAT,,0,0
-0.1248,0.01514,AAATTAGGTTATCAAT,,0,0
-0.1248,0.005203,AAAAGAAATCTCGACT,V20K S156A,2,2
-0.1249,0.02077,TGAAAAAAAAAGTCCG,D408F,1,1
-0.125,0.007218,AAGAATTGTAATGAAT,A69T,1,1
-0.125,0.01185,AATAAACCACAATCAC,Q57C,1,1
-0.1252,0.007873,GTCTATTGTACCTAAA,G49Y,1,1
-0.1253,0.02749,CTCACCGCCGGTATAA,,0,0
-0.1253,0.007498,TTTTTACAGGCAAATC,D60V,1,1
-0.1255,0.003501,GCTGGCTGCACCCGTA,,0,0
-0.1255,0.0548,AATAATTCACCTTTAC,T203E,1,1
-0.1255,0.0548,ATCCTAAGCCGATATT,,0,0
-0.1256,0.04103,ACACTTAACCTTAATA,,0,0
-0.1257,0.02731,ATTAACAACCTCATCC,,0,0
-0.1258,0.01487,ATGGAGAAACTAACCG,E83A,1,1
-0.1258,0.009084,GTCTAACTACAATCTC,V223K,1,1
-0.126,0.006518,TATTATGCACAGCAGA,,0,0
-0.1261,0.03253,TAAAATTAATACACAA,N159R,1,1
-0.1263,0.05408,AAAATACAATAAATAA,H355I,1,1
-0.1263,0.02027,CTGGTGAAACTTAAGG,D291Y,1,1
-0.1263,0.002573,CGAGTACTCTTTATGG,,0,0
-0.1265,0.01346,AAAACATAACTGCTTA,,0,0
-0.1267,0.02301,GTCCTATTTTTTATAA,,0,0
-0.1267,0.04024,CCAAGACGGGGCGGTT,,0,0
-0.1268,0.003034,TAAAAGTGAGATTCAC,N6A,1,1
-0.1268,0.01005,GATTAAAAGTACAGAA,E280L,1,1
-0.1268,0.01461,CCACGATCATTTTCAT,G200Q,1,1
-0.1268,0.02678,AACATCCCACCAAGAC,,0,1
-0.127,0.01068,AAATAAGGCAGTGATT,K450H,1,1
-0.127,0.05339,AATAGTGGCCCAGTAA,G275M,1,1
-0.127,0.05339,AGTAAGGCGAACATAA,,0,0
-0.127,0.00433,GTACTAATTACTAAAC,K315F,1,1
-0.1271,0.007262,TAAACACACTGTACCT,Q356D,1,1
-0.1273,0.004973,GTAAGATGAACGCCCT,,0,0
-0.1275,0.01586,AATATGTCCCTATACC,,0,0
-0.1276,0.006884,TATTACACGGCTTGAA,L243I,1,1
-0.1276,0.005276,ACTTAGCCAAATAAAT,K417G,1,1
-0.1277,0.05271,AAAGGTTCCACCGACC,D291S,1,1
-0.1277,0.05271,TGTACCTAAATCCTCC,K315Q,1,1
-0.1277,0.009881,CAAACAGTACATAAGC,K82G,1,1
-0.1282,0.007125,AAAAACATAGCTCAAA,,0,0
-0.1282,0.02611,CCAATACGATGTCCGA,G62T,1,2
-0.1283,0.0391,GCAGAGATGCACTTAC,V323L,1,1
-0.1285,0.02595,TGAGCCTAGCAGAAAT,G49S,1,1
-0.1286,0.01036,TGCATATTATATAATC,Q407M,1,1
-0.1287,0.02215,ATAACTCAAATTTTCG,V166S,1,1
-0.1288,0.005737,ATGCTTTCTATCTCTC,K276P,1,1
-0.1289,0.02579,ACCGCCCATGTAACGA,M268V,1,1
-0.1289,0.006717,CCACGCTCAATCCAAT,,0,0
-0.129,0.005721,GAAGTCTATCCCCAAT,L427V,1,1
-0.129,0.05141,ATCGACGTTAGAGAAA,L431M,1,1
-0.129,0.01402,CCGCTCAAACAAAAAC,F448V,1,2
-0.1292,0.01397,AATGATTATATGATAA,D7I,1,2
-0.1292,0.003203,CGTTTTAAGATCGGGC,N126I,1,1
-0.1293,0.03838,TGCTATAATTCCTAGC,R307K,1,1
-0.1293,0.009585,ATTGGTATTCGTTTAA,S95A,1,1
-0.1293,0.004145,AACTTAGCAACCAAGT,A212F K264H,2,2
-0.1294,0.03062,ATTGTTTCGTAACAGA,,0,0
-0.1295,0.006116,AATACCGTATCCAGCC,K326W,1,1
-0.1296,0.005455,AAACCTTTTTAGATGC,K189L P273V,2,2
-0.1297,0.05078,TTCTACCCCCTAGTTT,,0,0
-0.1297,0.01384,CACAAAGCGAGTGGTT,M268F,1,1
-0.1298,0.03803,ACAGTAATCCTAGCAA,,0,0
-0.1298,0.03803,GAACAGAGCAACCCCA,Y105T,1,1
-0.1299,0.004602,AAGCAACCTTATCCAA,,0,0
-0.1299,0.01517,TTGCATAATATCTAGA,I34M,1,1
-0.13,0.007218,GATAATTAAATAATCA,,0,0
-0.1302,0.00888,AAGCTTTGAGTTTTCA,Q311T K326N,2,2
-0.1302,0.03769,TCATTCTCCATCAACT,G275S,1,1
-0.1302,0.004188,TCAGTTTTGAACGTAG,N126Y,1,1
-0.1302,0.002094,ATGAAAGGAATGAAAC,,0,0
-0.1305,0.004163,ATCTTACTTGTCCCTA,I260W,1,1
-0.1306,0.01361,AACACATGTGAAACAG,,0,0
-0.1307,0.03735,AGCTAGTTCTACCGTC,I242T,1,1
-0.1308,0.003928,AAATCTTAGAAGCTGA,S143I,1,1
-0.1308,0.02486,AAAACCGACCCTATAT,L70F,1,1
-0.1309,0.02974,CGAAATAAAAGATTAG,K368W,1,1
-0.1309,0.04957,TACTCCGATACACTCA,,0,0
-0.1309,0.02125,TCAAAAGACAGATGTT,,0,0
-0.131,0.01485,ATAGTCTTGAGAGTAC,K121L,1,1
-0.1314,0.02457,AAAATCCACAGAAACA,,0,0
-0.1315,0.02103,TTAAATAAGGCGCCCT,S124F,1,1
-0.1315,0.001502,GAAGGTACTTAAATAC,,0,0
-0.1315,0.005655,ATGCTATAAATCTTAT,,0,0
-0.1315,0.04899,AGTATAACATTAAACT,N6T,1,1
-0.1316,0.005437,ACAACAATGATTATCC,Q197S,1,2
-0.1317,0.02933,CCTTTAGACAAAAACC,S114G G200A,2,2
-0.1318,0.01464,AGAATTAAGCGTCCAA,D32N,1,1
-0.1329,0.01589,CATAAATGCCGTTCTC,,0,0
-0.1329,0.01192,GCCAGTCAAACGTCCA,,0,0
-0.133,0.02041,GTACAGCAAAAGTCTA,N63M,1,1
-0.133,0.006207,GTAAGTATCCGACCGT,G62N,1,1
-0.1331,0.02852,AAAGAATAGTCGTTAC,K121Y,1,1
-0.1331,0.01424,AAGGTTATGGAAATAG,,0,0
-0.1331,0.01017,CCATACACGCTGTGTG,A106D,1,1
-0.1333,0.04732,AAATCTGGGATGTTAA,D175V K503N,2,2
-0.1333,0.04732,AATACGTTACAACTCC,S47M S193N G256C P306Q F332I,5,5
-0.1333,0.04732,CCCAAATTGATCAGCT,,0,0
-0.1333,0.005912,CCAAAGGCACAGTTCC,,0,0
-0.1333,0.005455,AGAGGGCCATTAAGAG,I236V,1,1
-0.1334,0.00675,AAAAAAGACGTTAAAG,,0,0
-0.1334,0.02833,CCCGGGTCGACCGAAA,,0,0
-0.1334,0.002115,CACAAAAATATGATTT,N81S,1,1
-0.1335,0.004159,AAAATTGATAACCGAT,K397R,1,1
-0.1335,0.01087,AAAAAACAAGGAAAAA,,0,0
-0.1336,0.01281,AAACGGGGACTGAAAA,T128R P227Y,2,2
-0.1338,0.04679,GAATTTCTAAATTGTA,G479K,1,1
-0.134,0.06998,CATCTCAAAACTATTA,,0,0
-0.134,0.003042,TAATACTAAATTAACT,S107T,1,1
-0.134,0.01554,AGCAAGGGACCCTACA,K450F,1,1
-0.1341,0.008721,CGAGAGAAGCGGATAC,F120W,1,1
-0.1343,0.01158,CTAAATACTAAGGACC,Q501D,1,1
-0.1344,0.1388,AGTATGACACCATTCA,Q132T,1,1
-0.1344,0.02776,CAAAAAAAATAACCTG,K278Q,1,1
-0.1344,0.04627,CAAATGCATGGTCTTC,K278V,1,1
-0.1344,0.01262,TACTCCAGGTCCAAAT,,0,0
-0.1345,0.02307,TTACTAGTGCTGGTCA,I34E,1,1
-0.1347,0.006569,AGGTCGAATTAAGCTA,Q44H,1,1
-0.1347,0.004309,GAATATTTTTTACGCG,Q173H,1,1
-0.1348,0.06883,ATACGACCCTACTGAG,P169F,1,1
-0.1348,0.06883,TGGTGAATACCTTTAA,S115Q,1,1
-0.1349,0.003351,GGTAACTACCTTTTCC,S110T,1,1
-0.1349,0.003712,AAACATCTGTCATATC,,0,0
-0.1349,0.04576,CAAAAATTATAAGTAA,F500W,1,1
-0.1349,0.04576,GTCCACCAACAAAAGT,I282C,1,1
-0.1349,0.04576,TGCAACTGCAAACTGA,S46W,1,2
-0.135,0.03427,GTATACAGCCAAGAAA,V182S,1,1
-0.135,0.03427,TGTCATTTTAATCTGG,A163P V297L,2,2
-0.135,0.02739,CTCCTAGCATAACGTA,Q407T,1,1
-0.135,0.007606,ACTTGTAATCAATCCA,I300K,1,1
-0.135,0.02282,TAAAGACAATGCTAAA,G142D,1,1
-0.1351,0.0152,ATGCAAATCCTTGACG,,0,0
-0.1353,0.007168,GGCGTAAGACCACAAT,,0,0
-0.1353,0.005444,TTGTTAAATACCCATT,D271S,1,1
-0.1354,0.03399,GCAATACACTAACTCT,T65N,1,1
-0.1354,0.04526,AACACAGACGCCAAGC,K2S,1,1
-0.1354,0.04526,CCAAGACCATCAACAA,S9L,1,1
-0.1354,0.04526,GCCCCGCCATACTCTT,,0,1
-0.1355,0.01937,AAATATGGAAAACTCT,L367A,1,1
-0.1355,0.009033,GTTAACAACCTCGTAA,S144H,1,1
-0.1355,0.06771,ATATATAACTCTCTAC,R329K N498T,2,2
-0.1355,0.02257,TGATCACCATCAGTAT,T416S,1,1
-0.1356,0.002603,ATACAATTTAAGTGCT,D77Y,1,1
-0.1356,0.00751,AAATCCGATTTCTACG,A212Q,1,1
-0.1356,0.01689,ATACCCCGTTAATATA,,0,0
-0.1357,0.002875,GAAACAACTTATAGTT,D175L,1,1
-0.1357,0.01928,CATTTATTACACCGAA,,0,0
-0.1358,0.02245,TAACAAAAAAACATCC,K2D,1,1
-0.136,0.01341,GTTTGTGTAAAAAAAA,N45L N290W,2,2
-0.136,0.01676,AAATGAGTAATAACCA,I48E,1,1
-0.1361,0.005825,AACCGAAGTCCTTATA,P227K,1,1
-0.1361,0.03345,GTCCCAATTAAACTAC,,0,0
-0.1363,0.02221,ATAGATTTGACGAATC,V182C,1,1
-0.1364,0.004155,CGCTAATCAAAAAAAG,,0,0
-0.1365,0.03318,GTATTATTCATCAACA,A304I,1,1
-0.1365,0.02652,CAAGCTGCTAAACGAC,A93G,1,1
-0.1366,0.01893,CAACCCGAATTATGTT,T10E,1,1
-0.1368,0.03292,CTTAGTCCGACGACAA,D32S,1,1
-0.1369,0.00774,GACCAGACATGTCCCA,,0,0
-0.1369,0.01316,TTTCCGATAACACAAC,I242W,1,1
-0.137,0.06557,ACACTACTCTATTACA,S146H,1,1
-0.137,0.06557,TTACAATTGAGTAATA,S110Y,1,1
-0.137,0.02186,CCTCAGAGTTGAAAAC,Q197V,1,1
-0.1371,0.01456,GCATATCAACAGATAG,A106S,1,1
-0.1373,0.01086,TATTAAGTTAATCATA,K121T,1,1
-0.1374,0.02602,CATAGATAAACCAAGA,N38G,1,2
-0.1374,0.04337,CCTTCGAGATCAATAT,V490M,1,1
-0.1374,0.008676,AATCCAATAATGACCA,S124W,1,2
-0.1376,0.01176,ACAAATTTAATTGCCT,G275E K326H,2,2
-0.1377,0.004787,GAGACAACATAACCAT,T328F,1,1
-0.1377,0.02152,TCACTATGGCAATCGA,A372W,1,1
-0.1378,0.01842,AAATTACGAATTAACT,D77F,1,1
-0.1378,0.04293,TACATACCGTATGTAT,,0,1
-0.1379,0.009891,TGAGGCGCTTACTTGG,S96L,1,1
-0.138,0.02141,AAACAATATTTCCTCC,N285Y,1,1
-0.138,0.01605,CTTAACAATCAAAGCA,L66M N497G,2,2
-0.138,0.005829,GTAAATTGTTAGGTGA,K326N,1,1
-0.1381,0.01066,TTCAACAGTTCAATAA,I260H,1,1
-0.1381,0.01163,TTCGCAATGACCTTCT,A372G,1,1
-0.1381,0.01163,TTTCCAATGAAAAATC,A196C,1,1
-0.1382,0.0213,TTGAAAATCCCCATCA,K259S,1,1
-0.1382,0.0213,TTGTAAATCATATTCC,,0,0
-0.1383,0.04249,TCTTCATTACTAACAA,M168T,1,1
-0.1383,0.01416,ACTTAATAGGAGCTCG,N296D,1,1
-0.1384,0.06357,CGACATGCTTGACACA,V102A,1,1
-0.1384,0.01412,ACAAATTACCATACCG,,0,0
-0.1385,0.00423,CTCAGTCAATGCTCAC,H18F,1,1
-0.1386,0.0181,AGCATATAATATGGGG,N94D S115T,2,2
-0.1387,0.009707,CGAAGATCGAAGGTGA,,0,0
-0.1388,0.0126,GGGTAGACTTTTCAAT,K453A,1,1
-0.1388,0.006631,AAATGGCAGAATATCT,R307Q,1,1
-0.1389,0.02098,AACCGAGTTACCTGAA,L367S,1,1
-0.1389,0.003597,CACTCACCACCGGACT,S480D,1,1
-0.1392,0.01562,GAAGGCTAACGTGAGC,I481L,1,1
-0.1392,0.04164,AATATTCCTTCGACAA,,0,0
-0.1392,0.0104,TCACACACAACATAAC,,0,0
-0.1395,0.007747,ATCGTTGCCACTAACT,,0,0
-0.1396,0.03096,GAAATTAAAAACACAC,L154V,1,2
-0.1397,0.005138,TGTAAAAATGTGATAA,H393M,1,1
-0.1399,0.01365,CTAAGCCTCCTCCAAA,,0,0
-0.14,0.04082,TAAAAATTCGTTTTGT,V204I R383I,2,2
-0.1404,0.01105,CACCAGGGATATTATT,,0,0
-0.1405,0.01102,CACCACTAGAGAAGAG,N285A Q311L,2,2
-0.1405,0.004177,GACTCATTAGTAACAT,,0,0
-0.1405,0.002752,TCAAAAAATATATCAA,I267S,1,1
-0.1406,0.01209,AGTGGAAATTCCTAAG,Q311H,1,1
-0.1406,0.01007,ATGCGAGCTTATAGCA,P239C,1,1
-0.1406,0.005252,GAAAATATAATCATGA,P103I,1,1
-0.1408,0.001911,TTCAACAAGGACATAA,N81M,1,1
-0.1408,0.01002,ATTCATCCTCACTATC,R269L L427I,2,2
-0.1408,0.01093,ACGCGGAATCGCAAAT,G142T,1,2
-0.1409,0.05991,CAAAAACATTAAAAAA,G404N,1,1
-0.1411,0.005426,AACCAACTGTAATAAT,P324C,1,1
-0.1412,0.03965,GGTTAAGAAATTGGAT,L59V Q407T,2,2
-0.1412,0.119,CCTCTTAATCTACTAC,G379I,1,1
-0.1413,0.002242,ACAAGTAAGTAAAACA,T12W N341G,2,2
-0.1413,0.01484,GACCAACGGGCTGCCC,K326M,1,2
-0.1414,0.02964,AAATCGAACAACCAGA,,0,0
-0.1415,0.003289,TATGATAAACCTGGGA,K140Q E410K,2,2
-0.1415,0.02366,AATACATGTATTACCG,,0,0
-0.1415,0.005628,AGTCGGGTGAATCTAA,Q44T G49V,2,2
-0.142,0.01062,GTGCACATAACTCCAA,I236M,1,1
-0.1421,0.009718,GACAATTCTACATCGA,,0,0
-0.1421,0.0106,GCAAACACAATAGAAG,,0,0
-0.1421,0.00832,CATGGTAACTCTTTAA,K472W,1,2
-0.1422,0.02326,AAGTATCAGAAGATTC,T135F E410K,2,2
-0.1422,0.007754,TGGTTACTTCGGCAAC,,0,0
-0.1423,0.008287,GCCACCTGACGGTAAT,P239Q,1,1
-0.1424,0.03855,ACATCAAGGCAAGCTA,K368M,1,1
-0.1424,0.03855,GTTATGTAAGAACCAG,,0,0
-0.1426,0.023,ACTGCCCTAGGCCCAA,E484C,1,1
-0.1428,0.01906,AACAATAATTGAAACC,,0,0
-0.143,0.01266,AAACCGTAACTCTATT,,0,0
-0.143,0.02275,ATCGGTGCTAGATCTA,S198V,1,1
-0.1431,0.03785,GGCAGACAATAGATTA,R201F D493F,2,2
-0.1432,0.0162,AGAATACACCGATTAC,E449K K468F,2,2
-0.1432,0.01031,ACACCTCATTCAGAAC,S114Y,1,1
-0.1432,0.008093,ATACCGGTCTACGAAG,,0,0
-0.1432,0.008711,GATAAAAAAACGATAA,T328D,1,1
-0.1433,0.009431,GGCTTGTACTACTTTA,S144E,1,1
-0.1433,0.01614,CCGTAATATATTGCCA,N53C,1,1
-0.1433,0.02823,CTGACAATTCATCCAT,S54K,1,1
-0.1433,0.00941,GTATCCAGAAGTACAA,,0,0
-0.1435,0.1125,GAGCACAATCAAAAAA,S312H,1,1
-0.1435,0.1125,TAAAAGTAATTTGAAG,G142E,1,1
-0.1435,0.00662,GAGGTAGACACACCGG,S262G,1,1
-0.1436,0.003302,ACCAAAGTACACTTAT,T135D,1,1
-0.1436,0.01601,AAAGTTGTCACCCTCT,,0,0
-0.1439,0.02785,GCGTCACATTCAATAG,,0,0
-0.1439,0.02785,TACCCAAAATATAATA,S480M,1,1
-0.1439,0.01011,TTACTGAAGACAGGCA,L71I,1,1
-0.1441,0.02767,AGAAGACATAGTACAA,,0,0
-0.1441,0.01106,AATGTGATGACAAAAA,D487N,1,2
-0.1442,0.01381,TCCCTTAGTAAAACTT,,0,0
-0.1444,0.01372,TCCAAGAAATATAAGT,N6L,1,1
-0.1445,0.02191,GCGAGCACACTAGCAG,K292V K453V,2,2
-0.1446,0.0273,CGCCCCATGAAAAAGG,,0,0
-0.1446,0.0273,GGTCTGTAAAAATAAA,T135I,1,1
-0.1446,0.01559,AAACTGAATTGACTCC,,0,0
-0.1446,0.01559,ATAACCCCGAGTTAAG,T318N,1,1
-0.1446,0.01091,AGTGGAAAAACGATCA,D175V,1,3
-0.1447,0.01814,TTGCACAAGTCTACTC,K140L,1,1
-0.1448,0.0362,ATAGTGAATTCAACGA,E83V,1,1
-0.1448,0.006387,GAGGCAGCATGTTTAT,K121S,1,1
-0.1449,0.008345,TAAAAAAATAGTGCAT,N445F,1,1
-0.1453,0.01531,GTAAACTATTTAACAG,P273T,1,1
-0.1454,0.02678,ATGTATCACGCAATAA,,0,0
-0.1454,0.01783,TTAACAACACTTACTA,R208D,1,1
-0.1455,0.02135,TCATCCTTTAAAATAA,N6T,1,1
-0.1455,0.006271,CCGAATGATTAAACGA,T117W M462I,2,2
-0.1456,0.0266,AAAAACGTCTTCATAG,Q327K,1,1
-0.1457,0.02124,TTGTTACCAAACTGAC,Q44E,1,1
-0.1457,0.05304,CACGTTATTCTATGCG,P289V,1,2
-0.1457,0.05304,CAGACCCTTGGACCTT,S279M,1,2
-0.1458,0.03528,ATCAAAAATCCGAAAA,E325V,1,1
-0.146,0.006187,AACTCACCACTGGACT,R201L,1,1
-0.1461,0.02627,CCCCCTCTTACATGAT,,0,0
-0.1462,0.05237,ATCTATACCATCTAAT,S146I,1,1
-0.1462,0.05237,GCCCTAACGAGAAAAT,,0,0
-0.1462,0.02092,CTTTCGCTTCGACTAG,H18T,1,1
-0.1462,0.02092,TAAATTCGCGACCCAG,,0,0
-0.1464,0.008684,GGAATAAGGATACTGT,G129W,1,1
-0.1465,0.004724,AAATGGACTTCAGATA,,0,0
-0.1465,0.002474,TTTAGCTATACATAAC,,0,0
-0.1465,0.009442,GCATCACAACATAATT,Q327K A476T,2,2
-0.1465,0.009442,TCTTTTAGCACCTGCT,L316W R482D,2,2
-0.1465,0.005189,ATTTGTCGTAAAACAT,G61A,1,1
-0.1466,0.02071,AAAAAACCAAACCTGA,N126A,1,1
-0.1466,0.006088,TCAAACCTATCCTGTT,V43C,1,1
-0.1466,0.009399,GACAACAACATTACGA,D461S,1,1
-0.1467,0.01476,ATACGGCAATCCTATT,,0,0
-0.1467,0.03441,GCTAGTTAGATTTTAC,,0,0
-0.1467,0.02578,ATTGCATGACAGAAAA,N159D E410K,2,2
-0.1469,0.01466,TGTACTATTAACAAAA,,0,0
-0.1469,0.0171,ACATTAAAATACGGCA,S422C,1,1
-0.1469,0.006837,ATAATAATGCCATACA,H393N,1,1
-0.1469,0.004661,CGAGAAATCCTTTAAT,S358M,1,1
-0.147,0.01461,GGAAAATTGCCCCCTA,Y105G,1,1
-0.1471,0.01703,TGATCCCATTCTAGGA,,0,0
-0.1471,0.01022,GAACCAGACTCTATAT,E83Q D493N,2,2
-0.1471,0.006009,GAAGTAGTCAATATCA,P4Q,1,1
-0.1473,0.1015,AGAAATCACCTCTAAA,F195N,1,1
-0.1473,0.03385,TTAAAAAAGACATCTA,Q173C,1,1
-0.1473,0.003382,ATCAAAAGAGACAAGA,,0,0
-0.1474,0.02531,TTGACAACTACCCATA,,0,0
-0.1476,0.03358,ACAACATAAACCTTAA,T135K,1,1
-0.1476,0.006705,TACTGCTACAATATAA,G504Y,1,1
-0.1478,0.02002,CCCCTAACTCTCTCAA,K326A,1,1
-0.1479,0.004342,AGAAAATATATCCAAT,K238P,1,1
-0.1479,0.04986,CTAGCATTTAAACACA,S107N,1,1
-0.148,0.01992,TTATAACCTTTCCAAA,K140E,1,1
-0.148,0.00622,ATTTATCTAATATATA,,0,0
-0.1481,0.01241,TATCAACTAAAACCTA,K171E,1,1
-0.1482,0.008237,AAATTGTGTTCACTTA,A69T,1,1
-0.1483,0.003086,AAAGTTTGAAACCAGA,,0,0
-0.1483,0.01407,CGCATCCAAATTAAAA,R307H,1,1
-0.1484,0.02456,CTAGTGAATCGCGTGA,Y161S,1,1
-0.1486,0.001578,AAGCATAGTTGACTCT,,0,0
-0.1486,0.02442,GAAAGAATTCTCCAAA,K315R,1,1
-0.1486,0.009763,ACGAGTTTTGATGAAT,,0,0
-0.1487,0.04869,ATCTGTTTTCTAATAA,N45E,1,1
-0.1487,0.04869,CAATTACCGGTCGATC,,0,0
-0.1487,0.007489,TAGATCTTTTGTGCTA,D348E,1,1
-0.1488,0.01946,ATTAACTGCCAAATAC,L157R,1,1
-0.1489,0.09682,AAACTGAACAAAGCAG,Q197R,1,1
-0.1489,0.09682,ACGAGAACTAGCGATT,I179V,1,1
-0.1489,0.09682,ACGCGCCCAAAATATA,R405Y,1,1
-0.1489,0.09682,AGATAAAATATCCATC,D225A,1,1
-0.1489,0.09682,CGAATATTTAATAAAC,,0,0
-0.149,0.005078,ACACGTTATACCTATA,S156V,1,1
-0.1491,0.008766,CACATAAGCTTTAAAG,,0,0
-0.1491,0.01928,GTGAGAACAAAGTATA,P289D,1,1
-0.1491,0.01928,TATCAAATGATATGTC,,0,0
-0.1492,0.03203,AAAGACATTTAATATC,,0,1
-0.1492,0.024,ATTTCAAATAGAGAGT,G142D,1,1
-0.1493,0.01198,AGACACCACGTGGATG,Q210T,1,1
-0.1495,0.04758,AATACTATAAATCAAT,V213H,1,1
-0.1495,0.04758,ACTGAAATCACCCCGA,A196G,1,1
-0.1495,0.01901,CACACGAACATGAAGA,Q57N I232M,2,2
-0.1496,0.01356,ATGCTAGCGCCAAAGC,,0,0
-0.1496,0.005927,TTCAGCCTTCACAGGA,S287T,1,1
-0.1496,0.01185,AAGACGTGGCAATCAT,V406L,1,1
-0.1498,0.006732,TGGCACCTCGCTTTAA,,0,0
-0.1499,0.04704,TTGACACCAGCCTATT,P103L,1,1
-0.1499,0.003357,TGATCACCCATGGTAC,,0,0
-0.15,0.02346,CGGTGAGTAAATCAAT,E35N,1,1
-0.15,0.004928,GACCTACCTAGGAACT,,0,0
-0.1502,0.004661,TTAATGATCACCATTC,,0,0
-0.1503,0.006196,ACTGAACAAACTGCGA,,0,0
-0.1503,0.008446,TGAAGACTCTTATAAT,,0,0
-0.1503,0.004645,TACTTCTCTTAAAGAC,Q44E,1,1
-0.1504,0.09252,AAAAAGGAAGTGAGAA,I242V,1,1
-0.1504,0.09252,ATCAACTACATACGTC,S115Y,1,1
-0.1504,0.09252,TAATAGACTGGGTGGC,,0,0
-0.1505,0.00384,GCATCTCAGACCCAAT,L154V,1,1
-0.1507,0.02294,CCACGCCATTGTTTAC,I267C,1,2
-0.1509,0.003647,GGCTATTATCACTGGG,V490T,1,1
-0.151,0.02269,TAAGGGCTAATTGTCT,,0,0
-0.151,0.00193,ATGGCGCATTTGTAAC,,0,1
-0.151,0.006975,AAAGTAGTATAAGACA,,0,0
-0.1511,0.09051,ATAAAACAAAAAATTC,,0,0
-0.1511,0.09051,CGCTATCCCAATGAAA,R201C,1,1
-0.1511,0.01293,CTAAGTTACAGACTCC,K140D,1,1
-0.1513,0.02995,CAAACCCCCTACTAAT,K310L,1,1
-0.1513,0.02995,GGCTACACACAACAAT,,0,0
-0.1516,0.04453,TCCGTGAAAGCATATC,A163F,1,1
-0.1518,0.08858,TATCACATTAGCACCC,R92F,1,1
-0.1518,0.08858,TGAGACTCACAAATTC,K238A,1,1
-0.1519,0.008023,ATCTCACATAGGTAAT,S96T,1,1
-0.1519,0.01764,TAATCCCTCTTATCCA,,0,0
-0.152,0.02197,CTGCTTAGACATTTTA,S209F,1,1
-0.1522,0.02186,CATCCAAGATTTTGCT,R222D,1,1
-0.1524,0.08673,AACCTATGGTATGCGC,S124R,1,1
-0.1526,0.02871,CATTAGAAGACACAAA,,0,0
-0.1527,0.0172,CCACACCCAGCAGCTA,I267C,1,1
-0.1528,0.01428,GTGGATCAGTACAATT,Q164I,1,1
-0.1528,0.02852,GTAACGTTGCACACAA,,0,0
-0.153,0.005005,CTGACATAGCTAGTAT,,0,0
-0.153,0.009441,AAGTCTAGCTAAGCCT,,0,0
-0.1531,0.008471,AATTGGTTTTATTAAT,P227S,1,1
-0.1531,0.006048,ACGATAACAGTCTCTA,K238D,1,1
-0.1531,0.01692,TTGACAAACATTCACA,L428I,1,1
-0.1534,0.02097,GCTTAAAAACCTATAT,R269Y,1,1
-0.1535,0.04184,GTAAAGAGTCACGCCC,,0,0
-0.1535,0.008352,AATGTTTTTTCTAAAT,,0,0
-0.1536,0.01042,AAAACCACTGCTGGAT,N53A,1,1
-0.1537,0.001805,ACCAACATGCATCTTC,F353Y,1,1
-0.1538,0.04143,TATAAAAGTCCTAATA,,0,0
-0.1538,0.02066,CGAACAAAGTCACACA,D408L,1,1
-0.154,0.005479,TATCGTGTCATCCAAT,,0,0
-0.154,0.04102,ACTACGATTTTGTTAA,,0,0
-0.154,0.04102,TAATAACCAGATGCTA,,0,0
-0.1541,0.01639,AGATTCACGGAATCTA,S219P,1,1
-0.1542,0.08163,AATTAAGTAACAAAAA,G330A,1,1
-0.1543,0.04062,TTAACGATCAACCAAG,D32E,1,1
-0.1544,0.004759,ACTGGCTAGTCAGTAT,L13M,1,1
-0.1545,0.002184,AATTGGCTACCTGTAA,P227S,1,1
-0.1545,0.02016,GCGAGCGGAGCTGCTT,A495S,1,1
-0.1546,0.01607,ATACTAACATTATAAC,S149I,1,1
-0.1547,0.08006,TTCACAATGCATCACG,T30A,1,1
-0.1548,0.01595,ATACATCAGGCTTTTC,P103S,1,1
-0.1549,0.03984,GATAGTCGGTCAGTAA,,0,0
-0.1549,0.01987,TGGCTATTAATACTAA,,0,0
-0.155,0.01131,ACACTTACTAACCCTA,R141Y,1,1
-0.1551,0.002635,CCGCATTGATTGTACC,,0,0
-0.1551,0.01315,CAAATATCTTACGGTC,,0,0
-0.1552,0.01125,GATACAACCATTAATA,R92S,1,1
-0.1553,0.01959,GCATGGATTTAACTAT,N475G,1,1
-0.1553,0.003916,AAGTGTTAGTTTTGAC,,0,0
-0.1553,0.007118,CAAGATTCTTTAAATC,Y257F,1,1
-0.1553,0.01565,ATTCCCCAGTCAGTAC,K189I,1,1
-0.1554,0.03909,TCAAAATGCTATACCA,K326N G386E E449K,3,4
-0.1554,0.01116,AAAATTGAAATCTTTC,S9C,1,1
-0.1554,0.01559,CCGAGAACGCCATCAA,S279R,1,1
-0.1555,0.009717,GATTAAAAAGCAACAC,,0,0
-0.1557,0.004828,TCACAGGCCAGAATAA,F448Y,1,1
-0.1557,0.01287,GACAATGTACCCATTC,,0,0
-0.1557,0.01542,AGAGGATCAATGTTAA,N298E,1,1
-0.1557,0.0257,CCATACATCTATATCC,,0,0
-0.1557,0.0771,GCAATTTTCAACAGTT,A304Y,1,1
-0.1559,0.03837,ATAATACATACAAGTG,A106H,1,1
-0.1559,0.03837,TTTCCCAAATCGATAC,I214Q,1,2
-0.156,0.00106,TTCTACTCAGAACATC,,0,0
-0.156,0.01525,ACATTAAAAAGAACCC,A372I,1,1
-0.1561,0.02539,CTACTAGCAACCCAAA,K315A,1,1
-0.1562,0.005832,GAAGAGCATAAAAAAT,,0,0
-0.1562,0.02523,GTGAACATACAATCTA,N159K,1,1
-0.1563,0.00943,AATAGTACTGAAAGCA,,0,0
-0.1564,0.03768,AATTCTCCGTCAAGAA,,0,1
-0.1564,0.03768,CTACCCTAAAAACATG,N483Y,1,1
-0.1564,0.01076,ACATGCCCTACCACAG,,0,0
-0.1564,0.003423,CGTTCCTAGTTCCCAT,N216C,1,1
-0.1564,0.01503,ATACTATTAGTTGATT,N475I,1,1
-0.1564,0.003578,TGCAGTAATACACACC,E457I,1,1
-0.1565,0.02493,TTAAACAATTAAACAT,K397I,1,1
-0.1566,0.01492,GGAATAACACAATACA,I481L,1,1
-0.1567,0.07434,TTGAAAACAGTTATCA,,0,0
-0.1568,0.01854,GATAAAGACCCTTGTA,I377C,1,1
-0.1568,0.01059,ATCAAAATAGGGTAAG,,0,0
-0.1568,0.03701,ACTTTCCAATATACCA,R208I,1,1
-0.1569,0.01846,AAAAGTAGAATTAAGG,H56K,1,1
-0.1569,0.01054,TGAAATACTTTCAAGT,N63W,1,1
-0.157,0.02449,GATAGGCGCGGTTAAA,,0,0
-0.157,0.03668,TACAAGCTGAACCTCT,,0,0
-0.1571,0.01466,AGCGCATAACACGCAA,D188R,1,1
-0.1571,0.005634,GCGAATCAAGTATATG,N63P,1,1
-0.1572,0.003476,CTCTTACGACTCCCGC,V213W,1,1
-0.1573,0.03636,AGTGTTAAGCCTTACA,K2F,1,1
-0.1573,0.03636,TAACTTGACAACGCTC,,0,0
-0.1573,0.01814,CTTTTACGCATAGTAC,,0,0
-0.1574,0.006567,TCATGACACCCAAAAA,L118I,1,1
-0.1575,0.006013,CACTAAAAAACCCCAA,N38D,1,1
-0.1575,0.01202,GAGACATAGGGAACAT,N8Q,1,1
-0.1576,0.07178,TCAAACTAATATAAAA,L439I,1,2
-0.1576,0.002475,CGGTTACAAAAGTATA,N489E,1,1
-0.1578,0.005081,GCTATGAATGTGGCAG,A212I,1,1
-0.1579,0.02365,GCAAACCGGCATTCGA,S312D,1,1
-0.1579,0.005902,TGGCATGGACCAAGAT,D188Q,1,1
-0.158,0.005436,CTTAGCCAGCCACACA,,0,0
-0.158,0.02352,GTAATTATCTAAAATT,P55K,1,2
-0.1581,0.03513,ACCAATACATTTCCCG,,0,0
-0.1581,0.03513,TCACTTACTCGAATTC,S193Y,1,1
-0.1582,0.02339,TATACTGAGAATATAA,D291S,1,1
-0.1583,0.03484,CTCTACGTCCCACAAC,Q132Y,1,1
-0.1583,0.01392,TTTAAACATCCGCACT,N497D,1,1
-0.1583,0.003868,CCATACATTTTTGCAA,K171T,1,1
-0.1584,0.004086,AAAATAACATGAATGA,,0,0
-0.1584,0.02313,AGAAAGAAATCCTGTT,K189Y,1,1
-0.1584,0.06938,CAAGATGTCTGTAACA,,0,0
-0.1585,0.005763,ACACATGAACGCCGCA,K189I,1,1
-0.1585,0.03455,TCATAGTTACGAAATA,,0,0
-0.1586,0.006899,AAAAAGTACGTACTCT,K315V,1,1
-0.1586,0.01379,CTCATCTATCACACTC,Q371I,1,2
-0.1587,0.004039,CAAAAAAAATTCTTTG,T206N,1,1
-0.1587,0.008576,TAACCAGATCCCACAC,P21N,1,1
-0.1588,0.009751,TAAACAAAAGAACAGC,R222K I232V,2,2
-0.1588,0.02275,TACTTAAGTATAACTT,,0,0
-0.1588,0.06825,AGCAAGCTAAGTAATA,,0,0
-0.1589,0.009728,TAAATTCAATATAATG,,0,0
-0.1589,0.002196,CCGTATATACTGGAAG,G504E,1,1
-0.1589,0.01361,CCTACCATGGCAATTC,,0,0
-0.1589,0.005669,GCATTTGCTGCTACTT,S124K,1,1
-0.1589,0.007556,AACACAATCCCCAACA,I179V,1,1
-0.1589,0.002518,AGTAAATGACCCCAAG,,0,0
-0.1589,0.005661,AAATGATACGAGTATG,V166A,1,1
-0.159,0.01696,TGTAATCCTTTCTAAT,P103S,1,1
-0.159,0.008454,AATAAGGACCGACCCC,,0,1
-0.159,0.01352,ATTGGCCATTATTGAA,,0,0
-0.1591,0.03371,GAATTTAAAATTCATC,R229F,1,1
-0.1592,0.003538,CCTCCATACTGATTCA,D408W,1,1
-0.1592,0.009571,CATTAAAATCCATTAT,K315I,1,1
-0.1593,0.03344,ATAAAGCATCGCAATC,K238N,1,1
-0.1593,0.002785,TTGCAGGCTCCAGTAC,N8Y,1,1
-0.1594,0.008319,AAACGGCCGTAAATCA,,0,0
-0.1596,0.02203,TATGCTAGTTAAAACC,,0,0
-0.1597,0.03291,CGAAATAGTTTGTCTT,N6K,1,1
-0.1597,0.03291,GTACGTACACTCAATA,,0,0
-0.1597,0.01094,ATGAACCACTAGTCAT,Q376K,1,1
-0.1598,0.01309,AAAGCTCTATCCATAA,,0,0
-0.1598,0.03265,CCTATATCTCAAGATA,,0,0
-0.1599,0.005418,AATCCCACACACTCAC,,0,1
-0.16,0.005411,ACGAAAAACCCAATAC,,0,0
-0.16,0.01623,ATACAGAAACTTAAGC,Q376V,1,2
-0.16,0.005889,CAAGCCAGTAATCTAG,P239S,1,1
-0.16,0.02157,ATAGACTAATTTTGGA,E426G,1,1
-0.1601,0.01293,AACTTCCTAAGTAACG,S480R,1,1
-0.1604,0.006381,TTTCTGGGCCAAAGAC,K140Q,1,1
-0.1605,0.004223,CAGCTACGCCTTCTCT,S145M,1,1
-0.1605,0.03166,ATTGGACAAATCCTAG,L157A,1,1
-0.1606,0.06308,AAGAACCTAAGATAAC,R150Q,1,1
-0.1606,0.009012,GTTTTATTATTCATTT,A11T L157N,2,2
-0.1606,0.007878,ACGACCCATTTCACGC,A372L,1,2
-0.1607,0.008992,AGTAATTAATAACCCA,D188W Q327T,2,2
-0.1607,0.02092,ATACATTACACGAACT,K411Y,1,1
-0.1608,0.0125,AAAACTTGATAAAACA,G504L,1,1
-0.161,0.02061,AACGCATACAGGAATA,,0,0
-0.1611,0.01027,GCCCAAAAAGTTTTTA,D101H,1,2
-0.1611,0.02051,CGTTCACCCATGATCA,,0,0
-0.1612,0.06122,CTGTGGTGGTATATCG,I242S,1,1
-0.1613,0.01221,ACTAACTATGCTTGAC,D408I,1,1
-0.1613,0.0305,ATTGCCCGTGGTCCAC,V490L,1,1
-0.1614,0.004047,GAAACTACTTACCACT,D101Q K472N,2,2
-0.1615,0.03028,TATCTGAACTAAAGGC,,0,0
-0.1616,0.06033,AAATTTTTACATATCC,,0,0
-0.1616,0.03006,GACTAACTGCTACGAA,S358Q,1,1
-0.1617,0.005987,TATTGAACAGCACTGG,,0,1
-0.1618,0.0149,AAAAGTTGTAGAATCG,,0,0
-0.1619,0.05947,CAGAATATTGCATCAG,S107H,1,1
-0.1619,0.002369,TACAATATACCCCAAG,,0,0
-0.162,0.01973,AGAAACTCAACTAATC,,0,0
-0.162,0.005359,ATATTGTCAAATAATC,N122G,1,1
-0.1621,0.01964,TCGGAAAAGGATAAAA,Y233K,1,1
-0.1621,0.02942,AAAAACAAGAACTAAA,,0,0
-0.1621,0.01955,AAGAGAATGACGATAT,K452Q,1,1
-0.1623,0.01166,AGTTCAAAACAGAACG,,0,0
-0.1623,0.01163,TTCGCAAAGATCTACG,,0,0
-0.1624,0.05782,ACAGGTTAAATTACAT,,0,0
-0.1625,0.01443,TACCCTAGCTCATGAA,,0,0
-0.163,0.01125,CACTCAGTGGGATGAT,S54M,1,1
-0.163,0.02803,CTACATCTAATAGTTA,,0,0
-0.1631,0.005593,CTCGTATATGAAATAT,I374R,1,1
-0.1631,0.009304,CATTATAAGACTTAAA,,0,0
-0.1632,0.05551,TCCAAACAGGATTAAA,I242R,1,1
-0.1634,0.01099,AAGTTATATGCACTGA,P4R,1,2
-0.1635,0.05478,GTAGCTACGACTATAA,,0,0
-0.1635,0.01826,GTCTAAAGCATTAGCA,,0,0
-0.1636,0.01818,TGACCCTGTAACAAAT,E484C,1,1
-0.1638,0.00771,CTTTTCAGTCCCTCAA,,0,0
-0.1638,0.007696,AAGGTAATCAACTAGG,,0,0
-0.164,0.01065,CTCGGAGGTGATGTAA,P103D,1,1
-0.164,0.01065,TAAAGACTCTTATTTA,,0,0
-0.1641,0.02643,ATGGCCATTAAAACTC,S358A,1,2
-0.1642,0.002934,AAAGGATGTATAACCC,E119F,1,1
-0.1642,0.0527,AAATCTTAACCGATGT,T167K,1,1
-0.1643,0.002767,TGCCGGATTCTAAGGC,,0,0
-0.1643,0.02627,ACTCTAATGCTTGTTT,A19M,1,1
-0.1643,0.02627,ATAGCACAAAAAATAA,,0,0
-0.1643,0.02627,CGAAACTACGAAGGAG,P289W,1,1
-0.1644,0.01303,GTATATTATTACAGAT,E484N,1,1
-0.1644,0.05204,CTAAAAATTTAATTCG,S480F,1,1
-0.1645,0.008647,GAAACTATACCATCAG,V213L,1,1
-0.1645,0.01727,CTCGCAATATATCACT,N298G,1,1
-0.1647,0.05139,ATGGCATTGCTGCCTT,D68G A336M,2,2
-0.1647,0.01283,TTTAGGAGAAGAGGGC,T167V,1,1
-0.1647,0.01025,CATAAGACTAATGCAA,S262M,1,1
-0.1647,0.00223,TCTCAAATCAAAAAGG,A372S,1,1
-0.1648,0.01275,AGGCTAATTCGAAAAT,S91K M462I,2,2
-0.1649,0.008437,TCCGGATGGAGACATA,N475F,1,1
-0.1649,0.02531,GACTACATTACTTGTC,Q210L,1,1
-0.165,0.02515,TTTTGGATTAACATTG,,0,0
-0.1651,0.05016,TTATACAACAATCTGA,,0,0
-0.1652,0.009984,AACTTCTATTACTATT,,0,0
-0.1652,0.002492,AAAAAGAACCTCTTAC,Q454L,1,1
-0.1653,0.04956,CACGTTAAAGTAAATC,G129Q,1,1
-0.1653,0.02471,CCAATAGACAAATCGT,R456L,1,1
-0.1654,0.005464,CACTGAGACCCAACTA,,0,0
-0.1654,0.01639,GTTACTACTCTAGCCT,,0,0
-0.1656,0.01626,ATAAAGCGGACGGCTT,N285I,1,1
-0.1656,0.02427,TCCCCTCACTTCACAG,I179L,1,1
-0.1656,0.003034,ACATTGTAGTCAATCA,S198R,1,1
-0.166,0.02372,ATATCTATAAGTCTTG,D291M,1,2
-0.166,0.02372,TTAACTAATTCTCTAA,S96N,1,1
-0.1661,0.04731,CCTGGCCAACGTCCAC,R307S,1,1
-0.1661,0.003941,GCGTCTCTCCCAGATT,W234M,1,1
-0.1662,0.01171,TATAACCAATCCCAAA,,0,0
-0.1663,0.04677,TAACCCCTGCTGAACT,N53W,1,1
-0.1664,0.01548,GGATGGAACAGGTAAA,V323I,1,1
-0.1664,0.005795,AAGATTAAAAAAACTC,,0,0
-0.1664,0.01542,GACATCTTCATAGGAT,N497R,1,1
-0.1665,0.005134,ACTCATGGAACATCCA,S107Y,1,1
-0.1666,0.04575,CTCTACAGTCAAATAA,N31D,1,1
-0.1668,0.04525,TTCCCTAATCAACTAA,,0,0
-0.1668,0.004519,TGTAACTTGCACTTAT,G504W,1,1
-0.1669,0.001364,AACAGCTACATAGGAC,K278L,1,1
-0.167,0.01487,ATGGAAAACAACCACC,,0,0
-0.167,0.004951,GTGAAGCAGTTATATT,N94F,1,1
-0.1671,0.003422,GACTAGTACCCTGCTA,E449H,1,1
-0.1671,0.006347,TCTTAATACCAAACTA,I214S,1,1
-0.1672,0.008802,CATTTTAATCAAAATT,S145V,1,1
-0.1673,0.007272,GTACATAGCCCGCACG,T301Q,1,1
-0.1674,0.01088,GACCAAAAAATTCAAT,,0,0
-0.1674,0.007247,CGCACTAAGTGTAAAC,R229L,1,1
-0.1675,0.007222,ATCGGTGATATTGTCA,K276A G386E,2,2
-0.1675,0.02163,ACGATATTTCAAAACA,S287C,1,1
-0.1675,0.02163,TCTATCCATGAAGTCA,T128W,1,1
-0.1676,0.008584,ACATTAAGGAACCAGC,N290W,1,1
-0.1676,0.04292,ACCCGATAACTAGGGA,G352A,1,1
-0.1677,0.04248,TATGCAGTGAATGCAA,N22Q,1,1
-0.1679,0.04205,GGATTGGGGACCAAAT,,0,0
-0.168,0.04163,AATGCCTTACAACACC,T135G R321L,2,2
-0.1681,0.01034,TTTCCCATTTTGCAAC,G404K,1,1
-0.1681,0.02066,CCATGTCATCATAGTT,,0,0
-0.1682,0.005156,CAGGAATGTATGATTA,,0,0
-0.1682,0.004125,TTGCCTCAAACCATAC,,0,0
-0.1682,0.001211,CCTCAACACTTTGTAG,T318L,1,1
-0.1684,0.01014,ACATATAACCCTATCG,,0,0
-0.1684,0.02026,TAAATTAACTTTCAAT,G78E N122G,2,2
-0.1685,0.01347,ATTAGCAGTTAATCAA,S143N E426Y,2,2
-0.1685,0.01347,GAATTTGCACTTTAGG,D101R,1,1
-0.1685,0.01009,CAAGTAAATCTATACT,S137K,1,1
-0.1686,0.02006,AAATAGTCCGTATAGA,,0,0
-0.1686,0.04003,CAAACCACGGCGAACG,,0,0
-0.1687,0.009948,TATAATATGCATACGA,,0,1
-0.1687,0.006625,AAATAAATCTCAAGTC,Q210H,1,1
-0.1689,0.03927,AAAGGCCACTTCCGAT,,0,0
-0.1689,0.01309,ACTCCATAAAAAAACT,G49D,1,1
-0.1689,0.009808,TTTGGAGTCCGCAAGC,R220Y,1,1
-0.1689,0.01301,TCCCGACTATGAAAAA,,0,0
-0.169,0.0195,AAATACTCACGCATAG,Q197G,1,1
-0.169,0.009739,TTACTGCGTTTTTACG,I478M,1,1
-0.1691,0.03855,AGAAATTAGGTTAAAT,,0,0
-0.1691,0.03855,CATTATGCTATCTAGA,K121R,1,1
-0.1691,0.03855,TGTGATGCGAGATTGA,,0,1
-0.1692,0.005478,AACGCAAAACAAAATA,S480T,1,1
-0.1692,0.005471,AGTTAAAGTATTCGCA,,0,0
-0.1692,0.01273,GTATCATCTAACAACT,G404N,1,1
-0.1693,0.01897,TTCAAATACAACAACT,H18T,1,1
-0.1694,0.03784,ATAAAACTAAATAAAA,R229M,1,1
-0.1695,0.00416,CCCCTACCGAACAAAA,I3E G352W,2,2
-0.1695,0.001866,TGTGAAAACTGCGCAC,G479A,1,1
-0.1696,0.03717,CTTATATTTTAATAAT,G504P,1,1
-0.1697,0.007369,TTAAAGATTGAGCAAA,,0,0
-0.1697,0.01838,CCCATAACACATTATT,I3D,1,1
-0.1697,0.01838,TGTGTTGCCATTAACA,S145R,1,1
-0.1698,0.0183,ATGATCATAACACATC,G5I,1,1
-0.1699,0.0091,AGTAGACATCTTAATA,,0,0
-0.1699,0.0091,CATCCACAGTCAAAAA,S110R,1,1
-0.1699,0.0362,AAGCTGCCTTTCATCC,S145V,1,1
-0.17,0.03589,AAATAGACAATATATT,D104W,1,1
-0.17,0.03589,AGTCTACTACTGTTTA,N122R,1,1
-0.17,0.03589,TCCCACAATTCCCCTA,Q376A,1,1
-0.1701,0.003981,TGAGCCAGTGAAAATA,K276C,1,1
-0.1701,0.03558,CACGCTGTATGCGCAT,L70M V429I,2,2
-0.1702,0.03528,ACCATGACTCGACGTA,,0,0
-0.1703,0.01753,CATCTAATCACATAAA,S146T,1,1
-0.1704,0.01163,ACTCGGATCATCACGA,S199A,1,1
-0.1704,0.01163,GACCTTGATTTTTAAA,R33H,1,1
-0.1705,0.006905,ACATTAAAATATTACC,G240D,1,1
-0.1705,0.0344,CATCTGAAATTAATAC,,0,0
-0.1706,0.03412,CTTACGAGAACTTTTG,D408N,1,1
-0.1707,0.01696,CACGATAAGTGTGTTG,N133T,1,1
-0.1708,0.004819,GCCATAGGTTGATAAA,,0,0
-0.1708,0.03357,AACTACAATAAAGCCA,,0,0
-0.1708,0.03357,GATTAATTACACTAAT,L439A,1,1
-0.171,0.01107,ACATTATGGGTATGAT,S219N,1,1
-0.171,0.00471,TAAAGCCAGCAAGCCA,,0,0
-0.171,0.01098,TAATTATCTCTCTTCT,M268F,1,1
-0.1711,0.008204,GATTATGCACCATCTA,S9N T187A,2,2
-0.1711,0.03278,GAGTACTAAGAGAGAC,K472N,1,1
-0.1712,0.006526,TGCCTTCTTTAGTGAA,,0,0
-0.1712,0.01623,GGTTATCGGCAGACCG,T117F,1,1
-0.1713,0.003584,AACCAACGATACAATC,,0,0
-0.1715,0.001324,CACGCTAATCAACTTA,N497D,1,1
-0.1715,0.00396,CATCACCCTCGATAAA,D291F,1,1
-0.1715,0.01054,GGCTGATATCATACTT,,0,0
-0.1715,0.0158,ATATTCCTCTTCTTAA,Q407S,1,1
-0.1717,0.01038,TTCGCACACTACCCCT,R150I,1,1
-0.1719,0.03061,ACATAAATATAACGCT,K207S,1,1
-0.1719,0.03061,GCTCCTTATTTCATAA,I236V,1,1
-0.1719,0.03039,GCATTATTGCCTATGT,,0,0
-0.1719,0.003036,TGCATTAACTACAGCT,,0,0
-0.172,0.0101,GTAATTACTATCGCCA,N216K,1,1
-0.172,0.005044,CTGCAAGCCGAACCAT,N285A,1,1
-0.172,0.03017,CACGCCCAGCGTAAAT,,0,0
-0.1721,0.02995,ATAGACCATAGCTACT,I260W,1,1
-0.1721,0.009984,TTAAATATAATGTTAC,K264P,1,1
-0.1721,0.004972,CTAAAAAATGAGTGAC,K189F,1,1
-0.1725,0.007185,TCGCAAAAATTTGGTT,,0,0
-0.1727,0.007063,CCAGAAGGATGTCACT,K278V,1,1
-0.1727,0.01404,GAATGCAAAACTACTA,,0,0
-0.173,0.002268,AACTATCTGATTCTCT,,0,0
-0.1731,0.02703,ATATTATGTTAGCATA,P227G,1,1
-0.1731,0.02703,GATACAATATTAGAGG,,0,0
-0.1731,0.008992,CACTTAACGCCGCCTT,,0,0
-0.1731,0.001419,CGCCGAACACGTAGTC,P324Q,1,1
-0.1732,0.005345,TTCGAGCTTATGAAAG,T416M,1,1
-0.1734,0.02602,TTGTACAAAGCTCCTA,A304F,1,1
-0.1735,0.01287,CTTTATTCGATGCCTA,,0,0
-0.1736,0.008566,CATCCGCCCCATATCC,S199I P239R,2,2
-0.1737,0.02523,GGCCCTACTGCGATAC,N341Q,1,1
-0.1739,0.02478,ACACTAGACTACAAGG,,0,0
-0.1739,0.02478,AGAATTTTATACTATA,Q75A S358L,2,2
-0.1739,0.02478,TCTAAGAACCCTACTT,,0,0
-0.1739,0.006191,GACTAAACATATCCTT,V323I,1,1
-0.1739,0.004951,ACTAGTTCTCAATGAA,Q75D,1,1
-0.1739,0.008228,CAGGCCCTATCAACCC,K140W,1,1
-0.1739,0.02463,TAACTTATTTCCTATT,I300C,1,1
-0.174,0.01226,CCCCATTATGAAATTA,,0,0
-0.174,0.01223,AAATTGTAATAGAAAT,,0,0
-0.1741,0.01212,CTGAGGGCTAGAAAAA,G263Y,1,2
-0.1741,0.01205,AACTCCAAAACTGGTC,K82W,1,2
-0.1741,0.02406,ACCATTCGACGGATGA,N31G,1,1
-0.1742,0.02393,TTACGAAAAAGAATAC,D101L,1,1
-0.1742,0.01195,GAACGTATCGAACGTC,K131S,1,2
-0.1744,0.005795,AAGATTATACGACAAA,S47C,1,1
-0.1745,0.02313,ACGAGATTTAATTAGA,T10I,1,2
-0.1745,0.023,AGTAAACCTAACTACA,,0,0
-0.1746,0.02262,CACTGTGATATCAGAT,,0,0
-0.1749,0.007304,AATATCAAATGAATGA,S143W,1,1
-0.175,0.007166,GCAGGTTGCAAACTTC,R208S,1,1
-0.1751,0.02124,AGACATCAAAATAACG,S209R,1,1
-0.1751,0.02124,CTGACACTACAAAAAG,,0,0
-0.1751,0.02124,TAAATGTTATTAATTC,S219E,1,1
-0.1755,0.02021,GAACGCAATGTATCCA,,0,0
-0.1756,0.009948,ACCCAACTGCAAGATA,N63E,1,1
-0.1758,0.01927,CACCAAGCATTCCGTT,,0,0
-0.176,0.009345,CTTTCACGAAGATTCA,T416A,1,1
-0.176,0.01867,AACCACACTGCGAACA,G5A,1,1
-0.176,0.01867,TACACATATAAATAAA,,0,0
-0.176,0.009324,CACACAGATGCGATTA,E359F,1,1
-0.1761,0.01842,GAACCAGAACAATGTC,R299S,1,1
-0.1761,0.006114,GTTTCACAAGCGCACT,,0,0
-0.1761,0.01826,CACCTAAATCTCGAAT,V213A,1,1
-0.1761,0.00912,ATTTTATTTTATTCCC,P239H,1,1
-0.1763,0.01787,GAAAAACAACCAACAG,S209C,1,1
-0.1763,0.00883,AGCTGCCAATGTGTAC,N45W,1,2
-0.1764,0.01757,ATAACTACCTACTTAG,,0,0
-0.1766,0.01706,GAGTGGAAATATACTG,K259F,1,1
-0.1767,0.008385,GATACGGAATAATCGG,S145Q,1,1
-0.1767,0.01665,TGTGGGGTTGCAAGAT,,0,0
-0.1768,0.005486,CAAGTATCACACTAGA,R201K,1,1
-0.1769,0.01607,ATAATCCAATGTTTGG,G240Q E325K,2,2
-0.1769,0.003211,GAATACAAGAGTAACA,T40V,1,1
-0.1769,0.007999,GAACACAATATACTGA,K276V,1,1
-0.1771,0.01559,CTTAAACTCTACCCCC,,0,0
-0.1771,0.01553,ATTGTCATAACAGATA,,0,0
-0.1772,0.00766,AAACGAATACAACTCT,S279N,1,1
-0.1773,0.007428,CTATCCTATACAGGCT,S110V,1,1
-0.1775,0.01431,GTCCTACGAACAAAAA,,0,0
-0.1775,0.007135,TAATCGGTACAAATTT,,0,0
-0.1775,0.002366,TTCAAAATGCCTTAAC,,0,0
-0.1776,0.01397,AAAAACAACTAATAAC,,0,0
-0.1776,0.01397,ATCTTATTTATCTATA,S228A,1,1
-0.1777,0.006853,GCCCAGGCAGCTGTAT,A196T,1,1
-0.1778,0.0136,TTTGTCGAATAATATC,V347Y,1,1
-0.1778,0.01343,AAGCCTTAGACAATTG,S144Y,1,1
-0.1779,0.0133,CAAAGTAGTGCCTTCA,N31F,1,1
-0.1779,0.01313,CTTATGCACGGTTCCG,R208K E457S,2,2
-0.1781,0.01246,TCAACCTGATCCCAAA,E325S,1,1
-0.1782,0.01239,CAAATTATTGTGAAAA,N53E,1,1
-0.1782,0.01239,TAGCGAATTGCTCTAA,V213T,1,1
-0.1784,0.01166,ATCATAGCCAAAACTG,E484K,1,1
-0.1785,0.01153,TAAAGAAAAAGAAGGG,S114W,1,2
-0.1785,0.0115,AGCCTCCCAAATCACT,K207R,1,2
-0.1786,0.005615,TACTAGTCCATATAAA,,0,0
-0.1786,0.01119,ATGAGAAAACAGTCTC,D175C,1,1
-0.1789,0.005124,ATACGACTTCGCTCAA,P215T,1,3
-0.1792,0.009419,CTAAAAAAGACTATTG,,0,0
-0.1793,0.009051,TAATTGAAAACAGGTG,D7P,1,1
-0.1795,0.00862,CTCGGAGACATCAACG,T416V,1,1
-0.1796,0.00831,CCCGATAACCTGTTAG,,0,0
-0.1796,0.008131,TCTAGTTTTATGGATA,,0,0
-0.1798,0.003908,AAGCAGGTGCCACTAA,N31G,1,1
-0.1798,0.007811,ACGCTGCAGAAGAACT,S115L,1,1
-0.1799,0.007542,AATGGGGTATGCAACC,D101M,1,1
-0.1799,0.007279,TTCCAAACGACTTCGA,N285D,1,1
-0.1802,0.006526,CTCAAAGCCACTGGAT,P55R,1,1
-0.1803,0.00212,TCTTCATTCTACCAAT,K292C,1,1
-0.1804,0.006096,ACTGAAAACAAGTGAC,,0,0
-0.1805,0.002873,TACTGATTAACGCTCT,K503A,1,1
-0.1807,0.002597,TACAACATTCTCAAAC,S287C,1,3
-0.1807,0.004969,CCTAAATTTAAGAGAC,D291T,1,1
-0.1809,0.004415,ATACTAATCAACCATG,I202V T485L,2,2
-0.181,0.002116,AGTTTACTAGCTTATG,,0,0
-0.1815,0.002786,TACAAGGTCTCACAAT,R222S,1,1
-0.1816,0.002428,GCAATACAAGAGTAAG,D7H,1,1
-0.1818,0.001984,TGAACAAATAAGCTAT,F399S,1,1
-0.1825,0.01863,AAGGTCTTAATTTTGA,,0,0
-0.1825,0.02984,GCAAAACGACTATTCA,M462T,1,1
-0.1825,0.03398,AAAAAAATCAATTCTG,,0,0
-0.1825,0.009494,AAAAAGCCCAAGTTTC,,0,0
-0.1825,0.05588,AAAAGAGATTATGATA,W234M,1,1
-0.1825,0.03573,AAACTTAAGATGAAAG,N8R Q211H,2,2
-0.1825,0.01155,AAAGCCGTTAACATTT,K310L,1,1
-0.1825,0.01822,AACCCTCTCACAATTG,V213C,1,1
-0.1825,0.03006,AACTGTCGTTAAAATA,P273W,1,1
-0.1825,0.01871,AAGATGCCATACTCGG,S107N,1,1
-0.1825,0.1365,AATCTCTAACATAATA,,0,0
-0.1825,0.008963,AATTTGCTGTACAACA,N94D,1,1
-0.1825,0.01642,ACCTAGAAATAGTGCA,,0,0
-0.1825,0.07368,AGACAATTTCCCATCC,T313H,1,1
-0.1825,0.03072,ATAAAACTATTGGCTC,N382E,1,1
-0.1825,0.037,ATCATAGTACTTCAGA,,0,0
-0.1825,0.008505,ATTTAATCGCCTCCAC,I331F,1,1
-0.1825,0.01738,CAAAATGTAGATACGA,,0,0
-0.1825,0.01897,CAATATCCGAATAATA,E414I,1,2
-0.1825,0.02677,CAGAGATCTCCTTAAC,,0,0
-0.1825,0.01738,CATCCTCAGCAAGCCT,Y302M,1,1
-0.1825,0.0666,CATTAACCCCACTACC,R220V,1,1
-0.1825,0.03484,CCAACACGATGAATTT,,0,0
-0.1825,0.03215,CCATTATGTGGAGACT,,0,0
-0.1825,0.02626,CCCAGACATCATATTT,A372Q,1,1
-0.1825,0.03573,CCGACTAATCCAAGCA,,0,0
-0.1825,0.007818,CCTAGTACAAAGTCCT,S115A,1,1
-0.1825,0.02626,CGGCTTACCCATGATG,Q311C,1,1
-0.1825,0.03398,CTACCGCACCATGTGC,D7Y,1,1
-0.1825,0.01682,CTCATTAATTACCATT,M268W,1,1
-0.1825,0.01669,CTTTACCCGAAAGTTA,,0,0
-0.1825,0.02386,GAAGACAAACGAACTG,S378D,1,1
-0.1825,0.0666,GACCTCTAAGGCAAAC,G386E E403S,2,2
-0.1825,0.03006,GATTGCAGCCATTGAA,Q454G,1,1
-0.1825,0.03215,GGACTACCCAATTATA,N190V R307W T313S,3,3
-0.1825,0.03837,GGTATAACCTTCATCC,Q164M,1,1
-0.1825,0.01814,GTCAATCCAAGTAACA,,0,0
-0.1825,0.01484,GTTATGGTTGATAACC,Q44M,1,2
-0.1825,0.02244,TAAAAGGCATCTAATG,A304C,1,1
-0.1825,0.03398,TAAACACAAACTTTCA,Q376Y,1,1
-0.1825,0.04405,TACAAGCCCCGCTTCA,,0,0
-0.1825,0.01968,TAGTAACAGCGTATAC,,0,0
-0.1825,0.03398,TATAATAATCAATAAC,,0,0
-0.1825,0.045,TATTCAAATGGTATCA,R456S,1,1
-0.1825,0.04651,TCTACACATGTCAAAC,G240K,1,1
-0.1825,0.04651,TCTAGTAAGTGACATA,D7F,1,1
-0.1825,0.01012,TCTGATCTAGTTTCAA,K140M,1,1
-0.1825,0.046,TTAACCTCGACAGAAA,,0,0
-0.1825,0.02129,TTAGGACTTAGAAAAG,,0,0
-0.1825,0.05046,TTCAAAAAAACGATCA,N290I,1,1
-0.1825,0.01775,TTCTCCAAGTTATGAT,K278T,1,1
-0.1825,0.02372,TTTTGATAGCCTACAT,T416S,1,1
-0.1825,0.05108,AAAATAGTGTAAAATA,Q210A,1,1
-0.1825,0.0724,AAAGCCTCATAGCATC,E172A,1,1
-0.1825,0.04022,AAATACCAGCACCATC,T440C,1,1
-0.1825,0.05442,AACCACCACGGACTTG,,0,0
-0.1825,0.06881,AACTGGATAATCACAG,T203Q,1,1
-0.1825,0.03802,AAGAATCACAATTCTC,S124A,1,1
-0.1825,0.02151,AAGACCATTCGACTAG,M168V,1,1
-0.1825,0.02456,ACTAAAACGCTCAGCT,,0,1
-0.1825,0.03604,ACTTGGAGCCATAAGA,,0,0
-0.1825,0.04985,AGTGGTAAATAATGAT,V490Q,1,1
-0.1825,0.0273,AGTTACATCGAATAAG,E410L,1,1
-0.1825,0.1207,ATACAGAATCTGGATC,D474T,1,1
-0.1825,0.04985,ATACTTGAGAGAACTT,,0,0
-0.1825,0.008488,ATCATATATACAATCT,,0,1
-0.1825,0.06167,ATCCTGGGCAGATTTA,Y257W,1,1
-0.1825,0.04452,ATTAACACGTGGCAAA,P227H K468Q,2,2
-0.1825,0.005961,ATTAGATGAACGAAGG,H18T,1,2
-0.1825,0.03734,CAAAATTTGGCCGAAG,,0,0
-0.1825,0.1411,CAAACTCCATCCATTT,L431I,1,1
-0.1825,0.01158,CAAATATGATTACCTC,D7K,1,1
-0.1825,0.07638,CAACGCTGAACATAAA,I469L,1,2
-0.1825,0.1173,CAAGAAGACAAACAAA,T117N,1,1
-0.1825,0.03984,CAAGTAAACACTTGAT,,0,0
-0.1825,0.08083,CACATGAGCGATATCC,P227A G386E,2,2
-0.1825,0.00914,CAGCCATAGTCCTTCG,T128L,1,1
-0.1825,0.0957,CAGTTATCCATAAACT,V204F,1,1
-0.1825,0.03455,CATTATCTAAAACTGC,Q434G,1,1
-0.1825,0.04813,CCAAATATCATTTAAA,R92F,1,2
-0.1825,0.02881,CCACCGATTTTCGTGC,K276V,1,1
-0.1825,0.07929,CCCAGACACAATACCC,,0,0
-0.1825,0.01174,CCCTGAACAGAATAGG,,0,0
-0.1825,0.01959,CCGTTCTAGTTTACAA,T12H,1,1
-0.1825,0.04813,CGCAAGCGAGACGAAT,V223D,1,1
-0.1825,0.00918,CGTACATCTCCTAAGG,,0,0
-0.1825,0.07781,CTATAACAAACTGTTT,K2N,1,1
-0.1825,0.02026,CTTGAGAGCCGAATAT,V182I,1,1
-0.1825,0.02208,GAAATAAAAACAAATG,,0,0
-0.1825,0.01649,GAAATCATTATACTAG,,0,0
-0.1825,0.02963,GAATGGCTATAGTTAA,P254K,1,1
-0.1825,0.04813,GACAGGCTTAGTCAAC,S205Y,1,1
-0.1825,0.1207,GACATTGCGTAACTTA,R269T,1,1
-0.1825,0.01783,GCTAACAAATCTTTGG,,0,0
-0.1825,0.07781,GGAAGCGAGAGCTAGA,E119K,1,1
-0.1825,0.01783,GTAAAACATAGACCAA,,0,0
-0.1825,0.01997,GTACATGACACTTTGG,,0,0
-0.1825,0.1322,GTACCCAAATTGTTGT,K238H,1,1
-0.1825,0.03604,GTCCATTGCTAACCTT,K276P,1,2
-0.1825,0.09149,GTTACACAAACCATAT,A425W,1,2
-0.1825,0.07781,GTTCGCCTATACAAAT,S369T,1,1
-0.1825,0.1322,TACGAACCAAACGACA,K189G,1,1
-0.1825,0.01798,TAGCTGTCATAAAACC,I374L,1,1
-0.1825,0.02345,TATATCCACACCCAGT,,0,1
-0.1825,0.08764,TCAAGCAAGAGGGATC,Q132I,1,1
-0.1825,0.04813,TCCCACAAATTAAGAA,E325V,1,1
-0.1825,0.01533,TCTTCAACTTCAAAAT,,0,0
-0.1825,0.0319,TGAACGATTATAAAAA,D291N,1,1
-0.1825,0.0957,TGTTTCATCCAATATA,L59F R208N,2,3
-0.1825,0.06355,TTAACGTATCGAAATG,I242D,1,1
-0.1825,0.02881,TTAGCCTTCTATTAGC,D408N,1,2
-0.1825,0.1207,TTGTCCAAACCTCAAA,,0,0
-0.1825,0.02026,TTGTTACTAGACACAT,,0,0
-0.1825,0.01345,AAAGCGATCAAGAACT,,0,0
-0.1825,0.006603,CAGATAACTAGCCAAA,Q197G,1,1
-0.1825,0.111,CCCCGCCCTATTACTA,N45C N158R,2,2
-0.1825,0.1281,TAAACTCTCAAAACAC,N63W,1,2
-0.1825,0.1243,TAAATGAATAGATTAG,P273F,1,1
-0.1825,0.1243,TTAATACCATATAAAC,K468E,1,1
-0.1833,0.002547,CTCCGCTACGAAGAGC,L59E,1,1
-0.1835,0.003085,TAAGGTTTAAAAATAA,N285W,1,1
-0.1843,0.005211,TACAGTGACAGCTATC,,0,0
-0.1844,0.005478,TGACATACCTTACCAA,R92C,1,1
-0.1844,0.005634,CTACGGTACATGTCAG,E172G,1,1
-0.1844,0.00568,GTTGCTCACTATGGTT,T128I,1,1
-0.1846,0.006105,ATAGGTGATAATATGA,N38Y,1,1
-0.1846,0.006132,ACACAACGAATCCTCC,A69C,1,1
-0.1846,0.006132,TACAATTCGAACATGT,,0,0
-0.1847,0.006386,GTGCATCTTAAGCTGA,R208T,1,1
-0.1849,0.006916,AATTAATCGAAAGATA,,0,0
-0.185,0.007191,CACCAACATTCATACG,L367W,1,1
-0.1855,0.008896,CTTCCAAACTTGATAA,S193G,1,1
-0.1857,0.009356,TAACATCAAGATCACG,D101T,1,1
-0.1858,0.009549,GACCTACCGATGACTT,,0,0
-0.1859,0.009842,ATCTCAACTTAACATT,K264E,1,1
-0.1859,0.005026,GGATCCAAAACCTAAT,E344T,1,1
-0.186,0.01023,TACTGTCTTCTAACAG,V166K,1,1
-0.1863,0.005475,CCATAACTTAGTAAGA,,0,0
-0.1863,0.01098,CTTATTCGACAACAAT,I260V,1,1
-0.1863,0.0111,ATTACCTAATCCCCAG,Y105F,1,1
-0.1864,0.005707,ATACAAGATTCAAAAC,I242H,1,1
-0.1864,0.001149,CTTAAAAACAGACTAG,,0,0
-0.1865,0.01176,GACACACGAGATCAAC,S114H,1,1
-0.1866,0.01183,CGATATAAATCCTTGA,,0,0
-0.1869,0.00645,TCCTTGATTCGCGCAA,,0,0
-0.187,0.01305,TACAATAGTCGATAAA,S219I,1,1
-0.187,0.004388,GAATATTATACGAAGT,E484W,1,1
-0.1871,0.0133,ACTCTAGCTTAATCCA,,0,0
-0.1871,0.0133,GTATAGTCAAAACGGA,H488D,1,1
-0.1871,0.00671,GCAACGCTGTACAAAT,,0,0
-0.1874,0.01411,AGTATCTTTATGATAA,Q356F,1,1
-0.1875,0.01451,GTCATAACATAAATTA,H488S,1,1
-0.1876,0.01471,ACTTAACCAAAAAAAG,,0,0
-0.1876,0.01487,TTAGACAAACATTTAT,K310H,1,1
-0.1878,0.007746,GAATCCACGCAATTTG,K453Q,1,1
-0.1879,0.01565,AACCTACTGTGGAGTT,E484L,1,1
-0.1882,0.00822,GTGGTTTTCAGACTCT,,0,0
-0.1886,0.005872,TACAACAACTATAAAA,I214R,1,1
-0.189,0.01884,TTGAAACAGAAGTTAA,F79S,1,1
-0.189,0.006318,CAATATTCGCATAACA,H56M,1,1
-0.1891,0.01901,CACACTTAAACTACTA,,0,0
-0.1892,0.009693,TTGACTTGTAAAACAT,T12D,1,1
-0.1893,0.01973,AGAGCCACTTAATCAA,S149T,1,1
-0.1893,0.01982,AGTAGTCGCAAAGCGA,,0,0
-0.1894,0.01004,ACTCCATTGAGAAAAT,V102T,1,2
-0.1896,0.002933,GTTACAACACCATAAA,R150S,1,1
-0.1896,0.02071,TTAAGCACCTTCTAGT,,0,0
-0.1897,0.0105,CTAACTTCGTACCAGA,E457S,1,1
-0.1898,0.003013,AGCCAGAAACTGTTTG,Q75M A373T,2,2
-0.1898,0.02124,GACCCGCGTACTCGGG,Q407D,1,1
-0.19,0.01088,CAATAACGCAATAACG,P324L,1,1
-0.1901,0.005489,GTCTACACTACAATAA,K368L,1,1
-0.1901,0.02214,TTAAGCTGTACTTGAC,K326C,1,1
-0.1902,0.02226,AGGATCGCAATAATTC,S95C,1,1
-0.1902,0.004472,TAATACAAGAGCTTTA,,0,0
-0.1902,0.02238,ACTAATATTTAACTAA,N475R,1,1
-0.1904,0.003269,GTATTCATGGTGAATG,,0,0
-0.1904,0.023,TTTAATGCCCATGTCA,,0,0
-0.1905,0.02313,AATAGACTAAACGCTC,N122Y,1,1
-0.1906,0.01171,CAATCAAGATCTCGCC,,0,0
-0.1907,0.01191,ACCAATCATGCAATAC,N290K,1,1
-0.1907,0.003983,TCGCTATATAACACTT,,0,0
-0.1908,0.02406,ATTCTTCAACACCCAT,R354K,1,1
-0.1909,0.006065,TAGAGAAAGGATGGAC,,0,0
-0.191,0.02449,GACAGATCAACATCAA,,0,0
-0.191,0.004939,AGGAAAGTACACTCAC,,0,0
-0.1911,0.008343,TCAAGATCATGCGTTG,K278Y,1,1
-0.1911,0.002505,TCTCTTCAATCAGACC,K171Q,1,1
-0.1912,0.00836,GCTACTTGAACCACAC,I267L,1,1
-0.1912,0.01256,GCGACTTCGCTTAAGA,N22H,1,1
-0.1914,0.00862,AGGCAATCTTAAAATA,,0,0
-0.1914,0.00862,TAGTACTTATTCCATG,P239A,1,1
-0.1914,0.003234,GCTTGCATCCGGATCA,,0,0
-0.1916,0.002945,TTTCTCGAACCTAACT,G379I,1,1
-0.1917,0.02652,CACGCAACAATTCTTT,N497S,1,1
-0.1917,0.01332,AAGTAAAAAATCCTGA,P21L S115I,2,2
-0.1917,0.01332,TCTATTCTATTCAAAA,,0,1
-0.1917,0.02669,CTTACAATAATGATAG,D77V,1,1
-0.1918,0.02686,CACAAAAATCATATTA,,0,0
-0.1918,0.02686,TAAACAAGGAACATAA,P4G,1,1
-0.1919,0.009051,ATCAAACTTTAAGACC,N94V,1,1
-0.1919,0.02721,CAAAAGATTAACGAGA,L455M,1,1
-0.1919,0.01363,AACTATAGTTGATTTT,,0,0
-0.192,0.02739,TTAGAAAGCTTCCACA,N445Y,1,1
-0.192,0.0055,GAGATGGCAGACAAAA,,0,0
-0.192,0.00917,CGTTTCAATCTACAGA,A11T,1,1
-0.192,0.003932,ACCCAGTTCCATGGAC,A93S,1,1
-0.192,0.02757,AGTTTGCACGAATTAC,I214K,1,1
-0.1921,0.003483,GCTACGCAAGAAAATC,,0,0
-0.1921,0.02794,AACCAATCTATAACCT,,0,0
-0.1922,0.01404,AAAGGCGCGCTAATTG,,0,0
-0.1922,0.02813,AAAAGTGCCACAGGAA,,0,0
-0.1922,0.02813,ATGAACATGAAGTGTA,A196H,1,1
-0.1924,0.002861,TATTATACTAAATATA,N290V,1,1
-0.1924,0.009571,ATATATACAACTGACA,,0,0
-0.1925,0.005807,GAGTTACGAAATCATC,A196K E449W,2,2
-0.1927,0.01479,TCATCCACATAAATCT,D291G,1,1
-0.1927,0.002694,CGAGGCTCTATTCCAT,I214Q,1,1
-0.1928,0.00996,ACCACATATCATGGTC,S231V,1,1
-0.1928,0.01495,ATGAGTGAGATTGAAC,E403S,1,1
-0.1929,0.001876,ACAGGTAAAAAAACTT,,0,0
-0.1929,0.03017,AAAATCTTCATAAAAC,D175K,1,1
-0.193,0.03039,TTTCCCAAACACACCC,E449T,1,1
-0.1934,0.01049,CAACCCACTTGAGTTA,,0,0
-0.1937,0.03252,AAAAACTAAAAATGTG,,0,0
-0.1937,0.03252,ATGAAATAAGGAAAAA,,0,0
-0.1937,0.03252,GAGGAAATACAGCATA,F79R,1,1
-0.1941,0.008369,AGGAGTATGTTATTAA,,0,1
-0.1942,0.004847,AACGTCAATTGGCCAA,,0,0
-0.1943,0.03412,AGCAACTGAATGAAAT,N489V,1,1
-0.1944,0.0344,GAGAATACAATACTTT,H18F,1,1
-0.1944,0.01724,CATAGGACTATATCAT,N483K,1,1
-0.1944,0.005747,TTTTAAGTACAGTAAA,L427I,1,1
-0.1946,0.01746,CAAATAATTACGACCT,R92L K278W,2,2
-0.1948,0.005944,ACATAGACCACTCAAT,K292W,1,1
-0.1949,0.008963,ACCAATATTGGCATTT,,0,1
-0.1949,0.03589,TTCTTTGAATGAGTAC,,0,0
-0.195,0.002778,GTATAACAATTCAACT,I214W,1,1
-0.195,0.005159,CAACATAGTTTTAAAC,,0,0
-0.1951,0.03652,ACATAGATATCCGGCC,,0,0
-0.1952,0.03684,CGTTCTATAAGCCTGT,,0,0
-0.1953,0.009262,ACAAACGAAAAGACCC,,0,0
-0.1953,0.004634,TTAAAGCATCGTAAAG,,0,0
-0.1953,0.03717,GATTATATAATGCACC,,0,0
-0.1955,0.0375,AGTTTCTGCACCTACA,E280D,1,2
-0.1956,0.03784,CCTCAAGGATGATATC,Q394G,1,2
-0.1957,0.03819,AACTCACGGTAATATA,R269H,1,1
-0.1957,0.03819,TGAAAATAAAACTTCC,,0,0
-0.1957,0.006371,GTGAACCGCGATCGAA,,0,0
-0.1957,0.006381,ATCGTTTTCTGCAAGT,N290S,1,1
-0.1958,0.03855,ACAGAATTGACGAAAA,,0,0
-0.1959,0.01941,CAACAAATTTCAAACT,N497V,1,1
-0.196,0.01301,CATGAACAAGACTAAA,,0,0
-0.196,0.01959,CTCATAACCCTTTGAA,E449Y,1,2
-0.1961,0.009831,TCCCTGAAAGACCGAC,T451V,1,1
-0.1962,0.03965,TAATTAATAGATACAC,S199Q,1,1
-0.1963,0.01997,CTCATCAATAAAATCC,S358L,1,1
-0.1963,0.04003,CGACGTTAACCATAAC,S205M,1,1
-0.1963,0.04003,GAGAACAACGGCAATG,S205G,1,1
-0.1964,0.008053,ACCCTCCTTCTGATAA,K326E,1,1
-0.1965,0.005775,TAAGCAACTCGAAGAA,Q407K,1,1
-0.1965,0.006743,GGACAAATAATGCAGC,S219E,1,1
-0.1966,0.006775,CGACCACGCACAGAAT,K82T,1,1
-0.1967,0.01369,AACATGCTAATGAACA,V182S M462I,2,2
-0.1968,0.02066,GAATTCAGATAAAAAA,,0,0
-0.1968,0.004149,TGCAAATACCAAATCC,S47V,1,1
-0.1969,0.005195,CTAAATGTTCATAGAC,V166L,1,1
-0.1969,0.004621,TCATATCAAGAGACCG,K121T,1,1
-0.1969,0.04163,GTGATTTAACCATATT,N290G,1,1
-0.1969,0.02087,AAATTGCTTACAGCCC,N81S,1,1
-0.197,0.04205,GATAAAGTTAAGATCT,R201H,1,1
-0.1971,0.02108,ACTCCATGTCTTTAGT,Q376S,1,1
-0.1973,0.00267,CCAATTTCAATATACA,R383I,1,1
-0.1973,0.004277,GAGAGCACAATAAGGT,L244T,1,2
-0.1973,0.006114,TATTTGTACAACTGAC,N290D,1,1
-0.1973,0.0214,TTCCCATTACCATAAA,,0,0
-0.1973,0.04292,ACAGCAAAATGGTCTA,I48H,1,1
-0.1974,0.02151,AACGATTATCTACGAT,G379N,1,1
-0.1974,0.02151,GGAACCCGAACATAAC,T128R,1,1
-0.1977,0.02197,CTCACTCGACACAATG,S199I,1,1
-0.1978,0.01103,GATTCAGCTATAGTCC,,0,0
-0.1978,0.02209,AGATATGATACCGGCC,R307H,1,1
-0.1978,0.01109,GCAACTATGATAATAA,N497G,1,1
-0.198,0.01121,TAAAAACTCCGATGTC,D7Q,1,1
-0.198,0.004494,GTTAAGATAATTAATA,Q173N,1,2
-0.198,0.01124,GAGACGAACAGGATGC,I288F,1,1
-0.1981,0.04525,AGAAGTCTCATAGTGC,,0,0
-0.1981,0.01508,GTAAAGGAAAGAATTA,P4G,1,1
-0.1983,0.01145,CAAAATTTGTACATGA,,0,0
-0.1984,0.01531,CAAAACCACTGCCACA,,0,0
-0.1985,0.02306,GACTAACACCGATTAA,R201L,1,1
-0.1985,0.04626,GGGTCGTACTTTGCTA,S9I,1,1
-0.1985,0.004215,TGGATGAATCCTTGAA,D493T,1,1
-0.1986,0.00776,CTTAAGAAAGATGGCA,N489T,1,1
-0.1987,0.01565,ATCAAGTCCATTAAAA,,0,0
-0.1989,0.005918,AAGTAGTTGTAACCAA,K121W,1,1
-0.1989,0.02372,TAAATAGAAGACAAGA,D366E,1,1
-0.199,0.005952,TATTACTCGGTCACAA,R269Q I418L,2,2
-0.199,0.009527,CTAACCCGCCCTTTCC,,0,0
-0.199,0.007953,AACCGATCGCTGAAAC,S219I,1,1
-0.199,0.04785,CAAGAATAGTAACAAA,,0,0
-0.199,0.04785,GTTTAGCTGACATGAC,D188E Q376E,2,2
-0.1991,0.007984,AAAATGTATACAAAAT,,0,0
-0.1991,0.006871,AGAGGAGTATACAAAG,,0,0
-0.1992,0.01607,GTTTAGTAGAACGTGG,Q311L,1,1
-0.1992,0.004029,GAAGTAACATAATGGA,I395A,1,1
-0.1992,0.04841,GCGTGGCCAGCAGTGA,Q44H,1,2
-0.1993,0.01216,AAGCGGCAATAAAACA,Q501R,1,1
-0.1993,0.006951,CAACTTTCACTAGTAT,Q363S,1,1
-0.1994,0.009773,CCCAAAAATGCTGGCT,S137R,1,1
-0.1994,0.01633,GAAAACGAGTCTAAGC,G5T,1,1
-0.1995,0.008172,TAGTTTACTATCGTAC,P289G,1,1
-0.1995,0.02456,ATTAAAGACCATCACT,S219Y,1,1
-0.1995,0.0041,ACTAAGAAAAAACCGA,,0,0
-0.1998,0.025,CCCAATAGATTCTTAT,L384W,1,1
-0.1998,0.003848,TCATCAATGGAGAGAT,V166E,1,1
-0.1999,0.01256,AACAGTATCTACATGA,Y470W,1,1
-0.1999,0.02515,TCCCTAAGATTTAGAT,R220F,1,1
-0.1999,0.01679,CTCTTTAATAGTGAAT,,0,0
-0.1999,0.0126,CAAATCCCATATTCGG,,0,0
-0.1999,0.0126,TAAGAACCGAAAACGC,,0,0
-0.2001,0.05077,AACTTATACAGATAAA,,0,0
-0.2001,0.003629,ATACCCCAGGTAGTCA,,0,0
-0.2001,0.01275,GTACTTCTAAAGTATA,K368M,1,2
-0.2002,0.01279,TGGACCAAATATACAA,S312F,1,1
-0.2002,0.02562,AGAGCGACTATTAACA,K238D K292R,2,2
-0.2003,0.05139,AGCTGATCCATACAAA,G5F,1,1
-0.2003,0.02578,CTTACTACTTACCATT,R383N,1,1
-0.2004,0.01033,ATGATATATGATAATA,K411H,1,1
-0.2005,0.007435,GCAGAAGCCATGGCGG,,0,0
-0.2006,0.0261,ATTAATTTGAATATAG,,0,0
-0.2007,0.01051,TACACGTGACTATGTC,I3R,1,1
-0.2007,0.003096,CTGCGCTTCAAATTTG,E325T,1,1
-0.2007,0.004395,AGTAAAAAACCATGAA,E280Q,1,1
-0.2008,0.004078,GAACATAAGTACAAGG,Q376G,1,2
-0.2009,0.01772,CATTTAAAACCAATCA,A196H,1,1
-0.201,0.01787,ACGGTAACTCAATGTC,S114Q,1,1
-0.2013,0.003621,TACACTAAACCAAAAA,S209A,1,2
-0.2014,0.0273,TTAAGGTTATAAATGC,,0,0
-0.2014,0.006842,CAACTTATACAGTACC,S287G,1,2
-0.2016,0.02766,GGAAATCCGCCAGACA,,0,1
-0.2017,0.05551,GTCACCACTTACTAAA,,0,0
-0.2018,0.007976,GCACTAGTCTACTCTC,N158H M462T,2,2
-0.2019,0.02803,TAGCACAATTACCCTA,I29N,1,1
-0.2019,0.01122,TAGCAAAATCCTTTGT,D188L,1,1
-0.202,0.01125,AACACAAAAATACCCG,,0,0
-0.2021,0.01414,GAAATCACTACACCAA,Q454L,1,1
-0.2021,0.00436,AACAATGAATCAAAAA,T10D,1,2
-0.2022,0.02842,GAAATACACGACAGCA,T203H,1,1
-0.2022,0.01138,TGGTGTAAGCTCCTAT,,0,0
-0.2023,0.01428,AACGTGAATAGTAAAG,R222G,1,1
-0.2023,0.007148,ATGGCAACAAAAGAAA,Q75V,1,1
-0.2024,0.02881,CTACTCGAGAAAAAGT,S124R,1,1
-0.2026,0.02901,ATCAGCGTGCTAACTT,,0,0
-0.2028,0.01463,GTACCTCAACACACAG,N133A,1,1
-0.2029,0.01179,GAAAATCGTCTAGCAT,,0,0
-0.203,0.008462,CTCAGTTACAAAAAAG,I374A,1,1
-0.2031,0.0149,TAGAACTTTAATAATT,K259R,1,1
-0.2031,0.01193,ACGAAGAGAAATGAAA,K82E,1,1
-0.2032,0.01495,ATAATTAATTCCAAGT,E484Q,1,1
-0.2032,0.006651,TCCAAAGAATTACGGC,G275C,1,1
-0.2033,0.03006,TCGTAATATAAATTAG,R150T,1,1
-0.2034,0.06033,ACTGCGCCAACAAACT,A364N,1,1
-0.2035,0.03028,ATATTGTAGAAAACCC,S144Y,1,1
-0.2035,0.002761,AGTTACTAAAGTAATA,P55K,1,1
-0.2036,0.00871,ATCTGCTGAAACTTGG,G5D,1,1
-0.2036,0.0305,CACTTGATAACCAATC,,0,0
-0.2036,0.0305,CCTTGTCCTGAGGTCA,,0,0
-0.2037,0.005559,TAAAGGATCACTTAAA,T12H,1,1
-0.2037,0.01225,AATTAATGGTTACCCA,,0,0
-0.2037,0.06122,ACTATAATAAATAACA,,0,0
-0.2037,0.01533,GCCTGATACAAGAGAT,,0,1
-0.2039,0.03095,AAAACGCCCCATGACA,,0,0
-0.2039,0.03095,TTATTATGTGAGATAC,I288T E401K,2,2
-0.2041,0.02082,AAAATCTGATCTAGAT,,0,0
-0.2041,0.007819,ACAGAGCGACATTTTA,,0,0
-0.2042,0.02092,ATACTGAAGGTGTCCG,,0,0
-0.2042,0.02092,CGAAAGGATATGTACC,L157I,1,1
-0.2043,0.01262,GTAACTATAATTGACA,S149A,1,1
-0.2044,0.0158,GAAGAAACTCATTGTA,D85K,1,1
-0.2044,0.006323,ATTTAACATATTATTA,,0,0
-0.2045,0.01586,AATAAACTACACGCTA,,0,0
-0.2045,0.01586,TAATACTACATTCTAT,K276W,1,1
-0.2045,0.01269,AGAATCTTTTGATCAA,R299L,1,1
-0.2045,0.002893,CACCGCGAAACTTACA,,0,0
-0.2045,0.01592,CCTACTTCCTTAAGCC,P289W,1,2
-0.2046,0.00911,ACCAGATGTAGCCAAT,P55V,1,2
-0.2046,0.007093,AACTTATAGTCCATAA,S219Q,1,1
-0.2047,0.06405,ACCAATGGATGACTCG,,0,0
-0.2047,0.06405,TAACTCATTTTTAAAA,R224A,1,1
-0.2047,0.03215,TATGACCGAGGAGACA,N475M,1,1
-0.2047,0.03215,TGGCGACATTTTGTTT,N382Y,1,1
-0.2049,0.00647,CAACACAACAATATAT,G504D,1,1
-0.2049,0.0324,CATGACACCAGTCTCC,L314M,1,1
-0.205,0.06505,ATATTTACTTATTCCA,,0,0
-0.205,0.01301,TCAAGAGGCATAAATT,I34M,1,1
-0.2051,0.01305,TTCTATAGTGGAGGAA,,0,0
-0.2051,0.03265,CATACTTTTGATATGG,,0,0
-0.2053,0.00822,CTGAGCCGCACCAATA,,0,0
-0.2053,0.03291,TTATCATTAGCTACCG,,0,0
-0.2053,0.004713,ACAAGAACAGACGTTT,T328S Q376F,2,2
-0.2054,0.06608,ACTGTACGTCTATCTA,D461V,1,1
-0.2054,0.006625,GTAACCGGAGACTCGA,I300T,1,1
-0.2055,0.003325,GGGCACAATAGGTAAA,D366A,1,1
-0.2056,0.03344,TAAAAACCTAGCGATT,N159V,1,2
-0.2056,0.03344,TCTATAATAGCCAATC,,0,0
-0.2059,0.01689,ATAAGATGGACTAATT,G504S,1,1
-0.206,0.03398,TTTAGTGACGTTAAAA,Y423F,1,1
-0.206,0.001583,TCCAAAGGTTTCATTT,E172S,1,1
-0.2061,0.06825,ACCAAATCCACCTTGT,,0,0
-0.2061,0.02275,ATGACGATCGTTTCTC,H184Q,1,1
-0.2061,0.06825,TACGAACTATCTCAAA,K452H,1,1
-0.2061,0.004879,TCCACCACAATTCAAA,N445K,1,3
-0.2064,0.01724,TCTGTCAAAATACCGC,,0,0
-0.2064,0.009866,TCACTTGCCCACACAT,S91P Q311Y,2,2
-0.2064,0.01152,CCACATCTTTTCTAGG,,0,0
-0.2065,0.00989,CACTTAACCAATGGGG,S95H,1,2
-0.2065,0.01731,CTCCAAAAAAAATATA,V490M,1,1
-0.2066,0.007725,GTTTAGCGAGGTTAAA,I34M,1,1
-0.2066,0.03484,CAAATAACATCACCAA,,0,0
-0.2067,0.01001,CCAATCGCGGAGTTAT,,0,2
-0.2068,0.02339,TACAGAGTCATAACAG,G78D N285K,2,2
-0.2069,0.07056,AAAGACATTGCATAGC,V204L,1,1
-0.207,0.01416,AACTCCTACATGCTAG,D225W,1,1
-0.2071,0.007123,AAAAGCCTTTCTTTCT,R222K,1,1
-0.2072,0.004753,CAACGAAATTACGACA,,0,0
-0.2073,0.01195,CTAATCACTTATATAG,,0,0
-0.2073,0.008964,GCGGCCACCTGTGATT,L157Q,1,1
-0.2073,0.07178,TAAAGTCTAATACGAC,P227W,1,1
-0.2074,0.00721,CGTTAGCCATGTAAAC,T318I,1,1
-0.2075,0.01446,GTCACTATAGCTTTCT,I469V,1,2
-0.2075,0.006578,AAAATTCATTTTAAAT,,0,0
-0.2077,0.03636,CACTTTTACTCCACAA,,0,0
-0.2077,0.01216,AAAAGCGTAACCATCT,T187D R383N,2,2
-0.2078,0.02435,TTCACGATTGACATTT,,0,0
-0.2079,0.03668,CATTTTTTACTAACAA,D271L,1,1
-0.2079,0.004077,ACAATCACTATTCATA,K503G,1,1
-0.2081,0.005681,GCCATTGAAAAACAAA,,0,0
-0.2081,0.01057,GACTTACATACGACCT,K326G,1,1
-0.2082,0.009283,CCAGTCAACTATGTAA,Y233L,1,1
-0.2082,0.002322,TGCAGCCCGTCACAGT,A212L,1,1
-0.2082,0.07434,TCAAAAAACAAAAAGA,F79H,1,1
-0.2083,0.009325,TGTGACAGCTCGGCTG,N22E D188T,2,2
-0.2083,0.03734,CACACCTTTATCCCGC,A106W,1,1
-0.2084,0.01871,CTACTTAGATAAGCCG,,0,0
-0.2086,0.01508,GGGCTAGAGATAAAAT,I335V,1,1
-0.2086,0.00943,ACTGCAATCGATAGCC,E403S,1,1
-0.2087,0.07569,CTAGGAGTTTGAAAAA,S198V,1,2
-0.209,0.01096,ATAGCAATATTACCTC,N122R,1,1
-0.2091,0.004039,ATCCTCATACAGTACA,N53I,1,1
-0.2091,0.03837,TAACCTAGCTCGGCAA,,0,0
-0.2094,0.01295,AAGACCTTACAAGCTG,S107I,1,1
-0.2095,0.00779,ACAATACTACAAAACG,,0,0
-0.2096,0.03909,AGGACACAAGAAGACA,K368H,1,1
-0.2096,0.03909,CGATTCGTATAACTTT,N159R,1,1
-0.2096,0.01565,GTCCAATCCCTAGTAT,,0,0
-0.2099,0.005284,ACACAACTCGTTTCAC,,0,0
-0.21,0.008821,TTATAAGTGCATTACT,A212D K238H,2,3
-0.21,0.02652,ATTTAAACGCACTAAC,S47Y E344G,2,2
-0.2101,0.006636,TGAAATATTATAACAA,G479C,1,1
-0.2101,0.03984,TAAAAAAATAGTCAAC,S265F,1,1
-0.2101,0.03984,TCAACTCGAACACATG,,0,0
-0.2101,0.01141,GACATTCGTAGGAGTT,G129R,1,1
-0.2102,0.01332,TGAAAAACCACTAGCA,D77I,1,1
-0.2102,0.007999,CTATTTTAGTCATGGA,S96F,1,1
-0.2102,0.02669,TCTCAAATTAACTCGA,,0,2
-0.2102,0.01002,AAATCGCGATTAAAAC,K189S,1,1
-0.2103,0.04022,TGCATTCGACTTGCCA,,0,1
-0.2104,0.02686,AATCAATGGGCCGAGA,S279D,1,1
-0.2105,0.008993,CCTAATAGAAACCTTA,G504R,1,2
-0.2107,0.02036,AATATCTGCTAAGGGA,P55L,1,2
-0.2107,0.005094,CCAAGAAAAAATTGCC,T203Q,1,1
-0.2108,0.02721,AACAGACATACACCGA,R220L,1,1
-0.2108,0.08163,AACATAAACAATACCC,,0,0
-0.2108,0.01633,CCACTTCCATTAAAAT,G479C,1,1
-0.2108,0.02046,CTATCAGCACTTGTGT,S110H Q501N,2,2
-0.2109,0.003151,AACGTCATTAACTACA,,0,0
-0.2109,0.04102,TGAAAAAGGGTTCCTC,P289V,1,1
-0.2109,0.02739,TAGCATAAGTTTAAGT,Q407R,1,1
-0.211,0.002653,AATAGCAATCCTAGCT,,0,0
-0.2111,0.02066,ACACATTCCAGACTCC,I260C,1,1
-0.2112,0.004876,TAGAACAATTGTACCA,D408T,1,1
-0.2113,0.01386,AAGCTTTACTATTCTC,S422T,1,2
-0.2113,0.08326,AAATTAATCTAAGGCC,,0,0
-0.2115,0.04184,ATAAACTTTCGAATGA,Q1S,1,1
-0.2117,0.01686,ACTACCATTCGGTGTG,,0,0
-0.2118,0.004463,GTTCAAAAATATCCTC,K472I,1,1
-0.2119,0.02832,TAAACGTTACCACATA,S115R,1,1
-0.2119,0.01699,TTTCATTAACTGGATG,E280D L427V,2,2
-0.212,0.007739,TTTAAGACTAATCACA,,0,0
-0.212,0.009463,ACAAGTTTTTATTAAA,P273M,1,1
-0.212,0.0213,AAGGTAACCACCTAAA,T135D,1,1
-0.212,0.0213,CCACAAGTCACTGGTA,K450V,1,1
-0.212,0.007099,TTTGATAGTATACAGT,L431I,1,1
-0.2121,0.02852,ATGTAACTGTTGTATC,W180Y,1,1
-0.2122,0.01072,TTCGTACAAATTAGTA,P169H,1,1
-0.2122,0.005369,CTGATACTTCTTCTAA,R150Q,1,1
-0.2123,0.02152,CAGCGAACTATGTGTG,,0,0
-0.2123,0.008612,TCAGCACTTCTTTAAA,V347L,1,1
-0.2124,0.02163,AATACACTCTCGGTAC,,0,0
-0.2125,0.01735,TGTGCGAAGAAACGGA,,0,0
-0.2126,0.002021,TTTAAGTATGTCACCA,E83V S266Y,2,2
-0.2126,0.006684,AACAGGGAGAAAAGAA,N22W,1,2
-0.2126,0.005807,GCCAACATGACTAAAA,,0,0
-0.2127,0.04359,AAGCATCAAATGTAAA,S54V,1,1
-0.2127,0.04359,CGGCACTTTCTGGCTT,S115V,1,1
-0.2127,0.003639,ATAAACGCAATACAAA,V490E,1,1
-0.2127,0.003642,GAAATTAAAATTACAA,K189E,1,1
-0.2129,0.01757,GATCATCACAGATTCA,K276D,1,1
-0.213,0.01469,TGATATATACCACAAC,P324Q,1,1
-0.213,0.04406,TGAACATAGTAATTTA,E484H,1,1
-0.2131,0.002604,GCGTATGCGGATCACA,F258W,1,1
-0.2132,0.008054,AACCCTCCCGGACAGT,,0,0
-0.2132,0.01266,AGGCTCAATCTAACAA,,0,0
-0.2132,0.08858,AGGTCTTCTCTGCCAA,N298Q M320I,2,2
-0.2132,0.08858,ATTACAATATCAAAAT,D487K,1,1
-0.2132,0.006343,CTCTTAAGATTACCAT,,0,1
-0.2134,0.02232,GTATACGTAATTACAG,,0,0
-0.2134,0.01787,CAGATCTCATGTATGT,,0,1
-0.2136,0.002995,ACACTAGTGCAGAAAC,I374Y,1,1
-0.2138,0.003615,GCCAAAATGAATGCGA,I481L,1,1
-0.2138,0.09051,CGAACTAAAGATTGTA,K264F,1,2
-0.2138,0.09051,CGGCCACAAATGTTAT,N497K,1,1
-0.2139,0.00394,CTGATGATCACAAGAA,I214Q,1,1
-0.2139,0.006044,TAGGTAATAACTGCTC,D366S,1,1
-0.214,0.003798,ACAGAGTAATCTGTTC,P239S,1,1
-0.2141,0.007605,CTACCTTGTACAGTTA,,0,0
-0.2141,0.01826,AGATAATGTTACCGAC,P227G,1,1
-0.2142,0.006106,AAGCTTCGAGCTTAAA,,0,0
-0.2142,0.006115,TCAAGGCACACCTCAT,,0,0
-0.2143,0.02294,CTATTTGCGATTTTCT,G129V,1,1
-0.2144,0.046,TTATTCGGTAATTCTT,T318I,1,1
-0.2144,0.01842,TTCACTTCAAAGAAAC,K292H,1,1
-0.2145,0.006604,GGATTGAAAACTAAAA,V213E,1,1
-0.2145,0.03084,TAGACCGGACAAGTCA,R269K,1,1
-0.2146,0.02319,ACCTCCTATTATGGAA,T40C,1,1
-0.2147,0.04652,AGACCAAACAATTCTG,E414G,1,1
-0.2147,0.0133,TTCTTCTTAACAGCAT,T128R,1,1
-0.2148,0.01036,AGTCGACTTAAGGGAA,,0,0
-0.2148,0.03107,CCGCAACCGTCAAGTA,N296G,1,1
-0.2148,0.03107,GCTCAATCACACAAAT,K2L R269S,2,2
-0.2148,0.003887,GGCTTATTGCTCAACT,,0,0
-0.2149,0.01041,AACATATTGACCCAAC,,0,0
-0.2149,0.01339,ATTCAGACGTAACATA,,0,1
-0.215,0.01875,TAAGTCGAATCGCATC,A304V,1,1
-0.215,0.009388,TATAATCAGCATATAG,L71I,1,2
-0.2151,0.04704,GTCAACACAGATTCTA,R383G,1,1
-0.2151,0.04704,TATATAAAAATATACA,T416M,1,1
-0.2152,0.02359,AAACGGTAATCTTTAA,W84F,1,1
-0.2152,0.02359,CGAACTTATGTTTAAT,,0,0
-0.2153,0.09462,ACACAACGAGTGCACA,N63K,1,1
-0.2154,0.01356,TTACACACTGTAGCTC,,0,0
-0.2154,0.004131,CATGAAGTCCAATATC,P273E,1,1
-0.2154,0.01901,TAACACGTCTGTAATG,,0,0
-0.2154,0.006338,TACGGAAGCACGCGAG,T485E,1,1
-0.2155,0.008657,CATAAAAGTAGATCCA,V88L,1,1
-0.2156,0.00597,CACAATCCACTTCACT,G62C,1,1
-0.2157,0.005335,GTAAAATGATATCAGG,N216K A304L,2,2
-0.2158,0.01068,AAGAACATAAAATCTC,A372Y,1,1
-0.2159,0.008766,TAAATTCTATATCATC,G263K,1,1
-0.2164,0.01223,TATCTTCTGCCAATAC,F79W K472M,2,2
-0.2165,0.008935,ACCTGATGCTTTACAC,T313C,1,1
-0.2165,0.03278,CTCATAGTACATTGTA,N290E,1,1
-0.2166,0.0123,ATTTACAATGAATAAA,,0,0
-0.2166,0.04927,TACCTATCAGATCCTA,,0,0
-0.2167,0.01973,CGGAATTAGAGTCAGC,P4K,1,1
-0.2167,0.01649,TTCATACGATTGTTAC,T30D,1,1
-0.2168,0.09913,AAATATATCTCTGCAA,G463Q,1,1
-0.2169,0.01104,GTTTAACCAACACCAA,,0,0
-0.2171,0.02002,TTCATACGCGAATCCG,S96L N190D S312A,3,3
-0.2172,0.01431,CCTAAAAAAACAAGGA,N290D,1,1
-0.2173,0.01675,GATGCATTAGAGTGTC,I374V,1,2
-0.2174,0.05047,ACTAACTATCGAAATA,H18Y M268I,2,3
-0.2174,0.05047,TATAGGTCAGTACCCG,N489S,1,1
-0.2175,0.01264,ACGAACATCGAGTATT,,0,0
-0.2175,0.01446,CTCAAACCTCTTCTAA,,0,0
-0.2175,0.02531,ATTAATACTTGTCTTC,N53D,1,1
-0.2177,0.1015,AAAGTCCCACTGAAAT,S9W,1,1
-0.2177,0.1015,AGAATGTTTGAGTGTA,S107Q,1,1
-0.2177,0.1015,AGCGCTACGAAAACGA,G263F,1,2
-0.2178,0.02547,TCTACAGAATCGTTCT,R307N,1,1
-0.2178,0.01456,GATCACAAACTATAGA,S378G,1,1
-0.2178,0.02041,TGATGAAGCGCAATCC,Q311S,1,1
-0.2179,0.03413,ACAGAGATCAGGGCAA,,0,0
-0.218,0.02051,AAGCACACCCATACAG,K207H,1,1
-0.218,0.01283,CTGGTTGAAAAAAGCC,K50I,1,1
-0.2182,0.007363,AAGAATTCACGTTAAT,,0,0
-0.2185,0.1041,GTAAAATCATGTCCCT,D188T N497K,2,2
-0.2186,0.007442,ACTACATATGCACTTA,,0,0
-0.2187,0.009507,TCCGCTATACTGACCA,S265G,1,1
-0.2188,0.01746,TTTAAACAGTACGCCT,,0,0
-0.2188,0.01311,AGCGCTGCGCCAAAAT,,0,0
-0.2188,0.007496,AACACTTATTTCCATA,I300V,1,1
-0.2188,0.03499,CCAATGGAATTTGCAT,,0,0
-0.2189,0.008757,CTTATAAAACCTTGAG,I242Q R383Q,2,2
-0.2189,0.008085,TTTTGAAGATCCATTC,,0,0
-0.219,0.0044,CAGGTTACTGCAACAA,,0,0
-0.2191,0.02644,TAACGTTGAAACTGGC,,0,0
-0.2191,0.03528,CCCAAACGCAAACATC,,0,0
-0.2192,0.05304,AATTCTTCTATAAACA,,0,0
-0.2192,0.01768,TATTAATGACCCGGAC,,0,0
-0.2194,0.01776,AAGTACCATAAACGAA,,0,0
-0.2194,0.01776,GCAAGATGAACATAAG,,0,0
-0.2194,0.01332,CTACAATGCGAGCGAC,,0,0
-0.2195,0.03559,ATGACCGATGACCAAT,N122D,1,1
-0.2195,0.1068,GAAGCCTTATACCTTC,K2W,1,1
-0.2197,0.01536,AGAATATTGAAATGTA,K292Y,1,1
-0.2198,0.007704,CGATTTATACTTCAAT,R482E,1,1
-0.2199,0.0135,AAATCCCCATCTTCCT,P21L,1,1
-0.2202,0.01089,AACAGCTCAATCGAAT,A212R,1,1
-0.2202,0.007776,ATTCATGAACGTATGA,,0,0
-0.2202,0.05443,CTCTGACATTTTCCAT,,0,0
-0.2202,0.05443,TAAACTATCGAATGTG,Q407R,1,1
-0.2202,0.01814,TAATATTGATCTCAAA,N165T,1,1
-0.2203,0.005454,TAATTTACCAGATTCC,,0,0
-0.2203,0.0273,CTCGATATGATTCATC,,0,0
-0.2204,0.01565,TGAAAAAGCATTTCCC,A372N,1,1
-0.2204,0.1096,AGTTGTACAAAGCCTT,K503L,1,1
-0.2207,0.0069,CCACCGATGCAAAGAC,,0,0
-0.2208,0.03685,AATACAAGGAAAAAAT,D7G,1,2
-0.2208,0.01006,AGGATTATCCGATCCG,S205F,1,1
-0.2209,0.01846,ATAACCAAACATACTC,D493E,1,1
-0.2209,0.009243,TACATCCTACACATTA,,0,0
-0.221,0.009264,TCTTGACCAATGACAC,,0,0
-0.2211,0.004645,TATCTAATCGTCGCAA,,0,0
-0.2211,0.03718,ATCATTAAAATAGTTG,Q57D D408N M462D,3,5
-0.2212,0.003286,ACGATCTAGATTAATT,G142R,1,1
-0.2214,0.005107,CGCATAAGCTGTATTA,,0,0
-0.2215,0.008046,CCCCCGCTGAAGCAAT,,0,0
-0.2215,0.01409,ACCGAATCACTAAGTT,F192W,1,1
-0.2216,0.02823,AGATATTAATCCTCCG,,0,0
-0.2217,0.05665,AAACACTTCCATGTCT,R220S,1,1
-0.2217,0.05665,AGTGGAACTACACTAT,N6Y,1,1
-0.2218,0.03785,ACTCATAACCATGCAT,R383Q,1,2
-0.2218,0.03785,TTAAGATCGAGCAATT,R229A,1,1
-0.2219,0.02275,CAACCGTTTCGAAAGA,K450H,1,1
-0.2219,0.02275,CGAACATATTCAAATA,V20Y,1,1
-0.2219,0.01626,GGAAAAATACAAGTTC,,0,0
-0.2221,0.01633,ACACAAATATTCCCCT,G62H,1,1
-0.2221,0.006727,CTCAGTTCGGGCCTAT,G275L,1,1
-0.2222,0.01433,CAACAGAAAGCACAAC,S110R,1,1
-0.2222,0.01639,AGGCTATCAAAACTGC,D101A,1,1
-0.2223,0.008221,TGACGAACCTTCCCCC,,0,0
-0.2224,0.02881,CCATCCCCAGGTATAG,,0,0
-0.2225,0.01923,AAGATCCTGAACTGTA,,0,0
-0.2225,0.03855,ACAATGCAGTTTTCGC,,0,0
-0.2226,0.002899,TCTGAAGAATCCCAAT,K397V,1,1
-0.2228,0.05823,GAAAAATATGATACGA,R299Q,1,1
-0.2229,0.01458,AGCAAATTACAATAAG,,0,0
-0.2229,0.03891,ACATAAACGATGTAAG,L157V,1,1
-0.223,0.02922,ACCAACTGAGGACACC,D225Q,1,1
-0.223,0.02922,GTTAGCACACTTAACG,S400N,1,1
-0.223,0.02339,CAAACATCACTAAAAT,K310T,1,1
-0.223,0.0195,GTCACCTCTCACTTGA,,0,0
-0.2231,0.006512,AAGTACACAATAATTC,K82C,1,1
-0.2232,0.004706,GGATGAAACAGAGACT,E401S,1,1
-0.2233,0.001759,CCAAGCAGCACGCCAT,N497W,1,1
-0.2233,0.01178,CCACAAGGTAGAATAT,N475S,1,1
-0.2233,0.01309,GCACAAAAACAGTAAA,,0,0
-0.2233,0.01309,TTTAATTTTTAACATA,P215A,1,1
-0.2234,0.01073,CCTAAAGACTCCATAG,I214G,1,1
-0.2234,0.002231,TCTCCGAACGCCCGAC,,0,0
-0.2235,0.01693,ATATATACTAGCTCTT,,0,0
-0.2236,0.01978,ATACTGCAAAGTATGA,,0,0
-0.2238,0.004421,ATGATTCTCACCCCAC,D493V,1,1
-0.2239,0.01195,GAAATACGTAGCTGAC,S156N,1,1
-0.2239,0.01087,CGCATAGAATCATCAG,I374V,1,2
-0.2239,0.01495,AAAAGATATAAAAAAG,,0,0
-0.2239,0.02393,TACAAGTTCAACGATT,N489L,1,1
-0.224,0.01997,GATAAATGAGCTTCTG,D291K L496V,2,2
-0.2241,0.01501,AAATATAATATTCGAG,R208Q,1,1
-0.2241,0.03006,TATAACAACACTACTG,T128A,1,1
-0.2242,0.01205,ACTAAGGCATATATGC,R255K A430K,2,2
-0.2245,0.01102,ACAATTCAAAAACTAA,S358G,1,1
-0.2245,0.007578,CACCTCAAAACAAACA,,0,0
-0.2246,0.06078,TCGATAAACTATCATA,I374V,1,1
-0.2247,0.02435,ACACTTGTCCGCAGCA,,0,0
-0.2247,0.02435,ATTAAATACAGAAAAT,D375C,1,1
-0.2247,0.02435,GGGAACAAAAATCTGG,K278R,1,2
-0.2247,0.01219,TCAGTGTTTCTGGTGC,,0,0
-0.2247,0.0305,AAATACTAAATACCTT,D188Y,1,1
-0.2248,0.001064,TTTGCGACGGATTCTA,N296G,1,1
-0.2249,0.02449,AATTATTTATTTTTTC,,0,0
-0.225,0.005119,AAATCATATAATCACC,,0,0
-0.2252,0.02464,GTCAATAGAAACAAAT,,0,0
-0.2252,0.06168,ATAAAAAAAAACTATA,L70F,1,1
-0.2252,0.06168,TGACAGTCAACACCAA,G142N,1,1
-0.2252,0.002871,GCATAAGTATTACACT,S480Q,1,1
-0.2253,0.01764,TACGAAGTGATAGTAT,A372D,1,1
-0.2253,0.007268,ATGATCCGGAGTTGTA,E83K S124L,2,2
-0.2253,0.04123,CACAAAGTAAAGGCGT,,0,0
-0.2253,0.01374,TGTGTCAATATCTCAC,N158S,1,1
-0.2254,0.03096,ATGAACGTTACCCCCT,T328S,1,1
-0.2254,0.03096,TCCACGTGAAATATTT,I67L,1,1
-0.2255,0.003359,AGAAACCTGGCTGGAA,Q57A,1,1
-0.2256,0.01037,ATATCGTCGGAGAACA,E83I,1,1
-0.2256,0.01779,ATAATAAAATTTTTCC,,0,0
-0.2258,0.04164,TTAACTACCCAATATT,N250G,1,1
-0.2259,0.007835,AAAACAACTCCGGAAA,S358G,1,1
-0.226,0.005458,CATTGACATTAACAAC,,0,0
-0.2261,0.002209,AACACATATTTTCTAA,G78W,1,1
-0.2262,0.04206,GAAAGTGTCTTCAAAC,M268L,1,1
-0.2262,0.04206,GCAAACGAAATAATAA,S156K,1,1
-0.2262,0.1262,ACAACACGGATTACTC,N22A,1,1
-0.2262,0.1262,TACAAGTTAAGTAAAA,K264D,1,1
-0.2263,0.006652,ATTTACGCCTATCCGT,K503R,1,1
-0.2263,0.02108,CTCCTATTTCATTAAC,D32Y,1,1
-0.2263,0.01407,AAAGTCGGAATACGCA,K171N,1,1
-0.2265,0.02539,AATCTTCTTACTTTGC,Q356F,1,1
-0.2265,0.01412,GTTAATTATATACCCT,F79Q,1,1
-0.2265,0.06357,CCAAGACACGAAAATA,D225Y,1,1
-0.2265,0.01271,TCTCAGTAACATTTGG,,0,0
-0.2266,0.04249,GTAGCCCGGATCGTAC,G200R,1,1
-0.2267,0.02555,CATAAGGTGAACTAAA,S115Y G275E,2,2
-0.2267,0.0213,GCCGCAAAGATTAAAG,,0,0
-0.227,0.0117,AATGAGCAAACCTAAA,Q363H V490R,2,2
-0.2271,0.01287,AGCCAATTTGATACTT,,0,0
-0.2271,0.04293,GATGACTACATCCTCG,T416E,1,1
-0.2272,0.06456,CATAAGAATACAAAAG,N31M,1,1
-0.2272,0.003005,AACCTTAGTAACCCAA,V309T,1,1
-0.2272,0.008078,CTATTAACAAAAATAA,,0,0
-0.2274,0.01851,TTCATAAAAAACTTAT,G263P,1,1
-0.2276,0.01183,GTGCTCACATAAGATA,S144E,1,1
-0.2277,0.02174,AAAAACTATGAAACAT,R229H,1,1
-0.2277,0.007249,AATGAAATTAAATACT,,0,0
-0.2279,0.06557,ACTGCTTCCCAACCGA,E83P N498R,2,2
-0.228,0.01876,CGTATCATAAATATGG,L455F,1,1
-0.2281,0.01097,CGATATCTACATAAGA,,0,0
-0.2281,0.008238,CCACACTATTTAGCCC,S198R,1,1
-0.2282,0.01016,AAGCTGATTAATTAAA,,0,0
-0.2284,0.005299,GCATATCCCTAACTCA,Q57M,1,1
-0.2284,0.01656,AACCCAAGAAATACAC,K207A,1,1
-0.2284,0.02652,AAAAATAACAATTCTG,,0,0
-0.2284,0.008841,AAACATTTACCTGGTG,,0,0
-0.2285,0.005776,TACCTGCAGTTTTCAG,Q1C,1,1
-0.2285,0.0443,TATATAAGCCTCTTAG,S193G,1,1
-0.2285,0.003408,AAACATGATCATATTC,,0,0
-0.2286,0.01333,TAATCGATCCTAATCT,K2E,1,1
-0.2286,0.06662,CGTAAATGCACAGAAT,T135Q,1,1
-0.2286,0.06662,CTCAGCACAAAAACGT,E414A,1,1
-0.2286,0.06662,GTACTTAACGATACCC,G263H,1,1
-0.2287,0.002783,CGCTACTTATTAACCA,L316M,1,1
-0.2288,0.008917,GCCCCTAAAAGCGAAG,I300E,1,1
-0.2288,0.03345,ACTACAGTAAGAAAAC,D104K,1,1
-0.2288,0.01115,AAATAGCCTTGAGTTA,G5T A196V,2,3
-0.2289,0.006701,GTTCCCTCAACCTGCA,I160N,1,1
-0.2289,0.01676,ATGTAAACTACAAATA,E280R,1,1
-0.2289,0.005833,GACTTAATAAGAACGA,D77T,1,1
-0.229,0.1343,AACGATACTACTTGGG,R222L,1,1
-0.229,0.01919,AACCTCAAACTAGCCC,F195T,1,1
-0.229,0.04477,TAGGATTTCCGAGATT,T10F,1,1
-0.229,0.01493,AGGTCGATGACTAGCT,N94Y,1,1
-0.229,0.02686,TTATAGAATACACTTT,,0,0
-0.229,0.003734,ACGGACCTCAACCATC,,0,0
-0.2291,0.01225,ACTCATATGTTTAAGC,I300Q,1,1
-0.2292,0.003965,TAAAATTAACCTCAAA,K292T,1,1
-0.2292,0.009628,GCGAAATCCACGGCCT,D175V,1,1
-0.2295,0.04526,ACATATACGACTATTC,N38L,1,1
-0.2295,0.04526,TCACAAACCGACGAAT,,0,0
-0.2295,0.04526,TTTAAACTAAATGTAA,Q327L,1,1
-0.2296,0.003316,AGGAAGAATGAATTGA,K121R,1,1
-0.2296,0.03399,GGTGCAAACCAACCGA,,0,0
-0.2297,0.01363,TCTCTAGTTTCCATTT,G218Q,1,1
-0.2297,0.009741,GTGAGCTAAGACCACA,F467V,1,1
-0.2298,0.01243,CCTCCATTACACATCT,H393A,1,1
-0.2301,0.003441,AAAAATACATCTTCTG,,0,0
-0.2302,0.009833,ATAGCCATCCAATAAC,T485F,1,1
-0.2302,0.06883,AAGTAAACTACACAAC,K292H,1,2
-0.2303,0.007268,ACCCCTACTAACCCAA,P169S,1,1
-0.2303,0.01062,AAAACCCAATTGCATT,,0,0
-0.2304,0.02307,TTGCAATGTGTAAGGA,G129R,1,1
-0.2304,0.006924,TATATAATAGGATTAC,Q311C,1,1
-0.2306,0.04627,AGATTCCCTCATCAGA,,0,0
-0.2306,0.04627,CTAATACTCTGTCAAT,T187V,1,1
-0.2306,0.007719,AACCACGGTGTCATCA,Q454M,1,1
-0.2307,0.01266,ATAATCACGAGGAGCC,,0,0
-0.2307,0.009951,TAAGCAAAACACACAT,L381W,1,2
-0.2308,0.03485,TTTTTTTATAAACCCA,E359Y,1,1
-0.2308,0.006982,GACTAGACAACTCTAT,P55Q,1,1
-0.231,0.06998,CAACCTCATTGATAAA,,0,0
-0.231,0.002417,ATGATCCAACGGTAAC,S279G,1,1
-0.2311,0.0156,GACAGGAACGATCAAA,,0,1
-0.2315,0.02021,AGATAAAGCATCTAAA,P293A,1,1
-0.2316,0.006452,TAGACGAATCATACGT,L86I,1,1
-0.2318,0.07118,AAAGTAAAACAATCAT,V490E,1,1
-0.2318,0.07118,ATAACTCTCATGGAAT,P221T,1,1
-0.2319,0.007504,CCCAGTCAGGTTTCCG,R150A,1,1
-0.2319,0.02852,GCAAACAAAGCCTTAG,K27E,1,1
-0.232,0.01099,CCCATCAGAAAATTTC,D415E,1,1
-0.232,0.03574,AAAATATAAAAGTATA,,0,0
-0.2321,0.005505,CATAACTAACTAGAAC,D291P,1,1
-0.2322,0.04786,AAAAGTTGCACGGGTC,N158Y,1,1
-0.2322,0.04786,TAAAACCCTAACTCTA,A163T K259M,2,2
-0.2323,0.01027,ATAGTCTTAAAACCTG,,0,0
-0.2324,0.007586,TCTACACATGCCGGAT,V166L,1,2
-0.2324,0.03605,CTGCTTTCAAACTCTA,V406I,1,1
-0.2324,0.03605,GATTTTATGCAAGAGT,F174N,1,1
-0.2325,0.01111,TACAAGTACACACCAC,D348N,1,1
-0.2326,0.008516,GCGATATAGTGTAAGG,R208T,1,1
-0.2327,0.02414,ATAGCACAAAAGTCGG,E449H,1,1
-0.2327,0.02414,GACAGAAGATTAAAAA,T10H,1,1
-0.2327,0.02414,TTTGTACTTGCGAAGC,E410Q,1,1
-0.2327,0.07242,TGGAAGACACAAATTC,P324K,1,1
-0.2328,0.04842,ATACAAAAATTCAGAA,L447F,1,1
-0.2329,0.03637,AGAACGTCTTAAAGTT,D375S,1,1
-0.2329,0.03637,TTTTACTTTTTCAACT,L431V,1,1
-0.233,0.01216,TAAGGCTCCTACTTTT,E344W,1,1
-0.2331,0.008604,GTAAAACCGAATATGG,Q80A,1,1
-0.2332,0.002614,CGCGGATAAGAAATTA,S96Q,1,1
-0.2332,0.01627,GCACCGCGAAAATTCA,Q1A,1,1
-0.2333,0.03669,CTAAATGATACGCATT,T135R,1,1
-0.2333,0.003496,AAATCCATATGAGGCA,,0,0
-0.2334,0.01633,TACTTCAAAACACTTC,L439A,1,1
-0.2334,0.01839,TAAAGCTATAATGCTA,R307K,1,1
-0.2335,0.009203,ACACTCAAATAAATAG,,0,0
-0.2335,0.007755,CAAAAGCAAAGCTCAG,,0,0
-0.2335,0.02457,CGACCGCATTCTTACT,,0,0
-0.2335,0.00567,ATACTCACCATCGCGC,,0,0
-0.2336,0.006417,ACAATATTGCATTAAT,,0,0
-0.2338,0.01348,CTAAGCTGTTATATCT,R220Y,1,1
-0.2338,0.01348,TAGCGCAGGAAACACG,D271A,1,1
-0.2338,0.02471,CATCACTTAAACTAGG,Q191A,1,1
-0.234,0.04957,TACAGAAAAAGACTAC,,0,0
-0.234,0.04957,TATATTAATCCAAAAT,I274S,1,1
-0.234,0.1487,AACAAAAAAGGGGCTA,,0,0
-0.234,0.01653,CGAAAATTCCAAACTC,P273W,1,1
-0.234,0.009916,TAATAACAAAATTCCA,I202T,1,1
-0.2341,0.004661,CGTCACTAGACTCAAA,K189N,1,1
-0.2342,0.02486,AAGCAAATAAGTTGAT,K131H,1,1
-0.2342,0.008288,CTGATAGTGAAATAGC,A430C,1,1
-0.2342,0.01659,TCCTCCGTTCGTAAAC,H56Y A212I,2,2
-0.2342,0.03735,ACTAACAAAAAATATA,,0,0
-0.2342,0.03735,CAAAAACGTTACAAAC,E119A,1,1
-0.2343,0.0068,GTACGAACTTATCGCA,,0,0
-0.2343,0.01872,ACAACATAATTAACAT,Q210D,1,1
-0.2345,0.02501,AGGGGACCATTAACTG,K397R,1,1
-0.2347,0.01256,ACAACATCGAATTTCG,P227H,1,1
-0.2348,0.005598,AGCAATCCTGATTTTC,,0,0
-0.2351,0.02169,TTTTTCTAGTCTAATA,A106I,1,1
-0.2351,0.0304,TTAACGCTTAGTTCGC,N6C,1,1
-0.2352,0.01268,AGAAACAAGTTCAAGA,H393R S400V,2,2
-0.2355,0.004026,TAACCCAATCAACTAA,,0,0
-0.2356,0.003837,AGTGCATATAAAACTC,,0,0
-0.2358,0.004525,TTATATCTAGGAAACT,,0,0
-0.2358,0.01924,ATTCACCACTTTTCGA,,0,0
-0.2359,0.03085,AAACACAGTGCCTGAT,N190I,1,1
-0.2359,0.03085,TGATGAACTAAATCTC,S144W K315V,2,3
-0.236,0.01545,CTAACCCCATGTAACT,,0,1
-0.2362,0.007748,ATTTCTTAAGCCACCG,T10S,1,1
-0.2363,0.03108,AAATATTGAATTCCTA,T416L,1,1
-0.2363,0.006216,TCCGTTTCTCTAAAGT,,0,0
-0.2364,0.07784,GCAAACTAAGAGCCAT,G129W,1,1
-0.2365,0.01417,TTCACAAAGGCAGATA,E119F,1,1
-0.2366,0.01735,CCGAACAACGAGAATA,,0,0
-0.2368,0.01569,TTACCACATATCGAAC,,0,0
-0.237,0.00492,CAATTGTACACAGTAG,N81R,1,1
-0.237,0.01574,TCTAATAACATTCATG,D175P,1,1
-0.237,0.0175,AAAAAAAACAAAAATC,K50V,1,1
-0.2371,0.008296,GGCCCGCCGAGAAGGA,,0,0
-0.2371,0.03155,GAGTATAATGATTAAA,D101V R269H,2,2
-0.2371,0.01052,TACTGATATAATACAT,L86V,1,1
-0.2372,0.007895,TCACGAAAAACGATCT,,0,0
-0.2372,0.01436,TTGCTACCATAGAAAC,,0,0
-0.2372,0.009296,CATGACCAAAGGCTGG,,0,0
-0.2373,0.01757,TATTTTAGGCGGTGAA,L111F,1,1
-0.2373,0.01054,TCCTACACTTGATCTG,,0,0
-0.2373,0.05271,TATTCTGAAAGCAGGT,V20I,1,1
-0.2373,0.005111,ATGGGTAATCAAAAAC,,0,0
-0.2374,0.004068,ACCAGCATGGAAATAC,L59A,1,1
-0.2375,0.006616,GGGAAACAGCCAAACA,,0,0
-0.2375,0.0106,GAAATAATCTATAAGA,,0,0
-0.2376,0.01593,GATAACTCTAACAAAT,,0,0
-0.2377,0.02276,CATATCAAGTACACCT,,0,0
-0.2377,0.00693,AAATTAAAATGCAGAC,E457A,1,1
-0.2377,0.03985,GAACCCGACAACAACC,S96A K368M,2,2
-0.2378,0.001737,CAAAAGCACAGGGTAG,H56K,1,1
-0.238,0.03203,AATAATCATACTATTG,,0,0
-0.238,0.05339,ACAATGGGGGAGTCTA,L431V,1,1
-0.238,0.05339,ATCAGCCAACGAGTTA,I179L,1,1
-0.238,0.05339,CCTAGCCTCTATAATA,K450H,1,1
-0.2381,0.01236,TTAGTTTAAAACACAC,R482V,1,1
-0.2383,0.02301,GCCAAAATTCCCCTTA,E280A,1,1
-0.2384,0.01795,ATAATGCACAGATCAA,,0,0
-0.2386,0.00953,TCAGCACAAGCGGAAC,I288V,1,1
-0.2387,0.01803,ACTCTCAACAGTTTCT,S144R R329K,2,2
-0.2387,0.05408,AACCACTCAGAAAAAT,Y105H V130L,2,2
-0.2388,0.01251,TATACTTTGCTATGAT,S262Y,1,1
-0.2389,0.02713,TCCGTAATAAAAAAAG,S110R,1,1
-0.2389,0.007083,AGTCCTACCCAACATA,,0,0
-0.239,0.009596,AGACGGACCTTCAACA,S422D,1,1
-0.2392,0.02731,ATTACTTACCCATATT,K472R,1,1
-0.2394,0.004323,CAAAAACCTTTGTTTA,,0,0
-0.2394,0.005667,GATGGCTATGATGGTC,,0,0
-0.2395,0.006856,AATCATGCATACGCAT,I300H,1,1
-0.2395,0.007484,ATCTTGGAAACAACAC,R33S,1,1
-0.2397,0.01377,CCTTAGTTCACAACTC,T328M,1,1
-0.2397,0.03305,ACCTGAACGGTGTGTG,,0,0
-0.2398,0.006125,GTATCCCAGCAAGCCC,E426W,1,2
-0.2401,0.01386,ATATATCGAATTTGAC,Q311C,1,1
-0.2402,0.0238,CTAGAAAAATATGAAA,F258T,1,1
-0.2402,0.03332,ATTCCCAATGACTAAA,T318V,1,1
-0.2402,0.01281,CTTTTCCCGCCTAACT,Q1D,1,1
-0.2403,0.01391,CCTCTACTGCTTAAAA,D85G A106S,2,2
-0.2403,0.01669,AAAGCGTTCTACTGTA,K278V E414R,2,2
-0.2403,0.009823,ACTCTAAAGCTGTCAA,K207P,1,1
-0.2404,0.007964,CAGTCGCTACTTCTCA,S110A G404I,2,2
-0.2404,0.01859,CTATTCAAATCTTACA,A372T E484D,2,2
-0.2405,0.01117,AATAATAGGTTGGATT,,0,0
-0.2406,0.009328,TAAAGCTCATATAACC,G379H,1,1
-0.2406,0.03359,TCATGCTCTCAACATC,I3H,1,1
-0.2407,0.003736,CAACGAAAGCTGTACG,,0,0
-0.2408,0.008862,AACGCTAAAAAATTTG,,0,0
-0.2408,0.01531,TATATTAAACACGACA,K503Q,1,1
-0.241,0.05628,ACGTAACTATGATAAA,D175N,1,1
-0.2411,0.04228,AGACCATCAATATTCC,F353W,1,1
-0.2411,0.006273,TCGTTTCGTCGCTCAC,K326V,1,1
-0.2412,0.001229,TCTCAATCAAAAACGT,R269V,1,1
-0.2412,0.00424,CTTCCAGAATTCTGTC,D101F,1,1
-0.2413,0.01306,AATCTACCAAATAAAA,K417R,1,1
-0.2413,0.01132,GGATGCGAACAATAGC,,0,0
-0.2413,0.006067,TCATCAGTCACCATCT,K50E,1,1
-0.2414,0.007735,GATCTTTCAAATTGAA,,0,0
-0.2415,0.0131,TGTCTAACTAAACGCT,,0,0
-0.2415,0.001915,TGTCACCACAATAACG,,0,0
-0.2415,0.01893,CTGGTAAATTCCCCCT,,0,0
-0.2416,0.01138,GAAAGCAATGAAAACT,D415T,1,1
-0.2416,0.005174,GTGACAAGTACCCAGG,D175N,1,1
-0.2417,0.01554,CTAGCCAAGGACTACG,,0,0
-0.2418,0.01318,TCTACCTGCTTCCACT,N382D,1,1
-0.2418,0.007451,AACTAAAGTCATGAAT,F258T,1,1
-0.2421,0.002495,AAAAGAGGCTAAAAGT,T187M,1,1
-0.2421,0.009564,ATAACCACCAAGCTCT,,0,0
-0.2421,0.008199,CTGAGAACGACACCGA,K207G I260S,2,2
-0.2422,0.02464,CGGGTATCTTAACAAT,K238A,1,1
-0.2422,0.02464,GCAAGGTATTTTAGTA,,0,0
-0.2423,0.005757,CAGAACAATTCCAAAT,K140A,1,1
-0.2423,0.007851,AGTAGAGAGATCCCAC,L154M,1,1
-0.2424,0.006175,AATTATAGCGCGATTC,D291H,1,1
-0.2424,0.007212,AGTTTAGGAATCTTTA,,0,0
-0.2426,0.03471,TGACTTTGAAAATACC,E443F,1,1
-0.2428,0.0116,CATACCTCGAATCTCA,I230L,1,1
-0.2429,0.01245,CACCTTAACTGAAACC,K140G,1,1
-0.2429,0.001762,CGAGCCTAAATCCATC,S199T,1,1
-0.2429,0.04361,ATTCGAATCTCCACAG,E403Q,1,1
-0.2429,0.04361,GACTCGTCAGCATGAC,E432A,1,1
-0.2429,0.02494,GACCATACATTTACAA,,0,1
-0.243,0.008741,AAGTCCTTCCCCACTC,E83N,1,1
-0.2431,0.02186,TCCATCTTTTGCCAAA,,0,0
-0.2432,0.007012,TTAGGTGACAAAACTG,,0,0
-0.2432,0.01754,AAACCAAGTGAATCAG,N445V,1,1
-0.2432,0.006745,GGCTGTAAACTCCTCC,R33K,1,1
-0.2432,0.08768,TCACGATTAAAAGTAA,Q371A,1,1
-0.2435,0.04407,TGATTAAAGAGTATAA,,0,1
-0.2436,0.01357,GTTACTTATAGTAGAA,,0,0
-0.2436,0.01177,ACCCGAGATTAATAAC,,0,0
-0.2436,0.00706,GTACCACCAATGATGA,K417Y,1,1
-0.2437,0.02209,GGCAATCTATAAGTTA,,0,0
-0.2438,0.01041,CCTACCCTTCATACGC,,0,0
-0.2439,0.002274,CATTTACAAAACAAAA,Q210V,1,1
-0.244,0.007405,AAAAGCAACGGCTAAA,S9V,1,1
-0.2441,0.0254,AAATTGCTGGATTAAA,M444F,1,1
-0.2441,0.02964,AAGAAGAAATCTTCCC,,0,0
-0.2443,0.01049,TTCTAACATGTCTAAA,,0,0
-0.2443,0.01115,CCAAATCTAAAGGCCA,G479E,1,1
-0.2443,0.0595,AATATATTGTAAGATA,,0,0
-0.2443,0.0595,GACCTAATGTTAAACT,R482E,1,2
-0.2444,0.0149,AAACATCCATAAACCA,,0,0
-0.2445,0.003891,GTGGACGATACTATTT,T37I,1,1
-0.2445,0.005431,GGCTACAACAGAGTGC,,0,0
-0.2446,0.01993,ATTCATGCCTTTGCAA,K310R,1,1
-0.2446,0.002942,CGTCAACAAAACCCCC,R299M,1,1
-0.2446,0.004174,CTCCAACTCAACTAGA,,0,0
-0.2447,0.00399,ATTTCCTCCCTGTCTG,,0,0
-0.2449,0.01501,AAATTACTGCAACTAC,G504S,1,1
-0.2449,0.009006,TAGAGGCCAACCTTGG,P55R,1,1
-0.2449,0.006217,GTACTTGTGAAGCGCA,K278Y,1,1
-0.245,0.02257,CCAAGTTTTATGCCTG,R220Y,1,1
-0.2453,0.002555,TAACGGGATGGTGGCT,I260M,1,1
-0.2453,0.002707,CCCGATACCACCACAT,,0,0
-0.2454,0.03029,CTTCAAGTTTGAAGCT,,0,0
-0.2455,0.00866,ATACATTAACACATAA,,0,0
-0.2455,0.002219,CGACATATAAACTTGC,A212Y,1,1
-0.2455,0.04552,AAGATAGTTCAAATTA,T301Q,1,1
-0.2455,0.04552,GTTAAATAGAATATAG,K310F,1,1
-0.2455,0.009104,CTTGATACATCAAGAT,F332L,1,1
-0.2457,0.007934,CAACCAATAAGTCGCG,K326F,1,1
-0.2457,0.006085,TCAAAACCATTATACC,N63W,1,1
-0.2458,0.009619,CGACCCAACTAAATCC,K472V,1,1
-0.2459,0.03051,TGGAACCCTAGCCAAC,N31D,1,1
-0.246,0.01666,AAAGCTATACTTTTAT,S107R,1,1
-0.246,0.02619,CGAATATAAGCAAATA,,0,0
-0.246,0.004268,CTCATACAACCATTAA,S137M,1,1
-0.2461,0.02295,AGCTAATGGGCGTTTA,Q327S,1,1
-0.2461,0.06125,ATCCAAGTACACCAAC,Y105A,1,1
-0.2461,0.01225,TAGAATTGAAGAAACC,Q454C,1,1
-0.2461,0.005569,GATATAGGATCATCAA,K450R,1,1
-0.2462,0.01022,TAAGAATGAAACTTAT,,0,0
-0.2462,0.01673,CAACAAAAAGCTCGAA,I236K,1,1
-0.2463,0.00801,AGTATTTGGTACAACG,K27T,1,1
-0.2464,0.02307,ACAAACGAACTACCGC,,0,0
-0.2464,0.02052,AAATACCGCTACTATG,S378G,1,1
-0.2465,0.01422,ACCGTTAAACGACACA,H56A,1,1
-0.2467,0.007412,ACATCTGGCCCGGCGA,E83D,1,1
-0.2467,0.01324,GACGACAATATAAACC,K121M,1,1
-0.2468,0.02062,CATGCGAACACAACAA,,0,0
-0.2468,0.0232,ACAATTTCCATCCAAG,,0,0
-0.2469,0.03719,GATGCTACAGATACCA,N22E,1,1
-0.2469,0.01431,ACCAAGGACAATACCC,,0,0
-0.247,0.01551,TTAAACGATTAGCTCA,I242M F353Y,2,2
-0.247,0.04654,TGGCAACCATCTATAC,E401K,1,1
-0.2471,0.06216,ACTTATAAAAGCGTAG,,0,0
-0.2471,0.06216,AGGTACTTACTTCGGA,,0,0
-0.2471,0.01333,ATTAAATAGAACAGGC,,0,0
-0.2472,0.01099,GACATTCTTTTAAAAT,,0,0
-0.2472,0.01099,TTAATGTCAGAACTAT,N285A,1,2
-0.2473,0.017,AAATTTAACCGCGAAA,S199E,1,1
-0.2473,0.09359,CAAACAATGTTACCGT,T65S,1,2
-0.2477,0.01569,GTATATTTATTGCAGC,S209W,1,2
-0.2478,0.004715,AACTACCCCCTCACTA,S137R,1,1
-0.2479,0.00858,TCAAAAACAAACAGCT,,0,0
-0.2479,0.0236,ACATGACAAGATGCGG,T440L,1,1
-0.2479,0.0236,CACAATTTGACAGATT,,0,0
-0.2479,0.005722,CTGGCCCAGGTAAAAC,Q44S,1,1
-0.2479,0.01575,GTGCCTAGGATATATA,N285H,1,1
-0.248,0.009456,TGAACCATTCAACCCA,R229H,1,1
-0.2481,0.06311,TTTGCTTAAACTTTGT,S198V,1,1
-0.2481,0.004033,ATACAGACGAACAATG,K276W,1,1
-0.2482,0.01898,AAACGCTCGCGTTACG,,0,0
-0.2483,0.01056,TACCCAATTTCCAGCT,S262N,1,1
-0.2483,0.01728,GCACTCCTCATTTTAT,N498H,1,1
-0.2484,0.02114,ATCCAACAGACAGACC,G5H,1,1
-0.2484,0.02114,TACAGGTACCATTAAA,D85Q,1,1
-0.2485,0.02722,ACTCTATATAAAGTGA,N464S,1,1
-0.2486,0.01363,CATAATCAAAAAAATT,,0,0
-0.2486,0.01735,GCATCACCATATTATT,E401R,1,3
-0.2486,0.02387,CTAGACATATAAGTAG,Q376L,1,1
-0.2486,0.009095,TATCTCCCCACTAAGT,T12M,1,1
-0.2487,0.03821,TGACAAATATATAATA,Q407M,1,1
-0.2488,0.006834,ATTTAAACAATAAATT,,0,1
-0.2488,0.03192,TCCAAGAACGGGTAGA,T301S,1,1
-0.2488,0.003757,GGTTGATGTCAAAATT,,0,0
-0.2489,0.01199,TAGGCGTTGTCAGTGT,L496V,1,1
-0.249,0.01477,ATTCAGCATTCTTGCT,N464S,1,1
-0.249,0.01477,CCGCAAGGATCGAATA,,0,0
-0.2491,0.006633,TGAGCCTACTCTTTAT,D60L,1,1
-0.2492,0.0175,TCATATAAACCGACAA,R269C D408Y,2,2
-0.2493,0.03857,TTAAATTGCTGCGTTA,,0,1
-0.2493,0.01206,GACTGGGTCAAATTTT,K140R,1,1
-0.2494,0.01933,TGCGCACCTCCGCAGG,I374H,1,1
-0.2498,0.02158,ACAGGAATCGCCGGTT,A476D,1,1
-0.2498,0.02158,AGAGGACTGACAATAA,K131M,1,1
-0.2498,0.006077,TCCAAGACAGATCTCT,V429T,1,1
-0.2498,0.03241,GATTTAAACACTCTAT,G479R,1,1
-0.2499,0.03893,ATACCAAGTTAACAAC,G504S,1,1
-0.2499,0.01498,TTTAAAAAGAAGAAAG,A93C,1,1
-0.25,0.01624,AGCTCTCCCTACCTAA,,0,0
-0.25,0.04871,TCAATAGCTTAATAGA,D175W,1,1
-0.25,0.01026,CACACCTGAAACTGAA,R307F,1,1
-0.2501,0.01951,TTACAAGCCTCTCACA,,0,0
-0.2502,0.01151,GAGCATAGAAAATATA,S107T,1,1
-0.2503,0.02795,GTACAATAATGATGTA,Q57W,1,1
-0.2504,0.0196,TAGTATAACGTGCGTG,K472Y,1,1
-0.2504,0.03267,TCCAAGTGGCATACAC,,0,0
-0.2504,0.006131,GGAGCCATGAATAACT,S95Q,1,1
-0.2506,0.009836,AATCTATCACCAAGTA,S46R,1,1
-0.2507,0.003126,ATAAAATGGACCTTAA,E494V,1,1
-0.2508,0.04929,ATTATCACTATAACGA,,0,0
-0.2511,0.01414,AACGTTAAAAATCGCT,S124R,1,1
-0.2512,0.03967,GAAGATAACTAACATA,P324L,1,1
-0.2512,0.02204,AAATTTAATCTTACTA,K315V,1,1
-0.2512,0.007091,TGAATAGACTCGTAGA,K207P,1,1
-0.2513,0.01103,AAATTATTACACATAG,,0,0
-0.2515,0.005536,AACAATCTTATCACAT,,0,0
-0.2515,0.00356,ATCGGCGCATTAAAAA,K264T,1,1
-0.2515,0.02216,TATTTAGTACAAAATG,L367S,1,1
-0.2516,0.04988,AATTGATAAACAAAAT,D415G,1,1
-0.2518,0.04005,CCTACAACACCAAACT,S46Y E325Q,2,2
-0.2519,0.0167,AAACCCGGTATATCCA,,0,0
-0.252,0.1004,ATCAAACGGCACCAAC,,0,0
-0.252,0.1004,CAAAATCCCACCACAC,N298W,1,1
-0.2521,0.01005,TACTTTCAACATGCAT,M168Y,1,1
-0.2523,0.06718,ACATGACAAGCTTAAT,N489V,1,1
-0.2525,0.01554,AATAATACAGTGTAGA,D32F,1,1
-0.2526,0.0119,AATTAACTATAAAGAT,,0,0
-0.2526,0.02532,AACAGTATGCATAGTG,N382K,1,1
-0.2526,0.02532,GGTCAACGTTCATGAA,,0,0
-0.2527,0.002503,AAAAAATTAGTTGAAT,T37I,1,1
-0.2527,0.01843,CCAACTAGTATGAGAA,R208K,1,1
-0.2528,0.01127,TATATCCCTCGGAACT,,0,0
-0.2529,0.009688,TATGCGTTAATCGAAA,,0,0
-0.253,0.007547,CATAAAACGATCTTTC,R307K,1,1
-0.2532,0.012,CAAAAATGCCAACTTA,,0,0
-0.2533,0.05111,ATAGATTATAAGGTGT,A365P,1,2
-0.2534,0.06828,TCCATTTAATATAATA,F392L N498A,2,2
-0.2535,0.01464,GTACCGAGTCTAGTCT,K259Q,1,1
-0.2536,0.005547,TGACTAATATATGCCA,E484I,1,1
-0.2536,0.02933,AACCATACAACTAGGC,R150S,1,1
-0.2536,0.01868,CTCGGTATCAGACCTT,G263T,1,1
-0.2537,0.007341,ATAATTGATTAAGTCG,,0,1
-0.2537,0.1028,TGTCACAATAAAATCC,F195S,1,1
-0.2537,0.01469,TAGACTATGAGTGCTA,Q132M G479M,2,2
-0.2538,0.0103,AACCGAGGTGTCTAAG,S400V,1,1
-0.2538,0.02289,AACAGAATATTAAAAA,G142F,1,1
-0.2538,0.00557,ACCATATATCAGCAAG,,0,0
-0.2539,0.005153,GATGACCCAAGCTTCT,E426G,1,1
-0.2539,0.01375,AAAATCTAAAAAAGAT,R299A,1,1
-0.254,0.006255,ACGAATAAATCTAGAG,,0,0
-0.2542,0.05174,ATGGTGATATCCTTTA,,0,0
-0.2542,0.02301,ACATAATACAGATTTC,T10Q,1,1
-0.2542,0.02301,TTGGATGTAACGGTAT,F174M,1,1
-0.2542,0.01091,GCATCCTATACAGAAA,E280C,1,1
-0.2544,0.006698,TGAAATCGACTAAGCC,G142M,1,1
-0.2544,0.02595,ACGACCAACCACGAAC,,0,0
-0.2545,0.006303,CTCACAACCGAATCAA,K131M,1,1
-0.2546,0.01389,ATTGAACTCCTAACAA,E280A,1,1
-0.2546,0.01602,CGTGCTAATAACAAAA,,0,0
-0.2547,0.003863,GCTCAGAAGTCATCAT,K238Q,1,1
-0.2548,0.01739,CATATATCCAAACGAA,L157S R299E,2,2
-0.2548,0.01739,CTTACTAACGCAGAAG,V213I K468M,2,2
-0.2548,0.008706,AAATACTGAGTGTGCG,N8K,1,1
-0.255,0.01102,ACTTACAAATCACCAA,H393S,1,1
-0.2551,0.02997,ATAATCAAAGAAATTA,Q371C,1,1
-0.2551,0.02997,CCTTTCCACTGCTAAT,,0,0
-0.2553,0.01911,CGTAAGAAAATGACAC,N8V,1,1
-0.2553,0.04208,TACGTTTGCTCCTGGG,,0,0
-0.2555,0.004304,CCTTGACTGATGAACA,,0,1
-0.2556,0.0132,TTAAAGTGATACAAAC,D32S,1,1
-0.2557,0.01627,AACATCACTTTGGTCA,S219W,1,1
-0.2558,0.003779,ATTAATATGGGCTAAG,,0,1
-0.2561,0.008854,TTCATAACATACCCCA,S358Q,1,1
-0.2561,0.04251,AAATATAACACATCAT,S312N,1,1
-0.2561,0.04251,CCTCCTTAAAATTGCC,A19T K207Q,2,2
-0.2561,0.04251,TCAGAAAACTTCCAAG,Y302L,1,1
-0.2561,0.01251,AAAAAGAAACAAACAG,E410S,1,1
-0.2561,0.01251,CTAGCGCGCTTTGAGA,,0,0
-0.2562,0.01182,AAGATTCGCGACCCCC,G240N K276W,2,2
-0.2562,0.03545,GGACTAATAAGCAACC,S442L,1,1
-0.2563,0.02367,TAAGAACTAATTAATC,D188G,1,1
-0.2563,0.01938,GCTGTAACTTGTTTAA,,0,0
-0.2563,0.01776,AACTCAAAGCTAATAA,G504V,1,1
-0.2563,0.0164,CTCTAAAATAATGTGG,,0,0
-0.2564,0.007905,AGCCTGAAAGTAATCC,,0,0
-0.2566,0.01019,ATCTACATATATTCCA,S143A,1,1
-0.2566,0.01529,AGAATAAATAATTCCA,K368I,1,1
-0.2566,0.01529,TGCGAAATTTAAAAAA,L157R,1,1
-0.2566,0.01647,TCAATGTCTGACATTA,,0,0
-0.2567,0.004123,TATAAAATATAAACCA,G129H,1,1
-0.2567,0.009745,AGACAAATCAGAGTTA,V166Q,1,1
-0.2567,0.03063,CCATATAATTAATATA,R255T,1,1
-0.2568,0.008258,TTAACAAAATCTACGA,G379P,1,1
-0.2569,0.01075,AATTAAGTATAACCCC,N475W,1,1
-0.257,0.01266,ATGAATCCCAAAATTA,K472Y,1,1
-0.257,0.02153,GTTACACACATACCTT,R201T,1,1
-0.2572,0.01135,AAAAAATAGATAAGAA,Q211A,1,1
-0.2572,0.01199,GATTAAAGAGTATTAC,R383A,1,1
-0.2573,0.01965,CGTTACGGATAAAAGC,K207F S262N,2,2
-0.2574,0.004414,GAATGCCTTGACACCA,D175L,1,1
-0.2574,0.01202,AAGAACTTCGGCATGT,,0,0
-0.2576,0.04339,GACAAATTTCTAGATA,S96N,1,1
-0.2576,0.04339,GAGTAAACTGTCGCTT,L428V,1,1
-0.2576,0.04339,GGATGTGTTAAATCAA,P55L,1,1
-0.2576,0.01206,CTGACCAGCGTGTGCT,,0,0
-0.2577,0.01278,AATCAAAGTTCTCCAA,,0,1
-0.2578,0.01036,TAAAGTAATTCATCGA,N94F,1,1
-0.2579,0.05445,CCGCAACAACACTCTT,G129Y,1,1
-0.258,0.003892,TCACAATCATGCCAAA,K453G,1,1
-0.258,0.02422,AAAGTAAATTCCAAGC,S231C,1,1
-0.2582,0.02732,ACAGATATATTAAATT,S149G,1,1
-0.2582,0.02732,AGGTCGTCATAGCAAC,R361F,1,1
-0.2583,0.002381,CAGTAAGATAAAACAG,,0,0
-0.2584,0.003654,CACCACAATCAAATAT,,0,0
-0.2584,0.01993,AAATTGCAGTGAATAC,K326T,1,1
-0.2584,0.03132,ACAATATCAAAGAACA,,0,0
-0.2585,0.01098,CCTTTCGATGCTTAAG,,0,0
-0.2586,0.02198,AATAGATCTTAGAAAG,,0,0
-0.2587,0.01101,ACAAATCTATCTACGA,I179M,1,1
-0.2587,0.01693,TATTAAACACAGAACC,N53F,1,1
-0.2587,0.0367,CAACCATCAGTCGTAA,,0,0
-0.2589,0.01298,AACATAACACGTTGTT,K82L K450N,2,2
-0.259,0.002569,AACTTGTAAAATCATG,K189V,1,2
-0.259,0.01052,GTCTTTAAGACGTACC,,0,0
-0.259,0.03156,GAAAATAAACTGACAA,G62E I267L,2,2
-0.259,0.0221,ATACAAAAAGACACCT,Q197T,1,1
-0.259,0.0221,CGTAACCAAAAATTAA,,0,0
-0.2591,0.02013,GAAAAGAATCTATAAC,N357C,1,1
-0.2592,0.02768,CCACACGGTTAATTGA,,0,0
-0.2593,0.007394,TATGAAGTTGATAAGA,R255M,1,1
-0.2593,0.02465,ATTACCTTGATATATG,,0,0
-0.2593,0.02465,CTCAAAACTAGATACG,,0,0
-0.2593,0.006342,ACCTCGATGAATCTAA,S9P,1,1
-0.2593,0.01707,CAGTGATAGATTACAA,,0,0
-0.2594,0.006168,ATTGGAACTACAAAAA,,0,0
-0.2594,0.03703,ACACTTCTGAGAAATT,Q371E,1,1
-0.2596,0.01856,TCACCAGACCAAGAAT,V223R,1,1
-0.2596,0.004643,ACATTTCCATGTATAA,,0,0
-0.2597,0.01714,CTGAACTCGTTGTATC,L157S,1,1
-0.2598,0.01063,AAACATAAACTAAAAG,,0,0
-0.2598,0.01015,AGTATTCATAAAGAAA,A373V,1,2
-0.26,0.004663,TACACAATGCGTGGCA,,0,0
-0.26,0.01599,CCCCCGCGCCCAATAC,,0,0
-0.2601,0.008617,TAGACAAAATGCGTAC,,0,0
-0.2602,0.00641,ACCAACATATTAAACC,T30I S279W,2,2
-0.2602,0.03205,GCCAGCATGCACACTT,S422G,1,1
-0.2602,0.02805,GCTATTGAGAATAACC,G275K,1,1
-0.2602,0.02495,TATAAAGACTAACTAT,I374M,1,1
-0.2602,0.002773,GTTCATAAAACTTCAC,,0,0
-0.2603,0.02246,ATCGACCAAACTCGCA,D73T,1,1
-0.2603,0.02246,GAAATCATAAAATCAT,S209W,1,1
-0.2603,0.01729,GATGATCCTATAATTA,R482F,1,1
-0.2607,0.0251,ATCGGTATAAAAAAAC,K310V,1,1
-0.2608,0.0377,AAGCGTAGGACGAGCA,,0,0
-0.2608,0.0377,ATTTACACAATAGACA,,0,0
-0.2609,0.04528,GCGATGTTGAAACATG,D348G,1,1
-0.2614,0.005556,TGACAATTGGTAACAA,E398G,1,1
-0.2614,0.02073,AATACAAAATGGCTTA,,0,0
-0.2615,0.002624,ATCAAAACCATTTCTC,,0,0
-0.2615,0.1141,AAAAGCCCAATAATAT,S91A,1,1
-0.2618,0.04578,CAAAGAATAGTAATAA,S107N,1,2
-0.2618,0.02863,CTCATAAGCGGCGGTA,R208A,1,1
-0.2618,0.009545,GTACGTGCTAGACACT,S231F,1,2
-0.2618,0.005328,TATATCAAGCCCAGCG,,0,0
-0.2619,0.0051,AGTTTAAAAATCCTTA,N6K,1,1
-0.262,0.004505,ACACTAGACAGTCTAA,S91E,1,1
-0.262,0.01532,ACATCACCTCTCAACC,L13I Q501N,2,2
-0.2621,0.05746,CCAAGGTAGCCACGTA,S47D,1,1
-0.2621,0.05746,TAATGATTGCAAAATC,I51F,1,1
-0.2621,0.05746,TGACACATTACCTCTT,K189P,1,1
-0.2621,0.02556,TCCCTACATAGCACAT,,0,0
-0.2623,0.01773,ACAAGTCAGACATCTA,P239A,1,1
-0.2625,0.01924,TCAAGGCTAATCACTC,Q210C,1,1
-0.2625,0.0165,TAATACCTGCGAGTAC,Q80K,1,1
-0.2625,0.006603,TGTCCAACATCCAAGC,S312F,1,1
-0.2626,0.02572,ATTGTAAGCCTGGCCT,,0,0
-0.2626,0.01006,TCCTTCTTGATATCCA,S265N R269I,2,2
-0.2626,0.04629,TGTCCTTGCATGAATA,,0,0
-0.2626,0.07715,ATACAAAGAAGACAAC,S144Y,1,1
-0.2628,0.007026,CTTTAACCATAACTGA,T40I,1,1
-0.2629,0.02321,GCATAGTTTCGCTAAA,,0,0
-0.263,0.03875,GTACTATAACAGACTA,,0,0
-0.263,0.03875,TTTCTAACGATGACAA,S480R,1,1
-0.263,0.01011,TCTCAAAAAAATAAAT,L177I R269K E390G,3,3
-0.2631,0.01454,GAAATAGGAAGGCATT,I58A,1,2
-0.2632,0.05827,AATTTACGCCTCCAAT,,0,0
-0.2632,0.05827,GCAAAACCAATATAAT,V413I,1,1
-0.2633,0.02334,TAAGTTGCCTTATAAG,R220W,1,1
-0.2634,0.008059,ACAGCTAAGTAGGCTT,N8Q I34V,2,2
-0.2634,0.01375,GGAACAGTTCTCAAGT,,0,0
-0.2635,0.01114,AATATAAGAACATTAC,D291P,1,1
-0.2635,0.006881,CTCTGGACCATCCCCT,E83V,1,1
-0.2635,0.04681,TCAAAACTTTAATTTT,L59S,1,1
-0.2637,0.009384,AAAAACAACTTCTAAC,N285S,1,1
-0.2638,0.007825,TAGTTTCCCCTTATCG,,0,0
-0.2638,0.01304,TCACTAGCGACTTGAG,S145G,1,1
-0.2638,0.02347,GCGTTATAATCAGACC,,0,0
-0.2638,0.01236,GAATTCCACTGAAAAA,,0,1
-0.2638,0.01566,GGACTAACTGTGCCAT,N122P T206N,2,2
-0.264,0.01811,AGCATACTTCCAAATC,E280V,1,1
-0.2641,0.07861,TATAAACCACACAACT,D408G,1,1
-0.2643,0.007381,ACCACGACAGCCTCCT,R224Q,1,1
-0.2643,0.003474,AAAGTGTTCCCGGACA,F125W,1,1
-0.2645,0.04734,CAAATCCACCGGTACC,Q454Y,1,1
-0.2645,0.04734,CATCATATCACACAAA,G200R,1,1
-0.2645,0.005039,AAATAAGTTAAAAAAA,V347E D348N A430I,3,3
-0.2646,0.01129,ACAACTTCAATCATTA,,0,0
-0.2646,0.003041,GCGCCGATTTACTTTC,,0,0
-0.2647,0.01827,TTCACACTATCCCAAT,E494S,1,2
-0.265,0.007221,AATTTCGGCTCATCAA,S231H,1,1
-0.265,0.007447,AAGAAGTATTCGACAA,,0,0
-0.265,0.009932,TTCCATAACCAATTTA,S209E,1,1
-0.2651,0.004417,AACCTAACACTCTTGG,R405D,1,1
-0.2652,0.02987,AGACTGGCGTATATCT,G275E,1,1
-0.2652,0.02987,TATTAACCCGCAAATC,Q197C,1,1
-0.2653,0.006831,GACACTTCCCTTACGA,S110I N497K,2,2
-0.2653,0.01259,CTAACGTTGTTCAGAC,T313H,1,1
-0.2654,0.008547,AATTAGTTCCCACTAA,V223W T451V,2,2
-0.2654,0.009208,TAGAAAATTAGGTTGA,,0,0
-0.2654,0.04789,TCAGCTACTTTCTATC,S378A L428R,2,2
-0.2655,0.005212,TTTTATTAGAGACACA,Q210I,1,1
-0.2655,0.05995,AATGAATTATTTGAGC,,0,0
-0.2656,0.00276,AGAGTTGACAAACCCG,R220Y,1,1
-0.2656,0.01412,CCAACATAGCACAAGC,,0,0
-0.2656,0.001178,CAGTCCTGAAGATATT,,0,0
-0.2657,0.08012,CCTAACCTTATAAAAC,V309L,1,1
-0.2658,0.004013,AATACCTAGTAGAGGT,S279N,1,1
-0.2659,0.006511,TCTTTAGTATACTCCG,K189A N290I,2,2
-0.266,0.02193,CAAGTACTAATTACTT,S228T,1,1
-0.2661,0.01342,ATTCTGTTGTTCATTA,S143L,1,1
-0.2662,0.003721,CCATCTGTCAAATCAA,,0,0
-0.2663,0.008067,GCATACCGCCTCTGAA,,0,0
-0.2663,0.02018,ATCTATCACTTCTCAC,,0,0
-0.2664,0.004106,CACTAAAAAATAAAAG,,0,0
-0.2664,0.004949,CAACATCCAATCTTTC,,0,0
-0.2665,0.01732,AGAGCGGCAACGTTGT,K472D,1,1
-0.2665,0.008367,CACAAGAATAACCTCA,,0,0
-0.2666,0.01518,TTTACCTAAATGCTTG,,0,0
-0.2668,0.004508,ATTGATCTTATTCAGT,,0,0
-0.2668,0.004773,ACCATAGCACTTCCAT,,0,0
-0.2668,0.02705,GAAGAACGTATAAAAA,D73V,1,1
-0.2669,0.04065,AAACCCAGTCAAAGAA,E390C E398V,2,2
-0.2672,0.007892,ACAGCGGAGGAGGGTT,,0,0
-0.2674,0.08169,CCGACGAACCTCATTG,,0,0
-0.2674,0.08169,TAATGATAATCAATAT,E414F,1,1
-0.2676,0.00403,TAAATATAAGTAGGGG,V413L,1,1
-0.2677,0.002486,ATTAATCCATAATATG,,0,0
-0.2677,0.004172,TTTGTATTTGGGTGAT,L70V,1,1
-0.2678,0.0029,GAAACATGATAATCTG,D271E,1,1
-0.2679,0.002938,ATATAACACTACCCTC,S262Y,1,1
-0.2679,0.008227,ATGAACCTTGACAAAG,N94V,1,1
-0.268,0.06173,AGAGATTAAAAAAAGT,Q211A,1,1
-0.268,0.06173,GAGTATGAGACATAAA,,0,0
-0.2681,0.005748,AGCATTATCCCTATGA,K259L,1,2
-0.2681,0.02473,CTTATCTCACTCAGGA,D225W,1,1
-0.2681,0.006343,TTCGATGCAGAATAGC,S145A,1,1
-0.2683,0.03098,TTTGGACATAATACAT,,0,0
-0.2684,0.0496,AACTTAAAAACAAACA,R92Q D188F,2,2
-0.2684,0.01306,CTGAAACCATACACGT,,0,0
-0.2686,0.009945,ATATTTTTTAAATGCT,,0,0
-0.2686,0.001481,CTATGCATATGTTGGT,T203G,1,1
-0.2686,0.1244,AAATAAAAATTAATTA,S262N,1,1
-0.2689,0.006401,ACAACACAACAAATAG,K411N,1,1
-0.269,0.006092,GGCCGCCCCAGTATAA,,0,0
-0.2691,0.00926,ATTTTAAAATCAAATT,,0,0
-0.2691,0.08333,AGGTATCATCATTACA,K417S,1,2
-0.2693,0.06266,CTTACGCGCCGAAAAT,,0,0
-0.2693,0.005571,CTCCAACGCGGATTAC,D175V,1,1
-0.2693,0.003345,AATCCAATAAATATAA,D7P,1,1
-0.2694,0.0502,AGAGATTACACCGTAA,,0,0
-0.2695,0.04188,ACAGTACCTTTTGACT,,0,0
-0.2695,0.007395,TGGCAACTCTCTAAAT,Q164N,1,1
-0.2696,0.00662,AAATGAAAAAGCCAAG,,0,0
-0.2696,0.03145,TCATATAAATTTGTAA,,0,0
-0.2696,0.005357,ACTTAAGAACTATGAA,,0,0
-0.2697,0.02289,AAATACGGTAAAAACC,V323R,1,1
-0.2697,0.02099,ATGCTAACGAAATTAC,,0,0
-0.2697,0.01938,AACTGATCTTAGGCTA,Q327F,1,1
-0.2698,0.01327,GCATCTGTCCCAGCCT,R92T,1,1
-0.2698,0.01146,TACCAAGGGTTGTCTT,S219D,1,1
-0.2699,0.00537,CACAATGAACATGAGA,,0,0
-0.2701,0.01488,AATTAAAAGATAATAG,K292A,1,1
-0.2702,0.02302,TGATAGCATCGATTCA,N133H,1,1
-0.2702,0.02533,GAAAGCCCAATTGAGC,P169W,1,1
-0.2702,0.009748,AATCAAAAAATCTCTA,L431M,1,1
-0.2704,0.005903,TTACAGGAGAAGCAAG,T128L,1,1
-0.2704,0.0423,CCAATCACTGGAAGCA,N81R,1,1
-0.2704,0.0141,TTCTGACATAATAATT,T10F S205F,2,2
-0.2705,0.00726,TAAGAATAACCAGTAT,S209G,1,1
-0.2705,0.01816,AATTTAAACATTGGTA,,0,0
-0.2706,0.02121,AATAAAACTAAAGTAA,,0,0
-0.2706,0.06361,ATAAAACTCTATTAAA,,0,0
-0.2708,0.007285,CTAGGTGATACGAACT,P99S,1,1
-0.271,0.01162,CCAAACACTCTTAAGA,,0,0
-0.271,0.02131,ATCATATATGACATGC,E390H,1,1
-0.2711,0.003457,TAATGTCATGATCTTA,P103G,1,1
-0.2711,0.0128,GACCATACAGAGTATT,,0,0
-0.2714,0.009169,TAAAGTCAAGCTCAAA,S400L,1,1
-0.2714,0.008285,GAAAATACAACATCAA,Q197P,1,1
-0.2716,0.0143,CCCCATATCCGACATT,A69L,1,1
-0.2716,0.02341,AACCGCTAGGTCATAA,G62D Q454K,2,2
-0.2717,0.005052,TTGATCTAATTTTGAC,K310M,1,1
-0.2718,0.003036,TTCAGTATCTAATTTA,N38T,1,1
-0.2718,0.0258,AAGCGAAGCTTTCTAA,P227C,1,1
-0.2719,0.03687,CCACAGACATTTTGCA,G5N,1,2
-0.2719,0.008904,ACAACTCCACAAAGGC,,0,0
-0.2719,0.008904,ACAGTTGCCTGACACC,M462Q,1,1
-0.272,0.0646,AGCTTAAAGGAATACG,,0,0
-0.272,0.0646,CATATCAATCTATAAG,,0,0
-0.272,0.01292,AATTATTTGGAATCTG,,0,0
-0.2721,0.006314,TACCTCACTACATTAC,A19F I260S,2,2
-0.2722,0.00518,ACCTAAATACATAACC,I67M,1,1
-0.2722,0.04318,AAATCCAAATTATCCC,,0,0
-0.2722,0.002758,GAACTATCAGGCACCA,K450A,1,1
-0.2723,0.01179,TCAAAGTGTCCAACTA,,0,0
-0.2724,0.02596,CGCGCAAGAACTATAT,,0,1
-0.2724,0.02165,AAGTACAGAATACTCA,,0,0
-0.2725,0.01856,CAAAACGCAGACGAGA,I260R,1,1
-0.2725,0.01444,GCAGAAATAACATAAT,K450T,1,1
-0.2725,0.01084,TGCTTTTCTAATCCAA,Y161M,1,1
-0.2727,0.0372,AAGTTAACGAGAAAAA,A163N,1,1
-0.2727,0.02368,TGCCAAGCTTCCAACA,L59V,1,1
-0.2727,0.01371,TTCATCACACAATGTA,R269E,1,1
-0.2728,0.007908,AAGACCCTGAGAACTC,P55E G263Y,2,3
-0.2728,0.01631,TCGCTACACTCGAAAT,R229Y,1,1
-0.2729,0.02613,ATACTTAATAAATGCT,F125L,1,1
-0.2731,0.04363,TATTTAAAACAATCCA,,0,1
-0.2732,0.01637,TCTATTAACTGTTGAC,,0,0
-0.2733,0.02914,AAAATTATCCAATCTG,P169K G349R,2,2
-0.2733,0.02914,TAAGCACACTCGGGAA,,0,0
-0.2734,0.06562,TTGATATAAAATAGAA,K326D,1,1
-0.2734,0.01751,CTCTCAGCTGCAACTA,,0,0
-0.2736,0.006579,GACACATTCTGCAAAT,,0,0
-0.2737,0.01881,ATTTATGACTAACGAT,K207L,1,1
-0.2737,0.03294,GAACTACTACATAACA,,0,0
-0.2737,0.007124,TACGTGAAAAACACAG,S47T E325N,2,2
-0.2737,0.005272,CCCCGTTACTCGATGT,S279V,1,1
-0.2739,0.01389,AACAACCTAATTTGCA,R220T,1,1
-0.2739,0.01015,CCAGACCTCCATTATC,K50H,1,1
-0.2739,0.007999,GCAGGAATCTATATGT,I29V,1,1
-0.274,0.02033,ATCAATAACATCTAAT,G404K,1,1
-0.274,0.008261,CTCAAAACTAGCTAAT,T30S,1,1
-0.274,0.01555,CGTAACGAATACTTCA,G5V K503G,2,2
-0.2741,0.1323,CGTCATGCTTAGTCAA,,0,0
-0.2742,0.01766,ATATACATAGGCATAC,A196M,1,2
-0.2743,0.001368,TTTTAACTACAGAAAA,H488S,1,1
-0.2743,0.01263,CGATGCCTATACCTCT,,0,0
-0.2743,0.03788,TCCAAACAGTCTATAC,Y105K,1,2
-0.2743,0.02211,CTCAAGGCACCATACA,,0,0
-0.2743,0.02211,TACAAGAGGATAAGTC,R222Y,1,1
-0.2745,0.0332,GACAGAGGGGACTGAT,,0,0
-0.2746,0.08866,CATAAGACCACGATCT,,0,0
-0.2746,0.009504,ATAGAAGTATGGATGA,,0,0
-0.2746,0.006492,CAGCCTAAAGGATTAA,N126W,1,1
-0.2747,0.01567,ATACTTTGAGTTAATA,G129N,1,1
-0.2747,0.01567,CATTACATTATACCCT,,0,0
-0.2748,0.007841,TTAGAGCTTTGCACAA,R33A,1,1
-0.2748,0.06667,AAAAAACCCGCTATCA,T313E,1,1
-0.2748,0.02223,ATTAAGAAGAACATCA,I160N,1,1
-0.2749,0.02053,ACTAGCATACGCATTT,R307Y G362A,2,4
-0.2749,0.02053,GGATCATTGAAAAAGA,,0,0
-0.275,0.01113,AAAATGATACCACTCT,S312R,1,1
-0.275,0.01028,CTGACTAAATCTAAGA,P239V,1,1
-0.275,0.0167,TTACAATTGGAACCTG,,0,0
-0.2752,0.03347,CTTTAGCGGACCTATA,S279M,1,1
-0.2753,0.005702,AAATAAGACAACCCGC,,0,0
-0.2753,0.02437,GTATTATATCTGGAAC,,0,0
-0.2754,0.01677,AAAAGACAGAAAAGCT,K326I,1,1
-0.2754,0.01677,ACATAATAGTCTGAAT,Y161L,1,1
-0.2756,0.001462,TAGGTATATCTCTGAC,,0,0
-0.2756,0.004892,GAACACATATAGTGTG,K278E I469L,2,2
-0.2758,0.007489,TTACCAGGAACATAAC,K50A S144T,2,2
-0.276,0.03374,GACACTATATCTACAA,,0,0
-0.2761,0.001424,TAATCCTTTACCTTAT,D7E S149Q,2,2
-0.2761,0.04505,AACCTAGATCAAGTCA,K326T,1,1
-0.2761,0.009658,CACATGAATACCTGTT,Q197T,1,1
-0.2761,0.007118,AGATGAATACCAACAA,,0,0
-0.2762,0.05412,CACCAATAATTTACTT,,0,0
-0.2762,0.01177,AGCGTTTCATGTCGTT,,0,0
-0.2763,0.02084,ACTCTACGAATACCTA,E426D,1,1
-0.2763,0.06776,CTTAGATATCCCGCGA,,0,0
-0.2764,0.01427,CACTCCAACCTTTTTA,S480Q,1,1
-0.2764,0.00822,TAACTACGCACAACTC,,0,0
-0.2764,0.001212,TAGAGCAAACATGTAA,,0,1
-0.2765,0.004764,GAGGTATTATCAGGAA,K417D,1,1
-0.2766,0.009703,ACACAGAATCTAACAC,G62F,1,1
-0.2767,0.01943,ATCATAAGATATATCT,G78V,1,1
-0.2767,0.01943,TAATCCAATTTAACAA,S219D,1,1
-0.2767,0.03402,AGGTTGAATGAGACCT,S143E,1,1
-0.2768,0.01009,ACTAAGAGCTGGACAG,,0,0
-0.2768,0.01603,AACAGCAACAGCACCA,K278H,1,1
-0.2769,0.03895,CTATGAATATCTCTTA,G504V,1,1
-0.2769,0.03895,GACAGATATCTGATTA,,0,0
-0.277,0.005459,GATTAAAAGGAAGTTG,N31T,1,1
-0.2771,0.01242,CATAAAATAATTTAAA,S114N,1,1
-0.2771,0.01518,AACCACCATTGTATTG,,0,0
-0.2773,0.01442,GCGATTGTTCCAGTCG,F174V D493Q,2,2
-0.2774,0.02284,ATATTGAAAACAATAT,Q407H,1,1
-0.2777,0.01719,CGCCAAATGAACGATC,,0,0
-0.2777,0.02115,CACTTAGCCAAACATC,R208H,1,1
-0.2777,0.00917,CCTTCACTCACCTAAC,,0,0
-0.2779,0.01378,AAGCTTATTATAAAGC,D186G,1,1
-0.2779,0.06888,CATACTTTCCTTCATT,K121N N122Q,2,2
-0.2779,0.06888,TAGGAAAAAGGATTTT,D77H,1,1
-0.2779,0.06888,TTATAGTATATATTGT,L59W E359D,2,2
-0.278,0.03064,GACAAGAGGCATTTAA,L70M,1,1
-0.278,0.008117,CTATAAGTTTTGCAAT,H393R,1,1
-0.2781,0.01726,TAGACATAACGCAAAT,D188T,1,1
-0.2781,0.004187,CCAATTCTCTAGTAGC,S199Y,1,1
-0.2781,0.04605,CTACAGATACTAATAG,G142H E414K,2,2
-0.2781,0.04605,TTCCTTTGCGGCCTAC,,0,0
-0.2782,0.01105,TACATAGTTCCTTTGC,V213A,1,1
-0.2782,0.01382,CAAATAAGAGCATTGA,,0,0
-0.2782,0.01382,TGATGAGTGATTTAAA,,0,0
-0.2782,0.01024,CACACAAAAAAATCAA,S124Y,1,1
-0.2783,0.01628,ACCTTTAACAACAAAC,E325S,1,1
-0.2783,0.004614,GATGCTCTTGACGGTT,T65S,1,1
-0.2783,0.01457,AACCATTTGGCAAAAA,N53L,1,1
-0.2784,0.02309,AACCGCACAGAATCTT,I300N,1,1
-0.2784,0.02309,TTAGAGAATGACCACG,,0,0
-0.2785,0.0198,AAAGAACTAAACTCAG,T135A,1,1
-0.2785,0.0198,GGGAGTTGTGACATAA,S219V,1,1
-0.2787,0.006777,AAAAGCTCAAGTCCAT,H56V,1,1
-0.2787,0.01111,CCACCACTGTAACCAA,,0,0
-0.2787,0.02526,CCTACCAAACTATTAC,G263N,1,1
-0.2787,0.03087,GAACGGAAAACTTTAA,G5H L59R,2,2
-0.2787,0.05557,TGCGAGATATGCGATC,D291M,1,1
-0.2787,0.09261,CAAAAAATACCACCAA,I29F,1,1
-0.2787,0.09261,CAAAAGATAAAAGAAA,,0,0
-0.2787,0.01634,CCAGACTTCGTCTCAC,P103Q S312C,2,2
-0.2787,0.01029,GCATAAGGCTCAGCTT,S143D,1,1
-0.2788,0.01265,CAAATTACTATGGAGA,S209M,1,1
-0.2789,0.003921,TCATTGACATCTGTTT,K278G,1,1
-0.279,0.00871,GAAAGGAAAAAATACA,,0,0
-0.279,0.009959,AACCTGACAATACAAT,N285H,1,1
-0.2792,0.04656,ATTATATATACTTATC,,0,0
-0.2792,0.01552,GAGTCCGCCGTACGTA,Q1F,1,1
-0.2793,0.009983,TTTATAGCACGCGATA,,0,0
-0.2793,0.02541,TTATATGGTACTGTTC,F294Y,1,1
-0.2794,0.01473,CCTGAATGAATAACTT,A425I,1,1
-0.2794,0.0311,CAATCATTTGTAACAA,D32N,1,1
-0.2794,0.004827,AAAAAAGACTTCAGTG,Q371R,1,1
-0.2795,0.07004,AAAAAACCCGTGTTTC,A163S G386P,2,2
-0.2795,0.07004,ATATGCCTTGTAGTTC,D366N,1,1
-0.2795,0.07004,TTTCCGCGTAACAAAG,E414C,1,1
-0.2795,0.01219,CCATACAAATTAATGA,S47R,1,1
-0.2795,0.01219,TTCCGAGTAAATGAAC,I202C,1,1
-0.2796,0.04007,AGCTACCAAAAAGAAA,N81V,1,1
-0.2797,0.01755,TAGAATACCCATCTAC,R307H,1,1
-0.2797,0.01277,CTCAACGAACGTATCC,P227C,1,2
-0.2798,0.003905,TGTGGAAAACCATGCA,,0,0
-0.2799,0.02557,GAAACATTACTGCTTT,F353W,1,1
-0.2799,0.03517,AAAACACTAGATTTTA,A212W,1,1
-0.2799,0.0134,ATTTCATACAAAAATT,K207Q,1,1
-0.28,0.05632,ATACCCGGCTGTATCC,,0,0
-0.28,0.05632,GCAAAACAATTATTAA,A39T Y423W,2,2
-0.2801,0.01762,CAATGAGCAGTAAAAA,I214W,1,1
-0.2801,0.01045,TTTCAACTACCAAGAT,S219Y,1,1
-0.2802,0.004342,ACAGACCAACAAGAGT,I160L,1,1
-0.2802,0.02171,ATCGTCACATTGTGGC,S279G,1,1
-0.2802,0.007059,GAAATTCTGACAAACA,G240S,1,1
-0.2803,0.1413,ACAACTGAAGACAAAA,S287G,1,1
-0.2803,0.1413,GTTGCTGTTGGTTTCA,,0,0
-0.2804,0.006428,CTGAACCTTCCTTATA,N475V,1,1
-0.2806,0.0105,TTCCATAAATGGCCCC,Q356R,1,1
-0.2809,0.03157,CTTCTTATTACTAAGG,K472L,1,1
-0.2809,0.004819,CATAAATATTTAGTTG,,0,0
-0.2811,0.01095,ACCCTATACCGGAACT,D291R,1,1
-0.2813,0.008648,ATTTCTCCCATCAAAC,S137R,1,1
-0.2814,0.01058,GCATTTGTGAAGGATA,,0,0
-0.2816,0.03577,ACACATCCAACTAGAC,I260F,1,1
-0.2816,0.03577,TATGAATTTATATCGA,I48A,1,1
-0.2817,0.02864,TCACAAAGAAATGCCA,V297M,1,1
-0.2817,0.02388,TATAGAGTTTCATGGA,R208K,1,1
-0.2817,0.02205,AACTCCAGTGATACAA,,0,0
-0.2818,0.006518,CAAAGGATTACGCAGG,G379Y,1,2
-0.2818,0.01793,TCCAAGATCGCAGTTT,N341D,1,1
-0.2819,0.005746,AAACATACTACCAACA,G49Y,1,1
-0.2822,0.016,GACTTTATGATCAGAC,S287N,1,1
-0.2822,0.006702,AATAACATAACAATAA,I260F,1,1
-0.2823,0.02402,AGCATAGTAATGACCA,R229F,1,1
-0.2823,0.008481,GATGGTAACTTTAGCG,Y161S,1,1
-0.2823,0.02621,TAATAACCCTTCTCAA,,0,1
-0.2823,0.003952,ATCCCAATACGCCTAA,S265G,1,1
-0.2823,0.02884,GTAACGCATGACTTTC,,0,0
-0.2824,0.0103,TTACTATAAAAACTCG,R383F,1,1
-0.2824,0.03206,AAACTCTAATGTAATT,,0,0
-0.2824,0.01155,TATACCAAAGAGACTA,R201S N489Q,2,2
-0.2825,0.04127,CCTTATTAACCTTAAT,,0,0
-0.2827,0.05789,AAGTTATGAGTTAAGT,,0,0
-0.2828,0.02229,TATAGGTGTCGCATGA,,0,0
-0.2828,0.009996,CACATCAATATACTTT,S95Y,1,1
-0.2829,0.01116,CACCGACACCGAAAAG,N285H D461V,2,2
-0.283,0.02904,AAATACAGTATAAGAA,F87Y,1,1
-0.2833,0.01532,CCCAATGCAATATACG,N53A,1,1
-0.2833,0.002142,ATCACAACACTTCGCT,S312M,1,1
-0.2833,0.0364,TTCAGATGGGGAAACA,N94H,1,1
-0.2833,0.02241,ACCTTGCCATACACGG,Q197H,1,1
-0.2834,0.008831,CATCGCAACCTCAAGT,R208V,1,2
-0.2834,0.01325,CTATGTTCTAATTTTT,E401C,1,2
-0.2835,0.0243,GTTCCCTTTGCATTCA,R141V,1,1
-0.2835,0.04168,AACCATAGCAATGATT,,0,0
-0.2837,0.01538,TCATGCATCGAAGAAG,S205H,1,1
-0.2837,0.003399,TACGACGAACAAAACA,,0,0
-0.2837,0.02089,CCGTCCGTAAGAAAAC,K50S,1,1
-0.2837,0.04875,CCTGCGCGAAATCGAT,K411A,1,1
-0.2839,0.02253,ACTCATTAATTTACTT,,0,0
-0.284,0.01275,CACACAGTTATACATT,P239A,1,1
-0.284,0.01544,GCAAAGCTCTACGAAA,V323T,1,1
-0.2841,0.01334,ACCTTGTGTTAAAAAA,,0,0
-0.2841,0.009171,GAGAAACGCGAAAACC,,0,0
-0.2842,0.03672,AAAACTATTAGTGGTA,S91N,1,1
-0.2842,0.03672,CAAGCTATAGAAGAAT,T318Y,1,1
-0.2842,0.005068,TTCAAATCAAGCGTAA,S95D,1,2
-0.2843,0.007,TGAAACAGCAATGTGC,K264R,1,2
-0.2843,0.003545,TGCGATAAAAGCTCCA,I245V I282V,2,2
-0.2844,0.003463,GGATAACAGTAAGATA,K503V,1,1
-0.2845,0.02946,TCGTAAGAACATACAA,,0,0
-0.2845,0.006015,GCGGAACGTTCGCTCC,,0,0
-0.2847,0.01094,CTTGTGCTGAGACACA,,0,0
-0.2848,0.0211,ACATGTTTGAGCCAGA,W234F,1,1
-0.2848,0.005798,AATCTTATACCCACAT,N498A,1,1
-0.2848,0.005798,TACTTCCTTTTGGGTA,,0,0
-0.2849,0.01408,GCAAGCTCTGGAAATA,I300E,1,1
-0.2849,0.01848,GTAGTACTTAACAAGA,N159R,1,1
-0.285,0.02278,GGAGAGACATGCGAAT,Y491F,1,2
-0.285,0.008712,GAGAAATTCTCATAGC,,0,0
-0.2851,0.003188,CTGACGACAAAGAAGT,N6P,1,1
-0.2852,0.02967,ATTGTTCCGTCTAGAG,V102C,1,1
-0.2852,0.02967,CACGGTAGCTTATGAA,,0,0
-0.2853,0.00487,GACATTTATAACTTTA,S110N,1,1
-0.2853,0.009583,CCTCAACTCTGCCACA,,0,0
-0.2854,0.01239,ATGTTCTTCATTGTTT,G49R,1,1
-0.2855,0.008748,AAACATCAGATGACCA,P227C,1,1
-0.2855,0.001672,TGGTGTCTACTTCTAT,,0,0
-0.2856,0.008507,AATTAACGTAACGAAC,S358I,1,1
-0.2856,0.01191,ACCACAAGATTTTGAA,E172M,1,1
-0.2856,0.009023,CAAGACAAAGAATCAT,S47L,1,1
-0.2856,0.05954,CCTATTCTGGTTCACG,Q80I,1,1
-0.2859,0.009336,ACAATATAACTGTTAG,E83S,1,1
-0.2859,0.02988,TTTGGTGCAACACATT,R208K Q394P,2,2
-0.2859,0.005977,CCAACACCTTTAAGAC,N122F,1,1
-0.286,0.03738,AAGTCTATACAGACGA,I260F,1,1
-0.286,0.009649,GCAAGCCTCATAACAT,E457L,1,1
-0.2861,0.01109,TCACCATAGAGACAAA,,0,0
-0.2861,0.005163,CAACTTCTCTGGATAG,V490Q,1,1
-0.2862,0.04992,ATCCAATTTGAGTAAA,N45R,1,1
-0.2862,0.04992,CAAACACTTGAATATT,K189E,1,2
-0.2863,0.01873,TAAAGACGGTCGTATT,,0,0
-0.2864,0.01766,CGACTCTTACACCTTC,,0,0
-0.2865,0.004292,CCTAACTCTATCACTG,,0,0
-0.2865,0.0751,AAACCCCTAACCAACA,E359A,1,1
-0.2865,0.0751,TTCGACTACCAATATA,G200D,1,1
-0.2866,0.02004,TACAACATAATAGCCA,P289V,1,1
-0.2866,0.01037,TATTATGGCGGTCCTA,S110Y,1,1
-0.2866,0.01432,AGAACTCTAGCCAAAC,R92S,1,1
-0.2867,0.01585,GTACCTGCTTAGAATT,Q356I,1,1
-0.2869,0.02742,TAATATGATAGTTTCA,,0,0
-0.2871,0.004579,CACTAATTGCCATAAG,I274Y,1,1
-0.2872,0.005215,GCCCTAGAAAAGCAAA,T318Q,1,1
-0.2872,0.0189,AGCAGAACAACCAAGA,T65S,1,1
-0.2872,0.004584,CCGTCAACTTTGTTAA,E401T,1,1
-0.2873,0.01081,ATACTATCATCATGAG,S149H,1,1
-0.2874,0.05053,CAAAGATGCTCTTTTA,,0,0
-0.2874,0.05053,CCAAAATACCTCGGAT,A304L,1,2
-0.2874,0.1516,ATTAATACCACTCTCC,I377T,1,1
-0.2874,0.1516,GATTGTGGGAGATAAA,,0,0
-0.2877,0.01899,ATCAGGTCGCAAAACT,P239D,1,1
-0.2877,0.01447,AACAAGGTTAATAGCG,I274V,1,1
-0.2879,0.004412,TTTACGCCCTGAAAAC,Y161S,1,1
-0.2879,0.03807,TACTCATTAACCGAGC,A93I,1,1
-0.288,0.02177,TTGTGTAACGCAACAT,S47T,1,1
-0.288,0.01524,TAGAACCACATTGCTT,E443L,1,1
-0.288,0.00709,TCCATAAGACTTGAGA,H56N,1,1
-0.2881,0.03389,CAATCTCAAACACTGC,P4D,1,1
-0.2881,0.02033,CATAATCTAGGAAAAA,,0,0
-0.2881,0.03389,CCTTTGGAACTTTAAA,E344T,1,1
-0.2884,0.07648,CAATATCCGGAAGAAA,,0,0
-0.2884,0.0255,AATAAATGCAGTGTTA,,0,0
-0.2885,0.01021,TGATAAAATAAACAAC,,0,0
-0.2885,0.001304,ATGTCCAACGTAATCC,,0,0
-0.2885,0.01332,AATTTCTTCAGGCGCT,A93T,1,1
-0.2886,0.0613,AGCCCGCTACATGTAA,,0,0
-0.2886,0.0613,GACGTAAGAAACAATC,E41D,1,1
-0.2886,0.01917,AAAAATTAACGCGCAT,G404E,1,1
-0.2887,0.05115,AGAGAATTTCAAACGT,,0,0
-0.2887,0.007308,TATTCAATCAGATAAG,,0,0
-0.2888,0.04388,CTCGTATAGACCAGCC,T328S,1,1
-0.2888,0.01463,TATATAAACCGCTACC,,0,0
-0.289,0.01099,AATTGTCGTTACTCCG,I374F,1,1
-0.2891,0.022,ATGTTCCGTGACCGAA,A364T G386E,2,3
-0.2891,0.006697,TCACAAGGTCGGGCCC,T206S,1,1
-0.2892,0.01541,CGTACTAAACCCGGCC,G263H,1,1
-0.2893,0.009073,AAAGCCGTACTCACTG,,0,0
-0.2894,0.001944,TTTGTTATTCCTATCT,K278R,1,1
-0.2894,0.004905,TACATCAATATCTTCT,S312L,1,2
-0.2895,0.01145,TAAATGTATGCGATCA,R456S,1,1
-0.2896,0.005952,GCCCAAGTACTATAAT,,0,0
-0.2897,0.007372,TTTACCGAAACACTCC,K259H,1,1
-0.2897,0.004078,TGAATTTGATATTTCC,D271A,1,1
-0.2898,0.03445,AAATGAACACATACCA,,0,0
-0.2898,0.007213,GACCGGAATCTACCGT,,0,0
-0.29,0.002725,ACCGAAGACATCTTAA,,0,0
-0.2901,0.01943,CCCAATCTAGTGCTCA,,0,0
-0.2902,0.06222,CTAGCAGAGACTACCA,E484A,1,2
-0.2902,0.06222,TCACAGTGAGTATTTC,S110I,1,1
-0.2902,0.01244,ACTTTGGGACTGTCAC,N285E,1,1
-0.2902,0.006104,CAGCTGAATTCTAAAG,V309L,1,1
-0.2903,0.003244,ATGTGAATCAGTGAAT,S199A P324L,2,2
-0.2903,0.006489,ACATAGCACACAACTC,K310L,1,1
-0.2904,0.003624,CGTATGGAACCATACA,K121A,1,1
-0.2904,0.008908,AAATTGATATATTGAT,S54A,1,1
-0.2904,0.008908,TGTGATTAGTACACGT,S114L,1,1
-0.2905,0.003355,CTGACATATAAGAAAG,,0,0
-0.2905,0.006003,AAGGGACATTATAGGG,D73T,1,1
-0.2906,0.006509,TTTCAACCAAGTTAAG,,0,0
-0.2907,0.01116,TAAAAATATGCACAAA,V490H,1,1
-0.2907,0.1042,TATATGGACTAAACCA,S107I,1,1
-0.2908,0.01203,TGCCTATTGTACAAAA,,0,0
-0.2908,0.006385,GATGTATTAACTGTTA,,0,0
-0.2909,0.007829,GCCTATTAAACCCTTT,K276M,1,1
-0.2909,0.0241,ACTATACTAACCTTAA,K121F,1,1
-0.2911,0.01012,CTAACAAAATCTTATT,,0,0
-0.2911,0.01962,TTATAATTCGGATGAT,N8G,1,1
-0.2912,0.008264,CGAAGCAGTACTAAAA,N464G,1,1
-0.2912,0.02855,TATGCCGATGTAAAAG,S198R,1,1
-0.2912,0.01309,CTATTAAAATCTCTGC,,0,0
-0.2914,0.05244,CATGCACTTTATCAAT,E280T,1,1
-0.2914,0.02247,TAAGCCATAAAAAGAC,,0,0
-0.2915,0.01853,AAGGTTTTCAAAACTG,,0,0
-0.2915,0.002765,GGCTTTAATATAAAAA,R33N,1,1
-0.2916,0.01168,ACATCAAAGATTCCAA,G479W,1,1
-0.2918,0.02106,AAACCTTTAAAAGCAT,L157E,1,1
-0.2919,0.01019,GCCTGGTATGTCGCAC,,0,0
-0.292,0.01054,CTACCTGCTCAATCTA,V166R,1,1
-0.292,0.02875,CTCACACACAAGATGT,,0,0
-0.292,0.02875,GAACTTGTAGAATACT,,0,0
-0.2921,0.01022,AAAATATATTTAGAAA,,0,0
-0.2923,0.04531,TAAAGTAGCTCAACAA,,0,0
-0.2923,0.04531,TCCATTGCGCAAGGAA,A430E,1,1
-0.2923,0.005567,CCATTCCAACATTTAT,T30G,1,1
-0.2924,0.02116,ACAAAAGACATGGGTC,N158D,1,1
-0.2924,0.07941,ACACCTCAAGCACCCT,F192N,1,1
-0.2924,0.01134,GCGACACTCTACCCCA,K310V,1,2
-0.2925,0.00775,AACATAAGCAAAAAAC,P55G,1,1
-0.2925,0.0187,TTCAGTCAATATAGTA,L428T,1,1
-0.2926,0.001683,TACGGTTAGCGAATTA,N81K,1,1
-0.2926,0.004078,CCTCAAATTCCGAATC,S46L,1,1
-0.2926,0.02272,GGTCAGATGTTGGCAA,Q363M,1,1
-0.2926,0.01097,AAGAGTGGGATCTGCA,R307N,1,1
-0.2928,0.01385,CTAAGCCTACCAGAAA,,0,0
-0.2929,0.007091,TCTCAAATTTAAATTG,T187I D188A,2,2
-0.2931,0.02664,CACAAACGAACAACGG,N497L,1,1
-0.2933,0.004268,CTCGACTCCATAGAAA,T10Y,1,1
-0.2933,0.016,ACGTAGATTATGATTG,,0,0
-0.2935,0.1069,AAAACATAAATCTCGG,R33G,1,1
-0.2935,0.1069,GCCATTTACATCCCGA,Q197K A430V,2,2
-0.2935,0.1069,TCCGAACGTCGAATAA,,0,0
-0.2935,0.01527,TGCTAATACGAAGTTA,D493S,1,1
-0.2939,0.01399,TCTGGTAACTTAATAT,,0,0
-0.2939,0.01006,AATGCCGGAAACATTA,,0,0
-0.2939,0.01533,TCCGACGAAGCTCATC,P169T,1,2
-0.2939,0.03219,CGGATACAACCTTAGT,K368W,1,1
-0.2939,0.008256,CTGCGGCTCTCCTCAC,S144I S287C,2,2
-0.294,0.006078,CATCTCCAAGACATAG,K472A,1,1
-0.2941,0.01195,ACCGAACATAGCCAGT,S107T,1,1
-0.2942,0.006587,GGAACTATCATTGTGA,S9W,1,1
-0.2942,0.05379,AAAAAGAGGATCTATT,,0,0
-0.2942,0.01793,TATGTAAGTAACAAAG,D175S,1,1
-0.2944,0.002128,CTGAACCCGCTGTTAG,E414F,1,1
-0.2945,0.03594,CTAACTTTCTACTTTA,S107L T135I,2,2
-0.2945,0.01904,CTACGAACCATTCATA,S144A,1,1
-0.2945,0.01295,TCTTAAGAGTGCATTA,,0,0
-0.2946,0.01157,AAAACAACTCACTAAT,,0,0
-0.2946,0.08095,ACGAACCCTAGTTTCC,R269I,1,1
-0.2946,0.0216,CGTTCTAATTAAACGT,,0,0
-0.2947,0.01544,TATATAAGTCAACTCG,Q376S,1,1
-0.2948,0.01352,GCACTAAAGGTGCCCA,T10S N22Y R482L,3,3
-0.2948,0.03245,ATACAATCCTCAACTA,E359W,1,1
-0.2948,0.03245,CAGCATGATGGCTACA,P239K,1,1
-0.295,0.01016,TAGCAATCTAGAAGCG,I282N,1,1
-0.2951,0.02957,CTTATAACCGATCTAC,F332I,1,1
-0.2951,0.02957,TCTTAAGCATATGCCA,,0,0
-0.2951,0.04068,CAAGTAACCAATATTC,D101A,1,1
-0.2951,0.04068,TCGCAGTAACTGCGTG,T135H,1,1
-0.2952,0.003744,CGCCACTTATACATTA,,0,0
-0.2952,0.003324,CCACTCATGCAAGTGT,,0,0
-0.2954,0.01418,TAATAAATATGATAAC,,0,0
-0.2955,0.0136,GATACGAACTCCAAAC,L455Q,1,1
-0.2957,0.001947,CTACGAATAACATGAT,D104H,1,2
-0.2957,0.0545,AAACCGGGATCAAAAT,M168K,1,1
-0.2957,0.0545,ATGGAGTTTAGATTCC,,0,0
-0.2958,0.007988,TCCCGTGGTTATCGAA,F79K,1,1
-0.296,0.02734,ACTTCAGACACATAAG,,0,0
-0.2962,0.01133,AAAATTTCCAGTAAAA,P221L,1,1
-0.2962,0.04108,AGGCTTGACTTCTCCC,Y491F,1,2
-0.2962,0.006445,TGCAAATTTACGTATT,K189Q N216S,2,2
-0.2964,0.03657,GTCCAACAGAAAACAT,N6V S312M,2,2
-0.2966,0.01433,ACTCCATGAAAAATTC,P306G,1,1
-0.2966,0.01433,TCTGCTTTTTCCAATC,Q57M G200T,2,2
-0.2967,0.01833,AGATATTATGAATTAA,,0,0
-0.2968,0.02752,AACGAGGTTTATCTTG,T301R,1,1
-0.2968,0.08256,ATCCCGACGTCAACCA,G16V,1,1
-0.2969,0.01066,AAGTGCCTTAGCATGA,P4E,1,1
-0.2969,0.006748,TTATAAATTAAACCCT,,0,0
-0.297,0.02362,ATCCAAGACTCTGAGA,,0,0
-0.297,0.00752,CAATATTGCAAATAAG,N94H,1,1
-0.297,0.02206,TAATATTTAATATACC,G275E,1,1
-0.297,0.06618,AACACATGGACTCACA,,0,0
-0.297,0.06618,GCAAATACAAGCAAAC,I252V K326M,2,2
-0.2971,0.007044,CCTATATATAATCACA,,0,0
-0.2972,0.05522,GACTCAGGTCTACCCA,K82G,1,1
-0.2973,0.01579,TTGAAAACTGCTTACA,E426N,1,1
-0.2974,0.0369,ATCAATTATTTTAAAT,Q197V,1,1
-0.2974,0.0369,CATTCCAGAACTTCCT,,0,0
-0.2974,0.0369,TGATGACGTCAATTAC,P4C,1,1
-0.2975,0.03021,CTACACTTTGAGTAGA,R33K,1,1
-0.2976,0.002218,TAACTTCACAGAGAGG,S198G,1,2
-0.2977,0.01665,ATGACAATCTAATAAC,N489A,1,1
-0.2978,0.0101,TTACCAGAAAGTCGAG,,0,0
-0.2981,0.008563,ACAGGGTCATTCGAAA,R361H,1,1
-0.2982,0.01591,GAACTCAACTAGCACC,D7G L59S,2,2
-0.2982,0.01671,GCCAAAATGACAACAT,,0,0
-0.2982,0.003447,CACAGAAGCTTAAGTA,Q191E,1,1
-0.2983,0.02389,GGAGTAACACTGCCTT,E401A,1,1
-0.2983,0.00322,GTAGACTAGCAAGAAC,T128Q,1,2
-0.2984,0.003681,AACTACCATTGGAATT,R33K A372T,2,2
-0.2985,0.007981,ATCCTCCGGCGATTTG,,0,0
-0.2985,0.04191,AAACACGCTTACCAAG,I274C,1,1
-0.2985,0.04191,AGACCTCACGGGAAAC,H488Q,1,1
-0.2985,0.0006509,TGTTCCAATCCTACAT,A163M,1,1
-0.2986,0.04793,ACTACTGACTGCACTG,E344P,1,1
-0.2986,0.04793,GAAATATCTGAAATGA,,0,0
-0.2986,0.01598,CGTTTCAAGCCTATAA,,0,0
-0.2987,0.01119,TACACTTCACATCACT,S209Y,1,1
-0.2988,0.02101,TTATAATAAGAGAATA,,0,1
-0.2988,0.009085,ACAAAACCAGCCATTA,,0,1
-0.2988,0.009339,CCAATGACTGAGGTAA,S144A,1,1
-0.2991,0.01203,TAGCTTTGCTAAAACC,,0,0
-0.2992,0.01248,ACAGTTACCCAGCAAC,N122T,1,1
-0.2993,0.01406,TAGCATCACAATTCAT,R269V,1,1
-0.2994,0.01468,GAGCGAGATAAAAAGA,Q44H,1,1
-0.2994,0.01468,TTTACACTAACATACT,,0,1
-0.2994,0.02111,ATAACACAAAATTTTG,,0,0
-0.2994,0.02111,ATACACGATCTAGACA,,0,0
-0.2995,0.03756,TAACCAGCACCATTAA,S247A,1,1
-0.2995,0.03756,TATACAAGCTTTATGG,D188F,1,1
-0.2995,0.02254,ATCCTGAACTGAAAGA,T451V,1,1
-0.2995,0.02254,TTTGAATTCTATGTTC,,0,0
-0.2996,0.004028,AATGTTATATAACAAC,N159M,1,1
-0.2996,0.01692,TAATTAATCAAAGTTG,I418G,1,1
-0.2996,0.02417,TACTTACTTTAACACA,G200F V490T,2,2
-0.2997,0.002667,CGAAAGCTTCTCTTGG,E172K,1,1
-0.2997,0.01411,CCCGAAAACACGCACC,,0,0
-0.2997,0.01168,TTTATACGTCTTATAT,Q75L,1,1
-0.2998,0.003424,AATTGGTTAAAGGGGA,N489C,1,2
-0.2999,0.0106,TATTTCTACTAATCAA,,0,0
-0.2999,0.01542,ATCATTCGAATACGAA,,0,0
-0.2999,0.02827,TGCCTGATCTAATATC,P239Y P289S,2,2
-0.3,0.04849,GACAAAACAATTAGTA,N6Y,1,1
-0.3,0.04849,TATAGATAATAATCCT,K238M,1,1
-0.3,0.008706,AATTATCGATTAAAAA,,0,0
-0.3001,0.01171,AATAATTTTTATTAAA,E401M,1,1
-0.3001,0.02266,AAGGAATGTAGGATTA,K326L,1,1
-0.3002,0.006416,ATTTTAAAAAACACTT,A212T,1,2
-0.3002,0.0179,AAAGGAATCAATCTCC,,0,0
-0.3002,0.003955,ATGCCCAGACTACAAC,K472E,1,1
-0.3005,0.02623,AACCTACTGCTTGCAT,K417E,1,2
-0.3005,0.01421,CATCATCTGACAATCT,Q211D,1,1
-0.3006,0.01264,ATACAATACATATACA,,0,0
-0.3006,0.01264,CAACTCATCATTACAA,A69M,1,1
-0.3006,0.01264,GACACGAAATCAAAAA,A272V S442L,2,2
-0.3006,0.008324,GGAATGAACATCTTAA,,0,0
-0.3006,0.01484,GTGTAAGAATAATCAC,,0,0
-0.3008,0.06836,TCATACAAACTTTAAC,,0,0
-0.3009,0.01426,CCTATAAATTCAACAG,,0,0
-0.3009,0.04277,TTTATAAGCCCTAAAA,G504D,1,3
-0.301,0.00428,ACTTTGGCTTTGACAA,,0,0
-0.301,0.02014,AATTAGACCACAACTG,N94L K171R I395S,3,3
-0.3012,0.01225,CGAAAAATACATACAA,,0,0
-0.3013,0.007304,TATCAATACCTACCAA,,0,0
-0.3013,0.01431,AATATTTGATAAAATC,,0,0
-0.3014,0.02291,CGCTTATGACGATTAG,P21W,1,1
-0.3014,0.02291,GACGACAGACTAGCTA,K292Q,1,1
-0.3016,0.01376,CTACACGAACATAAAG,E172S,1,1
-0.3016,0.009056,GACGCCTAGCCAACCA,V166M,1,1
-0.3016,0.02024,CATGAATTTCAAGAAG,,0,0
-0.3016,0.002893,TCATTTATAAAAACAA,L244Q,1,1
-0.3017,0.003915,ATATCTAAAACATAAC,I374M,1,1
-0.3017,0.0246,GGCAGACTGTAAAAAT,I374S,1,1
-0.3017,0.006625,TAAGACCAGCACTGTC,R307Q,1,1
-0.3017,0.01813,TTAACATATGTAGATT,,0,0
-0.3018,0.005651,CCGAGATATTATAGAA,I260M I478L,2,2
-0.3019,0.007666,TAGCGCTACCGGCATG,,0,0
-0.3019,0.00335,CTATTGTATCAGAAAC,N6K,1,1
-0.3019,0.05752,CGAACGTGATGTCAAG,Q173I,1,1
-0.3021,0.04321,TTGGAAACGAAAGTCA,N290E,1,1
-0.3022,0.009351,GCCCGCATAAAATATA,,0,0
-0.3023,0.03461,GGCCCAAATTAGTATT,,0,0
-0.3023,0.008442,ATTTATACACAGAGTG,,0,0
-0.3023,0.01505,GATCATATAAGTAAGA,N63K,1,1
-0.3023,0.01505,GTGAGATTATGCCTTA,,0,0
-0.3025,0.008892,ATTTGAGAATTTATAC,S312W,1,1
-0.3028,0.04964,TTGTTATTCCAGCCCT,A430C,1,1
-0.3028,0.0695,GTAAAATCTTTCTAAG,P21D S205N,2,2
-0.3028,0.01829,TAATCACTTCTCGAAA,,0,0
-0.3028,0.01287,TTCCAATGATTACCTT,G275M,1,1
-0.3028,0.1158,TTAGAATAGGACAAAC,D225L,1,1
-0.3029,0.009665,ACAAGAACATAAATAG,R299M,1,1
-0.303,0.01339,TTTGATCTCCATGAGC,,0,0
-0.303,0.01451,AGCACCCCAAAGACAA,Y302M,1,1
-0.3032,0.01395,AACACTACTTGAGGGC,,0,0
-0.3033,0.008511,CCATAAAAAACAAAGT,R482K,1,1
-0.3033,0.00698,ACAGTCGTATACGTTC,,0,0
-0.3034,0.02054,CTAGTAAGCATCATGC,T12C,1,1
-0.3034,0.04367,GCCTCATTATCGCCAA,Y105T,1,1
-0.3036,0.007952,ATATATCAACTATGGG,G249A,1,1
-0.3036,0.05832,TAGAGTTCTATAAATA,E280W,1,1
-0.3038,0.002874,CTAAATCAAAATAACA,K411G,1,1
-0.3038,0.004384,ACCCAAGTGGCCCTAG,,0,0
-0.3039,0.01595,TACTCAAGCCAAGACG,P273G,1,1
-0.304,0.01254,TACCACAGTTTCATAA,,0,0
-0.3041,0.005958,CTCCACCAGACAGACT,F174V,1,1
-0.3042,0.05024,ACAGACAGCAACAAAC,,0,0
-0.3043,0.02708,GAATCGAGCAAATTTA,,0,0
-0.3043,0.004759,ATAGAGCTACAACCAC,I282S,1,1
-0.3044,0.01409,CGTTATTACACAAAAG,G479V,1,1
-0.3044,0.008808,CACTCATCAAGAATAT,S312A,1,2
-0.3046,0.02075,TAAGTCATGCGACAGA,P4W,1,2
-0.3046,0.0252,AAGAATGAATATAGAA,W127Y,1,1
-0.3046,0.007204,CCCTCACACCTTGACC,Q371N T416S,2,2
-0.3047,0.04413,TCCCAGAAATGCAGAA,E119Y,1,1
-0.3048,0.01607,CGTCCAACTACTACTC,,0,0
-0.3049,0.02947,CGTTCAAAAATTAGAA,,0,0
-0.3049,0.01072,GATCTAGGAACACAAG,S115G,1,1
-0.305,0.007376,GTACAAACCTCCTAGT,P103W T328Y,2,2
-0.305,0.008635,TTAAGTCATAACCAAA,,0,0
-0.3051,0.01476,ACCCCCTTACGAACTT,,0,0
-0.3051,0.003223,TCATTCCATCCACAAT,,0,0
-0.3052,0.01108,CTACTACTCTTATGTT,A476T,1,1
-0.3052,0.01688,TCGACTCCACCTGTAA,S137W,1,1
-0.3053,0.01613,AACTGGGAAGCAAATA,N63V,1,1
-0.3053,0.01613,ATCATAACGTTATCAA,,0,0
-0.3053,0.009341,GCCCCAATATACGAGC,N94K,1,1
-0.3055,0.003906,TTAAGCGCCTTAACAT,D291V,1,1
-0.3055,0.003386,TTAAAAGTTTACCTAA,,0,0
-0.3055,0.008671,TAGATAAGTATGAAGG,G129F,1,1
-0.3056,0.03233,CACTAAATACTCGGAC,N45D,1,1
-0.3056,0.03233,TTCACGTATACCTTTT,,0,0
-0.3056,0.006843,AAGAGTGCACTCAACG,,0,0
-0.3057,0.02224,GTATAAAATCTTTTGA,S9C L431F,2,3
-0.3057,0.02224,TCAGCATTGACGCGGA,Q407D,1,1
-0.3057,0.0137,CGAGTCTTGCATTTCC,D32R,1,1
-0.3058,0.008486,CACAGCTCAGCTACAT,Y412E,1,1
-0.3059,0.01274,TACCGTTCCCTATCAT,K278Q,1,1
-0.3059,0.0155,AAAGCCATATCGGAGA,K140M,1,1
-0.3059,0.01981,AAAATTGGCTAATGCT,P221C,1,1
-0.3059,0.02744,TCTACAAAATGGATAC,,0,0
-0.306,0.0123,CAATTATACAATCTCC,,0,0
-0.306,0.0446,AACCCTTGGGTTTTAA,,0,0
-0.306,0.0446,CCTCGGACATTCAACA,,0,0
-0.306,0.006998,ACAAATCATATCACCC,A196K Q327L,2,2
-0.3062,0.03972,ACCCTGCCATTCACCC,D271M,1,1
-0.3062,0.01324,ATTAAATGTCAAAACT,E35V,1,1
-0.3063,0.005263,CCTCTAGCAAGTCTTA,,0,0
-0.3063,0.003315,AAAACCATCTAAAACA,,0,0
-0.3064,0.003379,GCTATAAGTCCTTAAA,,0,0
-0.3064,0.006889,TTTCGAAACAAAATAG,S46M,1,1
-0.3065,0.03258,GTGACCTTGGATCTGT,S312A,1,1
-0.3067,0.002583,CTTGTGATCAGATACC,T203K,1,1
-0.3069,0.07191,AATAATATAGTACGTA,Q356F,1,1
-0.3069,0.07191,AATACATAACTCCCAG,L151F,1,1
-0.3069,0.07191,ATCGAAATCTTTTCTC,,0,0
-0.3069,0.005369,GTGACCCTCTTAGGTA,K503Y,1,1
-0.307,0.009228,AAAACCCGACATCCAG,S193G G200V L367Y,3,3
-0.3071,0.012,AGTACCTCAATTAGTC,T128S,1,1
-0.3071,0.012,ATGATGCATTTTTTCA,E280V,1,1
-0.3072,0.01092,TCAAGAACGGCACTAT,,0,0
-0.3072,0.05149,ACAGCTACATTTACTA,,0,0
-0.3073,0.009248,GCGGAGAATCGCTAAT,,0,0
-0.3073,0.04509,TAGAACATTAGGTAGC,D461H,1,1
-0.3073,0.00633,TATCAAAACTCATCAC,N498L,1,1
-0.3074,0.0009054,AACGATTTTATGAATT,G200L,1,1
-0.3074,0.01388,AAAAAACCAAACAAAA,D408N,1,1
-0.3075,0.03611,CAAAAATGGTGGTGTT,,0,0
-0.3075,0.03284,TCATTAAGTAAATTCC,K238G,1,1
-0.3076,0.005925,TAACCAAAAACAAATG,V237L K276H,2,2
-0.3076,0.0278,ACCGTTCGAATCAATC,,0,0
-0.3076,0.02583,ATTCCAATATGAAGAC,R224D,1,1
-0.3076,0.008219,ATTGCATCTGAGACAT,,0,0
-0.3076,0.02411,TCTACGTCTCATCATC,I48Y,1,1
-0.3077,0.01723,ATCCTTGAACTCCTGG,G218C,1,1
-0.3077,0.01645,TTGAAAGCGTGGGTGC,T135G,1,1
-0.3078,0.01341,CAATCAAAGATAATAC,I58M,1,1
-0.3079,0.008235,CTGAGTGGCGTTACAA,,0,0
-0.308,0.00336,TTGAACTTAGTTCAGC,L427T,1,1
-0.3081,0.008252,ACAAAAGATTTTCAAA,I3L,1,1
-0.3082,0.004719,ATGCCTAGTTTAGACT,K326M,1,1
-0.3083,0.01817,GACCCTTTGCCTAGCC,L244Y,1,1
-0.3083,0.01817,TCACGTTGTCAAATTA,,0,0
-0.3083,0.007273,CTTTCTCGTTACTCAC,N357G,1,1
-0.3084,0.008875,TCATCTGACCACCGTT,,0,0
-0.3085,0.03033,GACGAAATGCGTCTCT,A495S,1,1
-0.3085,0.0331,AACATATTATACCATT,G142V,1,1
-0.3085,0.01175,ATAAGACCAAGAGTAC,A364V,1,1
-0.3085,0.03643,CAACCTACATAACCCA,G379Y,1,1
-0.3086,0.0081,CACCCTGTTAACATAT,,0,0
-0.3087,0.008681,GGTAACATAGACAAAT,R220T,1,1
-0.3087,0.01458,TACTTTCCCAACCCCG,Q454K,1,1
-0.3087,0.04558,AGACAAAGACAAAGCA,,0,0
-0.3087,0.0096,AATTCAGTAACTACAC,I374Q,1,1
-0.3088,0.05214,AAATGATGAAAGATTA,S199N,1,1
-0.3088,0.05214,GAAAATACTTGGCCAA,N53L,1,1
-0.3089,0.01922,GGGTCCTAGTTAGGTG,S400E,1,1
-0.3089,0.0203,GTTCAATATAAATATA,,0,0
-0.309,0.01354,GAACTGGTACAAAAGA,K368M,1,1
-0.3091,0.001641,GAAAACGGGACAAACC,,0,0
-0.3092,0.008932,ACAAACAGAGTTGCTT,N445V,1,1
-0.3094,0.03056,AGACGTAAATGAATTA,S107D,1,1
-0.3094,0.01019,CAACAATTTACGAAAC,L251M,1,1
-0.3094,0.09167,TAACTGAGTTGTAACT,Q80Y L157P,2,2
-0.3094,0.007192,AAGTACGCAAGTAGGT,,0,0
-0.3094,0.008736,TCATCTCATGACACGA,L367C,1,1
-0.3095,0.03337,AAATATACAGGGTCGC,,0,0
-0.3095,0.03337,CATTGAGCCGTAGGAA,,0,0
-0.3096,0.009667,AATTCATCCCGAAAAT,T203A,1,1
-0.3096,0.00375,CTGTGAATTCAGTACG,G62E,1,1
-0.3097,0.03675,ACAAAACTAATCAATA,Q1I,1,1
-0.3097,0.03675,CCAAGGAGGTCATTGG,,0,0
-0.3097,0.002989,TGATCAGCCATAGATT,N38T,1,1
-0.3098,0.04089,CGCAAGTCGTATAATT,,0,0
-0.3098,0.1227,AGCTGAAATCCATTTA,D188P,1,1
-0.3098,0.1227,GAGAAAGAATAAATCT,P103F,1,1
-0.3099,0.01416,ATACTATATAGATATC,S115Q,1,1
-0.31,0.02632,AGAAGATACTAACTCA,,0,0
-0.31,0.0194,AAAACAAATCAACACA,,0,0
-0.3101,0.01053,GCCAGAAAACCTACAT,S198L K472G,2,3
-0.3101,0.00174,AACAGAACCTAAGCCT,,0,0
-0.3101,0.01272,GCCAGCTCTCCGCTTA,K140G,1,1
-0.3101,0.01272,TTTATTTATGTAACAA,,0,0
-0.3101,0.02837,AGCACCATACTTGGAA,D32T A106G,2,2
-0.3102,0.002085,AAGTACCAGCAAAACT,K315Y,1,1
-0.3102,0.01318,TTATGAGACTGACCTA,F120H,1,1
-0.3102,0.01118,CCAAGTGACAATCAAG,R482W,1,1
-0.3103,0.005596,ATAGATCTCTGCCACT,Y491W,1,2
-0.3103,0.03078,TAATCGACTGGAAGTA,N190Q,1,1
-0.3103,0.03078,TACGGAGTACCTCATG,S46W,1,1
-0.3105,0.03364,TTATTCAATCGTTGAG,,0,1
-0.3106,0.01949,TCTCGAACCTCCGTAA,Q371I,1,1
-0.3107,0.006283,TGAGAAAAAGTTTTTT,E359W,1,1
-0.3108,0.06179,AGCTTTATAACTGCAA,,0,0
-0.3108,0.03708,TCTAATACGCAAAAAC,,0,0
-0.311,0.02184,CTGTTTTCTCGTTTCT,S110F,1,1
-0.311,0.02184,TAAATTGACAAGCAAA,K278F,1,1
-0.311,0.01548,TATCACATATCAGCAC,N296A,1,1
-0.3111,0.0413,CAAACAACCGATACGA,S262M,1,1
-0.3111,0.0413,TAGCAAAAAATAATAA,E414T,1,1
-0.3111,0.02324,AAAAAGCATTGCTATG,N475L,1,1
-0.3111,0.02324,CATAAGAATAAAGGGA,Q311E,1,1
-0.3112,0.01617,GTTATGGCACAAATGT,,0,0
-0.3113,0.03101,TGACTATATCTAAAGA,L496M,1,1
-0.3114,0.02483,ATAAACCTTTAGTTAA,,0,0
-0.3114,0.0207,CGGCTATTTTCAGTGT,,0,0
-0.3116,0.007613,CATGGCGAAACGATCC,,0,0
-0.3117,0.01866,TGAATCACCATAAAGT,R361V,1,1
-0.3117,0.01623,AGCAGAATTTTAAGAA,D493R,1,1
-0.3117,0.01067,ATCCACAGACGGAAAT,P55T,1,1
-0.3119,0.02877,AAACAAATCAGCCCTA,V406M,1,1
-0.3119,0.02877,CAAATGATATAAGATA,D7S,1,1
-0.3119,0.02877,GAAACCCCTTATATTT,I160V G479S,2,3
-0.3119,0.004111,ACTTTTACAGAGAACA,,0,0
-0.3119,0.006033,AGTGGTGAAAGGCAAT,S145G,1,1
-0.3119,0.01039,TCTCATATTAAGCTAC,K276S,1,1
-0.3119,0.004158,ATCCAATCTGCCACAC,,0,0
-0.312,0.01559,GATACAGATATGGATC,,0,0
-0.312,0.05348,CAAATTGTAGAAAAAA,V182A,1,1
-0.312,0.05348,GTCAGTCTACTAAATA,,0,0
-0.3121,0.009364,TAATTGTTCGCAACCT,Q1R,1,1
-0.3121,0.004804,TCACAGAAGAGCAAAT,F192V,1,1
-0.3121,0.005592,ATACATGAAGGTAATT,,0,0
-0.3122,0.01629,AGATCAGGTACTAGAA,R269P,1,1
-0.3122,0.03125,GAGCAGATTCATATAT,,0,0
-0.3122,0.09374,TAGACAAATCAATCGT,E401R,1,2
-0.3124,0.04171,GGCAACAATAGTCTAA,,0,0
-0.3125,0.01977,CACGCCACAAATCTCC,N126W,1,1
-0.3125,0.00488,GAAATTCAGTACCAAA,,0,0
-0.3125,0.01296,TACGGCGATCGCATAA,,0,0
-0.3125,0.009634,TATCGGCATTTAAGCC,,0,0
-0.3125,0.005872,TAAGTGCTAAGTTAAT,,0,0
-0.3126,0.008746,AAGTAGGACTAAACGA,V223T,1,1
-0.3126,0.005786,CACTTCTAACAAGGAT,Q211D,1,1
-0.3126,0.005615,TATGTACATATCAAAA,N6D,1,1
-0.3127,0.01075,CCCCTACGCCATCGCG,S107C T328M,2,2
-0.3127,0.02091,GAACAATTTCAGTACT,G504D,1,1
-0.3127,0.06273,AAAGCACTTTCCACGA,,0,1
-0.3127,0.008962,AACGTACTCTCGAATA,R482E,1,1
-0.3127,0.06273,ATACTTTAGATACAGG,,0,0
-0.3128,0.01506,ATCATTCAGCTAAAAA,,0,0
-0.3128,0.007384,ACGACCTGACAGCAAA,S312N,1,2
-0.3128,0.007107,ATTTCCCGTCATTGAA,I469L,1,1
-0.3128,0.009189,CCCTGGACTACCAAAG,S480L,1,1
-0.3129,0.003591,GTTGCAAAGCTCCATC,,0,0
-0.313,0.04713,GACCGTAATTAATGTG,,0,0
-0.313,0.04713,TTACTTCCACAAAAGC,G49E,1,1
-0.3132,0.008038,ATGCAGTTATTTCCCT,Q80F,1,1
-0.3132,0.003259,CACTCGCAGCAATCCA,N122K,1,1
-0.3133,0.02363,GAAGACACGACCCCCT,I288F A476T,2,2
-0.3134,0.01081,AACAGTATGATTGGAT,V347R,1,1
-0.3135,0.01262,ACCTCATTTGTAGTAA,R92Q D101A,2,2
-0.3136,0.009968,TTTAGCGAAGTACAAC,T416L,1,1
-0.3137,0.01517,AAACAAACATTTAATG,Q363S,1,1
-0.3137,0.01996,AAACCAATTTCACTAT,D32N,1,1
-0.3137,0.01996,ACTTTACTATGAGAGC,N81A,1,1
-0.3137,0.005661,CTGACCTTAAGGATTT,R201M,1,1
-0.3137,0.07584,TAAAATACCACTACAC,T328E,1,1
-0.3137,0.1264,TAAAATCGAACCCTGA,A106Y D461P,2,2
-0.3137,0.05417,TATATAACCGTTATCA,,0,0
-0.3137,0.05417,TGAAACACACCCTAAT,S199D,1,1
-0.3139,0.006438,AATACCAAAGTTCGTA,,0,0
-0.314,0.005589,ATCTACCCAACCAAGA,K411L,1,1
-0.314,0.009747,AACGTTGTGACTCAGA,,0,0
-0.314,0.004133,AGCACAAATGCGAGCC,R33G,1,1
-0.3142,0.01409,ACCGTGACCGATAAAA,S124Q A372S,2,2
-0.3143,0.007053,AAGCGATCTGTTTTTG,,0,0
-0.3143,0.0119,AAATTAAATAAATTTT,,0,0
-0.3143,0.002931,ACGCTAATTCCTGACT,G49F,1,1
-0.3143,0.0127,TTGAGTACATTAATCT,,0,0
-0.3145,0.04767,ACTCCCAAGATAAAAA,L157A,1,1
-0.3146,0.01909,GAACCCTAGCATTAAT,D419C,1,1
-0.3147,0.06369,GCCCCAAACAAGAAAT,,0,0
-0.3148,0.03476,AATTATATTAATAATG,T40L G142F,2,2
-0.315,0.01595,ACAGTTCCGTTTGCCT,I478M,1,1
-0.315,0.02736,CAGCAATCCAACTCTA,S145M,1,1
-0.315,0.02736,TTTTACATAAGATGAG,R261Q,1,3
-0.3151,0.04257,CCTAGAAGGTAACCAC,,0,0
-0.3151,0.01742,CTACTAGTGTCATCTT,,0,0
-0.3151,0.002084,GGCGTTCGCGCCGTCA,S265C,1,1
-0.3152,0.005901,CCCGTGGTCCGCTTGT,,0,0
-0.3152,0.01066,ATAGTCCATACGGAAA,,0,0
-0.3152,0.0137,GTCGACATGATTACAT,G5Q,1,1
-0.3152,0.0137,TATTAAACCTAAATGC,D101E,1,1
-0.3153,0.003311,ACCTGTACCACTATAG,,0,1
-0.3154,0.01201,CCCCACCTTTCGATAA,,0,0
-0.3155,0.03845,TTTACAGACTGCTCCC,S149A D375T,2,2
-0.3155,0.01165,GAAAGCCATTCATTGT,K131M,1,1
-0.3156,0.007126,CAGTTTTTATAACCAC,H435R,1,1
-0.3159,0.02754,ATAAAACATCCATATT,,0,0
-0.316,0.01838,CTTTTCAATAAAACCA,E344S,1,1
-0.3161,0.01245,TACGAGCTTGCCTATT,P103G,1,1
-0.3164,0.02418,CAGACAAGAACTGCTG,,0,0
-0.3164,0.02418,CGGCTATACCAATTAA,Q75E,1,1
-0.3166,0.004785,TAATACCTCCAAACTA,S47K,1,1
-0.3167,0.003766,TATCTTTGGTGATTAA,N158R,1,1
-0.3167,0.01048,ACCGCTCTAAAAATTA,R33Y,1,1
-0.3167,0.002504,ATTCGATAACAGCGGC,V223T,1,1
-0.3168,0.02772,CATCCCGGCAAACATA,T235S,1,1
-0.3168,0.01141,AACTGCAGAAATAATT,N31M,1,1
-0.3168,0.02156,AAGATAGTACATCAAA,P103M,1,2
-0.3168,0.01493,CGCACACAATCATAAT,S480F,1,1
-0.3168,0.02156,TAGACCCACTCATCTG,Q197G,1,1
-0.3169,0.02045,GATAACAACCCATACG,Q407F,1,1
-0.3169,0.01079,GTATAATCATGTACAC,S265R,1,1
-0.317,0.01388,GGAGGTTAACGAGACG,Q210M G386R,2,2
-0.317,0.0162,GTATACACATCAAAGA,R150A,1,1
-0.317,0.0162,TAGTAAACCCCCACTG,,0,0
-0.3171,0.03536,AATTCCGCCCTTAATT,D408Q,1,1
-0.3171,0.03536,GCGAAAAAGATATATA,,0,0
-0.3171,0.007628,TGTGAACTGTTACGTG,V223N,1,1
-0.3172,0.02433,ACTTTGATAATTCTAC,,0,0
-0.3172,0.02433,GGCGATCTACAACCAG,N31A,1,1
-0.3172,0.01298,TCATCCCACCCCAACC,D85H,1,1
-0.3172,0.01854,AAGTTAGCTTTAATTC,T10I,1,1
-0.3172,0.05563,CTTCGATTGAATAATG,P21M,1,1
-0.3172,0.05563,GCACATAATAATTCAA,,0,0
-0.3172,0.05563,TAAAGAGAAAAAGAGA,V490C,1,1
-0.3172,0.006602,GTACCAGGATCAATAG,,0,0
-0.3175,0.01001,AAAAAAGATACAACTT,N8E,1,1
-0.3175,0.03001,AAGAATGAAAACTGTC,M268Q,1,1
-0.3176,0.01302,TATGCCAAAATTGTTA,,0,0
-0.3176,0.009526,ATACTATGAACGTGAC,K259L,1,1
-0.3177,0.01056,GAACATCTATTCTTAC,D7Y,1,1
-0.3178,0.1304,GCACACAACTCAATAG,S262V,1,1
-0.3178,0.04346,TATTCCAAATTAAAAG,,0,0
-0.3178,0.01863,TTTGATTAAAAGCTCC,D7F,1,1
-0.3179,0.002509,CCTTAAGTACTATCCC,T235V,1,1
-0.3179,0.01398,AGATTAACAAGAAACC,,0,0
-0.3179,0.00725,GTTAATTCATACTTCA,,0,0
-0.318,0.003562,TATTAGAAAATGAGAT,P169C,1,1
-0.3181,0.01633,AAATTATCTGGCTAAC,A163Q,1,1
-0.3182,0.03566,GGCTAGCTAAGATGAA,,0,0
-0.3182,0.003601,CTAAAATGTGACCAAT,Y302M,1,1
-0.3183,0.02065,TTGATTTCACAACGAC,N497E,1,1
-0.3183,0.03272,AATTAATAGGTGAGAC,G379S,1,2
-0.3183,0.09817,CCAAGGTAGGCTCGAC,Q197P,1,1
-0.3184,0.006439,CTACTTGACAGGCACG,,0,0
-0.3185,0.006666,GGAATTTAAACAGACC,I242W,1,1
-0.3187,0.005249,GGCAGCGCAAAGGTTC,,0,0
-0.3189,0.0657,CTTGCTTTATCAATCC,Q173R V182I,2,3
-0.3189,0.0657,GTTTAAGTATCTCCTA,D7E R229F,2,2
-0.3189,0.0657,TTATGAGCAGATAAAA,I48K,1,1
-0.3189,0.02076,GGGCGCTAAGAGAGAC,S312Y,1,1
-0.319,0.05638,CTTCAAAACTAATATG,,0,0
-0.319,0.008055,CCCATTACGGTTCATT,,0,0
-0.319,0.008055,TATCATATTATCATGA,P289I,1,1
-0.3191,0.00369,GCGACAAGTAGCCAGG,S46L,1,1
-0.3191,0.01717,TGTAAAAAAGTTGATA,D188R,1,1
-0.3192,0.04937,ACCAAGCCTGTTTCCA,S137A,1,1
-0.3192,0.04937,AGACAAACGAATTTAA,L59I,1,1
-0.3192,0.04392,AACTCTTATAACCTGT,,0,0
-0.3192,0.04392,CTAGAATAATAAGCTG,P227M,1,1
-0.3192,0.04392,GTTACACTCAAGATTG,,0,0
-0.3193,0.004822,ATCAAATCACTTAAAT,G129N,1,1
-0.3193,0.01412,GAAAATCCTACCATGC,,0,0
-0.3195,0.01015,AATGTTACAGGAAATA,T128P,1,1
-0.3195,0.006,AACAGACATTCAGGAA,A373I,1,1
-0.3195,0.02829,GAATAACATAGTTTCA,D85R,1,1
-0.3195,0.02829,TGACATGCTCATATTA,E83T,1,1
-0.3195,0.02641,TACCGCGCACAGTAAA,R220N,1,1
-0.3196,0.02476,AAAATTGTCCATGATA,S54V Q211S,2,2
-0.3196,0.02202,GCTCCCTTTCAGAGTC,Q80H,1,1
-0.32,0.00284,TACCGAAAAAACGGTT,S219Q,1,1
-0.3201,0.007232,ATAGAATTCTGGACCT,P227W,1,1
-0.3201,0.0078,CAGCTTCTACTTTAGA,,0,0
-0.3202,0.001443,TTCACACAGTTTTAAT,P324Q,1,1
-0.3203,0.01992,CTAACAATTATCGTCT,T10W,1,1
-0.3203,0.01992,TAATTCCCAAGTAGAT,V213W,1,1
-0.3204,0.02344,TACAAAACTGCATTCC,V323T,1,1
-0.3204,0.02491,GAACATAGCACAAAGT,,0,0
-0.3204,0.02491,TAACGCTTGCGACACA,D77E,1,2
-0.3206,0.03628,ACGACGCTATTTAGCA,,0,0
-0.3206,0.01288,AAATGTCAAGTTTATC,,0,0
-0.3206,0.03993,AGGAAACAAGTGGAGC,,0,0
-0.3206,0.03993,GCTAAAAACAGAAATA,S262K,1,1
-0.3208,0.00533,TTATATAACTCTATCT,G200H,1,1
-0.3208,0.04997,AACATAATCGGTTGAT,N341G,1,1
-0.3208,0.04997,GTATAATACAGCATTA,,0,1
-0.3208,0.01739,ATCAACAATTCCAACA,,0,0
-0.3208,0.01052,TTTAAATGCCCAATAC,A304R E410K,2,2
-0.3209,0.01818,ACAGTAATCAACGCAG,I481L,1,1
-0.3209,0.05716,CGTCTCAAAATCACGT,,0,0
-0.3209,0.01143,GTATTCACATGCTAGA,I260S,1,1
-0.321,0.005409,CATACAGAGCAAAAGA,,0,0
-0.321,0.02001,TTAAATTTCGTTACAA,,0,0
-0.3211,0.06676,ATATGAACGTATCGTT,D415Q,1,1
-0.3211,0.004502,AATTAGGCTTTAGTAC,R255M,1,1
-0.3213,0.08024,GAAGCAAGCGTGCTAA,G479E,1,1
-0.3215,0.00543,TAAAACAATGTGGACC,N22C K259E,2,2
-0.3216,0.004233,CATCAGGCAACACTAC,K450Q,1,1
-0.3216,0.1005,AACCTCTGGACCGTAT,,0,0
-0.3217,0.00629,AAAGTTAGCCAAAAGA,N122H,1,1
-0.3218,0.0366,ATTATACACTAGTATA,G78I,1,1
-0.3219,0.02371,AATCTGGGACAGGTAC,I3G,1,1
-0.322,0.04031,ACCATCATGAAATAAT,P162G,1,1
-0.3221,0.01153,GTACGTTAGCAATAAT,S247T,1,2
-0.3221,0.01441,ACCTACGGCAACACAC,K50D,1,1
-0.3222,0.1346,GTTATCCATTGAGAAA,P221H,1,1
-0.3222,0.01923,TTGTTTCCCTGAAATC,L244Q,1,2
-0.3223,0.008422,CGATTAACATGAAAAT,H393T,1,1
-0.3224,0.02129,GTGCTCCTGTAATTCC,,0,0
-0.3225,0.05058,AGTCTAGTAGACACAA,V237I,1,1
-0.3225,0.01396,AAATATGAACCAACCA,,0,0
-0.3227,0.01501,TAACTGAACATAATCA,M462L,1,1
-0.3228,0.0156,CAAATGCAAAACTTCC,K238N,1,1
-0.3228,0.05795,CGATTTCAGTGTAAAA,I236T,1,1
-0.3229,0.01041,ATTTAATGATACACAT,K50V,1,1
-0.3229,0.02537,TACCCTTTAACATACC,K411E,1,1
-0.323,0.009671,CCCAACAGACCATAAT,Q44I,1,1
-0.323,0.01693,CGAATAAACCCATACC,A19W,1,1
-0.3231,0.007526,AGCACTGTTAAACGAC,,0,0
-0.3231,0.01451,GTAACTTAAAATACCT,T318L,1,1
-0.3232,0.002866,AACCTGTGACAACTAC,,0,0
-0.3232,0.005354,TTAAATCTAACGCTGC,N45F,1,1
-0.3233,0.008658,AATAATTACCAATGTT,K238I,1,1
-0.3233,0.007399,AAATCGCCAAATTCAT,P4H,1,1
-0.3233,0.02262,AACACGCACAACTTTC,I48M,1,1
-0.3233,0.04071,CCCCGGTCCTCGAAAA,L59Y,1,1
-0.3233,0.04071,GGGATGGGAAACTCAC,,0,0
-0.3233,0.06785,TAAAACCTACACATCA,,0,0
-0.3233,0.02908,TATAAATAAACGTAAC,,0,0
-0.3234,0.01235,CGTAAACACACAAACA,,0,0
-0.3234,0.01405,CACCCCGCTGACGAAA,V204I,1,1
-0.3237,0.01512,AACACTAACGCAAAAT,,0,0
-0.3238,0.02552,CTAGAAGACTTAGCTA,N38T S137I,2,2
-0.3238,0.007426,CGAAATCACTTTGTGT,I374S,1,1
-0.3238,0.01776,ATAACCATACACCTCT,,0,0
-0.3239,0.01572,ACGGGCTTAGAAAGAG,S287G,1,1
-0.3239,0.03406,ATAACCTCGGGATTTT,,0,0
-0.3241,0.01462,AATAAACTGAGACTAA,N216S L314M,2,3
-0.3241,0.02274,GACAATTAAGCATAAT,,0,0
-0.3242,0.0512,TACTACCTAACACACA,S279G,1,1
-0.3243,0.03726,ACTATAAATACCTAGC,,0,0
-0.3246,0.01643,ACTAAGAAACCCAGAG,,0,0
-0.3246,0.01643,AGAAAAGCACTACAGA,S265R,1,1
-0.3246,0.02162,AAAACCATAGAGAAAT,,0,0
-0.3247,0.04111,CATCGGCGACTTTCAT,,0,0
-0.3247,0.04111,TTGGACCATCCAGAAG,Q371S,1,1
-0.3247,0.04111,TTGTAGCCTTTAAACA,I274Y,1,1
-0.3247,0.004569,CTCTCTTTTACATCAG,N133M,1,1
-0.3248,0.01959,CAAAAACTAAATTATA,K82H,1,1
-0.3248,0.05877,TTTTCGATGACAAGCG,K276Q,1,1
-0.3249,0.02287,GTTCCAGTGGCGCAAC,K326A,1,1
-0.3249,0.01113,TATTCCTCGTAATAAA,,0,0
-0.325,0.02745,TACTTCCGCAACAGAA,Y161E,1,1
-0.325,0.02745,TGCAATTTAAAGAAAC,,0,0
-0.325,0.01791,ATCACTATTGATTTAT,V490D A495S,2,2
-0.3251,0.02061,AACATCTTTTTAAAAC,S266W,1,1
-0.3253,0.04586,ACTGTACATAAAAAAA,P4Q,1,1
-0.3253,0.04586,ATGTGATATATATGAA,H56C,1,1
-0.3253,0.02949,TCTTATGCTCACAGTT,,0,0
-0.3253,0.02949,TTCTTGCATAAGAAAC,,0,0
-0.3253,0.02174,TTGGTATGCGAATTTT,,0,0
-0.3254,0.01424,AAAGACATAGACCACT,I502M,1,1
-0.3255,0.01333,CATGACCAATCAAAAT,G263Q,1,1
-0.3256,0.003232,TAACTCGTTCAGTAAA,Q44M S54I,2,2
-0.3256,0.01477,AACCCCTCAAAGCCCC,R405W,1,1
-0.3256,0.004811,CCAATAGATAATTTAA,,0,0
-0.3256,0.003259,CTTAGCCTAAATAATA,D7C,1,2
-0.3256,0.007957,GTGCTGCATATAAAGA,,0,0
-0.3257,0.06898,CGATGGCCATTGTTAG,K238H,1,1
-0.3257,0.06898,TCACCTATAACAAATA,L428M,1,1
-0.3257,0.01656,AAAGCTTATAAATTAA,K453D,1,1
-0.3259,0.007972,AATGAGAGCGTTAAAC,Y302I,1,1
-0.326,0.009878,AGTTTTACATCAAATT,N497R,1,1
-0.3262,0.009661,ATACAAATCAACCTAC,R229F,1,1
-0.3262,0.003921,ACAGGGTAATCACCTT,,0,0
-0.3263,0.0063,ACGTATTTTGAACGAA,,0,0
-0.3264,0.005474,TTTGCCTCAGCCTGAC,L66M,1,1
-0.3264,0.01342,AGGTCCTAATCAAATT,,0,0
-0.3265,0.01125,ACATAGGTGCAGTATA,D487H,1,1
-0.3266,0.0085,TCTCCGCTGATCTTTG,,0,0
-0.3266,0.01602,AATTCGTCAACGTCGT,R150T,1,1
-0.3266,0.005208,ACATTAATAAGGAACG,S114V,1,2
-0.3269,0.02455,AATTAATTTTCCAAAC,R220F,1,1
-0.3269,0.01265,ACTGTCAAATTAAATA,P55W,1,1
-0.3269,0.04637,CGATTCCAGAAGATCC,Q356E,1,1
-0.3269,0.02455,TATGATTGATTACCCA,K326N,1,1
-0.3269,0.02782,TTCTTGGTATCACCAA,V323F,1,1
-0.3271,0.01161,ATTGCAAAATCTCACA,Q75L,1,2
-0.3271,0.004061,CACAACAACTTTCTAA,S199C,1,1
-0.3273,0.01269,CGAATTATGTATAAGA,T187S,1,1
-0.3273,0.02617,AAAAAAGTCAATAGTA,Q1K R229W,2,2
-0.3273,0.009103,AACGAATTACCTTCGT,,0,0
-0.3274,0.01444,ATTCTCTAGCTATGAA,,0,0
-0.3274,0.02992,TGTTCAAATACCAACG,,0,0
-0.3275,0.01822,TGATATATAAGTGAAA,Q211V,1,1
-0.3275,0.01233,AAACATGATATAAATC,Q211E,1,1
-0.3276,0.01023,TTGTACAAGTTGTACA,H184N,1,1
-0.3276,0.003746,CCAAATTTCATCCCCA,K189C P324R,2,2
-0.3279,0.006568,TCAAACGGTCCTTACT,,0,0
-0.3281,0.006377,TACCAACTCGATCCAC,K276D,1,2
-0.3281,0.01831,TAAAAAAATAAGTTAA,T203K,1,1
-0.3282,0.02633,GTAAATTAGCCCTCCA,A425I,1,2
-0.3283,0.01621,CCACATAACTGGGAAG,,0,0
-0.3284,0.0222,TTAAGAATCTTTTACA,I418W,1,1
-0.3284,0.03013,ATAAACATCTTAATTA,G129F,1,1
-0.3284,0.03013,TGGAATGTTTTAACAT,P289Q,1,1
-0.3284,0.005411,AAGAATGTAGCTTATC,G263Y,1,1
-0.3285,0.04689,AATTGCCAATAAGTTA,E390K G479D,2,2
-0.3285,0.04689,TGTTGAATTGTATGTG,T117G,1,1
-0.3287,0.1057,TCTAAAGCATAAACAT,A196T,1,1
-0.3287,0.01509,TCGACAGGATGCAACA,G49C,1,1
-0.3288,0.01244,ATATCAATTATAGTTT,,0,0
-0.3288,0.009401,TATCCAAAGTAGACAA,S480T,1,1
-0.3289,0.01459,ACTTCCCAGCAGGACT,I300V,1,1
-0.329,0.003185,TACTAAGCATTAAACA,I48Q,1,1
-0.3291,0.04237,AACAACCCCTACCTTG,T485K,1,1
-0.3291,0.04237,AGCACAGGAAACAAAA,,0,0
-0.3291,0.005365,ATACACCAACTACCAT,T128N,1,1
-0.3291,0.03261,AATCAGACAAGACTTA,,0,0
-0.3291,0.03261,CCAAAATGAGAATCTA,L367H,1,1
-0.3291,0.006235,ACAAAACCCAAAAACC,,0,1
-0.3292,0.003263,GACATGGCTTCCCAAT,S231F,1,1
-0.3292,0.006733,TCAGGGAGCCCCGCTA,,0,0
-0.3292,0.01061,TCTGAAACATCACAGA,K397S,1,1
-0.3293,0.009224,TCTAGGTATACACAAA,,0,0
-0.3293,0.00816,TAAACATTAGAACTTT,,0,0
-0.3293,0.004004,TAGCGCGAAACCTAAG,Q57L I288T,2,2
-0.3294,0.007868,AACTCGATACAATCAA,,0,1
-0.3295,0.02499,CACCAGGAAACGTCAG,E325F,1,1
-0.3295,0.01288,CCGCCAACGTCTCCCT,F174V,1,1
-0.3296,0.002106,GGCGCATAATTCATCA,N122I,1,1
-0.3296,0.05317,TAGCAGAGATTACTAA,,0,1
-0.3297,0.007467,ATCTCTCGCACGAACC,T10Q,1,1
-0.3298,0.02839,GTACTATTATAGACCC,H184M,1,1
-0.3299,0.003771,ACCACGACTTAAAAAT,L420M,1,1
-0.3301,0.007759,CAGAACTGCGAATTAA,N53W,1,2
-0.3301,0.007759,TCATATTTTAGAAAAA,A373T,1,1
-0.3302,0.002348,TTAAGCTGACCAATAA,N298A,1,1
-0.3302,0.0178,AAGCATCCGATAACAG,,0,0
-0.3304,0.007773,ATGAAATCCTTGCACT,V223W,1,1
-0.3304,0.0023,AAGGCTTAGACTCTCC,S124R,1,1
-0.3304,0.005414,TGTGAAACTAAGTCCC,S209H,1,1
-0.3305,0.01044,AATAGAAATACTGCTC,N475D,1,1
-0.3306,0.07135,ATACCCCAAAACGACT,K121W,1,1
-0.3306,0.07135,TACTGATGCGTTAAGA,N126T,1,1
-0.3306,0.04281,TTCTTAGCGTTAATAA,R222G,1,1
-0.3306,0.03058,AATTCAATTAAGTAAA,N159M,1,1
-0.3306,0.03058,AATTTACTATTTCTAA,N6W,1,1
-0.3307,0.01587,CAACATGTTACAGTGA,,0,0
-0.3308,0.01072,GAAACAGTCTAACGCA,K259C,1,1
-0.3308,0.02859,AGAATGAATCCGTCTA,,0,0
-0.331,0.02684,GCGATGAATGCCTAAG,,0,0
-0.3311,0.06138,CAAATACCCGACGCAG,R405W,1,1
-0.3312,0.01653,CCTAGCCTGTTCCTCA,R208D,1,1
-0.3312,0.03583,AACATAATTTTTAAGG,S219G K472S,2,2
-0.3312,0.03583,CTATTAGACATCGAAA,,0,0
-0.3312,0.0253,ACCAACATCATAAAAA,,0,0
-0.3312,0.0253,TGAAAACAGATAAAGA,K2V,1,1
-0.3312,0.007681,GATACACAGCTAACAG,V166L,1,1
-0.3314,0.03313,ACAGTATATGAAGAGA,E83G,1,1
-0.3314,0.03313,ATAGAAGGTAGCCATA,N53S,1,1
-0.3315,0.008616,TAGCCATTAACTAATT,R482W,1,1
-0.3316,0.02269,TAAATCTCCTAAAACA,S378G,1,1
-0.3316,0.02269,TTATGCCAACCGTGAG,,0,0
-0.3317,0.0308,AAACTATTGACTACTA,S110Y,1,1
-0.3318,0.008634,TACCCTGCCTCTTCCA,,0,0
-0.3318,0.002823,GGACCAAAGCATCTTA,S480A,1,1
-0.3321,0.02545,ATTTTAGTGCTAAAAT,S279C,1,1
-0.3323,0.01057,AACGCGAATCATCCGA,I267F,1,1
-0.3324,0.02281,CGCCCAGCTACTTACT,G200V,1,1
-0.3325,0.03614,AGGCGACAGTATTTTA,,0,0
-0.3325,0.1084,GTATAAGTAAATCACA,,0,0
-0.3325,0.002598,ACGAGGAGATTAATAA,F174I,1,2
-0.3326,0.004521,TTTACTCACGTTGCCA,P55H R220T,2,2
-0.3326,0.005359,TAGTATGAATTGATTG,,0,1
-0.3326,0.002876,CTGAATCGAACACACA,,0,0
-0.3327,0.01974,CATAATATAGCACATA,K276C,1,1
-0.3327,0.004573,CTTGAATATTATCCAC,,0,0
-0.3327,0.0106,AGTCAATATTATAGAT,,0,0
-0.3329,0.08696,ATGATAACAAATATCA,E414R,1,1
-0.3329,0.005578,GACGTACCCAAAAAGA,N81M,1,1
-0.333,0.01612,CCGAGCGTAATCACCA,A317C,1,2
-0.333,0.01145,CATGGTTCGTTGACAG,N165V,1,1
-0.3331,0.01555,CATTTCTCAATCTCAG,E83H,1,1
-0.3332,0.007922,ACATATAAGTATTCAC,S115I G404E,2,3
-0.3332,0.002191,AAAAATTTGATCACAG,,0,0
-0.3333,0.004846,GACGGAAATAACAGAA,,0,0
-0.3335,0.006149,CATATCACGAGATATA,G404F,1,1
-0.3335,0.05457,AAAATCCGTACCCTCA,R299M,1,1
-0.3335,0.01819,ATAAGCATTTTTCCAA,R201C,1,1
-0.3336,0.04854,CCCATCCAAAAAGCAC,,0,0
-0.3336,0.01507,GGACATTCTATGATAC,R482L,1,1
-0.3337,0.0141,GGACCTGTTATAGAGT,K417E,1,1
-0.3338,0.005209,AAGTACCCGACACAAT,,0,0
-0.3338,0.03646,CATCACAGAGAATGCT,,0,0
-0.3338,0.03646,TAAGACCCAAGATAAA,,0,0
-0.3339,0.006345,AACTATGTTATGTATT,K121R,1,1
-0.3339,0.03127,ATTATCCTTCATAGAA,R482T,1,1
-0.3339,0.009952,CATACCGCAACGAGCC,R354W,1,1
-0.3339,0.009952,TAGTGGATAATTCGGT,,0,0
-0.3339,0.009731,AATGGGTCTGCTCCCA,,0,0
-0.334,0.02434,AGAAGCAATAATGAAT,,0,0
-0.3341,0.01906,TGATTTAATACCAAAC,,0,0
-0.3341,0.01827,TAATATTTCTAACTTT,V490M,1,1
-0.3341,0.01827,TCAATCAAACTTATAA,N285D,1,1
-0.3342,0.01624,TATTTTGTATTATATA,G379M,1,1
-0.3342,0.01462,TCAAAAAACTGAAGAG,T416E,1,3
-0.3342,0.01219,CAGCGAAGTGCCTATG,L431M,1,1
-0.3344,0.003661,TTAAATGCAATCATAT,Q210Y,1,1
-0.3346,0.005363,CTATAAGTCATAAGCA,N475A,1,1
-0.3346,0.002316,AAATCGGTTTCGTTGA,,0,0
-0.3346,0.009564,ATCATAAATTGCTGCA,N216E,1,1
-0.3347,0.011,TTAGGTGGTTCAGTTA,,0,0
-0.3347,0.0142,TTACTAGTTCTCGCAA,,0,0
-0.3348,0.01761,CGGCACACAAACACCA,,0,0
-0.3348,0.01835,CATACCGAATAAAAGC,,0,0
-0.3348,0.006117,TGGATAAGAGTTGCTT,,0,1
-0.3349,0.02098,TGAAGAATCCTTCCAG,K397M,1,1
-0.335,0.03151,ACATCGTGTTATAGTT,S265W,1,2
-0.335,0.03151,AGAAAATCGAAAAGCA,P103V,1,1
-0.335,0.0105,GAAACGGGCCAACATA,I245V,1,1
-0.3351,0.03394,AAATCTTGAGTGACAC,,0,1
-0.3351,0.03678,GACTCATGTTTACATA,G404R,1,1
-0.3352,0.002629,CCAGACACGTAGACAC,T65G,1,1
-0.3352,0.04014,GTGATTTTACCGTACT,G49Q,1,1
-0.3352,0.002134,ACATTATCGCAAGCCA,S115Q,1,1
-0.3352,0.0138,CTATAGAAAGTAACAA,H18W,1,1
-0.3352,0.0138,GAAGGATTTACGGTCT,,0,1
-0.3354,0.04911,CTACTACTAAACGATT,,0,0
-0.3354,0.003402,TCCTACGAGGAGTTCT,,0,0
-0.3354,0.017,TCTTAAATCCATTGCA,,0,0
-0.3354,0.01769,GAACGCAGTCTCCCAT,P4H,1,1
-0.3355,0.01843,CAAATCAAATGTTGAT,K450L,1,1
-0.3355,0.01165,GAATTTTTCCGTCTAA,T370S,1,1
-0.3356,0.02012,CATTGTGGCATCAATT,L244N,1,1
-0.3356,0.06325,GTGGAATATAACAAAA,S124A,1,1
-0.3357,0.006154,AACCGATGTTATCGAT,D271L,1,2
-0.3358,0.07389,TAATCATCAAAAGAAA,P103L,1,1
-0.3358,0.07389,TTCGAAATGAACAAGA,,0,0
-0.3359,0.004573,CTGAAAAAGTGACCCA,,0,0
-0.3361,0.00251,TCAAGAAACCCTCCCA,N475I,1,1
-0.3362,0.01851,CCGACTGGCGCGTTTC,D77I,1,1
-0.3362,0.008547,CAATTCAGTACCTAAG,,0,0
-0.3362,0.03175,TGGCTGCCACTAAACC,,0,0
-0.3362,0.01389,CATAACAATACACACC,Q197D,1,1
-0.3363,0.006845,AGCACGAAACTTACAA,G142L,1,1
-0.3363,0.03422,CAACGACTTAAAGACA,N497A,1,1
-0.3364,0.007945,GACAGCGGCGTAAATA,,0,0
-0.3365,0.03711,CATGCTATCTAAAAGA,S115H,1,1
-0.3365,0.1113,GATAACTTTATATCCA,S480N,1,1
-0.3366,0.007819,CACGATACGTTGAAAG,R33L,1,1
-0.3367,0.04053,AGGCTACTTTTCAAGT,E403V,1,1
-0.3367,0.04053,AGTGTGAAGCATTTAA,P55E,1,2
-0.3367,0.003569,GGACTCTGCACATAAT,P55W,1,1
-0.3368,0.0186,CAAAACAATTGATGCG,Q376V,1,2
-0.3369,0.04465,TATATATAAAGTTATG,R224A,1,1
-0.337,0.01241,TACCAGGTTCAAATTA,,0,0
-0.337,0.01541,TTCTTCATCTAAAAAA,,0,0
-0.337,0.009309,GGTATCAAAGCTGATC,,0,0
-0.337,0.002645,AGCACGCACTGAGCGT,N53E K310C,2,2
-0.3371,0.001713,CTTCACACTCTCTCAG,V323K,1,1
-0.3372,0.005965,ACCACATAATCTTACT,G404C,1,1
-0.3372,0.1491,TTATGATAGCGAACCA,K310N,1,1
-0.3372,0.007991,ATCCAGACAAGATATA,T328L,1,1
-0.3373,0.002697,GAACCGACCCCGAATT,K452S,1,1
-0.3373,0.007338,CAGAATACAAAGCTGT,I3G,1,1
-0.3373,0.02239,GAGAATGTACGGAAGT,G404L,1,1
-0.3374,0.00933,ATGCACTATCTAAAGG,,0,0
-0.3375,0.01121,ACACAGACACCATTGA,G379N,1,1
-0.3375,0.01121,ATCGATGTACACACAA,R208D,1,1
-0.3376,0.008155,GATACAGGGAGACAAT,Q356M,1,1
-0.3378,0.02042,CTGCCATCCAAACAGA,G275E,1,1
-0.3379,0.03744,CAAAACATTACTTATA,I331M,1,1
-0.3379,0.03744,TAACACGATAATAAAC,,0,0
-0.338,0.06423,ATCATGCGGTCAAGTA,G78N,1,1
-0.3382,0.01876,ATGCTAAAATACTTTT,S265F,1,1
-0.3384,0.02372,TTTATTACTAAACTAC,K397M,1,2
-0.3386,0.02052,AGTATGTAGCGTTTGA,A113S,1,1
-0.3386,0.006545,ACTAAGTGATTTCCCT,T301F,1,3
-0.3388,0.01256,CCTATTTCTCAGATAA,,0,0
-0.3389,0.008376,CTCTGACTTTTAATAC,D85Q,1,2
-0.3389,0.002407,GAAGAGATTTTAAGAG,G479A,1,1
-0.339,0.02263,ACATATTCTACTGAAA,Q363C,1,1
-0.339,0.005804,AAGAACCACATTGACA,P289I,1,1
-0.3392,0.0151,AAGGTTCTTAAACAAC,K238R,1,1
-0.3393,0.0126,TGAGAGGTATCTCAGA,,0,0
-0.3394,0.005466,CTACACTTTCATGGAC,G200A,1,1
-0.3394,0.02062,ATATAAAGTGTAGTTT,,0,0
-0.3395,0.007827,ATCCACCTTTATTATA,,0,0
-0.3395,0.01621,ACCGTCCACACCTATA,,0,0
-0.3395,0.007096,ACGCGTTTTCGAACCC,T65C,1,1
-0.3395,0.006779,ACTATAACATTCCAGA,K140N,1,1
-0.3396,0.008574,ACATGCCGAACATGAC,S209Q,1,1
-0.3397,0.004248,TTTCCGTATAAACCAC,,0,0
-0.3398,0.03249,TTTGCCACAGATGACC,D375C,1,1
-0.3398,0.02676,GACTCAAACTCTATCT,G78M,1,1
-0.3399,0.01979,AACCTACTTTCTTACC,,0,0
-0.3399,0.01301,CCAAATTTACATCGCT,,0,0
-0.3401,0.003303,TATAATGGTCGAAACG,N45C,1,1
-0.3401,0.0008691,TGGAAGCGGCTGAGCT,,0,0
-0.3402,0.024,AAGATCAGTAAATCCA,P21L,1,1
-0.3402,0.024,TTATTGAACGAACCGA,K368P,1,1
-0.3402,0.0285,AATGCACAAAATATGT,,0,0
-0.3402,0.005013,CTACACACCCAACACA,N122W N475K,2,2
-0.3403,0.008148,TAAAAACAGTTGATGT,S198A,1,1
-0.3404,0.01202,GCAACGGAAGCAAACC,D104E G404T,2,2
-0.3405,0.005572,ATTTTTACGTTATCCT,A476E,1,1
-0.3405,0.006261,CCTATCACGCCTTTGA,K238R,1,1
-0.3407,0.002692,TCAACCTTAAGCTTCA,G504N,1,1
-0.3408,0.01116,ATGGACTTGAAGTACC,P239S,1,1
-0.3409,0.005949,TACTTTTAAAAAAGAT,Q44M,1,1
-0.341,0.05092,ATAGCGGACGATCTTA,N63K,1,1
-0.3412,0.005044,AGGAGTCGCTCCCATG,V297C,1,1
-0.3412,0.006039,CCAGATTAATTGACCT,Q75M,1,1
-0.3413,0.0287,AAACATAGATATGTAA,G479D,1,2
-0.3413,0.04175,ATAAGGAATCGCGAAG,Y233M,1,1
-0.3415,0.02554,CGAAATTTCATATAAG,I160N,1,1
-0.3415,0.07661,CTTTTATACAAGAATT,K140F,1,1
-0.3415,0.004999,ATGTTTAAATATATCC,,0,0
-0.3417,0.0307,CAAAAATTGTTCTAAA,L244Q,1,1
-0.3418,0.05759,AGATTATTATCCTCAA,A212V,1,1
-0.3418,0.05759,AGTCCAACTGACGAAT,K189M,1,1
-0.3419,0.02711,AAACTTGACTAGAGAT,T40Y,1,1
-0.3419,0.02711,GAAACCTTTGATTGTT,W234F,1,1
-0.3419,0.01048,AGAACTCAAATTGTAT,S231R,1,2
-0.3421,0.01126,CATGGTCGATTATAAT,D415S,1,1
-0.3422,0.03849,CACCTACAAATAAGTC,K411I,1,1
-0.3422,0.009059,ATATCAGCTAGATTAA,,0,1
-0.3422,0.003254,TAACAAAAAGTCTGAC,I160E,1,1
-0.3424,0.01491,ACACAAAAACATTTTA,T128M,1,1
-0.3424,0.01401,TCCAAATACAAACGGA,D271E,1,1
-0.3424,0.006337,GAACATCTACAACATA,N498K,1,1
-0.3425,0.02313,CATCCAATCTTACACG,K140I,1,1
-0.3426,0.001972,TTAAAGACACCAATTC,,0,0
-0.3429,0.06628,AAATCCGTTTATTTAT,,0,0
-0.3429,0.02729,ACACCCCGAACTATTT,I34F,1,1
-0.3429,0.03569,ACATAGCGCGACACCC,,0,0
-0.3429,0.06628,AGAAACATAATAAAAT,,0,0
-0.3429,0.06628,TAATGCATAGACCCGC,K397H,1,1
-0.3429,0.1547,TTATAAAATTAATAAA,,0,0
-0.3429,0.01326,TTTTTAAGTCTTCTAT,N45Q,1,1
-0.3431,0.007037,TCTTTCTAACGAATTA,D104E,1,1
-0.3432,0.01223,TAAAAATGGCTAAGGT,,0,0
-0.3432,0.006366,ATAAGACTCTATCACT,N165F,1,2
-0.3433,0.01938,CCAATCGTGTCTACAC,Q211C,1,1
-0.3433,0.01082,CATAATAATTTTTACC,Q1M,1,1
-0.3434,0.004474,TTACAATACATGTCAT,,0,0
-0.3434,0.02586,GACATTACCCGAAGTC,S358L G479Y,2,2
-0.3436,0.008471,CTGTCAATAATGGAAA,,0,0
-0.3436,0.009138,ACGAATAACTATGTCA,L157F,1,1
-0.3437,0.005125,CCGTACTCAACCTTCA,K368Y,1,1
-0.3438,0.02221,TGACCACTGGCAGACT,G49D S231K,2,2
-0.3441,0.0584,TAACAATACTTAATAC,E119R,1,1
-0.3441,0.0123,GCATCAACGCTGAATA,,0,0
-0.3441,0.03116,ACCTCAACTCCTAAAG,T12K,1,2
-0.3442,0.008205,TTGACGATCACATACG,,0,0
-0.3443,0.01376,ACACACCATTCGTGTT,S124G,1,1
-0.3443,0.01376,CCGATATAACCTGAAT,S156N I202V,2,2
-0.3443,0.012,AATTCCGTAGTTATGA,E172K Q173W,2,2
-0.3443,0.036,CACAAACTTTAAACCC,N94D,1,2
-0.3443,0.036,CTTCATACATACCCAA,S262R,1,1
-0.3443,0.036,TAGATTCTACAATCAA,N216I,1,1
-0.3444,0.01064,GGGTTCACTACACAGC,R220K,1,1
-0.3444,0.003659,CTTTAGCTTTAGCTTA,,0,0
-0.3445,0.01171,CAGTCACCACAAATTG,R383N T485N,2,2
-0.3446,0.005718,ATATGGTGCAGATAAT,I3S,1,1
-0.3446,0.02931,AATTTTCAACATCCAA,P169F,1,1
-0.3447,0.005456,CGAGTATCCTCGAGCG,,0,0
-0.3448,0.004696,ATTCTAATATCATGAC,,0,0
-0.345,0.005595,CCATTACTGAATAAAC,R383E,1,1
-0.3451,0.02766,AAATTTGAACAACGAC,K121A,1,1
-0.3451,0.01022,TAACAAGTTGTAAACT,,0,0
-0.3451,0.01881,GCCTAAACACAACCAA,,0,0
-0.3452,0.03921,ATCACACTACTCCCTG,I67M,1,2
-0.3453,0.02047,ATCCGCCACCGACCAC,Q44I,1,1
-0.3453,0.006825,CCATACGCAGAATTAT,,0,0
-0.3453,0.0314,ACCCTAGGTTGTTACC,N475L,1,2
-0.3454,0.01812,GTAAGCTCTATAGTGG,S231W,1,1
-0.3455,0.005895,TCAATATAGAAACCAT,S124P,1,1
-0.3457,0.0143,GAAAATCGGAATATAT,S198N,1,1
-0.3458,0.02147,CTAAATAAACTGATGT,,0,0
-0.3458,0.02147,TACGGAGTATTATCCT,N45F,1,2
-0.3461,0.01478,ATCCATACTATCTTCA,N133L,1,1
-0.3462,0.03382,CACTTGAATCATACTG,L316M,1,1
-0.3462,0.03382,TGAGTCTAAACTCTGA,Q211R,1,2
-0.3462,0.04305,AAGCCGTGACTCTCAC,,0,1
-0.3464,0.05924,AAGAACAATAAGTCAC,S110H,1,1
-0.3464,0.05924,TTAATAATGATAATTC,N389G,1,1
-0.3464,0.01281,ATAAAAGCTGATGTAC,L59F,1,1
-0.3465,0.004475,TACTTCTCTCTCTAAC,Q311W,1,1
-0.3467,0.003299,CCGACTCACTGAGAAC,A69C,1,1
-0.347,0.01252,ACAATAACATCAAGTA,I242M,1,1
-0.3471,0.004536,TGCTAACTTAGACAAG,,0,0
-0.3471,0.005066,AAAATTTAAACTCGAA,,0,0
-0.3472,0.005672,TAAAACACCTCCTAAA,Q501I,1,1
-0.3472,0.01108,ATTACAGGAGCCTAAA,,0,0
-0.3472,0.02803,ATCTTCGGAAATTAAA,K397M,1,1
-0.3474,0.00302,AACCTTTTAAAAATCC,H18F,1,1
-0.3475,0.007341,ATTTATGCCAGATCTG,L244F,1,1
-0.3475,0.01591,ACTTGAAACATACCTA,I300M,1,1
-0.3477,0.0177,TTACGTTTCATCTGAT,,0,0
-0.348,0.04351,CCAATTTACCAATCCA,,0,0
-0.3481,0.01916,ATTAATCGTGACCCCA,,0,0
-0.3481,0.02994,ACTTCTACCGTAAACT,,0,0
-0.3482,0.06847,ATTGATCTGCAATACT,S9R G142I R201Q,3,3
-0.3482,0.06847,GAATGGTAAAGGTATT,K452A,1,1
-0.3483,0.03997,AGAAAAAGACATCTAC,S114D,1,1
-0.3484,0.015,AAGTGACTACATATCA,E401I,1,1
-0.3485,0.01117,AATCACGCAAATCCAA,,0,1
-0.3486,0.02088,ACGAGACTTCATAGCT,,0,0
-0.3486,0.01092,CATAAAAGTCACATGT,S143R,1,1
-0.3487,0.009429,CTCCAGCATCTAGATC,,0,0
-0.3487,0.01374,GAGGCCTAAACAACGA,D493C,1,1
-0.3489,0.01301,GCGGCCAACAAGAGAG,Q210E,1,1
-0.349,0.01095,ATATCACATGCTCTAG,Q80P,1,1
-0.3491,0.005604,CTTCTAAAACCTCTTT,K368M,1,1
-0.3492,0.01205,ATTTATCCTCTAAGAG,L59A I245E,2,2
-0.3493,0.002513,AACGGGAGTTAATCCT,P21L,1,1
-0.3494,0.01341,TCTGTTGATAATTGGA,S262Q,1,1
-0.3496,0.01934,TCAAGAAATATTTCCT,A196H N475L,2,2
-0.3498,0.02547,GAACTCCTTAAAACGC,T328R,1,1
-0.3501,0.008813,AAAAACAAACAAAATG,R208I,1,1
-0.3501,0.03729,TGAGCCGGTGTCTTCA,,0,0
-0.3501,0.02204,AGTTATACAAGTTTAA,I3T T12Y P239T,3,3
-0.3502,0.0211,TAGCTACAAATACGAT,,0,0
-0.3503,0.009161,AGGTGAACAAAAAGAA,,0,0
-0.3504,0.03238,ATTTTCTGATATAATA,,0,0
-0.3505,0.01869,AAAAAAATGTCTAACA,G78K,1,1
-0.3506,0.003499,TAGTTATCTGCTACTT,,0,1
-0.3506,0.01737,TATCGAATATCTCGAC,,0,0
-0.3507,0.01678,CTGTATCATCACCTTA,L367H,1,1
-0.3507,0.01678,GTGTGCGCTTCTCAGC,,0,0
-0.3507,0.08111,AGACTCTAAAATGCTA,P324R,1,1
-0.3507,0.08111,CCATATTCGTTATAAC,F467V,1,1
-0.3507,0.01622,GATTATAGGCCCCGAG,S107G,1,1
-0.3508,0.02563,AGCTAACGTACCAAAA,S115Y,1,1
-0.3509,0.02436,TGTACTTACCCTCACG,,0,0
-0.3509,0.01433,CACCCTTCCTTTAGAA,S149L,1,1
-0.351,0.06962,GCGAAGTACCATTTCC,N45T,1,1
-0.3512,0.006684,ACTACTACAATAATCC,,0,0
-0.3513,0.01744,TCTGCCCTTCTCTAAG,A93R N341C E426W,3,3
-0.3514,0.04886,ATAAGTATATGCAGTG,I374F,1,1
-0.3514,0.04886,CACCTTCTGAATATTC,R208G,1,1
-0.3514,0.009398,ACTAAATCAACAAACA,,0,0
-0.3515,0.04444,AGCGTTAATTTTAAAT,N296T,1,1
-0.3516,0.01358,CAATAGCTAATAGAGA,G200W,1,1
-0.3517,0.03496,AACAACCCTACTTAAA,R405V,1,1
-0.3518,0.02881,TAATGAGAAAGCGGAG,,0,0
-0.3518,0.02721,AGAATACACTACTATC,,0,0
-0.3518,0.02721,CAGGCCCAGAATGTTC,N63C,1,1
-0.3519,0.008596,AGTTCGACAGGATGGC,G62H,1,1
-0.3519,0.02334,TACATGTGAATAGCAT,,0,0
-0.352,0.02131,GAATATGACCTCAATT,D7N,1,1
-0.352,0.01886,GATATTTAAGGACAAA,R220F,1,1
-0.3521,0.005219,TTAACCTTAATAACTC,I48S,1,1
-0.3522,0.01141,TCAAATAACCACAAAA,,0,0
-0.3522,0.01091,CGAGACCCATGGACCA,,0,0
-0.3522,0.00744,ACTGGATGCCTAACCA,N475L,1,1
-0.3525,0.003017,ACAGATGTAGTATTTA,V182A,1,1
-0.3525,0.006739,TCGGTTATAGACTTAG,Q80K,1,1
-0.3526,0.009841,AAAAATATGAATCATG,N133F,1,1
-0.3526,0.009841,AGGTGACAGGGCACAG,P227R,1,1
-0.3527,0.01539,AAGGAATTATAATTTA,K171Q,1,1
-0.3527,0.01759,ACACAAATTGGAAGCT,S145F,1,1
-0.3528,0.02053,AGATACTATATTAATA,,0,0
-0.3528,0.007142,CACCCCGGGACAATAT,Q211K,1,1
-0.3528,0.02142,TATGCAATTGTATTCT,N94G,1,1
-0.3529,0.00368,CCCAGATCAAAAAAGA,T128H,1,1
-0.3529,0.02595,GTATTCCCTATAAACC,E457W,1,1
-0.3529,0.008965,AATAAGTAAACTCGAA,K472S,1,1
-0.353,0.02901,GATATGAAATGCCGAT,E484K,1,1
-0.3531,0.03289,CCCCCAACGGTGCTAG,N483A,1,1
-0.3531,0.03289,CTAATACAGAAATCGC,H184D,1,1
-0.3531,0.01204,AAGAAGTTCCATTGGA,G142D,1,1
-0.3533,0.008668,CTAAACCTCACTTTTA,H56K,1,1
-0.3533,0.04492,TTACTTCTTAAAATGA,N31H,1,1
-0.3534,0.01595,CCGATAGCACCTTAAG,,0,0
-0.3534,0.01595,TACAGGATGCCAGGCA,Q57R,1,1
-0.3534,0.04944,TATACAGCTCAGCCAC,R109E,1,1
-0.3535,0.00761,CGATTAACAAGTAACC,T301A A373V,2,2
-0.3535,0.00773,ACTCCAGCATATTAAC,,0,0
-0.3535,0.05497,TACCGGAGTACAAAAT,T313V,1,1
-0.3537,0.02153,GCTCCGCACATGAGCC,,0,0
-0.3537,0.003441,AATAGTCCAATAATTA,Q407S,1,1
-0.3538,0.01377,TGAGCAGTTTAAGACA,S114A,1,1
-0.3538,0.07081,AGCAGGCTATTAGATT,,0,0
-0.3539,0.005836,ATGGTATACTTTCAGG,I34V,1,1
-0.354,0.02611,AACTAGCATGAAATCG,N63L,1,1
-0.354,0.00417,TTTTAATATGATCTTC,L157D,1,1
-0.3541,0.02758,AGTACATTTACTAAGC,,0,0
-0.3543,0.0007705,ACCATAGACCAACTAT,F79S A372S,2,2
-0.3545,0.009213,CAATCTAAACCAGGGC,,0,0
-0.3545,0.009572,ATACGAATATCTAGCA,S107T,1,1
-0.3545,0.01508,ACCACCACCCTTAAGA,,0,0
-0.3546,0.00816,CAAATAATCTCCCACA,S114I,1,1
-0.3546,0.004049,ACCATGTATTCAAAAA,G504L,1,1
-0.3549,0.01386,CGAGATAATCCAACTA,L157S,1,1
-0.3549,0.1247,AAAAAACCTTAGGGCC,R269A,1,1
-0.3549,0.1247,TAATAACTCAACTAGA,N133Y,1,1
-0.355,0.003809,CCAGAACTCCGTATTA,S46L,1,1
-0.355,0.0048,CTTTTCGTGAGTGCCT,S46V,1,1
-0.3551,0.02628,CCTATCTGCATCTCTC,G218M E449M,2,2
-0.3552,0.04541,CTGCTATATATAACAA,K503F,1,1
-0.3552,0.01249,GACACAATCTCACAAC,H393N,1,1
-0.3552,0.006664,ACAAATATAATCTATA,K140E Q501N,2,2
-0.3553,0.01562,GGCCTAGACCCTTTAG,,0,0
-0.3553,0.01282,TAATACACCGAGAACG,,0,0
-0.3553,0.003334,TACAACAAGACAACCT,S47C V490E,2,2
-0.3554,0.02084,AAATATAAAAAACATC,,0,0
-0.3554,0.007046,TAGGTAAAGAAATTAT,D291E,1,1
-0.3555,0.05003,AATTATGAACACCACA,T187S,1,1
-0.3555,0.01668,CCATAAACTTTCCACA,,0,0
-0.3555,0.05003,GCATCATACATAAATG,,0,0
-0.3555,0.05003,TAACTGCTCAACAATT,Q501F,1,1
-0.3556,0.008209,AATAAATAGTTATTAA,S199P,1,1
-0.3556,0.008209,GAGCTCATCGCTACAC,S219Q,1,2
-0.3556,0.01431,CTCTTATGGTTAATAT,Q327F,1,1
-0.3557,0.01789,GCCACTGACAAACTCT,S369G,1,1
-0.3558,0.0557,AAAGAGCCATAATGGA,,0,0
-0.3558,0.0557,TCAAAAGAGGAGAATC,K411R,1,1
-0.3558,0.01519,GATAAACAATCCCCTA,,0,0
-0.3559,0.004047,TCCAACCAATCATTCT,,0,0
-0.3561,0.009661,ATCATCTTGGACCTCC,M168Q,1,1
-0.3562,0.005347,GACACATGAACTTAAC,,0,0
-0.3562,0.02094,AAAGTGTATGCAGCCC,V20T,1,1
-0.3562,0.06283,CTACCTACGACTCCAT,S114M,1,1
-0.3563,0.0129,AACTTTATATCGACAC,L244Q,1,2
-0.3564,0.006707,CCTGCATGAAGAACGA,H184I,1,1
-0.3566,0.005038,TTAATCATAAATATAT,S279K,1,1
-0.3566,0.01229,AGTTCTGCTTCAACAC,S47R,1,1
-0.3568,0.0126,TAACACAAGAAGGCTG,,0,0
-0.3568,0.001649,AAAGATTTTGTGTCGG,K264Q,1,1
-0.357,0.00439,ATTCCTATGTCACCTA,,0,0
-0.357,0.01329,TATGCTAGCTAATAGA,,0,0
-0.357,0.01202,AAGGACTTACAATCCT,,0,0
-0.3571,0.01365,CGAACCCTCCGCACAT,K264T V490C,2,2
-0.3572,0.0158,ATCTCATCCACATAAG,,0,0
-0.3573,0.01264,CGCGATTAAGCATAAC,,0,0
-0.3576,0.01948,AAGGCTAATAAATTCT,G504H,1,1
-0.3576,0.02814,GTAAATTTATCTAAAC,,0,0
-0.3576,0.05064,TTGAAAATTAACACAA,,0,0
-0.3576,0.08441,ACCTATCCTAGAGGAG,,0,0
-0.3576,0.008733,AGTTCTCCTGAACTTA,I502V,1,1
-0.3576,0.02302,CTATAGAACCCATGAT,,0,0
-0.3577,0.00667,AACTCGAATTAGCAAG,I48A,1,1
-0.3577,0.001321,ATAATTATTTTAACAA,A364S,1,1
-0.3578,0.01153,TCAAAGACTTACAATA,K468A,1,1
-0.3578,0.01268,CATGCAACACAATTGA,S145Q L381E,2,2
-0.3578,0.01409,AATTCCAATCATACAG,K264L,1,1
-0.3579,0.02984,GAGACCCACAAACCTC,E83T,1,1
-0.3579,0.008751,TACACCGTAATCCCTA,S209G,1,1
-0.358,0.002886,ACCAATCGTAATCAAT,R261P,1,1
-0.3581,0.05646,TATCAAACCATTACGA,,0,0
-0.3581,0.05646,TTTGTGGAGAATTTGC,,0,0
-0.3582,0.005587,CTTACCATCAGCCATA,N475Y,1,1
-0.3583,0.005717,TCTTTACTTATATAGA,H56G,1,2
-0.3584,0.01957,CCCATACCACTGTAAA,L111K,1,1
-0.3584,0.02678,ATATACCTAATGGAAA,A11D,1,1
-0.3584,0.04242,CACCTGGGCGATAACC,,0,0
-0.3586,0.01592,ATAATCAATAAAGCCC,,0,0
-0.3586,0.009798,GCAATTAGATAACCAG,G504P,1,1
-0.3586,0.02038,AATATGGTTAGTTTTT,N498V,1,1
-0.3588,0.003356,GTCAAGAATGACCCAT,,0,0
-0.3588,0.02429,ATAATATTTCATAAAA,,0,0
-0.3588,0.02429,GTGTCCCAGGGTTGTT,S198M,1,1
-0.3589,0.002084,AGGTATTGAAGTAACT,I58M,1,1
-0.3589,0.06379,TAAACTGATAGGCGTT,,0,0
-0.3589,0.06379,TCCAATGTAAAATAAG,I236T,1,1
-0.359,0.01419,AAGCTTTAGAAACCCC,Q80P,1,1
-0.3591,0.006233,AGCACAATCCAAGAGC,L86I,1,1
-0.3592,0.02556,TAAACCCGTGAGTCTT,E443L,1,1
-0.3595,0.02696,AGCTAGCCTTACCAAC,N53L,1,1
-0.3595,0.008987,TTTTAAAAACTATTTA,R222F,1,2
-0.3596,0.03202,GAACCATAAAAGTTTT,F332M,1,1
-0.3596,0.0122,TACATTATTTGTTTAA,,0,1
-0.3597,0.05127,AAGGATATCTAAATAA,,0,0
-0.3597,0.05127,CCTTTTGAATCCATTC,,0,0
-0.3599,0.07331,ATATATGCTTTTTTGA,S199V,1,1
-0.36,0.01976,AAACAAGATGATAATA,,0,0
-0.3603,0.01837,AACAAATAACCAAAAA,R222P,1,1
-0.3603,0.1286,AGATATTCCAAATCAT,G379Q,1,1
-0.3603,0.007564,TACATCTTACATTGAA,N38G,1,1
-0.3603,0.04286,TATTTGGGCTGTACCC,S149A,1,1
-0.3603,0.1286,TTATTTTTTTAACCTC,K121M,1,1
-0.3603,0.01429,AAGGGGGACTATTGAA,R141I,1,1
-0.3604,0.01355,GAAATACTCATCTTAT,S47I K472V,2,2
-0.3604,0.003479,ACTCATTAGACATAAC,S47R G479Q,2,2
-0.3604,0.03028,AGACCTAGGTCCACAA,,0,0
-0.3604,0.002575,GAGCCCTTGAAAACCA,K292F,1,1
-0.3604,0.002363,CACCGTTTGACAGAAA,I48D,1,1
-0.3607,0.02714,CAATTGCAAATACAAT,K238Y,1,1
-0.3608,0.009215,TCAACAAAACCGTAAA,,0,0
-0.3609,0.03227,CCCCCCCGCGTTAAAG,F353Y,1,1
-0.3609,0.03227,GTGTAAAAAGATCACC,D188Y,1,1
-0.361,0.04695,CTATATATATATCTCT,K276S,1,2
-0.361,0.005116,TTTTATCATATCCAGT,G5D V406Q,2,2
-0.3611,0.02247,AGTTCATATTATGTAA,,0,0
-0.3611,0.005874,CTTTCATACCCGTTAA,Q363S,1,1
-0.3612,0.006629,GGTACGAAAATAACCC,L439C,1,1
-0.3612,0.003472,GTTCCAATTTCGTGCA,P273W,1,1
-0.3612,0.009236,GATTTAAAAAGACCAA,F294W,1,1
-0.3612,0.02069,CATCACAACGTGACTC,T128M,1,1
-0.3613,0.01617,CTGAAATAACCTCAAA,S279E,1,1
-0.3613,0.0398,AAACGGCTGTTACCCG,Y105K,1,1
-0.3614,0.02588,AAGATAGCCACGTAAA,Q1P,1,1
-0.3614,0.01263,GTAAATTCACCGTCAC,F87W A425C,2,2
-0.3615,0.03454,TAAATACATCTTTATC,R482T,1,1
-0.3616,0.005573,ATTCTTATACTCGCTT,,0,0
-0.3616,0.0216,CTCCAATGCCTATTAC,,0,0
-0.3616,0.06479,GTAACAATAAGTCATA,D77W,1,1
-0.3617,0.01235,GCATAGTATGAATTAA,,0,0
-0.3617,0.01235,GGGCGATATTCCCTAA,,0,0
-0.3617,0.01995,TATATAAATAAAACTA,Q1D,1,1
-0.3618,0.003072,TCTACTATATTCGCTC,Q210F,1,1
-0.3619,0.02731,AAAATAAAAATCGCCA,S96D,1,1
-0.3619,0.05191,GCAAACGCTTATCAAC,Q311T,1,2
-0.3619,0.05191,GTAAGAAAATCCACTA,Y105N,1,1
-0.3619,0.005644,CTCCCCCATCCGACAG,N489E,1,2
-0.362,0.009986,ATGCAACGTACCTCGC,,0,0
-0.362,0.02473,AATACAAAATCACTTG,N81K,1,1
-0.362,0.02473,AATGTCCCGTAAATCC,P169H,1,1
-0.362,0.01208,TGTTTGCGAACAAATA,,0,0
-0.3621,0.01444,ATAAGTTGATCGCCAA,,0,0
-0.3621,0.04331,TACATTCATTCAAATT,S144P,1,1
-0.3622,0.00486,GTTGAAAGTAGGACCA,A106V E344D,2,2
-0.3622,0.03715,TAAAGCCATTAAGATA,K315I,1,1
-0.3622,0.03715,TCGCACCTTCGAGCAA,Q132Y,1,1
-0.3623,0.002253,TTCGAATTACCCGGCA,D104G,1,2
-0.3623,0.00354,TTCAATTAAAATTAAA,Q173S,1,1
-0.3623,0.004231,CGCCACGTAGCAAAAC,S231E,1,1
-0.3625,0.0127,GCTGCTTTCAGGATTT,,0,0
-0.3625,0.01211,TTAAAAATTCCGGTCT,Q44A K259E,2,2
-0.3625,0.002659,CGGAAACTACTCGGAT,G479N,1,1
-0.3625,0.007893,TGATATCTTGAAAAAC,G386E,1,1
-0.3627,0.005668,CGAGAAGAATAATCGT,,0,1
-0.3628,0.01304,TCAACCCCCATATATC,G240M,1,1
-0.3629,0.005328,ACTTATCCTCTAAGGT,E484K,1,1
-0.363,0.01583,ATAACTGTCTTCCATC,G129A,1,1
-0.363,0.007572,GATCACATGAAAAATA,,0,0
-0.363,0.03073,GATGACACACTGCCGA,Q407N,1,1
-0.363,0.07463,ACCGTGGATAATAACT,S400V,1,1
-0.363,0.0209,ACGAGAAGCGATAAAG,N126M,1,1
-0.363,0.01493,AGACTGACAGATAAAC,,0,0
-0.363,0.07463,ATCTCCGTGTCGTTTA,L428T,1,1
-0.363,0.05804,GACACCAACTAACATA,Q363D,1,1
-0.363,0.01801,TTACAGTCATACTCAA,K468M K472N,2,2
-0.3631,0.001072,AAGCACACATCAAGAG,S265R,1,1
-0.3634,0.01745,TATAATGCATCTGACC,L243I,1,1
-0.3635,0.02182,ACATCGACATATACAA,K450C,1,1
-0.3635,0.003359,CGACGAATCATTCGCC,D271Q,1,1
-0.3636,0.02381,ATGCATTATTAGTCTG,D415N,1,1
-0.3636,0.0262,AACTATGAATATAAAA,,0,0
-0.3636,0.0262,GATAGAACAGTTTATC,G78Q K453V,2,3
-0.3636,0.0262,TGCCTAGTTACAACCT,G142A,1,1
-0.3637,0.01498,AGAGTAGTTTTCCAAG,K140L I242C,2,2
-0.3637,0.006098,CAGTTTTTTACTTTAT,R224G,1,1
-0.3637,0.01049,AGCCTTTGTTACTTGA,D415Y,1,1
-0.3637,0.03278,TCATCAACTATCAAAT,T155V,1,2
-0.3638,0.01692,AAAATATGAACGAAGT,E325C,1,1
-0.3638,0.0114,GTATGAACTGACCTAT,S110F,1,1
-0.3639,0.03748,CTTAAGCACCACAAGC,A212C,1,1
-0.3639,0.021,TACTAAATTGAACTGA,E390K,1,1
-0.364,0.04376,AAAAACCCAATAAATA,,0,0
-0.364,0.04376,GCAATATGAGATAAAG,L447M E449A,2,2
-0.3642,0.01752,GTAATCATGAGGAAGT,M168L,1,1
-0.3642,0.05257,TTCAAAGTACATGGTA,Q191W D474N,2,2
-0.3642,0.02768,AGAAAAAATAACCTAG,,0,0
-0.3643,0.01422,GCAAACATTCAATCCC,D32S,1,1
-0.3644,0.03096,CCAACTAAGTAAACAA,,0,0
-0.3644,0.03096,CCCATCGACCTAAAAC,S143E,1,1
-0.3645,0.06582,CAAATATGAAACATAG,E398T R482T,2,2
-0.3645,0.06582,CAATACCAAATAGTGC,,0,0
-0.3645,0.004745,TTAATTCCTGTAATGC,I300M,1,1
-0.3646,0.005921,AGCGCCTTTAACAGGA,,0,0
-0.3646,0.01464,CAGCCGATTTTTACAT,,0,0
-0.3646,0.01054,ACAGTGCTCTTCCTCA,,0,0
-0.3646,0.009247,TATCTGACCCTACACC,S219P,1,1
-0.3647,0.00507,ATCAGCACAGAGCGCA,,0,0
-0.3647,0.003714,GCTCACCTTTTTATCG,P21K T328W,2,2
-0.3648,0.04058,CCTCCATGATATCTTA,,0,0
-0.3648,0.002305,CCTCCGTTTTCACTCC,N498A,1,1
-0.3649,0.01427,TTCCCACTTCAACTCC,V297L,1,1
-0.3649,0.002839,AAACTATTTATAGCCG,K503N,1,1
-0.365,0.006949,AAGCACTTAAAAGCAT,A196K,1,1
-0.365,0.007656,GAATTATACATACCAA,G62C,1,1
-0.3651,0.04804,AATCTAATAAAAATTG,,0,0
-0.3651,0.01601,CATTTAACCAAAAATA,N8H,1,1
-0.3651,0.01601,TATGGCTTCTCGTACC,R208S,1,1
-0.3653,0.01706,CATCATTTAGGTCGCA,,0,0
-0.3653,0.0115,ATTGTGATATGTCATG,N126H,1,1
-0.3653,0.007451,CAGATGACCCAAAGAC,,0,0
-0.3653,0.004447,CATCACATTCTAACCT,,0,0
-0.3655,0.02786,CTTACTACGTCGGTAA,S480L,1,1
-0.3655,0.03782,CGCACTGTTAACCCCT,K2H,1,1
-0.3656,0.05887,AAAGAAAATAGCCTGA,R255H,1,1
-0.3656,0.00631,ATCCCTGTTTATCACA,Y100F D101Y,2,2
-0.3657,0.03119,TGAGTCTATTATAATA,D375H,1,1
-0.3658,0.007366,AGTGTGCATATCATCA,S219D,1,1
-0.3658,0.01294,CCACTACACACAAAAT,I288V,1,1
-0.3659,0.00931,AGAACACCAATAATTA,,0,1
-0.3659,0.004697,CCATCAGTGTTCACCA,K397N,1,1
-0.3659,0.01896,AAAATATGTTTTCAAA,L59W,1,1
-0.3659,0.02654,TACGTGACTTGCCCTT,E414A,1,1
-0.3659,0.01021,TGATACCTAATCGGAA,L431N,1,1
-0.366,0.02309,GCGCTATCAATCCATA,R33Y,1,1
-0.3662,0.008575,AACCTACAACGCATCT,K452M,1,1
-0.3662,0.01329,GTCTAGTAGAATATGC,,0,0
-0.3662,0.02954,TAAAATACAATTGATA,,0,0
-0.3663,0.002608,ATAAGCATGAGAACGA,,0,0
-0.3663,0.0035,GCAAAAAGGTGTAACA,Q210C,1,1
-0.3663,0.0152,AAAGGAACCAATAACT,S47H G504R,2,2
-0.3663,0.02533,GATGCGACATTTTAGT,,0,0
-0.3664,0.006412,TAGCAATTCGAAACAC,,0,0
-0.3664,0.008727,GTATATCTATACCTAT,D104L,1,1
-0.3665,0.05325,TCCAAACAAGATATCG,R220T,1,1
-0.3666,0.01366,AACCTCCATTAAAATT,K450G,1,1
-0.3666,0.0111,CGATCTGTACTAAGGA,,0,0
-0.3667,0.02805,GAAGCCATACTAAGCG,,0,0
-0.3667,0.02133,CATTCATATCTTGGCG,E325M,1,1
-0.3668,0.0124,AGGAATGTACCACAAA,T30L,1,2
-0.367,0.01669,CTAAAAAGAATGGCAG,,0,0
-0.3671,0.008094,ACGAAAAACATGCCTA,P169A,1,1
-0.3671,0.02671,AAGACCTCATAAGAAA,P55Q,1,1
-0.3671,0.003493,CAGGCTCCTAATCATA,,0,0
-0.3672,0.004242,CAACGGATTGATGAAG,N285S,1,1
-0.3672,0.0162,AAATTCTCATGAAAAG,N498C,1,1
-0.3672,0.0486,ACCAATGAGGGTAAAC,Q363I,1,2
-0.3674,0.01338,TTTACCAACTATATAC,,0,0
-0.3674,0.003666,AAAAATAAAACCATTA,D291N,1,1
-0.3675,0.008497,CCCCGATCGGACGAAC,,0,0
-0.3675,0.02975,CAGATATTCCGATTAG,P55F,1,1
-0.3675,0.02975,CTTGCGACTATCACAA,,0,0
-0.3676,0.01116,ACTACACTAAATAATT,H56C,1,1
-0.3678,0.01675,TAAAAAACGTCACTTC,R220S,1,1
-0.368,0.005213,TATATAAATACGCCCG,H435I,1,1
-0.3681,0.003002,CTTAAGTAGAACATAG,R482G,1,1
-0.3682,0.01033,TTACTAGGGCATGATA,,0,0
-0.3682,0.01194,CCAATAAATTACCGGA,,0,0
-0.3682,0.05972,TCTAGCTACGACAAAG,,0,0
-0.3684,0.02241,TTACAAGATCCACAAG,P239R,1,1
-0.3684,0.04139,ACTGAACAACTGACAG,E325V,1,1
-0.3684,0.01922,ACCACTACAATAATCA,K417V,1,1
-0.3686,0.02565,AGATTAATTCCAAAGG,E344I,1,1
-0.3687,0.01633,TTCTCACAGTCAAGGT,,0,0
-0.3688,0.011,TAGTAGTATACAAAGC,T328S,1,1
-0.3688,0.004992,CAGAACCACCTACTAT,,0,0
-0.3688,0.008295,CGGTCCTGGGTACGAA,,0,0
-0.3689,0.02997,AAAGATGAGTATGACA,S198Y D375N,2,2
-0.3691,0.005512,CAATATATCAGTTGCC,S279F,1,1
-0.3694,0.01462,GTATGAGAACACCAGC,S107M,1,1
-0.3695,0.02706,AAAAAGTACCACATCA,S312R,1,1
-0.3695,0.01866,TGCCCAATGCGACCAA,L367F,1,1
-0.3695,0.01424,AATCACATCTATATTT,,0,0
-0.3696,0.02166,CAACTCACTAGATAAA,,0,0
-0.3696,0.03385,TCCGTAAATAAGATTC,Q44C,1,2
-0.3697,0.01231,AACACTTAAGATCAAG,L428M,1,1
-0.3697,0.02581,ACTTCTACAAATACAA,,0,0
-0.3697,0.07741,ATATTTCCAAACAATA,S46G,1,1
-0.3698,0.004338,TATGCGCAAAATAGCT,N165Q,1,1
-0.3698,0.004482,GGGGATAGCAAGGTCA,E432D,1,1
-0.3699,0.04519,GATGAAATTTATTTTC,I214T,1,1
-0.37,0.0201,AACGATCATTAATTAA,R220Y,1,1
-0.3701,0.001174,AACACCTTGAAATTGG,,0,0
-0.3701,0.007439,AATTAACCCCATTATC,T283G S400C,2,2
-0.3702,0.0194,CACAATTTTCATGGGG,S378D,1,1
-0.3702,0.008489,ACATCGTCCCACTGCC,,0,0
-0.3702,0.01006,GAGAACGTTTCTTTTA,,0,0
-0.3703,0.009884,AGATACATATTCAACG,K315I,1,1
-0.3703,0.01875,CATGAAACTAAATCTA,,0,0
-0.3706,0.01512,CATCTCCATGATCTTC,,0,0
-0.3706,0.02177,AGGACTTGAAGTATGT,K326Y,1,1
-0.3706,0.006259,TGCCAACCAGCAGTTA,,0,0
-0.3707,0.006564,TGAACATCTATTCCTA,Q454Y,1,1
-0.3707,0.007568,TCTGTCCCAATCTGAA,,0,0
-0.3709,0.005864,ACGCCATGGAGTATAG,,0,0
-0.3709,0.005146,ATGAAAGAAATATCGA,N38S,1,1
-0.371,0.006199,TAACCATGTAATAACT,R208Q,1,1
-0.3711,0.01011,CGCACTAGAAATGGTA,Q327T,1,1
-0.3712,0.013,TATCAACCCCCCTTAA,,0,0
-0.3712,0.013,TATTTTTGTAAGACTT,Q327H,1,1
-0.3713,0.02375,GCATTCTAGTTGCTCC,I48P,1,1
-0.3713,0.01822,TAACGAGCCACAAGTC,V20I S95K,2,2
-0.3714,0.01764,GCCTAACACCCAACCC,P215H G275R,2,2
-0.3715,0.01439,TTGATTAATCACGCAA,N126Y,1,1
-0.3715,0.01052,ATGGAAATAAAAAAAA,,0,0
-0.3717,0.01659,CCCTGATTCGTCTACA,,0,0
-0.3717,0.007022,TAACAGACCCAAGCCA,K397W,1,1
-0.3717,0.007715,GCTTGTCTGACCATTA,D7S,1,1
-0.3718,0.01611,AACAGAAACTCATCTC,,0,0
-0.3718,0.003079,AAGAAGATCCATCCAT,K411R,1,1
-0.3718,0.02883,AGAACCACCTGAAAGA,,0,0
-0.3718,0.009612,AGGAATTCTTCTAAAA,L70A,1,1
-0.3718,0.0203,CCGCCAAAATGAAATT,,0,0
-0.3719,0.01246,AAGGACCACTATCCGC,D188R,1,1
-0.3719,0.04569,CCGTAATTTCCATACA,E414L,1,1
-0.3721,0.00686,AACCCGCCAAGACCCA,R208Y,1,1
-0.3722,0.04223,AACCTTCATTTATAAA,T10M,1,1
-0.3722,0.01144,TGCAAATGATTGCAAC,E403W,1,1
-0.3722,0.01144,TTCATACACGACGCTT,,0,0
-0.3722,0.01772,AAACGGTCCACCCCTG,,0,0
-0.3724,0.02389,CTACACAAGACAAGAC,,0,0
-0.3724,0.01078,CGCATCAAAATAAAGG,,0,0
-0.3725,0.02291,ACAACATGCATACTAC,,0,0
-0.3725,0.004509,TTACAGCCAAGCCATA,,0,0
-0.3725,0.002501,TCTTCACGGATAGATC,G379V,1,1
-0.3727,0.02117,CCCATAGTCATTAAAA,,0,0
-0.3727,0.01171,CCGACCTCACGCGTGG,H184Q,1,1
-0.3727,0.006883,TTCTTATGGAAGGCAT,Q132G,1,1
-0.3729,0.03241,AAATAAGAAAAACAAT,E280F,1,1
-0.373,0.008482,ACGGCCGTACAGTATT,D408Q,1,1
-0.373,0.007069,CACAGCTTAGTACATC,,0,0
-0.373,0.005354,CTGAGTAGTTAGTTTT,G275Q,1,1
-0.3731,0.01254,AGGAATCTTAAAAATA,,0,0
-0.3732,0.0276,TATATAGTGGATTAAT,Q80T,1,1
-0.3733,0.01578,TCAATTATACTTTATA,W234S,1,1
-0.3733,0.006069,TGTTACATGAAGACCA,,0,0
-0.3733,0.0263,AAAGACACTTTCAGAG,A304Y,1,1
-0.3734,0.01043,TACAACAACCCCTTAT,G200C,1,1
-0.3735,0.01417,ACATATTCCCCATAAC,G78Q,1,1
-0.3735,0.02304,CCCCGGAAACAGTCTT,D7P N498A,2,2
-0.3736,0.02212,GATACGGCAGCCAACC,G504D,1,1
-0.3736,0.01317,CCGTTAATGGGGCTAA,Q501M,1,1
-0.3736,0.01287,ATTTACAACTCAACTC,,0,0
-0.3737,0.06149,TAACATGTACTTAACC,Q75Y,1,1
-0.3737,0.01977,GGACACCAATTTTGGA,D188G,1,1
-0.3738,0.003927,TGATAAACAAATTTCA,H435R,1,1
-0.3738,0.008026,TATTATCTTATTAGAA,,0,0
-0.3738,0.002419,CGGGGATATCAAAAAC,,0,0
-0.3738,0.05538,CCAATATTTACAGCGG,,0,0
-0.3739,0.006021,TATAATCCCCGAATAT,K326D,1,1
-0.3739,0.002115,TCAGCTCATTCAATGA,,0,0
-0.3739,0.002757,GGTTAAATTGAACTCA,,0,0
-0.3739,0.01679,AATAGTTGTATCTTAA,A373T,1,2
-0.3739,0.05038,CTAATTGAGATTACAA,I48Y,1,1
-0.3739,0.05038,TAGTAAAAATGATACT,K503S,1,3
-0.374,0.009725,AACATAATAATAGTAG,,0,0
-0.374,0.005382,GAAAACTAATCCTAGC,,0,0
-0.3741,0.003532,ATTAAAATAACTATCG,S114V,1,1
-0.3741,0.004702,GTAACTACACAGGTAA,K468R,1,1
-0.3741,0.008405,GTTTGAAGAACCATAT,,0,0
-0.3743,0.037,CCACGTTGATAATTGA,G249T,1,1
-0.3743,0.037,TATAACAATACTCCAA,S91M,1,1
-0.3745,0.005449,CTTCCAAAAACATAAA,N285H,1,1
-0.3745,0.008685,ATATAACATCTGATTG,H56Q,1,1
-0.3746,0.007415,ACGAACCTAAGTTCGA,K315M,1,1
-0.3747,0.01918,GTAGTAAAGATTTATT,K503M,1,2
-0.3747,0.01739,ATACCTACGAATAATA,P306Q,1,1
-0.3748,0.002201,AAAAAACTCTGCAATA,,0,0
-0.3748,0.01295,ACTCATTAGTGATGGT,N483E,1,1
-0.3749,0.008703,AAATCTATATAATGAT,G62D,1,1
-0.375,0.004222,CGATTGGATATATTCC,,0,0
-0.3753,0.007861,CCAGTTCAAAACAGTA,D291S,1,1
-0.3755,0.005221,CCTTAATTCCAAACCT,T135N,1,1
-0.3755,0.002102,CCCTCAGTATACAGAC,T40E,1,1
-0.3756,0.0233,AACTTAATGACAGACA,,0,0
-0.3761,0.04311,AAAATACACCCGGCAT,D32L,1,1
-0.3761,0.01475,ACATCCGACCTAGACC,F79V,1,1
-0.3763,0.0165,ATTACACATCTCGTTC,,0,0
-0.3764,0.0181,AAACATGTTGCTCCCA,T328C,1,1
-0.3766,0.06241,AAACTCGCGAATCGCC,Q132F R405H,2,2
-0.3766,0.02081,AGACATATGAAAGGTG,,0,0
-0.3766,0.004886,ATTCAGCTTTCCCCGT,E410A,1,1
-0.3766,0.005979,TCAGCACGATGAAAGA,N489A,1,1
-0.3767,0.02248,AACAAAAATCAATACA,L157D,1,1
-0.3767,0.02248,TAACATCAATAACTAT,V490M,1,1
-0.3767,0.02343,AAAGTATATCCCTCAT,S96G,1,1
-0.3767,0.00105,CAAAAATCAAAAACAA,E401D,1,1
-0.3768,0.01023,GACGGAATAGATTAGC,,0,0
-0.377,0.003497,GTGGCTTCCCTACCCA,G78I T318I,2,2
-0.3771,0.02816,TCCATACAATACATAA,E119A,1,1
-0.3771,0.00503,ATTACCCATACCACCC,D188Q,1,2
-0.3771,0.01252,CACCTTGTTCATCATG,S279F,1,1
-0.3772,0.02966,CGTAAAAACATAAACA,,0,0
-0.3773,0.03133,AAAAAGACCAAGACAA,T328M,1,1
-0.3773,0.0188,AGACTTAACAAAGTCT,,0,0
-0.3773,0.01376,AAGGAAATTAACAGAT,E426W,1,1
-0.3775,0.009409,CTACAAAGTCCCTAGC,,0,0
-0.3777,0.03768,AATCTGGCCAAGGTCA,A373S,1,1
-0.3777,0.02261,CATGACTTAAAGAAAT,V20F P289H,2,2
-0.3777,0.01615,GCAGTCCAACACTAGT,Q80N,1,1
-0.3778,0.02356,AATGACTTATAGGTAA,G78Y,1,1
-0.3782,0.02698,AAACGACGTATAATGA,K292A,1,1
-0.3784,0.02025,CGAAACAACGATTATT,,0,0
-0.3785,0.01112,GTAAATTCTTCAAAAA,G5Q,1,1
-0.3785,0.02102,GACGACATCATAGCCA,S54C,1,1
-0.3786,0.02987,ATGAACCTCTAACCCG,G479M,1,1
-0.3787,0.05163,CTAACTAGTCCAAAAG,K326P,1,2
-0.3788,0.01236,CAAAGATGAAATAGTA,,0,1
-0.3789,0.004181,AAGCAACGTTCTAAGA,D241E,1,1
-0.3789,0.01834,ATGTGTCGACGAATCA,F79V,1,1
-0.3789,0.0237,ACTTCAGCCTATTTAA,N6M,1,1
-0.379,0.03346,CAACAACACATTAGAA,I3W,1,2
-0.379,0.01293,TCTTGAAACAAAAAAA,A11P,1,1
-0.379,0.003769,TCAGGTCTTGCATCCG,N126L,1,1
-0.379,0.009982,GCATCAACATATATAT,E172S,1,1
-0.3791,0.01897,AAAAGCATTGGAAATA,N424V,1,1
-0.3791,0.005222,GTATAACAATCTCACT,S480K,1,1
-0.3792,0.001843,AAAACTACATCTTTCC,N31E S312R,2,3
-0.3793,0.009495,ATTAACACCAGTCCCC,E410I,1,1
-0.3794,0.01676,CTCAAATGTAGCTGGA,Q376Y,1,1
-0.3795,0.06337,AAATACGCCTTAGAAT,,0,0
-0.3795,0.03802,CCTATAATAATCAGAC,N290D,1,1
-0.3796,0.01502,ATACCACTTTCAATTG,N341M,1,1
-0.3796,0.01502,CATGCTCGATGACTAC,,0,1
-0.3796,0.001319,CGGAATCACTAAAAGA,E280S,1,1
-0.3797,0.02195,GATTAATGCATAGATA,V490N,1,1
-0.3799,0.009073,AGGAAATCTTAAAATT,,0,0
-0.38,0.03009,TCCTATAACAAGATGA,N6A,1,1
-0.38,0.01634,CACGATTTTACATATG,D188H,1,1
-0.3802,0.01168,GACAGAGCTTTTAGCC,S199P,1,1
-0.3803,0.0249,ACTCGACGCTTTTACT,Q501M,1,1
-0.3803,0.00395,CCCACAACGAAGGCAA,,0,0
-0.3805,0.005408,TGAATAATAACACCAC,A372L,1,1
-0.3808,0.0164,TTTTGCTTCTTAATAT,E401D,1,1
-0.3809,0.01914,TATTAAACCTGTGGAA,Y105R,1,1
-0.3809,0.00513,TAGTGTTTCACTCAGC,T416C,1,1
-0.381,0.02298,AGAACTATTACCTGGG,,0,0
-0.381,0.0169,AATACTATCCTATAAA,T388A,1,1
-0.381,0.01336,AATGAATATCTAACAA,G200P,1,1
-0.3811,0.02875,GAGAACGTCTCTCGTC,,0,0
-0.3811,0.00575,GGCTACAGGAATATCA,S143Q R150I,2,2
-0.3812,0.05228,TTTCACTAACATGTAT,V166Y,1,1
-0.3812,0.01743,CGACCACTAGCAAAAC,S265T,1,1
-0.3812,0.006391,TGCCTTACGAAATCCG,,0,0
-0.3812,0.02397,ACTCAAACAAAATGCT,K50M,1,1
-0.3813,0.01404,GCGTATCCCGCAACGT,P324W,1,1
-0.3815,0.005239,GCAGATAGTAATAGTA,S199T,1,1
-0.3815,0.009605,AAAGATAGGCGACGCA,,0,0
-0.3816,0.008476,GCAAAAATTCCTATTC,E325L,1,1
-0.3818,0.03205,AATGCTCTAGGACACA,D85H,1,1
-0.3818,0.01923,ACCGAGCAAGAGACTT,R383H,1,1
-0.3818,0.05769,TATTACATACGACAGT,K2N,1,1
-0.382,0.008022,AATTAACTACCTAGAC,,0,0
-0.382,0.01032,TTACTCGACTTATTGC,,0,0
-0.3821,0.00672,GCATTGTCGCGCCTGT,,0,0
-0.3821,0.02752,AATGTATAGCAGGGTC,G5L,1,1
-0.3821,0.02752,TATCTAAACCATCGAA,D493C,1,1
-0.3822,0.005028,GGTGACTCGAAATCTT,N81Y,1,1
-0.3823,0.01157,CAACGCATAAACACAG,,0,0
-0.3824,0.01867,CCGAAAACGCTACCGA,,0,0
-0.3825,0.02895,AGCTCCTTTATATTAT,,0,0
-0.3825,0.01524,GCCCTGCTTTAGGATG,,0,0
-0.3825,0.06435,CAAACCGCACTGTTGC,E35T,1,1
-0.3826,0.01704,CTAATATAGGATATAA,V43C,1,1
-0.3826,0.03622,GGTACGTTGAATAATG,,0,0
-0.3828,0.007073,GAAGATCCATCAAAAA,K452E,1,1
-0.383,0.02001,AATAATAATTTAACTG,E172C,1,1
-0.383,0.001956,ATGCATTCAGCCAACA,K171F,1,1
-0.3831,0.01815,ACACTAATTATTCCCC,Q311W,1,1
-0.3831,0.002767,TTACTTCATCTCATCA,Q132P,1,1
-0.3832,0.0166,TTCATGACATCAAACG,I58L G479D,2,2
-0.3832,0.03873,AACGCATTCAATTATC,,0,0
-0.3832,0.1162,GCCTACCTCAAAAGTC,D291I,1,1
-0.3833,0.0323,ACATACGTAATCAAAA,S149R E401H,2,2
-0.3834,0.006537,CACTTAGGACTGAAAA,L244C,1,1
-0.3835,0.008084,AAACAAAATACGATTA,K131G,1,1
-0.3835,0.07275,GTAAATGCCATTTCTT,Q363E,1,1
-0.3836,0.01354,GAATGCACAAAATCTG,I385L,1,1
-0.3836,0.01941,TGACCGCCAACCATTA,,0,0
-0.3836,0.008203,AGCATTAAATCTGACC,K368V,1,1
-0.3838,0.04162,CAAATCCCATCCAACT,,0,0
-0.3838,0.01295,AACCGATAAATATGCA,A272T N285C,2,2
-0.3839,0.006944,GCTAGTGTATCACTGA,,0,0
-0.384,0.01823,TAATAAAGTTACTACA,E432A,1,1
-0.384,0.01326,ACCGAACGATTTCAAT,,0,0
-0.3842,0.0146,GGAAGAATTTTGTTGA,K417W,1,1
-0.3842,0.01579,GAACTTGAAATAAATT,K189N,1,1
-0.3843,0.02656,TATGAAATATCGCATA,T24Y,1,1
-0.3845,0.04498,ACTGGTATCAGCACTA,,0,0
-0.3845,0.006095,CATGATAATTTCCACA,,0,0
-0.3846,0.05851,CTAATATTGAAAAATT,T451S,1,1
-0.3846,0.05851,GCAAAACGATCGGCAC,G5V L59S,2,2
-0.3846,0.001654,TCAATAGGATTACCCA,,0,0
-0.3847,0.01541,GGATGACCAGTAGCAC,E83Q,1,1
-0.3848,0.007916,TCACATCTACATCAAG,I232V,1,1
-0.3848,0.01831,TACCTAAGTCCCACAA,D175E,1,1
-0.3849,0.003552,TTATATCTATTCCATT,,0,0
-0.3849,0.03256,AAATCTGAAAAAAATC,,0,0
-0.3852,0.01012,GAAAAAAAAACTGTGA,N8T,1,1
-0.3853,0.02936,TAATTAACAACTTTTA,T187A,1,1
-0.3853,0.009036,GCACGCATACCTTACG,N464G,1,1
-0.3855,0.009962,TTCACTCATGGCACGG,G49D S262A R269I,3,5
-0.3855,0.002841,CAATTATGAACACCAA,N159D,1,1
-0.3855,0.002391,AATAGCTTTAGCAATA,N475V,1,1
-0.3856,0.0168,GTTATGAACGGCCATT,E172Q,1,1
-0.3856,0.02673,AATAGCTTTATAATAT,S209N,1,1
-0.3856,0.02673,CGCATAAAGTCAAACC,,0,0
-0.3856,0.007003,GGCAAGACGAAAGATG,,0,0
-0.3857,0.06537,GACTCGATGTACCAAC,R299G,1,1
-0.3858,0.00981,ATAGGATCTAGCATAC,,0,0
-0.3861,0.01438,AATAGATAATAAACTT,,0,0
-0.3862,0.005041,CATAATCACTTTTCTC,S262M,1,1
-0.3862,0.001635,AAGAATGTCTCATCCG,K50P,1,2
-0.3863,0.01312,CATGAACCAGAAACAA,,0,0
-0.3867,0.02957,GTCCATATGATTATGC,Q57A,1,1
-0.3869,0.01038,TCACAAAAGACGAATA,,0,0
-0.3869,0.02041,CATAAACTATTTCAAT,Q80T Q211E,2,2
-0.3869,0.02691,CAGACGGTCCTTACTT,H56Y,1,1
-0.3871,0.07405,AAACAATGAAAACTAG,L157C,1,1
-0.3871,0.07405,ATCAACGTCGCCTACA,G5I,1,1
-0.3873,0.008352,ATTCCAGTATACTCAA,D408K,1,1
-0.3873,0.01289,AGAATTCCCACACGAA,T167C,1,1
-0.3874,0.05935,TAAAAGTACCCTCCCA,,0,0
-0.3875,0.02827,CTTACTCCAAGACAAA,,0,0
-0.3875,0.02827,TGCATTACCTGAACTA,R383I,1,1
-0.3876,0.01024,ACAATAAGCGCCCATC,,0,0
-0.3877,0.002313,AGTTTAAAACTTCTTC,S219E,1,1
-0.3878,0.006605,ATGTTGAAGAAATCAG,I242E,1,1
-0.3879,0.008496,CACGCAACAACCCAAC,,0,0
-0.3879,0.004721,CATAGTTAAAACACGA,T416E,1,1
-0.388,0.01919,TTAAAAAACCAAGCTA,V166E,1,1
-0.388,0.01919,TTACTTAAAACATAAT,,0,0
-0.388,0.009446,CTCCTGGACGCAATAT,Q197H,1,1
-0.388,0.0124,TAACTTAAAAAATTAA,,0,0
-0.388,0.03719,TGTCATAACTCCATTT,,0,0
-0.388,0.01804,AAACTCTCCAGCAACG,,0,0
-0.3881,0.01145,CCGTGGGTCCACTATG,D408F,1,1
-0.3882,0.01027,ATGCCTTATGCAAAAA,,0,0
-0.3882,0.00584,CCTTACGAATTTACAG,I232L,1,1
-0.3883,0.006408,AGAAATTTTTGAATAG,N126T,1,1
-0.3883,0.02293,GCGAATATACTCTACA,N357G,1,1
-0.3884,0.01084,ATTCCAACATTTAGTA,V223L L431M,2,2
-0.3886,0.01106,CACATCAATTCATTGT,,0,0
-0.3887,0.00933,AATATCAGGTATGCAG,K207R,1,1
-0.3889,0.04598,GAATGAAATCAACACC,,0,0
-0.3889,0.005587,AATTTTAATACATAAA,,0,0
-0.3889,0.03985,CCGAGCTCGCGTAATT,L157K,1,1
-0.3889,0.03516,CTAGAGAAACAGATCA,,0,0
-0.3889,0.02391,CTGAGTCAGTCACCAC,V309I,1,1
-0.3889,0.02061,TACGTAAAACATAAAC,,0,0
-0.3889,0.03985,TTCAAGACCATAAAAG,,0,0
-0.389,0.00259,AGATATAACGTCCTTC,T10H,1,1
-0.3891,0.006232,CACAAGGAGTAATCAC,R220S,1,1
-0.3895,0.008102,AGATCCAGCACAAAGA,,0,0
-0.3896,0.02726,GTTTAAACCACAACGA,,0,0
-0.3896,0.02726,TACAAATGTACCCCCT,R361K,1,1
-0.3897,0.007793,ATCTTGAATTCACATG,,0,0
-0.3898,0.01715,GACCCAACTCGTCTGA,K503E,1,1
-0.3898,0.004921,GATCAGTTCCAGAAAT,L431M,1,1
-0.3899,0.01937,TTACCCAATCATTGTG,,0,0
-0.39,0.003781,CTGCTCAAACGTGATG,N22Y,1,1
-0.3902,0.01337,CCCTCCTATGATACAA,T318I,1,1
-0.3903,0.007919,ATATTAAATATTAGTT,R269Q,1,1
-0.3903,0.001809,AATACTCATCTCTAAC,L59E,1,1
-0.3904,0.007623,ATATACCTCTCTAAGA,,0,0
-0.3904,0.01544,ACATTTTCATGTTCTT,N133T,1,1
-0.3905,0.0317,CCAAAACGCTTAATTC,,0,0
-0.3905,0.01096,TATTATAACCTATAAT,,0,0
-0.3906,0.006622,GGTCACCCATTCAGCC,K292R,1,1
-0.3906,0.02318,ACATACCGACCAACCT,V223A,1,1
-0.3907,0.03546,AATAATTATTTTAATA,,0,0
-0.3907,0.01436,TCAATATAATTATTTA,D291M,1,1
-0.3907,0.01827,CCTCACTAGATCAGCA,V323S,1,1
-0.3908,0.0754,ACCAGACATATGAGAC,G78C K397E,2,2
-0.3908,0.01077,ATACCGATCACCGGTA,Q327H,1,1
-0.3908,0.0754,GACCGCTAGATACACT,T301K,1,1
-0.3908,0.005536,GTAATATTCAAAACCA,,0,0
-0.3908,0.01946,CTTGCGTTGTAACCAA,F125Y,1,1
-0.391,0.01677,TTTCACTTGACATAAC,R361V,1,1
-0.391,0.01404,CCGGACAAAATGAATA,D375S,1,1
-0.3912,0.03021,AGACCTTGGTCGGGGT,D375T,1,1
-0.3912,0.002761,CTCTGCACTAATTGAG,I300T,1,1
-0.3913,0.008638,GTAAGACTATACACCA,S137G,1,1
-0.3914,0.009917,AAAATGATATGCAGAT,,0,0
-0.3914,0.03361,TAAACCATATCCTACA,I267F,1,1
-0.3915,0.01026,CTTAGCAGCTCGTTTA,E83Y,1,1
-0.3917,0.03787,ACATGCAGGCTTACAG,F195N S231N,2,3
-0.3917,0.03787,AGTTACAACTTAGTCC,A212D,1,1
-0.3917,0.03787,TCCCAACTTATGTGAC,G275Q,1,1
-0.392,0.01028,TTTATAATTTAAGCCT,,0,0
-0.392,0.02092,ATGGGGTCTGCGACAG,D375N,1,1
-0.3921,0.04337,GTCTCATACTCTCATA,Q44E,1,1
-0.3923,0.002576,AACTGCGAACGTAACA,K278E,1,1
-0.3924,0.003416,CTATTATCGAGAACAC,Q75W,1,1
-0.3924,0.007414,TAAAGAAGTGCGTTCC,,0,0
-0.3925,0.002331,TTACATTACCACATTC,,0,0
-0.3926,0.01844,TGATTGCAAACTCAAG,,0,0
-0.3927,0.02174,ATACAAAGATTGATTG,Q356V,1,1
-0.3927,0.00801,TATAACAGGTGCTCCT,,0,0
-0.3927,0.005486,ATACCAACTTCGTGAT,E83N,1,1
-0.3928,0.01965,GAGCCTTAGATCAACA,,0,0
-0.393,0.02345,GTCTACCAGCCAGAGA,,0,0
-0.3931,0.03389,ACAGTAATACCATTTT,T30M,1,1
-0.3931,0.005305,AATAGAAGACAGCATC,S198L,1,1
-0.3932,0.0107,CGATTCCTCCCGTGAC,Q75A,1,1
-0.3932,0.008594,CGCAGACAACCTACTT,N497S,1,1
-0.3932,0.009689,CGACCAGTACCAAAAG,,0,0
-0.3932,0.08719,GGACAGTAACACCAAA,Q75W,1,1
-0.3933,0.008481,ACCCACCCTATACTGC,R383C,1,1
-0.3934,0.013,GCTTTAATACGGCCTA,P103T Y412E,2,2
-0.3935,0.02037,GGAAAAAATTTATCTA,K450L,1,1
-0.3935,0.006789,TTAAGAAGAACTTCCT,L384V,1,3
-0.3936,0.006947,CTGCCTGAGTCAAAGA,F120Y,1,1
-0.3936,0.01568,AAAAAACTATTTTAAT,N382G,1,1
-0.3936,0.008992,AGCGAATCTTTACAAT,E484Y,1,1
-0.3936,0.03822,AAAAAGAAATCGGTAT,L244E,1,1
-0.3936,0.03822,TAATGTCTACTAGAAA,,0,0
-0.3937,0.03219,ACGTTAACAAACCTAA,,0,0
-0.3937,0.03219,AGATAACACATGATTT,Q407R N497A,2,2
-0.3938,0.02186,AAACTTTCATTAAGTT,P273T,1,1
-0.3939,0.008388,GACTACTAACAACCAT,D348T,1,1
-0.3942,0.02666,TTACTGAGATTTAAAT,,0,0
-0.3943,0.04383,AAACGACACAGAAAAT,T416G,1,1
-0.3943,0.04383,TAGAGCACCCAAAAAA,T135Q,1,1
-0.3944,0.01058,AGTCTCCTCCGAATAA,,0,0
-0.3944,0.0558,AACTCAAACATACTAC,E414K,1,1
-0.3945,0.01253,GACATCATTTCCAAGC,Q80V,1,1
-0.3946,0.01536,AAAAGCCATTCAAACC,,0,0
-0.3946,0.00723,ACCGTTTCTGTCCAAA,I214R,1,1
-0.3947,0.02927,AAGCCGGGGGTTAATC,,0,0
-0.3947,0.02927,ACAGCTCAGATACCTC,N8W,1,1
-0.3947,0.02927,TACATCGATTTTAGAC,S358G,1,1
-0.3947,0.01808,ACCACGACATACACTT,,0,0
-0.3947,0.01808,GTAACCGTTCCCAAAA,,0,1
-0.3948,0.01079,AATAGATTGCCGATTT,I48W,1,1
-0.3949,0.02197,TTTCATATCAATCCAC,K238Q,1,1
-0.3949,0.002263,TGGTATGCAACGACTC,I242Y,1,1
-0.395,0.1231,AACAAATTCATACAAT,,0,0
-0.395,0.01759,ATATTAACTGACTAAT,M168A,1,1
-0.395,0.04103,CTGACTCAAGAGACTA,D348S,1,1
-0.3952,0.028,TAACTGAGGTATTTAT,L15M,1,3
-0.3952,0.006556,AGCGCGTGGAAAAATT,T440A G479L,2,2
-0.3953,0.008004,TCATTCGTAGAAGCCA,S247T,1,1
-0.3953,0.007337,GTTTAATACCTTTCAT,K2A N290Y,2,2
-0.3955,0.01668,TTACAAATTTCACCTG,,0,0
-0.3955,0.02057,ACACAAAAAACAAAGT,,0,0
-0.3956,0.008944,AGTCATACTAATATCA,N497D,1,1
-0.3957,0.06862,AATAATCTAATCGAAC,A106S I202Q G333V,3,3
-0.3957,0.01372,CCACTGCTCACCACCC,,0,0
-0.3957,0.004826,GCTGGACGTAATTATA,,0,0
-0.3958,0.03089,TAATAATGCATACATG,T117Q,1,1
-0.3959,0.008587,AGCTCTCTGACTTTAT,G240H,1,1
-0.3959,0.02576,TTATCGATACTCGATT,I418Y,1,1
-0.396,0.01438,CTATAACTTTCACTCA,,0,0
-0.3962,0.001011,GTTACAAGGAAAATCA,S96I,1,1
-0.3962,0.01407,AACAAAATAAACAGAC,N45P,1,1
-0.3963,0.0129,AAGATAAAACACCCTA,,0,0
-0.3963,0.01877,TAAACAACCCACCAAT,,0,0
-0.3965,0.008983,CTCCAGACAACATTGC,,0,0
-0.3966,0.003148,CAGAAGTGTACATAAT,P4M K259A,2,4
-0.3966,0.02067,GCATAGTTTGACCTAA,I242T,1,1
-0.3966,0.06201,TAAACTGAGTAAAGCA,A19T N497L,2,3
-0.3966,0.03445,TTAACCCTGCCCAAGT,N382V,1,1
-0.3966,0.1034,AGTATGCCGAGTAACA,K310T,1,1
-0.3967,0.005798,CAGACTGATATGTCAT,,0,0
-0.3968,0.00739,CGAATAACTTCAGAAT,Q1F,1,1
-0.3968,0.02003,CTTACTACTCCTAAAT,H435R,1,1
-0.3969,0.02701,ATATGTACATAATGGA,,0,0
-0.3969,0.003414,CCCGCCGATTCCAGAC,V223H,1,1
-0.397,0.0327,GACTTATAGCACTAAC,Q454M,1,2
-0.3971,0.04144,AATGCTAACTACAAAT,N158E,1,1
-0.3971,0.04144,CAATTTAGGCCCAAGA,,0,0
-0.3972,0.006989,CCAATCATTAAAGCAA,S114R,1,1
-0.3973,0.05657,CCCTCTTCTTCCTCAA,L431T,1,1
-0.3974,0.01482,CTCTATACACGGGAAC,T12M,1,1
-0.3974,0.01482,TATTCTACAAGCTATG,,0,0
-0.3974,0.01038,TGATCTACATTCGCAA,F258Y,1,1
-0.3974,0.009022,GCGATTGCCGGGTACC,,0,0
-0.3974,0.02147,TTAAGCTTTTAGAATA,T301G,1,1
-0.3976,0.008306,ACGAGCATGACACTCA,I267C,1,1
-0.3976,0.02492,CGACGAAAACACCGAA,T328K,1,1
-0.3976,0.03894,CAAATACAACATAGAA,P227G,1,1
-0.3976,0.03894,CCCCATTCAACAAAGA,I418C,1,1
-0.3977,0.01272,ATCAATATCACCGCTT,,0,0
-0.3977,0.08906,CGAAAAAGATAAAGTA,,0,0
-0.3977,0.02969,GAAAGTCACCATGTAA,V490H,1,1
-0.3978,0.007516,ACATCAACTATGACTA,,0,0
-0.3979,0.052,ACTCGAATATTACTAC,R229H,1,1
-0.398,0.01224,GTACGATCGGTAATAA,S91R,1,1
-0.3983,0.01078,GTTTTTAATTACAGAC,S266W E390L,2,2
-0.3984,0.006949,TAGAAGTAAGGATTAA,A365S,1,1
-0.3985,0.001228,AGCAAAAGGCGCCAGT,,0,0
-0.3985,0.02158,ATACATTTTTAACTAT,,0,0
-0.3985,0.02158,TACCTGACACAGTTTA,P221L,1,1
-0.3985,0.006077,GAGTGGAAAAACTCCT,,0,0
-0.3986,0.005176,GGGCTGGTAACGTGCA,S262K,1,1
-0.3988,0.02507,CCTCTTCACAAAACAA,,0,0
-0.399,0.03136,GAAGCAATATGCCGAA,S312M,1,1
-0.399,0.01459,CGGCCGTGCAGACCGG,F125M,1,1
-0.3991,0.01651,GGGTTTTCGTATGACA,N483D,1,1
-0.3992,0.009232,AGTACGATGTAGAGTA,R224A,1,1
-0.3993,0.06977,AACACGAAACATGTAA,S279A,1,2
-0.3993,0.06977,CTCAATGCAACCAACT,,0,0
-0.3993,0.0299,AAACGTATCCCAAAAT,R109E,1,1
-0.3993,0.0299,CGGTTTATCGTAATTG,D461V,1,1
-0.3993,0.0299,TAATTCTAACAACCAG,,0,0
-0.3993,0.002398,CCGAACGATACAAGTG,S96Q,1,1
-0.3996,0.03931,AGTTTCATTACATAAG,S137M,1,2
-0.3996,0.03931,GCTGTGATAAAACGTG,,0,0
-0.3998,0.02736,CATTTATCAGAAATTA,K468L,1,1
-0.3998,0.01124,ACTCAGCTACTATCAC,G404L,1,1
-0.3998,0.006996,TTTATTTAGCGATTTT,K326H,1,1
-0.3999,0.008871,CATCCCTAGGAAGTTT,Q1I,1,2
-0.3999,0.03705,TAAATTACTTCCAAAC,,0,0
-0.4,0.02625,TATAAACGAATGTAAC,,0,0
-0.4001,0.0137,CCCCGCATTTCCATTC,,0,0
-0.4002,0.02522,ATCTCTTTATGAAACG,Q311H G504S,2,2
-0.4003,0.005952,AGCCAAGTACACTCAC,N53L E410L,2,2
-0.4003,0.05735,AGAAACACTTGTAATA,,0,1
-0.4003,0.05735,TGGAAACTGTAAATGA,R255N,1,1
-0.4004,0.007991,CAACTGTTTCACTAAA,E484Q,1,1
-0.4004,0.00305,GGTGGCATCAGTAAAA,,0,0
-0.4006,0.002644,AGGTACCGAAAAAATA,D493M,1,1
-0.4006,0.01436,CATAGAAAACTACAGT,,0,0
-0.4006,0.158,AGTCTGCCTTCCCACA,D441E,1,1
-0.4006,0.05266,TATTCGATATCTCTCC,L439I K472S,2,2
-0.4008,0.002901,TTAAAAATCGAAGTCA,K450G,1,1
-0.4008,0.006657,CCCCTAAACGTCCCAC,,0,0
-0.4008,0.02181,TGTTTATACGGAGTCA,V323A,1,1
-0.4009,0.00216,CAATAAAGTCCCCATG,,0,1
-0.4009,0.007812,TTATCCAACCTCAAAA,A196S,1,1
-0.401,0.04868,TCCTGAAAATAACGAA,,0,0
-0.401,0.02042,TATTAAAGGAAACTAC,L431F,1,1
-0.4011,0.01267,AACAGATCCAATAACA,S198E,1,1
-0.4012,0.0198,AGACGAGATAAAAAGG,,0,0
-0.4013,0.02642,AAAGTTTGCACATTAT,I217Y,1,1
-0.4015,0.04229,AATGAGAACACTAACA,,0,0
-0.4015,0.01813,GAGAATCAACCTTATA,,0,0
-0.4015,0.1269,GGAATATTATATGTTA,G5Y S358M,2,2
-0.4015,0.0141,GGAACACCCCCTAACA,D188L,1,1
-0.4015,0.01133,GACCCATTGAAATAAA,N298F,1,1
-0.4016,0.02441,CCCAGGAGAATGCTTT,,0,0
-0.4016,0.009336,CAACTTGGACATGGGC,M168K,1,1
-0.4017,0.03969,ACAATGATTGCAGGAC,,0,0
-0.4019,0.01009,ACCGGAAGACAATCAA,W234Y,1,1
-0.402,0.01551,AAAGTACCAGGGACCA,,0,0
-0.402,0.106,ACTAAACACGAACATT,,0,0
-0.402,0.01514,AGTTACCTAAACTTTA,A212H,1,1
-0.4021,0.01157,AAAGGCAAAAAAATTT,,0,0
-0.4022,0.0335,TTGAAGAGAGATTCAC,D68S,1,1
-0.4023,0.008724,GAACCCAACCGACGCA,K259W,1,1
-0.4024,0.01873,ATAGATAAAGCCTCAA,,0,0
-0.4025,0.005268,ACAGCAAAACAACAAT,,0,0
-0.4025,0.003887,GAAATCATAGGCGAGA,S95C,1,1
-0.4025,0.01275,CACTACACCTTTATAC,G200V,1,1
-0.4026,0.006574,ACTTACGGCTGCCTCC,,0,0
-0.4027,0.07975,CCTATGAATCATCAAA,,0,0
-0.4028,0.01557,AAATCAGTAAACAAGT,I48M,1,1
-0.4028,0.02553,ATTAATTGGAATACCT,,0,0
-0.4028,0.0152,CGAAGCGCCCCTAGGG,V413L,1,1
-0.4029,0.02456,ATTTTACAAAAGCAAT,,0,0
-0.4029,0.002074,GTCAGATCCAAACGAC,Q211C,1,1
-0.4032,0.06393,GTTACCCCGGAAGTTG,E484C,1,1
-0.4032,0.06393,TCACCATCTTAAACTT,,0,0
-0.4032,0.005562,TAGATCTAAGACACGC,D7F Q80R T318S,3,3
-0.4033,0.05816,AAACACACGCGAAACA,,0,0
-0.4033,0.05816,GATTAAAACCCATACA,E449W,1,1
-0.4033,0.05816,GTCAAGGGCAAGCAGA,Q191E,1,1
-0.4034,0.006154,ACATGTTCAACGAAGA,,0,0
-0.4035,0.007532,AACTAAGAAACAAGAC,Q327D,1,1
-0.4035,0.01001,CCTAAGCTACCCCTCG,I236C,1,1
-0.4037,0.04273,TTAAGATAAACTGTAT,N81Y,1,1
-0.4038,0.008015,ATTAAGCTGTCGGGCT,,0,0
-0.4039,0.03772,TAAAAATATTTCAAAT,I260V,1,1
-0.4039,0.01188,CGGGGAATTCTAAATG,A93I,1,1
-0.404,0.03209,TTAGCCGCGACATTGT,L13M,1,1
-0.404,0.006355,AAGCGTATCAGTATGA,N498Q,1,1
-0.404,0.006173,TAGAAAGATATCTAAC,,0,0
-0.404,0.03057,TTAAATTAGGACAATT,,0,0
-0.4042,0.02471,TTACTTCTACAAGTAC,,0,0
-0.4043,0.01948,ATTTCACCCTACACTT,,0,0
-0.4044,0.01837,TGTACTCTAATAACCG,K468V,1,1
-0.4045,0.01531,CAGCTACAATTATGAA,,0,0
-0.4045,0.01398,ATACTCATCTACCCAT,,0,0
-0.4045,0.01398,CGTCCATACGCTAAAT,V223I P227S,2,2
-0.4045,0.01237,TGTAGATTATAAATTA,V213M,1,1
-0.4046,0.003517,TGCCACTTTTGAATAT,K259E,1,1
-0.405,0.006648,TAACACCACAAAACGG,,0,0
-0.4051,0.007413,CCAAATGGTACATAAA,I418C,1,1
-0.4051,0.00252,GGATTGGAATCCACCT,,0,0
-0.4051,0.009774,ATAATAACATAAAAAG,,0,0
-0.4052,0.01344,CGTACAAGGGATTAGA,D375M,1,1
-0.4053,0.005765,TATCGACCTCTTACCT,V166R,1,1
-0.4054,0.02084,CATCACAGAAATAAGG,E119V,1,1
-0.4055,0.02585,GATGTTCAAGTAAACG,R307Q,1,1
-0.4056,0.005773,CTCAGAATGGACTGTA,E410W,1,1
-0.4057,0.03079,AAATCCATCCTACCCC,G78N,1,1
-0.4057,0.01096,AAGCCTATAAGATACC,R33M,1,1
-0.4058,0.01198,CAAATAATACACTTCT,S442A,1,1
-0.4058,0.03595,TCAGTAATATTACGTG,P239A,1,1
-0.4059,0.005349,CTTGGCTTGGAAGACC,S124C,1,1
-0.4061,0.04628,ATACAAATTGGTAAAT,,0,0
-0.4061,0.00953,CAAAAATTTCGCGTAG,K276P,1,1
-0.4062,0.04986,CTTCTATCTCGCCTCA,T37I,1,1
-0.4062,0.01013,CAAAGATTATATGTAA,G379C,1,1
-0.4063,0.01099,ATCATGATACTACCCT,Y302I,1,1
-0.4064,0.05899,TAAAAGCAATAATTAG,,0,0
-0.4064,0.003121,GATGTGCTATTGTTTA,D32L G504Y,2,2
-0.4065,0.01225,AAAGATTTCAACAGTC,,0,0
-0.4066,0.003347,ACAGAGTCAAAATAGA,,0,0
-0.4066,0.009412,GATAGGTGGTAACACG,,0,0
-0.4066,0.009412,TCCCATTGTAACAATC,,0,2
-0.4067,0.0232,GGGGAAGTAAGATGTA,T117R,1,1
-0.4068,0.005508,AAATAACCTCACAGGG,I245F,1,1
-0.4068,0.07221,AACATAATAGCAAAAG,Y257S,1,1
-0.4069,0.01084,ATGGAACGAACTTCCG,S145G,1,1
-0.4071,0.003678,CTGGTTCAAATGAAAC,T30Y G129D,2,2
-0.4072,0.0176,CACGAAAAATTAATTC,P227H,1,1
-0.4073,0.03102,AACATATTATAAGAAA,R208V,1,1
-0.4073,0.004433,ACAAAATATCTGCAAT,,0,0
-0.4073,0.03102,CAATCTTGGTACGCAT,,0,0
-0.4073,0.03102,TAAAACTCTAGTAACT,D85W,1,1
-0.4073,0.03102,TCGACCTGCCATCCTG,R220H,1,1
-0.4074,0.002188,ACTTCTGCTAAACACA,,0,0
-0.4074,0.01917,TTCCATAAATTATAAT,S312R,1,1
-0.4075,0.01087,ACTCATCCTATAGATA,S262F,1,1
-0.4075,0.01417,ACTCCCATTAAATCAA,,0,1
-0.4076,0.03433,AAATTGTGTGCAAATA,S287R,1,2
-0.4077,0.02105,TATACACATCATTATG,G263Q,1,1
-0.4078,0.02176,ATTGTAATCGACAACT,,0,0
-0.4078,0.03626,ATTTGAAACCACCAAA,N489W,1,1
-0.4078,0.1088,CAAATTTATATTAACC,,0,0
-0.4078,0.03626,CAACTAGGAGATATCT,T328W,1,1
-0.4078,0.1088,CTAATGAATCCCGGGA,Q211S D291L,2,2
-0.4078,0.00403,TCACACCAACTTAAAA,D415N,1,1
-0.4078,0.01554,TAACTGAAGTAGGAAA,,0,0
-0.4078,0.005309,CACCTAAAAGCAGCAA,,0,0
-0.4079,0.01037,CGTAAACACTAACTGT,,0,0
-0.408,0.004668,GGTCTAAACTCTCAAA,,0,0
-0.408,0.01675,TGTAACACAACATCCA,P215T,1,1
-0.4081,0.001935,AGTACAACCTGAAAAA,K450I,1,1
-0.4082,0.01817,ATTATATTAGAACAGC,Y412E,1,1
-0.4083,0.02618,GACAACCTTAAAATAA,H56V,1,2
-0.4083,0.04363,AAAGAAGCACATCGTA,R307V,1,1
-0.4083,0.0187,AGTATTCAAACCGCGC,L420F,1,1
-0.4083,0.1309,GAAACCAATGCACATA,G5D E432A,2,2
-0.4083,0.04363,GATATTCTAACCTAGT,,0,0
-0.4083,0.1309,TAGCCCTAATCGTTTG,E119V,1,1
-0.4084,0.006295,ATACATAACTTGAATA,G142N,1,1
-0.4084,0.01023,TCTTAATTTGATTCAA,I34F R269A,2,2
-0.4084,0.00897,TCCGTACAAACCTTTA,,0,0
-0.4088,0.02981,CATAAGAACTACAAAA,N22T,1,1
-0.409,0.002535,ATCATACATTAGTAAC,I58V,1,1
-0.4092,0.05475,CCTTATTATTTCTTCA,,0,0
-0.4092,0.05475,TCTACCCACTAATAGA,D175V,1,1
-0.4092,0.05475,TCTCCTTACGAAACAC,T155S G275E T318L,3,3
-0.4092,0.05475,TGTAATAGAGGAATTC,L71V,1,1
-0.4092,0.03285,GTACCAACCCCAGACA,N159A,1,1
-0.4093,0.004032,GTCGACCTTATAGACC,,0,0
-0.4095,0.03462,AAAACCCTAGTAATCC,,0,0
-0.4095,0.003046,AGAACATCTCCACGTT,R141N,1,1
-0.4096,0.01605,ATGCACTACTGATGAC,L42A,1,1
-0.4096,0.02531,ATTTGTGAAGGTAAAA,V182T,1,1
-0.4096,0.05984,TGCAACCGCATAAAAC,L157G,1,2
-0.4097,0.005487,AGTCTCCATGACAACG,N298S K503Y,2,2
-0.4097,0.03658,GTAAACCCGGAACGAA,R307A,1,1
-0.4098,0.004739,ATGTAACTAAATATTC,G129R,1,1
-0.4098,0.01689,CTAGCTTTTACTAAGA,D7Y,1,1
-0.4098,0.01432,AACTATTCCAGCATAG,T135E,1,1
-0.4098,0.01098,ACAATTTACAATACAT,N22C,1,1
-0.4098,0.008134,AGTTACTAACATACTT,K315R,1,1
-0.4099,0.004394,AACTTGTGCCGAACTC,P239H,1,1
-0.4099,0.01267,AAAGCGTAAGGACAAA,S358D,1,1
-0.4099,0.01267,GCCCTTAGAGCATCCT,,0,0
-0.41,0.02126,GACATCAACTAGGCAA,G333S,1,2
-0.4101,0.01031,ACCGCTCTTCCCACTG,R208G,1,1
-0.4101,0.01783,ATACAGTGCAGAATTA,N497E,1,1
-0.4101,0.005943,TCACACAATACATGCA,L59Y,1,1
-0.4101,0.007852,CTTCAACTCATAACTT,,0,0
-0.4101,0.06596,GGAAAAAGCTGATAGT,R220H,1,1
-0.4103,0.00815,GCACCCTCAATTGTGA,,0,0
-0.4104,0.009048,AACAAGATATGTAACG,S442M,1,1
-0.4104,0.004434,GAAGGAGAATAGATGA,S209T,1,1
-0.4106,0.009446,TTAAGTCGGGACAACT,R482M,1,1
-0.4107,0.01297,ATCGATAATGTAACCA,,0,0
-0.4107,0.04409,TTTACAACAGATGTAA,I58A,1,1
-0.4108,0.008942,TATGGCTATTCTAAAA,I214M,1,1
-0.4109,0.009068,ATTACCAAGCTTCAAA,,0,0
-0.4109,0.02069,GTTTTATAAATACAAC,N45H,1,1
-0.411,0.02547,TACATTTATCCAATAA,L111S,1,1
-0.411,0.01104,TACCTGAATTAGTAAA,,0,0
-0.4112,0.04733,ATAGCTGCACCAATAA,,0,0
-0.4112,0.04733,TTCAAACTCCTAGCCG,,0,0
-0.4114,0.01442,AATTGTCAAATCAAAT,,0,0
-0.4115,0.08295,AAGAGTTCCTTACCAG,S442D,1,1
-0.4115,0.08295,TCCAAGTGTCTACACC,D474L,1,1
-0.4116,0.01328,ACTAAACACTAATAAA,R269V,1,1
-0.4117,0.01703,GGATAGTAATAACTGC,W234S,1,1
-0.4117,0.05109,GGCAAATTGCTTATAT,,0,0
-0.4117,0.008857,ACTCTGAATGTAGCGA,Q363F,1,1
-0.4117,0.03691,TACATAAACTGACTTA,,0,1
-0.4118,0.02889,ATTTGTCCTATCCCCG,L316M,1,1
-0.4119,0.01055,TATGAGATAATTAATA,,0,0
-0.412,0.006521,AAATTCGAGTTAATAT,N6S,1,1
-0.4121,0.006277,CAAGCTTCCACGAAAC,,0,0
-0.4122,0.00584,AAAATTTAGACCTAAG,,0,0
-0.4122,0.01624,TAATCAAAAGATAAGA,I160D,1,1
-0.4123,0.05549,TCCCTACATTTATTGA,R33G,1,1
-0.4126,0.04169,AAATAATTAACTCGAA,G62Y,1,1
-0.4126,0.0139,GCAAATAGCGCTCAAA,S114L,1,2
-0.4128,0.006609,TTCAAAAGCACCTTGG,S262F,1,1
-0.4128,0.0142,GCGTGGGACAATTAAA,K417D,1,1
-0.4129,0.009676,CTAAATATAGTATCAA,S209Y,1,1
-0.4129,0.03338,CCCTGTTCCGTTGACG,R224D,1,1
-0.4129,0.008144,TATGAATGTCAGATTT,,0,0
-0.4129,0.06072,GTTTTACAATTAACCA,G129S,1,1
-0.413,0.01132,TATAATATTTCAACAA,N94T,1,1
-0.4131,0.003482,ATATTTGAAAGACTAT,Q407D,1,1
-0.4131,0.02387,GGCAGATATCCAAGTC,,0,1
-0.4132,0.04457,CAGTAGCTTAAAAAAT,S143I,1,1
-0.4132,0.006368,CCACAGGCCCCGATAG,Q80G,1,1
-0.4133,0.01174,AGCCACCGATGTAGAT,R261L,1,1
-0.4133,0.01673,TATAATGTAGAGAAGA,G479C,1,1
-0.4134,0.02909,TGAATCCTATAAGGGT,N298D I502M,2,2
-0.4134,0.01394,TTGCCCTCGAAGCCGC,D32T,1,1
-0.4134,0.01287,ATCAAAAAACGTTACA,,0,0
-0.4134,0.02479,AACATCGATCGATTTA,A106Y,1,1
-0.4134,0.02479,CGAGCACAATCGACCC,A11W Q210N,2,2
-0.4135,0.0216,CGAATGATACGTTGAT,D188E,1,1
-0.4135,0.008812,AGCGATAATCTTGATA,A196K,1,1
-0.4136,0.006978,CGGTCTGAAACGGCAA,,0,0
-0.4136,0.001094,TAGAAGATGTCAGCAC,E83K,1,1
-0.4137,0.005632,CCTTTATAACAGATTA,S137M,1,1
-0.4138,0.005881,AAATTGGACACTAATC,,0,0
-0.4138,0.1117,ACAAGTTATAATACAA,,0,0
-0.4138,0.1117,ACTTTATGAGCAGAAG,,0,0
-0.4138,0.003605,AGGTAAATTAATATAA,F448H,1,1
-0.4138,0.007796,ATTGCACAACACAAAC,,0,0
-0.4138,0.01457,GGCGGCACCGAACTAC,,0,0
-0.4138,0.06703,GTAGTTGGGCTGGCGA,,0,0
-0.4139,0.00541,TTTACAAAAGTTTCCA,,0,0
-0.414,0.01369,CATCTAATTATTCTTA,G129H,1,1
-0.414,0.01637,CCAGTAAGATAGATTT,F79W,1,1
-0.414,0.01637,TTCTGAGATACTTAAG,R482A,1,1
-0.4141,0.02315,GGCTCGCAATCCCCCA,,0,0
-0.4142,0.01399,AGTACGCTCCGTAATA,,0,0
-0.4142,0.03198,ACAAACAACCCATTCT,,0,0
-0.4142,0.03198,ACATTAAATAATTACA,K278N,1,1
-0.4144,0.01563,TTAAATTGCACGAGGA,N53Q,1,1
-0.4145,0.01724,ATATAGATTTCATCGT,S199N,1,1
-0.4145,0.05173,GATTAGGATCTGTTCA,N497E,1,1
-0.4145,0.005425,GTTACTAGCGATATTA,K207H,1,1
-0.4146,0.009343,TCAAGATTGCGTAAGG,S143M,1,1
-0.4147,0.008973,AATACATCATGACATA,R33N,1,1
-0.4147,0.01602,AAAAATATTTAACAGC,,0,0
-0.4147,0.03365,AACCCCTACTCTGTAC,R222F,1,1
-0.4148,0.01005,AAAAAGAACCTCAGAC,,0,0
-0.4148,0.01202,GTTGGATAGGGCAAGT,,0,0
-0.4148,0.009099,CCTCGGTGACACCCGA,,0,0
-0.4148,0.02494,CAATAATAGAATCAAG,,0,1
-0.4148,0.07482,CAGTGATAATCGATTT,,0,1
-0.4149,0.01981,TTACTACTATCCTGTT,H56D,1,1
-0.415,0.04211,TTGCACTTATATAGTA,F353Y,1,1
-0.415,0.02247,GCACATACACTATTTC,E35C,1,1
-0.4151,0.01532,TTTAATCAGTACCGCG,I242M G379S,2,2
-0.4151,0.008534,GCTTATGACCCAAGGC,,0,0
-0.4152,0.01435,ATCTGCCATAAAAACA,P306S,1,2
-0.4152,0.01686,ATAAATAAACCACGCA,I25M,1,1
-0.4152,0.005621,TACGTTACCTTACAGA,,0,0
-0.4154,0.02328,ACAACGGATAACACTA,,0,0
-0.4155,0.00504,CTGCAGAATATAGCAA,K264S,1,1
-0.4155,0.0307,TATACAAGAATAATAA,N126F,1,1
-0.4155,0.01145,AATTAAACAAACAAGC,S209L,1,1
-0.4156,0.006034,GCTAGAAGGAAACAGC,,0,0
-0.4157,0.01931,GATAGATGCATTATAT,Q57Y,1,1
-0.4157,0.009012,TGTCCGAAAAAAAGTA,,0,0
-0.4157,0.1352,AACCGACACACTAAAC,K189L,1,1
-0.4157,0.1352,CACAAAATGAAAGATC,,0,0
-0.4157,0.1352,TTCAAAAATCCGCGTC,,0,1
-0.4158,0.02415,AATTTTCATTTTTCAA,,0,0
-0.4159,0.03758,GCTTTATAACTCGAAA,S144H E457N,2,2
-0.416,0.01991,TAACAGATTATAACAC,N6C,1,1
-0.4162,0.01473,AAAGACGACTCCCGAG,,0,0
-0.4164,0.06162,TGCTAACAGTGTCCCT,Y257S,1,1
-0.4165,0.04844,GGAAGAGAGATAATCG,S107C,1,1
-0.4167,0.02951,ATTCTTAAGCACCTGA,S9N,1,1
-0.4167,0.009428,TTTAATCTGCTGGTTA,R220V,1,2
-0.4167,0.02341,ACATCCGACATGCAGT,N341E,1,1
-0.4167,0.006859,ATTTAATATGGACAGG,,0,0
-0.4169,0.007634,AAACAACCATCTCCCA,Q57N,1,1
-0.4169,0.006013,AGAGCCACTTACACAA,S146A,1,1
-0.417,0.002282,CTCCCTAAAAGTACCA,P55I,1,1
-0.417,0.01236,TCGGGGTCTATCACTC,S219I,1,1
-0.4172,0.02721,TAAATAATTGTTGAAG,I300C,1,1
-0.4172,0.01134,CTGATCGGCGTACCCT,E280Q,1,1
-0.4173,0.007164,CCAAAAACAGTATATT,T155A,1,1
-0.4173,0.01335,CAAGGTCATATTTACT,S95P,1,1
-0.4173,0.006246,ACTATTTAATGTACAA,I236M,1,1
-0.4174,0.01513,GCCGGTACCACAACAC,R201E,1,1
-0.4174,0.05238,AAACTATTAACTATTC,,0,0
-0.4175,0.01892,AATTTCAGTAATCAAG,,0,0
-0.4175,0.01892,ACTTTTCCCATTGGAT,V102G,1,1
-0.4175,0.02064,TTACGTGAATAATTTC,R92I,1,1
-0.4176,0.06814,CAAACCGGTGATCTCG,V223C,1,1
-0.4176,0.02524,TAGTAAAACAGATGGT,I242W,1,1
-0.4177,0.01118,AGCCATAATTAAATCG,S143Y,1,2
-0.4177,0.01176,GGTCAAAGGAAACAGA,V490M,1,1
-0.4177,0.009471,GAAATCGCGTAACTTC,S219W,1,1
-0.4178,0.01034,TCTGAAATAGAAACAT,L439C,1,1
-0.4178,0.09745,ATTATAAGCTGGAGAG,A106H,1,1
-0.4179,0.004111,CCGATGGCTATATGCG,S287G,1,1
-0.418,0.006564,ATTAAGTCATGAATTC,G62R,1,1
-0.4181,0.01707,CCGTTTTGCATAAGCA,S156V I335V,2,2
-0.4182,0.01518,CAAGAATGAAGATTAG,N290C,1,1
-0.4182,0.006701,AACAAGCATCAAAAGA,V166I,1,1
-0.4182,0.0201,GGTTCGCCGAGGTAGA,S110A,1,1
-0.4183,0.00358,CCGAACCTTGCCTACC,V323L,1,1
-0.4183,0.007769,CACCGAGCTCTAAATA,G504P,1,1
-0.4183,0.00888,GCAATAGTCCCGTCAT,,0,0
-0.4183,0.006575,ATCCACCATAACAACG,S144H,1,1
-0.4185,0.003139,TTGCCACTAATCTAGC,,0,0
-0.4185,0.02444,ACACTTGATAAAAATA,,0,0
-0.4185,0.01555,AATAAAGGACTTAACC,T128D R307G,2,2
-0.4185,0.05702,TACATTACAGTACTGA,,0,0
-0.4186,0.00845,AACCATCCGCATACTG,R208Q K326W,2,2
-0.4187,0.0167,AAATACCAATATTTCC,,0,2
-0.4187,0.02075,TAGCTGTATCTTTGTA,S198Y,1,1
-0.4188,0.0403,CCTAAAGCGTTCAAGA,D68S,1,1
-0.4188,0.0403,CCTTAGCAGCTATGAA,,0,0
-0.4189,0.002431,AACCCTCTCATTTAAT,,0,0
-0.4189,0.01958,ATGTTCAAGCTCCTAA,S91G,1,1
-0.419,0.01714,AGTTAATTTAATGACT,N216V,1,1
-0.419,0.005714,TAGGGTCTCATCTTTT,I214T,1,1
-0.4191,0.004011,GTTACCGCATCTAACA,K276M,1,1
-0.4191,0.0762,TAAACTACAAAAAAAA,D291A,1,1
-0.4191,0.02144,CTGTAATGTATGGATT,S231H,1,1
-0.4192,0.005121,ATCTCAGATCACCGGT,S198H,1,1
-0.4192,0.04902,ACTCCCCTCAAGATAT,R201K K278D,2,2
-0.4193,0.0132,TACACAATCCATCTAT,,0,0
-0.4193,0.005581,TATGATGCAATCGCAA,S91A,1,1
-0.4193,0.03613,ATATTAGAAAACGAGA,L428I,1,1
-0.4193,0.02861,AAAGAATAAACTAGAT,K368Y,1,1
-0.4193,0.02861,CGAAAAGAACATCAGA,N22E,1,1
-0.4193,0.02861,TGGCAACTAAACGAAT,,0,0
-0.4195,0.008696,CACAGGATTAATTCCT,L244C,1,1
-0.4196,0.01041,AGCTGACTCTCCAACT,,0,0
-0.4196,0.01127,ACAACTTATATAGACA,I242F,1,1
-0.4196,0.006084,TAACCCAAGTTGTTGG,,0,0
-0.4197,0.01091,TAGAAAATCTGATTGC,,0,0
-0.4197,0.005879,CAAAAACTACTTTACC,E426G,1,1
-0.4198,0.002941,ATAAAAATCTCAAAAT,N498I,1,1
-0.4199,0.01376,GACTCCCCCTGTCAGT,P239I,1,1
-0.42,0.01208,GTGTAGCATGACAATA,,0,0
-0.42,0.00998,TGACCGCAATGAAAAC,S231N,1,1
-0.42,0.02994,AAATATAAACTATCCG,S247D,1,1
-0.42,0.02994,GTTTCGTCTAATTGAT,P239A,1,1
-0.42,0.01324,TTTTTTATGACCAAAC,T235S,1,1
-0.4201,0.01168,CCATTCAGCATTTTCA,I242T,1,1
-0.4202,0.03828,CCAGTATCTGAAGAGA,,0,0
-0.4203,0.02757,TTACATTATCTCACCA,Q1W,1,1
-0.4204,0.05305,AAAAAACACCAGATAA,R405I,1,1
-0.4204,0.05305,CTAATCCCAAAAATCA,K310S,1,1
-0.4204,0.05305,CTCTTTTATGCCAGGT,S47G,1,1
-0.4205,0.0345,ACTCATAGACAAACTC,S149I,1,1
-0.4207,0.008853,CCACGAGAGAAAGTCC,,0,0
-0.4207,0.02381,TACCCTGTGGTTTCTG,D7N,1,1
-0.4208,0.0314,TATTTAAAAATAGACC,H488E,1,1
-0.4208,0.04606,CTTCCAGTCATGCCGG,G263H,1,1
-0.4208,0.01535,GGAGACCCGGCGTGAG,E119K,1,1
-0.4209,0.02229,TAAAAACCATAGAAGT,S96K,1,1
-0.4209,0.009874,ACACTTCAACTAACCT,N165I,1,1
-0.4209,0.00553,CAGTATGTCCACCAAT,,0,1
-0.4209,0.01097,ACCCGAAATCATAAAG,I418D,1,1
-0.421,0.08642,CCAAAGTAGATAAACC,S199I,1,1
-0.4211,0.005201,GAATTTTCAGACTTTG,,0,0
-0.4211,0.01647,CAGCTGTTATTTTTTC,,0,0
-0.4211,0.009103,CTAGCAACCACCCAGA,L59T,1,1
-0.4211,0.04069,ATCCGTATCAAGACGC,,0,0
-0.4211,0.04069,TAATCTACTAACACCG,G5L,1,1
-0.4212,0.01306,AATCATACCAATACTG,Q211E,1,1
-0.4212,0.008652,ACGCTTTAAAAGGTAC,T24Y V297L,2,2
-0.4213,0.01259,ACACAGAAGTTGGCAA,,0,0
-0.4213,0.02473,TGTAAATTAAACTTGA,N81Q,1,1
-0.4214,0.002074,TATCATTCAACTGAAC,R255S,1,1
-0.4214,0.01776,ATTCGGACCACCTTTC,K472G,1,1
-0.4215,0.06928,AGATCCTGTCCCATTG,,0,0
-0.4215,0.06928,CTAACAAAGAACCATT,T187S,1,1
-0.4215,0.004029,TAAGACCAACTTTCCG,,0,0
-0.4216,0.02166,CCGATCTATCCCTTTG,K259Y,1,1
-0.4216,0.02166,GAAGAATTCCAAAACG,L157M,1,1
-0.4216,0.01612,CAGCTTAAAGCACAGA,K171A,1,1
-0.4217,0.01035,CACATGTCAATGCATA,G142E K503E,2,2
-0.4218,0.01927,CAAATATAATAAATCA,,0,0
-0.4218,0.05781,CTGCCTATGGTTTTCA,,0,0
-0.4218,0.05781,TATGCACCAGTACCTC,I48K,1,1
-0.4218,0.003559,ATACCCAGTTTGCAAT,,0,0
-0.422,0.004692,GTCTGCAGTATACTGC,N165V,1,1
-0.422,0.02572,TGTCTTAAAATATGTC,N6E,1,1
-0.422,0.02572,TTGATTACGTATAAAA,N498K,1,1
-0.422,0.0496,AACAATTGATAATAAC,S205G,1,1
-0.422,0.0496,AACACAAAGCAAAAAA,,0,0
-0.422,0.0496,CGATTACAGTGTTATA,D60E,1,1
-0.4222,0.009143,AGTTCTAAAATATCTT,V213F,1,1
-0.4223,0.003622,AGACAAATTTAAATAG,I331L,1,1
-0.4224,0.03863,CATCGGTATACCTGGT,S279K,1,1
-0.4226,0.01547,AATGTTACTTTAAATA,Q501K,1,1
-0.4227,0.004381,TATCTTGTCATAAGCC,N122R G404D,2,2
-0.4228,0.01106,CGCCTTATACAAAAGA,G479V,1,1
-0.4229,0.0104,CATTCGCTTATATACA,D366S,1,1
-0.4229,0.009549,GGGTGTAAAGTAATTT,,0,0
-0.423,0.01585,ACCAAATATTATGGAT,,0,0
-0.4231,0.01341,CCTGTTACCAAGTATA,N483Q,1,1
-0.4232,0.0109,CCAAGCGTACATGACA,,0,0
-0.4232,0.008948,CAATATTCAGTACAAT,,0,0
-0.4232,0.008948,CAGGGCATAATTGGGA,K259E,1,1
-0.4233,0.004918,CTGGATTTACCGATTA,I214M,1,1
-0.4235,0.01888,ACGATTGAATACAATC,,0,0
-0.4235,0.06351,GAAAAAGCATCAACTG,G330W,1,1
-0.4235,0.02795,GCAATTGACACAACTT,G5W,1,1
-0.4235,0.02588,GGTCACAAACAGATAC,D85A,1,1
-0.4235,0.07763,AAACCTAATACTTACG,F192I,1,1
-0.4235,0.1397,AACAAACCAAATCATA,G404C,1,1
-0.4235,0.1397,TACGATAAAGTAAGTG,,0,0
-0.4235,0.01075,TGTCGTTAGATACTCA,,0,0
-0.4237,0.006134,AGAAATCGACCACCAT,,0,0
-0.4239,0.01346,GTGCCGTATAACCAGC,,0,0
-0.4239,0.007216,CACCATAATCCTGATC,,0,0
-0.4239,0.01522,AGCGAAGATTTTAAAA,H184E G404Y,2,2
-0.4242,0.02503,AAGCTGTTAAAACAAT,I300S,1,1
-0.4243,0.02696,CATCTAAAGAGTAAAC,,0,0
-0.4243,0.01431,TACGCCAAGCTTCACT,N475I,1,1
-0.4243,0.01492,CTTCCCTCTGAGACCA,D271N,1,2
-0.4243,0.01002,ACGATACAAATTCAGC,T318A,1,1
-0.4244,0.03188,ACCCAAAAGAAGATAC,,0,0
-0.4244,0.03188,TTACCCTATAACATAC,,0,0
-0.4245,0.03508,CTGCAAGAGCCAATAA,S149R V323L,2,2
-0.4245,0.03508,GAACCATAGATCAAAA,,0,0
-0.4246,0.01253,CAGGAATATGAGTTTT,D60S,1,1
-0.4247,0.008565,CGTTCGTCTAACCATT,,0,0
-0.4247,0.0439,AATCTAACTTCCTAGT,,0,0
-0.4248,0.007896,TTTCGCTGGATACAAT,S47G G142N,2,2
-0.4248,0.01191,AGGTTCTATACCAACA,,0,0
-0.4249,0.01674,GCCCCTGCTTTCAAAG,G330P,1,1
-0.4252,0.05863,CTGCTACACGCGAAAA,N53P,1,1
-0.4252,0.05863,TGTGTGGTTACAACCG,,0,0
-0.4252,0.002127,CGACCACACTCATAAT,T318V,1,1
-0.4254,0.01083,ATGAACTAAGAACAAA,S137A,1,1
-0.4254,0.03354,CAATTAATAGTAATAC,R307K,1,1
-0.4256,0.005686,CCCTAGCCCAAGAGCG,K171F,1,1
-0.4257,0.01533,CATACCGTGCACAAGG,S107L,1,1
-0.4259,0.007131,GAGCCGACTATAAATT,R208N,1,1
-0.426,0.01441,AATAATGAGTCTCTAA,,0,0
-0.426,0.08826,AAAATTACATATGACG,Q211A,1,1
-0.4261,0.02279,TCCCAAAAAAGATTAA,V323C,1,1
-0.4262,0.04711,AAACGTACAGGGTACT,F174E,1,2
-0.4263,0.02438,TAGGACGCTAAATAAT,R269Y,1,1
-0.4263,0.01964,AGTTTTTACATGCCTG,Q501Y,1,1
-0.4263,0.005482,ACGGACTTTTTATCGA,T301A,1,1
-0.4265,0.006491,GAATTATAATAACGGA,Q311K,1,1
-0.4266,0.05445,AACTCAAAGACTAATA,K121W R482E,2,2
-0.4266,0.01815,AATGTATAATACCAAC,,0,0
-0.4266,0.00419,TTCTTTTGTTAATCTG,D68M,1,1
-0.4268,0.01265,GTGTTTCAAAAATGGA,E325Q,1,1
-0.4269,0.1181,AAACTATGTTATATTC,,0,0
-0.4269,0.01074,CAAATATATGGATGTG,,0,0
-0.4269,0.1181,CACTGAGTATAGCCTA,,0,0
-0.427,0.007236,CACTAACTATCACACA,M462E,1,1
-0.4271,0.02533,TTACTTTAACGACTGA,S198N,1,1
-0.4274,0.01044,ATCTGATAATTAAACC,,0,0
-0.4275,0.01973,CTAATACATAAAAAAC,P4G,1,1
-0.4277,0.01616,GAATCATTTTAATCAA,V223H,1,1
-0.4278,0.004234,ACTTGATCTTTCTAAT,I58T,1,1
-0.4278,0.02963,TGTATTATACAATCCT,S199C,1,1
-0.4279,0.01923,AGAATTGAAAGGCTAA,,0,0
-0.4279,0.01186,AATAGTCCAATGTCGA,,0,0
-0.428,0.07911,TAACATTGTACTAGAC,R482M,1,1
-0.4284,0.004348,CACCGGGCAACAAGCT,,0,0
-0.4286,0.02549,TTGCAAAGAAAGGACA,Q44I,1,1
-0.4286,0.01373,AAGCATTAACAGACTG,,0,0
-0.429,0.0275,TAGTTAGCCCATCATC,S91G,1,1
-0.4291,0.01932,TACCATCATATTACTT,K238H,1,1
-0.4292,0.03975,TAATGTTATGATTACC,,0,0
-0.4292,0.003376,TCTTTTTAATACAAGA,V323C,1,1
-0.4293,0.009674,TACACTTGCCAGAACA,T135R,1,2
-0.4294,0.007019,GTTACTTAACTAAACC,S265C,1,1
-0.4294,0.02046,GACTCTCTTGACTCAA,V406M,1,1
-0.4294,0.01461,AGCAACTATTTAGTTG,,0,0
-0.4294,0.03409,ATCCAAAACCAAAAGT,T128S,1,1
-0.4294,0.008952,ATTAACAGTTATAAAA,F79H,1,1
-0.4295,0.007788,CATGCAACATATCCAA,,0,0
-0.4296,0.008848,ATAAACCAATACCTAG,Q363S,1,1
-0.4296,0.005194,CACAACCACGACTATG,,0,1
-0.4297,0.02173,AATCGAATCATAAAGA,,0,0
-0.4298,0.05518,ACAAACAAAGCGAAGA,I217G,1,1
-0.4299,0.002678,AGGTTTACGTCAACAC,P4M,1,1
-0.4299,0.01495,ATCCCGAAGCTAGACA,I160A,1,1
-0.4299,0.008971,GTGAATACCGTCAAAA,T128N,1,1
-0.43,0.01197,ATCAGTTTCAGCCTAC,,0,0
-0.4302,0.01796,GGGCAAGAATAAGGAC,G504Q,1,1
-0.4307,0.0313,TAGATTTTATTAAAAC,V102C,1,1
-0.4307,0.006605,TTAAATTGTTGCGTCA,I214E,1,1
-0.4308,0.036,CTCCAGCATGACCAAT,Q363A,1,1
-0.4308,0.04236,CATGTCTCACATTAGA,S46I,1,1
-0.4308,0.006374,ATGTTTACCATCCCCA,Q75H,1,1
-0.431,0.005299,AGAAGAAAACAAATTA,K278N,1,1
-0.4313,0.03006,CTATGATACATCAATA,,0,0
-0.4313,0.09019,TATTACTCAAATATAA,,0,0
-0.4314,0.00443,TTACACCCTACGTAGA,F174V,1,1
-0.4314,0.02124,GTACCTGCAAATCCTA,P324N,1,1
-0.4317,0.02581,GATTAAAGTATTTAAT,,0,0
-0.4317,0.02581,GTAAATCGAAGTTAAC,Q1D,1,1
-0.4317,0.004918,GATCAAAATAATATGC,G379C,1,1
-0.4317,0.003805,AAGACCTAGCACGAAT,N382E,1,1
-0.4318,0.04821,AACACTCTACAAATTT,N126I,1,1
-0.4318,0.009642,ACTACTGTGGCCATCT,I48F,1,1
-0.432,0.01226,TAACTCCCCCCACCGG,D104Q,1,1
-0.432,0.009522,AGTGTAAAGCGCAAAA,D375S,1,1
-0.432,0.03289,CTCTGCGACTACAAAA,,0,0
-0.4321,0.02497,GTAGTTTAAAATTCGG,L177V V402I,2,3
-0.4322,0.06035,CTACATTATCAAAGAA,L13F,1,1
-0.4322,0.06035,GATTTTAGCCAAGTAG,D225W,1,1
-0.4322,0.007959,CGACATTCATTGTATT,G78I,1,1
-0.4323,0.03813,AGTTAGAGCGCGGGCC,I418A,1,1
-0.4326,0.01051,AACTGATCCGCACACA,F467Y,1,1
-0.4328,0.004079,CGGTTATACCCAATTT,,0,0
-0.4329,0.004687,TAGTCTAATCAGCATT,K292G,1,1
-0.4331,0.0158,ATAGAATAAATCAATC,,0,1
-0.4331,0.02076,TTTCTCCGTCGAACCA,,0,0
-0.4331,0.007732,ATTCCTGGCCCCGGGC,,0,0
-0.4331,0.0101,AAGATGCAGTCCCATC,,0,0
-0.4335,0.03466,AATAGAAGATGCGATG,A19C,1,1
-0.4336,0.02913,TCCCAGAGTTATATAA,,0,0
-0.4336,0.00971,TGTAAGTAACATACAT,R383E,1,2
-0.4337,0.02208,CCACCTGTTTGTCATC,A19C,1,1
-0.4337,0.008676,TTCCAAGTCTTCAGAT,R224F,1,1
-0.4338,0.01487,CCCCGTATCCCTACAG,I267H,1,1
-0.4338,0.01375,CTACCACACCCACTAC,,0,0
-0.4338,0.01279,GATATGTGTTCAGAAA,I3V,1,1
-0.4339,0.004217,GCTAATGGACCCATGC,Q311P,1,1
-0.4339,0.003703,TCTGCAAGGTGTTTTA,Y161W,1,1
-0.434,0.04053,CATGATTAGTGACCTC,,0,0
-0.434,0.07295,TAAACGAGGCTCTAAT,,0,0
-0.4341,0.008021,GCATTTGCAACATGTT,,0,0
-0.4342,0.01432,AAAGGAACATACTGTA,H184D D291K,2,2
-0.4342,0.007607,ACCATGACCATGTACT,E484Y,1,1
-0.4343,0.02087,GGCAAAAGCCGAAAAA,,0,0
-0.4344,0.02357,CTTAGGTTTGATATGG,,0,0
-0.4344,0.006643,AAATACACCTAAAAAC,D291G,1,1
-0.4345,0.03178,ACGCTCTTAACGTTCT,,0,0
-0.4346,0.01283,TCACATGCTTTAGAAC,K2T,1,1
-0.4346,0.009882,ATAACGGAACCTAAAT,P21I,1,1
-0.4347,0.009261,TCCTTGGACGTGTAAA,E403K,1,1
-0.4347,0.04878,AAGAAATAACAGTATG,Q44R V323N,2,2
-0.4348,0.02614,CTCCTTCTTCTGAATC,E484R,1,1
-0.4349,0.01464,ACAGCAGCTTTACATT,,0,0
-0.4349,0.03051,AAGAAATGATAAGCAA,,0,0
-0.435,0.01592,AGTCGAAACACCCGCG,I274F,1,1
-0.435,0.009513,CTGCATATATAATCTA,,0,1
-0.435,0.01332,GGCCATACCAAATACC,E280A,1,1
-0.435,0.06658,GTAGTTGTCCACGTTC,,0,0
-0.435,0.06658,TAACGGAGACAAACCA,,0,0
-0.4351,0.03664,AAAAACCAGACAAACC,Q1G,1,1
-0.4351,0.02527,ACAATTTCAACTTAAG,E41N,1,1
-0.4351,0.005055,GAAACCCATGTCTTTA,I300C,1,1
-0.4351,0.02527,TGATAAACTTGAAATC,,0,0
-0.4353,0.009282,AAGTACGCATACGATC,N126M,1,1
-0.4353,0.01705,TAATCTACAAGTAATA,A69S R208V,2,2
-0.4353,0.01111,CAGAATTATACGTACC,L70V,1,1
-0.4356,0.01165,ATTTACTAGCGCCTCG,E119F,1,1
-0.4356,0.03496,CCTTGAGCTAAGTCGG,,0,0
-0.4357,0.01245,TGACAGTAAAAAAATG,S9F,1,1
-0.4357,0.008851,CTTACCGACAAATTCT,K310E,1,1
-0.4358,0.0237,ATGACTGGAGCCCCCT,R255L,1,1
-0.4358,0.0237,GAAATAACTCGGAATT,K82L,1,1
-0.4359,0.004712,CAAACAACCGAATCTA,D493R,1,1
-0.4359,0.06124,CTTAGTACATGAAAAC,Y161F,1,1
-0.4359,0.06124,GGTAAGGGCTCAATTT,S107K I274T D493T,3,3
-0.4359,0.004712,TTTAATACAATATTCT,,0,0
-0.4359,0.01598,AAAAACTAATACCACA,,0,0
-0.4361,0.004088,GCAGATAACGCGTAAT,K292G,1,1
-0.4364,0.009323,TTGCCCCACAAGCTAT,,0,0
-0.4364,0.03202,TCTTAAATAATAATAT,E414L,1,1
-0.4364,0.03202,TGAATAACGCTCGAAA,,0,0
-0.4365,0.01504,GAGAGCTACAGTCTAT,Q501M,1,1
-0.4366,0.05669,ACTGTTTTAACCTGAT,N165D,1,1
-0.4366,0.05669,TACGCTCTAATTCACG,P289Q,1,1
-0.4366,0.0134,GCGAAGTGATAAATCA,R269F,1,1
-0.4367,0.01475,TACGTACATTAAAAAC,D438E,1,1
-0.4368,0.0922,CAAACCGCTGTTAAAA,L42M,1,1
-0.4368,0.0922,CCTTATACGATCAATT,Q80I,1,2
-0.4368,0.0922,TGGGTTACAACGTCTA,,0,0
-0.4369,0.03885,TCCGACCACCTACCGT,K121R,1,1
-0.4372,0.01252,CTACACCTACCCCTTA,,0,0
-0.4374,0.02844,ACGTTACTTACCCCAC,,0,0
-0.4374,0.00569,ATACAAGACTAAGTAC,S46G,1,1
-0.4377,0.02244,ATGTTATTAACGAAGA,,0,0
-0.4377,0.04936,CAATAATACTGCATTA,,0,0
-0.4377,0.009873,TGAAGTCAGTTTACCG,E410S,1,1
-0.438,0.009504,TGCGTATTCGAAAACC,S358H,1,1
-0.4381,0.006741,GCAGACTACATATGAA,A196V S279M,2,2
-0.4383,0.01767,ATATATACTGACAAAA,F174Q,1,1
-0.4385,0.02475,AAGACTAACAAATGTC,,0,0
-0.4386,0.04371,TAGTCGATATAAGGAA,A19F,1,1
-0.4387,0.008643,AAGTCGGAAAACAAGA,P324V,1,1
-0.4387,0.02398,CCTGATGTACTCTCCC,I48S,1,1
-0.4387,0.0143,AACCTTGGCCATGAAA,P21F,1,1
-0.4388,0.009294,CACCAAAGTACATAAA,,0,0
-0.4388,0.007362,TTAAAACAAAAACCTC,G263I,1,1
-0.4389,0.01907,GGAGACCAGAAACGAA,,0,0
-0.4389,0.02325,CACAAACGCGATGCGG,N497G,1,1
-0.4391,0.008862,AGCTATACACGGGACG,N159K,1,1
-0.4391,0.06767,TTTATCTAAGGCGCAC,K452L,1,1
-0.4391,0.006153,TTTGTGAGTCTGTTTT,,0,0
-0.4391,0.01064,GGAATACCTTATAGCG,R405M,1,1
-0.4391,0.003961,TCTAAAAACAACCATG,A476L,1,1
-0.4392,0.008008,ATATCTTTCCACCCAT,D438F,1,1
-0.4392,0.005398,CCCGAATGGACAAAAA,Y105D,1,1
-0.4392,0.008661,ACCAACTTTCACGCAA,G49F,1,1
-0.4393,0.003583,TGAAATGTTGCAATAT,V323R,1,1
-0.4394,0.01491,AATAAGGAATTTAGAA,S9R R141N,2,3
-0.4396,0.0373,CAATTACCTAAAAAGT,,0,0
-0.4396,0.0373,CACCAACTAACTACAC,,0,1
-0.4396,0.02072,TTAGAGCTTAGATATA,S262V,1,1
-0.4399,0.005745,TCAAATAAAGGTGGTA,R222S,1,1
-0.4401,0.05748,GTTGGAACCTCAAGAA,H488S,1,1
-0.4401,0.01557,TCCTAAACGAATAAAA,S312E,1,1
-0.4401,0.03398,TATCAAAACTTCAACC,D415E,1,1
-0.4402,0.01869,ATGAAAAACTCTATTA,Y470F,1,1
-0.4403,0.006619,GCACCTTAACATACTA,,0,0
-0.4404,0.001679,ATACTTATTTTGATGG,S137R,1,1
-0.4404,0.03253,ATTATTCTTCTTCGGA,F192Y,1,1
-0.4404,0.01467,AGCTATTACCCACACA,,0,0
-0.4404,0.01782,GTTAAAATACGAGTGT,N445Y,1,1
-0.4404,0.05345,TAAACTTTGTAAAAAT,,0,0
-0.4405,0.02268,CAATTCCGACTGTTAT,,0,0
-0.4405,0.0144,TTAAATATGATCAGGC,M268V,1,1
-0.4406,0.02203,CATCTAGGAACTGAAC,S219F,1,1
-0.4407,0.009025,ATGTCCAAGTCCTATC,,0,0
-0.4408,0.1499,AATCATTTGCAAATTC,T128E,1,1
-0.441,0.008335,CTGAAATATTGGATAA,I160V,1,1
-0.4411,0.008157,TCGGTTCCCATGTCCT,K2H,1,1
-0.4414,0.01002,TTCATAGACGCAACAA,I160E,1,1
-0.4415,0.01833,TGATACAATGGACAAC,Q57I,1,1
-0.4415,0.01156,GACTAACGCTATCTAC,P239H,1,1
-0.4416,0.0179,ACTAAGACCTGATGAA,I374V,1,1
-0.4417,0.005296,TAAGTTTATACAATTT,K368H,1,1
-0.4417,0.008002,CTTTATTACCGATTAA,S198P,1,1
-0.4418,0.03959,AAACTTATCACAAAGT,I160V,1,1
-0.4418,0.0106,GGAACAAAATTGATTA,P169Q,1,1
-0.4419,0.02281,CTACGTATTGGGTTAT,K140R,1,1
-0.4419,0.03764,AAAAGTATACAATCCA,,0,0
-0.4419,0.03764,AAACAGAGTAAAACAC,N165V,1,1
-0.4419,0.03764,CCATTCATTGTTAATA,N424S,1,1
-0.4419,0.03764,GGCATATAAAAAATAA,,0,0
-0.442,0.004797,CTTCAACAGGAGCTGT,D271Y,1,1
-0.4421,0.1076,GAAACTCAAGCAAGCA,,0,0
-0.4422,0.002573,ATTATATCTTAACCAA,N22F,1,1
-0.4422,0.01478,GTCAATAGCTACGCTT,R307V,1,1
-0.4423,0.03426,AGACCCAAATTGGTAA,,0,0
-0.4423,0.009306,AACCAAGTACAAATAT,A106V I437V,2,3
-0.4423,0.02037,AGATCCTTAATAGTAC,V166Q,1,1
-0.4424,0.003889,CTAAAGCAAAATGTCA,N489T,1,1
-0.4424,0.004215,AAGAAGGCCACGCTAA,S144W K468H,2,2
-0.4425,0.09431,GTTAAACGCGCTTATA,V166M,1,2
-0.4426,0.01841,ATTAAGAAGGAATATT,P227S,1,1
-0.4426,0.03019,TACTATACGAACAACC,E410T,1,1
-0.4428,0.01717,ACCTACAAACTCAGGA,Q1W,1,2
-0.4429,0.01199,CTAAAGAATCGACCCA,,0,0
-0.4429,0.08394,GACACAAAATAGATAA,S96G,1,1
-0.4429,0.02798,CTCCTTAGAGGATAAA,E83C,1,1
-0.4429,0.02699,CCGCAGTGCAGTCCAG,D291L,1,2
-0.443,0.005324,CGCACTATTAATTCAA,K417D,1,1
-0.443,0.0042,TTCCATGGCGTACTCC,,0,0
-0.443,0.001263,CAACTATGAGGACCAC,G275M,1,1
-0.443,0.01575,CCCCGACTTCGTGAAC,N290F,1,2
-0.443,0.02607,AGGTGATTCCTCCTGC,T128R A304C,2,2
-0.443,0.01112,TGACCATCAAGATGTA,L431F,1,1
-0.4431,0.07562,GATTCCATTTATCAAC,,0,0
-0.4432,0.01036,GTAAAGTGTGTATGTC,E390K,1,1
-0.4433,0.00983,AAAAAGATACGGGCAA,N126A,1,1
-0.4433,0.02293,AAACTGTAAATCTTTC,S231L,1,1
-0.4435,0.005871,CAATTCTTCACAATCA,I374F,1,2
-0.4435,0.06311,AAACACTAGTCTTTGA,N94C,1,1
-0.4436,0.008708,CTCGGACTAATAAAAA,K140Y,1,1
-0.4437,0.05829,GGTCCTGTTCTTCGTC,,0,0
-0.4437,0.01895,ACAATATCATTATTGT,,0,0
-0.4438,0.01805,TAGAAACATGTTTAAA,A304W,1,1
-0.444,0.006776,CTACACATTTCACTCT,,0,0
-0.4441,0.01518,AACCTCGAGCCTGTTA,N22L L381Q,2,2
-0.4442,0.004603,AAAGTACCCTAGTGTG,R329K,1,1
-0.4445,0.01102,CATTCCTCAATGGAAC,,0,0
-0.4445,0.03042,AAGCCTCCATTCTGGT,L70Y,1,1
-0.4446,0.02925,ACTCATCCACATCCGA,F500L,1,1
-0.4446,0.02925,TGGATTGATCTCGTAT,K453I,1,1
-0.4446,0.005806,AACAGACCTTAACCTG,P324N,1,1
-0.4446,0.02817,GCCTACCAGACGTTGA,Q327Y,1,1
-0.4446,0.009277,CCATTTTGAACTAAAA,Q454S,1,2
-0.4447,0.02623,AGAAAGCCCCAAGTTT,R482H,1,1
-0.4447,0.02536,CTCATGGTAATTTAAA,D60S,1,2
-0.4447,0.008271,ATCTGGTAAAACAAAG,I288L,1,1
-0.4447,0.02455,AGATACAACCATGCTA,N158Q,1,1
-0.4447,0.02455,CAATCCATTGACGTAC,,0,0
-0.4448,0.02306,GTATAACCCCTCAAAA,G263Q,1,1
-0.4448,0.004452,ATTATTTATCACCTCA,I48M,1,1
-0.4449,0.01904,CGACAACTGTATAAGC,,0,0
-0.4449,0.01813,CTTGCTAGTAAAAGAT,L367T,1,1
-0.4449,0.01813,GCAAAGATTAGAAACC,,0,1
-0.445,0.01693,ATGATTTTTAAAAACC,K292A,1,1
-0.4451,0.01385,ATTCTCAAGCCGGTGG,K50R,1,1
-0.4451,0.003929,GTCAGGGTAATTTTGG,L111A,1,1
-0.4452,0.0099,ATTACAAAACCGATTG,Q44L,1,1
-0.4452,0.009298,TTAAATACTAAAAAAA,D7Y,1,1
-0.4452,0.008112,GCGACCGTTTAAACAA,Q132D,1,1
-0.4453,0.007263,ATGTAGCCCCTACCCA,N489T,1,1
-0.4453,0.007195,AGCCGACTGACACGTT,,0,0
-0.4456,0.001849,CCTTCTTTTCATACTA,G404M,1,1
-0.4457,0.007564,TCGAGCATAAGAAAAA,G479C,1,1
-0.4458,0.007958,TCTATAGGTGATCCTC,Q327N,1,1
-0.4458,0.008989,TCCCAAACAACGCAAT,,0,0
-0.4459,0.01274,AAATCCAGTTGAACCA,T301C,1,1
-0.4461,0.01821,CACAACCCTACTTGTC,,0,0
-0.4462,0.02186,TAAAACCCATCAAACA,L431W,1,1
-0.4463,0.02552,ATATGACATGACTAAG,N498V,1,1
-0.4463,0.005139,ACATTTTAATACGAAA,F500L,1,1
-0.4465,0.00608,ACTTATAACACTAAAC,,0,0
-0.4467,0.0365,GGGCCCGAAGAACACT,,0,0
-0.4467,0.00419,TACCAGAGACGATCGA,,0,0
-0.4467,0.03834,AAATATCTTACATAAA,Q80H,1,1
-0.4468,0.04036,CTGCATAAATCAGCTC,G200A,1,1
-0.4468,0.04262,AACATTTACAAATTTG,Y491W,1,1
-0.4469,0.01505,TAACATACGAATAGCA,,0,0
-0.4469,0.04514,AACTGACTGAGCATTT,,0,0
-0.4469,0.003034,ATCCATAGTTACCATT,,0,0
-0.4469,0.006504,GTATCTTCTACAACAA,R482F,1,1
-0.447,0.04798,GGAATCATCACAAAGT,G263I,1,1
-0.447,0.009596,GTTATATAGGACTGAT,,0,0
-0.4471,0.009972,AAGACTGAATCGGGCT,S91E,1,1
-0.4471,0.01707,GAGCTAACCCTAATCC,E325A,1,1
-0.4473,0.008265,GATATTGCTGATTTTG,,0,0
-0.4474,0.05913,GTAGCCCAAAAATCGT,R222S,1,1
-0.4474,0.05913,TGAAAATTGGTAAAAT,N126I,1,1
-0.4474,0.02023,TCGGTCCTCCTATCAT,P289E,1,1
-0.4474,0.008839,GTCCTTACGTGATCCA,K315C,1,1
-0.4476,0.02198,AATGTCTACACCGACT,S107T,1,1
-0.4476,0.005096,ACAATGTAAGTCCAAT,N133W,1,1
-0.4476,0.02263,TTGTTTAAACATTTTT,,0,0
-0.4477,0.01013,AACGGTCTACTAAGTT,,0,0
-0.4478,0.02406,TAAAAGCGTTAGAAAG,D7E,1,1
-0.4478,0.02484,GACCATGTTTCAATTC,I202A,1,1
-0.4479,0.07703,CCACCCCGCAGATAAT,E172K K472D D487H,3,3
-0.448,0.02657,TAGCTACGATTGAAGA,P227L,1,1
-0.4481,0.01676,ATCATACATCTGTCGG,,0,0
-0.4482,0.01714,AACCGAGAATAGTAGG,,0,0
-0.4482,0.01224,AATGATATTTTGACAG,,0,0
-0.4482,0.08568,CTAAAGAAGCCTCCAG,N31S,1,1
-0.4482,0.02856,TGCTTCCGGGACAAAT,Q1S,1,1
-0.4483,0.003917,GAATTATCATCCGATG,K2H,1,1
-0.4484,0.006175,TCTTCCCTTCATATCC,R208Q,1,1
-0.4485,0.09651,GTACGTAAAAAAATAA,D415F,1,1
-0.4487,0.03359,AAATTTACAGTAAGAT,E280N,1,1
-0.4487,0.03359,AATAGTCAGTAATTGC,K140A,1,1
-0.4487,0.01458,ATTCCAAATACCCACT,A304L,1,1
-0.4487,0.01136,GGAAATAAATATGAAC,G62H,1,1
-0.4488,0.02089,GGGTGCGCTTACACAA,,0,0
-0.4489,0.007093,CGGTATATAATGCAAT,R201A,1,1
-0.449,0.1105,GCGCTCCTTAGATTTA,Q132Y,1,1
-0.449,0.01248,CCTTTAGCCACAAAAT,P289Y,1,1
-0.4492,0.0106,CCAACATCTTGCACTG,S358M,1,1
-0.4494,0.009446,TGCATTTGACTTCAGA,G62T,1,2
-0.4495,0.01409,AATTCTATAATACTAT,L59A,1,1
-0.4496,0.04306,AAGCAACCTTGAATTT,I3H,1,1
-0.4496,0.1292,AGAAAGTGAATTTATA,K453S,1,1
-0.4496,0.1292,ATATGCACATGGAAGG,A476F,1,1
-0.4497,0.02674,TGCGATCTATTATAGT,,0,0
-0.4498,0.04564,GACTATCCGCTAAAAA,M268F,1,1
-0.4498,0.04564,TATACGAATTTAGCCC,,0,0
-0.4499,0.02771,GCCTACCTACGAACTA,,0,0
-0.4499,0.008258,ATACGAAATACCCCAC,R150Y,1,1
-0.45,0.02876,AGTAAAAATGAAACTG,G5C,1,1
-0.4501,0.002965,TAATCATTGATGCCCA,R261W N445I,2,2
-0.4501,0.04854,AATACAATGGAATAAA,,0,0
-0.4501,0.02099,CTGCAACTACCGTACG,,0,0
-0.4502,0.01143,TAAATATTATTACTTA,,0,0
-0.4502,0.009962,CCAGATTCCTTATGCA,,0,0
-0.4503,0.0116,CATCTAACAAACCGTA,P103R,1,1
-0.4503,0.0169,GTAAAGCAACACCACC,N126P,1,1
-0.4503,0.005675,AAGTGAGTCAAACTTA,G129E,1,1
-0.4504,0.05184,ACATTCAAGTCCAATA,,0,0
-0.4504,0.1555,GCGAAAACAAACGCAA,,0,0
-0.4506,0.01081,TTTAAAGATTTTCATT,I245L,1,1
-0.4506,0.006034,ACTGAAGTACTTGGCT,,0,0
-0.4507,0.005641,CAATGACATACCACCA,K131N,1,1
-0.4507,0.001473,CTAAATCCAACGTCAA,R208M,1,2
-0.4508,0.05561,AGACTTTAGCAAACAA,R220L,1,1
-0.4508,0.03386,CAAGCATAAAGATTAA,R141Y,1,1
-0.4509,0.019,CTACAGTAAACCCAGC,,0,0
-0.4509,0.01558,CGACTGAATCCATAAT,V323K,1,1
-0.4509,0.01146,CACGCATCCAAGTCTC,V490S,1,1
-0.4511,0.009395,ACAGACTTAGAAAAAA,D225C,1,1
-0.4511,0.01624,GCTATCTCCTATCAAT,S262D,1,1
-0.4512,0.002955,CGCGCCTATACTAGAA,S312W,1,2
-0.4514,0.03716,GAGACAATGAGTACAG,,0,3
-0.4514,0.03716,TTCCAGCGACTAAACC,Q295H,1,1
-0.4514,0.01259,CATACCGACCATGGAG,K397S,1,1
-0.4517,0.0651,CCGAGGGTACACTTAA,K411C,1,2
-0.4517,0.01776,TTAAACTGTTTTCAAA,T135R,1,1
-0.4518,0.002885,GACCAAAAATGCACCC,D85G,1,1
-0.4518,0.01818,AAGAATCCTCCCAACA,,0,0
-0.4518,0.01818,AGGATAGACAGACTGG,T485I,1,1
-0.4518,0.01185,CCCAACCGACTCCAAA,R92M,1,1
-0.4519,0.02896,CTACTACTATCACACA,,0,0
-0.4519,0.004321,ATATATTACCATTCAT,L431W,1,1
-0.4519,0.008147,CTCAGGCCGTACGCAG,I236R,1,1
-0.452,0.006688,ACTCACTACAGATAAC,,0,0
-0.452,0.01223,CGTATCTTTCGATACT,,0,0
-0.4522,0.07117,AACGAACAAACTGTAG,,0,0
-0.4522,0.07117,TTTTAGCCTTAAACGT,A212R,1,1
-0.4523,0.01958,CCAAAAGTCTTCAAAG,E390K,1,1
-0.4523,0.01135,ATTAAAACCTACTCTT,S209V,1,1
-0.4524,0.008805,GATTACCGGTGGATTG,,0,0
-0.4526,0.01508,TTAGAACGAATTAGGA,E325K,1,1
-0.4527,0.01207,TCTAATGACTAACAAA,I395T,1,1
-0.4527,0.007401,AAATACTCAAGCCCCC,L496I,1,1
-0.4528,0.006651,AACCCAGTACCAAAGT,,0,0
-0.4529,0.02617,GACTGGCTTCACACAT,S107R,1,1
-0.4529,0.02617,TAACATTATACCCGCC,Q197T,1,1
-0.4529,0.07849,CGTAACAAAAGGTTTA,K50R,1,1
-0.4529,0.07849,TATTTAGTTTAATAAA,A373S,1,1
-0.4529,0.007623,AGCCTTTGGAGTACAT,,0,0
-0.453,0.03414,GATCAATTCAGACAGC,N53K,1,1
-0.453,0.03414,GTCGAATGCTATTTAT,,0,0
-0.4532,0.02709,ACGTTAATTAGCACCA,G129A,1,1
-0.4535,0.007286,ATCATTAAATTCATTG,I300S,1,1
-0.4536,0.01967,ATACATTGAGACGAAT,I217M,1,1
-0.4536,0.01967,TCTAAAAAGCCCATAT,N498T,1,1
-0.4538,0.0175,AACACAAAAGCAACCA,N8P,1,1
-0.4538,0.0175,AGAGAGGCAGGTAAAA,G275N,1,1
-0.4538,0.0525,TAAACGACACCTGAGA,T128H,1,2
-0.4538,0.08749,ATCCGCAGACCTCAAC,Y412A,1,1
-0.4538,0.008468,ATTTCTGAAACAGTCA,,0,0
-0.4538,0.02917,TATTCCCGATCTCCCC,,0,0
-0.4541,0.01433,ATATGGAGAAACTTAA,N290V,1,1
-0.4541,0.03032,CACAAATATTAAACAA,G5W R255K,2,3
-0.4541,0.01609,TAACCACTTCGAAAAC,N489L,1,1
-0.4542,0.03944,AGTCTCATATAATGAC,S47G,1,1
-0.4542,0.03944,ATATAGATTAAAAACC,T128H,1,1
-0.4542,0.004534,ACCTGAATCAATAATA,T117H,1,1
-0.4543,0.02545,ATGAGCAGGTTCGGTC,A93D,1,1
-0.4544,0.01128,AATAGCGAGTCAAATG,,0,0
-0.4547,0.04158,AAAAAGCACCTTTAAC,E280W,1,1
-0.4547,0.04158,TACAGTTCAAGCAAGC,V182L K503M,2,2
-0.4548,0.09882,GTAACGACGCTAAGAA,,0,0
-0.455,0.02327,ACTAACCTACCCCTAA,D348Y,1,1
-0.455,0.02327,ATGCCATTACCGAAAA,V204L,1,1
-0.4551,0.004826,GACACTAACATAGAGA,,0,0
-0.4551,0.02029,AGGAATGTCAAACATT,,0,0
-0.4551,0.06087,TATTCTTAAACCCAGA,R201Q,1,2
-0.4551,0.06087,TCCCTATAAGAACGCT,,0,0
-0.4551,0.06087,TTCACTGATAGAAGGC,P221I,1,1
-0.4552,0.01342,GATCCAGGACATAACT,G275K,1,1
-0.4554,0.01258,TTCACAGAACCACATA,E414L,1,1
-0.4556,0.01101,ACTCATGACATGAGTC,,0,0
-0.4556,0.003605,CGCTTTTAAAGGTACT,E449T,1,1
-0.4556,0.01888,AGACTGAAGATAGTAT,Q327E,1,1
-0.4557,0.03605,TTCCTTCTAGCATATT,P273L N498H,2,2
-0.4558,0.003226,CGAACAAGTTCAAGCT,I3W,1,1
-0.4558,0.01417,ACTACAATTCTCAATT,,0,0
-0.4558,0.002654,TATCACATGTAACGCC,,0,0
-0.4558,0.01556,AAGCGTAACGGTTAAC,,0,0
-0.4559,0.06615,CGCCCCAGGTAATTAC,N424L,1,1
-0.4559,0.06615,TTTTGACATGGCCCAT,E325T,1,1
-0.4559,0.00945,GTTGCTAAAAAGCTCT,S231R,1,1
-0.4559,0.01005,AATCTGAACTCAAAAT,T440C,1,1
-0.456,0.02561,CCGCTCTCCGCAAACT,S47R,1,2
-0.4561,0.01346,ATCACTGAGATCTCTA,,0,0
-0.4561,0.00416,ACGAACAGTAATTCGA,R208I,1,1
-0.4562,0.03784,AAGACGGAGTGAGTGC,E398K,1,1
-0.4562,0.03784,ATCATAAAGAGTACAA,,0,0
-0.4562,0.1135,ATATCAGCGCAAACGT,,0,0
-0.4563,0.006463,TTGGTCAACCCTCTGT,R229I,1,1
-0.4564,0.0265,GGCGAATCCTATATTT,V490N,1,1
-0.4564,0.003488,AAATAATGTTTGACAA,G504V,1,1
-0.4564,0.01283,ATAGTATAAAATGATG,G142E,1,2
-0.4565,0.04971,ACAAGTTCCTGTTATC,K131D K276D,2,2
-0.4565,0.01205,TCTACCCCTAAAAACA,G275I,1,1
-0.4565,0.01061,CAGCGAAACGACTCTC,,0,0
-0.4566,0.0153,CTAAAATTCACCGGTA,S205Y,1,1
-0.4567,0.009591,TAGACTTCCTACCATA,,0,0
-0.4567,0.003738,GTCCGTGACTACATCG,R201E,1,1
-0.4568,0.01154,GGTCCTAGATTTAGAA,K450G,1,1
-0.457,0.03321,AACCTCGTCAACCGAA,,0,0
-0.4571,0.0119,CATAAAAGCGATACGT,,0,0
-0.4572,0.003745,ATGAATGCCCTCTGAT,R220M,1,1
-0.4572,0.05317,CAAAAAACACATAAAT,W234A,1,1
-0.4573,0.007319,ACGAGAGCCGAAAAAT,G263Y,1,2
-0.4573,0.02493,ACTTGAGTGTAATAAA,A372G,1,1
-0.4573,0.006138,ATAAAATCGTCATCAC,,0,0
-0.4573,0.009173,GCAATAGTACCTAAAA,,0,2
-0.4574,0.008771,CACGAAAGTCATCGGC,K207R,1,1
-0.4574,0.04201,GCTAGGATGATTGACA,D225E,1,1
-0.4574,0.005827,ACAACTTCACCTAATC,D68G,1,2
-0.4575,0.03472,CATTGTGAGAGCAGTG,,0,0
-0.4576,0.005255,ATAACCTTACATAGAC,N6D,1,1
-0.4577,0.01248,AAGAGAACAGCAGTGT,,0,0
-0.4579,0.01269,GTCCTTCGAATGGTAA,N31W,1,1
-0.458,0.007476,TTTAAAACATGAGTAG,L157T,1,1
-0.4581,0.01905,AGCCGTTACCAGCATT,,0,0
-0.4581,0.03637,ATCGAAAAAAAACAAA,,0,1
-0.4581,0.0138,ATGACTTCTAAAGAAA,D375Q,1,1
-0.4581,0.01905,CATAGATTATTACGAA,,0,0
-0.4581,0.08002,CTACAATGATGTTAAC,R208E G263E,2,2
-0.4583,0.01232,AACATAGGAAGACAGC,,0,0
-0.4584,0.0178,ACTTTTGACAGGAAAA,,0,0
-0.4585,0.004454,CAACTAATCCAGGTAC,I214D,1,2
-0.4585,0.01336,TTCTACGTCAGCTCTT,,0,0
-0.4586,0.02764,GCCACGCAACAAAGAA,D175I,1,1
-0.4586,0.01431,ACTGCTAAATAACGTA,D32E K264L,2,2
-0.4587,0.01197,CCTAGTTCAATCTAGT,R33G,1,1
-0.4587,0.01823,CCTGGACGGCTTCACG,,0,0
-0.4587,0.01823,GAATGCTTATCAGCCA,,0,0
-0.4589,0.02508,ATAAAAGCATCAGTCA,G275D,1,2
-0.459,0.02868,GGGAGCGACACGAGAC,S114T,1,1
-0.4591,0.005217,TATCCCTCGCTATCTA,,0,0
-0.4593,0.00893,TAGTACATCATATCAT,,0,0
-0.4593,0.009347,TGCCTTAAATTACAAG,,0,0
-0.4594,0.01517,AAATGCTCAATATCTA,G463M,1,1
-0.4594,0.02593,CATAAAACGTCAACCA,K238Q K472G,2,2
-0.4595,0.02117,TTACGAATTAAATCAA,F79S K397N,2,2
-0.4596,0.0298,CCCTACATGCACTTCA,,0,0
-0.4596,0.0298,TGGAACCGCGATCTTT,K472G,1,1
-0.4597,0.01364,CCTGGTGATATGAAAA,N122V,1,1
-0.4598,0.05032,AATATATAAAAACTAC,G142R R201K,2,2
-0.4598,0.05032,GACAACCTTAAGGGTC,,0,0
-0.4598,0.005592,TTGCAGGTCAATATTT,P169K E325P,2,2
-0.4599,0.002322,CAGAGAAGCAACAACA,S358L,1,1
-0.4599,0.01119,AACAACTGAATTCAAG,P4Y,1,1
-0.46,0.008395,GACGTATTCGTATACC,D188Y,1,1
-0.4601,0.01185,ATTATAAACCCAAGTT,,0,0
-0.4601,0.008763,AACCGACCCCACTTTC,D188I,1,1
-0.4601,0.03101,AGCCATATCACCTGGT,S262K,1,1
-0.4602,0.04244,ATTGGGGACAATTAGT,G479E,1,1
-0.4603,0.0109,CACAGAGTACAGAAAT,,0,0
-0.4603,0.0109,GGCATGACCGTGCACC,V182C,1,1
-0.4604,0.01281,GCTATCAGAGTTACAC,I242R,1,1
-0.4605,0.004806,CTAAGTATAGTAACTT,,0,0
-0.4605,0.0207,ACATGTAACTTTGTGT,S46I,1,1
-0.4606,0.02524,ACGAGAATTATAACAA,S144E,1,1
-0.4607,0.01553,ACGCCCTCCAAAACAA,,0,0
-0.4608,0.05387,AAGAGCTTTTTTAAAG,S205H,1,1
-0.4608,0.03232,ACATGACGAGTATTGA,K310Q,1,1
-0.4608,0.05387,CTATAGATAGCAAAAA,S198P V490M,2,2
-0.4608,0.05387,GGTTAATACATTGATA,K472W,1,1
-0.4608,0.01796,AGTGAAAATATTTTCC,Q311V,1,1
-0.4609,0.01326,CATCTTTACATTACGA,,0,0
-0.461,0.02888,AAAGCAGGCCACTATA,Q356C,1,1
-0.461,0.00674,ACCAACAGTTGCATAA,G200Q,1,1
-0.461,0.01264,ATAATATACAATTCAA,S46G,1,1
-0.4611,0.002039,AGTATCCACACCCGGA,M168R,1,1
-0.4611,0.0261,CACGCGCCAGTAAAAG,A11P,1,1
-0.4612,0.006634,CTCAACACTCGAGGAA,K450R,1,1
-0.4613,0.03855,TGCAGCAATCCAGAAA,R307N,1,1
-0.4614,0.02189,TAAATGGAAGATCTAA,N22C,1,1
-0.4614,0.1012,ATAGTCAACTAGCACT,R383F,1,1
-0.4618,0.003721,CAGCTGCTAAACCAAT,K259R,1,1
-0.4619,0.008542,AGCACTTCAATTCTGG,N53K,1,1
-0.4619,0.01932,ATACACCTTACACAAG,K121R,1,1
-0.4621,0.006344,GCAAGAGGCCGCATCA,,0,0
-0.4622,0.03124,AACACAAATCGATTAC,D375M,1,1
-0.4623,0.02801,TAACTGCGTTGAAAAG,G5N,1,1
-0.4623,0.008737,ACTTGTCGACTCAAGA,,0,0
-0.4624,0.01626,AGGGAGACGTACCGTT,L111V,1,2
-0.4624,0.01311,AATTAAACAGACACAA,Q210N T416I,2,2
-0.4624,0.01145,TTAGCCATACGGTATT,E172F,1,1
-0.4626,0.005498,CGTCCTCTCAAAAACC,N53G,1,1
-0.4627,0.01403,GTATAATCGCTAACGG,E83D,1,1
-0.4628,0.01661,GAACCTTACCTTTAGA,Q211I,1,1
-0.4628,0.02035,GCACACATAAGCTATT,K453V,1,1
-0.4628,0.022,CAACTAGCAATTTATG,D419N,1,1
-0.4628,0.02395,ACAATTTATCGGATTC,N126G,1,1
-0.4628,0.008225,TACAAATACATAAGTA,K452Y,1,1
-0.4629,0.006363,CGGATACTTAACCAAC,,0,0
-0.4629,0.01086,AAGACTAAAAAACCAC,S47L,1,1
-0.4629,0.03258,GAGATAAACTCAAGAC,D348Y,1,1
-0.463,0.01234,GCTCATAGATAAACAC,R383Y,1,1
-0.4631,0.04288,ATCATTTGTCCATTAT,P99M,1,1
-0.4632,0.01811,TTAATATCCATCCAAT,K310S,1,2
-0.4632,0.007915,TCTAGTATAACCCTAG,S312A,1,1
-0.4633,0.06272,ATAAAAGTAAGACGAA,S205W,1,1
-0.4633,0.009595,GACTTCCAGGTGCCAG,,0,0
-0.4633,0.02266,GGCATGCCTCGCAATC,A196Q,1,1
-0.4633,0.003,CAGACGTCAAAGCATT,K326F S400E,2,3
-0.4636,0.006186,CTCACACTCCACAATC,R222H,1,1
-0.4636,0.01338,TACCCAATTCAATCTG,K503V,1,1
-0.4639,0.003296,CGATGCCCTCCCGCCC,S270A,1,2
-0.4639,0.03891,CCATACCCCATCATCG,Q363W,1,1
-0.4639,0.03891,TAATTAACAACAGAGT,N53P,1,1
-0.464,0.009971,AAACGATTAACTGACT,Q210L,1,1
-0.4641,0.04543,AATGGTTCATTATACG,,0,0
-0.4642,0.02821,CTGAGAGATTTTCGAT,V413I,1,1
-0.4642,0.01604,TTGTTGTTACCTTCAG,,0,0
-0.4643,0.03148,TACTTATCCACGACGC,E325S,1,1
-0.4644,0.00952,TTTAATAAATAGTTTA,,0,0
-0.4644,0.05458,ACGTAACCCCCCAGGA,K368E,1,1
-0.4644,0.01819,ATAATATAAGCTGGAA,,0,0
-0.4647,0.01744,ACGAACTTATTAAATG,,0,0
-0.4647,0.0149,GTACTTACTGCAGATA,,0,0
-0.4648,0.004911,ACTTGATTACCTGGCT,I395P,1,1
-0.4649,0.02929,CAAAAATGTCCAAATA,,0,0
-0.4649,0.01367,GGAAGATGTATTATAT,K207P,1,2
-0.4649,0.008457,GCAAGATAGATAACGT,R201Y,1,1
-0.4649,0.0029,CCAGTTAGTCACTCAA,,0,0
-0.465,0.01675,TAAATACCCTTCTCAA,E280P,1,1
-0.4651,0.01172,ATAAGTCAGAAGATTC,,0,0
-0.4652,0.00813,AAACAAAGTCAAGACC,I34V,1,1
-0.4652,0.007204,AACCAGCTGTGCCATG,,0,0
-0.4652,0.02161,CATATTAGAACCACAT,K50Q,1,1
-0.4653,0.01067,TCATTAGTCACTTTCG,Q210H,1,1
-0.4653,0.0033,ATCAAGCCTCACAGGA,V204L,1,2
-0.4656,0.004112,ATGCCATTACCTCGTA,Y302I,1,1
-0.4656,0.01418,CAAGTCATGATCAACT,,0,0
-0.4656,0.006578,AGTCTGTGGGGAATTT,G49S R220H,2,2
-0.4656,0.03046,AAACCCTTAACTTTAA,S143A,1,1
-0.4656,0.09137,CAAACCGTATTCACTA,,0,0
-0.4658,0.01266,ACGCCCAGGGTGTGCT,P4M,1,1
-0.4659,0.01751,AAAGGTTACACAAGAT,V88M,1,1
-0.4659,0.009686,AAAAATTTCAAGCAAT,,0,0
-0.466,0.001573,TGACTTTGCAACTAGT,Q75D,1,1
-0.466,0.006336,CTATTCCCAACACACG,I260G,1,1
-0.4661,0.008076,ACCCTCACCATAAACA,E280R D408N,2,2
-0.4661,0.008076,TTTAAACACCACTACC,,0,0
-0.4661,0.02112,AATGTGAAAAACCGAT,V413L,1,1
-0.4664,0.0266,TTCGATTTAAGTCCAA,S312G,1,1
-0.4665,0.03172,ATCATCCTGTAAATAT,,0,0
-0.4665,0.03928,AACGACTGCATTCAGC,L59S,1,1
-0.4665,0.03928,GTTAATACACGAAGCA,R329K,1,1
-0.4666,0.05157,ATAATGATAACTATAC,N158Y,1,1
-0.4666,0.05157,CAATGGAAAAACTAAC,,0,1
-0.4668,0.07506,AATAAATTCCTCTCTT,,0,0
-0.4668,0.01501,TAGAATAGGGTCATCA,S54L,1,1
-0.4672,0.04594,TGACCACAAAGAATAA,,0,0
-0.4672,0.1378,CTACTGTGGAAATTAG,V223D,1,1
-0.4673,0.01688,TCCAATCCAAAGATTA,R109K,1,1
-0.4674,0.0331,TAAATACTATAAAACA,F258V,1,1
-0.4675,0.02587,AATACGCGAAATGTCC,,0,1
-0.4675,0.00268,AGATCGCACATAATAT,,0,1
-0.4676,0.06369,CTTAACCCCATAATTC,I230A,1,1
-0.4676,0.006002,CCATGCAACACTACAG,,0,1
-0.4677,0.04142,CGAGCAGAGTTGCACG,Q164L R307I,2,2
-0.4677,0.04142,GCACTGTGACTAGATA,D348F,1,1
-0.4677,0.03068,AAACAAACGAAGATGA,T318I,1,1
-0.4677,0.03068,CCTAGGTGTAGCTTAT,,0,0
-0.4677,0.009416,GACCTAATCCATTGAT,R307I N498A,2,2
-0.4678,0.007144,CCTATCTATTGAATTT,G129D,1,1
-0.4681,0.05531,ATGAAACCTGAGTCCA,H56W,1,1
-0.4682,0.02184,GAACTCCACTAAGCCT,T416E,1,1
-0.4682,0.005188,CATTAAACATTTAATC,I236T,1,1
-0.4682,0.001756,CCATATCACCAATCAA,S199V,1,1
-0.4683,0.01766,GGTTCCTTTTCACGTA,G504T,1,1
-0.4685,0.02517,CTGGACGGACCCCAGC,,0,0
-0.4685,0.007102,CAACATCACATCATAA,,0,0
-0.4686,0.01629,CTTAACTGCTAAACCA,S47W,1,1
-0.4689,0.02248,AATTCCAACTAAGAAA,Q211R,1,1
-0.469,0.007237,AGTGAGCACAATTTTA,I282F,1,1
-0.469,0.008581,CCCCTTGTATAAGGAT,D32R K264H,2,2
-0.4691,0.08325,ATATTTTCGACTGGCA,N45K,1,1
-0.4692,0.03966,ATGCTCTTAACGGAAA,A106D S149D,2,2
-0.4693,0.02603,TCTAACTTGAATGTAA,I230L,1,1
-0.4694,0.01852,TTGAAGCATACGTCTT,E414A,1,1
-0.4694,0.01042,AAGATCGGATACTCAT,,0,0
-0.4695,0.005486,CTAAAGAATTTTACAT,D493N,1,1
-0.4696,0.004822,GTCTACGATGAGATCG,,0,0
-0.4697,0.008102,GTTGGTATGGTTTAAG,,0,0
-0.4699,0.05963,AGCTTCTAAGGACATG,,0,1
-0.4699,0.05963,TACAAGAGCAAAACGT,D101A,1,1
-0.4699,0.05963,TAGAGGCGAATTTCCA,,0,0
-0.47,0.01416,TTGAAAAACCGAACCC,Q44W,1,1
-0.4701,0.006143,CGTTTAAAGTTTTCCC,I160Q,1,1
-0.4702,0.007462,CCATTACAAAAAAATG,Y491F,1,1
-0.4704,0.04646,GCTCCCCCATCTTAAG,E325P,1,1
-0.4704,0.04646,GGCAACACCAATAAAA,,0,0
-0.4704,0.01146,GATAGGTTAACGACCT,S145N S199I,2,2
-0.4706,0.02041,TAAAATTTAAAACCCC,F148W,1,2
-0.4706,0.005733,CGATTATCCAGACCCA,K264E,1,1
-0.4706,0.01947,AATTAATGGGAGTTGG,F294Y,1,1
-0.4707,0.03805,AATAACTCAAAAGTAA,Q1E,1,1
-0.4707,0.009407,TTCTCATGGAGACTCA,T187C,1,1
-0.4708,0.03489,GTCATACGTACTATGC,D104T,1,1
-0.4709,0.03222,TTAGCAAATCGACATG,S145Q,1,1
-0.4709,0.02993,CGCAATAAATCTTAAC,N424L,1,1
-0.471,0.004069,CAGCTCAAGACCTAAG,,0,0
-0.4711,0.0262,TAAATGATACCTCAAT,,0,0
-0.4712,0.01118,ATAACCCTGCATACGG,,0,0
-0.4713,0.005085,TCATCTGTAAATGGAT,S47G G129S,2,2
-0.4713,0.00385,ACCCATATAGCTTAGT,D7L,1,1
-0.4713,0.01824,GCTACAAAAACGATGC,V204L,1,1
-0.4713,0.009024,ATAGTGTTCAAAATGA,I160E,1,2
-0.4714,0.01748,ATGGATTAGAACTGAC,,0,0
-0.4714,0.01679,CTGGACTTGAGCTACC,G504Q,1,1
-0.4715,0.01354,AGATACACCAAAAGAC,D441E,1,1
-0.4717,0.006566,CCTTTATCTCAACAAA,K121D,1,1
-0.472,0.03656,AAGTGAAATTGGAAAC,A372E,1,1
-0.472,0.04005,ATAAGTCCAAACAAAT,N165D,1,1
-0.472,0.05606,ATCATCACAAAACTAA,R33S,1,1
-0.472,0.04947,CCAAAAATTCAAAATT,D85L,1,1
-0.472,0.06469,CCAAGTAGAAAAATCC,,0,0
-0.472,0.06469,CGATCTAAATCATTGA,E172V,1,1
-0.472,0.01587,CTTGAACGACCAAATA,E414W,1,1
-0.472,0.003199,GTTGAAATTCCTTAAC,N290E,1,1
-0.472,0.01587,TATCTAAAACAATTGA,,0,0
-0.472,0.03364,TGAAAAACAATTTCAT,G263S,1,2
-0.472,0.02548,AAACGCTCTACAAAAC,,0,0
-0.472,0.029,ACTTTGGTGCCTATTA,I34L W343* E410K,3,3
-0.472,0.04426,ATCTTCACCAATAAAA,,0,0
-0.472,0.01092,GAGAAAATGAAATGTT,,0,2
-0.472,0.02051,TCGTACTACCCGCCAA,,0,0
-0.4723,0.00329,AGAAAAAACTCTGCAC,,0,0
-0.4724,0.01138,GATACCATCCCTTGCC,,0,1
-0.4726,0.005854,TATTTTGGTCACTGAG,I300H,1,1
-0.4726,0.004557,GACGTACTATATGAAA,I374A,1,1
-0.4727,0.005371,ATCGAATGTCAACCAA,,0,0
-0.4727,0.02219,AAAAAGCATATAAACA,V166H,1,1
-0.4728,0.00753,AGATTTGCTCTCCCGA,S91F,1,1
-0.4728,0.02343,AAAGACAATGTGATTA,,0,1
-0.4729,0.01383,TTAACTATCATAAGTA,S91G,1,1
-0.4729,0.009377,ATACTGTGCTTTTTGA,K259I,1,1
-0.473,0.003623,ACTTTAATTTGCAAGA,,0,0
-0.4731,0.03247,TACGAAAATAACAAAG,Q1T,1,1
-0.4732,0.03519,CCCTTGGAAACATACA,,0,0
-0.4732,0.03519,TATTACGAAATCTAAT,S145L,1,1
-0.4732,0.009083,CGACAACAATCCTCAT,,0,0
-0.4734,0.01018,CACCAACCGACGTAAC,,0,0
-0.4734,0.04226,GACAAATTAAATCCTA,R329K,1,1
-0.4735,0.01128,AGATGTCCGATACTAA,N489C,1,1
-0.4735,0.005034,GATACCCTTGAAAAGG,Q197I,1,1
-0.4736,0.01566,ATGAAATAAAAGCACT,,0,0
-0.4736,0.04699,TCTGAAGATTTACATG,,0,0
-0.4737,0.009838,AATATAAGAGTCAAGC,L244S,1,1
-0.4739,0.01388,GATTATCTTAAATTAC,K276W,1,1
-0.474,0.008304,GTTTAACCTCAAACCA,N498H,1,1
-0.4741,0.007633,ATCTTATACATTCTGG,P324I E403D,2,2
-0.4741,0.006946,GAGAATATGTAACTAT,E172L,1,1
-0.4743,0.02231,CTCCACTCGGACTACA,N8L K292V,2,2
-0.4743,0.03392,TCACAATCACATTGGA,,0,0
-0.4744,0.01731,AATATCCCCATCCTAA,,0,0
-0.4745,0.01805,ACTCAACAATTCGAAT,S145N,1,1
-0.4745,0.005206,CCAAAAAGGACTTCCA,R150A,1,1
-0.4748,0.04044,AGCCCATACGAATTAC,Q501P,1,1
-0.4748,0.04044,ATACCCAGCAAAAGAT,S205Y,1,1
-0.4748,0.004494,TACTTTCTTTGAAACC,H184S,1,2
-0.4749,0.08496,GCCCCCCTTAACCGTA,,0,0
-0.4749,0.08496,TGTTGGCGAGCATGTT,,0,0
-0.4751,0.04474,ATACCCGAAATAAAAC,G129D S144T,2,2
-0.4751,0.03037,ATAAGTACCAAAATTT,Q164N,1,1
-0.4751,0.03037,TTCACAGGGGCTATCG,,0,0
-0.4753,0.02431,TCATAAGAGTACCATA,,0,0
-0.4754,0.05007,CAAAACAACATAAGTT,K121D,1,1
-0.4754,0.01001,TACGCACTATAGAAGT,P324I,1,1
-0.4755,0.02027,AGCTGCTGTAAACCAC,Q454C,1,1
-0.4755,0.01271,GATCATGAAGTATAGA,H56T,1,1
-0.4756,0.005875,CTATAATAAAAATAAT,K82D,1,1
-0.4757,0.1065,AATATAAATCCGAAAC,S9L,1,1
-0.4757,0.1065,TTCCTCCTATTAATTT,D73A S262D,2,2
-0.4757,0.01352,CCCAAAAGCTTGAACA,F79E,1,1
-0.4759,0.008121,CAACGAAATAAAAGTT,K453T,1,2
-0.476,0.007754,AGGTCACTAAATTTAC,,0,0
-0.4761,0.0079,CATCTAGTAGCATTAA,T187L,1,1
-0.4761,0.003386,GCTGCCTACTGTGCAC,G263H,1,1
-0.4761,0.01984,CATAGTAATAAACGAC,,0,0
-0.4761,0.01984,GAAAAAAAAGAACACA,H184Y,1,1
-0.4762,0.0088,TGGGCCTTCTAGAACA,R405L,1,1
-0.4762,0.009485,ATAAAATTAGCCTTCT,D104N,1,1
-0.4763,0.002542,AAGATCACGACCCAAT,,0,0
-0.4764,0.01275,ATCTAAATGAGCGAAA,,0,0
-0.4765,0.06572,ATGGCAAGCCCTATAG,D291Q,1,1
-0.4767,0.01943,ACACAAATAAACCCCA,L244S,1,1
-0.4767,0.0342,CAGGCCGTGACCATAA,,0,0
-0.4767,0.0342,TGTAGCAACTCTAATA,S156C,1,1
-0.4767,0.009829,GAAACATATTTTCCGG,E172D,1,1
-0.4768,0.006578,CTGATTGGCAGAAGCC,S480L,1,1
-0.4769,0.004727,CATAACTGGTTGTTAA,Q80D T318Q,2,2
-0.4772,0.008314,GCGGCGCCTATTATTT,T12E,1,1
-0.4772,0.008314,TAAAAAAAAAGGATCA,,0,2
-0.4773,0.03059,CAATTCTGTCATCAGC,,0,0
-0.4773,0.03059,TCAATCGAGTAAATGA,,0,0
-0.4774,0.0779,CTTCAATCTCAACTTG,S110N,1,1
-0.4775,0.01994,GGTGCTTTCAAACCTA,S149W,1,1
-0.4778,0.01407,AAATTATCCAATAAGC,,0,0
-0.4779,0.007734,AATAGCAACTCACCTA,,0,0
-0.478,0.01161,TAGACAGGCTATGTAA,,0,0
-0.4781,0.01952,AATTTATACACAACCA,G129A,1,1
-0.4781,0.02527,GATGACCAGACACATA,,0,0
-0.4782,0.008595,ACGTCCCATAGAACTG,,0,0
-0.4782,0.003411,TAGTTTAAACAATAGA,,0,0
-0.4784,0.004237,CGGTACTTAATAATGG,S144N,1,1
-0.4784,0.001697,GAAGGGAGCTAAAGGT,V130L,1,1
-0.4785,0.01721,TTCACTACCCCCTACC,L243F,1,2
-0.4786,0.03187,GCTAATTTAGGAATAT,I236Q,1,1
-0.4786,0.01912,TTGGCGCCAAACTAAC,A430L,1,1
-0.4786,0.005346,AAATTGAACTAATAAA,D487I,1,1
-0.4788,0.01794,GACAACTATGAAGCAA,,0,0
-0.4788,0.01412,ATGTACCTTACAATGT,K472T,1,1
-0.4789,0.00586,CATAATAAAAACTAAG,N45Q,1,1
-0.4789,0.01538,AGGATATGTTAAATGA,,0,0
-0.479,0.05069,AATCACCCAAGACGCC,,0,0
-0.479,0.05069,ATTCCGAAGTAGCAAT,R222V,1,1
-0.479,0.005824,CTTCCAGATAAGAGGA,,0,1
-0.4791,0.007909,AATCTACGAGGTCCGC,,0,0
-0.4791,0.01874,AGTAAGCACAAATATG,K276N,1,1
-0.4792,0.02613,CGCCACAAAGAGAATA,Y233L M462L,2,2
-0.4793,0.02104,AACAACAAATGACAAC,,0,0
-0.4793,0.01513,CGCATCTGTAGACTAC,K140R,1,1
-0.4793,0.01327,GGGAATGAAAGATCGA,Q75D T301F,2,2
-0.4793,0.01182,AGTGAAAAGAATATAA,T135C,1,1
-0.4794,0.008895,TTATCAATTCCACGAA,N489L,1,1
-0.4794,0.00234,TATAACGATTACAAAT,N94Y,1,1
-0.4794,0.02397,AGATTAACACAAATCA,K452Q,1,1
-0.4794,0.03082,GCGCCTTACCTAATTA,E35M,1,1
-0.4794,0.01961,GCTGATCAAGGAATGC,,0,0
-0.4795,0.008382,ATTACAACACTTTCTC,,0,0
-0.4795,0.008382,CAGAAAATCCAGTGAT,I282F,1,1
-0.4796,0.0157,CCCAGACTACATACAA,Q327R,1,1
-0.4797,0.008552,TTATAGACAAGTGGCG,N126I,1,1
-0.4797,0.008307,GACAAAAAAGCATCTA,I48N,1,1
-0.48,0.05763,AGGTTATTTGCATAAG,,0,0
-0.48,0.004913,TCGCTGTGTCCAAATT,I335M,1,1
-0.48,0.01544,GAGAACTATGAACCAC,L439S,1,1
-0.48,0.03326,GTCTGACAAAAATCGC,,0,0
-0.4803,0.00857,TACTAATTGTACTCTA,Q57L,1,1
-0.4803,0.04808,AGGAAATTATAATGCC,,0,0
-0.4803,0.04808,CAGCCTGATAAACTAT,G5E E484Q,2,2
-0.4803,0.04808,TCATAAAAATAATAAT,I230L,1,1
-0.4804,0.009309,TGCGATAAGATAACAC,R307S,1,1
-0.4804,0.002956,ATATCAATTACTCACA,I179L,1,2
-0.4804,0.00337,AGCCATCTCAAAATAG,E449K,1,1
-0.4805,0.04125,AGCGCACTGATAAAAA,G78V,1,1
-0.4805,0.04125,CTTAATAGCCATCAGA,I418H,1,1
-0.4807,0.01576,ATACCTATGCGGTCAC,I267T,1,1
-0.4808,0.007955,TTCCTTAGATAGTAAG,,0,0
-0.4809,0.008341,GGTACTCATTGTGACT,N424L,1,1
-0.481,0.08675,ACACTATAGCCTTTTG,,0,0
-0.481,0.01735,ATCAAATTAGTAACGC,G5S,1,1
-0.481,0.01637,TACCAGAAGCAAACTG,N126R,1,1
-0.4811,0.0263,ATCGCGCATACGCCAC,,0,0
-0.4812,0.02411,CATGCCCAGGAAAAAT,G200Q,1,1
-0.4812,0.06679,TAACCAAATTTAAATC,N159E,1,1
-0.4813,0.009238,TTATTAACAAAATTTT,I260V,1,1
-0.4813,0.01277,GGGTAATTTCAGATTC,,0,0
-0.4814,0.006162,AAAACAGGATCCACTA,Q407I,1,1
-0.4814,0.05429,GTTTAAGCAAACAAAC,D32S Q407R,2,3
-0.4814,0.002602,AGACACCACTCAAAAT,T135W,1,1
-0.4815,0.04574,CCTAAGCATTAAGAAC,S143Q,1,1
-0.4815,0.008606,GTTAGATCGATCAAAT,N63M,1,1
-0.4816,0.01207,CGAACCTTGTATATTA,F174E A372T,2,2
-0.4816,0.004726,CTCACACACAAAAAAA,K503H,1,1
-0.4817,0.004627,ATCCCTAAAAGACCGT,K276R,1,1
-0.4818,0.01776,ATCTTCGCGATCATAT,,0,0
-0.4819,0.01426,TTGCAATATTCCTATA,,0,1
-0.4819,0.01299,AGGGTAAAAGAAGCTT,S46W,1,1
-0.4821,0.009787,CTACATATGCATATAC,A196K,1,1
-0.4824,0.01076,GCACCAATAATTACCA,N158Q,1,1
-0.4826,0.05132,TTAGTACTTTCACAAA,V413A,1,1
-0.4826,0.01711,AATCCACAATTCTTAA,N22W,1,1
-0.4827,0.004176,TGACACCTATTGCATA,P55M,1,1
-0.4828,0.01247,GAAAACCCTCCAAATT,,0,0
-0.4828,0.00251,CAGTATGTATTTAATC,R33M,1,1
-0.483,0.0794,TCTACTAAACCAAAGT,A212V,1,1
-0.4831,0.005825,TTGAACACTAAGATAG,,0,0
-0.4831,0.004414,CTGCGCACTTTATCTT,,0,0
-0.4833,0.009938,CTAGACTTTCTCACTA,,0,0
-0.4833,0.01562,GTACTATAGTAGAATA,V102M Q376G,2,3
-0.4833,0.02186,GAAATTATCCCATAAA,E325F,1,1
-0.4834,0.01029,ACTAGCAACCTGATTT,K278A,1,1
-0.4834,0.007882,ACTTGACCTTAGATAT,,0,0
-0.4834,0.02364,GACAATTTGAAAACTC,,0,0
-0.4835,0.009209,AAGAGAATCAAACTTG,G263A,1,1
-0.4835,0.04167,ATACACAATTCGATAG,R383A,1,1
-0.4835,0.04167,TTTCACCGTACTGGTT,I481C,1,1
-0.4835,0.006681,ACCGGCATCAAGGTAA,Y233Q,1,1
-0.4836,0.02574,CGCATTGAATCATCAT,G275I,1,1
-0.4836,0.007611,ATAAAGTTGAGGCACT,S107L,1,1
-0.4836,0.01199,CACTTACTAGGAAAAA,I48A,1,1
-0.4839,0.01718,AGTAAGTAAAGGTGCT,T451M,1,1
-0.484,0.02306,AACAAAAAGTCACAAA,I300C,1,1
-0.484,0.02306,TGCTCACTAGACTCTT,A212K,1,1
-0.484,0.01826,AAATCTTTAATCAGAA,E401K,1,2
-0.4841,0.02505,AATAGTTATGACACGA,Q211C,1,1
-0.4843,0.004387,GTTTTCCACTCCCACA,,0,0
-0.4843,0.01111,ACTAAAGATAATAATA,,0,0
-0.4843,0.02742,TTCTAGATTACTCAAA,N498W,1,1
-0.4843,0.01487,AACAACTTAAATGAGA,T187E D291E,2,2
-0.4843,0.01487,AGGAATTAATTGTACA,,0,0
-0.4844,0.02251,GGAGGACCTGTGTCTA,E484H,1,1
-0.4845,0.008205,TTTACATACCATATAC,,0,0
-0.4845,0.01394,TTTAATGAGCCAAATT,S144Q,1,1
-0.4848,0.009251,TCCAGACATTAAAATT,K446N,1,1
-0.4849,0.005941,TTATCTAACTAATTTA,D493G,1,1
-0.4851,0.01353,AGATAAGTCAGTGTAG,N133M L157V,2,2
-0.4851,0.01999,CCAGTGATTCAGATCC,K326I,1,1
-0.4852,0.02933,ACGACAACACACCCAA,K276S,1,1
-0.4853,0.007398,GGATAGTGCCTGGATA,D104N,1,1
-0.4853,0.05502,TTGTATTAGCAATGAA,I160V D461H,2,2
-0.4854,0.02147,AGTTTCCCACCGTACG,D85R S124N,2,4
-0.4854,0.004135,GTCGAAAAAGAAGAGA,E443Q,1,1
-0.4854,0.01144,AATCTATTAGATCCAC,P239M,1,1
-0.4857,0.04407,ATACTACTCGTCACAC,N94V,1,1
-0.4858,0.02844,ACCTAACAAACCTCGG,G142R,1,1
-0.4859,0.005654,CTTCTTAGTGTTAACT,,0,0
-0.486,0.01225,CAGAGCGGACATAATC,,0,0
-0.4861,0.02263,GGAACGAAATTGGTGT,R405F,1,1
-0.4861,0.01635,TCACGGCTAGCACAAT,Q295H V490D,2,3
-0.4862,0.01279,CTTAATCCAAAAAACT,,0,0
-0.4862,0.03153,GAAATACCATCATACA,K452F,1,1
-0.4862,0.02053,ATCCAAAAATCCATGA,K310T,1,1
-0.4863,0.01424,AGCAACGAACACCCAC,,0,0
-0.4863,0.01424,TGAGCCGCTTCAAAAA,Q211S,1,1
-0.4863,0.01338,CGGACTAACCTAAAAA,D291G,1,1
-0.4864,0.02454,ACTCTCAAAATAGATT,M168H,1,1
-0.4864,0.01194,GACTCGATTAAGTGAA,L59A,1,1
-0.4865,0.0221,AATACCTGTATCACTA,I331M,1,1
-0.4866,0.04209,AACCAAAAACTAGCAA,,0,0
-0.4866,0.004755,GCAGTACCATGTCTAC,K171M K450Q,2,2
-0.4867,0.0158,ACCCCCCCACGTTACA,R222S,1,1
-0.4869,0.02392,TGTTATACAAAACGAC,,0,0
-0.487,0.00506,TTAACCAAAAAAATCT,,0,0
-0.4873,0.1477,AAAGCGTTTTATAACG,K140V,1,1
-0.4873,0.04923,GAACTCTAGTTATCCT,,0,0
-0.4873,0.04028,GCTAGCAAACATTAAA,N126W,1,1
-0.4873,0.02332,ATTAAAAACGCGATAA,,0,0
-0.4873,0.08862,CTGATCCGAGCTAGAA,L420M,1,1
-0.4873,0.08862,GCGTTTTTTTAGAAGA,L15V,1,2
-0.4874,0.004741,CATTTGACTCCAGCTT,Q356E,1,1
-0.4875,0.01123,TAAGGAAAAATATTGT,K450Y,1,1
-0.4875,0.01249,CATTATTATTGTGAAA,S156V V490L,2,2
-0.4876,0.01324,GAACTTTAAGCCCCGA,W234F,1,1
-0.4876,0.0174,TAAACCTGAGTGCTGT,A93S,1,1
-0.4878,0.008454,AGTAATTCATGATTTG,S110Q,1,1
-0.4879,0.03289,CTACGCATTGCACCTT,,0,0
-0.488,0.01217,CACGATGACCCTAATG,,0,0
-0.4883,0.01071,ATGAAACGAAAGACGA,T318V,1,1
-0.4883,0.01347,GAAAAAGTAATACCAA,R299P,1,1
-0.4883,0.01347,TACACTACTTACTGGC,,0,0
-0.4883,0.02779,TTAGTTGCATTAATTG,S115Y,1,1
-0.4884,0.006589,TGGAATCTAATAACAG,N81E,1,1
-0.4884,0.05929,AATTCCCATAGTTCCT,,0,1
-0.4884,0.05929,CATTGAACTGTTAACA,L86K,1,1
-0.4884,0.05929,TCCCTCAACCTAAAAT,N290C,1,1
-0.4885,0.0217,TATTCAAATATTGATG,,0,0
-0.4885,0.01648,ATAGCCCCAAATTCGG,I481L,1,1
-0.4885,0.01328,CTGACATGAGGGTACC,I274T,1,1
-0.4886,0.02406,AATTACTACGCAATTT,S143-,1,1
-0.4887,0.01236,CACGCTCGGCTTTAGC,K472G,1,1
-0.4887,0.01936,TTGGGCGGATGCGCTA,T187M,1,1
-0.4888,0.002058,CTTCTACTTCCTCACC,M168F,1,1
-0.4888,0.02699,AATTAAACCCATCTTT,,0,0
-0.489,0.03073,AAACAAAGCTAAAATC,,0,1
-0.4892,0.01462,AGCAAGATTCAATTAG,K417D,1,1
-0.4892,0.01715,TGAAATACCAAAACCC,K50E I242G,2,2
-0.4893,0.03568,ACTGCGATGGCAAGCT,I232L,1,1
-0.4893,0.03568,GAGAACAGTTTTAAAA,Q407M,1,1
-0.4894,0.05576,CGAGAACTTATACTCC,,0,0
-0.4894,0.005476,ACCTCTACAATGTATT,,0,0
-0.4894,0.01439,TAAATAGTAGAAAATC,Q371E,1,1
-0.4896,0.01418,ATAGAAAAAGTATTAT,K417E,1,1
-0.4898,0.01146,AATCGAAAGCCCAGAA,E172K Q501T,2,2
-0.4898,0.03437,CACAACTAATACATAG,,0,0
-0.4899,0.01397,GTTGACTTAGAAAATT,D60N,1,1
-0.49,0.02884,CAAAATAAAACAACAA,R224T,1,1
-0.49,0.01132,ATTATATCTAAAGACC,N285R,1,1
-0.49,0.02484,CATGCTCGCTAGCATA,K397F,1,1
-0.49,0.07452,TCGCAACTAGTTTCAA,L428R,1,1
-0.49,0.003481,TGACCTTGATTAGATG,,0,0
-0.4902,0.01945,GACTAGCGCATGTGGG,G129S,1,1
-0.4902,0.05263,TAATAATACCGTAAGA,,0,0
-0.4902,0.003874,AGTACTTACAATAACT,R92K,1,1
-0.4902,0.01598,TGACGAACTATAAATA,,0,0
-0.4903,0.01467,ATGCGACCACTTACTA,,0,0
-0.4903,0.004761,TAATAACACACATAAA,T416M,1,1
-0.4905,0.01571,GCTAAAATATTATATA,T65F,1,1
-0.4905,0.01444,TTGCAACTCCGTAAAG,R456G,1,1
-0.4905,0.01163,TACAAGCTTTAACACT,T12W,1,2
-0.4906,0.002442,ACAGTAGTCGATAAAC,K450G,1,1
-0.4906,0.006738,AAGCGCATATTCGTTG,T328W,1,1
-0.4907,0.01149,GCGAACCGGTTAAACG,S198F,1,1
-0.4908,0.005978,CGGTGCACCAACTGAT,,0,0
-0.4909,0.013,ACTTAAATGAATAAAA,Q376N,1,1
-0.491,0.01661,CGGTACTGCATATTTG,E344V,1,1
-0.491,0.04983,GAGTTTCTAAAGGGCT,,0,0
-0.4911,0.06903,TATCATAGTATAATTA,,0,0
-0.4913,0.008314,GGTATGCCCGCCGACA,S199Y,1,1
-0.4913,0.01361,AGATACATGATGGAAA,K2P,1,1
-0.4914,0.1123,AGACACCTACTACACA,F192I,1,1
-0.4914,0.006112,AAGACAACAACTCCCA,N290P,1,1
-0.4915,0.02568,CTTGCTTATTTAGAAA,,0,0
-0.4917,0.02997,GGCTACGATAGGTGGC,S193A,1,1
-0.4918,0.01215,TAACATAAATACTCAA,K411T,1,1
-0.4919,0.009276,ACGAGAAATAAGTCGA,,0,0
-0.4919,0.012,TCCAATCTATGAGATT,D32M,1,1
-0.492,0.06429,CAAAACGGCCATAAGC,,0,0
-0.492,0.06429,TAGTCTTAAACAGATC,S114Y F294L,2,2
-0.4921,0.005087,CACTCAAACATGCAGG,T451V,1,1
-0.4921,0.01185,GATGATGAGCTTCTGA,E401G,1,1
-0.4921,0.01876,AGAAGACGAGCGCAAC,,0,0
-0.4922,0.008577,GTCTTAACAACAGAAT,,0,0
-0.4922,0.02434,TTACTAAATCCAACCC,D188G,1,1
-0.4922,0.04504,CAATAATTTAAAAAAA,D104S,1,1
-0.4923,0.009485,AAAAGCGAAGTGTAAA,,0,0
-0.4926,0.006535,GCTTAACAACACTTTC,S198N,1,1
-0.4926,0.01455,ATAATACCGCATTCAA,S46N,1,1
-0.4927,0.009206,TATACATGCTGCTCTG,E344Y,1,1
-0.4928,0.02314,ACATCATAATTATATG,G479Y,1,1
-0.4928,0.01037,CTATCCCAAGATTATT,A304F,1,1
-0.4928,0.03342,TGATCTGATCACTATA,I395N,1,1
-0.4928,0.1003,AACAATCAATATATAT,,0,0
-0.4928,0.1003,CGCTAATAATTACATT,,0,0
-0.4928,0.1003,TATTCAAAATCGACTA,,0,0
-0.493,0.002942,CCCAGACCATCCAAAA,P239Q,1,1
-0.493,0.01737,TTAACCAAATACAAGT,H184M E344G,2,2
-0.4931,0.02258,TTGACTTGAACCCACG,,0,0
-0.4931,0.003449,ACGTGCCAGGCACGAC,,0,0
-0.4931,0.008365,GTATTGAACTCTACGA,,0,0
-0.4932,0.01159,CATTAGGCCCCTTTCC,,0,0
-0.4933,0.008693,TCAATTCCCCATACAC,E172Q D419Q,2,2
-0.4934,0.02205,TACTAAAAGCAGTAAG,R224T,1,1
-0.4934,0.01239,CGAGTTGATTTACGAA,P221M,1,1
-0.4936,0.02154,TATGAGAGCAGATCTG,K411A,1,1
-0.4936,0.01331,ACCAAAGAGGCGTGCC,T416N,1,1
-0.4936,0.01331,CCTAACCACCTGCACA,,0,0
-0.4936,0.01331,GTAAATACCTTATATT,S149M,1,1
-0.4939,0.03019,GAATTATTGAGCAAAA,N38D R208K,2,2
-0.4939,0.09057,TTCGTCCAAAAAGCGA,S54D,1,1
-0.494,0.01176,AGAAACAAAGGCATCT,V406I,1,1
-0.4942,0.03777,AAACTCTGTCTTCCCA,R220T,1,1
-0.4942,0.03777,AACTATAATTTATCGC,K276W,1,2
-0.4942,0.03777,ATGAACTATCCAGAAC,G386E,1,2
-0.4942,0.03777,CACTAACATATAAAAC,,0,0
-0.4943,0.02925,ACAACACCAACGAACA,G62W,1,1
-0.4943,0.01537,CAATAACACACCAATA,K411T,1,1
-0.4944,0.00965,ACCGGACACACCAATC,,0,0
-0.4945,0.02327,TACAAACCGCAGGTCA,T128P,1,1
-0.4946,0.0102,TTAAGGCGAACTTAAC,,0,0
-0.4947,0.05044,TAGACCCCGATCATAG,D7E A459S,2,2
-0.4949,0.003901,ATCTGGAAGACTAAAA,I282N,1,1
-0.495,0.01623,ATCAAACCGATCTTAT,V323I,1,1
-0.4951,0.004942,TACTTGGAAATTAATT,,0,0
-0.4951,0.01856,GTGAAGAAGAAAAGGA,,0,0
-0.4951,0.02674,TCGGACCATTCATACG,L381M,1,1
-0.4952,0.04786,TACAGATAACTTTAAA,I34A,1,1
-0.4953,0.01819,AAAATGACTCCAACGT,G479F,1,1
-0.4953,0.01123,ATTTATAATCCCAATG,A93T Q173W,2,2
-0.4955,0.007462,CCGCGAGAACCTAGTA,R92F,1,2
-0.4956,0.0253,AAATTTTCGCACGCAA,S114N,1,1
-0.4956,0.0207,GAAAAGGAATAAATTG,N81K,1,1
-0.4956,0.07589,TTTGGGGAGAAACTAT,T328E,1,1
-0.4957,0.009796,ACAGACAAAATACATA,Q371E,1,1
-0.4959,0.008212,AAGGCGCTTAAGCAAA,,0,0
-0.4959,0.01302,GATTGGAGAAAATCTG,K450H,1,1
-0.4959,0.0147,GATGAAGGCCAAATAA,,0,0
-0.4959,0.01688,AAGATTAATCCCCAAA,I242H,1,1
-0.496,0.005921,CTCATTCATTTAATTC,K121G,1,1
-0.496,0.04342,CTAAAATAATATCTAA,R109Q,1,1
-0.4962,0.006471,ACTTCCATGTAAGCAG,,0,0
-0.4962,0.01941,TAGAAGGACGTGACCA,H18I G386E,2,2
-0.4963,0.006383,TCTCCTAACGCAGATG,V20K,1,1
-0.4963,0.0702,AACGTAATGTTCACTA,K278F,1,1
-0.4963,0.0702,GTTTCTTGAGGATTGT,,0,0
-0.4963,0.004475,ATGATTGCAGAAAAGT,N216V,1,1
-0.4964,0.01087,ACTATGACATCACGAG,N63K,1,1
-0.4965,0.02946,AGGATTTTCCGGCTCA,K310Y,1,1
-0.4965,0.00525,AATTACCTGCTACCAT,Q57Y,1,2
-0.4967,0.01828,AGCTGATTAAATGGAA,,0,0
-0.4967,0.008704,AAAATTTGGTGTTGCC,T37C,1,1
-0.4967,0.00129,TATGATAAAAACTACT,D271T,1,2
-0.4967,0.01172,GGTTGACTCAAGTACA,R299Q,1,2
-0.4968,0.01157,ACCTCTTAGTTATGGC,S114W,1,1
-0.4968,0.06531,GCACCATCCGATGTAA,,0,0
-0.4968,0.06531,TGGTAAGATACCGGTT,T318A,1,1
-0.4969,0.02771,ACCGCGAAATCTTTCA,N22Q,1,1
-0.4972,0.0208,ATAATTGAAAGGATTA,T135F,1,1
-0.4972,0.0208,CGCATTATTAGCAAGG,G275T,1,2
-0.4973,0.02617,GCCCCTTTACCCTGAA,D32Y,1,1
-0.4973,0.01665,ACCAGAGGTAAAAAAA,E119T,1,1
-0.4973,0.06105,TAAAGTCTAATTAAAC,S115T,1,1
-0.4974,0.004019,ACTGATGCTCTAATTC,,0,0
-0.4975,0.005148,CGGGAAAATAAATTTA,,0,0
-0.4975,0.006191,TACATAACAGTTTAAA,G62V,1,1
-0.4976,0.002804,ACCAATAAAACATTGG,Q371S,1,1
-0.4977,0.00125,AGATTTTACAGGGTCC,I3V F332L,2,2
-0.4977,0.02478,TTAAAATTAACTGACA,T187K,1,1
-0.4978,0.01911,TTCCACATAGTCTATA,,0,0
-0.4979,0.03397,CCGAAGCAAATTCAAC,,0,0
-0.498,0.02354,GAATACAACAACTGTA,K368E,1,1
-0.4981,0.03279,CATCGAATAACGTGCG,E484S,1,1
-0.4981,0.004415,TAGAGTGCCAAAATCT,,0,0
-0.4982,0.05401,TCAATCAAAATATATT,,0,0
-0.4983,0.01225,CACAAAGACTGTTTTC,S199M,1,1
-0.4983,0.01766,AAAAAATTAAACGTTA,,0,0
-0.4983,0.03168,ACATATCTTAGCAGGC,E432L,1,1
-0.4983,0.03168,CTAAACGTTACATCAC,G504I,1,1
-0.4983,0.03168,TGCGGAGAATCTAACC,Y302K,1,1
-0.4984,0.02241,ATTACAAACGATTGAA,A430C,1,1
-0.4984,0.01734,TAAGCCCTCAACAATT,D271W,1,1
-0.4985,0.006169,GATTAAAAAGTCGGAG,,0,0
-0.4985,0.03064,TCTTGTGACTTGCGGG,L194M,1,1
-0.4985,0.1532,TTGACTGATCTTTCTC,R201K,1,1
-0.4985,0.05107,TTTAATAAACTCATCG,G62R,1,1
-0.4986,0.0101,TCAAGAGCATAGTAAG,Q44W,1,1
-0.4986,0.01164,GAACACCACAAGGTAA,G129S,1,1
-0.4986,0.01164,TTCCAAACCCAATGAC,S96N,1,1
-0.4986,0.01672,TAAAAAACACAGCATT,,0,0
-0.4986,0.00713,CTAAAAATCAACATAT,I267S,1,1
-0.4987,0.01353,CCTACACATCACCCAA,I160V R220A,2,3
-0.4988,0.02091,AAAGTATTTCAGAATC,D493G,1,1
-0.4988,0.02091,AACTCTCCTCCACCAC,D225M,1,1
-0.4989,0.008369,AAGATTGCACTTTGAA,K238E,1,1
-0.499,0.001622,AAAATACTATCAGTCC,,0,1
-0.499,0.0156,CAACGACAGTACTCTA,R224D,1,1
-0.4991,0.01535,CTTAGTGACATTAAGA,K264E,1,1
-0.4992,0.0151,ACAATCCAAAAAAAGA,D104G E325K,2,2
-0.4993,0.01213,TAGCCCTCAATCTCAT,K2G,1,1
-0.4993,0.02633,AATAAATAAGGAATTT,K82I D493K,2,2
-0.4993,0.04389,ATGAGGTGAGTACTTA,,0,0
-0.4993,0.02633,TCCCGACCTTCCCGAA,I3A,1,1
-0.4993,0.1317,TTGCCAAACTCCTTAT,D188K K278L,2,2
-0.4994,0.003718,GACATACATACCTGAA,,0,0
-0.4996,0.04192,CTTACCAAAATAAATA,K2F,1,1
-0.4998,0.04013,GCATAAAAGAAACGAG,D366S,1,1
-0.4999,0.01679,ACATTAGTCCAACCGA,A304L,1,1
-0.4999,0.1154,AAAACTAATCGAGAAA,Q75N L154M,2,2
-0.5,0.008715,ACTAGTACATGTAAGA,K453V,1,1
-0.5001,0.03696,ATACATACTCCATGAG,I282C,1,1
-0.5003,0.03556,CAGAGGCCAAAGCTTT,,0,0
-0.5003,0.01516,TTAAAGGTCAAAAGTT,,0,0
-0.5004,0.1028,TCAAGCAGATTACATA,Q311P,1,1
-0.5006,0.01402,AGGTAAATCATTGAAA,D493N,1,1
-0.5007,0.008734,TCCCTTATAGATCCAT,,0,0
-0.5008,0.03087,CCTCCAAACTTACTGT,Q363E,1,1
-0.5009,0.008345,ACAAATATTTAGTACC,A69L,1,2
-0.501,0.02896,AATCGATCCAGACAAC,R208E,1,1
-0.501,0.02896,AATTCATATTATATTT,,0,0
-0.5011,0.08428,AACCTTACAATGTTTC,G78L L157K,2,2
-0.5011,0.02809,ATGGATAATATCAAAA,Y233E,1,1
-0.5012,0.002845,GGCACCCACGAAAATC,I160D,1,1
-0.5013,0.0265,TTTCTTTTCTCACGTC,N483S,1,2
-0.5014,0.07732,CATACTATGGTACTAG,K207R,1,1
-0.5014,0.07732,TTACACGAATAAACAC,I335F,1,2
-0.5015,0.003024,GAAATGTTACATCAAA,S219L,1,1
-0.5016,0.01429,AAAGTTGCCAAACGAT,D291T,1,1
-0.5016,0.07142,CTGTTCTGAACACTCC,I214Y,1,1
-0.5017,0.007805,GTCATGGAAAAATCAC,Q371T,1,1
-0.5018,0.06636,AATAATATGCGAAGTT,N6A,1,1
-0.5018,0.02212,CAGAAAATAACGACAC,,0,0
-0.5018,0.06636,GATGTGATCACTTAAC,,0,0
-0.5019,0.009112,AATACTGTAGTCGAAC,R208T,1,1
-0.5019,0.009112,GTGTAATAACATTCAC,F467V,1,1
-0.502,0.003675,TGAATTGTAGTATGTT,S193Y,1,1
-0.502,0.02066,TGTATTAATAGAAATG,,0,0
-0.502,0.06197,AATTTCGTATAATGGC,,0,0
-0.5022,0.05813,AATCTCCAAGTCGGAT,,0,0
-0.5022,0.01938,CAGAAGCGTAGATCCA,G62V R222T,2,2
-0.5022,0.006415,AATCATCTAAGCAGAC,T135V,1,1
-0.5022,0.01898,CACGTGACTCTCTGCT,N285G,1,1
-0.5024,0.005854,CTGGGCACATGGCTAG,,0,0
-0.5024,0.05171,TACCTTTACACAAGAC,K450R E457D,2,2
-0.5024,0.00733,CAACAATCATCATAAA,K207V,1,1
-0.5025,0.01662,TTAAACAACATGATCG,E325F,1,1
-0.5025,0.01634,TTGATTTACTGGATGT,V182L,1,1
-0.5027,0.04436,ACAAAAAAAAAAAAAC,Q407S,1,1
-0.5027,0.04436,GGACGTTACCATAATA,I252M,1,1
-0.5027,0.008549,CAATGTACTAGGCTTT,E494L,1,1
-0.5028,0.01391,TATATACTAGCACATA,,0,0
-0.5028,0.004614,AGTGGTGATAATAATA,,0,0
-0.5028,0.008176,ATATACTTTGACGCCA,,0,0
-0.5028,0.01351,CAAACTAAGCTTTATG,,0,0
-0.5029,0.01277,TAATCAGCTCAAGCCA,S279D,1,1
-0.503,0.003331,GGACAAAAGAACAATT,E414D,1,1
-0.503,0.03587,CTAAACGCAGGAAGCT,E390S,1,1
-0.5032,0.006435,TAGCACAAGCAATAAA,N133E,1,1
-0.5033,0.02829,CACGAACATTAATAAC,K387R,1,1
-0.5035,0.007916,TGGGCTAAAATGACTA,,0,0
-0.5038,0.01484,CCTCAGCACCAGTTAG,Q311H,1,1
-0.5041,0.008281,ACTGAAAATAAAAATT,,0,0
-0.5048,0.003753,AATAGAAAGTGATGAC,K503M,1,1
-0.5048,0.0113,CCGATAAGTCCAACTA,N45V,1,1
-0.5049,0.0138,ACCGCAAAAAATATAT,,0,0
-0.5049,0.0138,CTTAAAATGAAACACT,,0,0
-0.5051,0.006218,AATACTTTTACCGAAC,,0,0
-0.5051,0.01878,TCAGCGGCTCCTTACA,Q132L,1,1
-0.5052,0.006756,ATAGAGATCGTTTCAC,L111Y,1,1
-0.5052,0.02041,TACATAAATCAAAACA,,0,0
-0.5054,0.009125,AAATACCCAAACTAAT,S144R,1,1
-0.5055,0.02848,GATTTTGAGTAATCTG,S96T,1,1
-0.5057,0.03359,AGACGTATCTACTATG,,0,0
-0.5057,0.03359,GAGTGTAAAAAACTAA,,0,1
-0.5057,0.00224,GATAGAACTTCCTAAA,,0,0
-0.5057,0.03484,CACTATGATGGTCAAT,K259M,1,1
-0.5058,0.007074,GCGGAACCTACCCCCA,G240M,1,1
-0.5058,0.01238,ACAATATAACTGATTT,,0,0
-0.5058,0.03764,TACAAAATGGTACTCA,S137L,1,1
-0.5058,0.03764,TTACTTACCTAAACTA,D188F,1,1
-0.5059,0.01345,AACGCGCGACATATTC,,0,1
-0.506,0.0428,ACCATAACAAATATAC,L71V S143N N445E,3,3
-0.5061,0.01471,TTCAATCGGCATAAGG,Y105P,1,1
-0.5061,0.04485,GGAACAAGTTTCACAC,V20T N498Q,2,2
-0.5063,0.04959,AAAAGATTAACGCTAT,,0,1
-0.5063,0.04959,AACAAATTAGAAAATG,,0,0
-0.5063,0.002946,ACAGCAACACAATCCC,P284T Q327F,2,2
-0.5064,0.01025,ATTAAAGACTGACAAC,D291T,1,1
-0.5064,0.05237,TAAAAATAAACTAACT,N341A,1,1
-0.5066,0.01886,TCCAACAACTTAGACC,N22W,1,1
-0.5066,0.01925,ATGCATATAGATGAAT,,0,0
-0.5066,0.002008,TCGTTAATAGAAATTA,L157K,1,1
-0.5067,0.01965,CAGCAATGATACTAAT,N31E,1,2
-0.5067,0.05896,TACAACATTATGCATA,K140I,1,1
-0.5068,0.02051,TGAGAAAATATATAAA,G263K,1,1
-0.5068,0.01258,ATATCACAATCATGCA,,0,0
-0.5069,0.004943,ACACACCGCCTGCCAT,,0,0
-0.5069,0.02145,TTACTCGTCTTCATGC,,0,0
-0.5069,0.009443,AGGAAACTCATAATAA,K453A,1,1
-0.5072,0.01432,TCATCGTGCTTTATTG,V204I,1,1
-0.5072,0.07269,TACTACCCTGAAACAC,R222Q,1,1
-0.5073,0.00685,GCAGCTGCCCTTTCAA,,0,0
-0.5073,0.01087,GACGGAGGTAGGCACC,Q75R G129D,2,2
-0.5073,0.01525,TTATATTAGTCAAAAG,Q376K,1,1
-0.5074,0.003354,GCTAACAAAAAGAAAT,,0,0
-0.5074,0.0788,AACGTGGCCTAATTTA,,0,0
-0.5074,0.006063,TTCCCCGTGAAAATCA,Q80M,1,1
-0.5075,0.007333,GCAGTTATGATTTAGC,,0,0
-0.5076,0.004361,TTCATAACTTGATGTA,Q454N,1,1
-0.5076,0.003114,TTTAATGATCTGGATA,L111T,1,1
-0.5076,0.0169,CAAAAATGTCTAATGA,,0,0
-0.5077,0.004508,ACAGTTGAATCGATCT,R141C,1,1
-0.5077,0.08604,ATTAGCTAACATAGCA,R201S,1,1
-0.5079,0.007069,AGCACACAAATCACCT,V213H,1,1
-0.508,0.003257,GCTAAGTGACTGTATT,T485R,1,1
-0.508,0.09474,AAACCGATTAATACAT,D493K,1,1
-0.508,0.09474,ATTCCCAAGAATTCAG,P169V,1,1
-0.5081,0.008858,CTTTGCCCTCGTAGCT,N296A,1,1
-0.5084,0.006081,AGCATAAAGTACTATG,I160D,1,1
-0.5086,0.0365,TATCTGCCAACCGACA,S137R,1,1
-0.5086,0.02208,ACAACACCGTTTCCGT,D438T,1,1
-0.5087,0.01582,ACCATTAAGATTAAAT,Q164L,1,1
-0.5088,0.006688,GTATAATCTGATCCAG,,0,1
-0.5088,0.005427,TAATTGGTCCAAAACA,A93R D415T,2,2
-0.5088,0.01266,AACATAATATAACAAT,D487Q,1,1
-0.5088,0.03798,ATACTGATTTTAAAAC,,0,0
-0.5088,0.03798,CTAGGACCATTAAAAC,,0,0
-0.5088,0.003105,GAGACATACACCACTG,G78F,1,1
-0.5089,0.009049,AGCCCTGAGATCACAC,I242Q,1,1
-0.509,0.01697,TAATATAATATAACAA,A372G,1,1
-0.5091,0.003483,GAACCTGCACATACGA,,0,0
-0.5091,0.005342,AACCAACATTTACCGA,G404M,1,1
-0.5091,0.01761,AGCTCCAAATCGACCC,,0,0
-0.5092,0.005906,AAGGATTTGAAATGGT,,0,0
-0.5092,0.04134,GAAGCGACATTGGCAG,N489F,1,1
-0.5092,0.008268,TACTTAGATTCGGCAT,G129Y,1,1
-0.5092,0.01132,AAGTTTAAACAGAAGA,L420F,1,1
-0.5092,0.02502,TATTCTGCAAGCAAGC,,0,0
-0.5094,0.04325,AAAACTATTCATTTAT,G129D S442T,2,2
-0.5094,0.04325,CTTCCTTGAACCGAAA,G49L,1,1
-0.5095,0.02644,ATGACTCGAAAAATGA,N126D,1,1
-0.5096,0.04534,ACGTATAGACTAGAAT,T328S,1,1
-0.5096,0.136,TAATAATATATAAACA,,0,0
-0.5096,0.004389,TGTTGATTCACGGACC,T65W,1,1
-0.5098,0.02802,TATCGTAGAATATACA,T416N,1,1
-0.5098,0.01562,CACAACAAATTGATAA,,0,0
-0.5099,0.007504,GTGTAACTAAGCACTT,D60S,1,1
-0.5101,0.01644,CAATCAAAACTCAGCT,,0,1
-0.5103,0.01403,TACGATCATTACATTG,K189Q,1,1
-0.5105,0.03183,TGACCTAATTATGATC,I335M,1,2
-0.5107,0.0233,CTTGAACGAGGAACTA,,0,0
-0.5107,0.004191,AATATGGTTATGACAC,F79W,1,1
-0.5107,0.03295,AATTGTCTATAATTTA,V223H,1,1
-0.5108,0.006684,CATCGTGAATTAACTG,,0,0
-0.5109,0.05623,AAACACATTAAGCCTT,N424E,1,1
-0.5109,0.01125,AAGGTCTCGACTCGAT,,0,0
-0.511,0.01913,ACAACAAACCTCCGCA,R222S,1,1
-0.5112,0.03544,AATAATAGTCTAAAAA,N8E,1,1
-0.5114,0.01408,ACGGCACCAAGATTGA,K278E,1,1
-0.5115,0.0168,AACTATATATGGAATT,K238Q,1,1
-0.5116,0.02661,ACCAATAATAGAAAAC,E410Q,1,1
-0.5116,0.02083,ACTTTGGAATACCATA,D348G,1,1
-0.5116,0.009877,TATTAATATCAAAAGA,S199Q,1,1
-0.5117,0.007545,AAAAGACCCATAAAAT,R208D,1,1
-0.5118,0.01278,TTACAATCGGCGACAA,,0,0
-0.512,0.02821,GTAAAGTACGATCGCA,G142F,1,1
-0.5122,0.02909,ATCCCTTAAACATAAG,R229K T440M,2,2
-0.5123,0.06858,ATCGGGGTACCTTCAA,A69M,1,1
-0.5124,0.01601,TTCAGCACACCAAAAC,Q1N,1,1
-0.5124,0.04176,ACTTCGCTGAAAACTA,F174L,1,1
-0.5125,0.03002,TCTCAACAAGAACAGT,G504M,1,1
-0.5125,0.02343,ACCCATATCGTATTCA,I282N,1,1
-0.5125,0.02343,TAACATATTCGATAAA,E119M,1,1
-0.5125,0.01628,TTATGAGACGTTCAAT,S279C,1,1
-0.5127,0.01435,AAGTTGTTAAATTCAG,,0,0
-0.5128,0.004832,CAAGATGTCCTTAGAT,I374E,1,1
-0.5129,0.0148,ATAGTAAAAGTAGCAC,,0,0
-0.5133,0.008522,CTGAAAAAAATGTACT,,0,0
-0.5133,0.02093,ACCGATTTTTTTCTTA,R222C,1,1
-0.5133,0.006978,CCCGATCCAAACAGCT,G129S,1,1
-0.5133,0.03321,AAAAGTCAAATTTAGC,I67L,1,1
-0.5137,0.0482,ACCTCACATTAGTATA,,0,1
-0.5137,0.0482,ATCTACCCAGGGTCTG,,0,0
-0.5137,0.008928,CATTCGCTATTATAAT,,0,0
-0.5137,0.03443,CGGGGCGTAACAAGTA,,0,1
-0.5137,0.01854,CTTGTAAATTAAAACC,S205Y,1,1
-0.5137,0.08034,AAATAAAAGGGATGAC,Y470F,1,1
-0.5137,0.08034,GAAGCCCCTGCCGACC,P289S,1,2
-0.5137,0.08034,TTTTTTAAATTCTATA,I395M,1,1
-0.5139,0.01304,TCTAAGCCGACGATAC,L157S,1,1
-0.5139,0.003497,CCTCGTTATACACTAA,D408K,1,2
-0.514,0.03575,CCTCCCTGTTAAAGAT,Y302H,1,2
-0.514,0.01192,CGAATTGCATTTACGG,,0,0
-0.5143,0.01971,AGTAAAAAATATCCTA,K278H,1,1
-0.5143,0.00469,AGAAATAATCTAACTA,K326T,1,1
-0.5144,0.01534,GGACAATACGAGTAAT,,0,0
-0.5145,0.08788,AATACATCTCACTACA,,0,0
-0.5145,0.08788,ATACACTCAGGAGAAC,,0,0
-0.5145,0.02929,GAACGAAGACATTCGA,R201S Q371D,2,2
-0.5146,0.01151,TAAGCATTTAAACATG,,0,0
-0.515,0.007447,CATCTGAGCCACTGGT,Q57H,1,1
-0.5151,0.01863,AAGACGAGGCCACCTA,,0,0
-0.5154,0.05701,AAACAAACACTCGACT,,0,0
-0.5155,0.01515,AACGAACCAAGATACT,,0,0
-0.5155,0.01154,AAGTCACCACAAGATA,,0,0
-0.5156,0.008817,GCGTTGTAAGTTAATT,K2H,1,1
-0.5157,0.0154,ATGCTACGACGTTCAT,K121Q,1,1
-0.5157,0.02256,CAAAGAAAGCAGAAAT,E484S,1,1
-0.5157,0.004828,TTTACTCCTTACACTT,,0,0
-0.5158,0.04219,CGGAATACCGCAAACC,K140T,1,1
-0.5158,0.003479,AAAGATGATTAGCATA,D493E,1,1
-0.5158,0.01183,CCGGCTTCTACCACCA,T301I,1,1
-0.5159,0.01103,GCATACAAGCTATAAG,R482A,1,1
-0.5159,0.004601,AATAATAAACTATCTT,R255Y,1,1
-0.5159,0.01765,CTACTAAAAATTATAA,,0,0
-0.516,0.001294,CCATTCCTCCACTGTA,K131H,1,1
-0.5161,0.02776,CACTGGACACACTCAT,G78T,1,1
-0.5161,0.02776,GATGTGAATTTAGCTT,N165C G504A,2,2
-0.5162,0.01799,GCAGATTCGCGAACTT,,0,0
-0.5163,0.008836,CGCAGATCTAACAGAA,,0,0
-0.5165,0.008533,ATCTCATTTAGCTTAG,Q363E,1,1
-0.5167,0.01678,CATATAAGCGCTAATT,E414R,1,1
-0.5169,0.01708,AGCGAAAAAATAATGA,L381S K387M,2,2
-0.5169,0.01202,TGAAAACAATACGCGC,,0,0
-0.5171,0.002875,GACAATTTTACCCCTT,H488A,1,1
-0.5171,0.009461,CAGACTTAACCAACAA,,0,0
-0.5175,0.02268,AGTCATCTTTACTAGC,K397V,1,1
-0.5175,0.04878,TAATAAGGAATAGTTA,P55M,1,1
-0.5178,0.06974,TTGGCATAAATCTGAA,N296K,1,2
-0.5178,0.02325,CCTCTCCATAATGAAG,K292G,1,1
-0.5179,0.008138,GCATAAGACTTCCTAG,A106Q,1,1
-0.518,0.01684,GGAATTAAGATCACAG,D7A,1,1
-0.5182,0.02384,AAGAGCTATAAGGCTA,,0,0
-0.5182,0.02384,TCTTAAAACATAGTAA,N445S,1,1
-0.5182,0.01237,GTCAGTCTTCACAAAG,Q132V T301I,2,2
-0.5182,0.01438,TTTCATAAAGGTATCG,,0,0
-0.5183,0.05146,AGATATCCAAACTGTA,V20Q,1,1
-0.5184,0.01254,AGTCAATACATAACAT,K368T,1,1
-0.5185,0.04077,AACAAAATTGACTCAC,,0,0
-0.5185,0.1223,ATAATGAGACCTAAAG,S95V,1,1
-0.5185,0.1223,GATATACTATAAATAA,G78V A364V,2,2
-0.5185,0.04077,TTTCACATAATCAGTC,S358W,1,1
-0.5185,0.01112,AATGAAAAAGAACCTA,P221N,1,1
-0.5186,0.01604,ATCATAAGTAATCCTC,R354W,1,1
-0.5188,0.005411,AATTTCGATTCTCGCA,P273F,1,1
-0.5188,0.0288,TCAACTTAAACCTGAT,M268I Y412E,2,2
-0.5188,0.0288,TCATATACAGAAATAG,K310V,1,1
-0.5189,0.00345,ACTGTTTGCAAACAAG,H435Q,1,1
-0.5189,0.07535,AATCCATATCTTAAAT,S199Y,1,1
-0.5189,0.07535,ATACTAAACCAAGGTA,Y105E,1,1
-0.5189,0.07535,CCCTTATGGCGTTGCC,Q327C,1,2
-0.5189,0.005326,GACCTGAAAACAGTTA,Q75R,1,1
-0.519,0.02227,TCAACTTTGTAAAGGA,A39G,1,1
-0.519,0.001857,AGCAATATACTATCAG,T187D,1,1
-0.5191,0.009803,ACTAAGCTAAGATTAA,N497R,1,1
-0.5192,0.04262,AAACGGCCCGATAAAA,I242N,1,1
-0.5192,0.04262,ATGTTCAACGAGCACA,K264W,1,1
-0.5193,0.02972,TTAAAACACCTCCTCA,,0,0
-0.5193,0.02281,AAATTTATATACATTC,Y105E A476D,2,2
-0.5193,0.02281,AACTTAATTGCTTTAG,S279E,1,1
-0.5194,0.01691,ATTCTACATTTCTGCT,A304P,1,1
-0.5194,0.01443,CAACTTAGATCGGGAT,,0,0
-0.5196,0.007437,AAACCATAACGTAATG,Q57W S219Q,2,2
-0.5199,0.01755,CTAATAATAGACTTTA,T135H,1,1
-0.52,0.05781,ACAAAAAACACAGTGC,M462E,1,1
-0.52,0.004551,ATATAAAGAAACAATT,N133G,1,1
-0.5201,0.004682,CCAACTCGTCCAAACA,,0,0
-0.5202,0.08194,TCTAGACCACGTCAAC,Q75S H355I,2,2
-0.5203,0.01968,CATAAAAAGTTTAACA,V182S,1,1
-0.5203,0.002338,TAAGGCGTCAAATAAG,D60A,1,1
-0.5203,0.01118,CCTAAAGCGAGAATGC,K140A,1,1
-0.5204,0.006605,CTGTTATAACCATCTT,N190V G404E,2,2
-0.5204,0.01668,AATGATAATGCTCGAA,E432L,1,1
-0.5205,0.02461,TAAACACCCACAAACA,,0,0
-0.5206,0.005211,ACAACAGTAGGCCCCA,,0,0
-0.5207,0.00985,ACTCAAGTTGGAACCC,K82P,1,1
-0.5207,0.01368,AAAAGAAGCAAATCCA,,0,0
-0.5208,0.01471,AATATGTAGTCAATAC,I377V,1,1
-0.5209,0.008078,AATTGTGCCTCACAAA,,0,0
-0.5209,0.0116,AGTAGCATTGAAGAAT,M168S A430T,2,2
-0.521,0.01388,ACTACATTAAGTGATG,T187N I478V,2,2
-0.521,0.006087,ACATCTATAGTACTAT,H393N,1,1
-0.521,0.004652,CAATAATATAACCATA,,0,0
-0.521,0.003898,AAAAAAAGTCTGAACC,,0,0
-0.5212,0.02294,ATATAACCAACAAACT,G479W,1,1
-0.5212,0.01017,AATCGTTAGCTCATGG,,0,0
-0.5213,0.01189,TTTATATGAACTGACA,,0,0
-0.5215,0.008367,ACTGCTCATTTGCCAT,I232L,1,1
-0.5215,0.01431,TGACTTGCACGCTAAA,K121G,1,1
-0.5215,0.01646,TGTTACAATCTACTAA,N290C,1,1
-0.5215,0.008094,AGTGCAACAAACTAAC,,0,0
-0.5217,0.02993,GCGAAAAAACATGACA,,0,0
-0.5217,0.005551,AGCAATATTCGTTGTA,N22C,1,1
-0.5217,0.01453,AATTACCATCCAGGGG,,0,0
-0.5218,0.04118,CTTCTATCTTATAACA,,0,0
-0.5219,0.005617,TCCTCTTTTCTTGACC,N290S,1,1
-0.5219,0.008597,ATCTATGAAGAAAACG,V406L,1,1
-0.5219,0.007724,ATGTTTCTATCTACAC,,0,0
-0.5221,0.00529,GATCATTCCGAATACA,S149V,1,1
-0.5222,0.06595,TAATGCGAAAAGTATT,,0,0
-0.5222,0.03092,AACATGATGACAACCG,,0,1
-0.5223,0.01499,ATTACTCCCATTTATC,R141W,1,1
-0.5223,0.01192,CAGAACTGATCCAACT,P289C,1,1
-0.5224,0.0275,GCTTACCCTAATTCTC,,0,0
-0.5224,0.007675,TCTCAATCAGAAATTG,D408K,1,1
-0.5224,0.05211,TATAGGATAAATCCAA,,0,0
-0.5225,0.01624,ACAGAGATTTCACACA,S114D,1,1
-0.5226,0.01524,TCAACCTAAGGCGTAG,A304P,1,1
-0.5227,0.00652,ACACAAAATTGTGGGT,,0,0
-0.5227,0.01906,AAAATGTACTCTGATC,K82E,1,1
-0.5228,0.0367,GAAGATAGTTGCACAG,L367V,1,1
-0.5228,0.0177,ATCTGATGCGCTCACC,T65K,1,1
-0.5228,0.001613,AACCCGCTCTCGCTTA,K315R,1,1
-0.5229,0.003673,CTGTATCAAAACAAAT,S312G,1,1
-0.5229,0.02833,TTACATGGTCACGAGA,L13P D175R,2,2
-0.5231,0.009921,TAATACCTGTATGCCT,Q311W,1,1
-0.5235,0.01713,ACAGCCCGGAAACGGA,,0,0
-0.5235,0.02921,ATTTGTATTACAGTCA,F500W,1,1
-0.5235,0.03311,CATCCTTGAGTGACCA,N285T,1,1
-0.5235,0.02921,CATCTCTAAATAGAAT,,0,0
-0.5235,0.02614,CTATATCACAAACCTA,,0,0
-0.5235,0.09932,AAATACCTGGGTCAAA,R383Y,1,1
-0.5235,0.02365,ATTTAAGACCAGGACA,Q197V,1,1
-0.5235,0.1655,CAATCAGCTATACCTG,N31D E403S,2,2
-0.5235,0.01987,CCGTATTCAACCTGTT,,0,0
-0.5235,0.0382,TAATAGTCCACCACTC,F174Y,1,2
-0.5235,0.1655,TGTAAGCCAATTAAAG,,0,0
-0.5236,0.005372,AACTCATTTATAACAA,G263C,1,1
-0.5236,0.006172,TCTGGAACTTGTGGGG,L111K,1,1
-0.5236,0.00667,TACTTGATGGCACTCA,T313Q,1,1
-0.5237,0.009841,ACAGATCCGCAAAAAT,,0,0
-0.5238,0.006904,TCCGATAGCGTCTGAA,D32S,1,1
-0.5238,0.0153,ATTACCAAAAGATTGG,L71V,1,1
-0.5239,0.003932,CATTACCTAATACGAG,I67M,1,1
-0.5239,0.0203,TGAAACCCGGAACATT,K140L,1,1
-0.5239,0.007156,ACCCTTTATGTAATAC,N122E,1,1
-0.5241,0.03015,ACAGCTGACCCAGCTG,D415A,1,1
-0.5242,0.03432,TAACGAGCAGTGATCA,E344A,1,1
-0.5242,0.008732,GTTATAAACTAAACTA,K121D,1,1
-0.5243,0.01915,CTAGAGAGATGTTTGC,,0,1
-0.5243,0.03983,AGAATAAAGTATACAG,K140F,1,1
-0.5243,0.03983,TATCGATATATATAAG,K368F,1,1
-0.5244,0.01158,GTCACGGAAATACATC,N53M,1,1
-0.5245,0.04743,CATCAATCACACACTT,A106I,1,1
-0.5249,0.0172,AAATCATCCACACCAT,D77T,1,1
-0.5249,0.003538,CAACAACTACTGCGCA,T40D,1,1
-0.525,0.03563,ACATAATGATGCAAGA,T40Y,1,1
-0.525,0.03563,TAAATAATCGAAAAAA,I214F,1,1
-0.5251,0.07676,AAGCCAACCTATAAAA,D175K,1,1
-0.5251,0.07676,TAAAATGTGCAAACCA,K171V,1,1
-0.5251,0.00853,TCGACTTTACTCCTAC,E494I,1,1
-0.5251,0.01996,AGCCATAACTGTATAT,,0,0
-0.5251,0.01996,TATAGAAAATAGAATA,S145K,1,1
-0.5252,0.01636,ATTTATGGTACACAGT,L118I,1,2
-0.5252,0.04159,CATGGTAAATGATATG,,0,0
-0.5252,0.02853,TTACCCATAATCTAAA,K452N,1,1
-0.5254,0.01885,ATTCCAGAAGGAATGC,T65A D408A,2,2
-0.5256,0.00847,TCACCCTATCGAAACT,T440C,1,1
-0.5256,0.02631,ATTCAGTTTCCTACTA,I3Y,1,2
-0.5257,0.01176,GCACGATAACAAACGC,Q197G,1,1
-0.5257,0.006666,TTACGTCTTACTGTAA,,0,0
-0.5258,0.03704,CGGACTACCTTAAATC,,0,0
-0.5258,0.1111,ATAAAATTCATATAAA,,0,0
-0.5259,0.02942,GGAAACAATAACAAAT,,0,0
-0.5261,0.008412,CGACTAAGTAAAATTA,,0,0
-0.5261,0.006336,GCTTTAATAATTAATT,,0,0
-0.5263,0.02707,CGACTAGTTATTGATT,S110N,1,1
-0.5263,0.01268,AGAGCCCGTAATGATA,A212E,1,1
-0.5265,0.005568,TAACGGGCATGTACCT,R299M,1,1
-0.5265,0.003962,ATATTAGAGAGAGGCT,N475A,1,1
-0.5267,0.004361,AAGACCCTGACCGGTG,,0,0
-0.5267,0.01759,CCATATATGTGCAAAA,P55W,1,1
-0.5268,0.02006,CGTGACAAAATTACAA,K50M S205F Q210H,3,4
-0.5268,0.02006,GAGATACCTACAATAC,,0,0
-0.5268,0.01024,CATATTACCGATACCT,,0,0
-0.5269,0.08361,ACTTTAACCACGATAA,G200S,1,1
-0.527,0.03461,TTTAATGCTACACCTC,N63M N489K,2,2
-0.5271,0.004649,TTGAAATGAGTTCAGC,,0,0
-0.5272,0.04565,AAGTTGGGACGACCGA,G263C,1,1
-0.5272,0.01522,TCATCTCAGATAAGAA,K326C,1,1
-0.5273,0.01168,ATTAAATTCCAAACCA,,0,0
-0.5273,0.0314,TAACTAATATACAATC,R255K,1,1
-0.5274,0.0025,TGGGTCAAAATATTAT,T485E,1,1
-0.5274,0.02392,ACCATTTGTATGCGCC,H355I,1,1
-0.5275,0.006614,AAATATTAAATCAAAA,Q1H,1,1
-0.5276,0.02234,ATAAGCAGAAGATACC,G404M,1,1
-0.5276,0.04022,GGTGAACTATATAGAC,P239V,1,1
-0.5277,0.01143,ATCAAGAAGTAAGAAA,Q80V,1,1
-0.5278,0.01417,TAAAGCAAAACCTTAC,N6R,1,1
-0.5279,0.03594,AATACATAAAAAGTGA,Q57F,1,1
-0.5279,0.03594,CCTGATGCTGTTTACG,K315Q,1,1
-0.5279,0.03594,TTTACCTTATAAAGAG,R92H,1,1
-0.5281,0.05593,CAAATCTCACGTTTTA,T10W,1,1
-0.5281,0.008681,AAGTTGGCCTAACACC,,0,0
-0.5281,0.03248,AAAACAATTAAACCTT,N8R,1,1
-0.5281,0.03248,CGATAGCAATCTAAAC,K278R,1,1
-0.5281,0.01083,CAAACAGTAAGGTTCT,,0,0
-0.5282,0.006946,AAGTTACAAACCCACC,K140M,1,2
-0.5283,0.02964,CCACATACGACAACAT,G5N N216K,2,2
-0.5284,0.04799,ACCCCTCAAACCAAAA,,0,0
-0.5284,0.016,TAAAGTCCGTTTAATT,T328K,1,1
-0.5286,0.02521,GTCGTTTAGATACAGG,,0,0
-0.5286,0.005043,CTATCTAAAGAAAGCT,,0,0
-0.5286,0.1261,TTCCAGAATAGGAATT,K50V,1,1
-0.5287,0.0171,AGTTCTCATAAAAAGT,,0,0
-0.5288,0.002228,CACAACCGCCGACAGC,,0,0
-0.5289,0.02194,CCCATACCAATCAAAG,C76Y,1,1
-0.529,0.002767,ATTACACTCCCATACC,T65M,1,2
-0.529,0.009262,GCGCGACTTGTTCGCA,A93E,1,1
-0.5291,0.003714,TGCCATGGAAATACTA,E280K V323C,2,2
-0.5291,0.001506,CTATAATTAGTCATTG,,0,0
-0.5291,0.09181,CTCCTTTAGTGCCATT,K121A,1,1
-0.5296,0.05948,CTGAAACTCTGTAACC,,0,0
-0.5297,0.01775,ATACTTCCATTGTGCA,,0,0
-0.5297,0.01606,AACTTACACCTGAGAC,N8C,1,2
-0.5297,0.01606,TACGTCGATACAACAA,R482W,1,1
-0.5299,0.001889,TTCAAAATACCAGTTC,,0,0
-0.53,0.005787,GGAATCTTATCCTAAA,I242G,1,1
-0.53,0.02893,TAGAACCTGCTCAAGG,Q363A,1,1
-0.53,0.02665,CCGAAATCACTCATTG,I418R,1,1
-0.5301,0.01809,TGACGACTGCTCATAC,G504W,1,1
-0.5302,0.0149,GTGGAGATAATTGATA,,0,0
-0.5302,0.01221,CACAATGTCACCGAAC,G275D,1,1
-0.5302,0.01221,TGGATATAAGAATAAA,,0,0
-0.5306,0.00428,CAGTATAAACAATCTA,,0,0
-0.5307,0.02206,TTTTAAATCGACTCTA,N250G,1,1
-0.5308,0.02985,TTGTCGTTAATAACAA,H18Q S144F,2,2
-0.5309,0.01209,AGTCAATGAACATGAA,Q501Y,1,1
-0.5309,0.03626,TGAAAGGTATTACATT,N8K,1,1
-0.5311,0.01037,ACCCATGCGCATCCAC,N31Q,1,2
-0.5311,0.01782,AAATCTTAAACCTTAC,,0,1
-0.5311,0.05347,GTGAATATTCTTTCAG,S47K S145F,2,2
-0.5313,0.005775,TTTTAAACTTAACTTC,G5V,1,1
-0.5314,0.02421,TCCAGAGTGCGAAAGA,S262P,1,1
-0.5315,0.02607,CATTGACATTTAAAAC,P289Y,1,1
-0.5315,0.07822,ATACAATTGTAATTAT,K264T,1,1
-0.5315,0.01156,AACCGAAAGCGAAAGA,,0,0
-0.5317,0.0192,GCTTAATACACCTAAA,,0,0
-0.5317,0.01394,AGAGTATTCGCCTGAA,,0,0
-0.5318,0.03393,ATATCTACCGATGCTA,,0,0
-0.5318,0.03393,CCAGAAGTAGAAACAA,P273A,1,1
-0.5318,0.1018,GTAACTAAAACAAAAA,,0,0
-0.5319,0.005626,AGATATCATAAGTTCG,,0,0
-0.532,0.008857,TATGATACTCTATATA,N445D,1,1
-0.532,0.003718,ACTATAATTACGTTGC,,0,0
-0.532,0.005566,AATGAATGTCGTAAGA,V88I,1,1
-0.532,0.01306,TATTTGAATATTGCGC,K503D,1,1
-0.5322,0.01853,AGCGTCTACGTGCAAA,G129D,1,1
-0.5323,0.002457,CCATCTTGTCCGGAGC,D175Q,1,1
-0.5323,0.002655,CCTGAACATCTTACAG,P324V,1,1
-0.5323,0.01545,GTCATTTGCACACACG,H184F,1,1
-0.5324,0.02081,ATATCCAGAATTACTC,N290V,1,1
-0.5325,0.01378,TGTTTAGAAGTTGTTG,T318C,1,1
-0.5325,0.017,AAATCAATAGCGTGCT,N382S,1,1
-0.5325,0.0103,CATCACACTGGAAATC,N53W,1,1
-0.5326,0.03188,TTTTACCTAAAAACAC,A372D K503N,2,2
-0.5327,0.004457,CTTCACGCCTTAACTA,T187M,1,1
-0.5327,0.01501,CTGACCATAGACTAAT,K27A K387T,2,2
-0.5327,0.009814,GGAACTACACCCCAAC,F258T,1,1
-0.5327,0.0567,AAAATCTTGTTGGTTA,I288M,1,1
-0.5327,0.0567,GATATTGGCACTAACT,G240S,1,1
-0.5328,0.006898,AAGTAACTAAATCCCT,T128D,1,1
-0.5328,0.0352,GTTCATGCCAGGTACA,R269A,1,1
-0.5328,0.0352,TTAAGTTCATTACTAC,,0,0
-0.5329,0.02553,TAAGAAACAGGACATA,P324Y,1,1
-0.5329,0.009635,GTAAAAGTTGCACGAA,N483T,1,1
-0.533,0.006949,TTTCTACCTCCAACAA,I67V,1,1
-0.5331,0.005523,GAATAGAAAGTCAAAA,G142M,1,1
-0.5331,0.0393,GAATCTACCGTAACTA,P221I,1,1
-0.5331,0.0393,GATCGTGGACTAAACT,T416L,1,2
-0.5332,0.06814,TAAACTGTTATAAAAA,,0,0
-0.5333,0.01597,ACAAATCTTAGGCGTT,D408V,1,1
-0.5333,0.0009416,ACTCTCCGTATTTTAT,N38F,1,1
-0.5334,0.007465,CTCCCGTCACAAGGTT,N133L,1,1
-0.5334,0.01677,AATAACATCAATAACC,Q197K K450M,2,2
-0.5336,0.002115,TTATTGCTTTAGGTAG,T416C,1,1
-0.5336,0.03301,TAACAAGAGAATATAC,I67F,1,1
-0.5337,0.02624,CTGTGAGTATACTGAA,T235V,1,1
-0.5339,0.02845,AGAAAGCGAAAAGGTG,P169K V490S,2,2
-0.5339,0.05121,ATGAAGTACGAGTTAC,,0,0
-0.5339,0.05121,GACCAAAGAAATTATA,,0,0
-0.534,0.008468,CTTAATTATATTTACA,I260C,1,1
-0.5341,0.01798,ATACAATACCATGTAA,G240K,1,1
-0.5342,0.01192,TTAATCTAATGCACCC,,0,0
-0.5343,0.01899,GAAATTCTGGCAATGG,Q311E,1,1
-0.5344,0.04102,CACAGCGCAAAGTAAA,,0,2
-0.5344,0.0223,AGGACTCTCCGTATAA,I160E D487E,2,2
-0.5344,0.01531,AATAACATGAAGAATA,N498K,1,1
-0.5347,0.03421,CTCCGTCAAAAATTTC,K278S,1,1
-0.5347,0.03421,GACTTTCGTCATAGAA,,0,0
-0.5347,0.01833,TCAAACATACACAATC,H56S,1,1
-0.5348,0.007132,AGTGTAAAATACAGAC,,0,0
-0.5349,0.007553,ACCCAACAAGTTGAGA,R208S,1,1
-0.5349,0.04669,TTGGAAACTAACAAAA,N45P,1,1
-0.5349,0.01059,ACTTTATGATAATTTC,T135G,1,1
-0.535,0.002495,CATATAATCAAATCGC,N382R,1,1
-0.535,0.02569,TATTGTCCAAATTCTT,G479I,1,1
-0.535,0.005495,TCAGTAAAGACGTTAT,L244D,1,1
-0.5351,0.005906,TCCAAGCCGACATCAA,,0,0
-0.5351,0.1142,CAAAATCTGGGACATC,V213Q,1,1
-0.5351,0.007614,GAACCACTGACTAATT,L244I N483L,2,4
-0.5352,0.005528,AATATTGGATATCACA,D408S,1,1
-0.5356,0.007049,GGCTCCTATAAGCCTT,I48L,1,1
-0.5356,0.05417,ACAACAAATAATCCCA,M462Y,1,2
-0.5356,0.01084,CAATAAATATCTTAGA,,0,0
-0.5357,0.0429,CTCCAAAGATCATAGG,Y105F,1,2
-0.5358,0.01062,TAAATTACTTGTAAAA,S205N,1,1
-0.5358,0.003423,CTGAGCGGCCAACAAA,,0,0
-0.536,0.0161,GGAAATGCAGAATGCA,D7R S9I,2,2
-0.536,0.01493,CGATGTTACTTTAAGC,D291I,1,1
-0.5363,0.02515,TGCCCAGGACATCGCA,,0,0
-0.5363,0.02865,AAATCGAAAAATTGAA,E414F,1,1
-0.5365,0.01413,TTAAATACAGCAAGAT,L157D,1,1
-0.5366,0.01947,AATAAACTAAAAAGCT,A196G,1,1
-0.5369,0.09391,TCATATTTAAGTTACA,R33E F125W,2,2
-0.537,0.01161,CTCCCCTGCAATGTCC,I437L,1,1
-0.537,0.01161,GAGCAAGAAAGAAACA,,0,0
-0.537,0.003945,TAGTAAAATTAGAATA,D415N,1,1
-0.5371,0.002905,AAATACTAATCTTTAC,S219D,1,1
-0.5372,0.04496,CAAAAAATAAGACATA,G142Q,1,1
-0.5373,0.01055,TCATAATCTATAGAAG,E83F,1,1
-0.5374,0.02955,AATCATAATTAATCGC,R224Q,1,1
-0.5374,0.008842,CAATTCCCATACCTCC,S115E,1,1
-0.5376,0.01568,TTACCCCCTTACACGA,R208V,1,2
-0.5376,0.01067,TTTTATTGGCAGAACA,K238C,1,1
-0.5379,0.04143,AAATTCAAATTACAAG,K278W,1,1
-0.5379,0.04143,AGATAATCAAATCAGG,S219W Q501A,2,2
-0.5379,0.04143,ATAACGTATAACGCAA,V213Q,1,1
-0.5379,0.009169,TAAAACCGCCTTCCGC,,0,0
-0.5379,0.005483,TTGAACGATGATTACG,K326L,1,1
-0.538,0.03239,CCCTATTACGTTTAAC,R92W,1,1
-0.5381,0.01234,CGCAAAAACTATTATA,,0,0
-0.5381,0.02658,AAGTACAGTATTCCAT,,0,0
-0.5381,0.07974,CTACTTTATAAAATCT,S265T,1,1
-0.5382,0.0144,CTACTTCCGGACATAG,K131Q,1,1
-0.5383,0.00487,GCCCGCCTGATTATAT,N489H,1,1
-0.5383,0.05186,CCAACAGTCAGGATAA,S107R,1,1
-0.5384,0.01402,GTAACACAAATTTACT,S378K,1,1
-0.5385,0.01153,AATCAGCGTAACAGTC,K368F,1,1
-0.5386,0.0059,AACAATCTCACAACAC,,0,0
-0.5387,0.008653,CTAAAATTAGGGTCAA,F174V,1,1
-0.5387,0.009189,AGTAAAAAAATTACCC,Y105K,1,1
-0.5388,0.003352,ACTTTAGGTATAAAAG,K50W L154M,2,2
-0.539,0.003419,AAATAATATAGTTCCC,A196R,1,1
-0.5391,0.01529,CAATTAAGAACCAAAA,I274V,1,1
-0.5391,0.004159,TCTATTAGGATCAGAC,R269D,1,1
-0.5392,0.008454,AATCTTTTCAAACAAT,,0,0
-0.5392,0.01926,TAACAGGCATACTCAA,S262I,1,1
-0.5393,0.02213,GGAAAAATGTTAACCA,S95G,1,1
-0.5393,0.006014,ACAATTCCACAGCACA,Q173G I260V,2,2
-0.5394,0.01858,CCAAGAACGGACTGTC,K2E L367W,2,2
-0.5394,0.02601,CAGTTCTCATATTTAT,G5S,1,1
-0.5394,0.02601,TTATATTCCTTAGAAG,,0,1
-0.5395,0.006386,TCTATCAGAAGCACCT,K315I,1,1
-0.5395,0.02124,AAGTACACTACTAACC,S358D,1,1
-0.5396,0.03154,ACAAAATCTATATAAC,N296S,1,1
-0.5396,0.005984,CCTGTGACAAAACCCA,R383L,1,1
-0.5397,0.06126,TACCTCTTGTATTCAT,P169C,1,1
-0.54,0.007778,CCACAGCTCCTCGACC,,0,0
-0.5401,0.01043,ATACTAGAACATCCTA,V490I,1,1
-0.5401,0.01043,TAACTAAATGTTTATT,V166I,1,1
-0.5401,0.002759,GCACACATAACACAGT,L70I N489G,2,2
-0.5402,0.02818,CACATACGATTCAAAC,D77V,1,1
-0.5403,0.01213,AAATAGAAAGTATCTA,R229V,1,1
-0.5405,0.01321,AACCAAAAAACATTTT,S198A,1,1
-0.5405,0.1044,ATTTGTAAGAGTACCT,A196H,1,1
-0.5405,0.01491,GCGTCTACTACAGACG,G263D,1,1
-0.5405,0.1044,TACCCCCTTACGTCCC,Q57D,1,1
-0.5406,0.004297,CATCAAGAGTTTGTAC,,0,0
-0.5406,0.02547,TTTGCAGTCACTCACG,S145G,1,1
-0.5408,0.003129,TACATAATTCACATAG,K326S,1,1
-0.541,0.02323,GAATAGCATGCAACAC,V182T,1,1
-0.5413,0.08716,AGTTAAGGCTCAGAGA,D175I,1,2
-0.5413,0.08716,TAGAAACTCCCAGTTA,,0,0
-0.5414,0.04186,GCTTTAGATAAACCAT,L151V,1,1
-0.5415,0.02754,TGTTATAAAGGTAAAC,K368G,1,1
-0.5415,0.006754,AATTCAGAGTTAAAAC,S199L,1,1
-0.5416,0.01138,GCGGGAGAACTCGCAA,,0,0
-0.5417,0.004029,AGCGCCAAAAGAGCTT,D85G,1,1
-0.5419,0.01455,GCAGAACCACACAACC,K189G,1,1
-0.5419,0.005575,TAGCATACTGTAGGAA,A304S,1,1
-0.542,0.004722,TACAGGAAGCCTTACT,V20I,1,1
-0.5421,0.02279,ACACGCATCTCTTGCG,,0,0
-0.5421,0.02279,CAATTCCAATACGACA,,0,0
-0.5421,0.03382,AAAAAATTTATACAAC,V490N,1,1
-0.5421,0.03382,TGCCTAAGATACCCAT,D493E,1,1
-0.5421,0.01344,AATGCATGTATTACTA,L428T,1,1
-0.5424,0.02999,ATCTAATGCTTAGTCG,,0,0
-0.5424,0.02999,TCTCATCTAACTCACC,,0,0
-0.5425,0.01944,TATTACAATAGTAAAG,K121F I274Y,2,3
-0.5426,0.02838,TTCGCTAAAAAGAAAA,,0,0
-0.5426,0.014,ACCATCAAAAGCTTTC,A304T,1,1
-0.5427,0.02693,AACTTCTACTTTAAAA,Y100M,1,1
-0.5427,0.004433,ATACCTGAAGTCGACA,G49S,1,1
-0.5428,0.01751,CAAAAAGGACAAGGTA,,0,0
-0.5428,0.01695,TGCACTGTCTCGACAA,N94A,1,1
-0.5429,0.02444,TGATACTAACGTTCAC,R269T,1,1
-0.543,0.04778,ACGTACTTCAAACTTA,,0,0
-0.5431,0.01502,AGTTAACCAGATGCAC,T128M,1,1
-0.5431,0.04382,TTAAACATTCATATCA,S54G S91Q,2,2
-0.5432,0.01084,ACTACTCCAAAACAAG,,0,0
-0.5432,0.02146,CCTGCCGACCGAAATA,N133G,1,1
-0.5432,0.02146,GATAGTAGCTAGGAAA,,0,0
-0.5432,0.01062,TCCCAGAATATATCAC,V130L,1,1
-0.5432,0.02063,AAGCAACCGTCATTAC,S115L Q376Y,2,2
-0.5433,0.01349,CTCTAAAAACCAAGGG,,0,0
-0.5434,0.01283,ATCACATCAATCCAAC,,0,0
-0.5434,0.01913,ATACCCACAATTAAGA,G129T,1,1
-0.5436,0.03291,CATATAATAGCGGAAA,,0,0
-0.5437,0.007919,CACAGAAAAGAAAAAC,R201V,1,1
-0.5437,0.01033,ATCACTCTATTGCAAG,A196S P227R,2,2
-0.5437,0.03098,GAAATCAATGAAACAA,,0,0
-0.5438,0.01484,ACTCCTTATATAGCTA,K189G,1,1
-0.5438,0.02926,TATGACAGATATACGA,T440P,1,1
-0.5438,0.01443,CTCCTGATTGTCTAAA,R109S,1,1
-0.5438,0.02773,ACATAAACCAAACTAA,,0,1
-0.5438,0.02773,ATAAAGGCTGTATCAT,,0,0
-0.5438,0.02773,GATTAGGTTATACGAA,R92W D175N,2,2
-0.5438,0.02773,GTATAACGACCAATAC,V182S,1,1
-0.5439,0.003389,GGCGTACACCATCGAA,A372I,1,1
-0.5439,0.02635,TATCAATGGATATAAT,G200T,1,1
-0.5439,0.0251,CCTAACTTACATAAAC,A69W,1,1
-0.544,0.006165,CCCAAATGCCCAACAT,N159Q,1,1
-0.544,0.02396,GAAATCTTGATAGTAT,G142M,1,1
-0.544,0.02292,GGCCTTAAAATTAAAT,S96H,1,1
-0.5441,0.01065,AGATTGCTTTAGGACT,S279I,1,1
-0.5442,0.009677,TATTTTATGAAGACAT,,0,0
-0.5446,0.005361,AGTATTTCACCTGTAA,F79P K368P,2,2
-0.5449,0.001885,TATAACCATCCGTAGG,,0,0
-0.545,0.0341,AACACATAGTGGATAT,L157V,1,1
-0.545,0.04597,CACCCTAAGACCAGCT,L428M,1,1
-0.545,0.04597,CCATTGACAATCGACG,,0,0
-0.545,0.04597,GTACTACCAGATGACA,,0,0
-0.545,0.151,TAAAGCGAATAATGAT,K2A,1,1
-0.545,0.01338,AAAATACAAGAACTAA,,0,0
-0.545,0.1175,AATATACGATGAGATT,H18V,1,1
-0.545,0.02857,ACAATGTATAGACTTT,R229S,1,1
-0.545,0.09611,ACCGCAAATTTAAACA,E344F,1,1
-0.545,0.01678,CCCTACCGCGCCAAAT,,0,0
-0.545,0.02711,CGAGTTCAAGACTTAC,,0,0
-0.545,0.02349,CTCATGCATAAAAAAT,,0,0
-0.545,0.0097,CTCTTAACAGTACACT,P239Q,1,1
-0.545,0.09611,GTTGTTTCGCCACAAC,V166W,1,2
-0.545,0.01068,TGTCCTTCAAATTGAT,,0,0
-0.545,0.007096,CAAGCAATATCCTATA,N31E,1,1
-0.5456,0.01231,ACTATTGGCCCATCTA,T117V T485R,2,2
-0.5456,0.01291,CGTTAGCCATATTACA,V490W,1,1
-0.5457,0.01431,TATACAATCAACACCC,,0,0
-0.5457,0.01513,ATTCCCATATGAAACT,E280Q,1,1
-0.5457,0.01605,CGTCTAAACTCATGAA,T40C,1,1
-0.5458,0.008342,CTCGAATTACTGAACG,Q407A,1,1
-0.5458,0.008757,AACTTTTACCGCAATA,R255V,1,1
-0.5461,0.008286,AATTACCATCTAAATC,Q407I,1,1
-0.5462,0.01378,TCAGTTGAACCCTAAA,S107T,1,1
-0.5463,0.02947,GCAGATCTAATAAACA,S480A,1,1
-0.5464,0.03121,AACACAATATGAAGTA,N31C S231M,2,2
-0.5465,0.01685,GAGCTACAAAAGGACA,K452G,1,1
-0.5466,0.03539,TTATCTCAGCTTGTTT,K468Y,1,1
-0.5466,0.00708,ACACATAGATAACCGG,Q197W,1,1
-0.5466,0.01235,TATAGTGCTTGAGGGA,D77Q,1,1
-0.5468,0.04087,AAATCTGTTATTCAGC,P221S,1,1
-0.5468,0.02084,TGCGACAAAATTTGAT,E410C,1,1
-0.547,0.01119,GCATGATACGAGTTCA,S149H,1,1
-0.547,0.02262,CTTAAAAAGGTAACAC,L59C,1,1
-0.5471,0.003984,ACCCATTATTCTTTCA,R208M,1,1
-0.5471,0.01195,GTATCTATCTACAACA,I3E E83D,2,2
-0.5473,0.008795,AAATCTGTTTAGTCGT,T235S,1,1
-0.5474,0.02729,ATGTCACCCTCAGTTC,N216E,1,1
-0.5474,0.02729,TATTCATACATAAACA,S46E,1,1
-0.5474,0.006118,CCTCAAGCACTAACGG,,0,0
-0.5474,0.01835,ATATTCTCACATGGCC,,0,0
-0.5475,0.003831,GCAATATATTATCAAA,K121C,1,1
-0.5476,0.01459,TAGCAGAACTTATCAT,S199H,1,1
-0.5476,0.05916,TCTCTGTCACAAACTA,S219I H488Q,2,2
-0.5477,0.01239,TCAATTACAATCCAAA,,0,0
-0.5478,0.03229,ATAACATTCACGACAA,E443C,1,1
-0.5479,0.06661,GTTCAACAAACATTAC,S262E N475R,2,2
-0.5479,0.06661,TCGAAAATAACCGTGA,,0,0
-0.548,0.01122,TTGACCTTGTTACCCA,V223D,1,1
-0.548,0.03439,GGTCGATAATCGAAAA,I282H,1,1
-0.548,0.03439,TAAAATCTCACAAATC,K310W,1,1
-0.5482,0.008207,TTCGTCCTGTTCTACA,I418T,1,1
-0.5483,0.01524,ACGTAAGCTGTACATA,,0,0
-0.5484,0.007791,CGAAACTTTAAAACAG,N6Q,1,1
-0.5485,0.01318,CAGCTATAAGCCAAAG,I48R,1,1
-0.5485,0.03953,AAAATCTCTCGTCCAC,G49D G200C,2,2
-0.5486,0.008152,ATCGAAATTTTAAATA,S9F,1,1
-0.5486,0.009207,GAAAAGAAATGATCAA,,0,0
-0.5488,0.01723,CAACCCATCCTGAGAA,N6D,1,1
-0.5488,0.008687,GGCACCTGATTCGACG,K472Y,1,1
-0.5488,0.004142,TTAAAGACATATCCAT,,0,0
-0.5489,0.007371,GAGTCGGGTTAAATGA,L244N,1,2
-0.549,0.01009,AATTAACCAATAAATC,N341D,1,1
-0.549,0.007129,GATGCATCAAATTCGT,R482Y,1,1
-0.5492,0.008769,TAAAACATACATTCAG,G463N,1,1
-0.5493,0.01092,TGGTCAAAAGGGCTAT,Q211V,1,1
-0.5494,0.009069,GCGCTAACCACGGAAG,D188W,1,1
-0.5495,0.05097,CTAAAAGATAAATATA,S95D,1,1
-0.5496,0.002754,TAATCGGGTTAAAAAC,,0,0
-0.5496,0.0106,TGTATTCTTATATTTA,D7W,1,1
-0.5497,0.02142,AGAACTAGCTGATATG,S369A,1,1
-0.5497,0.0357,ATCCAGTAGACTTGAA,P239N,1,1
-0.5497,0.1071,CTATCAGTAAGAGACT,N298E,1,1
-0.5497,0.1071,CTGCCATTACTCAACC,N8L V223L,2,2
-0.5497,0.1071,TCAGTTGTTATCTAAC,S145Q,1,1
-0.5499,0.02233,TAATTTAACAGGTAGA,P103V T283S,2,2
-0.5499,0.05641,TTACTGACAAAGCTTG,K140C,1,1
-0.55,0.01276,CTCTATCCATGTTACC,,0,0
-0.5502,0.008583,CCCCAGCAAATCATAT,,0,0
-0.5502,0.008583,CTCTTACCGTTTAATA,,0,0
-0.5503,0.03066,CAAAATAGAAATATCA,D104F,1,1
-0.5504,0.01234,GATATATAGCCGAATT,I29T,1,1
-0.5504,0.04128,CCCGATTAAAACAAAT,K411C,1,1
-0.5504,0.04128,CTAAACTGATCTCGCG,Q173K,1,1
-0.5504,0.009584,GGCATTCAACCGTTCC,T10Y,1,1
-0.5505,0.06315,AAATGAACCTTTCTAG,D487I,1,1
-0.5506,0.008522,ATAATCAGCATGTGAA,T40V,1,1
-0.5506,0.01603,TGGATCCCACACAGCT,K326T,1,1
-0.5506,0.003295,ACTACAACAGACTGTA,T328Q,1,2
-0.5508,0.00551,CCAAGCTACGTTGTGC,Q501P,1,2
-0.5509,0.01493,CTTTGAAAAACGCACT,A212V,1,1
-0.5509,0.02686,ATAACGCAAAACAATA,V429I,1,1
-0.5509,0.02686,CATTCCATTGAAACAG,A272T,1,1
-0.5509,0.009683,CATCATGTCACTGAAC,D493Y,1,1
-0.551,0.03468,CGATTTGAGGACCAAT,H184A,1,1
-0.5512,0.0283,GTTCGGTACCTATCAA,N296Q,1,2
-0.5512,0.006182,TAACAACGTGCTATCG,D291K,1,1
-0.5514,0.007321,CGTAATCTATTAAACC,,0,0
-0.5514,0.005635,GACATGTAACTTAAAA,Y105F,1,1
-0.5514,0.04892,CATCGATAGCAATAAC,,0,0
-0.5515,0.005493,TTGCCAACCAACATTT,Q356L,1,1
-0.5515,0.02504,TAAACCCGACATGGAG,S422C,1,1
-0.5516,0.01267,AACCTCCAAAATCAAA,N165V I282Y,2,2
-0.5516,0.01016,AAGGGGTTAATGAACT,,0,0
-0.5519,0.02628,TTTATTTTACCAATAT,P103R,1,1
-0.5522,0.005677,CTACTGGAGTTTTGAT,H56Q K417A,2,2
-0.5522,0.08297,GTCAAGTCAACAAACA,S107D,1,1
-0.5522,0.08297,TCCACTTTCTAGACAT,S369H,1,1
-0.5522,0.08297,TCCCAGAATTGCGTGC,Q57R,1,1
-0.5522,0.00666,CCACGTTAAACTGAAT,,0,0
-0.5523,0.01048,GAACATCCCAAAGAGC,A372D,1,1
-0.5523,0.03372,ACATCAGGAAATGTCA,V490Q,1,1
-0.5523,0.03372,TGTTACATCGTTATTA,K326T,1,1
-0.5524,0.004479,ATCTCGTACCCTAACA,D348Y,1,2
-0.5524,0.006098,GCGACGAACAGCCACT,N31T,1,1
-0.5524,0.01316,AAAACTTTGCAGACTC,S198A,1,1
-0.5524,0.01316,AGGTCCTTTTCAATTC,K326Y,1,1
-0.5525,0.02453,CTATGGAAAATACAAG,K121Q,1,1
-0.5525,0.04318,AACGGAAAGTCTATTG,K2Q,1,1
-0.5528,0.02573,AATCGTCTCGAAAAAA,S143-,1,1
-0.5528,0.06003,ACTTTACTATTAGTAT,,0,0
-0.5528,0.01201,GTCCATTGGCAAAATT,G275C,1,1
-0.553,0.023,TTAATACTTATCTACC,,0,1
-0.553,0.009241,TAAAAATCAATGATAT,,0,0
-0.5531,0.005632,GTAGCACTTAAAAAAA,Q376E,1,1
-0.5531,0.009831,TGAGTGCGCTCGCAAT,T187E,1,1
-0.5533,0.004261,TTTATGTGCACAGACT,S205M,1,1
-0.5533,0.01745,GAGGTAAACCCCTTCT,D175T T451C,2,2
-0.5534,0.006403,CTCCGTTAAAAAGTTC,A196L,1,1
-0.5535,0.02165,TTAGGAACACTAATAA,I481V,1,1
-0.5536,0.09842,CCTCTGCAGAATTGAA,D32L,1,1
-0.5537,0.01245,AACAGTTAGCGATTCG,,0,0
-0.5537,0.009501,CATTATAATACATAGC,P103Q,1,1
-0.5537,0.01547,ATTTAATACCATCTGA,,0,0
-0.5538,0.06771,AGCCGATGGCCCTCAG,R90S,1,1
-0.5539,0.00553,GAGGTCAATTGTGAAT,S107I,1,1
-0.554,0.0172,CACTTGATGTGCGCTC,S262P,1,1
-0.554,0.05161,CGAGCCTATAGGTGTT,,0,0
-0.554,0.05161,TGACAATCGCTGGCCG,,0,0
-0.5542,0.02358,CAGCAATATCGCTATG,E325H,1,1
-0.5543,0.01024,GGTCAATTTACCACTA,K189P,1,1
-0.5544,0.007979,GCTAGCTAAAACAGTA,N122Y,1,1
-0.5547,0.008227,CACAAAAATCGCTAAC,,0,0
-0.5547,0.02468,AACAGAGCATGATATA,N122A,1,1
-0.5547,0.02785,TTAACGACTTTAAAGC,L243F,1,1
-0.5547,0.002723,ACGGCGATGGTCACCA,T128Y,1,1
-0.5547,0.03194,CCATGATGAGGCTTGA,,0,0
-0.5548,0.01411,ACGGATTGATAATTCA,Q363S,1,2
-0.5549,0.01753,CAACATCATTTGATTA,K411Q,1,1
-0.5549,0.0572,GTAGAAATTGTAGATG,P227C,1,1
-0.5549,0.0572,TAATATTTTAAATTTG,T416M,1,1
-0.555,0.0209,CTGTTCACAAGTCCAA,I34Q,1,1
-0.5551,0.006434,GAGTTCCATATTAGAG,K131N,1,1
-0.5551,0.07766,ACGATATCTATTACCA,K131Q,1,1
-0.5551,0.07766,TATTTCATTTCCTCCG,T187I K417D,2,2
-0.5551,0.07766,TCCCGAACATACCATA,S480A,1,1
-0.5552,0.01813,ATTTACTATAAGTCTT,K50N,1,1
-0.5554,0.006478,TCACAATTAATCTGGC,S205H,1,1
-0.5555,0.01047,TAATTCGAAACGAACG,P215A,1,1
-0.5555,0.01728,CCTGAATTGTGAGAAA,,0,0
-0.5555,0.007356,GTTCTTGGATTCAGTC,K121H,1,1
-0.5556,0.02722,TCAGAACACTCTGTAC,,0,0
-0.5557,0.00419,ATCCCACTACCTGACT,T203Q,1,1
-0.5558,0.04951,AGAGAGTTACTCAGAG,H184F,1,1
-0.5558,0.0165,CCCATTCATCAGTCCT,S91W,1,1
-0.556,0.005768,CCTCTACAACAGTACT,D104N S110I,2,2
-0.556,0.01211,TATTGACAATTTCAAA,Q327W,1,1
-0.5561,0.06414,ATATGCGGATGTCGCC,E457F,1,1
-0.5561,0.06414,GTTATACTTTACGACA,D7H G504S,2,2
-0.5564,0.01455,GTACCTGCCCCTTTCT,T135K,1,1
-0.5564,0.04364,TAAAACCAGCTAATTG,,0,0
-0.5565,0.009095,ACCAGACCACTAACTC,,0,0
-0.5565,0.01199,AATGCGAGATCAATAA,,0,0
-0.5567,0.01348,AGACCTAAAACGCTTC,A196I,1,1
-0.5567,0.01126,AGATTGCCAAACTAAT,,0,0
-0.5569,0.03902,AACAAAAGAGAAACTC,Q1D,1,1
-0.5569,0.03035,CCTCATAAAAAATCGC,N159R,1,1
-0.5569,0.03035,CGCAAATGTCCTCATC,G5K,1,1
-0.5569,0.007382,CTCAGAAAGCCTCTAG,,0,0
-0.5569,0.05462,GTGCAAGACTAATGTT,,0,0
-0.5569,0.09104,AATCAAGAAGTATTAT,M268T,1,1
-0.5569,0.005722,CAAAGAAAGGTACCCT,Q197K,1,1
-0.557,0.009184,CCAAAAATGACCGAAA,F79D Q501R,2,2
-0.557,0.01539,ATAAACGGGCAAGTTA,K82T,1,1
-0.5571,0.01735,GATCCCTTAGTCTCAC,N133M,1,1
-0.5574,0.04757,ACTGATCCCTAATAAT,Q407L,1,1
-0.5574,0.04757,TGGAAGAGGCTGCCCC,,0,0
-0.5575,0.01203,AAAATAACTTCTCTCA,,0,0
-0.5576,0.02065,TACTAAGAATAGCGAG,,0,0
-0.5576,0.03219,CTGAACATATGAAAAA,E401P,1,1
-0.5577,0.02433,CTTGAACTCGATTTAG,K397E,1,1
-0.5577,0.07299,ATAAAATGCAATGCAG,T187I,1,1
-0.5577,0.07299,TTAAAAGGCACACTCT,N159M A196S,2,3
-0.5577,0.005532,AACAACTACAAACTTA,A212K,1,1
-0.5577,0.01956,TAACATACTTGCTAAG,S219E,1,1
-0.5578,0.01095,CGGTATCGCAGGCTGA,Q75V,1,1
-0.5579,0.02282,GTAAATATTAGCTCTT,V490T,1,2
-0.5579,0.01191,ATTTAACCACCAAATT,,0,0
-0.5579,0.01191,CAACGAATTAGCCACA,G479N,1,1
-0.5581,0.0274,AGAAAACTGATTTATC,I67F,1,1
-0.5581,0.0378,TACATGCAAAAAGTAA,G379N,1,1
-0.5582,0.06092,AATGCCTATTGTCAGT,L151I,1,1
-0.5586,0.05227,AGAGAAAAGATTCAAC,,0,1
-0.5586,0.05227,CCCGTCCAGTTGACAA,K207M,1,1
-0.5591,0.00364,ACTATTAACCAATGTT,Q363M,1,1
-0.5591,0.003414,ATAACCACATAACACT,,0,0
-0.5591,0.003352,AGCAACACAAAACAAA,I242W,1,1
-0.5592,0.008868,TTACCCACTCAGTACC,,0,0
-0.5593,0.11,ACAAACAAATACATTG,K450G,1,1
-0.5594,0.02076,TTAAACAGTTACAACT,,0,0
-0.5595,0.03334,CGAGTAAACACCAGCG,A304L,1,1
-0.5595,0.01079,CAACAGACACAAGCCC,V20L,1,1
-0.5595,0.008804,GGCAGGTTCTGACTTG,K264E,1,1
-0.5596,0.01775,GTGATACACTACACTT,S114G,1,1
-0.56,0.02161,CTCGTTAATCCACAAG,G240D,1,1
-0.56,0.01238,TCAAAATATGCGAAAT,P4T,1,1
-0.5602,0.01091,CATCAGAACTTGTCCC,N63S,1,1
-0.5603,0.003701,TTAAAGAACTCTTGCT,E426F,1,1
-0.5605,0.03245,GCTTAATATAATAATA,,0,0
-0.5606,0.02567,TTCGGCAATAACTCGG,T328C,1,1
-0.5606,0.003429,TACACCACCCGAGGAC,Q407K,1,1
-0.5607,0.005184,ACGAAGCCGTCCTTAG,S219E,1,1
-0.5608,0.01453,AAACATCTTCCGGTAC,,0,0
-0.5608,0.01299,AATCCATTATGCAGTC,,0,0
-0.5609,0.008121,GTCGAATTCCCAGCCT,A19R,1,1
-0.5611,0.007271,CTATTCTCGATAATCA,,0,0
-0.5611,0.003649,TAAGCATAAATATTAA,,0,0
-0.5612,0.01436,ATCGCAAATATAACAT,,0,0
-0.5612,0.01701,AAACACCTAAACAATA,P227R K310A,2,2
-0.5613,0.02353,GGAATCAACCTTACAA,S110Y,1,1
-0.5615,0.03161,CACAAGGAAGCCGTAA,,0,0
-0.5615,0.03457,CTAAGTTTTAGTCACT,A272R,1,2
-0.5617,0.009626,AAGTAATGAGCAATAG,,0,1
-0.5617,0.04813,ACCAGTATTCTTACTG,,0,0
-0.5617,0.04813,CATCTGACCGCAACCT,E325I,1,1
-0.5617,0.04813,GGATCAAACTAAAAAA,,0,0
-0.5618,0.001834,TCAATTCAGCCGAAAC,N158S,1,1
-0.5618,0.005953,GAATATACAACACAGA,T12L,1,1
-0.5618,0.01845,GTTATGAACAAATATT,N6S,1,1
-0.5618,0.05536,TTCCAACCAGATAAAA,D375N,1,1
-0.5619,0.01943,TAAATAAGCAAGATTC,K292A,1,1
-0.562,0.06516,CAATCCCTGCCAACCA,S107T K315T,2,2
-0.562,0.02308,TAGATGCAACCGTACT,K411I,1,1
-0.5621,0.008209,GCTAAACGGGCATTTA,,0,0
-0.5622,0.007198,ATTTACATGTGTAGAG,,0,1
-0.5622,0.02639,TAACAATGAAAAGCTA,S144P K503R,2,2
-0.5622,0.07916,GTACCCCACCACCCGA,,0,0
-0.5622,0.07916,TCACACATAGGATTGA,,0,0
-0.5624,0.0308,CGAAAATACCCAAGGT,D188C G386Q,2,2
-0.5624,0.008531,GACTTCGATAGTCCTG,,0,0
-0.5626,0.002103,ACTACAACATACACCA,S47P N498K,2,3
-0.5627,0.005442,ATACGATAGTAAGCAC,S199E,1,1
-0.5627,0.01632,TCACCCAAAACATCCC,D348H,1,1
-0.5627,0.01276,AACAGAAACAATACCA,,0,0
-0.563,0.006276,ACAATTGTTCAAATAG,I478V,1,1
-0.5631,0.01984,AAACAACAGAAGGGAC,A476K,1,1
-0.5631,0.04629,AAATTGTGAGACCAAG,,0,0
-0.5631,0.01543,AACCAATATAGGTCCT,S378E,1,1
-0.5631,0.02778,AGCCCCTTTATATAAC,R208V,1,1
-0.5631,0.1389,GTTGAGACAACTGACG,R229F,1,1
-0.5633,0.007413,AAATACATTTTACAAC,,0,0
-0.5638,0.06184,CATTCGATAAAAGATA,,0,0
-0.5638,0.06184,CTCTGACACAAGTTAA,S115I,1,1
-0.5639,0.01505,TAACAAAATCACATAA,,0,0
-0.5639,0.02184,CAAATCGCTTAGCCTC,G463R,1,1
-0.564,0.03978,AGTTTGAAACAACGCG,,0,0
-0.5641,0.01375,TGAGCCACGATCTACT,N489W,1,1
-0.5641,0.02321,GCTTCTTGTATTTTAA,I214G,1,1
-0.5642,0.00921,TGACCTAGTAAGGATA,V323A,1,1
-0.5643,0.04459,ATACTATCCCAAAAGT,D291V,1,1
-0.5643,0.006027,AACAGAAACATATCTA,I335F,1,1
-0.5643,0.03185,CGTTAAAAATCTGAAC,Q211M,1,1
-0.5643,0.03185,GGGAAAATACTTCACC,N122H,1,1
-0.5644,0.01093,CTCGCACTTAAATGAT,I160P,1,1
-0.5651,0.01596,TATAAGAAATACAAAT,,0,0
-0.5652,0.01862,GTAACCACTAACACTT,,0,0
-0.5652,0.09311,AAACGAATACATGAAC,K121L,1,1
-0.5652,0.09311,AAATTCTAAAACAAAC,N126V,1,1
-0.5653,0.006075,TTCGCTAGAGCGTTAA,I67L,1,1
-0.5653,0.008665,ACATAATACGCGTCAC,T301N R307Q,2,2
-0.5653,0.006694,CCTAAACGTGAACAGA,,0,0
-0.5654,0.004659,AACGGCAATAAGAGAA,A212E,1,1
-0.5654,0.05884,TAAAACACAAATCACA,S156T,1,1
-0.5655,0.01747,AATAACCGGTCAATAA,R109T,1,1
-0.5655,0.01575,CACATAATCACCTCCA,A212I,1,2
-0.5655,0.008164,ATGGAAGATAAAATCT,G49E,1,1
-0.5656,0.03389,GAAGTCACGGTATTGA,G200Q,1,1
-0.5656,0.01055,CCCAATGTATACAATC,,0,0
-0.5656,0.008349,TAAAACCATAATCCTC,,0,0
-0.5658,0.005654,AGCCTACGGATTGAAC,,0,0
-0.5659,0.006705,TTAATGTCACTCATAA,D291R,1,1
-0.5661,0.01474,TATCTCATACTTGACG,P21F,1,1
-0.5661,0.01623,ACTATGATGTATTACT,L15M L409V,2,2
-0.5662,0.02037,TAAATAATATAGCCAA,,0,0
-0.5666,0.004986,AACACCCTAGAGTCAA,Y233Q,1,1
-0.5668,0.02953,CCACGAATAACACAGT,E449C,1,1
-0.5668,0.003621,CTACCGTTTTTAACTT,D493G,1,1
-0.5673,0.04682,GAAATCTGAAAACGTC,K450T,1,1
-0.5673,0.04682,TAAGTGTCTACATTGC,,0,0
-0.5674,0.01842,ACCACTAACCACACCT,,0,0
-0.5674,0.006011,TAACCTAGACATCTCT,P324V,1,1
-0.5675,0.02883,CGAATTGATCCCCTAC,I3C,1,1
-0.5676,0.005434,AATTAAGCCTTTACAG,Q363S,1,1
-0.5676,0.04017,GTATCAAGATCAATAT,,0,0
-0.5677,0.005137,TACCAACACCTCTTCA,N53C,1,1
-0.5678,0.005308,AACGAGTACAGATACT,R361F,1,1
-0.5679,0.03517,TCATCTTTATGTGCCT,K417S,1,1
-0.568,0.06621,AGAAATGACCTATGAT,N126R,1,1
-0.5682,0.01115,AAATGGGCCCACACAA,Q210N,1,1
-0.5682,0.05364,ATAAACCTATCTCGAC,T328D,1,1
-0.5683,0.002314,GGAGTGAATCGAACTT,,0,0
-0.5684,0.00581,TATACTATCATAAATC,R405Q,1,1
-0.5684,0.006441,TCAAAAAATCTAACAA,N31R,1,1
-0.5685,0.01427,ATCCAAAATTATACTG,Q44F,1,1
-0.5686,0.006556,AATTATTGAATTCAAT,,0,0
-0.5695,0.01202,AAAAAACTGCCGAACG,D85W,1,1
-0.5695,0.02974,AATTTTTGACAGTAAT,,0,0
-0.5695,0.03767,GAATCCTCGATGATAC,R92Y R255H,2,3
-0.5695,0.03767,GACAAAACCAGATACT,P289E,1,2
-0.5695,0.008971,GAGAAAAAACGGTAAG,,0,0
-0.5695,0.04347,TATCAAAGCTCCTCAA,Q1G,1,1
-0.5695,0.03324,TCAACAAGTGAATAAT,,0,0
-0.5695,0.00796,TCCAGAGCAAGGCCTA,,0,0
-0.5695,0.03324,TTAAAGTCTAACAACA,D271N,1,1
-0.5695,0.113,AATGAAATATGAAAAA,,0,0
-0.5697,0.007112,AACAAGCCCTAAACTT,,0,0
-0.5697,0.008377,GGCCCAGTTCCGACAT,K503W,1,1
-0.5698,0.005892,CTGCACTCTCCCGTAA,S9H,1,1
-0.5698,0.004472,AACCTAGTTGATTGAG,K121R,1,2
-0.5698,0.01363,TACTAAATAAGGATAT,,0,0
-0.5699,0.00884,CTTCCTGCCATAATTG,,0,0
-0.57,0.02219,GAAAGTTTGAATCAAA,P169K,1,1
-0.57,0.02219,TTTAATAGGGAACCCC,S262W,1,1
-0.5701,0.008776,TTGCAATTTCGAGCGC,,0,0
-0.5702,0.0149,TAGCGGAAAAGGCTCA,N63L,1,1
-0.5705,0.04197,AAGATAATTTTCATTA,S262R,1,1
-0.5705,0.04197,AAGATATGAATGCCTC,T10C,1,1
-0.5705,0.00351,CATAAAAACCAAAAAA,,0,0
-0.5706,0.02361,AAACAAATCCTAATAA,I374S,1,1
-0.5707,0.02577,TGAATGTAAAGCAGCA,K446L,1,1
-0.5707,0.01744,AGCAATTAATTAAATC,,0,0
-0.571,0.01304,CTCGTATATTAATCCC,V413M,1,1
-0.571,0.005619,CAATAGACCAAACTTG,,0,0
-0.5711,0.009701,TCCTGCTGTAACAACA,K503A,1,1
-0.5711,0.0172,TATTAGGATTTGCGCC,S46I,1,1
-0.5711,0.03547,TCAGCTTGCAAGCGAT,S358P,1,1
-0.5711,0.01437,TCTTACTCTTTGAACC,,0,0
-0.5712,0.002406,TGGCAAAAATAAACAA,,0,0
-0.5712,0.07569,AAACAGAATTCCATTT,E325L,1,1
-0.5714,0.007013,AGACACGTTAATCATC,,0,0
-0.5714,0.02104,CGTACCCTAAAAAAGA,S198F,1,1
-0.5714,0.01696,AAATAAACCTTTCTAA,,0,0
-0.5714,0.01696,AACCTTATATGCCATT,I502L,1,1
-0.5716,0.01277,TTAAACACACTTTATT,H184L,1,1
-0.5716,0.003764,ACTTAGTCAAACTAAA,,0,1
-0.5716,0.03072,CCTAAAGTTCAGTAAG,,0,0
-0.5717,0.0121,ACTAAGTAATGATGCA,R269E,1,1
-0.5718,0.00673,AAGCATATAAAACTAA,Q407A,1,1
-0.5719,0.1034,ATAATCGCATGCTGAG,,0,0
-0.5719,0.1034,TACTAACGTCCAAACA,,0,0
-0.572,0.01777,ATCCCTAACAGAATTA,N298S,1,1
-0.5721,0.01897,TAAATATGACAATTAG,G240Q,1,1
-0.5722,0.0165,AATTCAGAAACCAAAC,N6A,1,1
-0.5723,0.02996,ACTAAATACATTTTTG,,0,0
-0.5723,0.005993,AGAAGCCCATACTAAT,,0,0
-0.5725,0.002885,AGTACAATGCTCATCC,S54I,1,1
-0.5726,0.03351,AAAACTTTATTGAACT,,0,0
-0.5726,0.03351,ATAAGGGCTCCCCAAT,S209A,1,1
-0.5726,0.04559,AATTACTTGTAGATGA,D104N,1,1
-0.5727,0.01163,ATAGCCTAAGCTTGGT,,0,0
-0.5728,0.02375,GGGACGTACTCTTAAA,K417L,1,1
-0.5728,0.01107,TGTGTGGAGATCCCAA,,0,0
-0.5729,0.007406,CATAACTCTAACAATT,V406W,1,1
-0.573,0.008388,ACATAAACACGGTACA,,0,0
-0.573,0.03802,CAAATTTACCATAACT,Q197F,1,1
-0.573,0.03802,TCCCGCACCCCGGAGA,S262Q P273H,2,2
-0.573,0.01703,GACCGAAAATAATCTA,E35L A372T,2,2
-0.5731,0.003027,AACAGAGTCCAGCTAA,,0,0
-0.5731,0.01409,AGACGGTGTATGGGAA,E344Y,1,1
-0.5731,0.02593,TTGACCATGCCGATCC,,0,0
-0.5731,0.002548,GAACAAATTTTCAACA,S442Y,1,1
-0.5732,0.005165,GAAATTCTGTGATTAA,A425S,1,1
-0.5733,0.01087,TTAAATCCAGACGGAA,Q164V N290T,2,2
-0.5733,0.009593,TTCAAAAGGCTAACTA,,0,0
-0.5733,0.03261,ATATATCCCAGGGTGC,K368D,1,1
-0.5734,0.009518,CAAGACCATTCAGTGC,E398G,1,1
-0.5736,0.01785,CGATGATAACCTTTAC,,0,0
-0.5736,0.005952,TTTCATACCGCATACG,,0,0
-0.5736,0.005416,CGAACAGTATTCTAGC,,0,0
-0.5736,0.01377,AGAACACTAATTAATC,F294L,1,1
-0.5736,0.008162,CTACTAGCTACTTAAC,P221S,1,1
-0.5737,0.01299,ACTAAGATCCTTTTTA,F448H,1,1
-0.5737,0.03687,CATCAACTAGCAACTA,,0,0
-0.5738,0.003653,AGGAACGTGTCGATCA,T203G,1,1
-0.5739,0.03176,AAGAAAATACGAAGTC,S198F,1,1
-0.5739,0.03176,ATGAAATTTATGAATT,S54N,1,1
-0.5739,0.09528,ATCGGTCTCTTTTTAT,V20Y,1,1
-0.5739,0.09528,CTATAAATTAACTAGT,G504S,1,1
-0.574,0.004995,ACACAGAATATTCAAT,I48Y,1,1
-0.5742,0.02243,AAAGACAAAACAAATG,W127F,1,2
-0.5742,0.0673,CACAGCCACAGACAGT,I339L,1,1
-0.5742,0.002005,TAATACCCAACAACCG,T12R E449L,2,2
-0.5743,0.05203,CCATCATATTGTTCCA,K131H,1,1
-0.5743,0.002982,AAATAGTTAAAAATAT,N165V,1,1
-0.5743,0.00954,GTATACTCAACGATCT,P4Q,1,1
-0.5744,0.01258,CCAAAAAATAAAGAAT,,0,0
-0.5746,0.01488,TACGGAATTAGCAGTC,,0,0
-0.5747,0.01397,AGCCCAAACTAAGGAA,R222E,1,1
-0.5748,0.003495,CCTAGGTAATCGATAT,,0,0
-0.5749,0.0117,TCTTCATTGTAATCTG,N133M,1,1
-0.575,0.02164,TCTATTCGACGGAAAC,I274L,1,1
-0.575,0.02389,ACCTGTCTCATCCTGT,,0,0
-0.5751,0.0062,ATACAGACGACTCGAG,K171N N216L R299F,3,3
-0.5751,0.03476,GTCCTCAGTTAAAACA,K292V,1,1
-0.5752,0.04097,CTTGGTAGGCTTAGTT,K292L,1,2
-0.5752,0.01551,ACGGATGTAGAAATTT,T117E,1,1
-0.5753,0.01663,ATACGTTCAGTTGCTA,R208N,1,1
-0.5753,0.01793,CAGCCTAGTTTCAAAC,I48D,1,1
-0.5754,0.02343,AGAATATTCATAAAAC,I267M,1,1
-0.5757,0.008638,GGAAAGTTTATTAAAT,,0,0
-0.5758,0.003615,GACGGATCCAACATCA,Q80R,1,1
-0.5759,0.02299,CATTAACTGGAAATTT,,0,0
-0.5759,0.01064,ATAACAAATACCTGTA,R141K,1,1
-0.5759,0.03963,AAGAATCAAATATAAA,,0,0
-0.5759,0.01116,GCACCGAATCTCTGTA,S54Q D291H,2,2
-0.576,0.003363,TGATAAGATCCCATTT,K472L,1,1
-0.576,0.01885,CCTAAAGCTAAAGAGT,I469M,1,1
-0.5761,0.007325,CAAGACCGGCAACAAC,R33E,1,1
-0.5761,0.01597,ACACAGTCAACCGGGA,S149H,1,1
-0.5761,0.04792,GAATTTTCCAATCTAT,,0,1
-0.5763,0.00516,TATGATAGGACGTGTT,,0,0
-0.5763,0.004409,GCTTCAGACATAAAGC,,0,0
-0.5764,0.005842,CTGAATGTGAGTTAAA,,0,0
-0.5764,0.009063,AAAACTTCAAAATTTG,Q173G,1,1
-0.5764,0.009063,CCCCGCCTCAGATTCT,D415G,1,1
-0.5766,0.005787,GAGAACCACAAGTAAG,N489R,1,1
-0.5766,0.03838,CCAAAGAAATACATAT,R456S,1,1
-0.5766,0.005211,TCGACTAAACTGCGAG,,0,0
-0.5766,0.02809,ATACACCAATCTTAAA,E443H,1,1
-0.5766,0.005074,ATCCAATCTTTAACTC,L367I,1,1
-0.5769,0.005705,ATAAAACTATTACCAG,A430D,1,1
-0.5769,0.0134,TATTCAGGGAATTCAG,S219K,1,1
-0.5769,0.01537,GCAACATCAAACAGCA,K82C E325G,2,2
-0.577,0.01423,CTACCACACAAATTTC,H18A,1,1
-0.5772,0.008737,ACCTTCAGAGACAATT,,0,0
-0.5772,0.0124,AACAATAGACCAATTT,A93C,1,2
-0.5773,0.009083,ATATAGAACCAAATAC,F467I,1,1
-0.5775,0.003137,ATCACACCATCTAAGA,D7T,1,1
-0.5775,0.02684,CATTAAAATCTCTTAA,R208E,1,1
-0.5779,0.01724,GTGGTCGAGCCCTCAG,R299G,1,1
-0.5782,0.00269,ATACGTATCTCGAGCC,A163K,1,1
-0.5784,0.02966,AATTAATAACTGTACA,M168H,1,1
-0.5784,0.05509,AGCCCACTTGCAGAAA,N159W,1,2
-0.5784,0.05509,CACGAAAAAAGTAAAT,G379W,1,1
-0.5784,0.04285,GATATAAGACCAGCGG,A106C,1,1
-0.5784,0.1285,ACAAACTTAACACATA,,0,0
-0.5784,0.1285,AGAAAACTACAAACAA,,0,0
-0.5784,0.07712,AGCTAATCCATAGAAA,T10Q,1,1
-0.5784,0.01042,ATATGCGACAACTTGC,,0,0
-0.5784,0.1285,CAAACCTATTATAAAG,,0,0
-0.5785,0.004209,GATTGCTCACTAAAGT,,0,0
-0.5789,0.02896,GACTAAGCATGCGAAC,V413M,1,1
-0.5789,0.02896,GTTACCTTCTTAAGCT,T301C,1,1
-0.5789,0.01016,TCAGAAAACACATTAA,,0,0
-0.5789,0.002224,GTCTTATGAGGAGGCT,V223T,1,1
-0.5789,0.03407,TTAACTTAGTCAAACA,G142M,1,1
-0.579,0.04139,CTTCCATGCACCATTA,,0,0
-0.5791,0.006512,AAGATGTAAGACCAAA,Y105F,1,2
-0.5792,0.0527,CATTAAATCCAGAGGC,V102C,1,1
-0.5792,0.0527,GATTTGATCAAGCCAC,,0,0
-0.5793,0.009428,CCATGAAGCCAGTTCC,K417E,1,1
-0.5793,0.003135,TGAAGAACTTCCATAC,E172M,1,1
-0.5794,0.007161,ATACCGCGTTCACAAG,,0,0
-0.5797,0.01334,TAACAGACACGACTAC,E119T,1,1
-0.5797,0.004553,CTGCCATTTAGCTGAA,D375S,1,1
-0.5797,0.02111,AAGTAAAACTTCCTCA,G504A,1,1
-0.5797,0.01707,GGACATCTCCCAAACA,R224W,1,1
-0.5798,0.0115,ACAGACTGGACGCACG,S422C,1,1
-0.5799,0.01873,CACAAATTATCTCATC,R307E,1,1
-0.5799,0.0237,CACCACTAACTGTCTC,,0,0
-0.58,0.02075,AATCTACCTTTTGCCT,S378R,1,1
-0.5802,0.1162,CCGTTAACCCGCTTTT,,0,2
-0.5802,0.1162,TACTCTGTCTGAAAGC,,0,0
-0.5803,0.009377,CAGAATCCAACGTTTT,T318N,1,1
-0.5804,0.01384,ACCAGATGAAAGAAAT,I160D,1,1
-0.5804,0.01817,AAACAAAGAACCTACT,R222Q,1,1
-0.5805,0.01638,CTACAGAACCAATTCC,P169R,1,1
-0.5806,0.06843,CAACGATAAAAAAAAT,D188Q,1,1
-0.5806,0.06843,CAACTACACAAATAAA,,0,0
-0.5806,0.01098,TTCTATAAGTCTTCAG,R224T,1,1
-0.5807,0.04849,AACACACCAAGACAAA,H56N,1,1
-0.5807,0.004393,ATACACTACACAAAAA,L428I,1,1
-0.5808,0.03755,ATCGACGAGAACCAAA,D101N,1,1
-0.5808,0.03755,CACGCTCATTTGGTAA,,0,0
-0.5808,0.03063,GAAAAGCATAAAAACG,,0,0
-0.5808,0.03063,TTGTAGAAACTATAAA,Y161Q,1,1
-0.5808,0.02587,TTTAAAATGAAAACCC,,0,0
-0.5809,0.01013,GGCATTACAAATACTA,,0,0
-0.581,0.009546,ACGCCACGTCTTTAAA,,0,0
-0.581,0.001992,TCGCCTACTGGTGAAA,S358I,1,1
-0.5811,0.01438,TGTTCAATACCAACCA,D175N K259L,2,2
-0.5812,0.02198,CAATCAAACGAACCTA,N45D,1,1
-0.5812,0.005226,ACCAGCACGCTTGATC,R208A,1,1
-0.5812,0.01059,GCAAAGATGCAAAAAA,,0,0
-0.5813,0.04663,GATCCCGCCTCTGAAA,I245V,1,2
-0.5813,0.009326,TCTTAGCTAACCTCCG,L244H,1,1
-0.5814,0.01121,ATGAGAACAAATCATT,,0,0
-0.5814,0.01911,AAGAATTTACACCTTC,,0,0
-0.5814,0.01911,AATCCGAGGTACCACT,,0,0
-0.5816,0.02916,TTGCTAACTCAGAAGA,,0,0
-0.5817,0.01389,CTCCCCCATCCAAATT,,0,0
-0.5817,0.005805,ATGCAACTGCATATGA,V213Q,1,1
-0.5818,0.01024,AAAGTTGATGAGCACT,P227A,1,1
-0.5819,0.01853,GTTTAAAACCAAACAG,L66V,1,1
-0.582,0.004186,CTCACTAACTACCATA,Q132M,1,1
-0.582,0.007298,AATTAGATTCTTATTA,T128Y,1,1
-0.582,0.005696,AAATACAGACCAGACC,D271E,1,1
-0.582,0.002132,ACTCTTTGGTTAAAAA,Q407F,1,1
-0.582,0.003959,CGACGTAATGTCCCTG,D77T,1,1
-0.5821,0.02384,CTAGATTTACATAGGT,P4I R383A,2,2
-0.5823,0.01461,AAAAACTACTTAACAA,G49T,1,1
-0.5823,0.003229,AACATATGACATAAAA,E325D,1,1
-0.5824,0.01328,TGCATAAAACCCCTGA,,0,0
-0.5827,0.01426,ACTTACCAACCACTTG,H183F,1,1
-0.5828,0.01746,CCTACCAATTACCGAA,D7Y,1,1
-0.5828,0.004064,ACAATTATACAGAACG,R307E,1,1
-0.5828,0.008015,TTACATATTCATAACA,,0,0
-0.583,0.01171,AAAAAAAAGACAGATA,P306Q,1,1
-0.583,0.009442,ACTAAATCCAGATATA,N6L,1,1
-0.583,0.01084,CGGCCATAGGAACAAG,,0,0
-0.583,0.01171,TATTCTTAAATCAAAA,,0,0
-0.5831,0.005276,CCACCTGGACCCACTG,K310R Q376V,2,2
-0.5832,0.01378,TTCGTAAAATTAGCAC,D60N,1,1
-0.5832,0.001993,AATTTCTTGCAATACA,,0,0
-0.5834,0.00583,GGAACTGTCATTGATC,,0,0
-0.5836,0.00655,ATAGTTGGAATGTCGC,,0,0
-0.5837,0.05584,GATAGCAACATAAATG,S137F,1,1
-0.5837,0.05584,TAAATCGCATACAACG,Q371V,1,1
-0.5837,0.00678,ACAATAATAAACAAAA,F79V,1,1
-0.5838,0.006143,GTTTATTAGATAGTCA,T128F,1,1
-0.5839,0.01197,GCAAAGATAGCGAAGA,E359A,1,2
-0.5839,0.02496,AACTAAGAAGTAAGGA,L420F,1,1
-0.5839,0.03911,CCCCAGTTACTGTAGG,N31Q,1,1
-0.584,0.01431,AGTCCACGGCATTATC,S95R,1,1
-0.5841,0.0903,ACAATAGTAAATGATG,S114D,1,1
-0.5841,0.0301,TCGGCCTACGAACACT,P4K,1,1
-0.5842,0.02446,AATTAACATGTTTTTT,G263S,1,1
-0.5844,0.02398,CAACAATAATTAGAAA,K368E,1,1
-0.5844,0.001795,CAGCCCCACAATTGAT,N424F,1,1
-0.5847,0.02351,TTCAAATAAATATATC,F79T,1,1
-0.5847,0.02868,GCATTTAAAGACTGTT,,0,0
-0.5847,0.02868,TAAAAAAAAACCCGAG,T30Y,1,1
-0.5848,0.03675,CCACTTGATAGCAGCC,N22E,1,1
-0.5848,0.03675,GACTAGTGTTTAAATT,H184F R220K,2,2
-0.5848,0.004356,CACGGTTACACTACCG,,0,0
-0.5848,0.05114,ATTCACGTATGGAGAA,D419Q,1,1
-0.5848,0.01705,TAATTGCTCACATTAT,,0,0
-0.5848,0.007306,ACACAACAAAGTTAGC,,0,1
-0.5849,0.007262,TAAAGTAAAACTATTC,G504Q,1,1
-0.5849,0.009412,TACAAACCTCACACCG,,0,0
-0.585,0.02802,ACCATTCCTAATCACA,,0,0
-0.5851,0.01929,CCGCCCAACAACTAAT,S145K,1,1
-0.5851,0.03567,GATTGATGTGGTTTGA,D225Q,1,1
-0.5853,0.009895,CTACTGGAGTGAGAAT,D271M,1,1
-0.5853,0.01454,ACACTACACCAACCTT,S219K,1,1
-0.5853,0.007052,GATACAATAAAACCAA,T301Q,1,1
-0.5854,0.002279,GTACAATAGTTCCACA,I300W,1,1
-0.5858,0.0262,ATAAAAGTGGGAAAGT,,0,0
-0.5858,0.0262,TTCAACGCCACAAACA,S144Q,1,1
-0.5858,0.03369,CCCGCGATATTTGGTG,D7F,1,1
-0.5858,0.008133,GAACCATATTTAGGAA,K450V,1,1
-0.5858,0.01814,TCCAACATACTAGATC,E401W,1,2
-0.5858,0.04716,TTTTTCGCACCGCAAT,,0,0
-0.5859,0.005219,CATAATACGACATTAC,,0,0
-0.5861,0.03278,CATTCCAGATATATAC,,0,0
-0.5862,0.004488,GAATAAGAGAATTAGA,D408L,1,1
-0.5863,0.0454,CATGTTAGTAATTTCA,K50L,1,1
-0.5863,0.009081,GCTCGTTGGCTGCAAA,I300K,1,1
-0.5863,0.01192,GAAAACTCGTCTTCTA,I242H,1,1
-0.5864,0.005203,CCTGCACTTTACAATG,R201I,1,1
-0.5864,0.03192,AATATCAGCGGAAAAA,N497H,1,1
-0.5866,0.01688,TAAAATGAGGCTAGGG,S114V,1,2
-0.5867,0.04376,CAACATCAAATGCAAA,R383G,1,1
-0.5867,0.04376,TTCGCTGAATTTATTA,,0,0
-0.5868,0.01137,TAATCTTATATGGGCA,Y105N,1,1
-0.587,0.02365,TTAATTCCATTACGAG,,0,0
-0.5871,0.0162,CGCAAGTATCGACATA,K171R,1,1
-0.5871,0.01106,AGTAGCCAATCAGCGA,,0,0
-0.5872,0.02958,AAAACTAGACTAGAAT,S312F,1,1
-0.5873,0.01879,CGATACGCTTTAAATA,T10W,1,1
-0.5873,0.009783,CTATTTTCATCATCTC,E449L,1,1
-0.5874,0.04082,TCAATATACCCACTGG,K276S,1,2
-0.5874,0.0185,TAAATACGCCAAACAA,,0,0
-0.5875,0.02888,TTTACAAAAACAACTA,D375F,1,1
-0.5876,0.01822,CCGTATGACTAAAACT,,0,0
-0.5876,0.007404,GAGCCCTTACTTACAT,S369T,1,1
-0.5877,0.02194,CAAGTGATCTCAATTA,K189G,1,1
-0.5878,0.008526,GACAACTCATCACCCA,N45C,1,1
-0.5878,0.01302,GATATGAACATAAGAC,A106W,1,1
-0.5879,0.02757,CCAGTCAAAACCCTAG,N31L L244F,2,3
-0.588,0.007651,GAAACTTGAGGCATTC,F174W,1,1
-0.588,0.01005,ACTTAGAATACCTCGC,A476K,1,1
-0.5882,0.06244,AAACCAATTCGCAACC,A430Q,1,1
-0.5883,0.03708,GTAAGGTATTTCAACC,I34F,1,1
-0.5884,0.02046,AGACAATGCACAATTA,,0,0
-0.5886,0.02581,ACTAAGATTACACTCG,K450A,1,1
-0.5886,0.02581,TAAAAGTTGTTCAAAA,T37I N133F,2,2
-0.5886,0.008544,ATACACCAGAATCAAT,E410L,1,2
-0.5887,0.01365,AATAACAGAATTGACA,K264C,1,1
-0.5888,0.03495,CATCTCCTGGTAAACA,K417I,1,1
-0.5889,0.009142,AAAAAAACTGAGTTCG,,0,0
-0.589,0.008198,GCACGATTAAGCCAAC,L428Q,1,1
-0.5891,0.05661,CCAAACAAGGCTAAGA,,0,0
-0.5891,0.1698,CGGAAACCTCCGTAGC,K50L,1,1
-0.5892,0.01525,AAGGCCATTGTAAACC,S145R N290G,2,2
-0.5892,0.01525,ATAAAATTACCAACAA,K391I,1,1
-0.5892,0.01112,GAAAGTAGCATCCACC,,0,0
-0.5894,0.006574,ATCAGCTGCACACCGC,,0,0
-0.5895,0.05409,AAAAGACTATGAATAA,T318L,1,1
-0.5895,0.05409,CCGAATGAGCCCAAAC,N53W,1,1
-0.5896,0.01227,AAGTATTTTAAAGAAA,Y105F,1,1
-0.5897,0.01215,ACAGACTAGCCGTGAC,I48E,1,1
-0.5898,0.05178,AAAATGAAAAAAGCGA,T10L,1,1
-0.5899,0.02206,GTAAAATCTCAAATGA,V213W,1,1
-0.5899,0.03055,TCACATCCAGCAAGTA,A196H R201S,2,2
-0.5901,0.003042,CCCTCGAACGCAAAAC,S91R,1,1
-0.5902,0.009854,ATAAAGTAGATCTACC,Q501A,1,1
-0.5902,0.01633,GCACACAACCAAACCT,,0,1
-0.5903,0.004185,ATTATGATTTTACAAG,,0,0
-0.5904,0.04771,AGGAACTCTACCTGGC,Q434E,1,1
-0.5905,0.02841,ATAGACTATGACTGTA,T187L,1,1
-0.5905,0.02841,CTAGTACACAATAAGA,F174C,1,1
-0.5906,0.01989,CTCGATACACATCATT,G263K,1,1
-0.5907,0.04591,ACTTTATAACCGCCAC,G62M,1,1
-0.5908,0.01511,AAGAATTTAGAGTCTA,P103D,1,1
-0.5909,0.1327,CCCAAGGCAATTCATG,,0,0
-0.5909,0.04424,AACTCCAAAACACAAA,,0,0
-0.5909,0.01207,AGAATGAATATCCTGC,N6I,1,1
-0.5909,0.02654,CCATGTTGACTAGATC,I252A,1,1
-0.591,0.01004,CCAGTCAAATGCACCA,K315S,1,1
-0.5911,0.02598,AAAATTGAATATCAAC,N290D,1,1
-0.5911,0.0144,AACCAAACAGTATGAA,,0,0
-0.5912,0.002605,TACAATTGTACAAGTT,,0,0
-0.5912,0.02543,ATTCTAAAGTAATAAT,,0,1
-0.5912,0.02543,CTAATAGTCTAAAGTT,E443C,1,1
-0.5912,0.009719,TTACCACAATTCCATA,K2A,1,1
-0.5913,0.007336,AACCAAGTGTATTTAC,N285G,1,1
-0.5914,0.003341,ACCTTAATAAGAATAG,,0,0
-0.5914,0.007205,ACAATACTACTAATCC,T485E,1,1
-0.5916,0.1196,CAAAATTAAAAATTCA,K264W,1,1
-0.5918,0.02302,GGTCAAAAATATAAAT,S205C,1,1
-0.5918,0.0164,ACAGAAACACTGCAGG,,0,0
-0.5919,0.02259,GAAATCTGGGTATCAA,,0,0
-0.5919,0.03742,ATTAGTCTACTCGGAC,P227F,1,1
-0.592,0.004453,ATTTAAGCCCTACCTA,,0,0
-0.592,0.02218,ACTTAAGTATATTACT,Y233R,1,1
-0.592,0.02218,GGACCTAACATACCAA,,0,0
-0.5921,0.004326,GTGTACGATATCCAAA,K189R K452R,2,3
-0.5922,0.009665,AACCCCGTAAGACAAC,T301K,1,1
-0.5925,0.01131,TGGTACTTACAAAATG,,0,0
-0.5925,0.002904,AAGCAACTCCTAGAAC,Q132H N357G,2,2
-0.5927,0.01935,GTGGATATATTAACTC,L431M,1,1
-0.5928,0.00353,AAGTACATTGCATTCG,Q210C,1,1
-0.5929,0.01035,CAAAACCTAAACACCT,A93S I478F,2,2
-0.5929,0.01035,CCTAATCCCAACGCAT,D77E D104A,2,2
-0.593,0.03002,ATAAATAGCAATTATA,,0,0
-0.5932,0.01741,TGAAGCCATTCCATTC,I214V,1,1
-0.5933,0.01692,AGATGAAATACGGAGA,Y161F,1,1
-0.5933,0.01202,ATCCAAAGATCCGGAT,N53K,1,1
-0.5934,0.02795,TACTGAGAATACATCA,,0,0
-0.5937,0.008531,ACAACAAAATCTAAGA,D415N,1,1
-0.5937,0.02559,CAACTTACGGTAGCCC,R208F,1,1
-0.5937,0.02559,GCAAAACTACTCCCAT,I300K,1,1
-0.5938,0.02506,TCAACGATTAACGCCA,S265H,1,1
-0.5939,0.0145,ACCTACTACCCATATG,K472T,1,1
-0.594,0.0708,GAATTCAGAGTTTATT,L367R,1,1
-0.5942,0.0669,AGTCTTCGATCTATAC,,0,1
-0.5942,0.009558,TGATGTCCAAGATCTC,,0,0
-0.5944,0.06341,GAATATTATCACGTGA,S95W,1,1
-0.5944,0.06341,TAAAAGCCATGGTAAA,N31G,1,1
-0.5945,0.005606,ATTATGGTGAGTATCA,D175I,1,1
-0.5945,0.02043,GTAATAAATCGTTTAC,,0,0
-0.5947,0.05741,GCTAAGAACCAACATA,A304P,1,1
-0.5947,0.006217,GAAGCCCAAAGCAAAA,,0,0
-0.5949,0.05245,TATAACATTTAGATGG,N53E,1,1
-0.595,0.01023,AATCTTATATCAGAAA,S358E,1,1
-0.595,0.01653,AAATCAATTACGCTGA,,0,0
-0.5951,0.00367,TAGAGCCTTAAATCAA,R269I,1,1
-0.5953,0.00491,TTCCCACTGGCGCTAC,,0,0
-0.5953,0.003365,GGAACATCTACCTAAT,,0,0
-0.5954,0.04313,ACGTATGCAAATATTC,E359Y,1,1
-0.5954,0.04313,CTTCTAAACTCAGACA,L244V,1,1
-0.5954,0.04165,AAACCGCCACAGTAAG,,0,0
-0.5956,0.01313,TCATACAGTCATACCA,,0,0
-0.5956,0.03898,GTGCATTTGTCTACTC,,0,1
-0.5956,0.005519,TCTACAACACTTACTC,S287N,1,1
-0.5957,0.03663,ATATTGACCTTGTAAA,R361K,1,1
-0.5958,0.03359,AGCATCCGAATACCGT,S47E,1,1
-0.5959,0.0109,ATCTACGATTTAAACA,W234S,1,1
-0.5959,0.03268,GGAAAAGTCGCAACTA,,0,0
-0.5959,0.03268,TAACCCCCGAGTAGAA,D101H,1,1
-0.596,0.02951,CCGAACGAGCACTAGG,S231N,1,1
-0.5961,0.02814,ACTGCCACTCTAAAAA,N158V,1,1
-0.5962,0.02575,AGAACTTAAAAGAGTA,S144I Q376N,2,2
-0.5963,0.0247,TCAGTAATAACAAAGA,,0,0
-0.5963,0.002727,CAGCGCAGACCGTTGC,,0,0
-0.5963,0.007914,ATCTTAGAAATGGTTA,T128W,1,1
-0.5966,0.01893,ATAGCAATTAAATCAA,I481V,1,1
-0.5966,0.01893,GGTTATGTTATAAATC,F79N,1,1
-0.5966,0.01808,TCACTGGGATGTACAA,S54Y,1,1
-0.5966,0.01756,AAGCATGAATAGAATG,T12C,1,1
-0.5967,0.0166,ACCAAATACTTTGACA,,0,0
-0.5968,0.01409,CTTTAAAATTACAAAC,,0,0
-0.5969,0.01144,TGTTTTCAAGTCTTCG,,0,0
-0.597,0.003333,GTAAGAGTGCGGAATT,,0,0
-0.5972,0.005209,TTTCACTTGCATCCAG,A304Q,1,1
-0.5973,0.00126,GGCAACACGCTTAGAT,K189E,1,1
-0.5978,0.00679,GTTATTTTGCATGGTT,,0,0
-0.5979,0.008213,TGAGCACACCCCTTGT,R255Q,1,1
-0.598,0.01067,TTGAAACTTCATCAAC,,0,0
-0.5981,0.0128,ATTAAACCACACTTAA,K315F,1,1
-0.5981,0.004329,TTGACACGCCATAACA,K326N,1,1
-0.5982,0.01431,TTCGAATTCCTTAATC,,0,0
-0.5982,0.01448,CCCAGATATGAAAACA,Q454K,1,1
-0.5982,0.01466,GCTCAGTACTAAATAA,S110E,1,1
-0.5982,0.01483,TCCATCCACGAATAAC,E398S,1,1
-0.5983,0.005177,TGAGACGGACAGAAGA,,0,0
-0.5985,0.02099,GCAATGAATCTTATAA,P21I,1,1
-0.5986,0.02255,GATAGACGATTGACAA,S205A,1,1
-0.5987,0.02485,TAGTAAAATTCGCCGA,S9I,1,1
-0.5988,0.02537,ATAAAGTTTCATTACA,,0,0
-0.5988,0.02592,AATACACACTCAAAAT,K411F,1,1
-0.5988,0.008892,CACACGCCGACTTCTT,,0,0
-0.5989,0.02833,CTATCTGTCTCCCTGA,A196L,1,1
-0.599,0.01024,AGTATACACAAATTCA,I48V,1,1
-0.5991,0.03125,CGGAGAGACGTTTTCA,K292V,1,1
-0.5991,0.01042,TAACACATCGCCACAC,K131A,1,1
-0.5991,0.01051,CCAAACTAAACAAAGA,,0,0
-0.5991,0.03208,GTTCCACATCCGCCAA,H18K,1,1
-0.5993,0.03587,TCAGTGAACATTCAAG,S146F,1,1
-0.5995,0.002334,AAGTTCCTAGATTTGA,R229I,1,1
-0.5995,0.01356,CCGCTTGAAAAACATC,,0,0
-0.5995,0.008191,CAACATACTGTTTACG,K292A,1,1
-0.5996,0.01387,TATTATGAATGATAGA,I67L,1,1
-0.5996,0.005983,GTTAGTGTCTGCCTAC,,0,0
-0.5997,0.04359,GCATGCAAGAGCTCAA,R299L T301H,2,2
-0.5998,0.01526,TTCATATGAATTATAA,R220Y,1,1
-0.5999,0.01586,TGTGCCATACAACATA,V20Y,1,1
-0.5999,0.04886,TAGAAAATCATCAAGA,,0,0
-0.6,0.05091,GAAAAACTAGTCATTC,Q454E,1,1
-0.6001,0.01063,ACTTTTAGTAATAGTG,G504E,1,1
-0.6002,0.006113,ATGTCAGAATCCAGAT,D85G,1,1
-0.6003,0.007939,GGAAATGTTTATTCCC,K278V,1,1
-0.6004,0.01973,ACCCGGATAGGCTTTT,N445D,1,1
-0.6006,0.01261,AATACAACAATCAAAT,I260Q,1,1
-0.6006,0.0211,ATCGCCATAGTGTCAG,,0,1
-0.6007,0.06441,TTAGACTCGTCGACAA,I48H,1,1
-0.6007,0.01302,AAGCAATATGTATAAG,,0,0
-0.6009,0.06802,AAGCTAAGGATATATA,H56G,1,1
-0.6009,0.06802,CACGAACCATCATACT,H183F N475K,2,2
-0.6011,0.07205,TGCATAATACCAAATC,S9W,1,1
-0.6012,0.01075,ATAATACCACCCATAC,D85H S219P,2,3
-0.6013,0.01085,CCCTCTAAGCTCTTCT,K50Q,1,1
-0.6013,0.0766,GCGAACCATATGAGTC,A93S,1,1
-0.6013,0.01104,TTCTAGTCAAGACACA,K207D,1,1
-0.6016,0.08175,AATTAAGCTTATTTTA,K368R,1,1
-0.6017,0.01203,ATGATTTCCTGATCTC,,0,0
-0.6017,0.02853,TGATCCATCATAGAAT,V223E,1,1
-0.6018,0.01728,CAGTATACATTACAGT,P55L S219P,2,2
-0.6018,0.02922,TCTCTCCGATATAGGT,S107D,1,1
-0.6018,0.08766,CATAATATTGCCCCAG,G200Q,1,1
-0.6021,0.0307,ATAAATATGATGGCAG,,0,0
-0.6021,0.0132,AGATCGCAACTCAGTG,Y105I,1,1
-0.6021,0.01032,CTGTACTTGAATACGC,P103K,1,1
-0.6021,0.004081,ACCATTACACTAGTCA,N483S,1,1
-0.6022,0.00378,TAACATGTTCACTAAT,,0,0
-0.6022,0.03149,AGTATCCTGCAAGGTG,S91Q,1,1
-0.6022,0.0189,ATGCGCACCATAACGC,Q295E,1,1
-0.6022,0.09448,CCAATTCATAAAATGT,I282V,1,1
-0.6022,0.09448,TAAATGACCGACGATT,,0,0
-0.6022,0.09448,TAAGGAACGAAAAAAA,R208K,1,1
-0.6024,0.03322,GGATGAAAACGTAATA,N290W,1,1
-0.6024,0.03322,TAGAACAAAATAGAGT,N38F,1,1
-0.6026,0.03415,ATTCAAAAAAGCTGTA,R109E,1,1
-0.6026,0.1024,GCAAACATACCTATAT,Y257H,1,1
-0.6027,0.03514,TGGTACCGTACGCCTG,D487R,1,1
-0.6029,0.02197,AAAGTGATCTAACGTC,K2F,1,1
-0.603,0.00526,TTGAGCAACAATAAGT,R141S,1,1
-0.603,0.01243,ATAGGTAGTTCAAGCA,M268T,1,1
-0.603,0.01243,CCTCTCGCCAATAACC,S279E,1,1
-0.603,0.1119,CATAACACAAACTCAC,D375T,1,1
-0.603,0.0373,CTGCACCGCACCAGCG,N158F,1,1
-0.6031,0.0162,ACTGTTCCCATAGCCA,,0,0
-0.6031,0.0228,GCGACGACTCGCGGGA,,0,0
-0.6032,0.03848,CCGTTACCCCTCAAAC,N475A,1,1
-0.6033,0.02324,ACAAGCAGTAACACCT,,0,0
-0.6033,0.02324,TAAGCGTTCAAAACGT,T40S,1,1
-0.6036,0.1232,ACTTCAACTGTCTTAA,N53R,1,1
-0.6036,0.02465,GATAAAAAACCCAAAA,A430E,1,1
-0.6036,0.0137,ATATAAATGACAAGCG,,0,0
-0.6037,0.02516,TTGCGAAATATCTATG,,0,0
-0.6039,0.002754,GACTTATGCTAATGAT,S205M,1,1
-0.604,0.04407,CTGCAGAAATCAATCC,,0,0
-0.604,0.04407,GAATATTGTTAAATAT,S198C,1,1
-0.6041,0.0121,TGGCCCAAATATACAT,,0,0
-0.6041,0.004623,TTTTTACACAAGAATC,N38R Q211S,2,2
-0.6043,0.1372,AAATAACAAAGAAGTA,F79K,1,1
-0.6043,0.04573,CTGACGTCCTGCAATG,S262I,1,1
-0.6043,0.1372,TTACTCAAACGAATCT,F448W,1,1
-0.6043,0.02744,ATGGATCCCTCCATCT,K264H,1,1
-0.6045,0.01563,TCATCAAGATAATAAT,,0,0
-0.6045,0.02025,CAAAAAAATGCATATA,Q132A,1,2
-0.6046,0.009579,CAGCCACTCTCACGAC,H184C,1,2
-0.6047,0.002236,CTCAGTACGAGAAACC,N489D,1,1
-0.6048,0.02943,ACAGAATCCACCGAGT,T451C,1,1
-0.6048,0.04945,ACAACTAAAAATAACA,S144D,1,1
-0.605,0.01014,TCTCATCTGTTAACAG,E449V,1,1
-0.6051,0.01694,GTCTACCGATTAGTTT,N122I,1,1
-0.6051,0.006124,ACGAAATATCCCAAGT,Y161T,1,1
-0.6051,0.002696,CCATGTACGTACTCAA,,0,1
-0.6052,0.03093,AAAAACCCCCGTAAAC,G404E,1,1
-0.6052,0.03093,ACACTTTTGTGTACCA,I48C,1,1
-0.6052,0.1546,ACGTCAAGGCTAACTA,T485F,1,1
-0.6052,0.01718,TTACATCCGTGCCTTA,P169R,1,1
-0.6052,0.1546,TTAGATAATTGAGATC,S145Y,1,1
-0.6053,0.004254,ATTCAGGAACAATCCG,R201C,1,1
-0.6053,0.006877,TCGAACGCAAAGCAGC,,0,0
-0.6054,0.03174,GCTTATAGTTTGAAAG,Q44M R201V,2,2
-0.6054,0.03174,TCAGCGTGTATCTAAA,,0,0
-0.6054,0.005924,GAGACACCTCAATCCG,N158H,1,1
-0.6054,0.02293,TCGCAGACAGTCATAC,,0,0
-0.6056,0.002508,GGGCAGCTAATTTTAC,N296A,1,1
-0.6056,0.01821,GAGAAGTCTAGACATC,,0,0
-0.6056,0.01821,GTAATAAGCAGGCCTA,G275H,1,1
-0.6056,0.01821,TTCTTTTCCAACTTGC,K326I,1,1
-0.6059,0.008917,TATTTGAAAAAATTTA,D291V,1,1
-0.606,0.03444,AAAAACGAACGTAAAT,,0,0
-0.606,0.03444,CGAAAACCAACAGGTG,Q371K,1,3
-0.6061,0.01333,CCGACAAAACATCTTC,,0,0
-0.6061,0.0248,TAAGTACTCCTACACG,T40K,1,1
-0.6063,0.05907,ATTCTCGACGCTAAGA,,0,0
-0.6063,0.03544,TAAAAATAGTTTATAC,E403N,1,1
-0.6064,0.01193,TCAAACTTCAGATTTC,G404F,1,1
-0.6064,0.005129,AGTAATGAAACAATAT,E83H,1,1
-0.6064,0.003843,ATAAGATGCGCCAGCA,Q80F,1,1
-0.6064,0.007856,ATACCAGGGCTTACCT,,0,0
-0.6065,0.03651,GAGAAGCAACACGAGA,R361H,1,1
-0.6065,0.03651,GAGTAAATTAACAAAT,S144I,1,1
-0.6066,0.02035,TATCTACCTCTAACTA,Q501N,1,1
-0.6066,0.008011,GAATTTTTACCCACAA,,0,0
-0.6067,0.02642,GCAATGCCTAGAAAGA,Q327H,1,1
-0.6067,0.02642,TCATTCCTAGAATATG,P103I V429C,2,2
-0.6067,0.06209,AAATACTATAAAACCA,,0,0
-0.6068,0.01701,TCAACATTACCTAATT,T117V,1,1
-0.6069,0.004407,TACTGCTTCCTGAAAA,Q327V,1,1
-0.6069,0.005157,AAGATATGCCAGATCT,I395A,1,1
-0.607,0.0148,ACTAGCGGACACAACA,I274T N497T,2,2
-0.607,0.02143,CCAAGTAAGACACTCC,S107G,1,1
-0.6072,0.06544,CGCGGATAATTCAAAA,S369C,1,1
-0.6073,0.009422,CCGCCAGAATCTGCAA,G5S N290E,2,2
-0.6073,0.01802,TTTACTTTACTCTCGC,P169R,1,1
-0.6075,0.0183,CTCAAGTTTTGAGTAA,,0,0
-0.6075,0.02894,AATACACCCCCTACCA,Q164A,1,1
-0.6077,0.002824,TTGTATATCAAAGAAC,,0,0
-0.6077,0.007638,GATCAATAAGGAATCG,,0,0
-0.6078,0.02964,ACACATAATCTTTTGG,,0,0
-0.6078,0.02964,ATTATCTAATGCATGT,G504R,1,1
-0.6079,0.009159,AATGGAATAATACTAT,,0,0
-0.608,0.007285,CAATGTAGATTAGAAA,,0,0
-0.608,0.0235,AGAGGAATCATCAGAA,N497L,1,1
-0.6081,0.005797,TTTACAACCAGGTAGA,,0,0
-0.6081,0.04297,CCTGCATGTATTAAGT,,0,1
-0.6081,0.04297,CTAAATCATGAAACTC,P227W,1,1
-0.6082,0.02397,CATAGAGGAAGGGTTA,,0,0
-0.6083,0.01979,ATACGACAGCACATCA,L381M,1,1
-0.6083,0.03117,ACAACAATATATCGAA,A93C,1,1
-0.6083,0.03117,ATATGCACATATAAAG,S107N,1,1
-0.6084,0.07335,TAAAACTTCAAAAGAT,,0,0
-0.6085,0.02012,GATCGAGATAAAGTTT,L111Y,1,1
-0.6085,0.04455,ATTAATCAATAAATCG,,0,0
-0.6085,0.01313,GATACAGATATAGGTC,D175Q,1,1
-0.6087,0.01188,TCCTTTAAACCCATTT,,0,0
-0.6087,0.001972,ATCCAATGCAAAATTT,S205M,1,1
-0.6088,0.012,ATAACCGATCGTATGA,F332I,1,1
-0.6088,0.002635,GCAACCTTTAAAAAAC,D271N,1,1
-0.6088,0.02548,CAAAAGTGCATTTGAC,,0,0
-0.609,0.01007,ATATCACTGTCAGAAA,T10C,1,1
-0.609,0.009321,CCATTCTTCATACTTC,G263E,1,1
-0.6092,0.02154,AAACGGGCGAGCTAAT,Y233L,1,1
-0.6093,0.007667,ATACAGATCAAACAAT,K259Q,1,1
-0.6094,0.02193,AAGTTGCTTATACCTT,D85Q,1,1
-0.6097,0.01895,ATTAATCTGGTAACTA,,0,0
-0.6098,0.0092,AAAACAATACCGCAGC,S231N,1,1
-0.6099,0.02275,ATTCATAAACAAAACA,K2W,1,1
-0.6099,0.05006,ATTCATGATTCCACAC,L496I,1,1
-0.6099,0.05006,GAAAGTACATCAATAT,D474H,1,1
-0.6099,0.03576,CCCTCCAACCCACAAG,K207D,1,1
-0.6099,0.08343,TTTCCGTCCAATCCAG,T117A,1,1
-0.61,0.01332,AATAATAGAGATATAA,P273S,1,1
-0.6101,0.01956,CTGCCACTATAGAAAC,E410W,1,1
-0.6101,0.003589,GGATGCGCAACCCCCT,,0,0
-0.6101,0.005667,ACCTATACTCGTACAC,N290S,1,1
-0.6102,0.01509,TACTCCTAAAATAAAA,D291H,1,1
-0.6103,0.008352,AGTCTTCTTCCCTATT,S149R,1,1
-0.6105,0.02021,TTTTTATCCAAACCTA,T167S,1,1
-0.6105,0.01547,ATTTACTGAACCACAC,,0,0
-0.6107,0.03799,ACTGTCATCTACAGTA,G263P,1,1
-0.6107,0.02056,CAATCAACTATGATCA,A430T,1,1
-0.6107,0.01409,TAGTGAGCAAAATTAA,D101V,1,1
-0.6108,0.01072,AGGATCAAAGAAGAAT,,0,1
-0.6108,0.005058,AAAACAACAGCAAAAA,T40I,1,1
-0.6108,0.0128,CTATTAAAGGTTTTAA,D461E,1,1
-0.6108,0.08958,TAAAATCATATTTTAT,K238I K310C,2,2
-0.6109,0.0246,AAAGAATACCAGGGTA,D7T,1,1
-0.611,0.02091,CAATCACCGCTCAATA,,0,0
-0.611,0.007795,TCCTACACATATTTAC,,0,0
-0.6111,0.03061,ATACAAGACTCTTACA,D408G,1,1
-0.6114,0.01121,TTGACAAACCCAACCC,N8K P221A,2,2
-0.6115,0.02564,ATTACTTAAAATAAAA,L71I,1,1
-0.6115,0.04053,TAGAACAGAAGAAAAG,E325Q,1,1
-0.6116,0.01676,GTGAACGAGTACGAAC,,0,0
-0.6116,0.05712,TCAGTTTACCTGATCA,N6K,1,1
-0.6117,0.006983,GAGAAACCACCTATAA,Y302M,1,1
-0.6117,0.02205,CCGTCCCCAAAATCAT,E119Y,1,1
-0.6117,0.01366,CAGAAGAGATGAGGAG,,0,0
-0.6117,0.01065,TTCAATAGACCCATTT,K27S P273G,2,2
-0.6119,0.03224,AACTGAGCTAACGAGA,S156M,1,1
-0.6119,0.03224,ACACTAGCCTACAGAA,I160M,1,1
-0.6119,0.09672,AAACAAGTTGATAAGT,,0,0
-0.6119,0.09672,GCATTCGACGAGAGTC,Y412H,1,1
-0.6119,0.09672,TTTCCTGCACATAAAA,V490S,1,1
-0.6119,0.004337,CTTTTTCGACCGGCGG,,0,0
-0.6119,0.02246,TGAACTCTAACCAACT,D419S,1,1
-0.612,0.005961,ATTAGAACAACGTTCT,D415N,1,1
-0.612,0.0127,ACCCACCAGTTTAGTA,A93C,1,1
-0.612,0.04193,CTAGCATAAGCCCGCA,I418Y,1,1
-0.612,0.04193,TTAAGTAGGCATGAAA,,0,0
-0.612,0.01398,ACGATGGCATCATTAT,E280G N498G,2,2
-0.612,0.001464,GAAACACCAAAGCAAT,S137I,1,1
-0.6121,0.02677,CAATTTTTGAATGGCA,R307G E449S,2,2
-0.6123,0.05994,ATTACATATATGACGG,,0,0
-0.6123,0.05994,TATATCACTAATTAGC,,0,0
-0.6124,0.006391,GTATGACCGTTAAGAT,W234S,1,1
-0.6124,0.01773,ATGGGATAACAAATCA,A106Q,1,2
-0.6125,0.009762,AGTATGTCCTAACACA,,0,0
-0.6126,0.004548,TAGTATGAATCTGAAG,S96I,1,1
-0.6126,0.006494,ACATTAAAAAAAGCTA,,0,0
-0.6127,0.006811,GAACAGACATTTACTA,S442V,1,1
-0.6128,0.005409,GGAATCTAAGCAGCCA,,0,0
-0.6129,0.008877,CCACTTACCCAATTCT,S145G T416L,2,2
-0.6129,0.01483,CTCAAAAGATCCATAG,D77L,1,1
-0.613,0.004813,GAAGAAGCATAATACC,G379H,1,1
-0.613,0.00948,GGAATTGGGATATAAA,V323L,1,1
-0.613,0.002323,AACCCAGCAATATTTC,,0,0
-0.6131,0.00595,AATTATAATCCATGGT,Q371S,1,1
-0.6131,0.06306,AGCCCTATTGCAAACA,K238P,1,1
-0.6131,0.06306,ATCAAAGAACAGCACA,,0,0
-0.6131,0.01855,ATTCCGCACCCTACTA,,0,0
-0.6131,0.06306,TCTACCATGAAATTCA,S124W,1,1
-0.6131,0.06306,TTCTAAAAGATTGAAC,R208L N498M,2,2
-0.6131,0.1051,ATCAATGGCAAAAGTC,N290Y,1,1
-0.6131,0.1051,CATTTATAAGGACGTG,,0,0
-0.6131,0.02102,TAGAAAGTCGATGAAG,P324R,1,2
-0.6133,0.008643,TCTAAGAGCATTTCGC,,0,1
-0.6133,0.009707,CTTGATTACATTGCCT,L384T,1,1
-0.6134,0.006539,TAGAACACACAACTTG,E410F,1,1
-0.6134,0.00784,GAAACGGAACGTATAC,Q501A,1,1
-0.6134,0.02475,ATTACATCTTTATAGG,T135N,1,1
-0.6134,0.02475,GTCAACACCAGGCTAA,,0,0
-0.6136,0.01202,AGAATGTGATCTACTA,T301G,1,2
-0.6137,0.004749,CGTTGACATTAAATAC,F500W,1,1
-0.6137,0.02526,CGGTGCAAATCCAGTA,D77S,1,1
-0.6138,0.002865,GCACTTCGATTAGCGT,R224S,1,1
-0.6139,0.03008,TTATCCAAGATAAAAA,,0,0
-0.614,0.06651,TACGCCATGACTGTAA,,0,0
-0.6141,0.0258,ACTGCGAAATTCCCAA,V347S,1,1
-0.6141,0.01975,ACTAATAAACATTGAG,P306A,1,1
-0.6141,0.016,GAAAACAGGGACAACT,,0,1
-0.6142,0.009653,TAAAAACCAATTCTTC,E401Q,1,1
-0.6142,0.005205,CAGTATCGCCGGCTCC,K121G,1,1
-0.6143,0.04865,CGCAACCATTTACCGT,K2C S266F,2,2
-0.6146,0.03835,ATCATCCTGCAGACAA,E35F,1,1
-0.6146,0.03835,CATCTTACGTGAGAGC,,0,0
-0.6147,0.02042,CAAACGCTCAAATCGT,S231N,1,1
-0.6147,0.003022,AACAACCCCGCTTTCC,G23A,1,1
-0.6147,0.00656,TGAAAACCATACCGCC,H184M,1,1
-0.6148,0.008117,CGTAATATACCCATAA,K82A,1,1
-0.6149,0.07036,ATCGGATAATTTCTAG,D32W,1,1
-0.6151,0.05068,TATTGCATACTAAATG,S110R,1,1
-0.6151,0.002805,AAGCACCACTTGCAGA,G5N,1,1
-0.6152,0.0325,TAACCCCGGTAGTCAG,N45F,1,1
-0.6155,0.007126,ATATTGCAGAAGTGCT,L381E,1,1
-0.6156,0.0244,GAAATAATAATAATTA,D68S,1,1
-0.6156,0.02819,ATTATCAAGCTGGATA,,0,0
-0.6156,0.02819,TTTTAGCTCTTAAAGG,G263F,1,1
-0.6157,0.04094,AAAATGTAGAGGGGAA,,0,0
-0.6157,0.04094,ATTAGAAAAAATTTAT,V166M,1,1
-0.6157,0.04094,TCCTAACCACACATTA,H17M,1,1
-0.6157,0.04094,TTCACTGCCGCTACGC,K121H I300E,2,2
-0.6158,0.004348,ATAATCACTCATAAAT,V213M,1,1
-0.6159,0.001951,AACAAGACCACCATAC,S265Q,1,1
-0.6159,0.0138,CATGCATATACCGTCC,K326V,1,1
-0.616,0.07469,ATCGACGCAAAGAATA,P221L,1,1
-0.616,0.01628,TAGGTTCAAGATATAG,K189L P324Q,2,2
-0.6161,0.009622,AGGAGCCTAATTCCAA,L496M,1,1
-0.6162,0.03434,TGAGAAAAAGGTATTT,S231R G386E,2,2
-0.6162,0.02229,GCCAATGCGGATCCTA,K468F,1,2
-0.6162,0.02229,TAGCACACAGTGATCT,A430G,1,1
-0.6164,0.1271,AAACTGACAGATACAC,K310N,1,1
-0.6164,0.1271,CGATTTAAACGACATC,L439Y,1,1
-0.6164,0.1271,GAAAGGCAAAAGTATA,I300W,1,1
-0.6164,0.04237,GACTCAATATTCACAA,,0,0
-0.6164,0.01532,CACATTGGCTTGAGTC,Q327A,1,1
-0.6166,0.005755,AACTAAGGTGTAATGC,,0,0
-0.6166,0.006328,CAGTTACGTAAAAATC,G78M,1,1
-0.6168,0.006394,CTTAATTAACACCAAA,,0,0
-0.6168,0.01696,GAAGCAAAAAAACATA,G404N,1,1
-0.6169,0.006428,ATTATGTAAACCAGCA,G263L,1,1
-0.6169,0.01872,ACACCATAATATATGG,E414C,1,1
-0.6172,0.07959,AAGAACACATCTAATT,N216A,1,1
-0.6172,0.02653,ATGGTTTTGAATAACA,,0,0
-0.6172,0.01287,CAACAAAACCCAGAAG,D241G,1,1
-0.6173,0.003897,CGCCCCTCTATAGTTA,S358Y,1,1
-0.6174,0.01148,CGAATAACGTTTGAAC,N22R,1,1
-0.6174,0.01613,AGACCCCCAAACCCAA,N81L,1,1
-0.6175,0.003455,GGATAAACAGCACACC,,0,0
-0.6177,0.004127,GAGCCCGTCCAGGAGG,I418V,1,1
-0.6177,0.02406,GTACCTCAGTTCCCCG,S199P,1,1
-0.6178,0.0117,AGCCAAGTTGCATCGC,Q1E,1,1
-0.6178,0.04554,CATGGAATTGCGAAAC,Q407N,1,1
-0.6181,0.02454,AAATCTCGTAAGCCAA,E426G,1,1
-0.6181,0.003047,ATGCAACCCAGCACAC,E426H,1,1
-0.6182,0.005433,AAGTGAGTACAATTAC,K368A,1,1
-0.6182,0.01995,CCTCTGACACAGAATT,,0,0
-0.6182,0.00461,ATAAGGTAATCACCAA,E449Q,1,1
-0.6183,0.0168,GACAATATCATTTAGG,,0,0
-0.6183,0.01557,ACCTCGAGTCCTTAGT,G240A,1,1
-0.6186,0.04732,ATGGTAGATTTGGATG,S149G,1,1
-0.6186,0.009465,CTGGAAAGTATAACTG,A430M,1,1
-0.6186,0.03872,TATATTCATATTAAAG,,0,0
-0.6186,0.002905,ACAGGATACTTAAAAA,S312E,1,1
-0.6188,0.003503,AGTTTACACGTGACTG,N298S,1,1
-0.6189,0.00735,ACACAAAAAACCTACA,R201M,1,1
-0.6194,0.003433,TTTAGATCGTACTCCA,E83H,1,1
-0.6194,0.04924,AAGAGAGAAAAATATA,I232F,1,1
-0.6194,0.04924,CGAAATTTAAACCTAG,,0,1
-0.6194,0.04924,TAACAATTGACTGTGT,T206N,1,1
-0.6194,0.04924,TGCGTATTTACCTCAA,K397G,1,1
-0.6197,0.06405,TATCCAAAAACTATTC,,0,0
-0.6198,0.03463,GTCCTACCGATGATGG,M444F,1,1
-0.62,0.0267,ATTAACGGCGGGTGAC,G78S N464H,2,2
-0.62,0.0267,CCACCCCACCAGACCC,T10R A334M,2,2
-0.62,0.04135,ATTGCAAAACGACATC,G23P D375I,2,2
-0.6201,0.01474,GCACGTATCTGAGGGA,A39S,1,1
-0.6202,0.01309,GATTGTATGCTATAAT,S198C,1,1
-0.6204,0.01188,GTACACCGGCAAAAAC,,0,0
-0.6204,0.03564,ACCTAACATGTATTGA,T318V,1,1
-0.6205,0.008792,GCTCTAATATTCAATC,M168V,1,1
-0.6207,0.03132,AAACATAGATCATTTG,,0,0
-0.6207,0.03132,CACCGATGGGATACCT,K368H,1,1
-0.6208,0.04281,ATGTGAATAAGCTCGA,P103L G479S,2,2
-0.6208,0.04281,TATCATAATACGAGCA,,0,0
-0.6208,0.005975,CAACTGAAACTAATCT,T40Y,1,1
-0.6209,0.008288,AGGACGTCCAGGCAAG,K368Q,1,1
-0.6209,0.01352,TTTAGAATGATACACC,N290Q K450N,2,2
-0.621,0.02793,TTTACAGCTCTCAATT,K278F,1,1
-0.6211,0.01648,AAATGAACAATATATA,,0,0
-0.6212,0.002625,GCTATATATTACCCTT,L59W,1,1
-0.6214,0.03215,TCAAGACAAAGCATCG,,0,0
-0.6214,0.01461,TAGATCTTAGATAGTT,,0,0
-0.6214,0.1607,TGAAATTTCTGGTTAA,,0,0
-0.6216,0.00396,GATAACCACCTGGTTC,S262T,1,1
-0.6217,0.02574,AATTATGGAGGCACAG,I274E,1,1
-0.6217,0.02574,CATTCAGCAAGCTCAG,Q210H,1,1
-0.6217,0.02574,CTTGTGACATAGACCG,D85K,1,1
-0.6218,0.009262,GTTAGAACCATCTGCG,Q80H,1,1
-0.6218,0.02341,TTAACACTAAACAAAA,Q211T,1,1
-0.6218,0.03787,AAGCTACATATACCTA,H184C,1,1
-0.6219,0.00657,ATTGTAAACCTGGGAA,,0,0
-0.6219,0.01497,AACCAATAATCAAAAA,,0,0
-0.6219,0.01497,TTAACCGGTTGGACAA,G275E I300W,2,2
-0.622,0.09907,ATACAAAAATAGCAAA,,0,0
-0.622,0.09907,GTCCATCAGTGCAAAA,,0,0
-0.622,0.09907,TAAACAAATGTCAGGA,I395F,1,1
-0.6221,0.0184,CTTAAAATACCCTATT,G62Q,1,1
-0.6221,0.01276,AGACCACCCCAAAATA,,0,0
-0.6221,0.01718,ATTCGACTATGGCAAC,L243I,1,1
-0.6222,0.01516,TCACACCGCTTACACA,,0,0
-0.6223,0.02387,CCTATTTCCGTCTCAC,,0,1
-0.6224,0.02185,TTGATCTTCGTTTGTA,S107M,1,1
-0.6224,0.01121,ACGCTACTCAAAGTAT,V490Q,1,1
-0.6224,0.008009,CATAACCTAAGGATCT,Q173F,1,1
-0.6226,0.03909,CAATAGACCAGTTCAA,Y161W,1,1
-0.6226,0.03909,TCTTATTCCCATCGAA,Y161G,1,1
-0.6226,0.01303,TTAAGTCTAGGTTTTG,D85W,1,1
-0.6227,0.03395,GCCTCTGTTTGACAAG,,0,0
-0.6227,0.03395,GTACCCGTCTTATCAG,,0,0
-0.6228,0.02435,CCACATAGAACCATTA,,0,0
-0.6228,0.007417,TTATTTTCATTTTGAG,E403T,1,1
-0.6229,0.01094,CTCGAAGTATCAATTA,D291L,1,1
-0.6233,0.02749,AAAAAGGAATTAATAA,,0,0
-0.6234,0.03076,GATTTTCCCTGAGCAT,S47G Q371E,2,2
-0.6235,0.04039,TTAACCAATCCAATTA,G129Q,1,1
-0.6235,0.04787,ATGGAAATGTCGTCGG,,0,0
-0.6236,0.002734,TCTATATCAAAGTTCC,E344Y,1,1
-0.6237,0.008981,AACTATAATTAAAACA,S199I Q210R,2,2
-0.6237,0.0212,ATTAAAACACAAATGG,,0,0
-0.6238,0.0231,TAATTTCGCATGAACG,K2T,1,1
-0.6238,0.01437,CAAGTTATGCTTCTTA,V297L,1,1
-0.6238,0.01087,TCTTGAGCTTAAATAT,G142H,1,1
-0.624,0.008515,CTCTGCATCGCGATAT,S205M,1,1
-0.6241,0.006472,AATCTACAGATCCTCT,R141E S144N,2,2
-0.6241,0.01146,CGTTACATGGAATAAC,I160F,1,1
-0.6242,0.03596,AGCCCAAAGATATTAA,,0,0
-0.6242,0.02158,ATCCAAGTTTATTGGC,,0,0
-0.6242,0.03596,ATTCCAATTTAAAATT,Q75K,1,1
-0.6242,0.1079,CAAGCGAATAGCTTAT,,0,0
-0.6242,0.1079,CAGGAGCCACCACAAA,S124L,1,1
-0.6242,0.01541,TTAGTGCTCGCTAATC,G263V N497C,2,2
-0.6244,0.01393,TTCCATTTACGTATAT,I48H,1,1
-0.6244,0.01877,AGTAAGCCTCCATATC,,0,0
-0.6244,0.007899,CTTCACTTATATCGTA,A212D,1,1
-0.6245,0.005514,CCTAAAAAAGGCATAA,,0,0
-0.6245,0.02024,AAATCCAAAAGTGCGA,,0,0
-0.6246,0.01117,TAGAAGAGGCACGTAA,I236T,1,1
-0.6246,0.01168,TCTATGGCAATGTTTG,G142V,1,1
-0.6247,0.0108,TCTAATTCTAAAATTT,,0,0
-0.6247,0.03241,TGAACAATTACTAAAA,,0,0
-0.6248,0.006204,AGATTCTAAAACTTCA,S137A,1,1
-0.625,0.03706,CAGATAAAGAAGTTAC,N31R,1,1
-0.625,0.03706,CATACAACCCATTTAC,,0,0
-0.625,0.02647,GTATTGAGCAAAAGAG,R220V,1,1
-0.6251,0.01138,ACCGCCTAATACCAGT,I274L,1,1
-0.6252,0.02237,ACTGCATAAAGTGGAT,Q327F,1,1
-0.6252,0.02237,TACTTCAACATATTAA,P4Y,1,1
-0.6255,0.0333,CAACTGAATGAAAAAT,N126K,1,1
-0.6256,0.009021,ATACTTCCTTGAGAAT,,0,0
-0.6256,0.08118,AACTCAACCGTCAAAA,,0,0
-0.6257,0.00565,AACTTACCTAACAATC,A196R,1,1
-0.6258,0.03822,AAACCATAACGTTGCC,,0,0
-0.6258,0.03822,GATAGTCCATTCAGGA,,0,0
-0.6259,0.002182,AGATATTGACAATATA,D375W,1,1
-0.6259,0.01083,AAAAAATATAGATCCC,,0,0
-0.626,0.005831,TATTTCTCTATAGTTC,T203D,1,1
-0.6261,0.005309,TACTAACGATAATACA,S46P,1,1
-0.6262,0.01758,TTATTAGCTTTCCCAC,G62M,1,1
-0.6262,0.02001,AAGTCGGTCTAAGCAC,F192R,1,1
-0.6262,0.009226,GCGTTGACGAATTGCA,V213W,1,1
-0.6263,0.01058,GATAACAACTTAACAC,F79V,1,1
-0.6263,0.01496,TCGCGAAACTTGCAAT,T30C,1,1
-0.6264,0.007394,TCAGAATAGACCAGAC,,0,0
-0.6264,0.01103,GAATTATACTAAAGAC,E119W,1,1
-0.6265,0.01302,GGTATTCTAAAAGAAC,T328R,1,1
-0.6266,0.01252,ATCAAAGTATACCTAA,K259P,1,1
-0.6267,0.02035,AAGACCTGTAGCTCTG,,0,0
-0.6267,0.02035,AATAAGCAATGGTTCC,,0,0
-0.6267,0.01206,CGACCTGCCACCTACA,,0,0
-0.6268,0.02368,AGTAGCAATACACGAG,I418N,1,1
-0.6268,0.03947,CTAGTGCCACGTAAAG,I48G,1,1
-0.6268,0.009721,AATACCAACAACCAAA,K140Q,1,1
-0.6269,0.02832,CAAACTTGAAAACTAA,,0,1
-0.6269,0.01609,TGTTACCGATATAAAA,,0,0
-0.627,0.0543,AAGGTCGAATAATAGA,L431V,1,1
-0.627,0.01086,ACCAGTGAACAAAACA,,0,0
-0.6272,0.004657,GAAGAATCTGGGTTAA,D104K,1,1
-0.6273,0.01402,TCCGAAACAACAAACC,S124D,1,1
-0.6274,0.04659,GCACACAAGATATTAC,Q376R,1,1
-0.6275,0.008105,GGATGGACTTCACAGA,,0,0
-0.6276,0.004943,GATCCGCGAGCGCTGG,K292N,1,1
-0.6276,0.08699,ATAAACAAGACATGCC,,0,1
-0.6276,0.009667,GTTAAACTTTATCGAA,H488Q,1,1
-0.6276,0.08699,TACAAGATATCCAAAT,S124R S369A,2,2
-0.6276,0.009667,TTAAATGAGAAAACCA,K2C,1,1
-0.6277,0.02105,CGACCGAACTGCCCGC,I252M,1,1
-0.6277,0.04079,TCATCAGACAACACTG,H183F,1,1
-0.6278,0.02664,ATCGAGACTACGCCAC,N22C,1,1
-0.6278,0.01978,AATCAGGTAATCACTA,G379I,1,1
-0.6278,0.01306,AACCCGAACACGAGAG,,0,0
-0.6279,0.01501,CCGAAAATCCATAAGT,G240F,1,1
-0.6279,0.005754,CAACAACCATCATTAC,Y302V,1,1
-0.628,0.007823,TTCTCAACGATAATCT,,0,0
-0.6281,0.01375,AAACAATACAACAGTA,S219A L243M,2,3
-0.6282,0.03267,GTTACTAGCACAAGAA,S198C,1,1
-0.6282,0.01594,TCAATTTGAAGTTGAA,N38Y,1,1
-0.6284,0.007184,ATAAAATTCCCCAAAT,R141M,1,1
-0.6285,0.009081,TTCCCGATCAAATTCT,,0,1
-0.6286,0.04845,GAGGAGATCTATAAAA,,0,0
-0.6286,0.00969,GATGGTACACCACATT,A430G,1,1
-0.6287,0.003918,TGGGTACACCTACATA,G200A,1,1
-0.6288,0.006961,GTAAATTGAGTATTGA,S265N,1,1
-0.629,0.01818,GTTATCGAATCAAACT,G5T,1,1
-0.629,0.03357,CTATCAATGCACCCCA,S149V F332L,2,2
-0.629,0.03357,TGGCGCTAAATAGCAC,T117F,1,1
-0.6292,0.02568,ACCTGTACTTCTAGAT,K264V,1,1
-0.6292,0.008562,ATATCAAAGAACTCCT,G479H,1,1
-0.6293,0.006239,ATGAGACGTACAATAC,D291C,1,1
-0.6293,0.02382,AAGAGTCTAACGATAC,S143L,1,1
-0.6293,0.02382,AATACAAATAAAATTC,Y105I,1,1
-0.6293,0.02221,TAAGAAAGTACATTCT,,0,0
-0.6294,0.009101,CTCACCATCCTATACT,,0,0
-0.6295,0.008856,GCAATAACCAATGGAT,,0,0
-0.6295,0.01659,CCAATGATCGCACCTG,K189Y,1,1
-0.6295,0.01659,TTCCATATTCCTTGTC,R269Q,1,1
-0.6296,0.01225,TACTACTCATTTCATA,,0,0
-0.6297,0.007014,TGTCCATATAAATCCA,N122K,1,1
-0.6299,0.04373,AAGAACAAAACAGCAA,S137M,1,1
-0.6299,0.01874,ACAAAATCGAAATACG,K472E,1,2
-0.6299,0.016,ACAAATTTACTAGAAT,T65M,1,1
-0.6299,0.05046,ACACTGGTTTAAAACT,,0,0
-0.6299,0.05963,AGGAAAACCACGAAAA,D408A,1,2
-0.6299,0.04373,ATCTCCGTCGTAATAA,,0,0
-0.6299,0.05046,CCTACTTGATCTAATG,N22C,1,1
-0.6299,0.03124,GTATGTTTTTCAATAA,K453D,1,1
-0.6299,0.05963,TAGGATCAAGTTGTAC,K276M,1,1
-0.6299,0.09371,AAACATTTCATGCAAG,V166I,1,1
-0.6299,0.03859,CTCAACACCATAGCCA,D188Q,1,1
-0.6299,0.0243,GAATGCAAGCGATGAA,H393Y,1,1
-0.6303,0.01545,CCCCAACAAATAGTGG,,0,0
-0.6304,0.01706,TTAACGGACTCTTGAG,L244A,1,1
-0.6307,0.007067,CAGGTCCCAAGGTAGG,I267A,1,1
-0.6307,0.004763,CTAAAGTCGCTGACAA,,0,0
-0.6307,0.003415,CCACAGATCCATTCCA,,0,0
-0.6308,0.03206,AGACTTTAAAGGAACA,,0,0
-0.6308,0.03206,CCTTTGACGTATCATT,D77G,1,1
-0.6308,0.03206,GGAAACAAAATCAACG,P55F,1,1
-0.6308,0.0173,ATTCCGAACTACCTCA,,0,0
-0.6308,0.0173,TGTCAATAGTGGGCAA,E494I,1,1
-0.6309,0.03554,AAAGATTTTTCCTAGA,S96T,1,1
-0.631,0.03985,AAACCATTTTACCCAA,I202N,1,1
-0.631,0.02055,TATATTCCAACTTAGA,,0,0
-0.6311,0.04536,AGATCACTGAGAATTA,I214G,1,1
-0.6311,0.04536,TACGCTCACAGTTTGA,K131G,1,2
-0.6313,0.02531,AGTTTTCTAAGATTGA,,0,0
-0.6314,0.02742,AACTATTTATGTCTCA,,0,0
-0.6314,0.01854,CCCACAAGTAGAGAAC,A93Q,1,1
-0.6316,0.01606,CCGAATATACCCAATT,L111A,1,2
-0.6317,0.008338,TAGGGGATGTTTAAGC,Q407L,1,1
-0.6317,0.003591,ATTAAGACACATTCTA,H18M,1,1
-0.6318,0.02396,TAGTAAGGGCAAAGTG,P221C,1,1
-0.6318,0.02396,TTCACAAGACAGACAA,D188G,1,1
-0.632,0.02585,GGAACACCAATACTTC,,0,0
-0.632,0.02585,TATGATTACACCCAAT,I242R,1,1
-0.632,0.07754,ATCTTAAACTATTAAC,R141M,1,1
-0.632,0.07754,CAAAGCCTGTTCACCA,G200M,1,1
-0.6324,0.01023,ATCCATACTAAGAGTG,T318Q,1,1
-0.6324,0.04713,CAGACGTTATCACTGA,N22L S54N,2,2
-0.6325,0.01913,CTGTATTTTTAAACCA,,0,1
-0.6325,0.01091,AAGGATACAACAGGCG,,0,0
-0.6326,0.03385,GCACCCTAGAATTTAC,,0,0
-0.6326,0.1015,ACAAACTATTAAAACT,F332L K503I,2,2
-0.6329,0.01835,AGTTACCAGGAAAATC,K171Y,1,1
-0.6329,0.005393,TTCTATGGTATTTAAC,R299Q,1,1
-0.6329,0.03774,AGGCTTAAACAATTAA,Q75R,1,1
-0.6329,0.01258,TTTGATTATGTGACAG,Q173E,1,1
-0.6331,0.01468,TTAAATATGAGCAGTA,N489T,1,1
-0.6333,0.04265,ATCTGGGAAGAGAAAC,P21L,1,1
-0.6335,0.027,AGAACTCAAAATACTT,,0,0
-0.6335,0.001828,GGGCCCTGATTCACAC,Q164N,1,1
-0.6336,0.03482,CTACTCCTCGCGTATA,A196D,1,1
-0.6337,0.01003,TAATAGCGCCAACTAA,G379H,1,1
-0.6338,0.1471,AAACCCGGAAACTCGA,K238F,1,1
-0.6338,0.02942,AGCATATTTAGCCTCT,K368V,1,1
-0.6338,0.04903,GATTGAATCCTGACTT,Y308F,1,1
-0.6338,0.1471,TAAAATCATCAATACG,L157D,1,2
-0.634,0.01394,GACCTTATGAGCAAAG,A196E,1,1
-0.6342,0.01142,AACTCTAATGGATATG,Q57C,1,1
-0.6342,0.03232,ACCTGAAAAAAATTCC,,0,0
-0.6343,0.01657,ACTCATGACCGACGAA,,0,0
-0.6343,0.08283,CGACGGGTACAAGGCA,S9N G240F,2,2
-0.6344,0.001991,GGATCCCTGCAACAAG,Q57N Q407M Q454H,3,3
-0.6345,0.005023,GAAATACTCCGGATCA,D271W,1,1
-0.6345,0.002941,TAACATACATAGCAGC,I3Y,1,1
-0.6347,0.03585,CAAAGTAGAACTAATA,,0,1
-0.6347,0.03015,CCTTAGTCAAGCTCTA,,0,0
-0.6347,0.03015,TAGCTGAAAAAGGAAC,N133W,1,1
-0.6348,0.0168,AATCGATACATACCAT,,0,0
-0.6349,0.002052,GACAACCCGATCAAAC,,0,0
-0.6351,0.02177,CATGCACTAATCTTCA,V213G,1,1
-0.6352,0.02459,AACAAATACTCAAACG,N126A,1,1
-0.6352,0.009418,CGGCCCCCCCACTTTC,S124V,1,1
-0.6352,0.02825,TACCATTAGTCCGACT,P306G,1,1
-0.6352,0.003619,GAAAAAGCACGATACA,D461T,1,1
-0.6352,0.0332,ACTAATCAAATCAATC,Q311I A430K,2,2
-0.6352,0.01175,TTCTATAACGAAAGAT,T416C,1,1
-0.6353,0.01444,GGTAGTGTATGAAATC,K292F,1,1
-0.6353,0.006326,AACTTTATTCAGCACT,E41Q,1,1
-0.6354,0.004386,TAACATAGTCACCCAA,Q75R,1,1
-0.6357,0.01031,CATAAAAATCATAAAA,T135Q,1,1
-0.6358,0.1108,CATGCTTCTAAAGGAT,Q57G,1,1
-0.6359,0.01727,AAATAAAGACTGTTCA,A212L,1,1
-0.636,0.04588,CACACAATCCTACGCG,K189P,1,1
-0.6361,0.01279,CAAATATGTCAAGGAC,G78W,1,2
-0.6361,0.02893,AATATAAGATCTTTCA,R109E,1,1
-0.6363,0.002679,AATACATCCAATTAGA,Q210F,1,1
-0.6363,0.01604,ATGACATACTGTCTCC,N382S,1,1
-0.6364,0.02017,AATGTTAAACAATATG,,0,0
-0.6364,0.008647,GAGTCAATAATCTTAC,T485S,1,1
-0.6364,0.06052,CAAACAGATATAACGT,R269Y,1,1
-0.6365,0.007654,TCCCTGGAACTAACTA,S198H,1,2
-0.6365,0.007526,TTCAATTAGGAAGCCA,K82N,1,1
-0.6368,0.003122,CCCCACGAAATTTACC,,0,0
-0.6369,0.01626,TTTCTACTAACTTTCA,Y233Q,1,1
-0.637,0.01569,TGATGGAAACGGTCAC,Q75S Q376R,2,2
-0.637,0.0889,AAAAAATATATCCGGA,P289H,1,1
-0.637,0.0889,TGCGGTACATAGAATA,A212V,1,2
-0.6371,0.009666,GTTTCACCACCCCGAA,I288M,1,1
-0.6372,0.01361,AACCTCGAAGGGTATT,,0,0
-0.6372,0.01516,AGCACTAACATTCACT,,0,0
-0.6372,0.01962,ACAATTTTATAACCTT,Q57L,1,1
-0.6373,0.023,CTTAGAGAAAACCATT,K292M,1,1
-0.6374,0.03512,CTACATCCATCAATAT,,0,0
-0.6374,0.00908,TGGAAACTCAAGAAAT,V490G,1,1
-0.6374,0.0188,ACGAAGATAAGAACTT,G78W A212E,2,3
-0.6376,0.02618,AAAGACAATCCCAAAC,K503N,1,1
-0.6376,0.01113,CTTAATTATGGGACGT,T301K,1,1
-0.6377,0.006612,TTACTACCGACAGACA,Q44E,1,1
-0.6377,0.03258,TCGCCACCAAAGGGGA,K171T,1,1
-0.6378,0.01735,AAAGCCATCAATATCT,,0,0
-0.6378,0.07421,GTTACCTGTGTCAAAC,I29Y,1,1
-0.6379,0.005638,TAGAATCATCTAACTA,Q211S,1,1
-0.638,0.04311,AAAATAAAATCCGGCA,Q80W,1,1
-0.6381,0.003052,TGAAAAGTTTACGGAA,D493P,1,1
-0.6382,0.008153,TCATGAGGACTCACTC,K450S,1,1
-0.6384,0.0176,ACGTTAAGAAAAATTT,N464G,1,1
-0.6384,0.0637,AACCTCCATTGTTCAG,,0,0
-0.6386,0.01409,CGGAACAGTCGCTCAC,K446H,1,1
-0.6387,0.0194,CACTCGAACTGAAGCA,,0,0
-0.6388,0.01007,TAAATAATATCGGAAA,Q75H,1,1
-0.6388,0.00881,AGAGATCAAAAGAGGA,,0,0
-0.6388,0.03347,AAGGCGCTAGAAATAC,,0,0
-0.6388,0.1674,CACAAAAAATCACATA,S199L,1,1
-0.6388,0.05579,CTAATACGACCCGTGT,E119W,1,1
-0.6388,0.02391,CTTAAAAAATGCTTAA,T128Y,1,1
-0.6388,0.05579,GACGACCTAAGATAGG,N159- T328H Q356L,3,3
-0.6388,0.1674,TAACCTGCACTACCCT,S124K I300N,2,2
-0.6388,0.1674,TAGATACCGATACTGC,,0,0
-0.6389,0.01252,GTTAAACATTGATGAC,N382E,1,1
-0.639,0.01786,TTTTAGAAGTGCTCAC,Q311W K450S,2,2
-0.639,0.0227,AACCGACAATAAAAAC,H56E T328G,2,2
-0.639,0.007568,CTATACAAATGAGTTA,,0,0
-0.6391,0.004605,GTGATAACCAGTTCAA,,0,0
-0.6391,0.02161,CTGTACGCCCAACACC,,0,0
-0.6392,0.04963,AAATACGAATAAACAT,T37L,1,1
-0.6392,0.02913,AAATTAATTGGACCGC,V323C,1,1
-0.6392,0.02913,AATCTACTACACCGAT,R208V,1,1
-0.6393,0.002132,TAACAACTTCCCTCAG,,0,0
-0.6394,0.02736,CGAAAATCAAACCCGC,S378R,1,1
-0.6396,0.00979,CTATTCATTAACTCGG,,0,0
-0.6397,0.04065,AAAAACAAATACACCA,I202L,1,1
-0.6397,0.04065,AAATCAAAAGTACAAT,R220G,1,1
-0.6397,0.1219,GGCATATGCCAAATGT,,0,0
-0.6397,0.1219,TAATATTCAAATCCTT,K121V,1,1
-0.6399,0.03728,AACCGCTCTCCCGTCG,S143K,1,1
-0.6399,0.022,TTACCCGTTACCACTT,N63G,1,1
-0.64,0.002013,TTGACAACTTTCCCCC,N475S,1,1
-0.6402,0.005439,AGATTCGAACATCAAT,,0,0
-0.6403,0.006925,AGATGACATTCAAATA,P21Y,1,1
-0.6403,0.02985,AGAGGGGTAGGCAACA,P293Y,1,1
-0.6403,0.02985,TTAACACGCATTCAAG,K189C,1,1
-0.6403,0.01701,TCGGACTAAACCTACC,,0,0
-0.6404,0.004,TCAATATACTATAGTC,R229I,1,1
-0.6404,0.02799,ATCGGCAAACTATGCC,,0,1
-0.6405,0.02635,AAGAAGCCGTGCGCTT,Q44H,1,1
-0.6405,0.008784,GCTTAACCATCTTCAC,,0,0
-0.6406,0.01477,CCAAAACACTAAGCTA,N31Q T135F,2,2
-0.6406,0.0105,GATAACTAATGTCGAA,R383L,1,1
-0.6406,0.007727,ATTACACATAAAATCG,V347S,1,1
-0.6407,0.06722,CAAAAAAGACATAGAC,P289V,1,1
-0.6407,0.007348,ATCACGCGGCATCATA,I236T,1,1
-0.6407,0.02134,CCTCGATCGAAAATTG,,0,0
-0.6408,0.004591,AAGTGCCCATCTAATC,I481L,1,1
-0.6409,0.01085,CTTTAATGTATATTAC,P21Y,1,1
-0.641,0.01602,CGCCTCATAGCACTGC,S209T D487E,2,2
-0.6411,0.0464,AGATAAGAACGGACCA,P169E,1,1
-0.6411,0.04206,CAAAATATATAATACC,S46I,1,1
-0.6411,0.04206,GCGATCTTTCACCGGA,,0,0
-0.6412,0.007827,GCTCTAGTTCTAATCA,R269S,1,1
-0.6413,0.01181,AACAATCTCAAGCATT,Q210F,1,1
-0.6413,0.03543,TTAACTGCAAAATATG,,0,0
-0.6413,0.003427,TAACATGACCACACAA,E414F,1,1
-0.6414,0.009162,TCTGTGAGAAAAATTC,,0,0
-0.6414,0.02541,AAGTATTCATGCAAAT,,0,0
-0.6417,0.01296,TCTCTATTTACGGACC,I374S,1,1
-0.6417,0.008219,TTTCACAGTATATGGT,D85N,1,1
-0.642,0.004189,CGCTATATGAATATCC,K2R T12L,2,2
-0.6422,0.003443,CACAGTTACGCCCTAT,R383M,1,1
-0.6422,0.006078,TCAAAGGTCCACTATT,N81A,1,1
-0.6423,0.02212,ACTCTTAATAGACAAC,,0,0
-0.6423,0.007757,TGTCGCGTCCGTCATA,F192E,1,1
-0.6424,0.02755,TTAAGACTACAAGCCA,,0,0
-0.6425,0.01071,TAAGCAGATAAAACAC,,0,0
-0.6426,0.01286,ATATACGTCAGAAACT,T30E,1,1
-0.6426,0.01286,CATGCATCCAACATTA,K207E,1,1
-0.6426,0.01324,CGATAATGACTAGCCG,Q327N,1,1
-0.6426,0.03972,GTACATTAAATTAGCA,R405A,1,1
-0.6426,0.03972,TAAGCAAATAATTTAA,,0,0
-0.6427,0.01452,AATATTTCCGAACAAA,,0,0
-0.6427,0.01452,CGGAAACAATATCATC,L455F,1,1
-0.6427,0.008887,GGATTGTTTAACAATA,I226M,1,2
-0.6427,0.01501,CAAATTACATACGATA,,0,0
-0.6428,0.01668,CATTTTAACGCACATC,Q501I,1,1
-0.6428,0.01732,GCGAAATTACCCACGA,D225C,1,1
-0.6429,0.05405,AATAAGCGTGTATAAC,,0,0
-0.6429,0.05405,GGTTGCAAATACAATG,L251M,1,1
-0.6429,0.05405,TGCCTATCCTACAGCG,P103S L111M,2,3
-0.643,0.002595,AAATACCCGTTTATAA,S95C,1,1
-0.643,0.06144,AACTCATTTGATAGCG,,0,0
-0.643,0.06144,CAATAAACTAAGCTAA,Y302H,1,1
-0.643,0.06144,CTGCTGCGTCAACTGA,,0,0
-0.643,0.06144,TTTTGCAAGTCTACGG,P273D,1,1
-0.643,0.002336,CGAAATGAATTCTGGT,D348Y,1,1
-0.6431,0.02146,GTTCCCAACGGTTGCA,,0,0
-0.6431,0.02253,TACGAAAGAGCACAAA,P273Q,1,1
-0.6432,0.01423,ATTTCGTCCAAAGCAA,,0,0
-0.6432,0.01017,TAATCTATAATTTCAC,G240K,1,1
-0.6434,0.01691,CGTGAGTCTTTCTACA,V323K,1,1
-0.6435,0.03007,TATTAATATTGGAACT,K171E R220K Q501D,3,3
-0.6437,0.01396,AATATGAGATGTGCAG,,0,0
-0.6437,0.01396,CAATATCAGATACATA,M268Q,1,1
-0.6437,0.01396,TTCTCAAACGAAAAAA,,0,0
-0.6437,0.008906,AGCTGGACCCAGAAAT,V223M,1,1
-0.6437,0.00654,ATAGACAAAATATGCA,G386R D461S,2,2
-0.6438,0.03472,GTTCTTGCAAATAAGG,S124K,1,1
-0.6438,0.1041,ATAGCAAAATTAACTG,D441W,1,1
-0.6439,0.02184,GCTCCAATAGATAGTA,E426H,1,1
-0.6441,0.01369,TTCGAAAAACAAATTT,I274C,1,1
-0.6441,0.04106,AAACAGGAATTTAACA,E325M,1,1
-0.6441,0.04106,AATATAATCACAATCC,,0,0
-0.6442,0.01139,TATACTACTATAAATG,S422N,1,1
-0.6442,0.02557,CTAATGCGTATCCATC,,0,0
-0.6442,0.02557,TAGATAATGTCTGCAT,S46H,1,1
-0.6442,0.01168,GTCCAGTGAAACTTTA,L314M,1,1
-0.6444,0.1356,ATAAATAGTAAAACTT,F467M,1,1
-0.6444,0.1356,CAAACATAAAAGATGT,G49W,1,1
-0.6444,0.1356,GTGTACTTTTAGAAAG,G134S,1,1
-0.6444,0.1356,TACTAATATGACAAAA,D225N,1,1
-0.6444,0.02711,CATTAACAATCAATCA,,0,0
-0.6445,0.01559,GATCTATAATCGAAAA,F500W,1,1
-0.6445,0.009418,ATCTAAAAATCGAAAC,,0,0
-0.6445,0.02886,AAAATCCCTGACGGTT,,0,0
-0.6446,0.02119,CACAGAATTAACCAAC,N38M,1,1
-0.6447,0.03083,GCACACAGACAATAAA,Q75S,1,1
-0.6448,0.0174,AACTACTAATACCTCT,,0,0
-0.6449,0.0234,AGAAAGAACTCAAAAT,,0,0
-0.6449,0.03311,AGCAATTTACACATTC,K326W,1,1
-0.6449,0.01104,AACTGACGACTAACAC,N45H,1,1
-0.645,0.05657,GAACTAAAATAAACCA,G218I,1,1
-0.6451,0.01968,CTGGGAAACATCAGTA,,0,0
-0.6454,0.009059,CGCAATAGCCATATCT,Q327Y,1,1
-0.6454,0.01142,CACAAGCCAAATTAGA,,0,0
-0.6454,0.06471,AAAGAAAACAGCTGTC,K2P,1,1
-0.6454,0.06471,AATCTGTAAACTAAGA,L367V,1,1
-0.6454,0.06471,CAAAATACTGCATCAG,M168I S199K,2,2
-0.6455,0.01172,CACCCCGTCGGAAAAA,Q407G,1,1
-0.6456,0.01837,GTGGTTAGTAATTAAT,E325K,1,1
-0.6458,0.01659,GCAGAATGCACAAACC,N63Y,1,1
-0.6459,0.01463,ATGGATAAAGACTTAA,T235S,1,1
-0.6459,0.02001,AATTTTACAAAATCAC,S115E,1,1
-0.646,0.01183,CTAGACATAATCAACC,,0,0
-0.646,0.008401,AACCCGTTAATTTAGT,G263A,1,1
-0.646,0.0252,CATCTATCACACTAGA,,0,0
-0.6461,0.01347,AAATAGATTGTTCAAA,,0,0
-0.6461,0.007397,CAACACGATCTGGTAA,E403I,1,1
-0.6462,0.01249,ACACTAAAAACCTGCC,,0,0
-0.6462,0.03403,ACATATTCCAATTATT,,0,0
-0.6463,0.02196,TCAACACCATTAAACA,,0,0
-0.6466,0.03682,ATATATATACAAACTA,,0,0
-0.6466,0.03682,CACTGGCTGTAATAAA,,0,0
-0.6466,0.01363,AAAGATTTCACATCAT,I267S,1,1
-0.6468,0.009877,GAACCAAAATGCAGGA,,0,0
-0.6469,0.09088,AGATGAGCTTATTTAA,S115R,1,1
-0.6469,0.09088,ATATTTAAAACGTATA,S265M,1,1
-0.6469,0.02131,AATGTAATCTGTCAAC,R229L,1,1
-0.647,0.01033,CATCAGTGGCTCCGAA,G275R,1,1
-0.6471,0.01057,TAAGAATGGCATAACA,T301A,1,1
-0.6473,0.01551,GAAGATGGCTTCATAC,A93H,1,1
-0.6473,0.05933,ACCCTCGTCACAATAA,N8G,1,1
-0.6473,0.05933,AGAACTTAACACAACA,S149N K472E,2,3
-0.6474,0.006691,AATCCTTGACAGGTTC,T135W I242K,2,2
-0.6474,0.01312,GAGGTTAGGCCTCCAA,P21W,1,1
-0.6475,0.02354,AGACCATTACACATCT,I374A,1,1
-0.6475,0.02354,GATAACAGAAAAAACA,V213Q,1,1
-0.6475,0.04404,GTTCATAACACCAGGC,,0,0
-0.6477,0.009688,TAAAGGTTCAACACAA,N38D,1,1
-0.6479,0.01571,TTGAGATTAACGAAGA,D415N,1,4
-0.6481,0.004764,TGCATAATCCTAAGCT,K121G,1,1
-0.6481,0.02279,AAACGCGCCTACCTGT,I374N,1,1
-0.6481,0.02279,AGCTCCTTCTGAAACG,,0,0
-0.6481,0.02629,CTTGTATATGTAATAC,Q173M,1,1
-0.6481,0.03798,GAAACACCACTTACTG,,0,0
-0.6481,0.04883,GTTCTATCAAAATCCG,F258Y,1,1
-0.6484,0.01874,AAACTTGCGTCATATT,S198H,1,1
-0.6484,0.01021,CCATACGTAAAAGTAA,I214M,1,1
-0.6485,0.01159,AATCTGCTAAAATTTA,Q376S,1,1
-0.6486,0.03338,CATAATGTTTCTTTGC,Q407M,1,1
-0.6489,0.05478,CTTCGCCGCACCTTCC,T328C,1,1
-0.6489,0.009381,TTACTATTCGTAACAA,K472G,1,1
-0.6492,0.01473,TAGATAACTCTGTCAA,V213G,1,1
-0.6492,0.01293,TGACCGTTCCTCATTC,,0,0
-0.6492,0.003894,GGATACTATCGATAAG,D241E,1,1
-0.6492,0.02687,ACGGATACGTGCAAGA,,0,0
-0.6492,0.08062,CCCTGAAATGTAATAA,,0,0
-0.6493,0.005273,TACACGACACCGCCAA,,0,0
-0.6493,0.008677,CAGATAAAAATGTACA,V112M,1,1
-0.6495,0.003885,GCGAAGATTTATGAAG,R33Q,1,1
-0.6495,0.003572,TGTACGAACCTTGTCT,,0,0
-0.6495,0.01133,GCAAAGTCTTAAGCAA,,0,0
-0.6497,0.01854,ACTAAATCATCAGTAA,E35W,1,1
-0.6497,0.02858,TTGAAAACTTCACATC,,0,0
-0.6498,0.005791,AATACAAGGTCTCTGA,K468Y,1,1
-0.6499,0.02079,ATAAACAACAGCACAA,L439A,1,1
-0.6499,0.02079,TTTATCAATTTAATTA,,0,0
-0.6499,0.0259,CGCATATATACAAACA,,0,0
-0.6501,0.02367,CTACTCCATCAACCAG,,0,0
-0.6502,0.05087,AGCGTTCAAAAACAGA,S219R,1,1
-0.6502,0.05087,CAATAAATGTTACAAC,V102M,1,1
-0.6502,0.01696,GAGGTCCCGAGCTTGC,N81A,1,1
-0.6502,0.05087,GCATCTTGATCAGGTG,A69C,1,1
-0.6502,0.03052,TAACATTTGGATATAA,S205M Q356R,2,2
-0.6502,0.1526,TATAATAACTAAAAGA,I160T,1,1
-0.6505,0.04295,TGGACCAAAGTCGACA,,0,0
-0.6508,0.01479,TCTTACTATCTCAATA,T203H,1,1
-0.6509,0.01965,GGATACTTATAGAGAA,,0,0
-0.6509,0.03275,ATGAGTATTGCCTGGA,,0,0
-0.6509,0.005547,CTTCGCACAGATGACA,H56C,1,1
-0.651,0.01274,AAAATACCCTCTCTTC,V347F,1,2
-0.651,0.02927,ATATTATAAGCCATAA,L157V,1,1
-0.651,0.02927,TCCGCTAGTCGAATTG,R208G,1,1
-0.651,0.002333,TTAGACAGTGAAACTT,S480T,1,1
-0.6512,0.006012,GCCGGAGATAGAGTAT,N298C,1,1
-0.6513,0.006231,ATAACTTCTCAATATA,E410V,1,1
-0.6514,0.01497,CTCACTGAACTGCTAA,L244H,1,1
-0.6515,0.04051,ACACATACCTTGACAC,T65H,1,2
-0.6515,0.005555,TTCTAGTTCAACACAG,,0,0
-0.6516,0.006263,ATGCACCCACTCGTGC,,0,0
-0.6516,0.02812,CTTGCCCCTAAACGTT,N296Q,1,1
-0.6517,0.02552,AAAGCGCTGGGCCCCA,K278A,1,1
-0.6517,0.02552,AGGTCGGCCACCATAA,N285V,1,1
-0.6517,0.01862,ATTACTATGTACATAT,Q210G,1,1
-0.6519,0.004391,TAGACTATTTACCAAT,I3L,1,1
-0.6521,0.009446,CTTAATATTATCACAG,T117H,1,1
-0.6521,0.01437,AGTCGCAACAATTTCA,S156T,1,1
-0.6522,0.004599,TGATAATAGAACTCTC,E494N,1,1
-0.6524,0.01221,CTACCGAGCAAATAGC,G404M,1,1
-0.6524,0.04452,AATTTATAAAACCACG,D487I,1,1
-0.6524,0.04452,TGAAAAAATCAAGCAT,T440C,1,1
-0.6524,0.04452,TTAAAAGATGAGTTGA,,0,0
-0.6525,0.00952,AAGTCGAAAAAGTCCC,I214M,1,1
-0.6525,0.01663,GCATGGATAATATACC,E35N,1,1
-0.6525,0.0531,CAATATAAAAGCAAAA,G404D,1,1
-0.6526,0.01891,GATACGCTTCAACTCT,R405S,1,1
-0.6527,0.06576,ACTAGGGAACAGTTTG,Q211T,1,2
-0.6527,0.06576,GCGATAAACTGGATTC,,0,0
-0.6529,0.08635,ACAAAAGACCACCGAC,Q211C,1,1
-0.6529,0.08635,TAACCCGCCAACAATA,,0,0
-0.6529,0.004175,GAGCCAGTAGCTTAAA,N8Y,1,1
-0.6531,0.01974,ATACGGTAAATCGTTC,D493Q,1,1
-0.6534,0.04191,AATATTCAAGTACTAG,L409M,1,1
-0.6534,0.1257,AGAGTCAACCCCGATT,V20K,1,1
-0.6534,0.04191,TTTATTTCTCGAACCT,M462L,1,1
-0.6534,0.01472,GTTGCGGCTATCCAAT,M462I,1,1
-0.6535,0.003954,AAATTCGTCTCACACC,E401N,1,1
-0.6535,0.00752,ACCGTATAAACATAAT,,0,0
-0.6536,0.01647,GTAATAACCTCACAAT,A196Q,1,1
-0.6537,0.006152,GCTTGACAAGTGCTGT,S95F,1,1
-0.6537,0.02232,AAAAAAGTTGTACTAA,,0,0
-0.6537,0.01225,TACTAATTATATCTAC,,0,0
-0.6538,0.01521,AAATGTTGTTCAAGAG,,0,0
-0.654,0.02664,TAAAATAAATCAAAAA,Q132P,1,1
-0.6541,0.009175,GTTAAAGATTAAAATA,V429I,1,1
-0.6541,0.01136,CCCGAATATTCTAGAG,T206N,1,1
-0.6541,0.02165,AAGATCAATGATTAAG,A364S S369T,2,2
-0.6543,0.02349,ACTATAACGAGTGTTA,S287N,1,1
-0.6544,0.01952,ACCCTTCTCCGCCAGT,,0,0
-0.6544,0.01952,AGCGATATTAATGAAT,,0,0
-0.6544,0.009366,ATCACTGCACGGAATA,V182M,1,1
-0.6545,0.07703,ACAAACTAAAGGGAAG,E398G,1,1
-0.6545,0.03301,ACAGAGCCCTCATTTT,,0,0
-0.6545,0.04622,CCAAGGAATATTTAAG,,0,0
-0.6545,0.03301,GAAATCTCTACTTAGA,I267H,1,1
-0.6545,0.03301,TAACAACATAGAAGAT,H56Q,1,1
-0.6548,0.02831,CTCAACGCCATTAACC,,0,0
-0.6548,0.006279,AGTACTTAACATAAAT,A476T,1,1
-0.6549,0.009011,AGGTATCTGACTTTGG,S198H,1,1
-0.6549,0.0375,ACACGTCCCAGCTTGA,R269E,1,1
-0.6549,0.01068,CGAATCTAGCTTATTA,S96M,1,1
-0.6549,0.01068,CTAGATGAGGGAGAAT,A69I,1,1
-0.655,0.02479,AAAAGCTTATCCCAGT,S156E,1,1
-0.6551,0.01851,ATAATAGCCAAATTAC,S219D,1,1
-0.6551,0.01851,GATCCAGTAAACATAT,N45V,1,1
-0.6551,0.03155,AGATTCAAAAGATATA,A196Y,1,1
-0.6551,0.03155,TTTCCGGCAAATGATT,V490F,1,1
-0.6553,0.01037,GGCGATGTGTTAGTGC,S91F,1,1
-0.6554,0.02395,AAACTCAGATATTCTT,N31E,1,1
-0.6555,0.01654,ACACTTGGCGTTTCTA,S312E,1,1
-0.6555,0.01654,ACTGTAATTTCGATCG,S198D,1,3
-0.6555,0.03563,TTCCCATATCTAACCA,A372C,1,1
-0.6555,0.1069,AACGACAAACTTATAT,P4I,1,1
-0.6555,0.1069,AGCAACCCATTTAACC,S107Y S279N,2,2
-0.6555,0.1069,TTTAGGGAGAAAAACA,V166Q,1,1
-0.6558,0.02623,CAAGAAGCAAAATAGT,P227Q E457L,2,2
-0.6559,0.013,ATGTGACATGCATATA,S312E,1,1
-0.6561,0.003634,GCGGATACTAAGAACA,Q454N,1,1
-0.6562,0.02899,TATCCTCCATAAGACC,R220G,1,1
-0.6562,0.0253,ACAAAGTGCCTTCTTG,R255N,1,1
-0.6562,0.0253,AGCTAAAATAAATCTC,,0,0
-0.6562,0.02245,CACGGGAATTAGCTAA,N216W,1,1
-0.6563,0.01547,GACCAAAAATTCGTTA,P293A S400Q,2,2
-0.6563,0.01435,AAGGATTAACCAACTA,,0,0
-0.6565,0.002908,CAAGAAACCGTAAAAA,,0,0
-0.6565,0.002349,CATCAATTACCTGGGT,,0,0
-0.6566,0.008494,ATTTGGAATCTTACCC,S198E,1,1
-0.6566,0.02786,ACCTACCCAAACCTCG,K411R,1,1
-0.6567,0.0387,CAACCCTTAAGCAAAC,S262P M462E,2,2
-0.6568,0.01064,TTCTAGAAATCAGTAT,R141A,1,2
-0.6569,0.007299,TTGCTAGCGTACAAAA,K2P,1,1
-0.657,0.009958,GGATTGAGAAGTCAGC,T485V,1,1
-0.657,0.02681,CATAAATAATACTTAG,K450Y,1,1
-0.6572,0.02051,GCCCATTAGTTAAACT,G504T,1,1
-0.6573,0.03671,ACTCTATAAACTTAAA,T187A,1,1
-0.6574,0.005494,CAGCTTACCCACTTAA,D7G,1,1
-0.6575,0.04502,AAGCTACCATCATATT,F192L,1,1
-0.6575,0.01994,CCTTCAAAATGGAGAA,T206N,1,1
-0.6576,0.01183,CGACATACCTTCGAAG,D348G,1,1
-0.6578,0.05819,ATATAATACATACATC,N483M,1,1
-0.6578,0.02494,ATCATTCGAGCGCCTC,,0,0
-0.6578,0.008314,CCTGTCGCACAACGAT,,0,0
-0.6578,0.05819,TACTATAGATAAATAA,,0,0
-0.6578,0.05819,TCTTAAAACGTTTATT,R141L,1,1
-0.6578,0.0194,ATAACTTCTTTATCTA,T135G D291N,2,3
-0.6579,0.009633,TAGTAAAGCTCTAAAC,G404Q D493L,2,3
-0.658,0.02851,GTGATCAGAGCAATAA,S358N,1,1
-0.6581,0.008958,CTTAATTTCGCGTTAC,N382K,1,1
-0.6581,0.04235,CATAACCTTCAATATG,R383M,1,2
-0.6582,0.01684,AACCTGTCTCCTCTAA,,0,0
-0.6582,0.01684,AATATAAAGCTACCAA,,0,0
-0.6583,0.03328,CCAAATTTCAAAATAC,M462Y,1,2
-0.6584,0.01488,AACACAAAGTTGTAAA,,0,0
-0.6585,0.01249,AATTTTACCGCGCTAG,,0,0
-0.6585,0.002025,ATTCAACACAACTAAC,D188M,1,1
-0.6586,0.008429,TACATAACCGCTTCCT,T30E,1,1
-0.6587,0.03997,AAAACCTGACAGTTTA,D77E,1,1
-0.6587,0.03997,TATCAGAGTGATAAAC,I374W,1,1
-0.6587,0.0318,AAAGGTAGCCATCATG,K503Q,1,1
-0.6587,0.008802,ACCTTCATAGATGACA,K278R,1,1
-0.6588,0.0112,ATGCTTTGGCCCGCCA,K238Y,1,1
-0.659,0.01918,AACCCAAGCCAGTTAA,K207L V213L,2,3
-0.6591,0.02546,ATCAAGAAATGGGTCT,,0,0
-0.6591,0.00722,CTTACGCAAATACTGG,S205W,1,1
-0.6591,0.00722,TGGGATAGAACACAGG,K50I,1,1
-0.6591,0.03785,TGTTTAAACATGAATA,R383Q,1,1
-0.6592,0.05003,AGTGTCTAGAACCCCA,K121N S137Q F500L,3,3
-0.6593,0.006487,TACATCTACTGTAAAT,,0,0
-0.6593,0.008757,AAAGTAAAGAACGAAC,,0,0
-0.6593,0.01347,TATTATTAGTCTGTGT,T40F,1,1
-0.6594,0.07375,CATCATTGTTATTAAA,E83T,1,1
-0.6594,0.07375,CCATATAAACAGTCAC,T30Y A430V,2,2
-0.6594,0.01475,CGACATTCACTATAAC,N81M,1,1
-0.6595,0.0292,GTGAAACTTTTACGTG,Q80A N497H,2,2
-0.6598,0.009949,GCTTATACCTCGGCAC,V166R,1,1
-0.6599,0.023,TCACCCTAAGCACATC,S358C,1,1
-0.66,0.03422,AAATTTGAATTATCGC,G330A,1,1
-0.6601,0.005637,GACCACCTTATAACTA,,0,0
-0.6602,0.06684,AGAGCCAAACTAGAGC,,0,1
-0.6602,0.06684,CCTGTTCAAAAACCGA,,0,0
-0.6602,0.06684,GCGATGAGGCGCGGCC,R33D,1,1
-0.6602,0.06684,TAAAAACTTAGTGAGC,K315R,1,1
-0.6602,0.06684,TATCAAAACTAATAAC,,0,0
-0.6606,0.01056,CGAATCCATAATAAAC,T187C,1,1
-0.6607,0.01041,ACACGACCTATAAATT,,0,0
-0.661,0.02992,AAACTGAGCGCACACA,H18M,1,1
-0.6611,0.1172,AAACTTGTCACAACTC,F79D,1,1
-0.6612,0.004127,GACTTATCGGGTGGCT,,0,0
-0.6613,0.005698,CCCATGAACTAAATGT,S47N F500Y,2,2
-0.6614,0.01126,ACCCAGTAAAATATAA,Q1C,1,1
-0.6615,0.0276,AAAAAGGATTATGATT,,0,0
-0.6615,0.0276,AGCCTCACTGGCACTA,I29V,1,1
-0.6615,0.0276,CTGCTCTTATGATCTT,,0,0
-0.6615,0.009202,TTTATACCAACAAAAA,N475D,1,1
-0.6616,0.009917,GATATAAAGATATAAT,,0,0
-0.6618,0.005238,GAAGTAGATGATAGAC,N158M,1,2
-0.6619,0.02072,AAACTAAAAGAAAATA,F192K,1,1
-0.662,0.01137,GAACCAATGAGGAGTA,,0,0
-0.6621,0.1007,AAATTAGGCATCATGC,N464Q,1,1
-0.6621,0.03356,GACATGGAAAAATAGT,Q454F,1,1
-0.6621,0.1007,GGAATATTTTGTCTCG,L59M,1,1
-0.6624,0.02391,TAAAAGTAAATCCACA,Y161S,1,1
-0.6624,0.003067,TATCCATCCATAAACA,H18M,1,1
-0.6625,0.01857,ATCGTATGGCTAGCCA,D348Y,1,1
-0.6626,0.04552,GTCAACTAATATAAAC,V182Q,1,2
-0.6627,0.007548,AAGCAAAACCAAACGT,T328A E401K,2,2
-0.6627,0.01809,ACCAATCAAAATACAT,R33T,1,1
-0.6627,0.008113,TATATCTCCGGGAATC,T30E,1,1
-0.6629,0.02172,AATTTATATGATAAAC,,0,0
-0.6629,0.008663,ATAAACCCAAAAACAA,S209H,1,1
-0.663,0.02108,ACACAATCACATAACA,D188M,1,1
-0.6632,0.009058,AATAACATTAAGATGG,I230L,1,1
-0.6634,0.07852,AATTTACCTATTTTGA,V102T,1,1
-0.6634,0.02618,TACCAGAAAAATGAAA,,0,0
-0.6634,0.01937,ACATAAAACCCTTCCA,D348Y,1,1
-0.6635,0.02525,AAAATAAATAATTAAA,T40R,1,1
-0.6635,0.02525,CTTGACAAATCTTCTA,,0,0
-0.6636,0.01473,TAGGATAGGATGGAAG,A304N,1,1
-0.6637,0.02439,CGATATGCATGTCTAT,S199R,1,1
-0.6637,0.005182,CATTACTCGCCTAAGG,E390H,1,1
-0.6638,0.02358,TTTGTCCCCAAAGGAA,N158Q,1,1
-0.6638,0.07074,GCATAGTACTAAAAAA,R229G,1,1
-0.6638,0.07074,TTGTATCCACCTCAAA,Q363E,1,1
-0.6639,0.02283,CCCGGACAAAACACCT,N489Q,1,1
-0.664,0.01705,CCCGAGGCACGTAACA,N63Y,1,1
-0.6641,0.02212,ACACAAGGTACAGGAC,L455M,1,1
-0.6642,0.06436,CACCTTTTTAGATAGT,I385N,1,1
-0.6642,0.02145,CTTACGAATGACTACA,,0,0
-0.6642,0.02145,GAATGACTTTTAAAAC,,0,0
-0.6642,0.004884,CACCTTAGTAAAAATA,L157V,1,1
-0.6643,0.005666,CTCCACAGTAATGAAA,,0,0
-0.6644,0.01019,CGCAGTGACAGGTGTA,R141L,1,1
-0.6644,0.01005,AACACTGAAATTGGAT,A93D I202V,2,2
-0.6645,0.009908,ATTATAGATAAATAGC,R261Q,1,2
-0.6645,0.00656,AAAGGAATAACAAATA,,0,0
-0.6647,0.02779,TGATAGAAAACCATCG,S266G H393C,2,3
-0.6647,0.009147,CACAACCAAGCACAAG,N81L,1,1
-0.6647,0.01091,TCCAATATTTGCTCTC,R299K,1,1
-0.6648,0.004075,CGGTTTATCCTAACAG,V182T,1,1
-0.6649,0.002855,GGCCATGATATATTAC,G62C,1,1
-0.665,0.05065,TGATAAAAACGCTTGT,V223E,1,1
-0.6652,0.0473,AAATACGGAAATAAGT,D73T,1,1
-0.6652,0.02326,ATGATGGCACTAAACC,T128N,1,2
-0.6653,0.02253,ACCTCGAATATAGCTT,V347M,1,1
-0.6653,0.04436,CAAAATTACATTTACT,,0,0
-0.6653,0.04436,CAATACCAGCTTCTCG,K315F,1,1
-0.6654,0.02184,AAAGCGTTTTAGAACC,V166E,1,2
-0.6654,0.008553,TTTCGACTCCTCATTG,,0,0
-0.6654,0.02119,AAAAATACCGTGCCTC,E35M,1,1
-0.6656,0.02,TATTACCTAAACATTA,,0,0
-0.6656,0.03945,AACCAGGTCTTCTTCT,A69I,1,1
-0.6658,0.008938,GAGCCGTATAAGCGAA,S358M,1,1
-0.6658,0.03553,ATTGATCTTATTCGAT,T235A,1,1
-0.6658,0.03553,TTGTAGTAACGGGTCT,N126G,1,1
-0.6659,0.008411,TACAAACCGAACCCAA,S144K,1,1
-0.666,0.001807,ACTGGTTTCGTCGTTT,T65L,1,1
-0.666,0.01597,TCACATCACAACTATT,,0,0
-0.6662,0.02963,TGAATGCCACTTCGTC,N285H,1,1
-0.6664,0.01282,CAAAGCACTGAAGGAT,T40R,1,1
-0.6665,0.02453,CCTACGTATTTACGAG,,0,0
-0.6666,0.02157,TGATCTATATTATAAG,K131N,1,1
-0.6667,0.02034,CTAAACCCTCAATAAT,K503G,1,1
-0.6668,0.01978,GTTAAAAAAGTTTCAA,,0,0
-0.6668,0.01826,CTGGCAAGAAATACAG,D101H Q407E,2,2
-0.6668,0.006087,ATACCTCTCTCCAGCT,T128K,1,1
-0.667,0.007701,AGCACAGTAGACATGC,,0,0
-0.667,0.00746,CTCTATGCTTCGTTAC,S149W,1,1
-0.6671,0.003645,GAGCAGTCCATCTCGA,S312E,1,1
-0.6672,0.0125,TAGATATGGCTCAATA,,0,0
-0.6672,0.01229,AAGTATCAACATGTCG,,0,0
-0.6673,0.0053,AAGGTTACAATAGTAG,A212G,1,1
-0.6679,0.1586,CAGAGTGGATAAGCCA,I3M Q197W,2,2
-0.6679,0.05709,CGAAAATACGAGTCAA,Q1E,1,1
-0.6679,0.04325,GCCTGTTTGAAATCTA,S137F,1,1
-0.6679,0.01955,TTAAATAGCGCAATAC,K140I,1,1
-0.6679,0.03857,TTGCAAACGAATTACA,Q197E,1,2
-0.6679,0.05286,AATTAATATTCTTATT,G62E E83L,2,2
-0.6679,0.01762,ACAAACACGTACACAC,N8Q,1,1
-0.6679,0.01641,ATTATTCAATAAGATG,I242R,1,1
-0.6679,0.0366,ATTGGGGTCTAAAAAA,L66V,1,1
-0.6679,0.1098,CAAAAAGAAGATAAGC,,0,0
-0.6679,0.01641,CATTATGCTCTGACAT,D175R,1,1
-0.6679,0.02504,CCGCTTAATTCCAAAA,A19Y,1,1
-0.6679,0.04604,GACCAAATAATTACTC,,0,0
-0.6679,0.01042,GAGCGAACCATGGGAG,N497E,1,1
-0.6679,0.07512,GCGCAGATAGTTTTAT,L66M,1,1
-0.6679,0.04922,GTCGCTCCCGATGTTA,L42M,1,2
-0.6679,0.02504,TACAGAAACTCCTGAT,K259G,1,1
-0.6679,0.02504,TACCAAGTTTAAGCGT,E410W,1,1
-0.6679,0.06205,TACCGCGAAGCTTAAC,S107K,1,1
-0.6679,0.007974,TAGAGTTGGCTTCTTG,,0,0
-0.6679,0.0366,TCCTATCATATCAGGG,,0,0
-0.6682,0.00203,CTCGATTATCTCCTGA,P227W,1,2
-0.6685,0.01134,CCAAGTTGCCCTTAGC,,0,0
-0.6687,0.01459,TAGATTAAACCGGGAA,,0,0
-0.6688,0.01554,CTAAAATTGATTAATT,E401A,1,1
-0.669,0.01834,CCAGCAATATATTCAA,Q57G,1,1
-0.6692,0.0111,CCTTACTGTTATCAAG,A372N,1,1
-0.6692,0.02309,GTACAACAAATCCCCT,,0,0
-0.6693,0.02386,CGAATGTGAACACCTA,P21K,1,1
-0.6694,0.01267,GTAATCATGAAGGAAA,I260H,1,1
-0.6695,0.009181,AGCACCATGCTTTCTC,K189I,1,1
-0.6697,0.01541,CTCATAATTCACTCGC,R109S,1,1
-0.67,0.03584,AAAAATTACTACCAAA,,0,0
-0.67,0.03584,TGAAAGTATTTCTTCC,,0,0
-0.67,0.01815,TAATAGAACAATTACC,,0,0
-0.67,0.01862,CTTGAAAATATATCCA,T155A,1,1
-0.6702,0.01304,ATTAGCCATCAAGAAA,P227C,1,1
-0.6702,0.03984,CATGTTGAAACTCGGA,K468L,1,1
-0.6702,0.0202,GAACACACCGAAATAC,I236L,1,1
-0.6703,0.0422,AAAATCTGCTCTAATA,W153*,1,1
-0.6704,0.01435,TTCAGTTTGCCACTAA,,0,0
-0.6704,0.02208,ATACTATAGCGGAACC,G379M,1,1
-0.6705,0.04485,ATCTCCTCTCTAAAAG,S136T A373T,2,2
-0.6705,0.02278,ATAAACAGAGACTAAG,S378T,1,1
-0.6705,0.02278,CATGAATACTAGACCT,,0,0
-0.6705,0.02278,TAATATTCTTTATAAT,E484D,1,1
-0.6705,0.01148,GACAAAACAAAGGGTG,,0,0
-0.6706,0.002134,TTGAATACTTACAAGA,A430H,1,1
-0.6707,0.04786,AAACGCCACATACCTA,A304D,1,1
-0.6707,0.04786,ATCATCAGAGGACCTA,K417F,1,1
-0.6709,0.008707,GTCCATAATTCAAGAC,,0,0
-0.6709,0.02612,AAAGTATACGTAGCAA,A212D,1,1
-0.6709,0.01752,GGTGAACAAATAAACG,,0,0
-0.671,0.02711,AGACAACCTACACTTT,E484R,1,1
-0.671,0.01089,TCAGTTTATGAACGCC,,0,0
-0.6711,0.00499,CATTATTGCCAGAGAG,D348F,1,1
-0.6711,0.05527,ACCAGCGCACCCAGAT,S144A,1,1
-0.6711,0.05527,TCATACCTAGCTGTAA,V204A,1,1
-0.6712,0.01159,CTAGGAGATCATATCC,Q371M,1,1
-0.6713,0.02934,TTATAAACGGTTATGG,T318Q,1,1
-0.6713,0.003951,CTAGCTACACGTTTTC,K417E,1,1
-0.6714,0.01198,TATCAATGATTACATC,G263H N498S,2,2
-0.6716,0.004257,ATGTGACATACCAACT,R307E,1,1
-0.6716,0.03197,TCAATCTCAACACATT,T416A,1,1
-0.6717,0.0218,AACGGAACCACAGATA,K292P,1,1
-0.6718,0.02249,CTATAGTATAATATAT,,0,0
-0.6719,0.002304,ACGATAAATATGGATG,R405E L428M,2,2
-0.6722,0.03693,TTCAAACCTCTACAAA,L367H E410K,2,2
-0.6725,0.08008,CACCTCAGAACAAGAA,A19C,1,1
-0.6725,0.08008,CTAACGAAATCGAAAA,S369C,1,1
-0.6725,0.02669,GTAAACTAAAGAAGAC,H355F D474G,2,2
-0.6726,0.0203,GAGAATCTAAATAAGT,S205T,1,1
-0.6727,0.04119,GGAAGCAAGACCAAAT,K368R,1,1
-0.6727,0.02773,AAAATGCCAGTGCGTT,P227A,1,1
-0.6727,0.02773,GAAACGACAAAATTTA,R92Y S146T,2,2
-0.6727,0.02773,TGAGGCGAGCTAAATC,G330A,1,1
-0.6729,0.02153,CTGCCGATAATAACAC,,0,0
-0.6731,0.0902,CAACAACTAATAAAGT,D175L,1,1
-0.6732,0.01519,AAATTGGTCAATAAAC,T485Q,1,1
-0.6733,0.009315,CTAACTTGACATCATC,N158E,1,1
-0.6733,0.01174,GCAAGCTAAGGCGGAA,,0,0
-0.6734,0.008596,AGTAGGACTGTGACAT,I300L,1,1
-0.6734,0.005943,GCCAACATTCTAACTT,K368P,1,1
-0.6736,0.01094,CCGGCCAAAACGGTTA,,0,0
-0.6736,0.007118,ACTTCAAAGAGATCAA,V223W,1,1
-0.6738,0.007856,CGCTGGTTATGAAGTA,Q327A M444I,2,2
-0.6739,0.02065,CAATGACCCCATCTAT,Q197R,1,1
-0.6739,0.03442,GACAGTCCGTCGGTTG,S209D,1,1
-0.6741,0.01785,CGCCTTGCGTACGTTC,K503F,1,1
-0.6742,0.02729,AACAAGTAAGCGTACG,D291S,1,1
-0.6744,0.004347,CTCCCGGAAGCTCCGA,K207M,1,1
-0.6744,0.02261,TACCAGGCTAATTTTC,S231H,1,1
-0.6745,0.03809,AATCATCAAAACGGAA,S46M,1,1
-0.6746,0.05791,AACGTAAATTATAACA,,0,0
-0.6747,0.01684,CATTATGATAATTTAG,N6M,1,1
-0.6749,0.02414,CGACGAGAACGATTAA,N296K,1,1
-0.6749,0.01725,ACGCAAAATGGTTAGT,,0,0
-0.6749,0.04024,AGCTAAAATGTATGTA,L71V,1,1
-0.6749,0.04024,CTCAGCATAATAGAAC,L118I,1,1
-0.6749,0.04024,TCCCAGAGTAGTTATA,V130F N445Q,2,2
-0.6749,0.04024,TCCCGACACAAAATAC,L157V,1,1
-0.6752,0.06302,AATACGCTAGTAAATG,,0,0
-0.6754,0.02164,CAATAAAACCAATTAC,G62Q,1,1
-0.6754,0.006198,GAAAACACTGAATAAT,K310E,1,1
-0.6759,0.06912,ATTACGTACAAACAAA,F87Y N445S,2,2
-0.676,0.02792,TTAACACGATTAAAAT,K452Q,1,1
-0.676,0.007015,AAAATTGGACCTAAAA,,0,0
-0.6762,0.01438,ATAAAATGCAAACCAC,,0,0
-0.6763,0.1453,TCGCAGCCTCAATACA,V323Y,1,1
-0.6763,0.1453,TTAAATTCTTTTTTGT,T187G,1,2
-0.6763,0.04843,ACACAAATTGAGGGCT,E494D,1,1
-0.6763,0.04843,TTAATAAAATCTATAC,S95H G504D,2,2
-0.6764,0.02463,ATGTTTGTGCCAGTCA,S231H,1,1
-0.6765,0.03727,AAAATATACTGTACTA,V213Y,1,1
-0.6766,0.01372,GACTAGAAATGTCTGG,,0,1
-0.6766,0.03029,TAACGTATCCTTTTCG,,0,0
-0.6767,0.008977,CTGATACTCAGGGATA,L439F,1,1
-0.6767,0.07654,AGTAGAATTAACTAAT,E119D,1,1
-0.6769,0.05195,GTTATGCGAAATGAGG,,0,0
-0.677,0.01128,ACATAACAAAAAAACA,,0,0
-0.6772,0.01146,CTGAAAGCGGACCTGT,S96V S262G,2,2
-0.6774,0.02349,CACATCTATAAGACAG,R307A,1,1
-0.6776,0.05603,CAAATGCAATAAATTA,,0,0
-0.6776,0.05603,TTTTTGTTAATATGAA,N341Q,1,1
-0.6778,0.02858,GATTATGTCTAAGGCC,S262V,1,1
-0.6778,0.01715,TAAGAGATGCAAAAAA,,0,0
-0.6778,0.02858,TTACTACCTTTAATTT,,0,0
-0.6778,0.08573,CGCACAAACTTTTCAT,T10E,1,2
-0.6778,0.08573,TACATGTCCAGAATTC,F79L,1,1
-0.6781,0.02514,ACACCTCAGCAACAAT,P239N,1,1
-0.6781,0.02514,TAAAACTCAAGTATTA,N31E,1,1
-0.6782,0.01621,GTTCCTAATATTAACA,K171E,1,2
-0.6782,0.002298,TGCCTTATTAGTGACA,A196Y,1,1
-0.6783,0.01504,ATATCAAAAGAAATCT,K264P,1,1
-0.6785,0.01021,CCTTTTTACAACTCCT,P55Q E449Q,2,2
-0.6786,0.006161,CGAGCCGGCCAAATAA,,0,0
-0.6786,0.02317,ATCTGTTGTTAAACAA,P273E,1,1
-0.6786,0.004321,ATATTTCCGTGATGTC,G218Q,1,2
-0.6787,0.02086,GTAAAATTTGTACAAT,N22W,1,1
-0.6788,0.02705,TGTGGTATTTCACTCG,F294L,1,1
-0.6789,0.01001,ATGAATGGCCGAAAAT,,0,0
-0.6789,0.01739,AAGTCTGAAAGGCTGA,K140I V223W,2,2
-0.679,0.009133,TAGCTAGTCGCCTTAT,,0,0
-0.6791,0.03248,ACCAAAAGTTTCATTA,A106T,1,3
-0.6791,0.09744,GACAGATAATTCAATC,N298S,1,1
-0.6793,0.02478,GAACTGACCTACACGC,P4W,1,1
-0.6794,0.06647,AAACCAGCTACGATGA,E401R T440L,2,2
-0.6794,0.06647,ATACTGAGATCAAAAA,,0,0
-0.6794,0.06647,GAATTCACAGGTGTTC,,0,0
-0.6795,0.02004,TAGAAATTCCAACAGA,K140S,1,1
-0.6797,0.02568,GTCACTATTACACCTG,,0,0
-0.6799,0.005344,TGTACAACCAGGACTA,Q394R,1,1
-0.6801,0.01003,AGCCTTCGCAAACCAG,E484Y,1,1
-0.6803,0.01127,AAGACGAATTAAATTT,L157C,1,1
-0.6803,0.03573,ACGACATATTTCCTAC,I418S,1,1
-0.6803,0.03573,ATTCAAATACACTATT,,0,0
-0.6803,0.03573,TAAGGTACTCTAAAAA,F258T,1,1
-0.6806,0.02443,AACCCTGTTAGCTACA,,0,0
-0.6806,0.02443,CTTCTGAAATAACTAC,,0,0
-0.6806,0.0733,TGAGATAAATAATTAT,V309C,1,2
-0.6806,0.007118,TCAGCAGACCAGTATG,G479F,1,1
-0.6807,0.00824,AGATGACAGACCAACA,,0,0
-0.6809,0.1128,ATAAACACGCCTATCA,A196D,1,1
-0.6809,0.001404,AAATCCACCATGTTAT,I282V D415L,2,2
-0.681,0.008107,TATGTTACATGATACA,H184N,1,1
-0.6811,0.04587,ACGAGGAACAACAATA,G5H,1,1
-0.6815,0.01386,ATGAAACAAACCAAAC,R307P,1,1
-0.6815,0.007855,AGTATTAAGCGCCCTG,I48W,1,1
-0.6817,0.01597,GGCGTTGAAATCCATC,K326L,1,1
-0.6818,0.004711,CAGATATAACATCTCT,A163H K387C,2,2
-0.682,0.007619,GGTAATTGCGGACAAC,S312G,1,1
-0.6822,0.005909,CTGATACCTCAGTATA,R261P,1,2
-0.6823,0.02494,AACACGATGAAACAGC,,0,0
-0.6823,0.004229,AGTAATAATTGACACA,R299M,1,1
-0.6825,0.006008,CTCCCAAATTACAGTT,G275F,1,1
-0.6825,0.01098,ACACATTGCAGATACT,L15C,1,1
-0.6826,0.01338,CTAACGACTAACACTT,T318A,1,1
-0.6826,0.02831,CAATCTCGCCGCATTC,D7W,1,1
-0.6828,0.03682,CTAAGGACCAATAAAT,,0,0
-0.6829,0.005206,CTAATAGATATATAAT,,0,0
-0.683,0.009694,GTAAAATTTAGCAACT,Q211R,1,1
-0.683,0.01249,ATCTGACACGGGACCT,,0,0
-0.6831,0.009387,CAACCACCTAAGACAT,,0,0
-0.6831,0.05263,ACAATTATATGATCCA,E414G,1,1
-0.6831,0.05263,ATTGAACAGCCGAACC,G200Q,1,1
-0.6832,0.007156,CACCTCCCGTATCTCG,D375T,1,1
-0.6833,0.01068,AGAAGAGAAGTATATA,N63G,1,1
-0.6834,0.134,AAGCCAAGAAAAAAGC,Q311D,1,2
-0.6834,0.134,AATACGAACCACAAAT,Q210L D461L,2,3
-0.6834,0.02681,ACTTTTATAACTTCAC,K2F,1,1
-0.6834,0.134,ATACCTGATATGGGAC,S198D,1,2
-0.6834,0.134,CTCCTTCAATAAATTG,P324M S442N,2,2
-0.6834,0.134,GATCAAATTGTTCACC,G479D V490E,2,2
-0.6837,0.02108,TAAGATATGCGACATG,K310L,1,1
-0.6837,0.03432,TAAAACCTTACCGTTA,P289I,1,1
-0.6838,0.004044,GACAAACATCACATAA,A304V,1,1
-0.6839,0.09225,ATTAATCCAAAGTAAT,,0,0
-0.6839,0.09225,TAGGAGAAGATACTAG,S265A G465E,2,2
-0.6839,0.03075,ATTTTCACATTTTTTA,G479I,1,1
-0.6839,0.03075,GACGAACGAACATACA,N285Q,1,2
-0.6839,0.03075,TGTGGCGGTCACTCGG,D188M,1,1
-0.6839,0.006621,TAACGAGAGAAAAGCA,S91M,1,2
-0.684,0.005469,AAAACGTAAAATCTCC,S422N,1,1
-0.6841,0.07033,AAACTGTAAGACACAT,,0,0
-0.6841,0.07033,TGAATTGATAATCTTC,Q173A,1,1
-0.6845,0.04105,TCTAATACACCAAACG,D415N,1,1
-0.6847,0.0264,AAAATGAATACTTATG,,0,0
-0.6847,0.01826,TGGACCATATGTTCCC,,0,0
-0.6851,0.002706,AAGCAAGAAACTAATC,Q211D,1,1
-0.6852,0.00565,GTCTGGAATATAATCA,,0,0
-0.6852,0.02,TTATTTGTGTCAGATG,Q295H,1,1
-0.6852,0.02313,TTTCAAAATTAAACGA,,0,0
-0.6853,0.009139,GTGGAGCCTCAACAAA,T485I,1,1
-0.6853,0.002381,TACTTTGTTGAAACCA,,0,0
-0.6854,0.004888,ATACTATCAATAGTGA,E457M,1,1
-0.6856,0.05108,CTAACTAGCCTAATGT,,0,0
-0.6857,0.002829,AACAACTTTTGATCCT,,0,0
-0.6859,0.07801,ATCAACTAAATATTAA,I242T E457C,2,2
-0.686,0.02851,GCTTACTAACTGACAA,K326W,1,1
-0.6861,0.01977,ATTCCGATCTGAAGAA,F79S,1,1
-0.6862,0.007933,ACATCTTGCCATCCCC,Q407E,1,1
-0.6862,0.1059,AAACGTAAATCAACAG,,0,0
-0.6864,0.003138,TCTCATTACCTAACCC,R456Q,1,1
-0.6864,0.0401,GTACATTAGGTTAGCT,H18D,1,1
-0.6865,0.014,ATCACTTTCCTACTAA,,0,0
-0.6866,0.04639,TGCAACAAATCAAACA,G479V,1,1
-0.6867,0.0297,ATGCACCAAGCTTCAA,,0,0
-0.6868,0.004886,ATTAAGGACTCAAAGT,S199C,1,1
-0.6868,0.02184,GAACCATGGCACGTTA,Y100I,1,1
-0.6868,0.01727,TAACTGATTATCGAAT,I48W,1,1
-0.6869,0.005871,AAGCTCAGTAATTACC,,0,0
-0.6869,0.05502,AAGCACAAGACCACAA,H56D,1,1
-0.6869,0.05502,GAGATTATTCACTACT,S124K F174L,2,2
-0.6871,0.00923,GTTTTATGACTACCAG,Q132S,1,1
-0.6871,0.01955,CCGGGTGATCACAATT,,0,0
-0.6871,0.01039,AAGACCTTCAATTTTA,,0,0
-0.6871,0.02562,AACATATAGTTGCGAA,L243M Q311R,2,2
-0.6871,0.02562,ACATATCCAAGTAGTA,,0,0
-0.6874,0.02253,ACCGGTCATAAGACCT,P227M,1,1
-0.6874,0.02253,TCAGAAAAATTGTTAG,Q376E,1,1
-0.6875,0.04249,CTAAACAGACTTTGAC,,0,0
-0.6877,0.009788,CAAGTTAACGTGGGGA,N475W,1,1
-0.6879,0.04962,TATATCAATGATTAAA,V112A,1,1
-0.688,0.01933,GCTTCAAGCTAGTAAG,I260M,1,1
-0.6881,0.002399,GTCACTCAAGAGCTAC,D375S,1,1
-0.6881,0.004433,TTGACTTTTTACCTCC,H184Y,1,1
-0.6882,0.01307,ATAGATTTATCGAAGG,T10N,1,1
-0.6883,0.005138,AGCGGACTAAGGAAAA,L431W,1,1
-0.6884,0.008663,TATAAACGTTGCTCAC,,0,0
-0.6884,0.02224,AATCCAAACCCAATCA,S265C T416I,2,2
-0.6885,0.05961,TAATGCCATAATAGTC,D375N,1,1
-0.6888,0.01394,GCGGTAAGCGTGAAGC,P239T,1,2
-0.6888,0.006599,CGTTCTGCATCAGCAG,,0,0
-0.6889,0.003057,AATGAGCCAACACCAG,K315W,1,1
-0.6889,0.03638,GGGCGAGAATCGCACA,K450R,1,1
-0.6889,0.01073,GTGAGAGTCCTAAGGC,G62N,1,1
-0.6889,0.01073,TAGAGGGAGTAAAAAA,Q211T,1,1
-0.6891,0.003084,ACTGAGCAAAGTGTAC,,0,0
-0.6891,0.004482,ACCTACAAGTTAATGA,Q211R,1,1
-0.6894,0.02196,AGATAAGAAGCCAAAG,Q44N W234Y,2,2
-0.6894,0.05332,ATTCGAGACCCATCGC,S198P,1,1
-0.6894,0.03393,TTGCCAAAGAAAATTC,K278W,1,1
-0.6894,0.1244,AACTGTGCCATAATAA,S209N,1,1
-0.6894,0.01131,AATTCAAAGCTAATCA,H17F V237I,2,2
-0.6894,0.04148,ACAACCGAGGTATTCC,,0,0
-0.6894,0.02489,GTAGAACCGCCAGAAA,A304P,1,1
-0.6894,0.04148,TCGATTCGATCGAACA,,0,0
-0.6894,0.01965,AACTATTAATGGGGTC,E172N,1,1
-0.6896,0.01255,TTCAACAAGCCTCTAC,,0,1
-0.6898,0.02372,AAAATTATGCATAAAT,S91G,1,1
-0.6898,0.002989,AGAGCTCTAACTATCA,,0,0
-0.6898,0.01311,AACAGGCGACTCACAG,,0,0
-0.6898,0.02717,AAATGCCTTTCAAAAC,,0,0
-0.6899,0.0318,AATAGAGACTTCATTT,K278L,1,1
-0.6899,0.0318,AGGACAAATAAACCCA,N94M,1,1
-0.6901,0.006646,TAAAATACTTCTTCGA,R224Y,1,1
-0.6902,0.01246,CTAGAGTACTAAACAG,,0,0
-0.6905,0.03563,ATTGAAGTATTTTAAA,E410S,1,1
-0.6905,0.02453,ATAAATTCCAACACAC,A476T,1,1
-0.6906,0.01871,ATTCTGAAAGGGTTCA,T301H,1,1
-0.6906,0.01093,GGGACTACCTAAAATT,S149W,1,1
-0.6906,0.0116,CATCATTATAGAAGAA,,0,0
-0.6909,0.09985,TAATTAACCCATCCCC,G404K,1,1
-0.6909,0.01997,TCTAACAACTGCAATA,S198T,1,1
-0.6909,0.09985,TTAAAAGCGCAAACTA,K259R,1,2
-0.6911,0.006192,CAAGGTCCAATCAGTT,K171W,1,1
-0.6912,0.01684,TGTCCCAAGTCACTCC,M168V,1,2
-0.6913,0.04051,ATGCAGGATCCTTATG,N8K,1,1
-0.6913,0.006876,AACATGAGAGAGACAT,,0,0
-0.6915,0.008195,AAATACATGGCATTTA,Y161Q,1,1
-0.6917,0.01145,GTAAGGCGACACGATA,G142D,1,1
-0.6917,0.0375,TCTTCTCAGGATTAAA,,0,0
-0.6918,0.05173,ACTCTACTTACAGACA,Q173K,1,1
-0.6918,0.05173,AGCAGTTACAAAACTA,,0,0
-0.6919,0.08338,CTGAACTGCTATACAA,Q311S,1,1
-0.6919,0.08338,TAAAATGAATTTGCGA,R456K,1,1
-0.6921,0.01614,CAAATTCAAAAGTTGA,S47D,1,1
-0.6921,0.01272,AAATATTAAAACTGTG,A476L,1,1
-0.6921,0.003209,ATAGTAAGGTTCCCAT,K417W,1,1
-0.6922,0.005843,GACGGGAGCTTAATGG,,0,0
-0.6922,0.003663,ACAAAAATAACAATTT,S137K,1,1
-0.6923,0.04693,ATTATTTTCACCATCA,E401T,1,1
-0.6926,0.01044,AACGAACATTAAAAAG,T313H,1,1
-0.6927,0.04294,AGCTTGGAAATTTGAA,R361H,1,1
-0.6927,0.07157,ATGCAATCTAAATAAA,N489A,1,1
-0.6927,0.07157,CTAATATGCTACCGCA,,0,0
-0.693,0.03958,TAACTAATTGCATAAA,S219D,1,1
-0.6932,0.06269,AATGCACATTTCATGA,C64Y,1,2
-0.6936,0.01537,TAAATTGCTATTTAGT,D7H,1,1
-0.6937,0.02353,ACTAGAACTATGTCAC,S137C,1,1
-0.6938,0.02249,AACTAGAGAGCATCCT,E426N,1,1
-0.694,0.1507,AACCAGAAGAACATTA,T416R,1,1
-0.694,0.03014,CAAGTAAATTACTGTA,A476T,1,1
-0.694,0.1507,CTTGATAAAAATAAAT,D77E,1,1
-0.694,0.1507,TATCAATTAATTTCCA,,0,0
-0.6943,0.01236,GACATGATAAAAGGGA,Q57I,1,1
-0.6943,0.007775,CATATTTCAACAACTG,K278Q,1,1
-0.6944,0.02557,CAAAACCCATTCTGAA,A372N,1,1
-0.6945,0.04191,AGACATAACATCACAG,,0,0
-0.6945,0.04191,CACTACAAACTAAGTA,F448H,1,1
-0.6945,0.04191,GCGATTCATATAATCT,I242Y,1,1
-0.6945,0.01359,ACGGTGCGCGCAGCTT,T416S,1,1
-0.6946,0.02434,AATATAAAGTTCTGCG,N126D,1,1
-0.6947,0.0387,CAACTTCTATAATTCT,D7W,1,1
-0.6947,0.01606,CCATCAAAGTGCTAAG,S54W,1,1
-0.6949,0.009557,GTCACTCCCGATCAGT,Q1Y,1,2
-0.6951,0.006456,AATGAGACTTCATGAA,S287N,1,1
-0.6951,0.03147,CAAAAAAAGAGTTCAT,Y302V,1,1
-0.6951,0.03147,CCTTTTCTCGCAAAGT,,0,0
-0.6951,0.01888,TAGAGGAAGGAAGCTA,Q211W,1,1
-0.6951,0.09441,CGTAAAGATAATACTG,,0,0
-0.6953,0.01698,GATGAAATATGAAGAG,,0,0
-0.6953,0.004446,TCTACATGCGTTCAGT,H17F,1,1
-0.6954,0.02652,AAAAATGCATACTCGA,D225A,1,1
-0.6955,0.004554,CCCATGGTTTTATAGG,K171F,1,1
-0.6955,0.0252,TATTACAATCTTAAAA,,0,0
-0.6956,0.024,TACATGACGCTAGTTG,,0,1
-0.6956,0.01001,AATAGTCAATCTTTAA,D7F N498G,2,2
-0.6957,0.02192,AATCCTCTATTTCAAC,S145N,1,1
-0.6957,0.01304,TACCGCTAAATCAGTT,A430C,1,1
-0.6958,0.06051,CCCATGTAAATTCACA,E457G,1,1
-0.6958,0.06051,TACATCTACTAAAAAC,N158E,1,2
-0.6959,0.0194,AAATAACCAAATCGAC,,0,0
-0.6959,0.05404,TGTTCTTCCCCCAAGA,,0,0
-0.696,0.004478,CATGTGCATTTAATAA,,0,1
-0.6962,0.01442,AGATACTAATTTGTAG,I202C,1,2
-0.6962,0.01442,AGTATACCACAGGGAA,K310Y,1,1
-0.6962,0.004428,GCGCTTGGATATAACT,V323K,1,1
-0.6963,0.03785,AAACATGCCTGTACAG,,0,0
-0.6963,0.01202,ATTAGCACAAAAAATA,,0,1
-0.6964,0.01122,AATATCTATCATTGAA,Q311H,1,1
-0.6964,0.006338,CCCAGAAAGTCATCGT,N165V,1,1
-0.6967,0.01562,GACGCATATAAATATA,,0,0
-0.6967,0.00305,ATCTCTTTTATTGAAA,P324W,1,1
-0.6967,0.01516,CTAAAGCCAAGGACCG,K453Y,1,1
-0.6968,0.01115,TCGAACTAGCAACTAA,T388M,1,1
-0.6969,0.008517,ATAAAATCTCAATTGT,N464Q,1,1
-0.6972,0.008476,TTTAAGGGCTTATATG,,0,0
-0.6972,0.009424,GGAAATCCATTTCGCT,D474G,1,1
-0.6972,0.01018,ATGAACCAGAAATACA,A430T,1,1
-0.6974,0.01765,GGTGGGTGCGTATTTC,D175A A476W,2,2
-0.6974,0.01971,CACACCATACAAACTC,K315P,1,1
-0.6975,0.002897,CAAGTTTGTAGTCTCC,I67L,1,1
-0.6975,0.008162,AAATATGCGGTCCAAC,I274F,1,1
-0.6976,0.001244,GTAAGCATCGTGCTAA,R224K,1,1
-0.6976,0.009373,TAGCTCACAACTGCAA,,0,0
-0.6977,0.03451,AAAGGCGTTGCATATA,,0,0
-0.6977,0.004932,CAGAGCTATAAAACAC,Q173S,1,1
-0.6978,0.03704,CATTATGGCACTCCTT,S378H,1,1
-0.698,0.008991,AACACATAAGGTACCT,N122D,1,1
-0.6981,0.0524,ATATTGTTTGAGCACA,E119W,1,3
-0.6983,0.01257,AGATAGAAAAACTACA,D408N,1,1
-0.6983,0.009105,GTCCGCAACATTCATT,,0,0
-0.6984,0.003605,AATTTACACATGTTCA,N126Q,1,1
-0.6989,0.01791,ACCTCAAAACCTATAA,L157I,1,1
-0.6989,0.02984,ATAACGATAAAGTAGA,K121W,1,1
-0.6989,0.01856,AAACTCTATAGCCCTT,V130M K276V,2,2
-0.699,0.03172,CGGTTATTTGAAACAA,L455M,1,1
-0.699,0.03172,GCTATTACAAAAAAAC,G479I,1,1
-0.699,0.0108,TCCAGATGTGCCGGCC,Q173M Q454F,2,2
-0.6991,0.03384,ATTACCATGAGCGAGC,S209L,1,1
-0.6992,0.007974,AACTCACAGTCAGAGA,K472R,1,2
-0.6993,0.1088,AGCCGCGATGTTACCT,A163E G240S,2,2
-0.6994,0.03907,AATTTCCAAACAAACT,K259T L431M,2,2
-0.6995,0.009126,TAATACCATCCAATGA,N63T,1,1
-0.6996,0.007329,CATATTCACCACGGGA,K310M,1,1
-0.6996,0.02499,AACAAGCTTCACTACA,,0,0
-0.6996,0.02499,AGTTGACCCACTAAAA,,0,0
-0.6996,0.04234,AAAGCAAAATCCGTGT,E403F,1,1
-0.6997,0.01003,TACTACTTGGATCCTA,R208L,1,1
-0.7,0.02934,AAATAACCATGAATTT,,0,0
-0.7,0.02934,ACATAAGAGAGGATAG,,0,0
-0.7001,0.01362,CCAATCAGGCCACTCG,R383I,1,1
-0.7001,0.01165,AACTCATCAAATATGA,R405E,1,1
-0.7001,0.05087,CATAATAACAGCACAT,P227M,1,1
-0.7002,0.03115,AAAAATAATACAACTA,,0,0
-0.7002,0.002328,TTACGATTAACATCAT,L431V,1,1
-0.7002,0.008251,CAATCCCACTACATAA,I3L,1,1
-0.7004,0.01251,ATGATTCTCACTACCA,K171E,1,1
-0.7004,0.002792,TCAATCCTACGACACA,E426Y,1,1
-0.7005,0.004559,TCAGCAACTACATTAC,I267H,1,1
-0.7005,0.05656,TTTGATGAAAAAAACT,S54I,1,2
-0.7005,0.008081,GTGCTTCGAAATAGAG,N382F,1,1
-0.7007,0.006111,ATTCGCGTTAATTGTG,V490A,1,1
-0.7007,0.008488,CAAAGGGTTTCTATCG,K292Y,1,1
-0.7007,0.005418,GCATACCAACAAGTCA,S369A,1,1
-0.7008,0.009672,CTCACGCGAGATCTCA,G386R D493W,2,2
-0.7009,0.005112,AACGCTAGATGACATA,Q80V,1,1
-0.7009,0.007643,CCTACGTCATTACGAC,D188H,1,1
-0.7009,0.06368,GATTACTTGTTAACTC,I282F,1,1
-0.7009,0.06368,TAACCTATAAGACATA,,0,0
-0.701,0.004483,AGTTGCAAGACCCTTC,S110T,1,1
-0.701,0.009265,GGTTACCATGCCCAAC,,0,0
-0.7012,0.02885,AAATTGAAATTGTCTG,S358E N424I,2,2
-0.7012,0.01069,AGAAACATAATGTTAA,E344G,1,1
-0.7012,0.01069,CCTCGAGCACTTCCAC,Q356M,1,1
-0.7012,0.005838,GATCTACACACGTAAT,N133F,1,1
-0.7015,0.07286,ATAAATATAATTCTTC,Q44L,1,1
-0.7015,0.01457,ATTCCATCCTCACAAT,,0,0
-0.7016,0.04502,ACCTGCTAATATTCTA,,0,1
-0.7017,0.004477,GATTCGGTATTCCCCT,N53V,1,1
-0.7018,0.0178,ATATAGATATACGCAT,,0,0
-0.7018,0.01547,AACATAGAACTACTAT,,0,0
-0.7018,0.01547,ATCATGATAAACCTCG,K264Y,1,1
-0.7019,0.003638,GAACCCCTGATGTGGA,A212K,1,1
-0.702,0.01056,AACAAAGTGCTCTAGC,I214T,1,1
-0.7021,0.04942,AACTATAATTTGCAGA,R90I,1,1
-0.7021,0.01647,AGAAACCTCTAGAGTG,G62E A476T,2,2
-0.7022,0.01008,TCAAGTAAAGCCCAGA,Q363S,1,1
-0.7022,0.02838,CCTCACACCCGTCGCC,I34T,1,1
-0.7024,0.008423,CGTTGTAATGTCACAA,S149I,1,1
-0.7024,0.0034,AATTCCGATATAGCCA,K278R K450N,2,2
-0.7024,0.009828,AACGGTATCAAGCCAA,M444I,1,1
-0.7026,0.03007,CTTTCAACAGAAATTA,P227L,1,2
-0.7026,0.05477,ACCTATAAGACACAAC,D175L,1,1
-0.7028,0.006585,TTTTAACTACTTCTAA,N94A,1,1
-0.7028,0.01894,CCATAAAATAATTCTT,S279H,1,1
-0.7029,0.01686,ATAGATATGTCTCCCA,F448H E449D,2,2
-0.7029,0.01519,GCATAAGCACCAGTGC,I230L,1,1
-0.703,0.01383,AAAAGAAGGAGGGACG,N296T,1,1
-0.7032,0.003406,GAGATGCATTCTCACC,Q356I,1,1
-0.7033,0.02792,ATATTACCACCATAAG,T235Q,1,1
-0.7033,0.06143,TCCATAGACTAGCAAA,G275V,1,1
-0.7033,0.1024,TGCTTCCCGCCGAGGT,,0,0
-0.7033,0.1024,TGTTGAAAACATCACA,W350* Q407C,2,2
-0.7035,0.007351,TTTACTAGGTACAAAA,,0,0
-0.7036,0.01291,AGCACTATCGATGAAC,W234M,1,1
-0.7037,0.006148,AAAGACTTTACATATC,P21C,1,2
-0.7038,0.01946,GCCATGTCTTAAACTA,P273M,1,3
-0.7039,0.01602,ACCGACATTAATTAGG,,0,0
-0.704,0.009797,TGAAATCGACTAATCT,I48S,1,1
-0.704,0.01493,AAGGAGAACTGACACA,G5C N489G,2,3
-0.7043,0.03945,ACTATCAAAGTACCCA,,0,0
-0.7043,0.02748,AAATACTCGATCGCAC,G218I,1,1
-0.7043,0.02748,AAGAGTCATTCATTAC,H183V,1,1
-0.7044,0.003269,AATCTATATGTGAATT,Q197S,1,1
-0.7045,0.02444,ACATCGACAAACAGAA,T313C,1,1
-0.7045,0.008951,ACTAACATTATGTAAC,K503G,1,1
-0.7045,0.006234,CATTACTCATAAACAA,N6Q,1,1
-0.7046,0.05309,GACTTTTATACCCGCC,T485D,1,1
-0.7046,0.05309,GTGTGTAACAAAAGAC,D73V,1,1
-0.7047,0.02906,GAAGCAGGTATCAATT,,0,0
-0.7048,0.02,GCCTTGTAAGTCTAAA,,0,0
-0.7049,0.04279,CAAAAATGCTACATGA,G142A,1,1
-0.7049,0.01834,CAATTTATGAATCATT,I418W,1,1
-0.705,0.01056,GTTCGGAATATTAAAC,,0,0
-0.705,0.01007,GGGACCAAATGCCGAA,G78T K189L,2,2
-0.7051,0.03584,GGAACACCCTACCTAG,K276L G386T E398W,3,3
-0.7052,0.01752,TCAAAGATAATGTTTA,,0,0
-0.7052,0.01752,TTTCCTTCCTCTCACA,,0,0
-0.7053,0.08115,ACCGATCGTATAAGTT,N382D,1,1
-0.7054,0.0241,TTAGCATAAATCGAAG,L15V,1,1
-0.7054,0.01001,ATAGAGATCCGAATTC,K207F,1,2
-0.7055,0.05933,TAGAAATATATATACG,S110F I288C,2,2
-0.7057,0.03858,CGTATGAATTCTATAT,V20F,1,1
-0.7059,0.01882,AATGATTCAAGTATTG,A476T,1,1
-0.7059,0.01403,TAAGATTCGGCCAAAG,Q75G I335V,2,2
-0.7059,0.01065,ACAGGCTCCTCACCGC,L111F,1,1
-0.7064,0.004641,TCCGAGAAAAATAGAC,S46V,1,1
-0.7066,0.006285,TCACCCCCAGCAAACA,E484Y,1,1
-0.7067,0.003063,GAAATAACGGTGATGA,S110F,1,2
-0.7068,0.006754,AAAATCCGTATCACAA,S480R,1,1
-0.707,0.01258,TCGAGACCTAAATTAG,E484H,1,1
-0.7072,0.01842,ATTTGTACTCACGGGT,V182C,1,1
-0.7074,0.007135,GTTCAAGTATTATTCA,P169V K264H,2,2
-0.7074,0.01182,CCGGCGTTTGAAAAAA,N165L,1,1
-0.7076,0.02458,ACACTCTCAATTCTGT,H488N,1,1
-0.7076,0.1721,ATTACTGAATCACTAA,I300N,1,1
-0.7076,0.01324,AGCTTGGGACCATAGT,L15I,1,1
-0.7076,0.0121,AAACGTGCACCAGCAA,R33F P239G,2,2
-0.7077,0.02094,CGGAAGGGTGTTAAAG,,0,0
-0.7077,0.02094,GAAACCCTTCGTACGA,G463S,1,1
-0.7078,0.04078,TGCGATGGGCATATAC,,0,0
-0.7079,0.01614,CGGACCACGCTTACCC,N133Q,1,1
-0.7079,0.01614,GATAGACTAGGATTTT,G129F,1,1
-0.708,0.01449,CCCCCAAATATATTGA,,0,0
-0.708,0.01449,GCATATATACCTAACA,Q80D,1,1
-0.708,0.01314,AGAACGGTTTAATTCC,I214D,1,2
-0.7081,0.003321,AGATGCTTTCAACATA,,0,0
-0.7081,0.007048,ACCTAGAAGCATAATG,,0,1
-0.7081,0.01108,CCATACACGGAAATAG,R269C,1,1
-0.7081,0.01027,AACAAAAAAGAAAAGT,F467M,1,1
-0.7082,0.003238,GGCTACATAAATGAGT,T167L,1,1
-0.7083,0.05003,GCCACCCAGCAGCAAC,G200Q,1,1
-0.7083,0.007148,AACAAGGACAGCTAAT,I230A,1,1
-0.7085,0.005924,GCGAGAAATAAAAAGG,Y470M,1,1
-0.7086,0.01386,AAAGGAGTTGTTCCGC,,0,0
-0.7086,0.01537,CTAATAAAGGAACATA,I160A A317C,2,2
-0.7086,0.01965,ATCATCATACAAATCC,L367W,1,1
-0.7088,0.01338,CTAATGTCATTCCTTC,T12S,1,1
-0.7088,0.04436,ACTTAATCAGTGATGA,,0,0
-0.7088,0.04436,CTTCTTAAAAAAAAAC,Q1F Q57*,2,2
-0.7088,0.01652,ATCCAAAACAATTCAT,T40Q,1,1
-0.709,0.01585,AAGTCCACAAAATAGG,I418F,1,1
-0.7091,0.03107,AAAGCAGTAAACTAAA,K50F,1,1
-0.7091,0.02044,CGCAGACTCTACTCAC,,0,0
-0.7092,0.03984,AATAAAAAAGATGCAA,R383G,1,1
-0.7092,0.007032,TCACGTCAAAAATATT,L244T,1,1
-0.7093,0.01466,ATTCTTCAACATCAGC,E325W,1,1
-0.7093,0.008985,ATTGTACACATACGTA,,0,0
-0.7093,0.003649,AGTTAAAAAAAAACTA,P239T,1,1
-0.7095,0.05553,GTCATATCAAATACAT,M346L E410K E484K,3,3
-0.7095,0.004756,TATCTTTTACCCATAT,A69G,1,1
-0.7096,0.03616,AGTGTCTATAGCAACG,,0,0
-0.7096,0.03616,GCAGTTCTCCATCAGG,N159G,1,1
-0.7096,0.03616,TTGAACACGCTTAGAA,G200R,1,1
-0.7098,0.0202,GCATACAAAAGACACT,S265N,1,1
-0.71,0.008695,GGGAACTCAACAATTT,S91H E410K,2,2
-0.7101,0.007044,CCATCCTAACAAGTCC,R208K,1,1
-0.7105,0.006658,GTGCAGACAAAATAAA,Y105S,1,1
-0.7105,0.03895,TAAATCAAACCATCCT,,0,0
-0.7105,0.01298,GCACGCACCATACCGT,K121W,1,1
-0.7106,0.005076,CATCAACCCAGCAGCC,E280K,1,1
-0.7106,0.005076,TAGCAAGAATTGGCCT,R255L,1,1
-0.7106,0.02474,GTTTGAAGTCTTTGAC,D291W,1,1
-0.7106,0.0742,AATGGTATGACCCTGA,Y100I,1,1
-0.7106,0.0742,CACTAAGACACAAGAA,D73G,1,1
-0.7109,0.007321,AAAAATGAATCTATCA,V213N,1,1
-0.7109,0.03248,ATAAAAAACCTATGGA,K310S,1,1
-0.7109,0.007186,TACATACAAATATAAA,Q211N,1,1
-0.711,0.06238,TTTACTCGAGAACAAC,,0,0
-0.7111,0.01209,CTTAACATAAGCTATG,,0,0
-0.7111,0.005821,TCACCTAATATCGTGC,N165E,1,1
-0.7113,0.01793,AACCTTAATGTAAATG,I267A E401M,2,2
-0.7113,0.005802,TAAAAAGGATCAATCG,D291V N489H,2,2
-0.7114,0.01643,ATATTTTAAAAATGAA,,0,0
-0.7114,0.01643,CTCATTACTGCACAAT,,0,1
-0.7114,0.006146,GAAAAACCAAAACTTA,,0,0
-0.7114,0.02439,CGCGACTTTTACATCA,S312L,1,1
-0.7114,0.02439,GCTAACGTTAAAAATG,K171A,1,1
-0.7115,0.00476,ACCATCCGAACAGCCA,N489M,1,1
-0.7117,0.0422,ATTTAGTCGTTTGATA,S378Q,1,1
-0.7118,0.01952,TTTCTTGTAATTAAAG,S279C,1,1
-0.7118,0.03809,TTAAAACAACTTACAC,D408V,1,1
-0.7119,0.03471,GCAAGAAACATTTCTT,D419N,1,1
-0.7119,0.03471,GGATATCGCAAATGTA,V20T,1,1
-0.712,0.03189,CATTATAAATTTATCA,,0,0
-0.712,0.03189,CTATAATACCAACTCG,T117I,1,1
-0.7122,0.02562,TCCAACAATATCCAAA,,0,0
-0.7122,0.004248,AACACGGCTTCAAATC,P103Y,1,1
-0.7122,0.02405,CATTTAAAATAAGCCA,,0,0
-0.7122,0.02405,CTGGCAAGTATCTTCA,Q371I,1,1
-0.7123,0.02031,AGCCGATAAAACTTGC,Q327D,1,1
-0.7124,0.006332,CGTTAAACCAATACTA,,0,0
-0.7124,0.01757,AGTCAGCCGGACGCAC,P324A,1,1
-0.7124,0.008689,TTAAAAAGGACAGTTT,,0,0
-0.7126,0.006412,TCACACCAAATCACCT,,0,0
-0.713,0.04604,AAAAAAGATCAAGCAT,I260V,1,1
-0.713,0.03727,AACACAGATTTAAGAT,N497E,1,1
-0.713,0.03131,CACCACCGAAATACCA,,0,0
-0.713,0.02372,CACCCGTCCACAACCG,E344Y,1,1
-0.713,0.01535,CGCAAAGAAAAATCCA,S312H,1,1
-0.713,0.03403,CTCATAATATTCACCA,P273Y,1,1
-0.713,0.03727,GTATACCAGGAATGCC,,0,0
-0.713,0.04604,TAAAAGGCACAAGATA,P21Y,1,1
-0.713,0.03403,TAATAAATTTTGCCAT,S287G,1,1
-0.713,0.02237,TACGCAGGGGATTTAC,,0,0
-0.713,0.1565,TAATAATTAAGCTTTG,,0,0
-0.713,0.1118,TTACACACATAGCTCA,,0,0
-0.7133,0.008952,TATCACCAAGGCCCCG,K121V,1,1
-0.7134,0.003002,AAAAATTCAAGGGGGA,H435M,1,1
-0.7136,0.004869,ATCTATAAAAATCATC,D73G,1,1
-0.7136,0.01031,ATTGATGGCCATTAAA,D188C,1,1
-0.7136,0.0209,ACAACCATCCTTTGAC,,0,0
-0.7137,0.007959,GCCAAACACAATCAAT,N497L,1,1
-0.7138,0.00886,CCTTGATTCTGTTCCC,,0,0
-0.7139,0.007615,TACAAGTAGTAATCAA,S199V,1,2
-0.714,0.005229,ACTTGGCCTGATTGGC,N497Y,1,1
-0.7142,0.01297,TTTTAAAACCTAGAAT,L71M,1,1
-0.7143,0.01389,CAATTACTAAATAATC,,0,0
-0.7144,0.006409,GCAGACAAAACCATTT,D188L,1,1
-0.7145,0.02454,ACTCAAACATCTCTAA,,0,0
-0.7146,0.01013,GACAAACATGACCGGA,E410F,1,1
-0.7146,0.003636,GCTTTAACATTCTGGA,N497R,1,1
-0.7146,0.0104,AAAAACGTGCACTATT,S143G,1,1
-0.7147,0.01099,GAGAAACTCAAACTGT,N81Q,1,1
-0.7148,0.0113,TGACAAATCCAGCTTA,I374V,1,1
-0.7148,0.009581,CATGTCAGCCAAACAA,E494T,1,1
-0.7148,0.05819,AGTATCAAGATCTTTG,,0,0
-0.7149,0.005205,AGGCTGGTATCTACCG,R224K,1,1
-0.715,0.02153,TAGAATATCGGATGCA,E325H,1,1
-0.7151,0.01321,CAAAGAATAAGAAATT,K207E,1,1
-0.7151,0.01367,GAATCTCACAATCAGC,P273N,1,1
-0.7152,0.01417,AAATTGCAATCTTACA,,0,0
-0.7152,0.007903,CGGAATCTAATTACCA,V43I Q434T,2,2
-0.7153,0.01229,AATGACAGTTGATGAA,G62V I478L,2,4
-0.7154,0.02579,TAAGGCAGTATGAGAA,P169T Q211W,2,3
-0.7154,0.002866,TTCGCTACCCAACCTA,L118F,1,1
-0.7155,0.01589,CCAGGTATCATAAATC,K315Q,1,1
-0.7156,0.08282,GGATAGACCTTATTAC,,0,0
-0.7157,0.02127,ACGATGGAAAAGCACA,D348W,1,1
-0.7157,0.0173,TCCCTTATACTTTACT,N165C,1,1
-0.7159,0.003416,CGCAAGCTCACAAACA,,0,0
-0.7159,0.004234,GCCTAAAAGAACAAAA,T37I,1,1
-0.716,0.01897,AGGGCGTCAAATGGAG,N122D,1,1
-0.716,0.03214,GACTGCTCACACAGAA,N6H,1,1
-0.716,0.03214,TATAATAATAGACCAA,V102C,1,1
-0.7161,0.01394,ATGGCGAAAACTACCG,,0,0
-0.7162,0.02541,CTACCCCCTACGGAGG,,0,0
-0.7163,0.105,CTCAAAATACGCGCGC,G5Q,1,1
-0.7163,0.00553,TGCACAACTCCTATTC,N298D,1,1
-0.7165,0.0563,ACAAGTCCAAGCCTGA,N483W,1,1
-0.7165,0.0563,CAAATCCACACTCAAT,,0,0
-0.7165,0.0563,CTCACACCAGAAAGTG,G129S,1,1
-0.7165,0.0563,GAACTTACCCTGGAGG,S209D,1,1
-0.7165,0.0563,GAATCAAAATAACTGA,,0,0
-0.7166,0.03846,ATTTATATAATATCCA,G49F,1,1
-0.7167,0.0292,ACTAGTTGTAATTAAC,G49V,1,1
-0.7167,0.004034,TAAAATTTTTTACACA,,0,0
-0.7168,0.007204,ATTTACCTGAGTATAT,S231F,1,1
-0.7168,0.008764,TATTGCTATGACAACT,F500W,1,1
-0.717,0.04265,AACAAAGCTCTAGTGC,R208L,1,1
-0.717,0.04265,GGTCAAGAACAACAGA,,0,0
-0.717,0.04265,GTCGATCTCGATCCTA,,0,1
-0.7171,0.008136,CGCCAAGAAAAAGCCT,K189E,1,1
-0.7171,0.06576,AATATCCACTCCTACT,S124W,1,1
-0.7171,0.06576,CAAGAGGACTGAAACC,I395S,1,1
-0.7171,0.06576,CGTTATTGTAAACGCC,I437M,1,2
-0.7172,0.01018,AGAACACTTTACGTTA,T313A,1,1
-0.7172,0.01224,TTTATTACATTTTGCC,,0,0
-0.7172,0.003742,TGCAGTTCCAAAACAT,V20F,1,1
-0.7174,0.02322,GCAGCAGTAAAATAAC,,0,0
-0.7175,0.04786,AACGTTAATTAATTTC,Q407G,1,1
-0.7175,0.1436,TAAAAAAATTTAGTAA,N298F,1,1
-0.7176,0.01463,TAATCAAGAAAGCTTA,R405T,1,2
-0.7176,0.01137,CCCCTAGGACCAGCAC,N122M K411Q,2,2
-0.7178,0.02165,CTTCAAATGGAATAAC,T301C,1,1
-0.7178,0.01399,CCTATATCACTAACTT,Q376T,1,1
-0.718,0.02635,CTCTAGCAGTAAAACC,Q80T,1,1
-0.718,0.07904,TATTCGCCCTATCCGA,E484L,1,1
-0.7181,0.05453,GAGCGTAGAAAAAACC,,0,0
-0.7181,0.01818,GCCGAATCCGCCTCAT,D7R,1,1
-0.7181,0.004822,TATCCAGGTGTTTGAC,,0,0
-0.7182,0.009704,AACTACAAATAAACCT,K50V,1,1
-0.7183,0.01198,TTACTGCCCAACACGG,S198D,1,1
-0.7183,0.03366,ATTCCGGTGCAACAAA,D188L,1,1
-0.7183,0.03366,CAACATCCGTAGCTAA,,0,0
-0.7183,0.009417,AAGGAATCTAGCACTG,E410K,1,1
-0.7184,0.0172,CTGCTAATACGGCCCA,A106H,1,1
-0.7187,0.02262,AAGAGATCATTGACAT,,0,0
-0.7187,0.008652,GAGTATATTCAAGAAA,K397V,1,1
-0.7187,0.02595,GTACCAGAAGTACGCC,S219Q,1,1
-0.7188,0.03682,ATGAATCCATCCAGAC,,0,0
-0.719,0.06336,ACAAAACACATCTACA,A196M,1,1
-0.719,0.01481,CAGTTATACAAAAAAC,S91R P324W,2,2
-0.7191,0.0178,ATGATCATATTCTTTA,G200C,1,1
-0.7192,0.01036,ACTTTCTCATAGAAAA,K238F,1,1
-0.7192,0.01981,ATTCAACTTGCTAATA,S9Q,1,1
-0.7192,0.09905,CGAAGAGTGATTGAAT,,0,0
-0.7194,0.02557,TGATGTGCTTTACAAC,S137Y,1,1
-0.7194,0.01865,TCATTAGCGAGCTGCC,G275K,1,1
-0.7196,0.02087,ATAATGACCTCATAAA,R109T,1,1
-0.7196,0.02992,ATATTATCATCACGGG,K450C,1,1
-0.7198,0.03606,TAATAACTACTTGAAT,E484M,1,2
-0.7199,0.009918,TTCAATAAATAGTTAC,I160K,1,1
-0.7199,0.01051,GACCTTACTCTACCAA,S265T,1,1
-0.7201,0.02062,CGCTAAGAACCAAATA,G129V,1,1
-0.7201,0.0252,GGCGGTAGCAACTCTA,K238T,1,1
-0.7201,0.04536,AACCCCTAAGAACTTA,G200C,1,1
-0.7201,0.0756,GGAACCTAAAAGAACT,S143Y,1,1
-0.7201,0.04536,GTGCGGTATTAAATTC,,0,0
-0.7201,0.009861,TCACCCAGACCAACAG,,0,0
-0.7201,0.01194,TGTCATGCAAATCAGT,T40H,1,1
-0.7202,0.00659,AGAATTACGGGCACTT,P215Q,1,1
-0.7203,0.006996,ATATAACCTTTGGAGT,T10P,1,1
-0.7203,0.01012,CTATATGATGCGTCGA,,0,0
-0.7205,0.01826,ATCGCTAAAAAAGCGA,I217L K453T,2,2
-0.7205,0.01826,GCATAGCAGCGTGCTA,L431Y,1,1
-0.7207,0.06113,GCAAAAAACCAAACAC,T167C E280K,2,2
-0.7208,0.03532,GGACTTAAAAGTACCA,P239N,1,1
-0.721,0.03181,ACAGCCACACTTAGAT,K50Y,1,1
-0.721,0.03181,TGTTATCATCTAAAAT,P239V,1,1
-0.721,0.002482,CACTGGGACCCCCCGG,N8K,1,1
-0.7212,0.01128,GTCTATAAGCCTTAAA,,0,0
-0.7213,0.1326,AATCCTATCCTAAGAA,P4S Q407R,2,2
-0.7213,0.1326,CCGACCACATTTAAAC,R255W,1,1
-0.7215,0.006419,CCCTCCCCGTAATAAT,N445F,1,1
-0.7215,0.01349,ACTGGAATACATGTTA,,0,0
-0.7216,0.02274,ATCAGTCCAATATGCC,,0,0
-0.7216,0.02274,CGGTCTAGTAAAATCA,,0,0
-0.7216,0.006662,CCCCTGATATCTCTCC,,0,0
-0.7218,0.03123,GGGACTGCAACTCTCA,T328W,1,1
-0.7218,0.09369,TAGAAAACAGTAAGAA,,0,0
-0.7219,0.006611,CGCACATACAAATTTC,N31H,1,1
-0.7219,0.009484,ATGGTTACTTGTTGCG,E325K,1,1
-0.7221,0.005775,AAATCCTAACGTGAAC,G200K,1,2
-0.7221,0.07244,TACATCACAGCACAAG,,0,0
-0.7221,0.006325,TTACACATAAAACCTA,,0,1
-0.7222,0.007484,GTGCAGAAAATATTTC,,0,0
-0.7223,0.01968,TACTATTGTTATAATT,R33G,1,1
-0.7224,0.04983,TTGTTAAAGACCAGGT,F192W,1,1
-0.7225,0.03798,AATATGACGGCCTAAC,R222T,1,1
-0.7228,0.00367,CAATATTCCAACCATC,S262A,1,1
-0.7228,0.01735,CTTAGAAACTAAGATT,,0,0
-0.7229,0.01257,AATAGTCAGCCGATCA,,0,0
-0.7229,0.01257,CATCCTAGTTGCCGAA,S114K,1,1
-0.7229,0.01257,GCCTTAACTTCATAAT,P21W,1,1
-0.723,0.006335,CTGAACCCCAACAAGA,S149W,1,1
-0.7232,0.01413,CACTCCGATACAATAG,,0,0
-0.7233,0.01718,ATAAAAGATTCTGGCC,K452E,1,1
-0.7235,0.03716,ACCTTACTTCTTCAAA,K140Y,1,1
-0.7235,0.03716,ATTAACCCAAGGCACA,,0,0
-0.7237,0.01615,ATAACATTAATAAAAG,,0,0
-0.7238,0.008597,ACATAATTACGACAAA,,0,0
-0.7239,0.06953,GCAGTATCCGAGAGAA,S96H,1,1
-0.7239,0.06953,TAGCAAAAATAGATAG,I3F G504V,2,2
-0.724,0.00812,AAAAACAGTTAAATAC,S422N,1,1
-0.724,0.02499,TACTTATGTCCCGGTT,,0,0
-0.7241,0.02712,ATTTACAATTGCATGT,N341C,1,1
-0.7241,0.009302,CCTCAATTTCTGTATA,P4D,1,1
-0.7242,0.08889,GAAAACCGAGATATAA,T328K,1,1
-0.7242,0.08889,GTTATGGCAAAAAACA,,0,0
-0.7243,0.01127,GACCGCAAGTAATGCA,V323Q,1,2
-0.7244,0.008252,CTCCAATTTGCAGCAG,R109A,1,1
-0.7244,0.03638,AACAGTGTATCCTCAC,Q1G,1,1
-0.7244,0.03638,AACTAATTCATCATCT,D77S,1,1
-0.7244,0.03638,TACAAAATTTATCTGC,S480F,1,1
-0.7245,0.02287,CAATGAATCAACTTTT,Q132D,1,1
-0.7246,0.1232,AAAACCTTTGGATAAA,,0,0
-0.7246,0.1232,CTTGTGATAATGAAGA,Q434A,1,1
-0.7246,0.1232,TTTTCTCGGCAGCTTG,W180Y,1,2
-0.7248,0.04712,ATACGCCTCTTACTAC,,0,0
-0.7249,0.02913,TATAATACATACTATC,T328M,1,1
-0.725,0.01418,AATGCCAACCAAGCAT,,0,0
-0.725,0.01742,CAATTCTCTGGTATTT,R222H,1,1
-0.7251,0.01243,CATTGTACTATCGTAA,,0,0
-0.7252,0.01557,ACCCAAGAATATTAAA,Q211W,1,1
-0.7253,0.01956,AGGAGATGTAAATTAC,S270V,1,1
-0.7253,0.03564,GACTGAAACAATTCCT,N126E K292C,2,2
-0.7253,0.03564,TAACAGTCCCAAAAGT,I51V,1,1
-0.7254,0.006945,AATTGTCTTTTGTGTA,K238I,1,1
-0.7255,0.01725,CAGTATTAGTCATTTT,T65R,1,1
-0.7255,0.01283,AAAATTGACCAAAAAG,N285T,1,1
-0.7255,0.003992,CTTTGTAATCCTGCTT,S312E,1,1
-0.7256,0.02229,CATGCCTGAACTTGAT,R255Q,1,1
-0.726,0.01529,GAACTATAGCTAAAAC,V223R,1,1
-0.7261,0.022,TTTGCCCAACTAAATC,E172S,1,1
-0.7262,0.03492,AGATATCCACAACCCA,R383V,1,1
-0.7263,0.02819,AAAAGGAATATAAACA,S114W,1,1
-0.7263,0.01516,ATATAGAACCATTGGT,G240S,1,1
-0.7264,0.01037,AGCACATCCACCTTCG,G200Y I274V,2,2
-0.7264,0.001653,TCACCATAGTACGCCA,,0,0
-0.7265,0.01786,GCCTGTAATTAACACA,A373S,1,1
-0.7265,0.01435,AGAAGATATGTATCAA,K472D,1,1
-0.7266,0.03921,CACAAAAACGACAGTA,Q1F D461S,2,2
-0.7266,0.03092,ATAATTCAAAAATCAA,,0,0
-0.7266,0.02552,CTCAACTTACTTAAAG,N122E R229T,2,2
-0.7267,0.01675,AATTAGCAAATGTAAC,V490E,1,1
-0.7267,0.01675,ATAAAAAGAATACCAA,N22M,1,1
-0.7267,0.01675,CATTCCAAAATACGAC,A93E,1,1
-0.7269,0.01191,TCAGACTATCGATCAA,L244Y,1,1
-0.7269,0.02331,AGATGAATTATATTTT,G78W,1,1
-0.7269,0.004817,GTCAATCGGCACACAA,S198H,1,1
-0.7269,0.02774,ATAAACCCGCTGACTT,R141V,1,1
-0.727,0.0149,ATACAAAAGATATGCC,Q454K,1,1
-0.727,0.0149,ATCTAGAGGTTACCAC,P21C,1,1
-0.727,0.04469,TTTTTTCAAGTTGAAA,,0,0
-0.7273,0.01342,CACAACAATGGTAATA,S265Y,1,1
-0.7274,0.01988,TTCTGCGTTCACATAA,G463A,1,1
-0.7274,0.007287,CTCTATAACCTCTGAT,R222K,1,1
-0.7275,0.115,ATAGGCCTACCAAATG,G275A,1,1
-0.7275,0.115,GCGTTTCTACTAATAC,T30E,1,1
-0.7276,0.0273,ATACCAAGGAACGCAA,G404S,1,1
-0.7276,0.007256,GTGATTACACTGCTAA,S156C,1,1
-0.7276,0.01549,GAATTAAAGTATTAGC,N122I,1,1
-0.7277,0.009367,AAAGAAACTAAGTGGC,,0,0
-0.7278,0.03357,TGAACGAAACCTTCCC,,0,0
-0.728,0.01832,TTCATCGAATTCAACT,R456C,1,1
-0.728,0.02985,AACTCCAAATAACGGG,,0,0
-0.728,0.009951,TTAAATCGTTAAATCT,I51M Q501V,2,2
-0.728,0.02985,TTTGACTGGCCCACTG,G352Y,1,1
-0.7281,0.04357,TTTATGCCGGATAAAC,,0,0
-0.7282,0.007945,CAATAGATGAAGAAAC,,0,0
-0.7283,0.03751,AAAACAAGCTCATTAG,K2R,1,1
-0.7283,0.03751,AACCAGGCCACTAATA,,0,1
-0.7283,0.03751,AGTACAAGCCTAGAAG,F192W,1,1
-0.7285,0.02241,ATTGCTTGACAAATCG,S480A,1,1
-0.7285,0.02241,TACAAAGGTCAGGACA,Q197E,1,1
-0.7285,0.03293,ATTATAAAACAGGCGA,,0,0
-0.7286,0.06207,AATGTATTGAATCACA,,0,0
-0.7286,0.01241,ATGTTGATAACACTCA,S279R,1,1
-0.7286,0.06207,TAACATCAAAACTTAA,Q434E,1,1
-0.7286,0.06207,TATTTTATACCCTTAC,E403M,1,1
-0.7286,0.004398,GTTCCCGACCCCCCAA,A430G,1,1
-0.7287,0.02935,ACATATCTAGAGCAAA,D415V,1,1
-0.7287,0.02935,ACTCCCATACCGCCAA,E449F,1,1
-0.7289,0.05045,CAGAACTAAATACAAC,V112F,1,1
-0.7289,0.006843,TTCTTGAATAAGAATT,,0,0
-0.7289,0.01583,TACCCACTACGATGTA,P4A R482K,2,2
-0.7289,0.003622,GGTCTTGAATCTTACA,T440C,1,1
-0.729,0.01495,CGCGTAGAAACTAATG,S358W,1,1
-0.729,0.02212,TACGATCACTTTCTCG,S198A,1,1
-0.729,0.0425,GGGATTGGTCACAAAA,,0,0
-0.7291,0.009674,TTTAAAAACCAAAGTT,Q407C,1,1
-0.7295,0.01071,GACACTTACAAAAAAA,Q75F N357C,2,2
-0.73,0.02157,AAACCAGTATACTATC,R229M,1,1
-0.73,0.05992,AATGTAACCCTTTCAA,,0,1
-0.73,0.02839,CTCGAAAGAATCTACA,A19C,1,1
-0.73,0.1798,TAAACTCGGAATTCTA,L244G V490M,2,2
-0.73,0.05992,TCAAACCGATAAATTC,T40I T203D,2,3
-0.73,0.04903,TCTTTGTTCAACATTG,N22W,1,1
-0.73,0.003014,CCACTTTCCTTCGAAA,S156Q G379C,2,2
-0.7301,0.008797,CATCGATCACTATACC,G465A,1,1
-0.7303,0.01527,TGTTAACAGAACGCGT,R307P,1,1
-0.7304,0.01975,ACTCCCTACATAACTC,N424Q,1,1
-0.7305,0.02314,CGGCAGTAACAAACGG,G49R Q211E A212S,3,3
-0.7306,0.007679,AGCTAATAAGGTGGCG,Q44R,1,1
-0.7308,0.01953,AGTTTCATTTACCAGA,N122T,1,1
-0.7308,0.01953,TGCCAACCTTCTATTC,,0,0
-0.7309,0.02105,GCTGAAATCTCACTAA,D225C,1,1
-0.7309,0.01501,TCAGGAGGCACTAAAC,,0,0
-0.7313,0.03061,CAATCATAACGACAAT,,0,0
-0.7316,0.004919,AGCTTTCATTATTAAG,N126V,1,1
-0.7316,0.02459,TCAAACCAATCAAATG,K411H,1,1
-0.7316,0.0191,TTAGATTAGATTAGTA,T117I,1,1
-0.7317,0.03959,TTAACATCTAGGAAAG,R361I,1,1
-0.7317,0.01008,CTTATTCTACCACACT,I217G,1,1
-0.7322,0.01128,GACGCGGAATGTTGAC,N489T,1,1
-0.7322,0.1015,ATTGCGTTCTAGAATA,H355S,1,1
-0.7322,0.03385,TCACATATTGTAACGC,S279M,1,1
-0.7324,0.01231,GTGTACACCGGTAGCG,S287G,1,1
-0.7324,0.01029,AACCGCAATTACACAC,K278D,1,1
-0.7324,0.007099,CATTAGACCTCACACA,,0,0
-0.7325,0.03871,CACAGTTTCAAAGCCA,K452G,1,1
-0.7325,0.02956,ATGGTGGTGAGATATT,K368Y,1,1
-0.7326,0.01223,CTCAATGTACACTCAT,,0,0
-0.7328,0.002782,AACACTTTATCAACTA,P4G F174M,2,2
-0.7329,0.0452,TCTCCACTCCAAAAAT,,0,0
-0.733,0.07076,CACCCAAACCTCAGAT,T10D,1,1
-0.733,0.07076,TTTTTGATCTACGAGG,D408I,1,1
-0.7332,0.03786,AAAATACAGACTCCCA,Q327A,1,1
-0.7333,0.01696,AATCTATTTATATCAA,,0,0
-0.7333,0.02585,GGTACACTATTCATAA,E35L,1,1
-0.7334,0.01581,GAAATAACTGGAGACG,T12I,1,1
-0.7335,0.0543,AGTTGTTCTGCACGCC,I339L,1,1
-0.7335,0.1629,ACAACGAACCACATTT,K292Y,1,1
-0.7335,0.004178,AGTACAGGCTTATCAT,N296D V347M,2,2
-0.7335,0.0181,TACCCATAGAACAAAT,E398G D461L,2,2
-0.7336,0.00536,CGAACAAACATTTAAA,S115R,1,1
-0.7336,0.00536,TGGGAAACCTAAAAGC,N53E,1,1
-0.7336,0.006013,CAAAATATTGCAAGCT,V182T,1,1
-0.7336,0.005014,CATAAGTTCCATTGAC,I300M,1,1
-0.7337,0.02859,ATAATATGGTTCATAC,I245F,1,1
-0.7338,0.00429,TCCACCAGACATATTT,K259L G404E,2,2
-0.7339,0.008192,ATGACTTAGCTAAAAT,S110P,1,2
-0.7339,0.004516,GTGGCTAATAGCTACC,N63S,1,1
-0.7339,0.02296,AAAATAACTAGCCACT,N122Y,1,1
-0.734,0.02091,ACAAATACATAAAAAA,D101H,1,1
-0.734,0.009426,GTAGTCCCCCACCCTA,P21G,1,1
-0.7341,0.01456,ATTTACTTACACTAGT,,0,0
-0.7341,0.09593,TCCCGGTTTAGTCATA,A106R,1,1
-0.7342,0.01648,ACAACAACTGACCTCA,,0,0
-0.7343,0.008367,GCTTTGAGACATATAC,T10W,1,1
-0.7346,0.006478,GTAACTTTACAGCCAC,,0,0
-0.7346,0.01275,ATGAAAACATTAAATC,P21L,1,1
-0.7347,0.00286,ACACCGTTCCAGGTGA,Q132G,1,1
-0.7347,0.0314,AATAAGTATGACTCGA,N94W,1,1
-0.735,0.0038,TAACCAGTAAACAACA,I160N,1,1
-0.7351,0.009903,TAACTCGCCAAAATCC,A19T A93G,2,2
-0.7352,0.02439,TGCATTCCGTTCCACC,S9H,1,1
-0.7353,0.008741,CCCATATTAATCCTGA,D493G,1,1
-0.7353,0.03554,AACGCCAGATATTGAA,,0,0
-0.7357,0.01573,ACTATGGTACAGATTA,E426Y,1,1
-0.7359,0.01818,CGAATTTCTGTCACCG,I418S,1,1
-0.7359,0.0909,TATATTTAGTAGAGTT,,0,0
-0.7359,0.0303,ATTCGCTGGGCAAGAT,,0,0
-0.7359,0.0303,CAGAAAAGAAAAAGAA,,0,0
-0.736,0.01461,CAAAATTCAAAATTAG,,0,0
-0.736,0.03482,AAGTACCGGTGTTAAA,,0,0
-0.736,0.02154,GATTCAAAATAGCAGA,,0,1
-0.736,0.01222,TTACAATTCTTTAGGG,,0,0
-0.736,0.01004,ACCAAAAAAGATCAAA,A430E,1,1
-0.7361,0.02373,CCAAAGACCAAACAAG,Q80N G142R,2,2
-0.7363,0.006323,AAATTCTAGCCCGAAC,S54H S287T,2,2
-0.7363,0.007345,TCCGCATTCCGCCCAC,N341E,1,1
-0.7364,0.04963,TGAACTGATAGAGCCA,N424S,1,1
-0.7366,0.03414,ATTGACTATAAAAAAT,Q210D,1,1
-0.7366,0.01343,TATGATTTATGATCTT,,0,0
-0.7367,0.02601,TAACGGACCTAACCGC,N22T,1,1
-0.7368,0.01763,TTTGATGCTTACACGC,L118F,1,1
-0.7369,0.03999,ACGCTTAATATACACT,,0,0
-0.737,0.01414,GAGGGAATGCTGTCAC,,0,0
-0.7372,0.008869,AATTAATACTATTAAG,S46V,1,1
-0.7375,0.02052,GGGCTCCGACACTCGG,Y161G,1,1
-0.7376,0.03908,ACCTTCTTAAATCTCA,T318Q,1,2
-0.7376,0.03908,ACTTGGTATAGCAATA,S247D,1,1
-0.7378,0.005403,TTGAGTATGTTAATCA,N38S N122L,2,2
-0.7379,0.06083,CAAATACACAAAAGAT,Q211A,1,1
-0.7379,0.06083,CCCCCATTCTGAACTA,D188A,1,1
-0.7379,0.01846,AATCCAATGAGAGACC,I374R,1,1
-0.7381,0.04695,AACGGTACTTTAGCCC,A69M,1,1
-0.7381,0.01454,TACCAATAATCCTACA,I160K,1,1
-0.7382,0.006472,ATATAACCTTAAGTCC,K207R E410K,2,2
-0.7382,0.03822,GTTCTGCAGAGTAAAA,K411V,1,1
-0.7382,0.00934,CGTAACCCCTAGTTAT,D104L,1,1
-0.7385,0.01192,GCATAATATACTAAGA,,0,0
-0.7385,0.002558,AGAAACACCCTAACCA,K238D,1,1
-0.7385,0.003232,TGAAAAGAACAGGCAA,I282A,1,1
-0.7385,0.01068,TTATTAAGTAGAAGGG,S156V,1,1
-0.7386,0.01537,ATGATATATATAGTCT,G352Y,1,1
-0.7387,0.01183,GGACCAGTATTCTCAT,G62D,1,1
-0.7389,0.04571,AACTACATAATTCAGA,K397N,1,1
-0.7389,0.04571,CGACATGCAAACAACG,S442V N498M,2,2
-0.7389,0.08228,AATTAATACGAAGTTT,,0,0
-0.7389,0.1371,GCAGACGCCCCTAATT,K121W,1,1
-0.7393,0.02387,ACCTTTAATCTTTATC,S9W,1,1
-0.7393,0.01229,CTAAGCAATACTACAA,,0,0
-0.7393,0.009863,CCAATATCCATAGAAA,N158D,1,1
-0.7394,0.03108,AAATACATGCATAGCA,K276C K452R,2,2
-0.7395,0.03661,TACATGTATCAGATCA,,0,0
-0.7396,0.02113,AAAAAATTTTGCCGAA,N53R,1,1
-0.7396,0.01485,CATCACTACTATCTTT,N53L S143N,2,2
-0.7397,0.016,ACAAAGAAAAACTCAA,T128P,1,1
-0.7398,0.01374,AGGGATTATATTTCAG,E432L,1,1
-0.7398,0.05684,ATAATCAGTGGAATCC,P221M,1,1
-0.7399,0.03053,CATATGGAATAACATA,V347N,1,1
-0.7399,0.01585,TCTCAGACATTAGGGC,,0,0
-0.74,0.004446,AGTCGCCAAATGATTT,I300W,1,1
-0.74,0.009644,AAACCTTTTAACATTG,,0,0
-0.74,0.01718,TTCACTTTCAACGTAA,,0,0
-0.74,0.004241,CTGACTAGCACCAACA,L59E E401Q,2,2
-0.7401,0.006249,GTTATATTTAATTCCT,K292R,1,1
-0.7401,0.007709,TACTATAAAGATAACA,V213I,1,1
-0.7403,0.04342,AGATCCACTAAACAAT,,0,0
-0.7403,0.003341,CTTGAAAGTAATACTA,R229I,1,1
-0.7403,0.04342,GTATACATAAACAAAA,N45I,1,1
-0.7403,0.01447,AAAGTATTATAGCGAC,D101T,1,1
-0.7403,0.004702,GATACAGCTGCAGATC,E401T,1,1
-0.7403,0.03,CCAGTAAATTGGCTAT,D101Y,1,1
-0.7405,0.02038,GACCTGAGTCAAACCT,Q80I,1,1
-0.7406,0.01543,GTGCATAATGGACTGT,T12M,1,1
-0.7407,0.01039,GTTAAAATTTCATGAT,I260W,1,1
-0.7407,0.002387,TAGAGTTCAGTCACGA,D77S G386E,2,3
-0.7408,0.02949,ATACCGATTTTTTATT,T65H N382R,2,2
-0.7408,0.02949,ATGGATAGGGTAGACC,K292Y,1,1
-0.7409,0.02014,TTCACTTAAAAACGAC,,0,0
-0.741,0.1271,ACGCACCATTGAAATT,F174S,1,1
-0.741,0.1271,CCGAGAGTGTATAAGT,D7C,1,1
-0.741,0.01087,CTTACTGCTTTCAAAT,S46Q,1,1
-0.741,0.01652,AATGCGTTTCAAGGCT,S199D,1,1
-0.7413,0.002633,ATACGACATTTCAACA,S144R,1,1
-0.7413,0.07515,TCTTATTAAATGACAA,P221I K472F,2,2
-0.7415,0.01969,TAAAAGCTTATGAAGG,I48T G62Q,2,2
-0.7415,0.05335,TAAGACATGAAAATAT,P162R,1,1
-0.7415,0.01621,AATAAAAGCATCATAT,Q210N,1,1
-0.7416,0.03376,CAAATATAAAATATGC,N159L,1,2
-0.7417,0.02852,AAGAGACCAGAAGTGG,,0,0
-0.7417,0.02852,GCAAAAGACTACTGAA,V323Q,1,1
-0.7417,0.02177,AATCATGTACGAAGTA,W234S,1,1
-0.7418,0.01606,TAGCATTACACCCCGA,S114G D408V,2,2
-0.7418,0.007227,CTGGCAATAGGTATAG,S231W,1,1
-0.742,0.01592,AAGGTCTATACAAACT,,0,0
-0.742,0.01592,TCGATCAAATAACCAA,,0,0
-0.7422,0.04039,ACATTAAAATCCCTTA,,0,0
-0.7422,0.04039,GTGATTAACCAACAAG,,0,0
-0.7423,0.01904,CCAAGTTAGAATCAAT,A372E,1,1
-0.7424,0.00767,AACCACGACTATCGAT,S422G,1,1
-0.7425,0.02761,CAGTCCATCCTAATCA,Q1Y,1,1
-0.7425,0.02761,GACATCGAATACAATG,A19C,1,1
-0.7426,0.003058,CTAATTCCGTTCACCT,T65K,1,2
-0.7427,0.008679,CATGGTAGACTCCCTA,S199V,1,1
-0.7428,0.03947,AAAGATAAACGTTCTA,S205A,1,1
-0.7428,0.1184,AGACACCATGCCACTA,S199T,1,1
-0.7429,0.01219,TAGGAAAATTCTAGTA,P273M,1,1
-0.743,0.05025,ATCTAAACGAATTGTG,,0,0
-0.7431,0.0319,CTAAGCCATAGTTAAA,T65W,1,1
-0.7431,0.02336,GAATTGACACAGTCAT,,0,0
-0.7433,0.03859,AGATACGGCCAGACAT,R354Q,1,1
-0.7433,0.009376,TTACCCTTCTTCGATC,E410K,1,1
-0.7435,0.03132,ATTGAAGATTCAATGT,S209Q,1,1
-0.7435,0.008831,AGCCAATAACAAATGA,,0,0
-0.7436,0.02636,GCATCCCTAATCAAAT,G78D,1,1
-0.7437,0.04884,AGCCTCCCCGCCCAGA,L431F,1,1
-0.7437,0.02275,ATATCACAGCTTATGC,F125Y,1,1
-0.7438,0.03775,GACGGACTCCCAGCAC,L157H,1,1
-0.744,0.02596,TCCTGGAAAATCGGAC,,0,0
-0.744,0.007839,ATATCAAATTGAGCGG,,0,0
-0.744,0.02246,TTTTCCAAAGCTGATG,A93N,1,1
-0.7442,0.0124,CAGCTGACATAAAGAC,K310T D375N,2,2
-0.7442,0.01154,ATGTCACAACTGATCC,H184N G404V,2,2
-0.7443,0.03695,ACAGTAAGATTCATAT,,0,0
-0.7443,0.03695,CAAGCGTTCCCCGGAA,D188K,1,1
-0.7443,0.0665,AAACATTGTCAGAATA,T167N,1,1
-0.7443,0.03023,AACACAAAACACAACA,Y412E,1,1
-0.7443,0.03023,AACCGAGAAATAATAA,H18Y,1,2
-0.7443,0.02558,GAATAAAGTAGACCGG,M268L,1,1
-0.7446,0.01569,TCACTTTAAAAAACGA,,0,0
-0.7447,0.0131,GATGTTGTGCGCACTG,T485S,1,1
-0.7447,0.02971,ACCTGATTCAGATTAC,,0,0
-0.7448,0.01124,CGTATTAGCACCACAT,Q191E,1,1
-0.7448,0.01206,AGAAGAATAACTCTAA,D408W,1,1
-0.7448,0.007565,TTATAAAAAACATCTA,S115R,1,1
-0.7449,0.01913,AAATACATCTATGAAC,E457S,1,1
-0.7449,0.01117,GTTAAATTCCGAAGGA,S378N,1,1
-0.745,0.02485,ACTTAATACCGTATCC,,0,0
-0.745,0.01041,AGAGCACAAAGTATCC,D225W,1,1
-0.7451,0.01399,GTTTCGTTGAAACAAT,P103A,1,2
-0.7451,0.01892,AATATTCTTAAACCAA,,0,0
-0.7452,0.007117,AACAGTGTAATACAAC,G263R,1,1
-0.7452,0.06405,CGCAGGTGTACAAGAT,,0,0
-0.7453,0.007088,ACTTGTAGATAATAAG,V166K,1,1
-0.7453,0.006014,TGAGCCTGGTAACTGG,,0,0
-0.7453,0.01872,CATTGACTTAAGAATA,,0,1
-0.7454,0.01173,TTATACATCTAGTGGT,P273N,1,1
-0.7455,0.02873,GTAAGAAGACAACACC,N63L S442N,2,4
-0.7456,0.01165,AACGAACTATTATAAG,L111R,1,1
-0.7456,0.02415,AGCCCTTAGAAAGAAT,G49H,1,1
-0.7457,0.009472,TTCAGTCTCCCTATAA,G200T D271N,2,2
-0.7457,0.1042,GTAACAGTGACATACT,,0,0
-0.7458,0.01244,ACATAAATTATGAGTT,G62T,1,1
-0.746,0.06177,TATCTTATAATAAAAA,Y161T,1,1
-0.746,0.01813,TGTACACCCAAGACCT,E396D E449D,2,4
-0.7462,0.03405,AATATAGAATATAACC,R208V,1,1
-0.7465,0.004954,TACAACAGTCGATTTT,N158W,1,1
-0.7465,0.003248,ATTAAATGACCTTTAT,R229L,1,1
-0.7465,0.02011,CCCTGAAAGATGATGC,,0,0
-0.7465,0.02737,ACATCATCCCCTTCGA,,0,1
-0.7466,0.03339,CCCAGCACAAAACGAT,D188G,1,1
-0.7466,0.04281,TATAACATAATCAAAC,,0,0
-0.7468,0.01415,TTTGTAGAATCTTATA,S266E V323L,2,2
-0.7469,0.02694,AGACCATAATGAAGCA,P289S,1,1
-0.7471,0.003808,ACTTAGCTCTCCTGCA,Q363A,1,1
-0.7471,0.04178,TTTCAAAAAAAGTATC,,0,0
-0.7472,0.02653,ACACCACAAAGCAGGC,D85A,1,1
-0.7472,0.02653,ATACAAATTGCCACTT,,0,0
-0.7473,0.03215,TTTTAAATTACTGAGG,Y161Q,1,1
-0.7475,0.02613,CATAATGGTGATAGGG,F467V,1,1
-0.7475,0.009897,AGTGAAATTCGAACGC,,0,0
-0.7476,0.0408,CAGTAACATAATACAA,Q173R R299S,2,2
-0.7477,0.009192,CCGCTCATAAATTACA,,0,0
-0.7477,0.03157,AAGATCCTTAGAGTTT,M168Y,1,1
-0.7478,0.02574,CCGACACAGTATTGTC,K472E,1,1
-0.7478,0.004226,TGAATCAAATGGTACC,T451A,1,1
-0.7479,0.0188,TGGTTAAATACTCGCA,,0,0
-0.7481,0.0558,AGGACCGCAAACGCTT,V204M,1,1
-0.7481,0.0558,ATCCATATTAATAAAT,K207V,1,1
-0.7481,0.0558,GCCACCTTTTCTTAAA,T135G Q327I,2,2
-0.7481,0.03986,AGCCAGCAGTAATACT,S54R,1,1
-0.7481,0.09301,ACCCTGATGTATAGAT,S46H,1,1
-0.7482,0.01319,TATTCGCCTTAACCCA,N296H,1,1
-0.7482,0.0079,GTTAACACTAAACTAG,,0,0
-0.7483,0.0212,ACTAATATACTAAATC,M168F,1,1
-0.7484,0.003765,GACTTTCCAAACACAA,K189S,1,2
-0.7484,0.01444,TGAACCGACAAAATGA,S279P,1,1
-0.7485,0.01821,TTATTATGAATAGAAA,E457A,1,1
-0.7485,0.03897,TAACAAGAACAAAAAA,N22L Q327T,2,2
-0.7485,0.02095,TTAAATTTGCAAGGTA,K472C,1,1
-0.7485,0.003835,TAGTCACTTACACTCG,L71V,1,1
-0.7486,0.01596,GTAACTTAACTTCCAC,,0,0
-0.7487,0.05406,ACCCACAACTGCAAGA,,0,0
-0.7487,0.01802,GTCAAATAATACTGTA,D7Y,1,1
-0.7487,0.01172,GCTAGAGGTAAACTGA,,0,0
-0.7487,0.02993,AGTGAAAATCATATAT,,0,0
-0.749,0.01157,GGCCCGACATCGCTAA,A11V,1,1
-0.749,0.02045,TATTTTCATTCCAAGC,L151V,1,1
-0.7491,0.08827,TTCTGCAAACCGGTTA,E35W,1,1
-0.7492,0.009754,TGACCGGGAACTTAGA,,0,0
-0.7492,0.02021,ACCAAGATCCAAAAAA,D375L,1,2
-0.7492,0.05243,TTGGCTATTAATGACC,D68S P162R Q197G,3,4
-0.7493,0.01375,GGAATCTGAAGATTGC,,0,0
-0.7493,0.03729,TGATAACAAATGACTT,F332M,1,1
-0.7494,0.02893,TCGAATCAACTCAACT,,0,0
-0.7497,0.0365,AAACTTATACTACCTT,A196Q,1,1
-0.7497,0.008793,AAATTATACAAAAATT,K411Y,1,1
-0.7498,0.005402,AGTTGCCCTAAACGAC,S107G,1,1
-0.7499,0.01487,TAGACTCAAAATTAAG,,0,0
-0.7499,0.028,ATAAACTCCTTATTAA,S146W,1,1
-0.7499,0.028,GAAACAAAGAGATAAA,I230V,1,1
-0.7502,0.005079,GATGCCAACTTTTCAT,N22C,1,1
-0.7502,0.01184,AATCACAATAGAGAAA,A196H,1,1
-0.7502,0.007093,GAGAGGGTATAAAAGT,N63P,1,1
-0.7502,0.02756,GGACCCAGCTATACAT,N483H,1,1
-0.7503,0.005758,GGTTATCCTCTACAAA,D32R,1,1
-0.7503,0.04944,CACGGAAAACCTCTAA,,0,0
-0.7504,0.01889,TTCATTTTCCTATGAA,,0,0
-0.7506,0.01051,ATCCTATGAGATCCCA,Q211C,1,1
-0.7507,0.04807,TTTAGATATTTACATT,I29P,1,1
-0.7507,0.01849,GTATAGAAAAAAATTA,T416E,1,1
-0.751,0.006078,GTCACCAAATGGGCGC,Q356A,1,1
-0.751,0.01391,GATTAAATCCTCTGAA,A476K,1,1
-0.7511,0.03367,TTAAAAAATTACAGAA,K82C,1,2
-0.7512,0.01115,CCTTGCACCCAATATC,K397L,1,1
-0.7512,0.01229,AAAACATCCCCTTGGT,I67L,1,1
-0.7512,0.02591,GCCCATTATCACATAA,S145M,1,1
-0.7512,0.02591,TCCAAGTCTCACGAAC,K259C,1,1
-0.7516,0.01204,CATATAATTCCCCGCT,T135F R261Q N285M,3,3
-0.7519,0.00457,CAACATATGACATGGA,A93F,1,1
-0.752,0.008923,ATATTATCCCATGTTA,V490E,1,1
-0.752,0.01171,TTAACAATCACCCCAT,,0,0
-0.7522,0.07334,TCCAAAAATGTTATAC,S231N I236V,2,3
-0.7523,0.03124,GTCAACTAAGAGGCCA,N53P,1,1
-0.7524,0.01671,AACATAAATCTACCAT,,0,0
-0.7526,0.02378,GCTCACCTCGCGCCTC,,0,0
-0.7528,0.02346,ACTTCTAACTCGGCAA,D438K,1,1
-0.7528,0.02346,ATCAGTCTGTATTAAG,H18A,1,1
-0.7528,0.07037,TTACCGTTAATGAATC,S199T,1,1
-0.7531,0.0109,ATGTATCATAGTGCCT,D225V,1,2
-0.7531,0.01878,AGCAGCGAACAGAAAT,A212T,1,1
-0.7533,0.01565,GAACGGTGACAGCAAA,K453H,1,2
-0.7534,0.06762,AAGGCTACCACACAAT,,0,0
-0.7534,0.01063,AATAAATACAGTGAAC,,0,0
-0.7534,0.007482,TGAAACAAATATAACA,,0,0
-0.7536,0.01332,ATAGTAAGTGAATTCT,S312N,1,1
-0.7537,0.02197,ACCATCCAATAGATAA,V213N,1,1
-0.7543,0.001208,ACCACTACCAAGTAAA,N22W,1,1
-0.7544,0.02091,GAAAGTAAACTGGATA,K189Q,1,1
-0.7544,0.02091,TAACACCAATCATTAA,,0,0
-0.7544,0.06273,ACTAGTAGTAAGCCTC,N122H,1,2
-0.7544,0.007496,AGCTAAATGAAAAAAA,S279W,1,1
-0.7545,0.01246,ATCACAGCAAATAACA,L431W,1,1
-0.7546,0.02648,TATAGATACAATTGAA,R405W,1,1
-0.7548,0.06054,ACGATATAATAAAGAC,S358A,1,1
-0.7548,0.02018,ATTTAATAACGTTCTG,S96R K292F,2,3
-0.755,0.01194,ACAGTACACCCACCTA,P239G,1,1
-0.7551,0.02532,GGGGCCAACATTGGAC,R109A,1,1
-0.7552,0.03534,CAATTTAGACATTTAG,S219P Q454Y,2,2
-0.7554,0.01928,ACTGCGACACCCCTGA,A364T,1,1
-0.7554,0.03463,TTGATCATAATCTACA,,0,0
-0.7555,0.01907,GCTTGTCATCTAATAA,,0,0
-0.7555,0.01907,TAGAATAATGCCATAT,G129V,1,1
-0.7557,0.03396,TACCCTGAGATATTCA,T128K,1,1
-0.7557,0.02425,TCAAAAGATTCACAGC,Q75V,1,1
-0.7557,0.05659,AATTAATTAGGTACAA,P289C,1,1
-0.7558,0.0153,AAAACCCAAACATACA,S358C,1,1
-0.7559,0.003693,TCCAAGACCTAAGTCG,,0,0
-0.7559,0.009763,AAGCGATTGAACGTAA,K315F,1,1
-0.756,0.02359,CAAACAACACAAAGAA,,0,0
-0.756,0.0548,TCCATCTTGACAGATA,L367I,1,1
-0.7563,0.03207,AACTAAGGGACATAAG,P4S,1,1
-0.7563,0.03207,ACTACGATGCGTTTCG,R482Q,1,1
-0.7564,0.00694,CTTAACCGCCATCAAA,,0,0
-0.7564,0.05313,ATGTTACTGACGTTAT,A196D,1,1
-0.7564,0.05313,CTTTAAAAAAGTATAC,P227H,1,1
-0.7564,0.01063,TGTATCCACAAATTTT,,0,0
-0.7566,0.01735,CAGTTCAATAGATGTT,K171F,1,1
-0.7566,0.008217,TATATTACATGAGATA,,0,0
-0.7567,0.03093,ACCCTGAATACAGTAA,E449F,1,1
-0.7567,0.01718,ATTGCCAACTTTAAGC,Q132D,1,1
-0.7567,0.009097,GCAATACCCTTTACTA,P289M,1,1
-0.7567,0.01718,GTCAAATTGGCAAAAC,G5V L59W,2,2
-0.7567,0.01718,TACCAAATACAACGGG,,0,0
-0.7569,0.01013,CATGATTCTCGAAATA,Q501L,1,1
-0.7569,0.03039,GACCTGTTGACCGATG,Q57W,1,1
-0.757,0.05006,AGTAACAATCGCGCCA,G49D,1,1
-0.7571,0.02986,TAATCTAAGTTTCTGG,S358G,1,1
-0.7573,0.04865,GATTATCGCTTTGCAA,T128A,1,1
-0.7574,0.02887,CTAAAAATACCCCCAA,,0,0
-0.7575,0.01106,TAACTGCACAGGCCCC,N122W,1,1
-0.7579,0.007195,ATCAACTTGGCTTGCT,T313Q,1,1
-0.758,0.005431,TTTAGAATTTGACTCA,E484C,1,1
-0.7581,0.04488,AATAGAATACAAGGCG,,0,0
-0.7581,0.04488,CATCTGATAAGTATCT,,0,0
-0.7581,0.01218,CTAAGCCGTGGTGGAA,E35P,1,1
-0.7582,0.01021,ACGTCCCAGAAAGAGA,G404F,1,1
-0.7583,0.01458,AACTATTTTACTATTA,E449W,1,1
-0.7583,0.02625,CATAAGTACACCATGC,D7G K140L,2,2
-0.7583,0.1312,CATTAAGAATGAACAC,V20N,1,1
-0.7583,0.02625,TCGAAGAAGGCGATTG,S422C,1,1
-0.7583,0.1312,TGGCCGACAGAAAGGT,T451I,1,1
-0.7585,0.003315,TGACTAAACTCACCTA,I160P,1,1
-0.7585,0.009866,ATTCAGTACGACCAGA,D7R,1,1
-0.7586,0.02548,ATTCATATACATCATC,G479H,1,1
-0.7587,0.0028,AGAATCTCTAGCTTTT,I214C,1,1
-0.7587,0.01138,TCACTTAAAGTTTAAC,V102L,1,1
-0.7588,0.04165,TAATCTTGAATCAAAG,E325N,1,1
-0.7588,0.007329,CCCCCAATTGTGAAGA,N53M,1,1
-0.7588,0.02475,GTAGATAAGTGTAAAA,Q363F,1,1
-0.759,0.0244,TAAACAAATGCGGAAA,Q57I,1,1
-0.7594,0.0231,CTACTTCGTGACATAA,F195T,1,1
-0.7594,0.004609,TACGAGGAGCGGGGCA,,0,0
-0.7595,0.114,AAACACTGAATGATAA,Q197M,1,1
-0.7595,0.114,AACCTGATGTACGGTC,A304E,1,1
-0.7595,0.114,AGGTGCAATCTCTTGA,,0,0
-0.7595,0.114,CCATATTCCAATAATC,R456Q,1,1
-0.7595,0.038,CCGTAAGAGTCGTAGA,I3W,1,1
-0.7595,0.038,TTACAAATCTTACATA,,0,0
-0.7596,0.004887,GATAAGAATAGAGAAT,R255N,1,1
-0.76,0.107,ATGAAAAGTCTCACGC,D225R,1,1
-0.7601,0.0118,AATCAGATCATTAATT,E494D,1,1
-0.7603,0.01464,GAGCTAACCCACACTA,N8S,1,2
-0.7604,0.01451,TAGCCGATTAGACTAA,,0,1
-0.7604,0.03358,TCACGCAAACCTATGA,E172D V406L,2,2
-0.7605,0.005867,ACTAACTCCCTCAGAC,,0,0
-0.7606,0.03294,ATATAGATATAGGCAA,,0,0
-0.7606,0.01098,CAACTTTATAATTGAC,P103C,1,1
-0.7607,0.01382,ATTGCGATTTGTCAAT,N497V,1,1
-0.7608,0.01904,TGAGTACAACGTAAGG,,0,0
-0.7608,0.03174,AGAATGCTCGATTCTA,I418C,1,1
-0.7608,0.03174,GACACACTCACATAGA,T440M,1,1
-0.7608,0.0136,TAATGTAAGAAATCAT,S231L,1,1
-0.7612,0.09026,AAACAGAGACCAATTA,,0,0
-0.7612,0.09026,ACACAAGTGAGACATA,N296Q N475D,2,2
-0.7612,0.0021,ATAAAAATTTGCCCAT,I300A,1,1
-0.7616,0.02814,TAAATTCAAAAAGCCA,,0,0
-0.7617,0.02769,ACCATAATTTGGGCCG,,0,0
-0.762,0.003735,TCTAACCTCAAAATCC,D348F,1,1
-0.762,0.02602,CATTTAACACAGCATA,,0,0
-0.762,0.07807,TGTTTCAGCTGCTGCC,S137A,1,1
-0.7622,0.01507,TGACGCTGTAGTCTGG,E449M,1,1
-0.7622,0.07471,GAATGTCATCTCTGAT,T203K,1,1
-0.7622,0.07471,GATCCCTATAGCCCGG,Q44H,1,1
-0.7624,0.004856,CTACGTGAATACTTGC,K368Q,1,1
-0.7625,0.02388,TGAAGAATGGGGTACT,L71V,1,1
-0.7625,0.01433,TTTAAACGAACACTTT,D77Q,1,1
-0.7625,0.01421,TGAAAAATAAACTTTA,,0,0
-0.7625,0.01409,ATACTCAACCCATTTA,M462I,1,1
-0.7627,0.06878,AGTGCGAGATACAGCG,V166R,1,1
-0.7627,0.06878,ATCCTATCTTGGAACG,T203G,1,1
-0.7627,0.06878,GGTACATACAAATTGA,,0,1
-0.7628,0.007479,GTCCTCGGAAAATAGA,,0,0
-0.7628,0.06616,CACCGCAAAACGGGAA,,0,0
-0.763,0.02124,CATAATTGAAATTAAG,S137F,1,1
-0.763,0.01265,GACTTAACCACACAAT,D32C,1,1
-0.7631,0.02074,GGAAGAATATAGTAGG,L431M,1,1
-0.7632,0.06147,ACCGAAATACGCTAAT,,0,0
-0.7632,0.02049,CCTATCACGTACTATC,,0,0
-0.7633,0.05937,ATAAACCGCAGGCCTC,K452G,1,1
-0.7634,0.004485,TACTCAACACCTAAGC,L431V,1,1
-0.7634,0.0574,GCATAATTGCAAAAGT,N296A,1,1
-0.7635,0.008163,TCCACTAACAGATAAC,L428I,1,1
-0.7636,0.05556,GTTCATAAATCAGAAT,S95V,1,1
-0.7637,0.05384,GACAAACTAACGACTA,I242M,1,1
-0.7637,0.005942,AATACAGGAGTATGGT,N133W,1,1
-0.7638,0.01758,ACTCGGGAATCAAACA,,0,0
-0.7638,0.05222,ACCACTTAACAAACAA,Y100V,1,1
-0.7638,0.05222,GGCGTTCCGAATCAGC,R255N,1,1
-0.7638,0.01723,TTAACAGACCCAATCC,L496F,1,1
-0.7639,0.05069,TGTCCATATCGACAAA,Q295E,1,1
-0.764,0.04925,ACAGAAAACCTGAAAT,K27T,1,1
-0.7641,0.009633,AACAAATAGAAACAGC,,0,0
-0.7641,0.04789,TTAATCGATTACAACG,G404C,1,1
-0.7642,0.009423,GAAGCTATCGTCCATG,F448H,1,1
-0.7642,0.01554,ATCGTTATACTCATGT,R482H,1,1
-0.7642,0.04661,CTACTTTTGCCTCAAA,,0,0
-0.7643,0.04539,CGAACATAATCTTATC,P289Q,1,1
-0.7643,0.015,ACAGTTTGACATAAAA,,0,1
-0.7643,0.015,GCATGTCTCCTGGGAA,S247T,1,1
-0.7644,0.04423,CAACACGTTAAAAGAT,R269G,1,1
-0.7644,0.01474,GCTGCATCCTTTCCAA,K131A,1,1
-0.7646,0.04014,CCAAACCGCAAGTATT,,0,0
-0.7647,0.03923,ATTATATGAAGTAAAC,R222Q,1,1
-0.7647,0.03923,TCACGATCCAATGATG,,0,0
-0.7648,0.01251,TAGGGGTCAAGATACC,,0,0
-0.765,0.01175,CAGAAACAATCTAATT,K315R,1,1
-0.7651,0.03387,AGATCATATAACAGGA,N63A,1,1
-0.7651,0.03322,CATAAAATGCATCAAT,D474N,1,1
-0.7651,0.03322,CTCGAAAGAAATTAAT,D175M,1,1
-0.7652,0.03259,TCTCATGTGCCAGCGT,,0,0
-0.7653,0.03141,ACTATTTTTCTACGCC,G263R,1,1
-0.7653,0.03032,CTATTTAAAGCGAGAC,F87Y,1,1
-0.7653,0.03032,GTCTAGCAAAACAAAA,L428M,1,1
-0.7654,0.02979,AATATTTCCCTGCAAT,,0,0
-0.7654,0.004145,CCGAGACGAAAAGCTT,I437L,1,1
-0.7654,0.0288,ACCACACCTGAAACCA,P4Y T203N,2,2
-0.7656,0.02701,GACACACGGCATAGTA,T440C,1,1
-0.7656,0.008777,CCTTATCTGAATCCTA,,0,1
-0.7657,0.02543,CCAAGCGATCTAATAT,S124F N285A,2,2
-0.7658,0.02369,GTTATATAGCCAAATA,K310V,1,1
-0.766,0.006866,AAAGTGATAATACACC,S219R,1,1
-0.766,0.01989,AACAATGACCTACAAA,,0,0
-0.7662,0.01822,ATCAAGCTAAAATAGT,,0,0
-0.7662,0.01784,TATCGTTTAACTTAAC,I267H,1,1
-0.7664,0.0148,TTAACGAACTGTACTT,S145K,1,1
-0.7664,0.01467,CTTGTATAATAATTCG,M462C,1,1
-0.7664,0.01431,TAAAGTTTCAACATTC,S145N S279M,2,2
-0.7666,0.01203,TCTCAACCCCCTAATT,,0,0
-0.7666,0.0114,AATAATAAACCCACCC,,0,0
-0.7666,0.0114,GTTTCCACTTCACACA,N6S S358D,2,2
-0.7669,0.002615,ACTCTCTGGAGACCTT,,0,1
-0.7671,0.00426,TATGCCTTAAACGGTT,P273E,1,1
-0.7677,0.003757,CTTTTCGATCAGTAAA,D461Q,1,1
-0.7679,0.006756,ACCAACATATGATTCT,,0,0
-0.768,0.008114,GGAAGATACCTTAGCC,,0,1
-0.7682,0.01092,ATAAAAAAGATTAATA,W153R E457*,2,2
-0.7682,0.01158,CACATGCTAACATTTT,T128D,1,1
-0.7682,0.01166,AACAAAAAATCCTCCG,N31T,1,1
-0.7683,0.01326,ACATTACAGCAATGCA,D188I,1,1
-0.7684,0.01379,GGACACAGCAATGTAC,K50H,1,1
-0.7684,0.01448,GATTACTTTACAATCT,R299P,1,1
-0.7685,0.01566,ACTCACTGATTGTGTA,Y423W,1,1
-0.7687,0.01792,TAAAGGACAGAAATTG,K397A,1,1
-0.7687,0.006255,ACACTCGTACAACACA,G263V,1,1
-0.7688,0.01911,CCAAAGTCCAACATAT,S358L N498T,2,2
-0.7688,0.01999,CAGGACACCTAATTCC,,0,0
-0.7688,0.02022,GACACTGGCAGACTAA,G404Y,1,1
-0.7688,0.02046,ACGCCTAAAATGTCAC,P221T,1,1
-0.7689,0.02121,GCGCATCGCGCAATAA,,0,0
-0.769,0.003277,AAGCAATACATAATGG,H355Y,1,2
-0.769,0.02319,TTAATTCGATGAACAG,Q454C,1,1
-0.7691,0.02416,ACACAGATTAAATCAC,,0,0
-0.7692,0.02486,AAATCTCGTAGACTAA,,0,1
-0.7692,0.02486,ATGAAACATCTCGAGA,,0,0
-0.7692,0.02522,CTAATCACATAAATAG,K292W,1,1
-0.7692,0.008573,TATGGTAGGTAACCTA,Q164N,1,1
-0.7692,0.02597,ATAAGAACGTTCTCAC,K411G,1,1
-0.7693,0.02763,ACATATTTATACACAA,V204L,1,1
-0.7694,0.02901,GCAATACAATCGATAG,G129K,1,1
-0.7695,0.02951,ATAAAAATGAACGCAA,,0,0
-0.7695,0.02951,CTAGTCTCACGACTGC,,0,0
-0.7695,0.009837,TACAAGTAATACCAAT,L251Y,1,1
-0.7695,0.00611,ACATAACACTTTCACG,G404V,1,1
-0.7695,0.03055,TATAACAATCTACAAA,N497F,1,1
-0.7696,0.006242,TGTGAGAAAACCCTGT,Q75N,1,1
-0.7696,0.002433,GACCTTCAAAGACCGA,,0,0
-0.7696,0.03166,CCTATCCGCCCGTACC,I48N,1,1
-0.7697,0.03225,CTTCTAGTTCAATACC,,0,0
-0.7697,0.03225,GCAGTGATGATTCTTA,V26I V297L,2,2
-0.7698,0.03484,TAACATTCCGACCGAA,K292Y,1,1
-0.7699,0.03556,CCGTTAATAAAATTAA,A196V,1,1
-0.7699,0.01202,ACTTAAGCAATGAGCA,Q210F Q501N,2,3
-0.7699,0.0363,AAAACACTTGCATAAT,A373T,1,1
-0.77,0.01227,TATTCATTATGTAGTC,I160E H393W,2,2
-0.7701,0.03789,ACTTGTCTAATCGGGT,,0,1
-0.7701,0.03789,CATTAAACTTCGCGAC,N53K,1,1
-0.7701,0.01263,CGCCACATAATTAAAA,K171P,1,1
-0.7701,0.03789,GCTACCCGCTCCAAAG,,0,0
-0.7701,0.03873,CATACAAGTGAGCCAT,R92W T318I,2,2
-0.7702,0.03962,CTCGTGACTAAAATAA,N122S,1,1
-0.7704,0.04253,AATCGAGGCTTTTAAT,,0,0
-0.7705,0.006414,CCACCATCACTAGGGA,,0,0
-0.7707,0.00666,AAATTGGAACAATACG,,0,0
-0.7707,0.00432,CGGCAGGCAGAAAGAT,I214M,1,1
-0.7708,0.003706,CGAGACAAAACCCAAA,,0,0
-0.7709,0.01678,CCATGGAATCCATCAC,Q57R,1,1
-0.771,0.005706,AAGAATACACCACTTT,,0,0
-0.7711,0.01764,AATCGGGTAAAGGATA,S46Q G379S,2,2
-0.7712,0.018,AAAGATTCTATAATAC,N483A,1,1
-0.7712,0.05457,TCTACACGTGCACACT,T12C A69H,2,3
-0.7714,0.005216,GGGCATTTCATATGCT,,0,0
-0.7715,0.008483,TGAGACATAACAAAAT,K368W,1,1
-0.7718,0.02106,TCAATTTTCATGGCAA,V223K,1,1
-0.7719,0.005849,CGCTTAAGATGCACAT,E325W,1,1
-0.7719,0.06476,CATACCCAAAATGGAT,,0,0
-0.772,0.02186,CTAACACCGAAATACC,Q371S,1,1
-0.7721,0.009611,AAGACAAAATTTCGGA,L15I,1,1
-0.7721,0.06727,CGTAAAATAAACGGTT,A334L,1,1
-0.7721,0.06727,GCCAATACGGCAAAAT,L15T,1,1
-0.7722,0.02272,AAACAAATCGCAAGTA,S9F G275Y,2,2
-0.7722,0.02272,CAAAGCAGATTAACAG,,0,0
-0.7722,0.004032,GATTAGATCTGCGACA,I3L,1,1
-0.7723,0.02333,GAACAACCACCGCCGC,E325G,1,1
-0.7723,0.06999,GTTTTCTTCCAAATTT,,0,0
-0.7723,0.06999,TGTGGCTGAAGTCGAG,D225Q,1,1
-0.7723,0.01411,CCTCTCTTACCAAACA,V213M,1,1
-0.7723,0.01411,TTATGGAGATAGCATT,F174T,1,1
-0.7725,0.07293,CTCTTAATCCATAAAC,,0,0
-0.7725,0.02431,TAAGCTACGAAAATAC,T187G,1,1
-0.7726,0.02501,CCACATAATCAAATCC,N22E Q376F,2,2
-0.7727,0.07613,CAATAAGGCTTATCAG,G379Y,1,2
-0.7727,0.07613,GGCCAAAAAGGTCCGA,G142T,1,1
-0.7728,0.01564,CATATTACCACCAGAC,N6F,1,1
-0.7729,0.01578,CATGAGACAAGAACCC,S91D,1,1
-0.7729,0.07963,AACAACACAAGATAAA,D408R,1,1
-0.7729,0.07963,AGCACCCTCTAGACAT,F79I,1,1
-0.773,0.02695,GGTCCGATCGCAGCAA,D408Y,1,1
-0.7731,0.0116,CCCAGGTACATGTTCA,Q407D,1,1
-0.7731,0.01638,ACGTAACTGGTGCATT,S124T,1,1
-0.7732,0.08346,ACCTGCCCGTATACAG,,0,0
-0.7733,0.009374,CTGTACATCCCAATAT,,0,0
-0.7734,0.02874,CATCTTAGGATCACCT,,0,0
-0.7735,0.02923,TAAATTAGTACCAACA,N290D,1,2
-0.7735,0.08767,ACTCTAAATGAATGAT,S149G,1,1
-0.7735,0.08767,ATATCATATTATAAAC,S107F,1,1
-0.7736,0.02973,CTATGGCCCATATACA,S91V,1,1
-0.7737,0.03024,AAAAGCCGTAGAGCTT,I160M,1,1
-0.7737,0.03024,TTTAAACCTGGACTAA,,0,0
-0.7738,0.0102,AGGTTCTCTGAATATT,S262C,1,1
-0.7738,0.09234,AGACATTTCAAAGCGA,D415N,1,1
-0.7738,0.09234,TTGCAACGCAAACAGG,G49I,1,1
-0.7741,0.01382,ATTGTAAATGTCTAAC,Q371N,1,1
-0.7742,0.09754,GTTCGGCTATACGTGG,,0,0
-0.7742,0.09754,TAATAAACCAATTGAT,I300N,1,1
-0.7743,0.01973,TGTATTAAGGTAACAA,E325R,1,1
-0.7744,0.003451,CAAGAGAAACGAGTGA,S279I,1,1
-0.7744,0.006704,GACCGGAGAAATGAAG,,0,0
-0.7749,0.02144,ACTGTGATATTATCTG,L15C,1,1
-0.775,0.1099,AAATAAGTCAGGCATG,,0,0
-0.7751,0.02226,ACTGATCTCCGAAAAT,,0,0
-0.7752,0.03742,CCTTATTTTCACGTTT,K278V,1,1
-0.7753,0.00345,TTCATACCCACTTACC,,0,0
-0.7753,0.01629,AGCCAACCCCAAAACT,S378R,1,1
-0.7753,0.006005,CTGGTGTTAAGTATGT,A93R,1,1
-0.7754,0.03825,CAACCTTTTATCACGC,K278I,1,1
-0.7754,0.03825,GACATCTCACTAGAAA,H18T I245F,2,2
-0.7754,0.03825,TCAATAGTACTGTAAC,T203G,1,1
-0.7755,0.01294,GTAAGGCTGCCTAAAG,K82G,1,1
-0.7756,0.1173,CAATGTTAAATTACAT,I377M,1,1
-0.7756,0.01676,GAATGAGTTGAGCCTT,S378Q,1,1
-0.7756,0.1173,GAGATTTCGTAAACTA,Q454C,1,1
-0.7756,0.007823,ATATATTTAATAATTG,T135V,1,1
-0.7759,0.005813,TATTCACATGTCTACT,K397I,1,1
-0.7761,0.04195,AACAAGTTTTAGATAC,S219M,1,1
-0.7764,0.00678,ATCTCTTAAATTTCCA,S107K,1,1
-0.7764,0.01445,AGTCTACCTGAGATCA,D32I,1,1
-0.7765,0.007733,CCGAGCTGATGGATTA,,0,0
-0.7765,0.003555,CATATAATCTATAATA,S114R S198H,2,2
-0.7767,0.02672,GACGTCATGGGCTCAA,L428H,1,1
-0.7767,0.02672,TAAGACACTAAACCAA,,0,0
-0.7768,0.04523,AAAAAACACTCATTCT,A163V S400I,2,2
-0.7768,0.01508,CTGACATAAATTTGTG,,0,0
-0.777,0.01534,ATACTCTAACATCGAG,N475K,1,1
-0.777,0.0126,GGTAGTTAAAATAGAG,,0,0
-0.7771,0.04644,CAGGATCTTCAGATAA,Q501D,1,1
-0.7772,0.01562,GTCTCCTCGAATCCTA,Y302I,1,1
-0.7773,0.04772,GAGCTGAACTAACAAA,G330W,1,1
-0.7775,0.02895,AAAATTTCTCATTGAA,,0,1
-0.7775,0.02895,CTAATAAAACAGAATA,,0,0
-0.7776,0.1472,ACGATAGAACAAGATT,H184D,1,1
-0.7778,0.006497,CTTAGCGACGACATAC,T328R,1,1
-0.7778,0.007889,CACACAAAACAGTAAA,R208Q Q407W,2,2
-0.7779,0.02155,ACATTTGCTACACGCA,,0,0
-0.7779,0.001974,CTGAGGCAACAATTTT,F174L,1,1
-0.778,0.03048,GGATAACCCATAATTC,S156G,1,1
-0.778,0.00392,ATTTCAGCCCGACACA,S262E Q454Y,2,2
-0.7782,0.00675,GTACTGGGTGAAATAC,K171W V182I,2,2
-0.7782,0.05201,GAAAAGTTTCTAGACA,R354A,1,1
-0.7783,0.01203,CGCTTTATACAATCAT,,0,0
-0.7785,0.00553,CGGTGGAGCAATTATT,S54H,1,1
-0.7786,0.05362,TCGATGCAAAAATATC,I214R,1,1
-0.7786,0.1609,ATATTTTGATTAATAC,R33E,1,2
-0.7786,0.01462,TAGGTAATTTTCCTCA,,0,0
-0.7788,0.00962,TTTGTCAAACTAAATC,,0,0
-0.7788,0.01093,TACACGAGAGGTGACA,N298Y,1,1
-0.7789,0.05533,TGATCTGTAGTTTCAA,R150V,1,1
-0.7789,0.01844,TTCCCTAATCAAACTT,P215S R222E,2,2
-0.779,0.01513,AAAAGCACCTTTAGCA,N497L,1,1
-0.7791,0.009895,TAACTAGAAATACCAA,L154M,1,1
-0.7793,0.05715,GATTGGAGGACTTATG,S124H,1,1
-0.7794,0.01926,CCAATATACCACACTC,S144R,1,1
-0.7797,0.1773,TGACACCTCGACATAA,I418G,1,1
-0.7797,0.03546,AACGGGACTGCACCCA,Q311Y,1,1
-0.7799,0.01642,CCCAAAGGATCACACC,N165H,1,1
-0.7799,0.01642,CTCAGCAAAACCGATT,,0,1
-0.78,0.009537,AAAGATAAATTCTCTA,L420Q,1,1
-0.7801,0.02609,GATATCTAAAACCTTA,,0,0
-0.7801,0.06118,GAGATTACCATCACAA,S114M,1,2
-0.7802,0.03697,CACATACCAATCAAAA,R456G,1,1
-0.7803,0.008068,TCGCTAATACCAGGGA,K2D,1,1
-0.7803,0.0169,ATAATTATCATTATAG,,0,0
-0.7803,0.01431,CGAGAAGCAGGTTTTT,P55M,1,1
-0.7804,0.009863,ATACAATGGAACATAG,,0,0
-0.7804,0.01103,AGAATACACTTTACTA,,0,0
-0.7807,0.02732,GAGAACAAGCCATATC,K326T,1,1
-0.7808,0.00838,GCAGCCTTAAATTCAT,R201T,1,1
-0.7808,0.01759,ATACATAATCTAACGG,N159R,1,1
-0.7809,0.02776,AGCTCATTTTAAACAT,N190I,1,1
-0.7809,0.02167,CTGGCCTTCGTGTCCC,L70T,1,1
-0.7811,0.0395,CAGTGACTATACAGGA,S124P E325I,2,2
-0.7811,0.0079,TAGAACAACACGTAAG,I48V,1,1
-0.7812,0.01814,CTAAATGCCCACCATA,,0,0
-0.7813,0.02222,ACCTCGGACTAAGGTC,R482K,1,1
-0.7816,0.01078,TATAGCTATTTAGGAT,,0,0
-0.7816,0.002594,CAGATGATACAAATGC,S287T,1,1
-0.7816,0.009776,CCAGCTTTCTATCGCC,V213N,1,1
-0.7816,0.06842,TAGACGAAACTGAAAA,I232V N464Q,2,2
-0.7818,0.04138,CAGCGAATTAACCAAC,L381H,1,1
-0.7818,0.02966,AGAGGATATCAACGTA,T135R,1,1
-0.7818,0.02966,CCTCTTAAGAGCAGTG,G142D D408N,2,2
-0.7821,0.01113,GGTAATACCAAAAATC,G142V,1,1
-0.7821,0.04239,GCTTACACTTATAGCA,H184Y R321P,2,3
-0.7824,0.001277,CACAAGTCAGAATATA,N152D,1,1
-0.7824,0.008648,CATGATATTTAAAGTA,Q363H,1,1
-0.7824,0.02407,TTAAATGAAAGAATCC,S96R T313S,2,2
-0.7825,0.01142,CTTTAGATGTGTAACA,P324R,1,1
-0.7825,0.04345,GCATTGCACGATAACT,Q356S,1,1
-0.7825,0.04345,GTCTTATTTTAAATAA,N296W,1,1
-0.7825,0.0198,AAAGATCGCCAAAAAG,E426Y,1,1
-0.7825,0.004116,GGAATTTATAAATAAG,F174Y,1,1
-0.7826,0.01681,CGGAAAATTACAAAGA,,0,0
-0.7826,0.03126,TTAATTACCTTTGAAG,L70V,1,1
-0.7827,0.01698,TAGGTACAAATTAGAA,I300T,1,1
-0.7827,0.01698,TATCTAACACGGGTGG,,0,0
-0.7829,0.07428,GAAAAAAAGAGTTAAC,,0,0
-0.7829,0.005454,ATGTATTTCTCAATGT,I214T,1,1
-0.7831,0.01331,GCTCGCGAAAAACAAC,,0,0
-0.7831,0.03243,TAAGGCCCAAAACGTT,S262G,1,1
-0.7833,0.01206,GAAACAGGTTACAACA,V130T,1,1
-0.7833,0.01767,ACCAGCTAATGACCAA,Q407H,1,1
-0.7834,0.005631,GTTGTTAGAAGCAATT,K121I,1,2
-0.7834,0.009248,AATCCAAACCACACTA,A272V K368E F448Y,3,3
-0.7834,0.00593,ATTTACTCTAAAGTAC,,0,0
-0.7834,0.03305,CCCAAAATTAGAGATA,E359A,1,1
-0.7834,0.03305,GGGCATGTGAGGGTAT,N489E,1,1
-0.7835,0.02587,ACAATTGACATAAAAG,,0,0
-0.7837,0.04699,TCTAGATAACCAGAAA,L157K,1,1
-0.7837,0.04699,TTATTTGGATGTGATA,Q376G E443W,2,2
-0.7838,0.02626,ACAATTGTTGCGATGA,Y105D,1,1
-0.7838,0.02626,ACTAAACCATACTTAA,S54R S312I,2,2
-0.7838,0.02152,GCACCAGCGTTCCGAA,S95C G479H,2,2
-0.7839,0.01395,GAAGTCGTATCACAAT,G181A,1,2
-0.784,0.01039,AATAGGGATTATTTAC,I377M,1,1
-0.784,0.02179,GGATCGGGCATATATT,,0,0
-0.784,0.02179,TGGAGGAGTATAAACG,I217K,1,1
-0.7841,0.03436,TGATTCTTAGGCCATA,R220T G379S,2,2
-0.7841,0.04829,CAGATTTAACCGGATC,R383C,1,1
-0.7842,0.01862,ATGAAAAAGTGGTTTT,F174V,1,2
-0.7842,0.02206,CCACCCGGATAAACCC,G62V I242A,2,2
-0.7843,0.02708,AGTCGTAATCCAATGA,S9W,1,1
-0.7844,0.01882,TGAGAAGCCAGCAATA,D487M,1,1
-0.7846,0.007515,ATGTCGTGGTGTAACA,I418L,1,1
-0.7846,0.04968,CCAGAATTACAGCCGA,A304S S422T,2,2
-0.7846,0.04968,GACAGTACAGAGATCC,G240C,1,1
-0.7847,0.02264,CTAGAGTCACCCAAGA,S199Y,1,1
-0.7849,0.01945,CCCATACTCCTTATTC,N45T Q327H,2,2
-0.7856,0.02389,ACTACTTGCGTCAAGT,I48H,1,1
-0.7857,0.0527,AACAAACTAACTCGCT,,0,0
-0.7857,0.0527,GTCCAATGTGGCCAGG,R222K,1,1
-0.7857,0.0527,TAGTGTCCGACGACAT,N382A,1,2
-0.7857,0.02938,GACTTGCCACCGGATG,,0,0
-0.7858,0.009144,TAAAGTTCACCATGTC,K326S,1,1
-0.7858,0.004668,GGTGCCCTAGCCAAGC,,0,0
-0.786,0.02988,CAGGTATTTATTACGA,G504R,1,1
-0.7863,0.01601,TGAGTAAAGACACCGT,G49H,1,1
-0.7863,0.01435,CCCGAGCCTCCTAATT,N165F,1,1
-0.7863,0.004784,CCTAACTACCTAACTT,R383V,1,1
-0.7863,0.03899,AATTGTACCACAGCAA,,0,0
-0.7863,0.03899,GGTCATCATACGTCAA,K2P,1,1
-0.7863,0.03899,TTCGACCATAAGAAAA,Y100I,1,1
-0.7864,0.02111,CCCCAAATGTACTAAC,N8H,1,1
-0.7865,0.008346,AATACTCTAAAAGTCA,T135E,1,1
-0.7866,0.01459,TCCGAAAATCACAATT,E414W,1,1
-0.7867,0.02137,AAATAAGTACAGAACG,R269I,1,1
-0.7867,0.002754,ATGTACTCCGCACCGA,E83L,1,1
-0.7868,0.03989,ACACCAACCGCTTTCT,S312M,1,1
-0.7868,0.05611,ACTCTCTCTGAACCTT,,0,0
-0.7868,0.0187,CTAAAAGAGCAATGTC,S209Q,1,1
-0.7869,0.02163,CTTGTTTTCACAAAAA,D7N K503N,2,2
-0.7871,0.004976,ATACAACTTCTATATA,T187V,1,1
-0.7871,0.09453,TCCTGATGAATTATAG,,0,0
-0.7873,0.005634,ATTTTAGAAATGACAT,,0,0
-0.7874,0.008245,GTGAGGTTCACAATAT,S96H,1,1
-0.7874,0.03209,CTCAATACCTAATACA,,0,0
-0.7874,0.03209,GACATGAATCGTAACA,K140D,1,1
-0.7875,0.05798,TCTAACTATAATAATA,G275E,1,1
-0.7876,0.01004,AAACGTGGGTAACAGT,R255T,1,1
-0.7878,0.01729,GAGTGTACCTACCACG,,0,0
-0.7882,0.01764,CATTAATACGTAATTG,K411F,1,1
-0.7882,0.05999,CCGGACCTTAATCCAA,M462I,1,1
-0.7882,0.09998,ATTAACACCTTAGCCA,N497R,1,1
-0.7885,0.01217,CTTAAAAGTTAACTTA,S54F,1,1
-0.7886,0.03398,AGCCACAACGTCAAGA,P324I,1,1
-0.7887,0.008301,AGTAAACGGAGTACTA,,0,0
-0.7889,0.02815,ATTTTGAACATCGAGT,G5L,1,1
-0.789,0.03466,GAACAATTCTTGATCT,S47F,1,1
-0.7891,0.00696,AAACGAATAAACCTCG,N497G,1,1
-0.7891,0.002595,CTAAAGACCTGTAATC,,0,0
-0.7892,0.01013,ATCGGAGAACCTGTAA,S143-,1,1
-0.7892,0.02096,GTCAAACCTTACTTTA,,0,0
-0.7893,0.01503,CCCCTACTATAAGTCA,N45V,1,1
-0.7893,0.01859,CCCATCTACCCCAATA,P273S,1,2
-0.7893,0.01859,GAAACATTATACACAT,E172C,1,1
-0.7894,0.02437,CAATATGAAAGCTAAG,K189N,1,1
-0.7895,0.03536,TACATCACTTTAACGA,,0,0
-0.7895,0.03536,TTCCAACATACTCAAC,I374W E494V,2,2
-0.7895,0.01031,CGTAAGCAGCACAAAA,K189V,1,1
-0.7896,0.0291,TTAATTAGGCATCCCA,K310R,1,1
-0.7897,0.01037,AATTTATGATCCCAAA,T370S,1,1
-0.7898,0.006612,AAGTCTAAACAAATCG,S47T,1,2
-0.7899,0.01299,TTAAATAACGAATGTA,Q407D,1,1
-0.7899,0.0361,TAGACTCAAGCATAAT,S442F I481L,2,2
-0.7899,0.006917,AGGAGTATTAAGCTAA,G379S,1,1
-0.79,0.02959,CAATATAGCACCCAAC,,0,0
-0.79,0.02175,ATAAGACAAGATTACA,I260W,1,1
-0.7902,0.01433,CGACGAACTCAAGACA,S209F,1,1
-0.7903,0.02544,CTGACCCATAATCTTA,K140G,1,1
-0.7903,0.008481,TTGAGTCGGACTCATG,N38Q,1,1
-0.7904,0.03687,CAATTGCATCTTAAGC,,0,0
-0.7904,0.03687,TAGAAAATCAAAAGAG,,0,0
-0.7905,0.003122,GCATTTTTACCCAATT,S137N G275E D415N,3,3
-0.7906,0.06693,AAATAAACAAAATTAT,N63K S96M S219W,3,3
-0.7906,0.06693,AAGATCTAGACAACAA,T40M,1,1
-0.7906,0.06693,GCGACTTCCTCACGAA,,0,0
-0.7908,0.01987,AGGAAGCTTCGTCTCC,,0,0
-0.7908,0.01987,ATAAAAAATATACTAG,S231W,1,1
-0.7909,0.03767,GAATTAACAAAAACAA,,0,0
-0.7909,0.03767,TGGTCTTAGTCTTTGA,,0,0
-0.7909,0.113,AAATAACATGACCCTA,I48M G275L,2,2
-0.7909,0.01027,CACCTGGAAACACGTA,,0,0
-0.7912,0.03119,TTTTGGACTGATACTG,I48L,1,1
-0.7914,0.009889,CACGATTGGCATAAAA,N296H,1,1
-0.7914,0.0385,AAGTAATCAGTATGGC,I232M,1,1
-0.7917,0.008541,CATCCATTTCTCCCAC,I232V,1,1
-0.7918,0.0503,ACCCATGTACCGCCAC,P103V,1,1
-0.7918,0.0503,ATTCGCAAAAACACAC,,0,0
-0.7919,0.01535,AACGCTGGTACATGCT,Q501F,1,1
-0.792,0.01313,ATTAAGCATCTACAAT,R299K,1,1
-0.792,0.01313,ATTTCTTCATATAAAA,A430D,1,1
-0.792,0.03938,AAAAACAAAGATGACA,,0,3
-0.7922,0.02107,CTACTATATAAACGTC,S265K,1,1
-0.7922,0.01888,CCCATTGTGTTCATCC,R229W,1,1
-0.7923,0.01563,CAGTATCCATTAAAAT,G240M,1,1
-0.7925,0.01577,AAAATCAAGAAGCTTA,,0,0
-0.7925,0.01251,AAATAGAACCCAATAT,I502V,1,1
-0.7925,0.03297,CAAGCTATGACAGACT,,0,0
-0.7925,0.03297,GACTTAAATAAATTGT,P221F,1,1
-0.7925,0.05181,GCAATATTCGTCTAAA,P227R,1,1
-0.7929,0.01186,CGTTATACAAGCATAT,,0,0
-0.7929,0.01475,TTCGTAAAATATATAA,S358W,1,1
-0.793,0.03361,AAGAGAGCCGACAAAG,,0,0
-0.793,0.03361,CCGAAAAACCTAGAAC,S146C,1,1
-0.7931,0.004691,TAGTAATCGATGAGCC,E35V,1,1
-0.7931,0.01952,AGATATAGATATAATC,R269D,1,1
-0.7931,0.04125,ATCCTTAGATCTGATA,V20M,1,1
-0.7932,0.01488,TTTAAATGGGACCAAA,I274M,1,2
-0.7933,0.0534,ACATTATAACAACAAA,N126K,1,1
-0.7933,0.0534,CAATTAATTCTAATGA,R141C,1,1
-0.7934,0.01211,TCGTTTCGTCATATAT,N489A,1,1
-0.7935,0.01397,CTATTACACTCCAGTT,D271M,1,2
-0.7936,0.008411,ACCACACCATAAATAA,E325Q,1,1
-0.7937,0.007154,CAACAAGCAATTCTTT,Y302V,1,1
-0.7938,0.02931,AAAGTAGTCCGAACGT,E119M,1,1
-0.7938,0.02931,GATTAAATTTTGCTTA,Q211E,1,1
-0.7939,0.009826,AATCCCAACATGTTTC,N53P,1,1
-0.7941,0.004761,TTAATGCACCACCACC,,0,0
-0.7941,0.0551,ATCCCGCTAAGCCAAT,,0,0
-0.7941,0.0551,CAATGTTAAAAAAAAG,N94T,1,1
-0.7941,0.0551,TCCACGTTAAACACAA,G352F,1,1
-0.7944,0.04331,AGGGCCTGGGAAAAAA,S107R N497F,2,2
-0.7945,0.01264,CAAAGCCGACAAATCG,H184F,1,1
-0.7946,0.01569,AAAAGACAATAAACAA,E410N,1,1
-0.7946,0.01189,ACATCCGACACAAATA,,0,0
-0.7946,0.03568,GAATAGCGCTTAAAGC,S54I,1,1
-0.7948,0.07915,ATAAATTGTCACATGC,,0,0
-0.7949,0.01468,GACAAGCTCACTAGGT,E457D,1,1
-0.7949,0.01369,TTACAATCATCTTACT,G62V,1,1
-0.7949,0.02093,CTCTTGACCAAGACGC,D419N,1,1
-0.7951,0.007287,AACAGCCCACGACTTT,G240K,1,1
-0.7952,0.005505,ACAGATTAAGGAGCAT,,0,0
-0.7952,0.02679,CCAGCTGCAGGACACA,K140S,1,1
-0.7953,0.02366,ACATATTGAGTAGAGA,S137Q,1,1
-0.7956,0.006906,TGCAGAACCGAGCAAA,V490C,1,1
-0.7956,0.00715,GGCATGCTGGACACTC,,0,0
-0.7957,0.03144,CCAAATCTAAGGCAAC,T313S,1,1
-0.7957,0.03144,GTTCTACTTATAAAAA,N498H,1,2
-0.7958,0.04559,ACTTATATTAAAATGA,,0,0
-0.7959,0.006538,AAAGAAGACCCTGTGA,,0,0
-0.796,0.02432,AGTAGAACTAAATCAG,P289I,1,2
-0.796,0.01061,AGATCGTATTTTATAC,,0,0
-0.7962,0.01807,ACCCAATATGTCAGAC,I58L,1,2
-0.7962,0.03202,CAGCCTTGCTGCAAAT,Q363M,1,1
-0.7966,0.007394,ATAAGTCCAGTATTCA,,0,0
-0.7966,0.01277,TTCTAATCAATACATC,R269A,1,1
-0.7969,0.01374,AAGTTATAACTGTTGT,,0,0
-0.7969,0.009467,GATTTTCAGCACATGA,K264Y,1,1
-0.7969,0.01218,TCCCAATTGGAATATT,Q1I,1,1
-0.7969,0.01094,ATATGGGACACCTCCA,G142Q,1,1
-0.797,0.03888,AGAATTACCCGCCTCT,,0,0
-0.797,0.03888,TTTTCTGGCTAGATAT,D493I,1,1
-0.797,0.005035,AAAAATTAATCTCGCA,V490N,1,1
-0.7971,0.01589,AATCATTTGGATATGT,A39S,1,1
-0.7971,0.007812,CTCAGTGCTTACATGA,K264T,1,1
-0.7972,0.003386,AGATCCGACACTAACA,K450H,1,1
-0.7972,0.004955,GTAACGCGCAGGATAT,P324M,1,1
-0.7974,0.01604,CCTGATTAACCAGTCC,P293L F392L,2,2
-0.7974,0.01604,TACGGATATATCAGCC,A373S,1,1
-0.7975,0.0871,ATACGGGACAGGGACT,F148W,1,1
-0.7977,0.02577,AGAGCTACGTTAAGAC,,0,0
-0.7978,0.005414,TAGAATCATGCAAACA,I395V,1,1
-0.798,0.02104,ACAGAGGGGATAGAAC,T388R,1,1
-0.798,0.06312,GGGCTGCATTTGATAG,R222H,1,1
-0.7981,0.00487,TGATTCTTGAATCATC,Q210V,1,1
-0.7982,0.02616,CCGATTTAATATACTT,K50N,1,1
-0.7985,0.03457,ACCTTATCCGAAAAAG,N63Q,1,1
-0.7985,0.005422,ATCCGAGTTCAAAATT,L243I,1,1
-0.7986,0.01368,TTCAAAACATAACCGC,L367M,1,1
-0.7989,0.013,AACACGCTCTGCACAC,,0,0
-0.799,0.01013,TTAAGCATATTGTTAA,,0,0
-0.799,0.008945,AGTCTATCAATCAAAA,,0,0
-0.7991,0.001312,CTAACATAATATCAAA,A196L,1,1
-0.7991,0.04168,AAAATCTTGTTACGGT,N45W,1,1
-0.7991,0.04168,CAAAAGTCGAACTATC,A106Y,1,1
-0.7991,0.02697,CAATTACCATTAAATC,,0,0
-0.7991,0.04168,GTAACCACTGCACTCA,G463S,1,1
-0.7991,0.1528,ACCTTATATTCAAAAC,E325H,1,1
-0.7991,0.1528,ACTAGGTAAGAAAAAA,K131E,1,1
-0.7991,0.0655,ACTTCTTATAATTACA,S145G,1,1
-0.7991,0.0655,CAAATCGAATTTTACT,D85W,1,1
-0.7991,0.03527,TAAGGCGTAGAGATTG,I502L,1,1
-0.7991,0.005956,TCTGGTAAACAGACCC,K189R,1,1
-0.7991,0.0917,ATATGAAACCACAAAC,R208A,1,1
-0.7992,0.003677,CAACTATAACTACTGC,N158D,1,1
-0.7994,0.01184,CAGTCTCCCACCCGGC,T440M,1,1
-0.7994,0.01492,AGAAAACCGAAAAATG,,0,0
-0.7996,0.0274,TTAAATTTACTTTCAG,,0,0
-0.7998,0.036,AAATGAATTGCTGGCA,K276W,1,1
-0.7998,0.036,TACCGCTCTCGTGCAA,,0,0
-0.7998,0.01266,CAATGTCATCGCATAT,E35S,1,1
-0.7999,0.04271,ACAAACAGTTATTAAA,,0,0
-0.8001,0.05249,ATCATCACCAATAGAT,,0,0
-0.8001,0.004264,ATTATCTTTAAATACT,E484R,1,1
-0.8002,0.02784,ATGACCATATAGACCA,P227E,1,1
-0.8002,0.00928,CTACATCCCACTGTAC,,0,0
-0.8003,0.03168,AAGCAGTATAGACAAC,D85S,1,1
-0.8003,0.03168,GCAACCATGTATAGTA,,0,0
-0.8003,0.03168,TTCAAGAAGATATTAG,T301M,1,1
-0.8004,0.06807,GCAACAGTTTACAAGA,N6K,1,1
-0.8004,0.06807,GGATAAACGACATGAT,,0,0
-0.8005,0.01226,GAAAACTGTAAATGAC,I300V,1,1
-0.8005,0.004024,ATTATACTCTTGCACC,,0,0
-0.8005,0.004839,CATGAGCTCGAAGCTC,K140E,1,1
-0.8006,0.007858,GTATGCATTACACATA,S124V N424L,2,2
-0.8007,0.0209,TTCAATGAAGTCGAAT,R92E L431T,2,2
-0.8009,0.01937,AAAATGAGCTTCAAGT,D7K,1,1
-0.8009,0.03227,ACCTACTTATAACGCG,G275L,1,1
-0.8009,0.09682,GCCATGCAAATCAACC,N483H,1,1
-0.801,0.01673,AGGTTACCAAAAAGCT,V413L,1,1
-0.8011,0.05413,TATTGAGTCGAATATC,,0,0
-0.8012,0.03756,AAGGGGGATCTAGTCG,V309M,1,1
-0.8013,0.01958,AACCATTAGCTAAATA,,0,0
-0.8014,0.01406,TATTCCAACTTGGGCA,,0,0
-0.8015,0.005531,AAACTAGCCTATAGAC,Y161D,1,1
-0.8015,0.02141,AGATTCCGCGCTTATT,V204M,1,1
-0.8015,0.009302,GTAGTCCAACTTAACA,I481L,1,1
-0.8015,0.03289,AAAAAGACATCGGTAC,N22C S124P,2,2
-0.8015,0.03289,CGATAAATACTTAAAA,D493P,1,1
-0.8016,0.04492,AAATATATTGTCACTA,K397H,1,1
-0.8016,0.04492,AATCTATTGATTAAAT,N22T G386E,2,2
-0.8016,0.04492,ATGAAAGCGCCAATAC,K259V,1,1
-0.8017,0.01981,CGATATCCATGTCATA,,0,0
-0.8017,0.0127,GCACCCCTTACATATA,A430H,1,1
-0.8017,0.02362,TAGTAAGAAAAATTAA,E390K,1,1
-0.8019,0.01511,TATCACCTCTAAAAAA,S219H,1,1
-0.8019,0.02168,ATTAAGATCGAGTTCA,,0,0
-0.8021,0.01356,TTTCAGAAATGAGCAA,L427V,1,1
-0.8022,0.1676,CGACCAGATCTCGAAC,H184Y,1,1
-0.8022,0.01289,AAGCAATTAAGATACC,K411T,1,1
-0.8022,0.007982,CAGCAATACACTATCT,R201P,1,1
-0.8023,0.009506,AATCTTACGGCATGAA,S358Q,1,1
-0.8023,0.00827,TAAGTTTTGCACAAGA,S231R,1,1
-0.8023,0.02195,TCAAGCTACGTTGCAG,,0,0
-0.8023,0.02195,TTTAAGTCAAAACAAG,S145V,1,1
-0.8025,0.02027,TCTCCGAATACACCGC,D7R,1,1
-0.8025,0.04612,AAAAACCGCTTCCTAC,A372E,1,1
-0.8026,0.01132,GTGAACCGGCAAGCAT,S312G,1,1
-0.8027,0.01309,CAGCGAGTAACCCCTA,N53W,1,1
-0.8027,0.03926,AAGATAACTGAACCCA,,0,0
-0.8029,0.009323,ATAATGCTATACCACA,Q363E,1,1
-0.8029,0.1025,GAATGAATAACATAAT,,0,0
-0.8029,0.008709,AAGTGTCTCAAATTAA,K238M,1,1
-0.803,0.006196,AATCACGAATCGATAT,I160C,1,1
-0.803,0.01319,CATCAAAGAATGTCCT,K2E,1,1
-0.803,0.003013,ACCAAACATCGCAGCC,,0,0
-0.8032,0.009773,TTTAACATTTTCAGCC,G352A,1,1
-0.8035,0.04738,AGCAGAACCTTCACCA,M444Y,1,1
-0.8035,0.04738,ATTCACGGATATTGTA,,0,0
-0.8035,0.005063,AACTTAATACCGAACC,Q132M,1,1
-0.8035,0.002498,GTTTCATACGAAAATA,E325K,1,1
-0.8035,0.01411,TATTTCTATTACTTAA,K121Q,1,1
-0.8035,0.003204,CGTTACCCGCTAACAT,S156M,1,1
-0.8035,0.04017,ATCTAAAGGAAAAAGA,F192C,1,1
-0.8038,0.01812,CCTCCCACTACTACCG,R361H,1,1
-0.804,0.006085,TTACATATATGCCTCA,R255V,1,1
-0.8041,0.01178,ATCCATGGAACCTAAG,K259Q,1,1
-0.8042,0.01968,GCGACCGCGCCATATA,,0,0
-0.8043,0.03559,AAACCACTAAGAGGTA,S149I,1,1
-0.8043,0.01242,GATGGGATACATATCT,K310C,1,2
-0.8044,0.04113,AGGGTCTAAAAATATA,,0,0
-0.8045,0.04871,GAGTAGAAATAAATAT,E401R,1,1
-0.8048,0.07716,CACGCTAACCCCGGCT,P21K,1,1
-0.8048,0.007207,CCTTACACCTCTAATC,,0,0
-0.8049,0.009499,AACGACAGAGAAGACC,,0,0
-0.8049,0.008089,AAGGATTCCGGGAAAT,E457L,1,1
-0.8049,0.01871,CACTCTCTGTTCGAGC,T128M,1,2
-0.8049,0.01871,GCCCATGAATATACTT,Q57K,1,1
-0.8051,0.109,AACCTCACACACCGAA,R361I,1,1
-0.8051,0.109,TAAATTGGTACAACGT,N464M,1,1
-0.8051,0.109,TATAAAAACTCTAGTA,E35H T416A,2,2
-0.8052,0.02376,ATTAACATAAGCAAGA,D291Y,1,2
-0.8053,0.04212,CTCTAGACATTACTAA,,0,0
-0.8055,0.007538,CGGTAGATTGCCGGAT,Q173K,1,1
-0.8055,0.01002,CACCTTCAATGGAAAA,,0,0
-0.8056,0.01783,CAGCCATAATGCCTAT,R361F G463S,2,2
-0.8057,0.003238,TCAATTGCGGTGTTAT,A196H,1,1
-0.8059,0.06185,ATTATTATTGCCACAT,,0,0
-0.806,0.009142,CCACAATCATCATTAG,,0,0
-0.8061,0.02236,TCCCACAGTGAACCCA,N250G,1,1
-0.8062,0.01934,CCGAATTGCCCCTCTA,A106N,1,1
-0.8062,0.04317,AGCTTAGGCCGGAACG,D474G,1,2
-0.8063,0.02443,CTATATAGATACTCAA,,0,0
-0.8063,0.001753,TCCGTTCCAACTATTC,L244E G479V,2,2
-0.8064,0.01376,CTTAAGCCACAAAGGT,I242F,1,1
-0.8065,0.08075,AAAAATCAATGTGAGT,,0,0
-0.8065,0.01154,CGATAAAAATCGAATG,G49D G62V,2,2
-0.8066,0.02265,ACACGAGTGTTAAATC,,0,0
-0.8067,0.05161,GCGCGTATATAACAAA,V166Y,1,1
-0.8067,0.03792,AATGTATAGGTCTATA,S115M,1,1
-0.8067,0.03792,CTACAATTGACTCTCT,,0,0
-0.8068,0.009339,ACCGAATGTATCTCAC,K326F,1,1
-0.8068,0.007405,ATACGTTTCCCCCTCG,Q210R,1,1
-0.8069,0.0184,TCATAAAAATGGTACA,T37M,1,1
-0.8071,0.02734,CGATATTCTCATTCGC,H17P,1,1
-0.8071,0.02734,GAATAGACGATCAAGA,D225Q,1,1
-0.8072,0.01338,TTTAATCACCCTGGGA,S143R,1,1
-0.8072,0.04427,GAATATATATTAACCA,,0,0
-0.8073,0.06413,ATGTGAAGCATATATA,,0,0
-0.8074,0.005028,TTAAGTTCTCACAGCA,D271E,1,1
-0.8075,0.01017,AGTGTGTTGACCTCAC,S265T,1,1
-0.8075,0.02001,CCAGATTAAAAGGCCA,,0,0
-0.8076,0.1163,ATACCAACAAATTCTT,K276C,1,1
-0.8076,0.1163,ATTAACATAATCTAGT,,0,0
-0.8079,0.05319,TTTATATGAAGGATAG,A163V R261A I385M,3,3
-0.8079,0.005575,TCATACAATTCACATT,S209N,1,1
-0.8081,0.01901,TTTATCTCAACAGCAG,I3C,1,1
-0.8082,0.03104,ATATCAACAAAACCGA,,0,0
-0.8082,0.04543,ACACTGACAAACGCCA,K452S,1,1
-0.8083,0.005972,CTGAAAAATGTAAGCG,Q191M,1,1
-0.8083,0.01791,TAAGATTGTATTGGAT,P227Y,1,1
-0.8084,0.01444,TGAAGTACGATACCTA,P239A,1,1
-0.8084,0.02823,AGAAAACATAACGACA,F467W,1,1
-0.8084,0.08469,GACAGACGCAAACTAC,T203G,1,1
-0.8084,0.08469,TTTAAAGCCGGAGACA,L66I,1,1
-0.8086,0.01528,GAACGACATTGATTAT,T117R,1,1
-0.8087,0.01047,AAGCCAGAACATGAAC,T135C,1,1
-0.8087,0.005583,CTTCTACCGAAGAATA,K121R G504R,2,2
-0.8087,0.01013,ATCTAAAAGAAGAGGT,R383K,1,1
-0.8087,0.004709,TTAGATTAACGCCAGT,,0,0
-0.8088,0.03518,CAAAGAATCTTTATAA,Q407Y,1,1
-0.8088,0.0666,TCTCTTAATATACCAC,N63T F120W,2,2
-0.8089,0.003822,ACTCACCTCCACTTCC,Q376C,1,1
-0.809,0.02072,AAGCAAATACCAGCCT,R307K,1,1
-0.809,0.02072,TTGTTAATTGAAAAGT,I267T,1,1
-0.809,0.008479,CAATACACAAGGAATG,Q327G,1,1
-0.8093,0.01637,TATGGCAGTCGCATAC,,0,0
-0.8093,0.003913,CAAGAAGTATAAAGAG,D60S,1,2
-0.8095,0.04058,TAAATATCAACCACAG,K2S,1,1
-0.8097,0.0322,TGAGATTGATATATTA,K278E,1,2
-0.8098,0.02668,TATGACAGTAATTTTC,A196K,1,1
-0.8098,0.008895,GAAATTAGAGAATAGA,,0,0
-0.8099,0.007984,GCAATAACAAGATAAC,G263V,1,1
-0.8101,0.008233,ATCATTCAATAAATAA,,0,0
-0.8102,0.01168,CAATTGGTAAGTCACT,Q75T,1,1
-0.8105,0.0271,CCTGACATCACTCCAA,P239H,1,1
-0.8105,0.03667,AAGGTAATGAATAGCA,,0,1
-0.8105,0.03667,GCTCAAACCGTCATCT,Q132I,1,1
-0.8105,0.04155,TCAATCATATTAACAC,N382T,1,1
-0.8105,0.01385,TCACCTAACTACGGTA,A372G,1,1
-0.8105,0.006851,TGAATAGCTCTCAAAC,R307E,1,1
-0.8105,0.06926,AAGGAAACCAGTCCGA,N483M,1,1
-0.8105,0.04795,AGTAAATTACTTAAGA,G62M,1,1
-0.8108,0.01282,CAGGGTGACAGAAAGT,K207H,1,1
-0.8112,0.00449,CCTTTGACAATCTAGA,S198Y,1,1
-0.8112,0.01408,ATTTAACGATTGAACT,W234M,1,1
-0.8112,0.0302,AAACCCTGAAATCACA,K189P,1,1
-0.8112,0.0302,CCGTACAATTTGCACA,N498R,1,1
-0.8113,0.03344,ACCTACCTCGAACTCT,,0,0
-0.8113,0.03344,CAACCACCAATTAACA,Q371I,1,1
-0.8114,0.01818,AATTATCCGAGTCCCA,T328Y,1,1
-0.8114,0.009508,ACCATCTGTGGAACCC,A476L,1,1
-0.8116,0.04257,ATACGGTAAACAATAA,S266M,1,1
-0.8118,0.02567,ATGTGCAAGGAATTTA,,0,0
-0.8119,0.02798,AACCTCGAAATAAAAA,G142I,1,1
-0.812,0.03073,GAAACTACCAAAAATA,R229G,1,1
-0.812,0.03073,GTACTCCTCAATAAAT,K315A,1,1
-0.8121,0.007979,GCGCTAAGGTTCAAAT,,0,0
-0.8121,0.001162,ACCAAAGATACAATGA,F147W,1,1
-0.8123,0.01031,ATGGGCAAAAGCTAAC,D291W,1,2
-0.8123,0.07214,TATCCCACAAACAACA,R405T,1,1
-0.8124,0.03828,AACGACAAACTCTAAA,D77A,1,1
-0.8126,0.02843,CACATTTATACCGAGG,N122S,1,1
-0.8126,0.003103,AAAATCCGCCTTGTAT,N22W,1,1
-0.8127,0.04365,TTTATATGCCAGCAAA,R269W,1,1
-0.8127,0.004126,AAGTACAAAATAGTAC,N296K,1,1
-0.8128,0.03129,TGAAACAGTTTGACGC,,0,0
-0.813,0.05075,AAACAAACTCTAGGAT,I51V G78D K368N,3,3
-0.813,0.05075,AGCACGTGAAACACAT,I34L,1,1
-0.813,0.05075,CTCCAATATAAGATGC,G142V,1,1
-0.8134,0.03915,GGCTCCCTTCATTTAA,S9Q R33K,2,2
-0.8135,0.0039,ACTCCTCAACCTATAG,T65Q,1,1
-0.8136,0.003534,GCGAAAAAACCAAAAT,P239T,1,1
-0.8136,0.01808,ACACAAAAAACTGAGA,,0,0
-0.8137,0.03186,CCTGAAATATGAGTAC,N53K L409M,2,2
-0.8138,0.01315,TCACGAAAGCAACGAG,P289D,1,1
-0.8138,0.004115,GCGGGGCTTAGTACAT,A69V,1,1
-0.8138,0.04477,ATCATTCCGCATTCAC,,0,0
-0.8138,0.04477,CTTATTGTCATTAGAG,I3T R456A,2,2
-0.814,0.03549,CATGTTTCCCTCATAG,K310S,1,1
-0.8141,0.01325,GAATCTAGACCATAGC,T128V,1,1
-0.8142,0.006844,ACTAAGCAATCAAACC,R229C,1,1
-0.8143,0.006469,TACGAATAACCCACCA,S149H,1,1
-0.8144,0.008838,CCAACTTACATTTCAA,V88I,1,1
-0.8145,0.04005,GGATTTGAAGAAGTTG,,0,0
-0.8145,0.02729,CTTGATAACATAGAAT,K326A,1,1
-0.8148,0.005233,TAACTCCGCCACATAG,Y161M,1,1
-0.8149,0.007722,ATCCACATCTCGACAT,I3Q,1,1
-0.8152,0.009472,CGGAAACAATCCAATA,V213P,1,1
-0.8154,0.01103,AAATACCATCTTGCAA,,0,0
-0.8156,0.041,TAAGAATAACAAATTT,,0,0
-0.8157,0.01626,CGGGTACCGCACGCTC,,0,0
-0.8157,0.01626,GTAACACCAATAATCC,P293A,1,1
-0.8158,0.05391,AACATACGCTTACTGA,T235Q,1,1
-0.816,0.02008,CTGTCTATTATCAAGT,S265Y,1,1
-0.816,0.02008,TACACCCCCTTATAGT,,0,0
-0.816,0.007897,TCAAAAATCCTGAAAT,T30H,1,1
-0.816,0.001045,CTGTTAGCACAGATGA,G200V,1,1
-0.8161,0.02274,CCTACGTAGTTTGACA,S198A,1,1
-0.8162,0.01907,ACATGAATTGTCACAA,A373C,1,1
-0.8163,0.007291,ACCACTAAAGAAACAT,N94A,1,1
-0.8163,0.07868,ACACGTAATTACATTC,,0,0
-0.8163,0.01574,ATTGTAAATTTTCAAA,,0,0
-0.8163,0.04721,CAAACAACGCAAAGAA,,0,0
-0.8163,0.01124,TCAACCATGCTACAGT,K453W,1,1
-0.8166,0.01166,GACAGGAATAATATAC,D493R,1,1
-0.8166,0.03097,CGATGCTCCAGCAAAC,N53G,1,1
-0.8167,0.009263,AACAACCCTAATGATG,E401T,1,1
-0.8167,0.04199,CTTCTATAGAAACTTA,,0,0
-0.8169,0.01835,AGGACAGCAGTAGATT,,0,0
-0.8169,0.002682,CTTTATAATATAATTT,L428Q,1,1
-0.8169,0.009547,AATCAAAAAACTTACA,,0,0
-0.8169,0.06518,ACTGCGCATACCCTCA,I418V,1,1
-0.8169,0.06518,CCTTAAAAACAACCTA,N6K,1,2
-0.8169,0.06518,GAATGATAAACATACT,K238H,1,1
-0.8169,0.009313,TACCGACCGCTGGGCA,I300D,1,1
-0.817,0.03781,AGACCAGAAACATCAA,T313F,1,1
-0.8173,0.02489,CCGGCCAGAATAACAG,S231I,1,1
-0.8173,0.02489,CTAAAAGACGCACCCA,N498K,1,1
-0.8174,0.05564,ATCATGCTGTATCTGT,K82V,1,1
-0.8174,0.008719,TATTGCCCAGCAACAC,I339V,1,1
-0.8177,0.1456,CTCTAAGATGCAACCT,G362D,1,1
-0.8177,0.02912,AAGATAAACATTGTAC,S199Y,1,1
-0.8177,0.04853,CAAGCCCAGTACAGGC,K368D,1,1
-0.8177,0.0208,TATTTGAAGTTTGTCC,,0,0
-0.8177,0.02912,TTATATAAAAAATATT,,0,0
-0.8179,0.02705,ACTTTACCTAAGCAAG,T65C,1,1
-0.8179,0.009016,GACAGACGGCTACAAT,F174L,1,1
-0.818,0.01162,TAGGCCCTTTAATACG,,0,0
-0.818,0.002919,CAGGGTCCCCTGGCTC,G142T,1,1
-0.818,0.003041,TTAAATGACTAAAACT,,0,0
-0.8181,0.01334,GCGACAAGCGGCTATG,S205C,1,1
-0.8181,0.03866,AAGAACCACGATTACT,,0,1
-0.8182,0.02229,TTTACAAACCGAGTTA,I300H K446Q,2,2
-0.8183,0.1053,TTTAAGTTACAAACCT,G78Q,1,1
-0.8185,0.002307,CACTGCTTCCTTATGT,A196H,1,1
-0.8186,0.02962,AAATTCAAGTCACAAT,K472D,1,1
-0.8186,0.02962,ACCATTTACCCGGAAA,F467I,1,1
-0.8188,0.01405,ATACTAAGGACTGAGA,,0,0
-0.8188,0.00993,CAGTCAAAACGAAATT,R109Q,1,1
-0.8189,0.02258,TATAAAATGCCAAATT,Y161D,1,1
-0.8189,0.06773,ACTGAACGAAGAAATA,K171Y,1,1
-0.8189,0.06773,GTTCTCTATTCATCCC,S219D,1,1
-0.819,0.008394,GGTTTTTAAACATTGC,S149E,1,1
-0.819,0.05748,ACGAGCCATAATCTCA,A196K,1,1
-0.8192,0.04413,TACCTTGATCACAATA,,0,0
-0.8193,0.03954,ATTAAGACAAATCATA,,0,0
-0.8194,0.03273,TTTAATTATTAAGACG,E325F,1,1
-0.8196,0.02288,AAATCTGTTATCACGA,,0,0
-0.8196,0.02042,ACTAAGTACAATAGAC,R269L,1,1
-0.8197,0.004821,CGGAATTCAAAGAACA,,0,0
-0.8198,0.003232,TGCACAGAAAAATTGC,L111K,1,1
-0.82,0.008964,CATTCACGAAAATAAG,R224K,1,1
-0.8201,0.005415,CCTACATACACGAAAA,,0,1
-0.8202,0.02066,TATTTCAGAACTGATA,I288F,1,1
-0.8204,0.03066,CTGATGTCTTTAGAAA,A372D,1,1
-0.8204,0.01181,GCTAAATTAATCTTTT,G504D,1,1
-0.8204,0.03657,AATAACACAGTAATAA,S143L,1,1
-0.8205,0.04046,AACTATATTTCTCTTA,T10L,1,1
-0.8206,0.009057,ATATCTATTTTATATG,K207R,1,1
-0.8208,0.02091,AATCTTTCCAAATCCC,L111T,1,1
-0.8208,0.02091,GGGTGCCGTTCTTATC,,0,0
-0.821,0.07048,CATTGTTTAAATTCCG,,0,0
-0.8211,0.01126,TTTAATACATGATTGA,,0,0
-0.8212,0.02885,CTTTTGGAATACCTAA,,0,0
-0.8212,0.01236,GGGTAAACAATCAAAA,K453T,1,1
-0.8212,0.009866,TGGATCATTATTTAAC,R220L,1,1
-0.8213,0.01904,ATACGCGGATCTGTTC,E414T,1,1
-0.8214,0.007588,CTATATAGCGTTGAAC,Q371N,1,1
-0.8214,0.002255,AGCGTAATCTAGATTC,K450Q,1,1
-0.8216,0.01287,TTTGAATGCACACTCT,V213M,1,1
-0.8218,0.02541,TGCACCTAGAACATCG,,0,0
-0.8219,0.004005,AGCCCACTCGACCTAA,N424F,1,1
-0.8222,0.008912,TCAGAAAAATCGGCCT,N45L,1,1
-0.8222,0.01688,GAAGAAAATCTAAATT,G142F,1,1
-0.8223,0.005404,AAAAAGTAATACTTAA,Q454R,1,1
-0.8223,0.03179,AATGACAAAACTTTAC,,0,0
-0.8223,0.03179,AATTTATGAAGTCACT,K472I,1,1
-0.8223,0.05298,CAATAAGAAATTTATG,N53R,1,1
-0.8223,0.02271,CGATTGCAAAGATGCG,N165T,1,1
-0.8226,0.02579,AATAAGTAAGATAACT,,0,0
-0.8227,0.06157,ACACAAACCACGTGAA,Q501I,1,4
-0.8228,0.02767,ATTGTTCTTTACACAG,N475T,1,1
-0.8228,0.007793,AGTCACTTCACGAAAA,A365P,1,1
-0.8231,0.00418,GAAAATCATATGGATA,L428I,1,1
-0.8232,0.07347,GTGTTCATCAATTTAA,,0,0
-0.8232,0.008886,TTGATATGTATTTATC,K411A,1,1
-0.8235,0.04778,AAAATGAGTTTAGGAG,D225M,1,1
-0.8235,0.04778,AACCACACTCGGTAAA,,0,0
-0.8235,0.008932,TTAACTGTGATCCTTC,K140V Q356H,2,2
-0.8236,0.01893,GACTAACCATGATTAT,N53E,1,1
-0.8236,0.0354,AATAGCAGATCAGCGC,V413L,1,1
-0.824,0.09108,CTCCTAGGTACCTGCA,K310E,1,1
-0.824,0.03904,GATAGTCCCTCTCGAT,I48D,1,1
-0.8242,0.004349,AAGATTTATCAAATAG,S144R,1,1
-0.8244,0.004558,CCAGGATCTACACCAT,R405H,1,1
-0.8245,0.04351,TAGATAGATACTGTCA,D291N K326Y,2,2
-0.8245,0.04351,TATTTGAGATGAGAAG,V309T,1,1
-0.8246,0.008906,AGATCACCCTCCCTTA,S137K,1,1
-0.8247,0.06383,AGTAAAACCCATTTCC,I267A,1,1
-0.8248,0.009344,AACGCTCTTATGTACC,L243M,1,1
-0.825,0.0103,CTCTATGACCAATCAA,,0,0
-0.8251,0.006474,TAACACACAGGGGAAT,,0,0
-0.8253,0.1198,AAAGTACACAACGGAA,N165Y,1,1
-0.8253,0.1198,AAGACAAGTGGACAAA,,0,0
-0.8256,0.01296,AATAATATATGGCACA,N475V,1,1
-0.8256,0.02906,ACAATCTAACAACCTG,G275V,1,1
-0.8256,0.02906,CAATACGACGTAATAC,,0,0
-0.8257,0.07672,ATTACCCTATAAAAAT,I179M,1,1
-0.8257,0.07672,CGAAATTTGACCAGAT,Q80G,1,1
-0.8257,0.02557,TACAGCCAGATCCTCC,L244T,1,1
-0.8257,0.01535,TATCCGATTAACCCAA,Q363D,1,1
-0.8259,0.002224,TTGTTAACCTTTCGCC,N483T,1,1
-0.8259,0.04463,TCTAAGAGTAGGATAA,A196R,1,1
-0.826,0.03691,ATCGAATTTAGTAACA,P55K,1,3
-0.826,0.0123,ATAGAGCCCAATAGCA,,0,0
-0.8261,0.02181,AATGTGATTAATTCTG,K411H,1,1
-0.8263,0.004043,GACCAAAATAAAGCTG,K453I,1,1
-0.8264,0.015,GATTCCACTAACCCAT,N63V,1,1
-0.8266,0.009852,TAATTCCTTGAGAGAC,F500Y,1,1
-0.8266,0.02955,TGCCATCTACAAACAG,L111R,1,1
-0.8267,0.05056,ACAATAGAGGCCCCTA,S115Y V347I,2,2
-0.8268,0.01248,TACGTTTTTCATACAA,S95L,1,1
-0.8269,0.009468,GATTTTAGTTTTAAAA,,0,0
-0.8269,0.01413,GTGGGAGGGACATCCA,A196F,1,1
-0.827,0.003838,ATGCCACATGTGTAAT,K259H,1,1
-0.827,0.02786,ATCAACCCATACTGCG,G200T,1,1
-0.8271,0.00971,ACAGATCCAAGCATAA,L111K,1,1
-0.8272,0.003294,CTAATGACTTCTACAA,E410H,1,1
-0.8272,0.007947,ACTATAACATAATAAA,T485Q,1,1
-0.8273,0.03771,AGAGTAATAGAATTAA,G200S K276W,2,2
-0.8273,0.03771,ATACTTACATAAACTG,I160A K259Y,2,2
-0.8276,0.008629,AAAATAAATTGTGGGT,S358T,1,1
-0.8277,0.00802,CATATTAAAATTGGAA,S144E,1,1
-0.8278,0.00921,AAATCACTTACAAATA,D7R,1,1
-0.8278,0.175,TATGGAGAACGTACAC,,0,0
-0.8278,0.05833,TGGCCGCTTGTTTCAC,,0,0
-0.8281,0.04186,ACTCAACACGTATAAT,Q197Y,1,1
-0.8281,0.04186,TCTCACTACAAGATTA,,0,0
-0.8282,0.005909,TCGCCAGACATCAGAA,,0,0
-0.8283,0.01357,CTGTTCTCATCTAGAA,V213R,1,2
-0.8284,0.08027,CATAAAACAAACCCTA,G200C K397S,2,2
-0.8284,0.08027,GAGGGAGAAATCATGC,S143W,1,1
-0.8284,0.02267,ATGCAAAAAGTCTCTG,S265G,1,1
-0.8284,0.0132,CAAAAGGTCAGTTATC,N158D,1,1
-0.8286,0.0306,ATACGAAGCATTTAAG,A476D,1,2
-0.8287,0.02536,ACACATATAATAATGA,G504F,1,1
-0.8287,0.02166,ATAGACTTCACATAAA,E172Q,1,1
-0.8287,0.01506,CTAACGAACTTGGTGT,A304T,1,1
-0.829,0.02411,TATCTCGTTTAAGTAT,,0,0
-0.829,0.03572,CAAATTTTAATATGGA,T203F Q327G,2,2
-0.829,0.03572,GAAGTCTTGTCATTAG,E119K P215S,2,2
-0.829,0.03572,TTTATTGAGTGCAAGT,,0,0
-0.8292,0.005561,ACCCTAATACCTAACA,T187I,1,1
-0.8292,0.004948,CTCAATCAATAAGCTC,N158A G263R,2,2
-0.8292,0.06891,TTATAGCTATGAATAA,G404Y E410K,2,2
-0.8295,0.02193,GTAAAATGTATGTCAA,V237C,1,1
-0.8296,0.02574,CTTTCATGCCGTAGAT,V102F,1,1
-0.8296,0.0429,GAGTAACCGCTGATTC,T12A,1,1
-0.8297,0.009703,TCCAAACATCTCAACA,T65D,1,1
-0.8298,0.008289,GAGCCTCTAAAGGGTC,S199G,1,1
-0.8298,0.02445,ACCTTAAAGAACAATG,,0,0
-0.8299,0.06036,GACTTGACAGTTTGGA,G181A,1,1
-0.8299,0.06036,GGTCCCACCCTTTAGT,N8D,1,1
-0.8299,0.06036,TATTAACCATTTGAGA,D85N,1,1
-0.8299,0.06036,TGACAGACTTTTTCAT,R208Q N296H D415H,3,3
-0.83,0.03942,CGCCGTAATAAATCTG,,0,0
-0.83,0.006925,ATGTCGGTCTTATGTC,Q210F,1,1
-0.8301,0.02328,ACACTTATTTATTATT,,0,0
-0.8301,0.02328,TCATGTCTATGTCTGG,A19N S265G,2,2
-0.8302,0.005947,GCCAAATAAACAAATA,N296W,1,1
-0.8303,0.02761,ACTATTGCTCCTACAC,,0,0
-0.8304,0.0179,AAGACCGACTAACGCA,K292S,1,1
-0.8304,0.0179,CAAATATGTCAGATAG,P169W A372D,2,2
-0.8305,0.01499,CACCCAAACGCCCATT,V223Q,1,1
-0.8306,0.01029,ATCTAAGCATTCTAAG,,0,0
-0.8306,0.009253,AAGATCCTTGAAGTCT,I300L,1,1
-0.8306,0.1018,CTTTGATAGGTGGAAG,T117K,1,1
-0.8307,0.007217,GTTTAACGTTTAACCT,Q197Y,1,1
-0.8307,0.009081,GAAACGCAGTCATAAT,G200M,1,1
-0.8307,0.0248,GACTACTTCACTCAGC,A106C,1,1
-0.8307,0.0248,GGAAACTAACCATATT,T328L,1,1
-0.8308,0.04836,CAATAGTAAAATGTAA,L86I,1,1
-0.8309,0.02359,TGTCCGAATTAAAATG,,0,0
-0.8311,0.02977,CTAACAAAAACTAGAT,W127Y,1,1
-0.8312,0.004555,AAGTAGGCAACAGAAC,E35C,1,1
-0.8312,0.02151,GAATGACTTGCCGGTA,Q211S,1,1
-0.8313,0.02806,AAATAGGTAAAACCAA,G379N,1,1
-0.8313,0.02806,CGTAGAGATACAAATA,S110M,1,1
-0.8313,0.02806,TGAGAAAGCATACAAA,S114G,1,1
-0.8313,0.08417,AAATTATCTCAGCAAA,D291L,1,1
-0.8313,0.08417,AAGGGCATGCATACTC,Q356R,1,1
-0.8315,0.008843,CCTAAATTGAGTCTTC,D271P,1,1
-0.8317,0.01479,TCAGGTAAAACATTAC,H184V,1,1
-0.8318,0.07176,TTAAATCTGCAAAATT,S54V,1,1
-0.8319,0.0346,GTGCACCCTTAAGTGC,T187E,1,2
-0.832,0.01319,TATCTATCAAGAGTAA,A459G,1,1
-0.8321,0.06253,AAACTTTGAAGACATA,K380G,1,1
-0.8321,0.06253,ATAAAATTCCATGGAA,,0,0
-0.8322,0.03029,CAGGAACATCCGGACC,G263E,1,1
-0.8324,0.01847,ATTCCCATAAACCCGC,,0,0
-0.8324,0.05541,CACGACATATCAAAGT,N6G,1,1
-0.8326,0.02553,ATCGGTAATCTTGAAA,,0,0
-0.8326,0.04975,AAGATAAACTAAACTT,K368G E443Y,2,2
-0.8326,0.04975,TACTCAAGCACAACAA,,0,0
-0.8327,0.01604,ATACCTAAGATCAGCA,R383S,1,1
-0.8328,0.04513,AGAATAGATGAAAAGA,I67F,1,1
-0.8329,0.0211,CATTGTATAACTGAAT,N475M,1,1
-0.8331,0.03807,GTAAACAATCAACTCT,E414D,1,1
-0.8331,0.007274,ACGAAGACCAATAGTG,V166M,1,1
-0.8332,0.008594,CTTATCTCAATAGATC,G23P,1,1
-0.8337,0.02136,TAAATTTTACTAATTA,,0,0
-0.8338,0.01964,ACTAGAAGACAAGATA,D271Q,1,1
-0.8338,0.01964,GTATATGAAGCAATCA,,0,0
-0.8338,0.00953,GGAGATTTAATGAATA,S137M,1,1
-0.8339,0.01752,AAATAGTTGTTATATT,Y100H N290V Q501R,3,3
-0.8339,0.01691,ACGAATAACAAATCTA,Q75L,1,1
-0.8339,0.008381,CGAGACCCGAACTCCG,,0,0
-0.834,0.006571,GGGAGTTTTCAACTTA,S265M,1,1
-0.8342,0.01018,TAAAAACCAGTAACGT,A304I,1,1
-0.8342,0.009775,GAAAGATCGACTAATC,E119I,1,1
-0.8342,0.004677,CACCGAGTTAACATAG,,0,0
-0.8345,0.06487,AAAGCTCAGAAGCCAT,,0,0
-0.8345,0.01908,AACCTTAGAAACACAT,G78Y,1,1
-0.8345,0.03604,AATATTCAAAAATGCA,,0,0
-0.8345,0.05724,ACCAAATCATAAAAAA,R405I,1,1
-0.8345,0.01908,ACGGTTCCAAAAGGAC,,0,0
-0.8345,0.03893,AGTGACCCAACACCGA,V213Q,1,1
-0.8345,0.03139,CTGAGTAGAAAAAGTC,H393E,1,1
-0.8345,0.05122,CTTCACCATTAAGCAT,S358V,1,1
-0.8345,0.05122,GCGCAAAACTCAAAGT,,0,0
-0.8345,0.05122,TAAAAAGCACACGAAC,,0,0
-0.8345,0.139,TAACGAAACGGCCAAA,,0,0
-0.8345,0.01649,TAACTTATAATCATGC,,0,0
-0.8345,0.03604,TCGCCGTTATAATGTA,T12Y D348H,2,2
-0.8345,0.01769,GACACCCTATAATATC,E484D,1,1
-0.8347,0.004224,ACCTTGATATTGCAAT,N8W,1,1
-0.8349,0.004551,ACAGTCTAAACTCAAC,S146Y,1,1
-0.835,0.01273,TGCCAGATGACACAAG,A106V G463S,2,2
-0.8354,0.004228,CATAATGAAGAATAGT,P4M,1,1
-0.8355,0.01283,GCCAATACCTGCTACA,A93Q,1,1
-0.8356,0.01317,TGAGTAAACTATTAAT,E172R,1,1
-0.8356,0.02826,ACGATTGACATTTCAA,V112F,1,1
-0.8356,0.007117,TCAGCCCAATACCAGG,,0,0
-0.8357,0.01021,GCGGTTAAGGGGCAAT,V112F,1,1
-0.8358,0.03197,CTCATCATTAAGACAA,A430M,1,1
-0.8359,0.03422,GAAACCTACTACCTAG,L118W,1,1
-0.8359,0.01197,ATCTCAAAATGGAATG,,0,0
-0.836,0.03681,TTAAAGGACATTTATA,L66V,1,1
-0.8361,0.006593,TAACTTCAACTTCCTT,I179M R482L,2,2
-0.8361,0.03982,CCCTTTAAGATTAAGG,R222S,1,2
-0.8362,0.02121,AGCAAGATCTATCCCG,T485N,1,1
-0.8363,0.006529,TGGTGGGCAATAATTC,I242Q,1,1
-0.8364,0.01587,ATAACCCACTACTTCC,E457D,1,1
-0.8364,0.0244,GCGGAGTTCAAATCAC,S46E I418R,2,2
-0.8365,0.01698,TACGCTAGCCCTCCAG,L384M,1,1
-0.8365,0.001961,TTAAACTCACCTATAA,E344L,1,1
-0.8366,0.01056,ATAGGAATCTTACAAA,N22V,1,1
-0.8366,0.003545,AACTGTGCCAGCGATA,K189C,1,1
-0.8366,0.02712,ACCCACGTAATAGCAT,P289G,1,1
-0.8367,0.01129,TTCCGCAATAAATGGT,E403A,1,1
-0.8367,0.01415,AAAGACGCATCAAACA,K264P,1,1
-0.8368,0.001477,CTAACAGAGTATAGAA,I48R,1,1
-0.8368,0.01973,CTACCCTGGTAATCTC,S262N,1,1
-0.837,0.01602,AAGCCGCTAGCCTGAT,,0,0
-0.837,0.02147,GGGACCAGCCTAAACC,I242Q,1,1
-0.8372,0.03491,CAGACAGAATCATCAT,I242D S480Y,2,2
-0.8373,0.02355,GGGTACTCCGCAATTT,Q1T G479C,2,2
-0.8376,0.07823,CTCAAGGCCACAACAG,Q327D,1,1
-0.8376,0.008694,TTTCAGATCTCACAGT,,0,0
-0.8376,0.004737,ACCGATGAGAAGAAGT,,0,0
-0.8377,0.01617,CACACACAGCCGGAAT,,0,1
-0.8377,0.02756,CTTAAGATTTCATTTG,I300W,1,1
-0.838,0.04448,CAACATAAGTATTATC,R141A D188R,2,2
-0.838,0.04448,TGGAGACGTAAAAGCT,K397S,1,1
-0.838,0.01796,GAGCACTGTATTAGTA,N285M,1,1
-0.8381,0.01529,AGCAAGCGCAATCTAA,,0,0
-0.8381,0.09322,AAATGTCGATTAATCC,,0,0
-0.8382,0.004088,GAGTAAGAATCATTTA,S279A,1,1
-0.8382,0.0118,AAAAACAAAACACTAC,T12M,1,1
-0.8382,0.01369,AACTTCGGTATCAGAG,L59T,1,1
-0.8383,0.01632,GACCCAGATTAGTAAT,L244E,1,1
-0.8383,0.008943,AGAACCAGCTATCGTA,,0,0
-0.8383,0.01409,TAAATGTGCTAATCTT,,0,0
-0.8384,0.002835,TATAGAGTAACTGAAA,,0,0
-0.8384,0.03319,AAATCAGGAACGATAC,,0,0
-0.8384,0.03319,TTGCAAGACGCAAGGG,N298S,1,1
-0.8386,0.003176,CGACATATGCGGTAAT,,0,0
-0.8387,0.03563,GATCTAAGATAAGTTA,H56K,1,1
-0.8387,0.03563,GTCCTAAGCAAGAAAA,E35C,1,1
-0.8387,0.01342,TATCCATATAAATGAT,E401T,1,1
-0.8388,0.004864,GAGCCACCTGGACAAC,,0,1
-0.8389,0.01421,AAGTAAGTTTGAGAAG,A93T,1,1
-0.8391,0.01072,CTGCCTGAAACGAAGC,S124R,1,1
-0.8392,0.01096,AGCCTGGGGTAGTCGT,S266V,1,1
-0.8392,0.02421,AAATGAATCACAATGT,N45I,1,1
-0.8392,0.004183,GAGTGATCAAATCCTG,S312Q,1,1
-0.8393,0.02043,CTTCAGTAACTATAAA,A212L,1,1
-0.8393,0.01226,CGAGGGTCAGAGCCTG,T318L,1,1
-0.8393,0.06129,CTGACATAGTACGGGA,K417E,1,1
-0.8393,0.01767,AGTATCGAATACTTTG,Q327T,1,1
-0.8394,0.009084,CAACACAACGAACCGT,Q211V,1,1
-0.8395,0.01834,GTTCATTAGGTTGCCC,,0,0
-0.8395,0.01432,AAAACACCTTTTATCG,E432Y,1,1
-0.8396,0.005262,TCAGTTTCCAGGCCGA,G275T,1,1
-0.8397,0.0223,CCCTCTACCTCGACCA,E401C,1,1
-0.8397,0.008963,AGAGCATTCGATAGAC,,0,0
-0.8399,0.07012,GTTGCCTGCCCAAGCA,N81Y,1,1
-0.8404,0.03023,CCCGAATATCATATCT,S95A,1,1
-0.8405,0.02586,AGATCACTGAACAACA,F258V,1,1
-0.8405,0.02586,TAACAGATTAGAACGC,N38M,1,1
-0.8406,0.03931,GATTGCCACAGACAAA,I274L,1,1
-0.8406,0.02259,GTAATCATAACAGTAA,,0,0
-0.8407,0.02006,GAATAGACTAATCACC,,0,0
-0.8407,0.01074,GACAACAAACAGCACA,N382L,1,1
-0.8407,0.03223,CAGAGCGTAACTCACC,I335L,1,1
-0.8407,0.03223,TTTAATAAAGCAAACA,,0,0
-0.8408,0.08193,TTCTGCCAACGATAGA,,0,0
-0.8409,0.005301,GCAACCCAAATCTCAT,F125L,1,1
-0.8409,0.01035,GAATAATACAATAACA,E414I,1,1
-0.8409,0.007565,TTAATCATGTTGAAAA,Y105F L367Y Q501D,3,3
-0.841,0.0562,CCTCCTGCACAGTTCA,N290W,1,1
-0.8412,0.0123,AATATGTTGAAATATC,,0,0
-0.8413,0.01948,ATAAAATTATCTTGGC,,0,0
-0.8416,0.004357,TCGACAAAAATAAGTA,S95H,1,1
-0.8416,0.02289,GTCTGTCAGGTAGAAC,K207G,1,1
-0.8416,0.02625,AAAAAGATTACAAATA,S279Q,1,1
-0.8417,0.01437,ATTTGATCTCAGGTGA,R269Q,1,1
-0.8418,0.04689,TATAAATTGCACTAAT,,0,0
-0.8418,0.01187,AAATTTAATAAACTAT,,0,0
-0.8419,0.01271,ACGAACATGGATAAGA,G479H,1,1
-0.8419,0.06354,GCCCTATACAGCCACA,,0,0
-0.8419,0.0101,ATTGGTATTGAAAACT,N53K,1,1
-0.8421,0.01775,CTCGTAAGCTGGGAAA,,0,0
-0.8421,0.03284,AAATTCTACTCTCTCT,T187H,1,1
-0.8421,0.09852,TAATAATTATTACTTG,Q394I,1,1
-0.8427,0.03522,AATTTCGTTGACGGTC,G504A,1,1
-0.8427,0.03522,GATAATAAAAAGTTAT,T117I I242C,2,2
-0.8428,0.02144,TTAGTAAAAAAATCTT,K121C,1,1
-0.8429,0.01203,ACCTCACACAGCGTCC,K315Q,1,1
-0.8429,0.01203,GCAGAAATAAGAAATC,D408W,1,1
-0.843,0.03132,TTTTAAACAAGTACTC,N298T,1,1
-0.8431,0.003964,GAAGAAAAATGTATGT,A430W,1,1
-0.8431,0.01592,GGTATCCAGGATGGAC,,0,0
-0.8433,0.007594,CCATTATCTGCTAGTC,E401Y,1,1
-0.8434,0.01431,CAGTCTTAAGTTATGT,Q191W,1,1
-0.8434,0.009586,TGGCACCGTCACGCTA,R255T,1,1
-0.8434,0.01646,CACTTCATAAGCAATT,,0,0
-0.8436,0.03348,AACCGTAAGAAGCAAT,D241N,1,1
-0.8436,0.03348,CCAGGTTCAAATAAAC,K259T,1,1
-0.8436,0.004831,CTCCAATTACCGGTAA,E325G,1,1
-0.8439,0.0122,AAAAAACGGACCCTTT,K397S,1,1
-0.844,0.02471,AAAGAACATCCTAGCA,,0,0
-0.844,0.1235,CCATTACTCACCCTCA,I335F,1,2
-0.844,0.02471,GCCTTGTACTCTAATC,I48C,1,1
-0.844,0.1235,TCATTCATATATACCG,,0,0
-0.8442,0.03595,AGGCTACTGAGCTATG,L157W,1,2
-0.8442,0.01198,GTATCTGGATGCGAGT,I418Q,1,1
-0.8443,0.004086,CTAGACTCAGATAGTG,D271M,1,1
-0.8443,0.01105,CGGCGTAAAATGAGAC,H184S,1,1
-0.8445,0.0172,CACAAAACCACTTGCT,S312F,1,1
-0.8445,0.0172,GACATAACATCACAAC,,0,0
-0.8445,0.01621,ACAAAGGAAAAGAGAT,P324Q,1,1
-0.8446,0.001896,GTTTGAATAAAAGGCA,G504D,1,1
-0.8446,0.006552,TTTTATGACCTCCTAT,A163V,1,1
-0.8447,0.06595,AGATAACGAACCATAA,L151M,1,1
-0.8447,0.06595,GGTCGAACGCCAATTG,,0,0
-0.8447,0.06595,GTGTTATTACTAGCAA,V20I,1,1
-0.8448,0.01783,AGTAAAAATCAGACCG,Q211I,1,1
-0.8449,0.04499,TTTAATTACACCTAAT,S228A,1,1
-0.8455,0.006953,AAGTAACTCTCACTGA,R222S,1,1
-0.8455,0.007128,CTTCCAGTGCCGCCCC,D188V,1,1
-0.8456,0.01598,ATTTGTAGGAAGCGAA,N22V,1,1
-0.8456,0.01694,AAAATTATACCCAAGG,R222N,1,1
-0.8457,0.02417,AACTCTCTAAAGTGAT,K82G,1,1
-0.8458,0.03249,AACCAAGTGGTGAATA,V406T,1,1
-0.8458,0.03671,TCGCTACATCCCAGCC,T485N,1,1
-0.8459,0.04218,AAGAAGCTCTTAATGA,Q210I,1,1
-0.8459,0.04218,TACGGATCGATCATCA,L111M,1,1
-0.846,0.04957,CCAATTTATCTCATAA,V490G,1,1
-0.8463,0.01134,CACTTCTTAGACGAAA,T485L,1,2
-0.8464,0.009972,AAAATACCATATTTCT,G218M,1,2
-0.8464,0.0182,AAAAACTATGCCAGTA,S369T,1,1
-0.8465,0.03101,TAACACGACTAAACCC,T416E,1,1
-0.8465,0.01418,CGAATTCACAAAAACT,K238I,1,1
-0.8466,0.1045,AAAACCACGGAGTTCA,N6H,1,1
-0.8467,0.01056,GAGTTCGCCATAGAAT,F120W,1,1
-0.8468,0.004317,ACGGGAAATCAATGAT,V20M,1,1
-0.8469,0.006305,CAAGCATAAACTCTTT,K50A S219R,2,2
-0.8469,0.02684,CCACAGCCATGCAATT,,0,0
-0.847,0.003599,GTTGAGAAAAGGTAGC,,0,0
-0.8473,0.03312,TGATTAAGTATGCAGT,,0,0
-0.8473,0.05519,AGAATGTATAGATACC,R208K,1,1
-0.8476,0.005971,ACGACTAATCCTAATA,I288V R456S,2,2
-0.8477,0.0284,CAGAAACTATAACCTT,N122A,1,1
-0.8477,0.009468,CATTTCGATATTACCA,,0,0
-0.8477,0.01069,ACATTACCATTAAAAC,Q376T,1,1
-0.8477,0.007619,TTAAAGAAACGCTAAA,T10C,1,1
-0.8477,0.06856,TATACATCTAATAAAT,,0,0
-0.8478,0.006045,CTATATCTCTTAGCAT,,0,0
-0.8478,0.01015,TAGTTTACCTGTCAAC,P21F,1,1
-0.8478,0.04323,TACGTCACAAATATAG,K207G A372G,2,2
-0.8479,0.02486,TAAATCAATGCTTGAA,S312D,1,2
-0.8481,0.01411,GAGCGGCTTAATTAAC,,0,0
-0.8482,0.03553,GTATATCTATATAACT,K207I,1,1
-0.8484,0.02398,ACCCGTTTAAAGTTTT,S124H,1,1
-0.8484,0.01059,AGACGCCCACCTCATA,S114Y,1,1
-0.8484,0.008581,AAAATAAAGCTTAATC,D461V,1,1
-0.8485,0.02141,TATCCAACAGCTAATC,T328V G379D,2,2
-0.8486,0.008128,GTGTTGTTAACTGAAC,,0,0
-0.8486,0.04064,TATACTTATGCACAAA,D419N,1,1
-0.8486,0.04064,TTACAGCTAACAGAGA,R33I,1,1
-0.8488,0.008623,AGTCGCCTTTCAACAT,D73S,1,1
-0.8489,0.06225,AGCTAGAATATACTAT,K278W,1,1
-0.8489,0.008894,GTCGCCGACCGGGGGA,H56C,1,1
-0.849,0.02888,AGGTGTTGTAATATAC,,0,0
-0.849,0.02888,CACCAAATTTTACACC,D77M,1,1
-0.849,0.0188,AACAACATCTAAATAC,S143M R361K,2,2
-0.849,0.0188,AAGCTCATCTTGTTTA,,0,0
-0.8494,0.03216,ATTCTTTACTAGTACA,,0,0
-0.8496,0.008346,GCATAAACCCTATGAC,,0,0
-0.8496,0.01635,TACACCAGTCCAGCAA,,0,0
-0.8499,0.0266,AAGTAACTCAACAACC,S193A,1,1
-0.8499,0.07981,ACCTCTTCTACAAATT,S95G T416M,2,3
-0.8499,0.03628,CAGAACACACCACCTC,K417C,1,1
-0.8499,0.01287,TAAAGAGCAAAAAAGA,Q44R,1,1
-0.8499,0.002609,TAATGATTTAAGCATG,,0,0
-0.8499,0.133,TTTCGAGATACTTTAA,G379P,1,1
-0.85,0.01008,AGAATATAGTAACTAT,K310R,1,1
-0.8502,0.02269,AGAAAATACAAGAAAC,Y302R,1,1
-0.8504,0.02936,AAAAAACGTACAAACT,,0,0
-0.8504,0.01148,AAAAAATTCATGAAAA,N158A R354V,2,2
-0.8505,0.009204,ATCAGATTTTAACACA,,0,1
-0.8505,0.009204,TCAAAACTGCTAATCA,N285F,1,1
-0.8506,0.01491,AGAATCGAGAGTTGCA,G62Q,1,1
-0.8507,0.05258,CATAAACCAAAACCAT,G78Q,1,1
-0.8507,0.05258,CATGATCCAAACGCAT,,0,0
-0.8507,0.05258,TACTTTATAGTCTAGT,Q57I,1,1
-0.8507,0.05258,TTCGACTCAAGTTGAC,,0,1
-0.8508,0.02814,ACCACATAAATCCCTA,K368R,1,1
-0.8509,0.02126,TGAGACTTTATTGCAA,D461N,1,1
-0.8509,0.006094,TTATGGAAATATCTAA,,0,0
-0.851,0.07139,TTAACAAACCAAATAT,,0,0
-0.8511,0.005127,CCACCTCAACCGTACA,K472E,1,1
-0.8511,0.0392,AATTAAACGATACCAT,P324L,1,1
-0.8511,0.0392,GAAACCAAATGAGGAT,,0,0
-0.8514,0.03125,TAAACAGAGCGCATAA,S287A D408W,2,2
-0.8514,0.03125,TAACACCAACCTCGAA,,0,1
-0.8516,0.01771,GCATATCCTTTGAATC,,0,0
-0.8516,0.1112,AAAATTAGAGTTAACT,Q173M D175N,2,2
-0.8519,0.007526,AATTTCTGATAACTAC,N158W G404K,2,2
-0.8519,0.06457,GTTTACGCATTTTAAT,E325T,1,2
-0.852,0.0455,AGCAATAAGGTCCGGT,L13V A476T,2,2
-0.8523,0.01071,ACATGAAGTTTTGTTT,H184V,1,1
-0.8523,0.004209,TCCGATTCTTTGTCAA,K411G,1,1
-0.8525,0.03339,ATATACCGCCAAATAA,S47G,1,1
-0.8526,0.04264,GAACTGCTTCCGATCT,L439C,1,1
-0.8532,0.03039,TTTGCGCGATTCACAA,S124M,1,1
-0.8533,0.01807,TAAAACAGAAAATTGC,,0,0
-0.8535,0.002558,AACCTTAATACCGGAG,K292G,1,1
-0.8538,0.0502,AACATCACTTTAAAGT,A69T K411Y,2,2
-0.8538,0.0502,CCACGTAAACTTTCCG,,0,0
-0.8538,0.08366,AAAAAAATCAAATAAA,,0,0
-0.8538,0.08366,CAAACATTAAATAAAA,,0,0
-0.8538,0.02789,GCAGTTCCATTCATTA,Q327N,1,1
-0.8538,0.08366,GCTAATCCCTACTTAA,,0,0
-0.8539,0.005533,GTTAGAAATAATAATC,A196V,1,1
-0.8542,0.01041,TCTTCATAACTCAAAC,M462E,1,1
-0.8542,0.03405,ACCCTGAATTTCACCT,I202F,1,2
-0.8542,0.01248,AAAACGGATATACAGG,I242R,1,1
-0.8543,0.007555,TATAAATCCTTTCTTT,S144F,1,1
-0.8543,0.01558,GTACATTGCGTTCTAA,V166Y,1,1
-0.8544,0.005076,TGTCACACAACAAATT,N63G,1,1
-0.8545,0.03242,AAAACAGCTAAAAATC,W234A,1,1
-0.8545,0.00426,CACACAATACGGAGGC,D487V,1,1
-0.8546,0.07445,AAAAAAGAAACAAAAA,F79M,1,1
-0.8546,0.01489,GCCGTTACACCAAAGA,,0,0
-0.8547,0.04371,CAAAAAACCTATTGCG,S312G,1,1
-0.8547,0.007504,GCAAAGGCAGCACATT,N165C,1,1
-0.8548,0.03094,AAAAAAACACTATCAA,S96G,1,1
-0.8548,0.02394,AAACCTGCTACACTAC,K310S,1,1
-0.8548,0.02394,GCGAATCGAGGTAACC,,0,0
-0.855,0.007185,AAAACAAAAACAACCC,M168Q,1,1
-0.8551,0.01846,ACGGCATTAGAACCCA,A69T,1,1
-0.8552,0.02236,CAATCCAGAATAGATT,I260N,1,1
-0.8552,0.02834,ATGAAGTCATTAATCT,A196E,1,1
-0.8554,0.008458,CTTTCTATTCGATGTC,,0,0
-0.8557,0.03661,ACAGCAAAAAAGGCAA,,0,0
-0.8557,0.004695,GTTCTACTATTTACTA,L59A,1,1
-0.8557,0.1831,GCAGTTTTGATACCTA,I377T,1,1
-0.8559,0.005,CGCACACATGAACAAC,L59I,1,1
-0.8559,0.03473,TCCATATTCAGCTCAG,R208Y V406Q,2,2
-0.856,0.02428,AACTATAGCAACACAC,,0,0
-0.856,0.02428,CAACGTATGGCAAAAT,,0,0
-0.856,0.02428,CCACCTTATTTTCCCA,A69Y,1,1
-0.8562,0.01482,TGATACCTCTTCGAAT,Q210L,1,1
-0.8563,0.001532,TCAGAACCATATCACA,Q356C,1,1
-0.8563,0.009291,CGAAAATTTTTTCCAA,R229Y D493S,2,2
-0.8565,0.0301,TGAAAACGTATCGAGT,,0,0
-0.8567,0.1441,GAAATAACGTCAGTAA,K468Q,1,1
-0.8568,0.01564,CATCAAAAGAAAAAGA,,0,0
-0.857,0.01495,TCGTACTAAATGGATA,Q197T V204L,2,2
-0.857,0.01886,TGTCCTACTAAGTAAT,,0,0
-0.8572,0.01787,CCGCCTCTAGAATCAA,,0,0
-0.8574,0.02376,ACATGGGGCTAAACCT,N285Y,1,1
-0.8574,0.1188,AGATCTCCTAACGAAA,T40I,1,1
-0.8574,0.1188,CATGATTGAGAATTAC,K315P,1,1
-0.8576,0.00658,TCACACTTCCATGGTT,G23P,1,1
-0.8577,0.01203,CATTTAATGTCAATAC,Q132S,1,1
-0.8577,0.01542,TTCAAGTAATTAAACA,,0,0
-0.8577,0.02149,CCGCTAAATAAATTAA,V223R,1,1
-0.8577,0.03544,TGCATGCACACTTCGA,N489H,1,1
-0.8578,0.02083,ATGTATACTAAACAAC,P239H,1,1
-0.8578,0.007863,TGCCTTTGTAACATAC,L70Y,1,1
-0.8578,0.101,AGAATGTAAAATTGCA,P289K,1,1
-0.8578,0.101,CATTAATAGCAACTCA,K131N,1,2
-0.8579,0.008827,AATACTATAATCCAAA,T416G,1,1
-0.858,0.006417,TAAGATACGTGACGAG,,0,0
-0.858,0.005647,TTAGCAGTGCTGCAAA,N382V,1,1
-0.8581,0.01805,ACGGCAGTGATTAACT,A19W,1,1
-0.8582,0.08791,TATTATCAACTTATCT,,0,0
-0.8582,0.08791,TCCCTTCTAAACACCA,G379L,1,1
-0.8583,0.01714,GATGAGATTTCATAAC,,0,0
-0.8585,0.01556,AGATCCGACGCAATTC,N45R,1,1
-0.8585,0.02498,ATTATTACGAGTCTAT,E410Q,1,1
-0.8586,0.008029,TTTCCTTCATTATTGA,,0,0
-0.8586,0.02409,AGCTATATTTACAGCT,,0,0
-0.8586,0.02409,GCACCAAATGTAGTGC,I202A,1,1
-0.8586,0.01425,TACATGCTTTAGGAAA,V20K K264H,2,2
-0.8587,0.06977,AATACCTAATTCTGTA,,0,0
-0.8587,0.06977,ATGTTCATAACTACAC,S114N,1,1
-0.8589,0.06325,GGACAATATACAAGGA,S198A,1,1
-0.8589,0.008688,TGCCACAGTCGGAATA,,0,0
-0.859,0.05784,ATTCCCATGCTATTAG,,0,0
-0.859,0.05784,TGAACCGACTAAAAAA,Q311E,1,1
-0.859,0.008164,AAGGATGTTATAAAAA,,0,0
-0.8592,0.04939,AACTTCGACAGAAGAT,N6I R150K,2,2
-0.8592,0.04939,ACCCAACAAGACAAAC,R33V,1,2
-0.8592,0.04939,ATCTTCCAGACGCTAA,T203A,1,1
-0.8593,0.04603,AATTGCCTCGACAGGG,K411F,1,1
-0.8593,0.04603,AGACACACATACCACT,S9Q G386E,2,2
-0.8593,0.015,TGACATGATTAAAAAA,R269V,1,1
-0.8594,0.01468,CACCATAATAAATCAA,I267H,1,1
-0.8596,0.03618,ATATCGTCTAAGCAAG,N22G,1,1
-0.8597,0.03269,ATGAATTATAGGTACA,N298D,1,1
-0.86,0.02134,ATGCAATGCTCACTAA,Q327I,1,1
-0.86,0.02069,TGACTACTTCTTATGC,S198M,1,1
-0.8601,0.01795,CAATGCTTATCAAAGA,T313E,1,1
-0.8601,0.01548,CGGTTAATCCGCATGA,F192W,1,1
-0.8607,0.006882,ATCCACGATTTAGAAA,E449Q,1,1
-0.8609,0.014,AAACCCAATCAGTCAG,H184F,1,1
-0.861,0.01863,TGTCAACGATGTTTTA,,0,0
-0.8612,0.0239,AAATATAGAAAAAACT,N38F,1,1
-0.8613,0.02673,CAAAAAGAAACATAAT,R222T,1,2
-0.8615,0.0121,AGGATTTGTGATGTAC,T416V,1,1
-0.8616,0.04149,GGAAGATCCAAAGCTA,N94M,1,1
-0.8617,0.0442,ACCCGATGAAATTAAT,,0,0
-0.8618,0.04729,ATCCATATACATCATC,E35Y S199F,2,2
-0.8619,0.01695,TCATCCCCACCTTTGA,,0,1
-0.8619,0.01048,CCAACAACCAAGGTTT,S146E,1,1
-0.862,0.01784,TGTTGATAGTATGCAA,N158T,1,1
-0.862,0.01833,ATCCGCAGATCTATGA,,0,0
-0.862,0.05498,GTCAAATGGGCAAAGA,S442F,1,1
-0.8622,0.01218,ATACTCGTATCGGATA,A364V,1,1
-0.8622,0.02055,ATAATATACCTCAAAT,D101Q A212E,2,2
-0.8622,0.005669,TCCGACGGGAATGCGA,Q407N,1,1
-0.8623,0.06564,GAGATCTAACAAATCA,K368V,1,1
-0.8623,0.06564,GGCTATAAACCCCTAC,S312N,1,1
-0.8625,0.0727,AATAATATTTGATCGA,Q434S,1,2
-0.8625,0.01072,TTCAGAAAGTATAACA,S358H,1,1
-0.8627,0.08145,TTATAAAACACTATTC,P21Q M268I,2,2
-0.8628,0.01712,ATTTGAATACCCAAAA,R90H K278E,2,2
-0.863,0.01852,TAAAAAGATACACCTC,,0,0
-0.863,0.03087,TTCCGTTCAGAACATT,Q311T,1,1
-0.863,0.0926,GATTTAAAACAAGTAA,I34F,1,1
-0.8632,0.002564,ACCACGCACCCTGCAT,,0,0
-0.8635,0.007308,TACACTCACCGCACCA,,0,0
-0.8636,0.03776,TTACGTAGCACATCAC,N94C N357G,2,2
-0.8636,0.01283,CAAGCCGTCTCACGGC,F338T,1,1
-0.8637,0.03999,AACGCAACGCAGAGTA,,0,0
-0.8639,0.1275,CATTATACCCACCAAA,A212I,1,1
-0.8639,0.04251,TATAACTCAGAATTGA,,0,0
-0.8639,0.1275,TGTCTTAAAACCCATG,S95R E410K,2,3
-0.8641,0.0265,CACTCACAACACGGTT,L447F,1,1
-0.8641,0.01925,AATTTAAAATACAAAG,,0,0
-0.8642,0.04536,TCGTAATGTACCTGTT,D408T,1,1
-0.8642,0.02758,CGGCCAGCTTGTGTCA,,0,0
-0.8642,0.01547,CTCGCCGTCTGTAGCA,K189T,1,1
-0.8644,0.005318,AGAAGAAATCACATTC,N6M,1,1
-0.8644,0.00372,AGAGACACTAAACACA,D487S,1,1
-0.8644,0.009724,AGAAGATTATAGTTAC,E484Q,1,1
-0.8644,0.04862,CCAACGGTAAAAAGCC,P273V,1,1
-0.8644,0.04862,GCTGATAACAATAGGA,V406I,1,1
-0.8645,0.01344,ATGATTCTCAAACAGT,Y105M,1,1
-0.8647,0.01188,TATTACACAAGATTTC,L154V,1,1
-0.8647,0.008172,AACCATTTAAAAGGAT,D68M,1,1
-0.8647,0.1571,TAAGTGATTTAGATTC,,0,0
-0.8647,0.05238,TCCCATTCCTAATTAA,D493F,1,1
-0.8648,0.009373,GATATTCGGCATGTAT,Q1E T187L,2,2
-0.8649,0.002448,ATTAGAGAAGACCCAT,N298F,1,1
-0.8652,0.009168,CCCTCCCTCGACCAAC,S149V,1,1
-0.8653,0.005062,CTAACATAATAGCACA,V213S,1,1
-0.8654,0.02589,TTGCAATGGCAAAACA,A430G,1,1
-0.8654,0.03652,TAGAACATCGAGTTTT,D186N,1,1
-0.8655,0.0124,ACCATTCCCACAACTA,G5Q,1,1
-0.8655,0.06198,ATCAATAACCTATAAC,Q407G,1,1
-0.8655,0.0124,CATGCAAGAAATATTA,,0,0
-0.8657,0.0386,AGAGAATAAATCAAAC,K503F,1,1
-0.8659,0.01539,GTACAACTCATCGCGC,,0,0
-0.8659,0.01183,AAGCTCAGAGCAATGG,G275N,1,1
-0.866,0.04094,CATTTGCTGAAAATAT,I267C,1,1
-0.866,0.06823,CTAGAACGGCAAACTT,,0,0
-0.866,0.06823,CTCTCGGATAAGGCCT,G16P,1,1
-0.866,0.06823,CTTAAATACGAGATCC,,0,0
-0.8661,0.01612,TTCATTGAATATCCAA,S46M,1,1
-0.8663,0.01969,TCAAAAAAATTCTATA,H355V,1,1
-0.8663,0.04358,TTAAATCAAGTGGTCT,,0,0
-0.8664,0.005973,CCAGAATGGGAGTATA,,0,0
-0.8665,0.03201,AAATTTCCAAAATTCT,E426V,1,1
-0.8666,0.07588,TAACCGACAACTTTAA,S46V,1,1
-0.8666,0.01348,ATCAGAAATCTGTACT,,0,0
-0.8667,0.04658,CCATGTGTAATAATAA,E410Q,1,1
-0.8667,0.04658,GCTCAGAATAAGACGG,P169M,1,1
-0.8667,0.009316,TCATGACATACCGCAT,,0,1
-0.8669,0.0183,CGTGCATATAAAGGCC,,0,0
-0.8669,0.01589,TAATCTCTTCTCGTAT,R33K,1,1
-0.867,0.01434,AAATCTTCTAGTAAAG,,0,0
-0.8671,0.03535,TCCTTGGAACGCATTT,D101H,1,1
-0.8672,0.01,ACACAGGTTAATCACC,Q75G,1,1
-0.8672,0.05002,GACATCTCAATCCTCA,I418N,1,1
-0.8672,0.05002,TTGACTTGATGGCATC,G49I,1,1
-0.8672,0.01935,GGGTTGCTGACTTGCG,R222A,1,1
-0.8673,0.01332,CCATTTCAAATAGCAT,K276A,1,1
-0.8673,0.02305,ATGAAACAAACTAACA,,0,0
-0.8673,0.007301,CAAAGATGACAGACAA,D461R,1,1
-0.8674,0.08547,AGAAGGATACGCTTTG,T10R,1,1
-0.8674,0.08547,ATATTTAAGATCATTT,K82I,1,1
-0.8674,0.01992,CTTGCACCACAACGTC,S47F,1,1
-0.8676,0.005372,TCATTACCACGACTGA,R33L I300C,2,2
-0.8676,0.008515,GTCGAATACCAACATT,G330A,1,1
-0.8676,0.02052,TCCACATTTACCACAA,P239T R354W,2,2
-0.8678,0.02473,AGACGAAAACAGTAAT,N483D,1,1
-0.8678,0.02473,AGTTCGCTGAAAACTT,,0,0
-0.8679,0.02116,ACAGCTGATACGAGTT,W180Y,1,1
-0.8681,0.004343,CAGCTAACTTTAAAAA,K2W N445R,2,2
-0.8681,0.02567,GGTTCCAATATTGCTG,,0,0
-0.8681,0.02567,TTCAGCGATGTGTTAG,R229M,1,1
-0.8682,0.0107,TTTGCAGATAGAGAAT,S149Q N445D,2,2
-0.8684,0.0587,CAAGCCAATCAGTTCC,,0,0
-0.8684,0.02258,GAAAATGATAGGTTTG,S312M,1,1
-0.8684,0.0587,GCAAACCATAATAGTT,G49S,1,1
-0.8684,0.008895,GTGGAAAGGACGCACG,I418E,1,1
-0.8684,0.009469,CGATATAAATTTCCAC,,0,0
-0.8686,0.007786,TGGTTAGGATGCAACA,,0,0
-0.8688,0.02077,GAAAAAATCCTTCTCA,,0,0
-0.8689,0.0447,AATATATTGAAGCCTA,S96V,1,1
-0.8689,0.02419,ACCAGACTTCTTATTT,G61A,1,1
-0.8691,0.02143,GATTGAAAACGGGAAC,D175V,1,1
-0.8694,0.03026,GCACACTCTTAGACTA,R361V,1,1
-0.8694,0.03026,TTATCTAGTCAACATA,A19T R224W,2,2
-0.8697,0.1144,AACTTCAGCACATCCC,T167A K310F,2,2
-0.8697,0.1144,CAAATATCAAATATTC,P4Q I58N D60C,3,3
-0.8698,0.01839,TAATGACACAAGGTTA,S287I,1,1
-0.8699,0.01295,ACACAGTTACCAGCTA,,0,0
-0.87,0.02368,AATGTTAGCCATCGAA,T187M,1,2
-0.87,0.07103,TACGACACACTTACCT,N475Q,1,1
-0.8701,0.05151,GAAAAGAATCAACAAC,L15A,1,1
-0.8702,0.009282,ATGGTCGTCAATGACC,R33Q N94P,2,2
-0.8707,0.02546,CAAAAGGCCATATCGA,I214G,1,1
-0.8708,0.03495,AAGGTTAGGTTATCAA,R150T,1,1
-0.8709,0.009462,AATTGGAGGAAAATTC,E359A,1,1
-0.8709,0.05575,CAAAGTCGGCAATGTG,D408G,1,1
-0.8709,0.05575,TACTAGGATCAATTGC,,0,0
-0.8711,0.07936,TTATGTAGTTATTAAT,N126T,1,1
-0.8715,0.1376,ATGGCTAGTCTAACAC,,0,0
-0.8715,0.04588,CAGGAAAATTGGCAGC,N158G,1,1
-0.8717,0.01444,CAAAGAAGAGGTATAT,D348G,1,1
-0.8719,0.01707,CCATCGAATACTCCCT,D175Y F353W,2,2
-0.8719,0.01476,CTCCAACTGTTGAAAT,T451C,1,1
-0.872,0.02271,GCATCTACAACATTGT,,0,0
-0.8721,0.01008,AGCTTAGGTTAAACCG,V20M,1,1
-0.8722,0.01509,GAAATCAGACCCATGC,K171G,1,1
-0.8724,0.0235,TCGGAAACATAGCACT,D77E K326M E398K,3,3
-0.8726,0.02154,ATCTCACTAAAGAGGG,I29Y A212C,2,2
-0.8727,0.04137,AAACTCACGCAACACG,T328G,1,1
-0.8727,0.04137,AACCACCGACCAAGTT,S137G,1,1
-0.8727,0.04137,GTCTCAGCAAATTCAA,F448A,1,1
-0.8729,0.004578,AGATATCGAATATGAC,N165P,1,1
-0.8729,0.03567,TATGTAACATCTCATA,,0,1
-0.873,0.06675,TATCTAGCGATGCAAT,N8K,1,1
-0.8732,0.008056,AATCGAGACAAATGAT,Y470W,1,1
-0.8732,0.02797,ACAAAATGCCAAGATA,S96V,1,1
-0.8732,0.009326,TTATACATATTTTCCT,T10M,1,1
-0.8733,0.05308,ATAAATCTAACACGAA,,0,0
-0.8733,0.008153,AATGAGTGCATATGGC,D291L,1,1
-0.8733,0.006973,TTAATACACGCAACAA,D474N,1,1
-0.8734,0.04406,GAAGCGAGAAATAATG,S144G S205Y,2,2
-0.8735,0.0139,CTAAATCAAATGCCCT,D375G,1,1
-0.8736,0.03766,TGGACATCAGGAACAC,R141D,1,1
-0.8736,0.01817,GTTAGATCAGTACATT,R482M,1,1
-0.8736,0.004875,AGTAATAACTTAGAGT,P103G,1,1
-0.874,0.01535,TCTTTAAATACAGTCA,N250S,1,1
-0.8741,0.01185,TAACAGAGAACCAGAC,R482G,1,1
-0.8743,0.05761,ATCCAGGAAAGTATAA,N63L,1,1
-0.8743,0.02729,TTAATAAGACGCAAAA,M168N,1,1
-0.8743,0.02729,TTCTACAACAAAAAAC,K468N,1,1
-0.8743,0.1037,AATAACCAACAACGCA,Y257S,1,1
-0.8743,0.1037,CATACTAGAATACAAT,G240S,1,1
-0.8747,0.006122,TGATCTAGATGCAATC,V223Q,1,1
-0.8749,0.02843,CTCAATTAATGACCTA,Q197F,1,1
-0.8751,0.004594,GAGCTACTTATTCAGA,,0,0
-0.8751,0.01888,ACAACAGATAGACATT,,0,0
-0.8752,0.04238,ATGGGAAGGGCAATTG,V323M K326N,2,2
-0.8754,0.01806,ATAATGACAAGTCCAG,R229I,1,1
-0.8756,0.005602,AGTAATATCACAAGAG,T370S,1,1
-0.8756,0.06297,CAATCAGAGAAATCAT,K310R,1,1
-0.8757,0.02284,TTATTCTAATCAACTT,D408N,1,1
-0.8758,0.01395,GGGGACAATACATTAC,G5K,1,1
-0.8759,0.0385,ACCTATACATAAACTA,K238V,1,1
-0.876,0.02772,TTATCAAAGGGAGTAT,I274Q,1,1
-0.876,0.08317,CCTTTCCCCAAATACG,I214P,1,1
-0.8761,0.02166,AAAAGGAAACAAAGCT,D32Y,1,1
-0.8764,0.004851,AAACAGAGTATCTTAA,S442W,1,1
-0.8765,0.03527,GGGCCAACGATCCATC,,0,0
-0.8766,0.008495,GTAATCTCTTAAATTG,N6L,1,1
-0.8766,0.02238,CCAAAACTTGACTGAA,,0,0
-0.8768,0.1225,AATTCGTGTGTGCATT,N63G,1,1
-0.8768,0.1225,AGAAGAGGAGGTTTGC,T167C,1,1
-0.8768,0.04082,GCATGACCGTCACTCT,Q197G,1,1
-0.8768,0.1225,TTGTCTCTCACTAAGT,G5C,1,1
-0.877,0.03254,ATTCTCCAATTGAACA,N357T,1,1
-0.877,0.03254,GACCCGTAGAAACTCT,N424D,1,1
-0.8771,0.02705,AGCCTACTTACGTATA,D225Q,1,1
-0.8772,0.009342,TGTCCTAATTAATTGT,R299M,1,1
-0.8773,0.01102,AACTTCAAAGTCCCTA,,0,0
-0.8774,0.03721,ACCTATAAACTTGGGG,R482H,1,2
-0.8775,0.01722,GATTCGGTTTCCTGAT,T167I,1,1
-0.8775,0.01205,GGATTTAACAAAAGAT,S198Y,1,2
-0.8776,0.007188,CTAGAACACATATCAC,N63Y,1,1
-0.8778,0.02396,GGTCCAACGTTTACTT,N159D,1,1
-0.8778,0.03418,AGAATCTTTCACATAA,A430V,1,1
-0.8779,0.04344,CCCAATCTAACAAAAC,,0,0
-0.878,0.01986,TAAATAAATCCCTGCA,,0,1
-0.8781,0.0264,CGATTGGCATCCAAAG,E83R,1,1
-0.8782,0.03161,GATCAGACTGAAAACT,,0,0
-0.8782,0.09483,TATAACTTCGGATATT,I267Y,1,1
-0.8784,0.005626,ACGCACCTTCACAACA,T203G,1,1
-0.8784,0.006383,TACAAACATATTTCCT,,0,0
-0.8786,0.006713,ATCCTGGAAGAACGTA,D32I,1,1
-0.8787,0.012,TAAAGAAACAACAAAA,,0,1
-0.8787,0.036,ACTTATAACTTACGGA,S198D E457C,2,2
-0.8788,0.01671,GATCTAAAAGAAACCC,P169S,1,1
-0.8791,0.07737,AAAAGCAAAGAGATAT,E325I,1,1
-0.8793,0.0243,ATACACTACTAATGAT,Y302L,1,1
-0.8794,0.002451,GTGAGACGCTTGAGAT,N81V,1,2
-0.8795,0.04181,AATAATTGAAGGTTTG,,0,0
-0.8797,0.06534,ATGAACTATTTATACA,S480Q,1,1
-0.8798,0.03802,CTCTAAATAAATAAAT,S279L,1,1
-0.88,0.01333,TACCTATACACTTCCT,N158M,1,1
-0.8804,0.1495,ATATCCACCGCTACCA,T206S,1,1
-0.8804,0.04984,ATCCGCTACCGACCCA,S46C E410V,2,2
-0.8804,0.04984,GTTTATATCAGATCAA,H56Q A304H,2,2
-0.8807,0.02618,GACTCTGATCTCTAGT,N298Y,1,1
-0.8808,0.01854,CAAATTCATCGAACAA,A425S,1,1
-0.8808,0.01139,TACATCTATTTAAGCA,S262M,1,1
-0.8809,0.008059,GCATACCTCACAAATC,R222G,1,1
-0.8811,0.1103,AACTGGATTGATCAAG,G142I,1,1
-0.8811,0.1103,CAAAGCGCGGACACTT,,0,0
-0.8811,0.1103,TAAACCATACAGAAAC,,0,0
-0.8812,0.01466,CCCTTAAAAGGAACAA,K207L,1,1
-0.8812,0.03381,TTGAAAGCACCACAGT,,0,0
-0.8813,0.007707,TGCGCCCCGCTCAACA,T187G,1,1
-0.8813,0.01996,TTACTAAAGTTTAGCC,K140E,1,1
-0.8813,0.002695,AATATGACAAATCTCG,F125W,1,1
-0.8815,0.08736,ACACAACATCAACTAG,,0,0
-0.8815,0.08736,CTCTTACCGGTAAAAA,,0,0
-0.8815,0.08736,TATAATCATCTTTGAA,Q132W,1,1
-0.8816,0.01146,GAACTAGATCACTCAA,E401T,1,1
-0.8818,0.009409,GAACCAGTCATTTATT,T30Y,1,1
-0.8819,0.02057,TGCGAAAGAAAAAAGA,R208S,1,1
-0.8819,0.06171,CTGCAATAACGAACAC,V406M,1,1
-0.8819,0.06171,GACATAAGGATTCTTA,,0,0
-0.8819,0.004643,AATACGATATTCTCTT,S146W,1,1
-0.882,0.006066,GAGAACTGTCTTTCGT,D101R,1,2
-0.882,0.05381,TTATCTGAATCGAAGG,E83W,1,1
-0.8821,0.0477,AACCGGAGCCCATTGG,L244R,1,1
-0.8821,0.01532,CCAAATTCCACACCTA,K292S,1,1
-0.8822,0.008398,ACACCCCCCCATAGTT,,0,0
-0.8823,0.03559,CATCATAAGATATCGC,S124G K207N,2,3
-0.8824,0.03043,TATAATACAAAAGTAT,R307H,1,1
-0.8826,0.01628,CCAGTAACACCCCAAC,L244E,1,1
-0.8827,0.01174,ACATTAGAAAAAAGAA,N6R R405Q,2,3
-0.8828,0.007531,ATTCACGACACTTATG,I214C,1,1
-0.8831,0.0091,TCTTCATGTCACTTCA,I242H,1,1
-0.8831,0.009512,TAAAAACTCACGCAGC,S219G,1,1
-0.8832,0.01984,AGATAAATAAGACAAA,N45K,1,1
-0.8832,0.02082,TCTCGCAAAACCATAA,P273K,1,1
-0.8833,0.02445,AACACGCATATTCAGC,S270C,1,1
-0.8834,0.02767,AAGAGTATGATATCAT,G275D,1,1
-0.8834,0.03187,CATATAGTCTTCATTT,G200L,1,1
-0.8834,0.03187,CGCCACTGAATACCGT,K50G,1,1
-0.8835,0.01119,TTCTAAGTATGGCCTT,S145I,1,1
-0.8837,0.04574,GTAAATCGAAAGTACT,,0,0
-0.884,0.02148,TTAGACGTTAAATAAT,,0,0
-0.884,0.0679,AGTATTATACGCGAAA,,0,0
-0.8841,0.005498,CTAGCAATCCTTATAT,R33N,1,1
-0.8841,0.02392,ACGCGCTGAAGATATA,S95D,1,1
-0.8842,0.08099,GATCGTTAACCATCGC,N290M,1,1
-0.8842,0.08099,TTTGAATTTAGAACTA,N498S,1,1
-0.8843,0.009402,AGAAAATCATATGCTC,R224T,1,1
-0.8843,0.01225,GTGCTGTTAATAAACC,E401Q,1,1
-0.8844,0.03098,CCGATTGTGATGAAAA,D188Y,1,1
-0.8846,0.03344,CAGCTCATTTAGAACA,P99T,1,1
-0.8846,0.1003,GGGGCCTAAAGAACGT,G352F,1,1
-0.8847,0.01177,AAAAGATGGATAACTG,,0,0
-0.8847,0.003478,CGGCTCGTTTTGTTGC,K189Q,1,1
-0.8848,0.0166,TTCACAGAAATCTAAC,,0,0
-0.8851,0.01464,ACACACCCAGTCTCTA,I300K,1,1
-0.8851,0.02636,CATCCAATAAGATATC,F294W,1,1
-0.8851,0.01464,CATGGCGTTAAAACCA,,0,0
-0.8853,0.02068,AATACGGTTAAGATAG,I236L,1,1
-0.8854,0.02175,CAAGTGGTCGCCTTAT,G62W,1,1
-0.8855,0.01773,TCACTGAATATGTAAA,A69N,1,1
-0.8856,0.01497,AATTCATACTAGTTTT,P4T,1,1
-0.8856,0.01497,GTATTCCCGGTAACAG,S124P I236Y,2,2
-0.8857,0.02426,GATTATAATCGGCAGG,L157I,1,1
-0.8858,0.0102,GATTTTCACTAAGTTA,N126W,1,2
-0.8858,0.0102,TTGTCCCACAGCGGGC,,0,0
-0.8858,0.01937,TGGCCTCTAAAAGGAA,,0,0
-0.8858,0.01611,TTCAGAAACTCAAATT,P324Y,1,1
-0.8861,0.06399,ACAAAAAGATAATCAA,V413F,1,1
-0.8862,0.01531,TGACTTGCGAAAGAAC,T416V,1,1
-0.8862,0.02247,ACCACACAAATCAATT,,0,0
-0.8865,0.004803,CTTGAGGCCACAACTA,E494Q,1,1
-0.8865,0.03154,CATATCCGGAATCCAA,,0,0
-0.8866,0.07548,ACTAACATTTCACTTA,I217L,1,1
-0.8866,0.0151,GCCATTCAAATAATCA,D77G,1,1
-0.8866,0.02516,GCGCCATATCTCCATA,A69I D348N,2,3
-0.8867,0.005889,TACGATCATCAAAGGA,,0,0
-0.8868,0.0341,ACATGTCAATATAGAC,,0,0
-0.8869,0.009611,ACCATTAGGCTTCACC,Q57F,1,1
-0.8869,0.02203,CAGACGACCTCTGGGT,N45Y P227Q Q434E,3,3
-0.8871,0.01692,GCCACAACGAGTAAAC,,0,0
-0.8871,0.02324,CCCTCTTACAAACCCA,E119T,1,1
-0.8873,0.05289,TTCTCAGATAAGTAAC,E457A,1,1
-0.8873,0.05289,TTTGTGGAAGCCACGC,S96L,1,1
-0.8875,0.0216,CGATCCCCATAATCCA,Y257F,1,1
-0.8876,0.0407,AGAATATCCAACCTGA,P4D P99T,2,2
-0.8877,0.01523,CTAAACTCTTAGAAAA,N38T,1,1
-0.888,0.02787,GAAGAATCCGCCAGTA,S480T,1,1
-0.8881,0.04507,AACTATAGTGATGATA,L177M E403D,2,2
-0.8887,0.05048,AATGATTGTAAATGAA,S145F D291N,2,2
-0.8887,0.07068,CAGGTAAGACAATGAA,,0,0
-0.8887,0.1178,CCATACGCGATAACCA,E83G F448V,2,2
-0.8887,0.03926,CGGCAACGTTCATATG,,0,0
-0.8887,0.07068,TTAAAAGAATATTGCG,S54R G62N,2,2
-0.8891,0.02496,CAAAACTAGTACATCA,P289S,1,1
-0.8892,0.006011,TCTTCTTCCCTATATA,T167L,1,1
-0.8892,0.03478,CCTGAACTTAGAAATT,S219N,1,1
-0.8892,0.0116,CGCTTCCTATCTTCTT,,0,0
-0.8892,0.01829,AGCAACCATAAGCAAA,D348E,1,1
-0.8893,0.04331,TAATCATAATATCTGC,R150M,1,1
-0.8894,0.004263,ATCCTAATATGGAAAG,S205C,1,1
-0.8895,0.01726,TATTTAGACTATCTGG,I236C,1,1
-0.8895,0.05737,TTGCCTGTATTTCCGA,,0,0
-0.8896,0.00347,CCATGTCAGCTAATTA,T12H,1,1
-0.8897,0.009522,TAATGTGTAGATATGC,D408G,1,1
-0.8897,0.018,ACCAAGACTGTAGATT,S378R,1,1
-0.8898,0.009234,AAGCACGGTTAAAAAA,T203Q,1,1
-0.8898,0.01067,AGAAACGCTTTGTATA,I242H,1,1
-0.8898,0.03792,CTCCCTAAATTTATCT,D375V,1,1
-0.8898,0.03792,TACCTGTTCAAAAGCT,F332I,1,2
-0.8899,0.08496,AATAACTTAAAGTCCT,T187I,1,1
-0.8899,0.08496,CCTCACATTATCTAAA,,0,0
-0.8899,0.08496,TCTAGCAAAAACAAGA,K171V,1,1
-0.8904,0.00558,AGACGTATAAGAACAT,R222A,1,1
-0.8906,0.01329,AAGAGTTTCTTGGATT,N22L,1,1
-0.891,0.01488,ATTTAACTCTTAGCCC,P273H N498R,2,2
-0.891,0.05455,CAAAGAAAATGAACCT,P227E,1,1
-0.891,0.1637,GACTTCTTGTTCACGA,L243M,1,1
-0.8912,0.009854,GTGTTAGTCGGTTATT,,0,0
-0.8913,0.009256,TAATCACCCTTTACCC,F125Y,1,1
-0.8917,0.0355,AAAATTCAACCCCGCA,,0,0
-0.8917,0.0355,ATATAACATAATCTAA,R208K,1,1
-0.8917,0.1065,GTAACAATTTATGGGA,D77Y Q501V,2,2
-0.892,0.006195,GTATTTACAAACTGCC,,0,0
-0.892,0.02631,CAATATACGGAGAGCT,,0,0
-0.892,0.07892,ACATAAAAACAGCACC,E280R,1,1
-0.892,0.07892,ACCTCTACCTTAACAG,R201H,1,1
-0.8921,0.0105,CCGACATTAAAATTCA,N31H,1,1
-0.8922,0.008957,ACATAACTCCTATAGA,,0,0
-0.8922,0.06269,CCATCGATATATCTTA,,0,0
-0.8922,0.0209,GATAAGGACTACCACT,T416E,1,1
-0.8923,0.01956,TAAAACAGCTATGCTA,,0,0
-0.8924,0.01556,TAGACTTAATAGTAAC,S247T,1,1
-0.8925,0.007039,TGTTAACGTCTTACAT,,0,0
-0.8925,0.0344,GACATATAACTGAAAC,E83D,1,2
-0.8927,0.008111,GACCGGTTGGTCAATC,,0,0
-0.8928,0.01707,AACCATAACATGAAGC,V213L,1,1
-0.8931,0.01046,ACCCAATAAAACAATA,G379C,1,1
-0.8932,0.01889,GAGAGTATATACATGG,G5F R299L,2,2
-0.8933,0.02737,AACGAGTCAAAGTGGT,P227N,1,1
-0.8933,0.009406,ATCCGCAAACCAATTT,T40Y,1,1
-0.8934,0.012,TAACTGAGGGACCATA,,0,0
-0.8934,0.03746,CACATGAATGTGTTTA,F174V,1,1
-0.8935,0.04271,TAGAATAAAACCTAGG,L431M,1,1
-0.8936,0.04967,TCTAAACAGTTACTAC,Y105H,1,1
-0.8936,0.01063,TTTAACCATAACAAAA,I48G K140E,2,2
-0.8937,0.005302,TACATACAGTGCCAAC,,0,0
-0.8937,0.05934,ATAAATGTGAATAGAA,N38K T135I,2,2
-0.8937,0.01235,GCGCATAATCATAGAG,L439W,1,1
-0.8937,0.01287,GGCTTTTAACAATACT,N63A E410K,2,2
-0.8938,0.002712,TTGTGCAATAGCACTT,,0,0
-0.8938,0.02456,ACAGGTAAGTAAATGA,D291Y,1,1
-0.8938,0.07368,GAACAGCACGCACGAA,A476M,1,1
-0.8939,0.02671,AATATGATGTTATAAC,T40M G116E,2,2
-0.894,0.02928,CAGAAAATTGTCCTTG,P324Q,1,1
-0.894,0.01272,AACCCCGTACAAGTTA,N296K,1,1
-0.8941,0.09717,AATAACAAAATTTAGC,F125M,1,1
-0.8941,0.03239,AGATGGCAATTAGGCT,,0,0
-0.8943,0.03624,AATATAGAAATGTTTT,,0,0
-0.8943,0.03624,TAAAAAAATAAATCGC,V213C,1,1
-0.8944,0.02403,GAAAACGATAAGACTA,,0,0
-0.8946,0.005846,ACTTACATTATAAGCC,G78P,1,1
-0.8947,0.1426,TATAGCGATTTTTTCA,N45C,1,1
-0.8949,0.02352,ATTTCAAAGATAATTA,S91E K411E,2,2
-0.8951,0.0351,TTAAACATGATGCAAT,,0,0
-0.8951,0.02549,CCGTACCACCTGATCT,E344Y,1,1
-0.8953,0.03966,CAATAAGTATTGTAGA,T301Y,1,1
-0.8955,0.0306,TGGTACCCTATATTGT,A364S,1,1
-0.8956,0.02492,CCGGCTTCCTACAGAA,T313Q,1,1
-0.8957,0.04559,ATATCATCTGCACGCA,R269V,1,1
-0.8958,0.005793,CATCTACCTATAGTTA,,0,0
-0.8958,0.03402,TAAAGCAACAAACAAA,S110M,1,2
-0.8959,0.02713,AATGTGACTCATTCAT,G463R,1,1
-0.896,0.002173,GCTTAACAACGATACC,S156H,1,1
-0.8962,0.08935,CTACCAAATTGGCAAA,I48W Q311K,2,2
-0.8967,0.01866,CTACAATTTATAAAGG,Q80V,1,1
-0.8969,0.0113,CAACCTGATCCCAAAA,R92K I395Q,2,2
-0.8969,0.01731,CACAAGCGAACAGTGC,G379W,1,1
-0.8972,0.05114,CATAAACTGTGTTTCA,D104V,1,1
-0.8974,0.01492,ATAACTACAACCAATT,A372C,1,1
-0.8975,0.1264,TCGAGTATAAACATCC,E410M,1,1
-0.8976,0.02286,AATCATAATCAACATA,T485M,1,1
-0.8977,0.02087,CCAAATTATATACTAG,F79I,1,1
-0.8978,0.01919,AGTTTACGACTAATAA,E401I,1,1
-0.8978,0.01777,CATTGAAGACGTAGAG,G352L,1,1
-0.8979,0.08269,GCCCATCCTTAACAGA,,0,0
-0.8979,0.08269,TAACTCGATTATCTCA,V102I,1,1
-0.8981,0.002464,AAAAATACGTGGCAAT,,0,0
-0.8982,0.04889,AATAACAGAATCTGTC,L367M,1,1
-0.8982,0.0163,AAGTGTGACCGATATT,A196R,1,1
-0.8988,0.00851,ATATACAACACAGAAC,,0,0
-0.8989,0.02366,GCAGTGGGCATACCTA,A19W,1,1
-0.8989,0.02626,AGCATTATCTGAGACT,E119K,1,1
-0.899,0.03916,CTAACTATATTAAAAC,,0,0
-0.8991,0.04682,CGCCACAACAAAAAAC,P273V,1,1
-0.8992,0.05822,ATAAGACACAAAAACA,S480G,1,1
-0.8993,0.009663,GATTTTGCATAATTCA,,0,0
-0.8993,0.02317,TTACAGCCCAGAGCTC,E449Y,1,1
-0.8994,0.01051,AGAGGGCCTATCTCTC,P293M,1,1
-0.8994,0.07696,AAACTAAGCTGTATAT,S146E,1,1
-0.8994,0.01645,TTAAATACTGTCCACC,E83N,1,1
-0.8995,0.01767,AATTCCGTTAATTTCC,,0,0
-0.8996,0.03266,AAGAAGGTTCCGATTA,K131Q,1,1
-0.8997,0.01621,ACTCCTAGATTATTAC,N133G,1,1
-0.8999,0.005502,GACTAGACTGGAAAAA,R222K,1,1
-0.9002,0.006346,AACCTAAACCGCTTGC,,0,0
-0.9002,0.01478,CACGCTTTACCTTCCA,F148Y,1,1
-0.9003,0.007599,GGCGGGCAGTCAATTG,,0,0
-0.9005,0.02732,ATAGCCCCTTCCAAAT,A196K,1,1
-0.9005,0.02732,GCCATAGAGCTGAACA,S219E,1,1
-0.9007,0.01136,CCACTCCCGGTAGCAA,N497S,1,1
-0.9007,0.04318,GACGGTCGGCTAGCAG,D77A,1,1
-0.9007,0.07197,ACACGAGCCCCAAGAA,E457G,1,1
-0.9007,0.07197,ACTTATATGAAATACC,R201L,1,1
-0.901,0.01064,CATGATAATATCCATT,Q327K,1,1
-0.9011,0.01511,CACACAAAAAACATAC,N22W,1,1
-0.9011,0.01054,TAACCTGAAATGGCTC,L70A,1,1
-0.9012,0.00284,ATACGGAAGAACGGGC,Q434S,1,1
-0.9012,0.03001,ACACGATTCCAGTTCT,A19N,1,1
-0.9012,0.007774,TCCCTGCAAATTAAAA,,0,0
-0.9013,0.007204,TTAGGCCAATTATTAA,T167Q,1,1
-0.9014,0.04157,AAAAGATTTTGCGTGA,A212R,1,1
-0.9014,0.04157,TAAAAAAGAGATGACT,Q211L,1,1
-0.9016,0.1029,CGAGTTGAGCAATATC,,0,0
-0.9018,0.01352,CACACAAATAAACATA,A430G,1,1
-0.9018,0.06759,AAACCGTAGGTATACA,,0,0
-0.9021,0.005128,CGATCATTCTAGAGAA,G379V,1,2
-0.9021,0.03329,TGACCAACGCGTAAAC,,0,1
-0.9021,0.02847,GGCTCGTGATTTCTAT,P55Q,1,1
-0.9022,0.006012,CTTTTATTATTCCACA,,0,0
-0.9023,0.01237,AACCGATTAACACTTA,K82H,1,1
-0.9023,0.01237,CCAATTTAACAAATAA,D348Y,1,2
-0.9025,0.01503,CAAAGTCCTTGAAACA,G263Q,1,1
-0.9025,0.01951,GACGCATAATCCACAC,,0,0
-0.9027,0.01379,AAACCCAGTATAACAA,V213K,1,1
-0.9028,0.01917,TAAAAGCTTAGCAACA,A430H,1,2
-0.9028,0.01917,TATTAATTAAAAAGTC,A93D,1,1
-0.9028,0.06371,TGTTTAAAATGTAAAC,,0,0
-0.9029,0.007344,CTCCCATGCCCCTAAA,S54T K368R,2,2
-0.9029,0.007628,CCATAGAACAACCTGG,D461N,1,1
-0.9029,0.007936,CATGCGATACGTGGTA,,0,0
-0.9029,0.02381,CTCGCCAACAAAACAA,Y105K,1,1
-0.9029,0.00488,ATAATATTCACAGCTA,,0,0
-0.903,0.003711,ACAACGTACTTTAAAC,,0,0
-0.9031,0.01346,TTCAAGGCCTACCATA,,0,0
-0.9031,0.09421,TAAGTCACTTAAGATG,S124F,1,1
-0.9033,0.02331,CACAAATAATATTCCA,E35S,1,1
-0.9033,0.002518,GTACCTTTCATTGCAT,K2C,1,1
-0.9033,0.0133,TCTTCAAGAAAGACAA,S91N,1,1
-0.9033,0.009765,CTGATAACAACCTCCC,,0,0
-0.9034,0.04613,CGAAAGAAATCATGTT,,0,0
-0.9038,0.03615,AAATCGTGATTGTATG,,0,1
-0.9038,0.02008,CAAGTTCACCTTAGAG,V20M,1,2
-0.9038,0.02582,CCAAAGGCAAAATGAC,G62R,1,2
-0.9038,0.1807,CCGACGTTTATGTCCT,V223S,1,1
-0.9038,0.06025,GCAGAACCGACATCAC,G200W,1,1
-0.9041,0.04429,GCTAGAAGCAATCCAG,A476F,1,1
-0.9041,0.003606,TCGGAATCATTTATTG,P239N,1,1
-0.9042,0.00476,GAAAAATAACATAGAC,S265T,1,1
-0.9042,0.02193,TGCCTAAATATGCTAA,N122D P227M,2,2
-0.9043,0.01091,GGGATCATCCCACAAA,R220N,1,1
-0.9043,0.002493,CATCTCACACAGGTAG,N382H,1,1
-0.9046,0.0171,ATGCAATTACTTTCTA,K310R,1,1
-0.9047,0.01309,GAGAACAAACATGAGT,S199D,1,1
-0.9048,0.01684,TTAACTCGCAAGAATA,S198A,1,1
-0.9049,0.007292,TAAATCATATACGCAA,R269S,1,1
-0.905,0.01659,TCGACAATATATATAA,F79L S480L,2,2
-0.9051,0.02751,AGTAGACGTTCACATA,D271A,1,1
-0.9051,0.02751,GGACAAAGAGTCATAA,A19F F79V,2,2
-0.9052,0.04101,TAATCCTCTAACCTAA,S146T,1,1
-0.9052,0.04101,TTTTAATGACCAAGTC,S149D,1,1
-0.9052,0.00962,CAGAAATCATACTCTT,,0,0
-0.9053,0.05435,CAAAAATAACCCGAAA,D291Q,1,1
-0.9053,0.05435,TATAACCTCAATAGAA,E403F,1,1
-0.9057,0.03955,AAACCTGATTATAAAA,V166R,1,1
-0.9058,0.02621,TCTTCATGATCAAAAA,Q44L,1,1
-0.9059,0.01727,ACAACTTCCCTAATCA,E119K,1,1
-0.9059,0.01036,CGCAGAACGCCCCAAA,N424Q,1,1
-0.9059,0.03109,GAAGTCATTTGCATTA,L428C,1,1
-0.9062,0.03819,AGTACAAATATGCTAG,,0,0
-0.9063,0.01378,GGAAACAAACCGAATA,T10F,1,1
-0.9063,0.01378,TTAGTATTTTAAAAGC,S144L,1,1
-0.9064,0.007485,AAGTGTGTGCAACAGC,S107F K417Q,2,2
-0.9065,0.01862,AACTGTTTTGACTCCT,G200T,1,1
-0.9066,0.0495,ACATAAACACTTCCAC,,0,0
-0.9066,0.0495,CAATGAGACTCAAATC,A476K,1,1
-0.9066,0.01345,ATTATAATCGACTAAA,,0,0
-0.9067,0.02944,GACCCGTACTGAGATA,Q1R,1,1
-0.9069,0.00762,GTTTACCAGAGAAGCA,Q75W,1,1
-0.907,0.01101,AGCATCGTATTAAATA,P227L,1,2
-0.907,0.03573,TGTAATAGATCCTATC,H355F,1,1
-0.9071,0.01298,TGTCCAGGATCACACG,E403T,1,1
-0.9071,0.04739,ATAATCACAATAAACC,E172M,1,1
-0.9071,0.006771,ATATACTTGACAAACA,T187Q,1,1
-0.9072,0.07033,AAACGAGGACACTAAA,K189F,1,1
-0.9072,0.01407,GTTACATAACAGCATA,G78R M462R,2,2
-0.9072,0.07033,TTAAAGATTAAACAGA,R307S,1,1
-0.9074,0.009242,CTATCCACAAATTATC,L428S,1,1
-0.9074,0.03462,ACCGCAAAAGTCACCG,I179L I418L,2,2
-0.9075,0.02296,AAAAAAATCTTCCGGG,,0,0
-0.9075,0.005097,TTGACGCCCATCGCGA,P221I,1,1
-0.9076,0.1363,AACTCAACAAACAAAA,T37L,1,1
-0.9076,0.04545,TAAGATTTATAAGACC,A365C,1,1
-0.9077,0.01131,TATACGGACAATAACT,I214K,1,1
-0.9077,0.01226,AGAGTCAGTATTCGTT,,0,0
-0.908,0.01199,TAAAGCAAACCAGCAC,R354K V402L,2,2
-0.908,0.006596,TCATTGTACCAGCACC,R109N,1,1
-0.9081,0.04366,CTCAAGCCAAATCATC,Y412K,1,1
-0.9081,0.03259,ATTAAGCCAATGCAAA,Q371G,1,1
-0.9085,0.01572,TTAGTAAAATACACAC,H184V,1,1
-0.9086,0.01045,ATTATTTTACCGAGTA,M168F,1,1
-0.9086,0.00834,TCAAAATCAAAAGGCT,E172K Q454L,2,2
-0.9089,0.02429,GCGCAAAAAATACTGA,,0,0
-0.9089,0.04048,AACACTGTAGCCGTCA,S209E,1,1
-0.9089,0.008641,AAAGACAACCGGTCAC,E172Q,1,1
-0.9092,0.0197,TTCACCATGCGAGTAT,Q327P,1,1
-0.9092,0.0591,CAACAGCACAATTAGA,G129S K189R R269I,3,4
-0.9093,0.02916,TTGCATTTATTAACCA,Q501N,1,1
-0.9094,0.01936,AGACATAATCATAGAA,R456S,1,1
-0.9094,0.002143,CAGCGACAGCTCCCTC,R222P Y257C,2,2
-0.9094,0.00722,GAAAGCACTCACGCAC,N489D,1,1
-0.9095,0.01903,TAAGGAGAAATTTAAA,,0,0
-0.9096,0.02279,AGCGATCTTTGTTACC,P239M,1,1
-0.9096,0.02279,GCTGTTACAAAAAATA,S199C,1,1
-0.9096,0.007598,GGTCAGATCTCGCTGA,N298Q,1,1
-0.9096,0.008753,TGTTATAACATAGAGT,I288L,1,2
-0.9097,0.01244,AACTTAGGTAACTTTA,S231N,1,1
-0.9097,0.02233,AAAGGCAAACTTCACA,N424L,1,2
-0.9098,0.01586,ACATACAATCTTTGAC,I160K,1,1
-0.9099,0.1095,CTTATTATATCGGTAA,G49C,1,1
-0.9099,0.1095,TAGTTCTTGCAACGCT,I58A,1,1
-0.9102,0.05341,AAGGATATTGTTCCAT,K276L,1,1
-0.9102,0.05341,CAACCACAACCAAAGC,K121R,1,1
-0.9102,0.01327,AAGATACGGAAATACC,,0,1
-0.9102,0.03533,TGGCTAATGGGGGTCC,,0,0
-0.9103,0.004229,GGAAGATATATACCTG,T187M,1,1
-0.9103,0.01752,GCACCCTATCGGTGGG,I288F,1,1
-0.9104,0.005811,CACTTTAATTAACTAC,K397A,1,1
-0.9105,0.03424,ATTGAACAACGTTTTA,,0,0
-0.9105,0.01281,GACTGACAGCAATGCT,V406Q,1,1
-0.9106,0.01699,TATAATACGACCAAAG,K292N,1,1
-0.9108,0.09963,AAACCACACACGCGAG,P221C,1,1
-0.9108,0.09963,GCCGCAAACCTAATTC,D7K,1,1
-0.9109,0.008212,AAACATATACTTAATT,N498F,1,1
-0.911,0.006108,ACTAAAAATTTGACCA,E484D,1,1
-0.911,0.009746,ACGAGTTTGTTTATAC,,0,0
-0.9112,0.008636,CCGAATCGCAAGGACA,F467L,1,1
-0.9113,0.03134,CGAAATCTGTTGCAAA,P227C,1,1
-0.9113,0.03134,GCCTTGACTATCCACT,N6L,1,1
-0.9113,0.04668,GCACACAAACAGAACC,L66M,1,1
-0.9115,0.005405,TACCAAATTGAATACT,V323S,1,1
-0.9115,0.09143,CAAACCCTGACTTCCC,S358N,1,1
-0.9115,0.007594,GGTCCCACGTTAGAAA,,0,0
-0.9116,0.01007,TATAGCAATAAAACTC,D85L N341A,2,3
-0.9116,0.005302,CAATAAAAAAAATAAA,S146C,1,1
-0.9116,0.01799,GACTATTTTCTTACCG,,0,0
-0.9117,0.02966,ACCAAATTTTTACCTG,K292C,1,1
-0.9118,0.006291,TATCATCAATCCACCC,E426M,1,1
-0.9121,0.02816,AGTAACAAGATTAAAA,,0,0
-0.9121,0.08447,CCGGAGTCAAGTTAAG,Q1G,1,1
-0.9121,0.08447,CCGTTAAAAAGAGAAA,D77T,1,1
-0.9124,0.02016,TCATGAACGTCAATGC,V213K G379N,2,2
-0.9127,0.01548,GATAGTGCAAAATCAC,,0,0
-0.9127,0.03857,AAACAAAACATACCAT,N475H,1,2
-0.9127,0.03857,AAACAAAACTAAGTAA,N483Q,1,1
-0.9129,0.006872,CAGAAAATCCATCATA,L496F,1,1
-0.9131,0.01818,AGACAGCGCCAGCCTT,D104M S199V,2,2
-0.9132,0.03606,AAAACCAACTCTGTGC,R33M,1,1
-0.9133,0.01019,GAGATTGGCATCAAAA,E410K,1,1
-0.9134,0.03493,AAATAGTTACCACCAA,Q356T,1,1
-0.9135,0.06877,AAAAGCTTGCTAGTGG,E359L,1,1
-0.9136,0.01342,ATTCAAATAATAACGC,G479V,1,1
-0.9138,0.009252,TCACAAAGAGTACCTT,F448H,1,1
-0.9141,0.03102,ACTAACGAGGGAATGT,D73S,1,1
-0.9143,0.02938,CAATCTTCACATATCA,,0,0
-0.9145,0.02862,TAGGATGTAAAGGTAA,S378R,1,1
-0.9146,0.0279,AGAGTGACCCATCAGG,,0,0
-0.9147,0.01837,TTTTATTTTAACCTTA,,0,0
-0.9151,0.05014,AACAAACCAACGCTAT,Q132N,1,1
-0.9151,0.05014,CTGACTTATCACCCTA,R456L,1,1
-0.9151,0.02479,ATAAATTGGCGACTTG,T485K,1,1
-0.9153,0.01599,ACCGTGCACATGTCTA,Q57V,1,1
-0.9153,0.02373,CAAAAAAACAAAAAAC,P103I,1,1
-0.9153,0.02373,TCAACACTAGGTTGAG,L367C,1,1
-0.9153,0.02373,TCTTATAATTTGCTAC,,0,0
-0.9153,0.01576,CCGTCTGGCTATGATG,G62D Q371A,2,2
-0.9155,0.003261,GATTTGTATAAAGACA,T135W I230L,2,2
-0.9155,0.009047,CCCAAATCAATTAATC,E172I,1,1
-0.9155,0.01121,GCTCTTGATAGAAACT,K189F,1,1
-0.9156,0.04415,AAGAACCTCAACACAA,A430N,1,1
-0.9156,0.04415,AGTACATAAACACCAA,P21I,1,1
-0.9156,0.02186,ATGAAACCACACAATA,E449Q,1,1
-0.916,0.03945,CGCACTCAAAAAGAAG,S124G,1,1
-0.916,0.01955,CCAATAATTGGTAAAG,,0,0
-0.9161,0.03809,GAGAGATTACAGAAGA,,0,0
-0.9162,0.006156,ATTACTGCTGGACGAC,E390K,1,1
-0.9164,0.03454,ATCACTTAAGTATCTA,G479C,1,1
-0.9164,0.03454,ATCTATAAATATAATA,G129D G142F Q394K,3,3
-0.9164,0.03454,CATTTTACTCCTTATA,,0,0
-0.9165,0.0335,AGATTATATCTCTTAT,I267V,1,1
-0.9166,0.01095,TCGGAATAATACCAGT,,0,0
-0.9168,0.01015,GTATTTCTAGGTATAG,S198F,1,1
-0.9169,0.001643,GCAGTCAGCTGACTTG,Q75C,1,1
-0.917,0.009536,TTGGCTATGTACTACT,K411W,1,1
-0.9172,0.01294,ATTAGAATCGTAAACT,,0,0
-0.9173,0.02515,CAATGGTTTATGGAGA,,0,0
-0.9175,0.02214,ACTTCCGGACATCGAA,,0,0
-0.9178,0.01909,TAGAATGTTTCCCAAC,P4R,1,1
-0.9178,0.009506,CAGACTAGACCTACAC,R299G,1,1
-0.9178,0.01846,AACACCATAGGGGTTG,A476M,1,1
-0.9179,0.009042,AAAGATTACCCTTGGA,E426A,1,1
-0.918,0.01606,CCCATATTTAGGATCA,,0,0
-0.9181,0.002581,GGTTACAAGCGCATTC,D73V,1,1
-0.9184,0.002876,CATACGGACCCCGATG,,0,1
-0.9186,0.00243,ATATATTTCAATTGCC,Q1R,1,1
-0.9194,0.03895,ATAAAGGATACACTAC,,0,0
-0.9194,0.006326,CAAAAATGTTCGCACC,G379Y,1,1
-0.9194,0.03524,CACTTTGTGTTGTGTA,Y491W,1,1
-0.9194,0.03127,CCTCTTAAAGCCCTAT,R456S,1,1
-0.9194,0.03895,CGAAAAAAACACCTAT,R307A,1,1
-0.9194,0.03895,CTTTAGATTCTAACGT,Q173C,1,2
-0.9194,0.01254,TATTACGTCTAAAAGA,G62I T388A,2,2
-0.9194,0.0364,TTGCTCTGCACTTAAA,A106E,1,1
-0.9194,0.05163,TTTCTGAATCTATATT,S144N,1,1
-0.9194,0.07656,AAATGAGAATCCGTTT,,0,0
-0.9194,0.07656,AATAGACGTAAACTCT,G379V,1,1
-0.9194,0.07656,AATATCCCAAAGGTGG,D32W S145F,2,2
-0.9194,0.02741,AATGGGTGACGGCAAA,N133W,1,1
-0.9194,0.08223,AGCCCAACAACACACA,,0,0
-0.9194,0.1708,ATAAAAAGTGAACTAC,Y302F,1,1
-0.9194,0.05415,CTAAATTCTCAAACAT,S95P,1,1
-0.9194,0.01531,CTATAGTTTAGCACAT,,0,0
-0.9194,0.08223,GAATTCAAACTCGCTT,Q363T,1,1
-0.9194,0.1306,GCAACGAAAACTCCTG,Q501G,1,1
-0.9194,0.08223,GCTATACTTGAATGTG,S369A,1,1
-0.9194,0.09653,GTTGAATAATCTTTAC,,0,0
-0.9194,0.01835,TAAGATATCAAGACAC,,0,0
-0.9194,0.08223,TACAAAACCGACTGTA,S209M,1,2
-0.9194,0.148,TACAAACATGGCATAC,I3V K276W,2,2
-0.9194,0.06343,TATTCCTAAAAAGGAC,V20F,1,1
-0.9194,0.05693,TGAGATATATTCTACC,,0,0
-0.9201,0.007995,TCTACCATCACAAGAT,,0,0
-0.9204,0.0109,ATAGATCAATCAGGAA,Y105R G379S,2,2
-0.9205,0.01209,CTGTACCCTTAAAAGA,A93F,1,1
-0.9206,0.01293,AAACAAGCTTACAAAT,R222K,1,1
-0.921,0.01824,AAGCCGGAACTAATAT,S247I,1,1
-0.921,0.01855,GTTTCTATTACACAAG,A304Y,1,1
-0.9211,0.01886,CCGAGGCTTCAAACAA,A372V,1,1
-0.9211,0.01952,CTACAATGCCAACTTA,,0,0
-0.9213,0.02183,TAGAATATACTAAGCT,,0,0
-0.9213,0.02183,TTGCGATAAGGCAATC,S107D,1,1
-0.9215,0.007898,TTAATCAATCTAACAG,,0,0
-0.9217,0.01318,ACTAGTAACTGCACGA,V20M,1,1
-0.9218,0.009208,CCAATTGTACAAACAA,T12L L157E,2,2
-0.9219,0.02857,AATACCAATAGGAACC,,0,0
-0.9221,0.01516,CGAAACTTTAATAAGT,N38H,1,1
-0.9221,0.03096,GAAATCCCATTTGGGC,,0,0
-0.9222,0.03185,AAACAAAAACCAGGAA,V166L,1,1
-0.9223,0.008228,CATGACTCATAAAATA,S358D,1,1
-0.9224,0.01702,TGTATGACCATGAGAG,K278T,1,1
-0.9226,0.01813,AGCTTACTAAGATTTA,Q211F,1,1
-0.9226,0.01844,TTAGTTGACCTCTGGG,,0,0
-0.9226,0.009257,TCCATCTTAAACCATA,R222Y,1,1
-0.9227,0.03718,TTCCATAATAACCGTC,T10Q,1,1
-0.9227,0.01907,TTACAGTCATTTACCG,S149F,1,1
-0.9229,0.01975,ATGCCGGGGAGTAACT,,0,0
-0.9229,0.03985,GGAATTCTCATTGAGA,L111W,1,1
-0.923,0.001897,CACACTGACTGCGAGT,K397F,1,1
-0.9234,0.02302,CACTGTTATAGGCCAC,S143W,1,1
-0.9235,0.04653,ATTTCACGTTATTCTA,,0,0
-0.9235,0.007838,CTGGAATTAAAACTAT,R354W,1,1
-0.9238,0.05079,CATACACACAAGTTCA,Q376H,1,1
-0.9243,0.0559,AACCTTACCACCAATC,T167A R255C,2,2
-0.9243,0.008045,TAAGTCACAACCAATA,S107I,1,2
-0.9244,0.01443,CTTTATGAATGAAACT,D408G,1,1
-0.9246,0.02983,TGAGATAGCAACATCT,,0,0
-0.9247,0.008673,TTATCTACAACTTAAC,S266R S400R,2,3
-0.9247,0.02034,ACGCTACCCATGACCC,,0,0
-0.9248,0.06216,ACAATTAATTCAAACA,,0,0
-0.9248,0.06216,AGCAGAGGCTTGGAGA,T440L,1,1
-0.9249,0.02112,AAGCTCCTCTTAATTG,S137C,1,1
-0.925,0.02152,ACATACAAAACTTAAT,N63K,1,1
-0.9251,0.02195,AGTAGAAATATTCCAT,S149Q,1,1
-0.9252,0.03342,AGATTCAACAATGTGC,,0,0
-0.9252,0.02239,TGACATGAATAACGAA,S156M,1,1
-0.9254,0.008582,TGAAAGTCATTATGCG,N45L,1,1
-0.9255,0.07,AAACTATACCACTTTC,M168F,1,1
-0.9256,0.03556,ATGACAAAACTATATA,M462A,1,1
-0.9256,0.02384,GGTTGACAATCTACCA,I34V,1,1
-0.9257,0.01822,TCAATATCTACACCTC,,0,0
-0.9258,0.03674,CTTTTCTCAGTACCCC,E457C,1,2
-0.9259,0.007447,AGTGGAAAGCTGATGT,V213C,1,1
-0.9259,0.07471,GGACCTTTCCAACTTA,W127F,1,1
-0.926,0.038,CAGTTATATCAGTAAC,L244D,1,1
-0.9262,0.03934,AAAAGAAAGGATCAAT,,0,0
-0.9263,0.004654,GATTACCCAGCTAACA,T30N,1,1
-0.9264,0.0801,CCAGCTCAACAGGCCG,,0,0
-0.9265,0.04079,TACATCGGTCCAAGAA,D271H,1,1
-0.9266,0.006412,TTCTTTTTCACATAGA,V223W,1,1
-0.9269,0.08633,AAATAATCCCACATTC,S149E,1,1
-0.9269,0.02878,AAGACATAAATAGCAC,,0,0
-0.9271,0.04402,ATGGTGTATCAATGGT,S209L,1,1
-0.9272,0.002805,GGCCCTAATAATGCTT,K82W,1,1
-0.9273,0.008258,TGTACTAATTATTCCA,T128H,1,1
-0.9273,0.03035,TAAATATCTCTCAGCT,A372C,1,1
-0.9274,0.04584,AACAGGAACAGCTAAA,K50T H393T,2,2
-0.9274,0.04584,ATAAAACTTAAGTAGG,F448Y,1,1
-0.9274,0.04584,CCGATAGATACTCACC,L111R,1,1
-0.9274,0.04584,GAAACACCGACTAATC,,0,0
-0.9275,0.02316,GAGGTAATCCAGTCAA,T30C,1,1
-0.9275,0.008446,AGCTGACAGATGCAGC,R208W,1,1
-0.9275,0.09361,AAACTTATCCTCAGCA,L151V,1,1
-0.9275,0.09361,ATAAAAAAACCCGTAA,F79L,1,1
-0.9276,0.007297,ACCCTTAACAATAACC,P162W,1,4
-0.9277,0.008644,TTGAATACAATTCGAA,Q191M,1,1
-0.9277,0.04781,TATTATAGAAGAACAA,G504I,1,2
-0.9278,0.01938,AAAGACGACCGAGGAA,I3D,1,1
-0.928,0.03306,CAGAACAATAATCTTA,R109H,1,1
-0.928,0.03306,GGTATACACAAATTAC,P55W,1,1
-0.928,0.005856,GACTATAACAGGCATA,,0,0
-0.9281,0.04997,CAAAATTGATAAAGAA,R208P,1,1
-0.9281,0.01113,CTTGACATAGCTCCTA,G142D,1,1
-0.9281,0.02008,AAAGACCAGCAATTCT,K411Y,1,1
-0.9282,0.02527,GACTTAACAAATGATA,,0,0
-0.9282,0.02527,TAATACATTCCCAAAT,R33G,1,1
-0.9283,0.1022,AAAACGTCACATGAAA,R482M,1,1
-0.9283,0.1022,ACAGTACAAATGAAAT,A69S,1,1
-0.9283,0.03408,ATCAAAACTTTAAATA,G504L,1,1
-0.9283,0.03408,TTCATAGACTTGACTC,K452G,1,1
-0.9284,0.02083,TCACTCCTAATTTCTA,L66M,1,1
-0.9286,0.02123,ACAGTTGTTTATAGTA,R224T,1,1
-0.9286,0.02123,ATCTTCCGAGTGCAGT,Q1Y G275E,2,2
-0.9289,0.03631,ATGCAAGGCAAAAGCA,M444I D493A,2,4
-0.9292,0.02252,AAAACCGACATCTAAA,,0,0
-0.9292,0.1126,CCGTTATTCGCATTCA,K503P,1,1
-0.9292,0.01609,GCAAGAAAATTGAATA,,0,0
-0.9292,0.01417,TTCTGATCCCCTACCT,,0,0
-0.9293,0.02851,AAATTTAAACAAAAAA,S95M,1,1
-0.9293,0.02851,GGCTAATGTAACATAA,S144V,1,1
-0.9293,0.02851,TGAAAGGACTAAAAAT,D271S,1,1
-0.9294,0.05777,GTAGTCTTCTCAATAA,P215K,1,1
-0.9302,0.01556,AGAAAAAAGTCAGAAA,,0,0
-0.9303,0.008355,ATGAGCTCCATCATGC,I437L,1,1
-0.9304,0.02109,CATCACAACCAGTAAT,Q407N,1,1
-0.9305,0.006393,TTAACACTCTCGATCC,,0,0
-0.9305,0.02564,CCAAAATTAACCCCCG,N445F,1,1
-0.9305,0.006757,TAATAAGAAACCAGGG,G129F,1,1
-0.9306,0.06448,AGCACTTAAGCCAAGG,,0,0
-0.9306,0.02149,CACAACCTAGGATAAA,,0,0
-0.9306,0.06448,TAACAAACTGTCTATA,E432K,1,1
-0.9306,0.0185,GCATGTTAGTTCTACA,Q57K,1,2
-0.9307,0.01624,ACATATCAAAACTAGG,Q197M,1,1
-0.9307,0.01447,ACCGAATCCCACTGTA,A272T,1,1
-0.9307,0.04341,GACTCAGTCCTCCGTG,V130I,1,1
-0.9309,0.01466,TATATAATGTTGAACT,G62E,1,1
-0.9311,0.02688,ATTTTCAATGTTCATA,I214D,1,1
-0.9313,0.06845,CTACCAAATCGCCATT,,0,0
-0.9313,0.06845,TCTGAGGATTATCGAG,,0,0
-0.9314,0.00691,AATAATTTGCATCCCA,N498S,1,1
-0.9317,0.04709,AGATATGCCTGAACCT,,0,0
-0.9317,0.04709,CCGCCCATACCACGCA,S199V,1,1
-0.9317,0.1413,TAACTGATAGTCGCTT,V166M E443T,2,2
-0.9317,0.02825,CGGCTCATAGGTACGT,P55N,1,1
-0.932,0.01809,GTTTAATAATAAATTA,V223N,1,2
-0.9322,0.04917,ATTAATAAATTCAGGT,N497V,1,2
-0.9323,0.03709,CCACCTATCAATAGAA,N126R,1,1
-0.9323,0.02977,ATTGCGAAACTAGCCT,Q1G E359V,2,2
-0.9326,0.01902,AAATATAATCCATTGC,R92F,1,1
-0.9327,0.03059,TGAAAGTTACGTACGC,K207I,1,1
-0.9327,0.008086,TGCTCGGGTTAAACTC,N63Q,1,1
-0.9328,0.009056,CATATTTTAGTTTAAA,S231V A459G,2,2
-0.9328,0.05145,GAGAAATCATATTTCT,N22Y,1,1
-0.9328,0.05145,TATCTGTCCAAATCCA,,0,0
-0.9329,0.004575,AAATGGACCCAAAAAC,I395F,1,1
-0.9329,0.02603,AAAAAAAACTTTATTC,,0,0
-0.9329,0.07808,CACAAGCGTCAGAATA,R222M,1,1
-0.9329,0.02603,CGAAAGCCGAATAACT,,0,0
-0.9329,0.01562,AAGATTAGACCCACCA,H393R,1,1
-0.9331,0.0197,GACATCAGATAGGCAA,,0,0
-0.9332,0.0059,GACCTCTCCGACCGAA,K238V,1,1
-0.9334,0.05395,CACCACTGCTATAACT,,0,0
-0.9334,0.1619,CGCAAGGTGATTACAT,S262N,1,1
-0.9334,0.1619,TAAACTGATAACACCT,H56W,1,1
-0.9334,0.01799,TCCTTAATAAATGCAC,,0,0
-0.9336,0.02731,ACTATACAGGGCCCCA,,0,0
-0.9337,0.005697,AAACATTGAGTGAATT,Q80G,1,1
-0.9339,0.03335,GAAGGTTCCTCCAATT,T313A,1,1
-0.9342,0.05671,AGCAAATAAACACAAT,V182T P324G,2,2
-0.9342,0.05671,CCGATAGAAGCACACT,G240C,1,1
-0.9342,0.05671,CGAAGATAGAGGGAGT,,0,0
-0.9342,0.008562,CATAACTCTTGTTAAT,P55R,1,1
-0.9343,0.02872,AGCTATCACCATTTGT,I214Q,1,1
-0.9346,0.009228,TAAAAATATAACAGAA,F79C,1,1
-0.9348,0.03548,CATCAACCAACAGCCG,,0,0
-0.9349,0.01992,GAACCCAAGGCAAATC,,0,0
-0.9349,0.05976,CAAAAAAATGATACTG,,0,0
-0.9349,0.05976,CGCAAAATGTCAAGTC,K310S,1,1
-0.9352,0.01817,ACTAGCCTACTATGAC,S193A,1,1
-0.9356,0.03114,CTGTGACTGTTCCGTA,,0,0
-0.9357,0.02344,GCTAAATTGTCTTTAA,,0,0
-0.9358,0.007019,TACCCATTCTTATTAA,N445L,1,1
-0.9358,0.1895,ATGGCCACTCGTTAAG,T485K,1,1
-0.9358,0.0379,CAATACTAAGTCCCCT,,0,0
-0.9358,0.06316,CGAATCACAAAATCCA,,0,0
-0.9358,0.06316,GCGTTATGTTTAGAGA,S369G,1,1
-0.936,0.02394,AAAAAATCCGCCTCGT,S96G,1,1
-0.936,0.007982,GCACCATTGGTTATAT,N22L,1,1
-0.936,0.01477,TTACTCCGCAGGCCCC,S266R,1,1
-0.9361,0.03204,AACAATCACGGTGGGA,M462Q,1,1
-0.9361,0.01379,CACTCTTTAACACTCA,,0,0
-0.9362,0.01614,ACCTCTATAGTTGAAC,H183F,1,1
-0.9362,0.04841,CCCAGGGAGGTACGGA,N483T,1,2
-0.9362,0.04841,GGTCATGGCTTCACAT,V323S,1,1
-0.9366,0.09897,AATTTTCTGAACCCTT,N63D,1,1
-0.9366,0.09897,GACCTACTCCTCCGAC,,0,0
-0.9366,0.008624,ATCGCTAATTTCATGT,P221M,1,1
-0.9367,0.02846,TACCTCAAACCAATGA,,0,0
-0.9368,0.06698,ATATTGAGGCATAGAA,R201P,1,1
-0.9368,0.06698,CTATAAATAGTGCCTT,S400Y,1,1
-0.937,0.04068,AATACCAGCATAAACC,G463Q,1,1
-0.9371,0.006192,CTATATTACTACAATA,Q434M,1,1
-0.9371,0.02921,AACCTTAATCTATGCA,N445V,1,1
-0.9372,0.02278,GTAATCAAATTGAAAA,Q132N,1,1
-0.9373,0.008972,AGAATACAGGATCGAA,L244D,1,1
-0.9375,0.0174,AACGGGGAATAATGGA,E494M,1,1
-0.9377,0.04222,ACACGGCTTTAAGCAT,D101Y T187L,2,2
-0.9377,0.005292,ATCAAAGTATATTATA,T248S P273L,2,2
-0.9378,0.05303,ACAGATTGGCCGAAAA,R229H,1,1
-0.9378,0.05303,AGTGCACTTGACATTA,S107Q,1,1
-0.9378,0.05303,ATAAAAGTCCGCTTAG,,0,0
-0.9379,0.00687,AATCAGTCCTATAATC,Q327G,1,1
-0.9379,0.005925,GGTCAAGATCGAACAA,T37L,1,1
-0.9379,0.07128,ATTACCATATTATCAA,L15M,1,1
-0.9379,0.07128,TACCAAACAAATTGCA,A372V,1,1
-0.9381,0.01796,CCCTGACATAATCCAA,K411F,1,1
-0.9385,0.01574,CCCAATCCATCTAAAT,,0,0
-0.9386,0.01165,ATTCACACAAAAAATA,F500W,1,2
-0.9386,0.008213,ATAGATTTGTTAATTT,I267W,1,1
-0.9387,0.05569,TTAAACACATAACATT,,0,0
-0.9387,0.00638,CATTGCAAAAAAGTCA,K264I R482W,2,2
-0.9389,0.0282,CAAATTATAAACATAG,,0,0
-0.9391,0.01137,CCCAAATGTTGTAAAT,E457S,1,1
-0.9392,0.02077,CGACACCACATTAAAA,F448V,1,1
-0.9392,0.07617,AAATGCAAAATAACTT,,0,1
-0.9392,0.03264,CTTTACTCCAACCAAT,I282A,1,1
-0.9397,0.02598,TCGTTTGCTTTGTCTA,A11V G200I,2,2
-0.9397,0.02598,TGCCCCGTAATAGCCA,A196Q,1,1
-0.9397,0.004994,TTCCACATAATACTGA,,0,0
-0.9399,0.00817,GCATATATACTTAAAA,K468H,1,1
-0.94,0.02971,TACCTAAAAATTATTT,D408Y,1,1
-0.94,0.04766,ACAGCTGGACAGTTAA,I48V,1,1
-0.9401,0.02661,ACTAATTAGATTGAGC,,0,0
-0.9402,0.01845,AAGAAAGAATGCCACG,K411L,1,1
-0.9403,0.04015,ATTGACCTCTAAGTCA,T40I,1,1
-0.9403,0.1204,ATCAAAACTCACCTGG,K368L,1,1
-0.9403,0.1204,ATGCAATAGAACAAAA,K292V,1,1
-0.9403,0.1204,TACTATACTTGTATAA,K468Y,1,1
-0.9405,0.01877,ATACATACGCATTCTT,D493Y,1,2
-0.9405,0.008418,GGCTATAATAGCCCAG,G504W,1,1
-0.9406,0.03053,CACGAGTCGAACAAAC,D493T,1,1
-0.9406,0.007896,TCTAAATAACAATGTC,,0,0
-0.9406,0.01225,ACTTTGTTACACTACT,G479V,1,2
-0.9406,0.08178,TGCCCTAAGAACTAAA,,0,0
-0.9407,0.01117,TGACAAATATGGCGAA,N126W,1,1
-0.9408,0.007272,CTCGATCATGGGTTAG,L367V,1,1
-0.9408,0.0619,CATCTAATTCGACACA,,0,0
-0.941,0.00461,CCGTTTTTCCGCCACC,V323A,1,3
-0.941,0.0498,TTGTCCACATAATCTC,E414D,1,1
-0.9411,0.01317,AAATTAAAGATAATAA,D271N,1,1
-0.9411,0.0358,GAAATCGAAGAGATGG,N475V,1,1
-0.9411,0.01193,ATCATTAAGAATAAAC,I418M,1,1
-0.9412,0.02795,TACAAATGGAGTTACA,,0,0
-0.9412,0.007009,AAGAAATTAGAGAAGT,K278N,1,1
-0.9413,0.01581,GACATAACATAAACGA,S143I,1,1
-0.9413,0.01488,GATGGGACGAGTTAAA,P273E,1,1
-0.9414,0.009395,AACATAACTTTAGCGG,P103H,1,1
-0.9414,0.006864,ACCTGTTAGCAATACA,E484K,1,1
-0.9417,0.0234,ACACTCATAAAAACCT,,0,0
-0.9417,0.02867,GAATATTATTTGTTAA,,0,0
-0.9418,0.01033,ACATAACCTCGTGCCT,,0,0
-0.9418,0.01176,TATTGCAGCAGAAATG,A163W,1,1
-0.942,0.006538,TTAAATCAAACAAGTA,P215K,1,1
-0.9421,0.01247,GGCTTAAGAAGTAGCG,D271W,1,2
-0.9421,0.06556,AAAGCTTGCTATTTAA,S96W,1,1
-0.9421,0.06556,TAGACGTTGATTTGGA,R150H M462E,2,2
-0.9423,0.005886,CATAGCCAGAAAAGTA,H435L,1,1
-0.9423,0.08828,TATAAAAGACTACAAG,,0,0
-0.9426,0.02229,ACTGCTGTATGATATC,K27E G275A,2,2
-0.9427,0.0112,ATCAAACTCTGTTTCA,D101H,1,1
-0.9428,0.1351,AAATATGACACGGAAG,,0,0
-0.9428,0.02702,AATCTAAACGCTAATA,S265A,1,1
-0.9428,0.02702,ATAAAAACACCAAAGT,N489F,1,1
-0.9429,0.02088,AAAGCTTATCATATTA,G142V,1,1
-0.943,0.01008,TTTTGATCCTGCGAAC,,0,0
-0.943,0.01184,AAACCATTGATCTAAT,,0,0
-0.9431,0.05471,CAAGAACATATCAGCT,N483Y,1,1
-0.9431,0.01306,GACCGATACAGCTTTT,S422D,1,1
-0.9432,0.02498,ACACCCAAGAAAATGT,R92Y E414K,2,2
-0.9433,0.01728,CATTTTACTTACTACT,W234A,1,1
-0.9434,0.02129,CACCAATAGCATCATT,G404I,1,1
-0.9435,0.06967,AATATTAATGCACAAA,,0,0
-0.9435,0.06967,TAAAATTAACGAAGAG,,0,0
-0.9436,0.01116,TAGATCAAATGTCTTA,S480M,1,1
-0.9437,0.0053,GAGACCGACCACATTC,D175K,1,1
-0.9438,0.04694,CGAAAACTAAGATACT,P227L,1,1
-0.944,0.02372,ATAAAAAAGCACTTCA,F192K,1,1
-0.9443,0.03197,GATTGGCAACCCAATT,T301A,1,1
-0.9443,0.09591,AGCATACATCGTCCTT,Q407W,1,1
-0.9446,0.01265,ATAGTTTTACTCATTC,,0,0
-0.9447,0.008859,ATAAGGGTCCCACCTT,,0,0
-0.9449,0.04901,ATGTTACCAGCTCTTA,I242M,1,1
-0.945,0.00579,ATTCCCAGACAACCTA,,0,0
-0.945,0.03292,CAACCTAAATAGTAAA,L428A,1,1
-0.9451,0.003331,ATGTAACGTCATAGTC,P55A,1,1
-0.9451,0.07434,AGCCGAGACTAGCATG,D104W,1,1
-0.9452,0.01987,TCAAAGCGACTAATCA,E172D,1,1
-0.9454,0.01364,TGACTATGAATTTTAC,R269D,1,1
-0.9454,0.006133,CGATATCTTCTACGTG,I335M,1,1
-0.9455,0.01774,CTGTCCAATTTATCGC,Y105V,1,1
-0.9455,0.01774,TGCTCTATTGGATAAT,E119I,1,1
-0.9455,0.02745,TGACTGGTCTTCGGAC,,0,0
-0.9456,0.007981,TGAAGATCCACACAAG,V490K,1,1
-0.9457,0.06069,AAAAAAAACTCTGAAA,E35*,1,1
-0.9457,0.06069,AGTCAGCAAATGTCCA,K2F,1,1
-0.9457,0.06069,ATGGACGTGAAGAAAG,,0,0
-0.9457,0.06069,CATACTTGATCTAGCC,V223E,1,1
-0.9458,0.01326,AACCTGCACTTCATAG,Q363F,1,1
-0.9458,0.01906,TTTACTTCTCATACAA,G504H,1,1
-0.946,0.02198,TTCGCCATAACCTATT,D415N,1,1
-0.9461,0.00858,TTTAATATAAGCTATA,,0,0
-0.9462,0.02815,CCAAGAGCCGAGATCA,D415N,1,1
-0.9462,0.01549,CCACTTGGAATCAGTC,S312Y,1,2
-0.9463,0.0148,ATAACATACCGAGGAG,A372G,1,1
-0.9463,0.02594,CATGTCCCCTATGCAT,P185A,1,1
-0.9464,0.01358,TATAAATAACCTTTCC,,0,1
-0.9465,0.03914,ATAGCATATATCTAAA,,0,0
-0.9466,0.01571,AGCATAAACTGGGACT,I282F,1,1
-0.9466,0.01209,CCTAAGATAAGTGAAA,,0,0
-0.9467,0.105,CAATTATTCAAAATCA,S110T I226M,2,2
-0.9467,0.105,CCGGGATGTTAAATGC,K276A,1,1
-0.9468,0.03164,ATCTACCCACCCCGGC,S95R,1,1
-0.9468,0.004875,GACAGAGCAAATACAC,,0,0
-0.9469,0.009098,ACGCCGTATCCACTAG,T206C,1,2
-0.947,0.07968,GTCACCAAGAGCCCAG,N158T,1,1
-0.9471,0.02288,AACTCTATATCTTGCC,,0,1
-0.9471,0.02288,CTAGACGCTTCAATAA,F467V,1,2
-0.9472,0.0214,TCAAAACCAATCTATC,,0,0
-0.9472,0.0642,AGACTCAGTAACATTA,L244E,1,1
-0.9472,0.00494,CTGATCATAGAAGATA,S480H,1,1
-0.9472,0.006568,AAGACCTTATAATGAG,D77T,1,1
-0.9473,0.05376,AGCTAAACACTGCTAG,I260F,1,1
-0.9474,0.01541,AAGTAAAGTTGTCCTA,,0,0
-0.9474,0.04624,CTCAAAAGAAAAAAAT,T37I,1,1
-0.9474,0.04624,GTTGTATCTGCAAATC,A304L,1,1
-0.9475,0.04057,TTATATGGTATGCCGT,S219Y,1,1
-0.9475,0.03613,ATTTCGATTCCTCATA,I34V,1,2
-0.9476,0.02965,ATAAAAGTATGAACAC,W234M,1,1
-0.9477,0.02336,ATACCATTTCCTACAT,R299K,1,1
-0.9478,0.01928,CCCAAATAAACAATAT,G479K,1,1
-0.9479,0.0089,AGCAATGTCTAAGTAG,V490L,1,1
-0.9481,0.006028,ATGGAAAACCATGTTC,V182L R361I H435L,3,3
-0.9483,0.02387,CATCTCAGCTCGTAGC,N8E,1,1
-0.9483,0.004844,AAAAACCACGTAGTAC,K411H,1,1
-0.9484,0.03047,CACGCCATGAATAAAA,E449L,1,1
-0.9485,0.03735,TCTACTCTCCTTACTT,R255K S358Y,2,2
-0.9485,0.01404,GCGTTTTATACTCAAT,E426A,1,1
-0.9485,0.04211,CAGCAGATAAACTGGT,S205W,1,1
-0.9485,0.04211,GCGATAAACTCGATAC,T37I,1,1
-0.9486,0.04825,TGATCAAAAACTGCTT,K50V,1,1
-0.9488,0.004858,TAGAGGATTCCTAAAT,,0,0
-0.9489,0.06814,CCGTAATATTGAATAC,,0,0
-0.949,0.006115,GTCGAATCGGAAACTA,A304M,1,1
-0.9491,0.08584,CTAAATAAGCAGCGAT,,0,0
-0.9492,0.008618,TAAAATATAAACAAAA,I3V Q327K,2,2
-0.9493,0.02034,CTATGGTAGTGTCCCA,,0,0
-0.9495,0.1159,TTCGGTGAACATCTTA,V213K,1,1
-0.9497,0.01841,AACCATTCCATGTTAT,N94M,1,1
-0.9497,0.04377,GGCATTCTTCAGGCAA,K450I,1,1
-0.9497,0.01459,TAAATTCGTATTCAAA,,0,0
-0.9498,0.01526,CAAGGCCCGTAATGAA,L71M,1,1
-0.9501,0.01075,GCTTCATGACAAATTA,K238E,1,1
-0.9501,0.009592,AGTAGACAGACCATCA,N53M,1,2
-0.9502,0.01548,ACGTACAACAAAGAAT,,0,0
-0.9503,0.03572,ACCAACTGAGACGTTG,T388S E398M,2,2
-0.9503,0.1786,GCTAAAATCTCATAAA,E35A,1,1
-0.9503,0.05953,GCTATTGCCAGTAATA,,0,0
-0.9503,0.05953,TATTCAAGGACTAAAT,Q132R,1,1
-0.9503,0.1786,TTGCACCATCTTAGAA,K2C,1,1
-0.9503,0.02551,ATTATACGTAAAAAAT,,0,0
-0.9507,0.03017,AGCCGTAATTAGATCC,,0,0
-0.9507,0.006833,AGGAACGCCATTAAAT,P21Y,1,1
-0.9508,0.0726,TCACTACGATAACAAC,I3T K50L,2,2
-0.9508,0.0726,TGATTGAACGGTTCCC,N290L,1,1
-0.9509,0.04556,GTTATACTATATTAAC,S95N,1,1
-0.9512,0.007499,CCTTCCGCCAAAACCC,,0,0
-0.9513,0.0369,TCAAAATAGCTTTTTA,D101G,1,1
-0.9514,0.05285,TAATGAAATAGAGCTT,R456D,1,1
-0.9514,0.02058,ATACACAGAATGTGTA,D225H,1,1
-0.9515,0.02474,CCCAGAAGCTAAACTA,,0,0
-0.9515,0.01092,TTGCCTAATATACATA,P324W,1,1
-0.9516,0.09303,ATTTCCATGAATTAAG,K140I T485A,2,2
-0.9516,0.008459,CTGGACTCTTATGTGA,K472W,1,1
-0.9516,0.09303,TTAAAACATAAAATGC,R482E,1,1
-0.9516,0.009087,TAAGGGCGATCAATTA,N497D,1,1
-0.9517,0.02195,CTCTTGATCGACGACA,,0,0
-0.9517,0.02195,TATACAATGTCTAAGG,,0,0
-0.9517,0.04154,ATCATTAAAAGTTGAA,H355Y L496M,2,2
-0.9518,0.01012,ACACTGCAGCCAACTA,V490Q,1,1
-0.9518,0.004026,TGAATTAAACCCTACA,,0,0
-0.9519,0.0179,TTCACCCGATCTCCGT,D77A,1,1
-0.9523,0.04751,ATATTATAATTAATCA,E443Q,1,1
-0.9523,0.04751,ATCTTCAGCCATACAT,,0,0
-0.9523,0.04751,GTTAAGAGACTTCTCA,P169C,1,1
-0.9523,0.02239,CCTATCCTACATAAGA,I300W,1,1
-0.9524,0.02007,TACACAATAAACGAGA,D271T,1,1
-0.9525,0.0319,AAACTCTAAGCTTGAC,A69H,1,1
-0.9526,0.009586,AAATGGATTTCAATGA,L428I,1,1
-0.9526,0.009586,TTTTTACTCAACAAGT,S266R,1,1
-0.9526,0.01165,TTTAAATACATTTACC,G49M,1,1
-0.9527,0.01607,CTTCATGTCGGTAAAA,Y257A,1,1
-0.953,0.02044,AAAGGCAAAATATTAG,Y161G,1,1
-0.953,0.05549,AACTTGATTAACCGGA,,0,0
-0.953,0.07768,ACGACTCCATCCCCCT,E344D,1,1
-0.953,0.07768,AGCGTTACTAATAAGA,T128P,1,1
-0.953,0.04316,ATCTTAGACAACAAAA,Q75C,1,1
-0.953,0.1295,CCACCGGACCCGCATT,L111M R201C,2,2
-0.953,0.004796,CTAAAATGCAGAAACG,,0,0
-0.953,0.03531,CTGTGAAAACAAATTG,D77G,1,1
-0.953,0.01439,GACCATTGTGCTAAAA,D60S,1,1
-0.953,0.02285,TATAACATCAGACAAG,,0,0
-0.953,0.1295,TGAACATAAATGTAGT,T12C,1,1
-0.953,0.0185,TGTAGAGCACTTTATG,F192V,1,1
-0.9534,0.02455,TTTAATACAACAGTAT,K452L,1,1
-0.9535,0.03285,GGTTATAACTAACACA,E359A,1,1
-0.9536,0.03953,CAGAACGTCTGATGAT,,0,0
-0.9537,0.006108,GGTCAACGACAAAATA,P99S,1,1
-0.9537,0.04964,CACTCAGCGAGCTAGT,S266H,1,3
-0.9537,0.04964,CCACCCTCTGCTAGCA,K315A,1,1
-0.9538,0.00926,TGGAACCCAACTAGCC,K292Q,1,1
-0.9539,0.01995,TTAACGGCAAAAGGGA,Y470M,1,2
-0.954,0.01081,CGTCCTCATTAGAACT,,0,0
-0.954,0.004706,ATTATTTAAACCCAAG,P273F,1,1
-0.9544,0.01839,AATACCCTAATTGCGC,,0,0
-0.9544,0.0135,ACTTAATGTCCCAGCG,V237I,1,1
-0.9544,0.02383,AGTAAAAAAATGCAAT,M268H,1,1
-0.9545,0.007121,TATCCAAAACCTAAAA,,0,0
-0.9545,0.1015,ATATAATCTACAAACA,P227S,1,1
-0.9545,0.008652,CATCTCCGTAACAAAA,D241E,1,1
-0.9546,0.0177,AGTTGCCTTTGAAGTC,P169H,1,1
-0.9546,0.01102,AATTCTGGTGCATCCG,,0,0
-0.9548,0.01367,AAAAAATTTCTGACCT,A304Q,1,1
-0.9549,0.03158,AAATCTAACTCACAAC,G504D,1,1
-0.9553,0.05196,ATCGTTAATATAACCG,N489A,1,1
-0.9554,0.01982,CATTTTAACTAGGACA,,0,0
-0.9554,0.02315,TTAAACCGGCTCTACA,K207T V213L,2,2
-0.9555,0.007595,TCTGAAAAACCGGCAA,S312E R405E,2,2
-0.9556,0.03491,TTACTGTTGCATTAAT,D415C,1,1
-0.9557,0.005835,AGTACGCTACAATTGT,A212K,1,1
-0.9558,0.0468,ACATGCATACACTTTA,,0,0
-0.9559,0.0325,CATAAATAACATGCAT,K121V,1,1
-0.956,0.009633,CATGAATAACAAACCA,T187I,1,1
-0.9562,0.07094,AACTTTTAGCGCTCTT,V237L,1,1
-0.9562,0.07094,TGTAGCTGACCAAGCG,N483G,1,1
-0.9563,0.01377,ATAAGCTGTCTGTACC,F120Y,1,1
-0.9564,0.01338,TGCTATAATAATTGTA,,0,0
-0.9565,0.01788,CCCACTGGAAGTCTAA,S110R,1,1
-0.9565,0.03904,AAGAACAAAACTAAAA,K207N,1,1
-0.9566,0.01266,AAGTCTTACCACAATA,G142E,1,1
-0.9566,0.007558,CAGAAATAGCATGAAT,E344S,1,1
-0.9566,0.02693,TGAATCAATCAAGACG,L157D,1,3
-0.9569,0.004516,CTAGCATGATGTTTCT,T40Y,1,1
-0.9569,0.008195,ATAGTAAAACATTTCA,Q501I,1,1
-0.957,0.01317,CACGGAACAAAAAGAG,R220L,1,1
-0.957,0.01552,CACAAAGTCAAAAACA,G263K,1,1
-0.9574,0.1466,ATCCAAAATTTTGGCT,P55S,1,1
-0.9574,0.1466,CCCCATTTCATAAATC,I300K,1,1
-0.9574,0.04886,GACAAAAACCACTTAC,,0,0
-0.9575,0.009574,GAACCAAAACATTGTA,F294M,1,2
-0.9576,0.0276,CAGTTAAATCCAATAA,T301N,1,1
-0.9577,0.04426,TGTATAAATAGAGCTA,E172R,1,1
-0.9577,0.02607,AAGACTAGAGAACACC,,0,1
-0.9577,0.01431,CACACAAGTGCTGCAT,T65L,1,1
-0.9579,0.04046,ACCATTCCGTCATTAA,I48N V223N,2,2
-0.9579,0.04046,CCTCCCAAAGTTCTAC,,0,0
-0.958,0.005384,ATCTGACATAACGATC,S378T,1,1
-0.958,0.1118,TATATCTATATTGAAA,C14D,1,1
-0.9581,0.007336,CGTATGAACTAAATAC,E35T,1,1
-0.9582,0.03453,CTTCTCCTCCACTTTC,S110Q Q501L,2,2
-0.9582,0.03453,TCCCCCCCTCCAACAT,,0,0
-0.9584,0.03011,ACACGGCTAAACAACG,S279I,1,1
-0.9584,0.09033,CCACAACGATCTTTAC,K452M,1,1
-0.9584,0.09033,GTACATATAAAAATTA,,0,0
-0.9585,0.003055,TGGTTAACCAAAACAA,F500L,1,1
-0.9585,0.01223,GGGTGTCCACTAGAAC,L428T,1,1
-0.9585,0.01678,ACTTTGTGAATAGATC,N190S,1,1
-0.9587,0.07579,AGAAATACTATACAAA,T10L,1,1
-0.9587,0.07579,AGCAAGACATCGATTC,N489C,1,2
-0.9588,0.01035,CCAACAGTGCCCAACG,T235A,1,1
-0.9589,0.008971,AGATATCCAATACTTA,Q295E,1,1
-0.9589,0.0208,AAAGATTCCTTGCGTG,D375Q,1,1
-0.959,0.01205,GACTGCAGGCAAAGTA,,0,0
-0.959,0.01992,TAGTCAATAGTAGAAT,N165C,1,1
-0.959,0.008486,CTTGAATTATATCTAT,M168S,1,1
-0.959,0.05733,CAAGAACAAGAGAGAA,E325P,1,1
-0.9591,0.05111,TAGCTACATAGCTTGA,H184S S205G,2,2
-0.9591,0.05111,TCTGTTAAACACCCAC,,0,0
-0.9593,0.00585,CGGATTATGACAAATA,E344C,1,1
-0.9596,0.005115,GACTCTAAAGAACCCC,,0,0
-0.9596,0.008463,CAGTTCGAATTAGGCA,V413F,1,1
-0.9596,0.02329,TGACCTTATTTGGACG,N126C,1,1
-0.9598,0.01265,TAACAGAACACCTAGA,,0,0
-0.9599,0.01201,CTAAACAAGAAACAGC,Q376T,1,1
-0.9603,0.01246,CATTCTGAAACACTAG,P227G,1,1
-0.9604,0.01581,CTCTGCGTTGATACCG,D408N,1,1
-0.9604,0.01694,TAACAGTTTAAGTAAC,T65E E484N,2,2
-0.9604,0.01826,AATAGAAATTGACGCG,,0,0
-0.9604,0.01826,TTCTGACCCATTGAAC,T203N,1,1
-0.9605,0.006888,CCATGGCAGCCCATAT,S247T,1,1
-0.9606,0.02647,TATTGTTAATCTCACA,K264S,1,1
-0.9606,0.02804,ATTTAGTAGAACCCTC,I260C,1,1
-0.9607,0.01061,TGGCCAAAGCAAATTT,Y351F,1,1
-0.9607,0.03415,AGTTTATCTCAAGTGA,N475G,1,1
-0.9608,0.03994,CGATCTGGAAAATTCC,S312V,1,1
-0.9609,0.04364,GACACTGGACAATTCG,N159L,1,1
-0.961,0.01603,TAGCATAAATAAGCCA,,0,0
-0.9611,0.05357,TCTTAAGGGTAACGAA,Q75D,1,1
-0.9612,0.06045,ACTATAAGTACATATA,I179M,1,1
-0.9614,0.02431,AACGAGCCAATGCCGC,L118M,1,1
-0.9615,0.01134,TAAAAATTGTTATCCA,,0,0
-0.9616,0.01162,AACACCTAGCCTTAAT,V204A,1,1
-0.9616,0.007396,TATACAATAGTTAGAC,N53Y T485E,2,2
-0.9616,0.006342,ACGACAGACTGAAAAT,A69C D415A,2,2
-0.9619,0.03278,TCGCAGAAACTAGCCC,S47Y,1,1
-0.9619,0.01093,AAGAAAACAGACATCC,S114V,1,1
-0.962,0.01494,CAATAAGGAGTTTAGG,G62E,1,1
-0.962,0.02146,GTTCCAAGAATAAACC,S205M,1,1
-0.9622,0.02361,TATACCCCCTAATCTA,N341G,1,1
-0.9623,0.01342,ACCTCGAACCCTAAAA,D348N,1,1
-0.9623,0.01776,AGTATCAATGGAGAAC,I245F,1,1
-0.9623,0.04143,ATCACTAGTCATAAAA,,0,0
-0.9624,0.007427,TAATCTTCTAATTCTT,K368D,1,1
-0.9624,0.005532,GCAATGAGACTAAAAT,A372F,1,1
-0.9625,0.00525,TATACAGCATGCGACC,N158R,1,1
-0.9625,0.01018,ACTAAAAGTCAGCTAT,E325H,1,2
-0.9625,0.0192,AAGGAAGAATATAATA,Q371E,1,1
-0.9626,0.04543,TACTATTGGACTATTC,S95K,1,1
-0.9626,0.04543,TTGAATTATCTTCCTA,V130M,1,1
-0.9629,0.03151,CGATGGTAAACATCTA,,0,0
-0.9631,0.01264,ATGGAACAGTCGTACC,K82G E172C,2,2
-0.9632,0.05629,ACCCGAAATGCATAAC,N285Y E414S,2,2
-0.9633,0.008477,CTACAACGGAACCTAA,K292V,1,1
-0.9633,0.01375,ACGCCACATCCGAAAT,,0,0
-0.9634,0.007278,TCTCTATAAATTGACG,N31K,1,1
-0.9634,0.006797,AATATCAACGAACTTC,K140V,1,1
-0.9636,0.06393,TGACGATGTCAAACTA,L13M,1,1
-0.9639,0.008305,TAGAATTATATAATGA,S369G,1,1
-0.9639,0.01096,TGGGTACGCCCAATTT,S143P,1,1
-0.9639,0.01392,GCTGAGCATACCCAAG,,0,0
-0.964,0.04304,CTGATCATATGAGCAA,K264Q,1,1
-0.9642,0.01728,CTAACCCCCCTCATAA,I160D,1,1
-0.9642,0.008367,ACACTAGCAACGTAAC,S54C,1,1
-0.9645,0.03483,CGTTTTATGTATCTAT,L66I,1,1
-0.9645,0.03483,TATAGATAAAAGAAAA,L367Y,1,1
-0.9646,0.02278,AGCCGTATCTTTGCAT,T313C,1,1
-0.9647,0.01346,AAAAACCAACCCGTGA,A372F,1,1
-0.9649,0.08777,AAAAAATCTACTAAAA,F353Y,1,1
-0.9649,0.05266,TCATGTTTCCAAGAAA,Q57C,1,1
-0.965,0.01077,ATTCCATTGCCCCAAG,D375W,1,1
-0.9651,0.008981,ATAGTCCAAACGTGGA,D487Q,1,1
-0.9652,0.0312,GGAGAATATACTACCA,G263E,1,1
-0.9654,0.01719,GTGCTGAAAACAAGTA,A93Y,1,1
-0.9655,0.0593,GATGAGCAGTACTGCC,R299T,1,1
-0.9657,0.007883,TCACCATTACTGAGTT,R229I K503E,2,2
-0.9658,0.04477,ATTAAAAATGATCAAT,G263M,1,1
-0.9658,0.04477,GAGAATGAGAAAAAAA,D271H,1,1
-0.966,0.03596,TACATACTACCTCCAT,E449A,1,1
-0.9662,0.01466,AATGTCCACATATATT,N94K,1,1
-0.9663,0.06784,CTCGTCGATCAATTTA,L439Y,1,1
-0.9664,0.01649,CAAGTGTTCCATCAAT,T117C,1,1
-0.9665,0.03894,TCCAATATAAAATTAC,L428C,1,1
-0.9665,0.0321,GATATGCTCCAATTAA,,0,0
-0.9666,0.01709,ATGGCGTTCATCGTTA,,0,0
-0.9667,0.01095,AATAACTAATAGTACG,R361T,1,1
-0.9668,0.01374,TACATGGTTAAGAACA,,0,0
-0.9672,0.02309,AACTTGCAAACCTTTC,T117W,1,1
-0.9673,0.02642,CATCAGTGAGAAGTGC,D291S,1,1
-0.9673,0.02642,TTTCACTTTAATGTTA,L244I,1,2
-0.9675,0.02143,TAAATGGTTCTGCAAG,E410C,1,1
-0.9677,0.14,TGACCCAATGCACCTA,,0,0
-0.9677,0.02,CGGGATTCATAGCACT,,0,0
-0.9677,0.02799,TTCGCATTATTGATAC,D474P,1,1
-0.968,0.008532,TCTTTATTACTCATGA,E410G,1,1
-0.9682,0.02976,AATCTTGCTGAAAAAG,,0,0
-0.9686,0.05179,ATGCAGAGAGCAACCA,K326Q,1,1
-0.9688,0.09531,AAATTTCAAGTACTAA,S270G,1,1
-0.9688,0.09531,ATTGTATTAGATTTGT,P221A,1,1
-0.9688,0.09531,GAAGTGGAACATGATT,V43C,1,1
-0.9688,0.09531,GCTGAATCCAATTTAA,A334M,1,1
-0.9688,0.03177,TTCCCACTCAATTGTT,D408L,1,1
-0.9692,0.009462,AATTGCGGACTGACCT,S156M,1,1
-0.9692,0.009462,ACTCACCCGAAGCTGG,T301G,1,2
-0.9693,0.02409,ACGTTTAATATAGACG,E119S,1,1
-0.9693,0.07226,GACCTACACCCGTGAG,N489Y,1,1
-0.9694,0.02229,ACATTAATTTTAAAAG,P21S,1,2
-0.9695,0.02074,CTAATAGACTTAATTA,H435M,1,1
-0.9695,0.03058,CGCTGTCCGACCATTA,Q1T,1,1
-0.9696,0.0194,TAACTAAGACATAAGG,R201D,1,1
-0.9697,0.006703,CTCCATTTTCGTCAGA,S144G,1,1
-0.97,0.02023,CAACAGAAACAATAAC,Q501K,1,1
-0.9701,0.03673,ATAATTCATCGGGTCA,P103R,1,1
-0.9703,0.02948,TTCTAAATTACGGACG,E443L,1,1
-0.9705,0.02114,ACACCCTGAAGTACCC,R222F,1,1
-0.9705,0.02114,AGCTCTACATTAGCTT,G263D,1,1
-0.971,0.01532,ACGAACCATGCTGTTA,K453Q,1,1
-0.971,0.04596,ACTAACTTACAAAAAA,Q311I,1,1
-0.971,0.01457,AGAACTAATAATGCAC,K417Y,1,1
-0.971,0.02213,ATATCCAAGAAAGTTC,,0,0
-0.971,0.05432,CTTTTATATTATCAAG,N31M,1,1
-0.971,0.02213,GCAAGCTATTTATGAA,N483R,1,1
-0.971,0.1195,TAAAATTGTATCGTGC,D85M,1,1
-0.971,0.04596,TCGAAGAATTGTGAAT,,0,0
-0.971,0.05432,TTCAAAAACCTCCGAT,,0,0
-0.9712,0.01112,TCATAGCCCTGCCCCC,D375K,1,2
-0.9715,0.02155,GGCGTAAGAACCAAAT,,0,0
-0.9716,0.006646,CTTAGCTTACGATGAG,G61L,1,1
-0.9716,0.01477,CACCAAGTTAAGAAAC,,0,0
-0.9717,0.01083,CAAATAATTAAATGAA,A93E,1,1
-0.9718,0.01841,AGGTTAAGATTGCATC,S145N,1,1
-0.9721,0.01247,GTATAAAAAAACAAAA,V323L,1,1
-0.9721,0.05094,TCCCAAGACTAAACCA,,0,0
-0.9723,0.01497,ACAACGCCAGCTGAGT,P55T,1,1
-0.9724,0.06141,GGTATATCCACTGCAG,D85G,1,1
-0.9725,0.03237,AAAAGGCATCCACAGT,M168V,1,1
-0.9725,0.002525,TTTACTAGAAATTTTA,N296D,1,1
-0.9726,0.004287,TCCTACACTCCCAATT,E457V,1,1
-0.9727,0.008122,GGATTACAGTTATTCT,N122Y,1,1
-0.9731,0.02305,AATTTCGACGTGAACA,E457Y,1,3
-0.9731,0.03113,AATATAGAACTATAAC,R33Q L118M,2,2
-0.9732,0.005779,TAACCATTAAAAGGTT,S209K,1,1
-0.9734,0.03476,CCAATATACCTGAAAC,A364T,1,1
-0.9734,0.1043,TTTATTTACTACCGGA,E172C,1,1
-0.9735,0.02726,GACTCTTCAACATAAC,,0,0
-0.9736,0.05712,GATCATAAAGAATATG,R141Q,1,1
-0.9736,0.01655,AAGCCCTCAATACACC,E119D,1,1
-0.9737,0.01463,AGAATATAAAAGGTAT,K259C,1,1
-0.9737,0.03933,GTCACTGTGAGATCTT,G129F,1,1
-0.9737,0.02999,ACATATTCAAAAAGAA,S54Q G263M,2,2
-0.9739,0.004899,ACAAGTTCCAATCAGC,R33S,1,1
-0.9739,0.007101,CTATACTGGACATAAC,S9Q A364T,2,2
-0.974,0.01861,GAACGACACACTTAAT,Q356I,1,1
-0.974,0.02182,ATCCTCCACGAAACAA,R269T,1,1
-0.974,0.03334,AGATGGTACGTAACAA,,0,0
-0.9742,0.0087,ACAAGGGAACCCAGCT,K171W,1,1
-0.9742,0.02354,AGGTAACATATATGTC,,0,0
-0.9742,0.02354,TCCAAGAAAGAATGAT,K189G,1,1
-0.9742,0.07062,CCCTAACCTTGACCCA,,0,0
-0.9742,0.008367,CTAAAATAATCAATAT,K468Y,1,1
-0.9744,0.03753,TTGAAAAAAACCTATA,K450E,1,1
-0.9745,0.02555,ACTTACAATCAAAACC,I217H,1,1
-0.9745,0.006144,CAACATGCTTTTAAAA,R405W,1,1
-0.9747,0.05339,AAAACTGATACAGGCT,P284E,1,1
-0.9747,0.05339,TAAAGTCCAGCTGTAG,G404Y,1,1
-0.9747,0.1602,TGTGTTTACTAACAAA,T40C S137N,2,3
-0.9748,0.01646,AAAGGAGAGAAAATTT,R208H,1,1
-0.9748,0.02072,ATCCAAAATATCAACA,Q57L,1,1
-0.9748,0.02072,TTATTTCAAATATGCG,,0,0
-0.9749,0.01214,AACGACTTACTCAGAT,N122Q,1,1
-0.9749,0.01006,CAAACACATAAGAAAG,N158A,1,2
-0.9752,0.0185,CACATCCTAATCGATG,T10E,1,1
-0.9755,0.065,TTCTAAAAAGAAAGAG,V20A,1,1
-0.9757,0.01359,AACCTGAGTTACTTCC,K50L,1,1
-0.9757,0.03437,ACAACATCACCGATCA,V406C,1,1
-0.9758,0.02336,GAAATATCCTGACGAT,D225E L367H,2,2
-0.9763,0.02866,TCATGTTCATATATTA,T187Y,1,1
-0.9763,0.03299,CAATCCTTTAACGTTC,Q132P,1,1
-0.9763,0.03884,TCCCTTCAACACCTAA,K264A,1,1
-0.9766,0.0221,GTCAAAAGCCTAAATG,M462V,1,1
-0.9766,0.02458,CCTACCACCTAAAGAA,E410F,1,1
-0.9767,0.02769,ATCAAGAATACCCAAA,T128N,1,1
-0.9768,0.03171,CAAATACCCGTTAAAT,R33P S143Q,2,2
-0.9768,0.03171,CGGCTAAAACTAATAA,E449C,1,2
-0.977,0.03708,TCAACCAATCACATAC,Q376I,1,1
-0.977,0.01096,AAACCTCCAGCCACAG,V490H,1,1
-0.9771,0.01393,TGATAGACCTCGTACC,,0,0
-0.9772,0.009723,TATGGGAGCGGCCCAT,Q1I,1,1
-0.9774,0.05609,AAGACATTAGTCTTGC,Q454G,1,1
-0.9774,0.05609,ACGCCACTAATAAACA,G404F,1,1
-0.9774,0.05609,CGAAACATAATCATAT,E401K,1,1
-0.9775,0.01348,CATACCTCGAACACGA,,0,0
-0.9775,0.03547,GTGTTTAGTCCCAAAT,,0,0
-0.9775,0.01182,CCACATATCTACACCC,D419G,1,1
-0.9775,0.02594,CCCCTACTCCATTAGT,K450Q,1,1
-0.9778,0.04233,CCACCAGTACGATAAT,F174E,1,1
-0.9779,0.07542,CGTTGAGTAATAAGCT,,0,0
-0.9779,0.07542,TATTTAAAGAAACAAT,,0,0
-0.9779,0.07542,TTAAATAACTAAAGAT,I267H,1,1
-0.9782,0.0105,ATCAATTGGTCATACT,E359N,1,1
-0.9782,0.05249,CTAATCTGGTGATTAA,Q1F,1,1
-0.9782,0.007499,TATCTTCCCCCAAACA,N38Y,1,1
-0.9783,0.005642,CTCAATCGCCCCAAAT,K259P,1,1
-0.9784,0.04025,ACAAACAGTAGGAACA,,0,0
-0.9785,0.007972,CCATAAAATGTAAAAA,,0,0
-0.9785,0.00607,CAATACAATAAAAGTA,I3F,1,1
-0.9786,0.01145,AAAGAACTTACGTCCC,,0,0
-0.9789,0.06905,AATTGAGTCACATAAA,,0,0
-0.9789,0.04932,ACCAACACAAGAGTAA,D101L,1,1
-0.9791,0.009747,ATCATAAAAAAAAGAT,,0,0
-0.9791,0.009747,ATCCACATACAATCGC,D271R,1,1
-0.9794,0.01935,CCTTAAATCATGGACG,,0,0
-0.9796,0.04651,CATGCAACAGGGTGTA,N159V,1,1
-0.9796,0.02494,ACTTTACAAGAACAAA,V213A,1,1
-0.9798,0.06367,TAAATCTAATTGGTCA,N53C,1,1
-0.9798,0.01669,CAAACCCAGAAACCCC,,0,0
-0.9798,0.01375,TATCACAACCAATTGT,,0,0
-0.9799,0.006437,GTACGAAAACCATCAA,K50Q A372M A476T,3,3
-0.9799,0.003544,CTTACACCCAACAACT,I3Y,1,1
-0.9801,0.01807,AATATAATCGATAACA,K2G,1,1
-0.9803,0.1009,ACTGGATCACTATTCG,S95Y,1,1
-0.9805,0.005371,TCCGTTGGTAGATATG,D101G,1,1
-0.9806,0.04176,AGAAGCATTAGACTTA,R456H,1,1
-0.9806,0.004358,CTGAGCCGTCCTACCA,,0,0
-0.9807,0.008778,CCTGTCGTATAATGTG,D415V,1,1
-0.9807,0.02223,ATCCCGTCACCGACAT,N159D,1,1
-0.9811,0.03973,CCGATTATTTTGAAGC,N94V S144C,2,2
-0.9811,0.03973,TTAATGCAGAAAACAA,K50C,1,1
-0.9813,0.02993,TAAGATAAAGAAAGAT,K292Q,1,1
-0.9813,0.01283,ATAAACAAGATCACGA,K131Q S199N,2,2
-0.9813,0.0898,TCGAACCTAGGTGCAA,,0,0
-0.9815,0.03789,TGCCTGATAACGTCTT,D348F,1,1
-0.9816,0.02888,GAGCTATTTAATCATT,I335M,1,1
-0.9817,0.05161,AACCCTGTCATAACAA,,0,0
-0.9817,0.05161,CACGACCAGTCCACCT,A304N,1,1
-0.9817,0.05161,CTCAAGACCACGAACC,N53W,1,1
-0.9817,0.05161,GAAGAAAAGATCTAGC,P21R,1,1
-0.9817,0.01507,GAAGACCAGTAAATCT,S96H Q311E,2,2
-0.9818,0.03621,CTGAGACTTACAAGTC,A19N,1,1
-0.9818,0.03621,TAGTCATTCAGAAAAA,D225L,1,1
-0.982,0.02268,GATAGTTCCACAGCCA,Q311A,1,1
-0.9822,0.01867,CCTATCCAAATTGAAA,E414C,1,1
-0.9822,0.08092,ACATAGTTATAAAAAT,K131M,1,1
-0.9822,0.08092,GAACAAGTTAAGATTG,D225Q,1,1
-0.9822,0.08092,GGAATAATATAGGCCA,S143D,1,1
-0.9824,0.003995,CTGGCGTTCTATAATT,K411L,1,1
-0.9824,0.006041,TGATTTGCCTTAAAAC,R361P,1,1
-0.9825,0.01004,TACACAATCGGGTCCG,R220C,1,1
-0.9826,0.0253,CTAAAAAAAAGACACA,A106S,1,1
-0.9827,0.01748,TGACACAAAAGGGCAT,A476M,1,1
-0.9827,0.02042,AACCCCCCAGACCATT,G62Q,1,1
-0.9829,0.01992,TTTATAATCCCCTAGA,G49F,1,1
-0.983,0.009457,GAGGGCCATCATTATA,Q197W,1,1
-0.9831,0.02383,ATATCAGATGTATATC,Q44W,1,1
-0.9831,0.01944,TTATTTATTGAAAATT,I274C,1,1
-0.9831,0.009243,TAAAACGAACCAAGTA,G240W,1,1
-0.9831,0.006431,TAATCGATCCTCAAAC,,0,0
-0.9834,0.01856,GACTCACTTCCCTCGT,I214W,1,1
-0.9834,0.01198,TAAAGACGTAGTAACA,K259C,1,1
-0.9834,0.02252,GGAATCCCCATTTCTT,N285M,1,1
-0.9834,0.009651,TCTACTGATGTCAAGT,P239G,1,1
-0.9836,0.02191,TACAATGTACCAACTC,G142F,1,1
-0.9836,0.01035,TTTTGCTGGTATTACA,,0,0
-0.9837,0.02764,CCTAAATATAATCTAG,A196T,1,1
-0.9839,0.06239,AGATCAATCTAAAACA,N81W,1,1
-0.9839,0.1872,AGTATGCAAATGCTAA,M346K,1,1
-0.9839,0.1872,GCGCGTACTCAGCACT,D419A,1,1
-0.9839,0.06239,TAATCACGTAAAGTCA,D85F,1,1
-0.9839,0.03744,TGGATACGCGACGACC,L118T,1,1
-0.9842,0.008454,AAAAGCCTAATAAAAT,E344G L431M,2,2
-0.9843,0.0251,TCTATATACTCAGAAA,,0,0
-0.9846,0.03292,CCATGCCCAATCAAAG,N45P,1,1
-0.9847,0.05413,AACGATCACTAGAAAC,,0,0
-0.9847,0.01804,CCAAGAATAGTGAGAT,,0,0
-0.9848,0.01766,ACTCAACCCACAATTA,S137M,1,1
-0.9849,0.02235,TATCAGAGTATCAATT,E484L,1,1
-0.985,0.1523,AAAATAAATTATGAAA,Q356Y,1,1
-0.985,0.05077,CCGACGCTAAGAAAAA,,0,0
-0.985,0.02176,GCAATTTGAAGGTAGA,,0,0
-0.9851,0.01658,CCTCAAGTACTAGTAG,H488E,1,1
-0.9852,0.003238,AGCATTCTTAAGGTAA,E172Q,1,1
-0.9853,0.0478,CAGAAATATATAAACC,T12S,1,1
-0.9854,0.02835,CTAAATTAGCCGAACT,,0,0
-0.9854,0.02835,TCTAGCGCCAAGCCAA,P324Y,1,1
-0.9856,0.04516,CCATGGACACAAAAAA,T187H,1,1
-0.9856,0.007919,GCTGACAATAGCTCAA,,0,0
-0.9859,0.01794,CCCCAATAGGCCTTTG,E403T,1,2
-0.9859,0.0006745,AGCGCCTACCTAAAGC,,0,0
-0.9859,0.0249,ACGACATGAAACCGAG,,0,0
-0.986,0.04067,GCCTCAGTCACTCCCA,L431Y,1,1
-0.9861,0.02347,GCATAGGAAGCCGACA,K411A,1,1
-0.9862,0.03874,AATCACTCGAATCATG,E119L,1,1
-0.9863,0.004855,TCCTTCCAATAACATG,F195T,1,1
-0.9863,0.0222,CCCATTAAAAAAGAAT,G263H,1,1
-0.9863,0.111,TTGGATGGTCGTTGGG,K326A,1,1
-0.9864,0.01555,CTCTATCTCACCGGGG,,0,0
-0.9865,0.006137,ATTAAGAGATCTATAC,D375R,1,3
-0.9867,0.01396,TTATGGAATACAAGTC,E449A,1,1
-0.9867,0.09771,CTCATAAATAATCATA,N158W,1,1
-0.9867,0.09771,GCTCGATATAATCCCA,,0,0
-0.9869,0.03132,GACAGGACATTATGTA,I374Y,1,1
-0.9869,0.01865,CCAAAATCACCACAAC,,0,0
-0.9871,0.08728,CGCATTTATTTTTATC,,0,0
-0.9871,0.01709,CCAGCAATTTCTGAAG,L157R,1,1
-0.9872,0.02809,TTACTGTGATTTCTCG,I202T,1,1
-0.9872,0.01674,CTAACTAATATACGTA,F125W D419N,2,2
-0.9873,0.01142,GATCAGAAAAACACTC,N165E,1,1
-0.9873,0.07886,CGCAAACTCAATACGT,R255I,1,1
-0.9873,0.07886,TGACTATAGAATTAAA,Q132Y,1,1
-0.9875,0.0247,ATACATTCAATTCATA,G49W,1,1
-0.9875,0.01041,AAGGCGTTACAAATTA,K472L,1,1
-0.9876,0.01439,ACAGTTCTAATAGTTA,F192R,1,1
-0.9876,0.006337,TACTTAGGTCGAAAAT,T451H,1,1
-0.9877,0.06611,AAAGTCTGTGTCTATC,I3A,1,1
-0.9877,0.06611,AGTGAAACACCAAACG,N22F K411F,2,2
-0.9878,0.009028,TTGTGATGGATTTCAC,A11V,1,1
-0.9879,0.06117,GATGTTACAGACTCAT,K292N,1,1
-0.9879,0.06117,TAATAGGCCAAATACA,K310M,1,1
-0.9879,0.06117,TATAACAAATTTACGA,R208S,1,1
-0.9881,0.05321,CACCAAATATGAGAGC,N489Q,1,1
-0.9882,0.04996,AACTGTACAACAAAAA,I214F I437L,2,2
-0.9883,0.04708,GTCAGTTCGACATCTA,R456G,1,1
-0.9884,0.01484,ACGCCGACACTCGAAG,I395N,1,1
-0.9884,0.004859,TTCAGAAACTACGCAG,Q197W,1,1
-0.9885,0.04222,CAAATGAAGATATACA,T485K,1,1
-0.9886,0.01276,AGCGAAACGGAGCTTC,N158P R383L,2,3
-0.9887,0.03656,TCATAAAAACTATCAA,I374W,1,1
-0.9887,0.006881,GAGTTTTGGAGCACGT,K411Y,1,1
-0.9888,0.03356,AAATATCAACCTTGGC,Q211S,1,1
-0.9888,0.03223,TGTCTATTCGTACTCT,,0,0
-0.9889,0.009723,CCCCATAAACACACAT,F500W,1,1
-0.9889,0.02882,GTTTAAGAGAAATAAG,,0,0
-0.989,0.008252,ACGGAATAAAGAACCA,,0,0
-0.9891,0.02248,ACAAACTTGTTGCACA,S369C,1,1
-0.9892,0.006537,CACCCAGCGAAATTCA,G504P,1,1
-0.9892,0.0193,AATAAATCACTACTCT,V213F,1,1
-0.9894,0.004644,CTGATATTAAAGTCAC,S205V,1,1
-0.9894,0.01355,CAACACCATCTTAATA,T328W,1,1
-0.9894,0.01179,CGTCTAATGATTGGAT,N489G,1,1
-0.9901,0.01027,ACACTTGCAACGCTGA,D32E A425I,2,2
-0.9902,0.004133,AGACAAGCCCACCATT,,0,0
-0.9902,0.01285,CTCCTAGACTACAAAT,D493E,1,1
-0.9902,0.01349,CTGAATTGATTAGTAC,T451I,1,1
-0.9904,0.01874,AGCCATTTCCGTTCAT,N94C,1,1
-0.9905,0.02117,CGAGACCTATGGGACA,,0,0
-0.9905,0.00324,ATCACTGGCCACTATC,,0,0
-0.9905,0.02295,ATAAAAATCCAGCCCC,G504L,1,1
-0.9906,0.02361,CAAAATTCATACACCG,,0,0
-0.9906,0.02361,TGGGATGTGTATCAGC,D375S,1,1
-0.9909,0.006534,GAGCTTTACCGTATTG,I160C,1,1
-0.9909,0.0332,ACTAAATTGTCATAGG,,0,0
-0.9909,0.01122,AACGCATCACAATAGC,S9I E484L,2,2
-0.991,0.03613,TAAATTTAATATGGTA,M168W,1,1
-0.9912,0.006039,ACGCACACTCTATTTA,N38Y,1,1
-0.9912,0.04389,TAAATCCTAATAACCG,V166N K503N,2,2
-0.9912,0.00403,GCTCACCTTACCATGT,Q371M,1,1
-0.9914,0.04917,AAAAGAGTCTCCAAAT,V166M,1,1
-0.9914,0.01672,TTACACGGACTAAAAA,S231F,1,1
-0.9915,0.05231,GGAGCATAAAGCAAGA,D7H,1,1
-0.9915,0.05231,TCGCAACGATCAGAAC,P273Q,1,1
-0.9917,0.012,ATTTCTAGAAACACTA,K189Q,1,1
-0.9917,0.05999,GAAAGCGTAATGCTGC,K259F,1,1
-0.9919,0.007194,AGCCATACAACCAGTT,K259H,1,1
-0.992,0.01382,TATGTCACGTCCGAAT,A212R,1,1
-0.992,0.01004,GTTTAGTCAAACCGTA,N126M,1,1
-0.9922,0.006934,ACTTTTACAACAACAC,S219N,1,1
-0.9922,0.02564,AAGATTACAAACTTAA,L367V,1,1
-0.9922,0.02564,TCTTAATGAACAAAAT,R354Q,1,1
-0.9922,0.07691,AAATAACGAACTAATA,T301G,1,1
-0.9924,0.0163,GACCACTTGACTAATA,K207N,1,1
-0.9924,0.01178,TCCGCCCTACCGCTAA,M462T,1,1
-0.9928,0.09473,TATGGCATTAATGCAC,,0,0
-0.9929,0.03285,TATGTACTCCCGCGGA,,0,0
-0.9931,0.02088,ACATCAGCATGTAAAA,L316Y,1,1
-0.9932,0.1071,ACAAAACTAAGAAGAA,,0,0
-0.9933,0.0156,CCCAACTTAGCAGAGA,S110K,1,1
-0.9935,0.002602,ATCGCCAGTATTATCA,D85R,1,1
-0.9935,0.03913,GAATATCTTGTCATAC,Q1S,1,1
-0.9936,0.01091,GAATTCCTGGTTCAAC,K368T,1,1
-0.9937,0.0411,ATAAATAACCAGAAAT,L86C,1,1
-0.9937,0.1233,CGTCTTGGCACTGCCA,E494F,1,1
-0.9937,0.009486,GTTCATTGCTCTGCCG,K259C,1,1
-0.9937,0.02466,AACAGAAATAAAACTC,Q311G,1,1
-0.9939,0.009947,CCCCAGACGCTGCAAA,K131E,1,1
-0.9939,0.01443,TTTCTTGAAGGCGTAG,,0,0
-0.9941,0.00914,TTCAATTTCTGATAAC,G16I,1,1
-0.9942,0.02804,GGTGACTAAGTTACTA,P293S,1,1
-0.9944,0.02074,AAATTTACCTCCAAGA,S46M,1,1
-0.9944,0.0484,TTATATCCTATACACC,R208K,1,1
-0.9946,0.02185,TAATACCTGACTACTG,R269P,1,1
-0.9947,0.01715,ATTTATTAAAAATATT,V130I,1,1
-0.9947,0.01715,GCACCAGTGGCAATGG,,0,0
-0.9947,0.01411,CAATCACCACTATATG,,0,0
-0.9949,0.0179,GAACCAGTCCCGCCAC,N22E,1,1
-0.995,0.0549,TCATAAATGTTTCACA,G142D,1,1
-0.9951,0.02376,TAAGTCTAATTTAATA,K292L,1,1
-0.9951,0.01294,TTTGGGATCTTCCAGG,,0,0
-0.9951,0.01872,CCCGTCAAATAAACTT,N498S,1,1
-0.9952,0.01544,CCGAACGACATAAATA,P284T K368Q,2,2
-0.9952,0.01001,GTTTTGGTGGACAGGG,E410T,1,1
-0.9953,0.01026,CGCAACGAGACACCGA,I3F,1,1
-0.9954,0.02522,ATTTTTCTATACTGAG,,0,0
-0.9954,0.01358,TGATCCCAAATATAAT,,0,0
-0.9958,0.01455,ATGAAGCAGAATCCAA,R90T,1,2
-0.9962,0.02877,TAGCAACACTGGATGA,S145N F148Y,2,2
-0.9963,0.06875,TTTAAAATCATCAAGA,,0,0
-0.9964,0.02982,CCACAAGTATTTGCTT,Y161H,1,1
-0.9965,0.005213,AACTTTGGCAACTTAA,V213L,1,1
-0.9966,0.01949,TACAGATGCGCTACAA,D419S,1,1
-0.9967,0.009562,TGAAAACATACAGACG,S262R,1,1
-0.9969,0.03217,ACATCCCGTCAGTTCA,P215R,1,1
-0.9969,0.04503,GTCAGTCATACTCCGC,,0,0
-0.9971,0.021,CCTACTCACTCGTATT,T203S N497Q,2,2
-0.9971,0.01369,TCGCACTGCTATCCAA,I236T,1,1
-0.9972,0.005447,CTTAGCGGCCATGATC,L243F,1,1
-0.9972,0.03348,CATAAGTGCACTACTA,Y100I,1,1
-0.9972,0.003867,TACAAAACGCTGAGGT,K453S,1,1
-0.9973,0.01589,GACTAAGCCACCCTTG,P289A,1,1
-0.9974,0.005331,GTCTAAAGCAAATTTG,Q363D,1,1
-0.9975,0.009081,TACGGATATAGAGCTT,R405E D487E,2,2
-0.9976,0.008491,AGAGAATCTACGTAAC,T128I,1,1
-0.9976,0.08264,ATTTTTCACAATACAC,E119Y,1,1
-0.9976,0.08264,TCCTTATACGAATGAC,,0,0
-0.9977,0.00263,AACATATCTAACCTAG,G240K,1,1
-0.9981,0.01386,CGCAAGGAAACACATA,K238R,1,1
-0.9982,0.02409,TATGCGAATTTCGGCG,,0,0
-0.9985,0.03065,AAACATTAACAAGTCG,S91L,1,1
-0.9985,0.03065,CCCAATGGATGGGATA,,0,0
-0.9986,0.004426,ACACTGAATACATTAA,A476F,1,1
-0.9986,0.04004,CCTATAAAAAATTGGC,Q434M,1,1
-0.9988,0.01678,CTCCTACCCAAAAATA,K238D,1,1
-0.9989,0.05776,ATGGCTCACCAACGGG,,0,0
-0.9991,0.0109,TCAAAGAAGCAAAAAA,K189S,1,1
-0.9992,0.0175,ATCGGCCCTGTAAAAA,,0,0
-0.9994,0.004846,TGGAAACCTACACGAG,I236K,1,1
-0.9996,0.03453,CACATAAATCTTTCAA,Q211S N497M,2,2
-0.9996,0.06215,GACTATTAGGAAGTAA,T128V,1,1
-0.9996,0.1036,TAAAAAACTAAAATAA,D60C N497A,2,2
-0.9999,0.003295,TTGGGAAAACTGTAAT,H488N,1,1
-1,0.03605,ATCACGGATAACTCTG,L118T,1,2
-1,0.01913,CTCAGCCACCTGACTG,T135H,1,1
-1,0.02182,TCAGTCAAAAGATCTC,E410C,1,1
-1,0.008463,TATCAAACAGAAGATC,I217Q,1,1
-1,0.03035,TCAGTTGAGACTAACA,P55G,1,1
-1,0.02242,AAGGGTTGCACTTATA,A430H,1,1
-1,0.06726,CAGAAAATCAACCAAA,,0,1
-1,0.02242,CCTCTTTGTTCCAATC,,0,0
-1.001,0.005388,CAGAGGGCCAAAAGTT,R405T,1,1
-1.001,0.01111,TCGATTATTTAAAGTC,E410K,1,1
-1.001,0.02305,ATTTGACGCTAAACTA,G200K,1,1
-1.001,0.003832,AGAATTATATTTAACT,,0,0
-1.001,0.01694,CCGTCTCAACATAACA,,0,0
-1.001,0.009693,TTGTGATGGCGAATAA,N6E K472E,2,2
-1.001,0.002785,TGATACACTAAATCGT,K2F,1,1
-1.001,0.07329,ACTGGATAGGCTGACT,N158W,1,1
-1.001,0.07329,CCGCGATGACTCTTAA,K171E,1,1
-1.002,0.05303,CTAATAATCTCTAGAG,,0,0
-1.002,0.03415,CATACCTAATAATCCA,I48R,1,1
-1.002,0.02226,AGCACAAGTCCCATAA,K452M,1,1
-1.002,0.004696,GAGTTGTCAAATAACT,R361K,1,1
-1.002,0.003563,ACTAGATGATCTGCCA,L428R,1,1
-1.002,0.04377,AAATATCATAGACAAA,,0,1
-1.002,0.04377,ACTTATTTTAGACTGC,D271N K326Q E410K,3,3
-1.002,0.004244,TATGTATCTATTAAAA,I335L,1,1
-1.002,0.01579,AGAGTTATCACCTCCC,,0,0
-1.002,0.0805,TTACTCGCTGCACGCG,I214T,1,1
-1.003,0.0312,ACACAGTTCCCCTTGC,,0,0
-1.003,0.006451,CTTATTATAACATACT,S156I,1,1
-1.003,0.009986,CCACCTTTACAGTGGA,S480T,1,1
-1.003,0.02424,TTGCAACTGCCCACAA,V204T,1,1
-1.003,0.005005,TAAGGAAATGCCATAA,V223E,1,1
-1.003,0.01541,AATTGAATAACAGCAA,Y491W,1,1
-1.003,0.04624,GACTCCCAACCCGCGA,S199H,1,1
-1.003,0.04624,TAAAGAACAAACCAAA,G479H,1,1
-1.003,0.009355,AGCCCTGCAAGCAAAC,F258T,1,1
-1.003,0.01281,GAAACTATTCCATAAA,,0,0
-1.003,0.009463,TATAGACAATTACACA,,0,0
-1.003,0.06093,ATACTTAAAGCAGATA,G504Q,1,1
-1.003,0.02872,GACACGCACTATAACT,,0,0
-1.003,0.006646,TTCTAATTATCCCCCC,S198T,1,1
-1.004,0.02083,TCGGTTCTGAACAAGT,,0,0
-1.004,0.04901,CTAACAAACGCACAAG,S114K,1,1
-1.004,0.01142,ATCTTGGAGTCGTAGA,V182M,1,1
-1.004,0.01367,ATATGTCAACCTAAAA,S480H,1,1
-1.004,0.041,CAATTAAGTGAGGATG,L151V D375N,2,2
-1.004,0.01563,ATAAAACATAATCTTA,I242L,1,1
-1.004,0.01232,AGTGAACACTCTATCG,,0,0
-1.004,0.02405,ACATGGTTTATTTGAT,,0,0
-1.004,0.02405,TATTGGATTAAGCTTG,S124R,1,1
-1.004,0.06584,AATGGCCTAAAAACTC,,0,0
-1.004,0.005313,AATGGAAATGGGTACC,Q407V,1,1
-1.004,0.004493,CAAATAAAACATTGAC,N45L,1,1
-1.005,0.05214,GTCCCAGAAATCTTCA,K27R L244W A304S,3,3
-1.005,0.01625,CGGAACGAAGTAGAAA,V223S,1,1
-1.005,0.004031,AGAACAGATCGCTTAG,,0,0
-1.005,0.02255,TGTCAACCGAAATCAG,D493H,1,1
-1.005,0.004987,CCGGCAAATACCAAAA,R150G D419E,2,2
-1.005,0.01103,CCTCACACGCAGACCA,I300G,1,1
-1.005,0.01911,CCTCCATGCCTATGCC,P239G,1,1
-1.005,0.01911,TGTTGCAGCAAGTGAT,P239V,1,1
-1.005,0.005218,GACACAGAACTCTTAA,T206S,1,1
-1.005,0.008519,TTGAGTTCAAAAGGAA,A196V I377C,2,2
-1.006,0.01023,AAAAATAAAGACAGTG,Y302R,1,1
-1.006,0.02948,TTTGAAAGTATTACGG,F467M,1,1
-1.006,0.1002,ACAAATAATAAGAATA,G78C,1,1
-1.006,0.1002,CCCCATATATCCTATG,L154M I242Y,2,2
-1.006,0.05569,GGCTTATACGCTTTCT,D85R,1,1
-1.006,0.02179,TAATACGATGACACAG,N445E,1,1
-1.006,0.005672,GATGTCGATTTAACAA,S265C,1,1
-1.006,0.004406,CCAGCAATTCGATTTG,,0,0
-1.006,0.008676,CAAGCTTCTAACACAA,T128R E344W,2,2
-1.006,0.01766,CCCAACGGTGAAACAA,S149Y E414K,2,2
-1.006,0.009322,ACGAGAACCAAGAGGA,,0,0
-1.006,0.019,CACAGTAATGATTGAA,,0,0
-1.006,0.02726,CTTTCTGGAACGGAGA,,0,0
-1.006,0.01577,AATGCTTAGATTCTAA,,0,0
-1.006,0.03484,CCTCGTTGCTACCTAG,,0,0
-1.006,0.01945,AATGTTGACAAGAACA,N31Q,1,1
-1.006,0.04046,TACATTAACTAAGCCA,V166W,1,1
-1.006,0.04046,TTAGAAAGAAATCTCT,N6A Q80R,2,2
-1.006,0.02302,TTGTAACAAAGTTAAC,N498V,1,1
-1.007,0.04825,AAATTTTTCACAATAT,T30Q G218D,2,2
-1.007,0.005641,TAGCGTCTCACAAACA,N38K,1,1
-1.007,0.005434,CCACGAACTTGTAATC,S205L,1,3
-1.007,0.03177,CAATTACATCGGAATC,D474N,1,1
-1.007,0.02369,GTGGATTTATTCATCA,T416A,1,2
-1.007,0.03639,TGGAAAAAGACACAGA,,0,0
-1.007,0.07847,GGAAACAGAATAATAC,S144A,1,1
-1.007,0.07847,TACAGATCATATAAAA,S369Y,1,1
-1.007,0.002737,GACTAAAGTGATCTAT,L496M,1,1
-1.007,0.04257,TTGAAATGGTAATCCT,L316M,1,1
-1.007,0.02921,GCTCAACACCGGACCA,F174D,1,1
-1.007,0.003177,AGATCTTAACCGCCTA,V406Y,1,1
-1.007,0.03306,TCAAAATCCAAACTGA,F192H,1,1
-1.007,0.03306,TCAAACTTTCATACAG,I48E,1,1
-1.008,0.02702,CTTTCGAAGGCACAGG,,0,0
-1.008,0.01632,TAGGATAAGCACAGAC,S262A,1,1
-1.008,0.009452,CACGGAAAAAAATCGG,F79H S231F D415N,3,3
-1.008,0.01877,AGCCAGAAAAATCAAA,,0,0
-1.008,0.00801,CACGTTGTTATCCAAA,,0,0
-1.008,0.009942,TATTCTCCTACCATAT,,0,0
-1.008,0.006638,CAGTCAAAGTAACTAA,S107D,1,1
-1.008,0.003728,CCCTTAAGCATACTGT,S149L,1,2
-1.009,0.01525,AAGAATCAATCTTTCA,E443I,1,1
-1.009,0.009792,ATCACCCACCAACAAA,H435R,1,1
-1.009,0.0208,TACTGTTATGCTACAA,K468Q,1,1
-1.009,0.02894,CTGAAAAACCATATTA,L42S,1,1
-1.009,0.0868,GTACACATGACAAACC,A372S D487E,2,2
-1.009,0.02894,GTACATCATAATAAGA,D415N,1,1
-1.009,0.03597,GAAAACTGCTAGAGCT,N158Y,1,1
-1.009,0.04752,AAGCGAGAGGGTCGCC,,0,0
-1.009,0.002644,TTTAAAAGAGTAGACT,D85E K411V,2,2
-1.01,0.03,TGGAAAATAAAGAATC,P324A,1,1
-1.01,0.014,TTGTACATTTAGAATC,N81L,1,1
-1.01,0.02192,TATGATAGCTTATAAA,,0,0
-1.01,0.008487,TCTTACAAACACTGGT,V406Y,1,1
-1.01,0.0277,GCAAAAAATATATAAC,M444F,1,1
-1.01,0.01727,CCAGTAAAAAAGATGT,,0,0
-1.01,0.004543,AAAAAACTATCTGCAT,D175H,1,1
-1.01,0.02402,TTAACTTAAAAAAACG,D225H,1,1
-1.01,0.01764,AATATTGCAGCACTAA,S442L,1,1
-1.01,0.05045,ACCCCAAGCGTAGAAA,G240A,1,1
-1.01,0.05045,ACGTACCACAACCGAA,,0,0
-1.01,0.05045,TATCTCAAATAAGGCG,Q80A I260S,2,2
-1.01,0.0212,AAATTAACACAACTTA,,0,0
-1.011,0.02656,TCGCGATGTCATATTC,K264L,1,1
-1.011,0.04427,TTCTATCCCTTCTTAC,N216K,1,1
-1.011,0.01418,CTCATATCATACTGGA,N6L T485M,2,3
-1.011,0.01269,CACGTTGCCACAATCA,D175T,1,1
-1.011,0.006424,AATAAAGCAAATAATC,G49D,1,1
-1.011,0.09711,TAAAGTCTAACAAGGA,N341D,1,1
-1.011,0.01531,AGTAACTAAACCCAAC,,0,0
-1.011,0.07654,ACTATAGATCACAAAA,D7M,1,1
-1.012,0.02106,CACCGCTGACAGACTA,I418D,1,1
-1.012,0.02106,GAAATAACGAGACCCA,L420C,1,1
-1.012,0.01143,ATTATTTGTTTTCATA,,0,1
-1.012,0.05377,CCTCACCTTAATAATT,K397V,1,1
-1.012,0.009873,AAGCATCTACATAACA,Q210R,1,1
-1.012,0.0468,CAAACAAAATGGTTAC,H488M,1,1
-1.012,0.04144,CGTAGCATATACACCC,T24D,1,1
-1.012,0.04144,CTTATCATAACCGATC,Y302R,1,1
-1.012,0.03717,AGCCTGACCAAAAAAT,I67V,1,1
-1.012,0.02634,AATAATGAAAATAAGG,Q295M,1,1
-1.012,0.02634,AATTTATCTTACAAAA,,0,0
-1.012,0.02161,CTAAATTCCATTCGCC,V166R,1,1
-1.012,0.02039,TGTGAGACACCCTTTG,S137R,1,1
-1.012,0.01832,ATCACCTCGAGCCTCA,,0,0
-1.012,0.01744,AATGACGTTCAAGCCT,P284R,1,1
-1.013,0.02365,CCGAGATGTCAGCCTC,I202A,1,2
-1.013,0.03204,AACGCAAACCTATCTT,T313N,1,1
-1.013,0.01253,CAAAAATTCATTAATA,K2M,1,1
-1.013,0.04365,CGATCAGAAGTTAGAA,K259W,1,2
-1.013,0.003422,TCTGGGATGCTCAGAT,R229L,1,1
-1.013,0.04964,TGGAAAAACTTCAAAG,V20F,1,1
-1.013,0.003341,GGTCACGACATTTGAT,L42I,1,1
-1.013,0.006395,ATTGTTATTTTAACCG,N483M,1,1
-1.013,0.05755,ACCAGAACAATTACAA,I67F,1,1
-1.013,0.05755,TCACACAATTGTAGAC,V166N,1,1
-1.013,0.06845,AAACTCCTATTATACA,L427V,1,1
-1.013,0.06845,CAAAACTATAATGAAC,S231R,1,1
-1.013,0.06845,TTTAAATATCTAAAAC,H435I,1,1
-1.014,0.01481,CGCCACTCTTGTAAGC,K417C,1,1
-1.014,0.01392,TTGAGACTCAACCTAC,D408G,1,1
-1.014,0.02077,AAGGCGAAATCCAATT,,0,0
-1.014,0.02077,AAGTTCCACAGATGGA,N38D,1,1
-1.014,0.02204,TATCGTCAATCATAAC,D291Y,1,1
-1.014,0.02347,CGGCATACTTACTATA,S54K,1,1
-1.014,0.01417,CAATACAATCATCGAC,,0,0
-1.014,0.02698,GACGATGTATATAACA,N158S,1,1
-1.014,0.01044,ACATCCTCTTACTGAC,,0,0
-1.014,0.01537,ATAAAACTTCCATTAA,N382L,1,1
-1.014,0.02013,CCATATTGCTTTGGAC,,0,0
-1.014,0.02013,GAAGAATTCATGTCAT,M268I,1,1
-1.015,0.006522,CGCATAAAAATCTTTA,,0,0
-1.015,0.02265,ATGTAAATAGTTATCC,,0,0
-1.015,0.005378,CTGTAACCGGAACTAT,V309C G479S,2,2
-1.015,0.004303,TGAAGCTGGGATACGC,,0,0
-1.015,0.03846,CTACCACACACACGTA,G275N K472E,2,2
-1.015,0.0233,GATAAAGTTGACACAA,P324N,1,1
-1.015,0.004512,AAATTACATCCCAACT,D487A,1,1
-1.016,0.04304,TTGCGATGTATTCAAC,Q407E,1,1
-1.016,0.01671,AAACTTCTTCTTATAG,A39S K140V,2,2
-1.016,0.00882,TAACAAGATTTAAAGT,L111R,1,1
-1.016,0.07471,GTAATTAATTAATAAA,T485V,1,2
-1.016,0.006092,TTAATATCGGGGGAGC,M168Y,1,2
-1.016,0.009923,GACATCAAAAATTGAA,D348H,1,1
-1.016,0.04886,TTCACATGATAAAATT,N464M,1,1
-1.016,0.03631,AAAGAAGGTATCATGT,,0,0
-1.016,0.008474,TTAGGGGATCACGCAC,,0,0
-1.016,0.02398,CTGAGTCTAGGTGAAT,S480R,1,1
-1.016,0.01487,AAAACTCTAACTCCTT,,0,0
-1.016,0.09417,AAAGCTTAATTTTTCA,S145R,1,1
-1.016,0.04036,CATAGATTGTCTGACG,N165R G379C,2,2
-1.016,0.01345,CTAAACGAATTAGCGA,N126D,1,1
-1.016,0.09417,GTCCTGTATCAACGAT,M168V Q197Y E403D,3,3
-1.016,0.01345,TAATAAATCCTGATAA,S480H,1,1
-1.016,0.0565,TATATCAGGGCTGTAA,Q75V E432K,2,2
-1.016,0.006892,TATCGAGTGGTAGGGC,L428V,1,1
-1.017,0.005288,GTTGTAGCCTTATCGA,H18R,1,1
-1.017,0.02312,AATTCTAGCAAAAACC,,0,0
-1.017,0.03438,TTGTAAAAGTTGTATG,S156R,1,1
-1.017,0.02994,TAAAAAACTTTTAAGG,T313M,1,1
-1.017,0.008132,CTTGCTTCTCTCCGAC,,0,0
-1.017,0.009829,CCAATACTATCATCAT,,0,0
-1.017,0.02652,CGAGTCACTTAATAAC,,0,0
-1.017,0.01201,TGTGAGCAGGACCATT,,0,0
-1.017,0.01872,ATTAATCCCCAAAACT,T10K,1,1
-1.018,0.01732,TATAGAGCAATTCCCA,I274M,1,1
-1.018,0.05197,TTTCAACGATTGATTG,K315A,1,1
-1.018,0.01473,TTCGCCAAGCACTACA,L420V,1,1
-1.018,0.01916,TATGTAATCAACAGAA,N45R R208W,2,3
-1.018,0.0607,CTTACAACCTGTAAAC,,0,0
-1.018,0.02023,GAGATACAAAGCCATA,E426D,1,2
-1.018,0.0607,TAAACATACTGAAATG,S480K,1,1
-1.019,0.04811,ACAAATAGGGCAACCA,,0,0
-1.019,0.01409,TAAGCGAATAAAAAAC,S219Y V323M,2,2
-1.019,0.03984,ACATATGATTCGTATG,I160V Y302K,2,2
-1.019,0.007457,TGCTGACCCTAGCTTC,S205Y,1,1
-1.019,0.01192,ATCACGTAAACAAATA,V490L,1,1
-1.019,0.02362,AACCTGAAACAATAGG,P169L,1,1
-1.019,0.004597,CTGTTAATCTATCTTC,R229H,1,1
-1.019,0.0176,GACAAAAAAGTCGAAT,P324Q,1,1
-1.019,0.01904,TACAACCCGTATGAGT,,0,0
-1.019,0.02075,ATATCTATGGCTCCAA,D104V,1,1
-1.019,0.02836,ATCTGCTGAAGGCAGC,I335L,1,1
-1.019,0.0555,GACACGTAGTAACCAA,,0,0
-1.02,0.01042,AACACGAAGTGACTAA,N475F,1,1
-1.02,0.01459,TGACAACATCTACGTA,S124I,1,1
-1.02,0.01799,ACCCGATTTTCATTGA,Y161P,1,1
-1.02,0.1064,AACGCAGCTAAAACGA,S219R,1,1
-1.02,0.03548,GCGCAAGAAACTTAGA,N31M,1,1
-1.02,0.0101,CTGCCTAGCACCGTGA,N190D,1,1
-1.02,0.01291,TAATTTACATTACTCA,P55Q S312Q,2,2
-1.02,0.05112,CCCTAAATGGGGGGGC,,0,0
-1.02,0.01839,CCTCAACCTAACAATC,I67L,1,1
-1.021,0.01997,GAACAAAATAAATTAC,D32T,1,1
-1.021,0.006659,ATGAAAAAAAAATTTT,,0,0
-1.021,0.002626,TGACGTCCGAGTATCA,R255L,1,1
-1.021,0.01421,TATAGTACACCACACA,S110E E390K,2,2
-1.021,0.03934,CCATGCTTGATAACTT,K264C,1,1
-1.021,0.1967,GAACCAACGACTTAGG,H355I,1,1
-1.021,0.002651,AACTATCAACTCACAA,I374A,1,1
-1.021,0.007945,TATTGGAAGAATCCAT,Q376T,1,1
-1.021,0.02114,TACAAATACTTTTCTT,E457L,1,1
-1.021,0.04738,TAATAAACTAAACTCT,N53M K411V,2,2
-1.021,0.00988,GTTTAACAAAAGTCAC,,0,1
-1.021,0.007755,CCTTAGGCACCCTCAT,R224Q,1,1
-1.021,0.02047,ACTCTATCCAAACCTT,D375Y E390A,2,2
-1.021,0.03047,TGGAAAAATATAAATC,T328Q,1,2
-1.021,0.01828,CAACCAATACAGAAGG,N159E,1,2
-1.022,0.02246,AGTCTTGTGAATATAA,G200Y,1,2
-1.022,0.05954,CATTCTCAATAATACC,P21E,1,1
-1.022,0.0291,CACCAGAAAGTATCTT,H56T,1,1
-1.022,0.0291,CCAAAATAAATCAACA,I260F,1,1
-1.022,0.0217,CTCCTTACGATTAACA,,0,0
-1.022,0.01129,CGAAGGTCGATTGAGT,,0,0
-1.022,0.0187,GAGAGATAATGTAATC,S262F,1,1
-1.022,0.04133,CAAACACCGCTCAAAA,I160W,1,1
-1.022,0.05453,AAGAAATTAATTATTC,I300S,1,1
-1.022,0.05453,ACTGCAAAAGCCCATC,R222H,1,1
-1.022,0.05453,CCGCACTATCAAACTT,,0,0
-1.022,0.05453,TTTGTAACACACGTAT,K450Q,1,1
-1.022,0.02309,TAATAAATACCCTTAT,,0,0
-1.023,0.0801,AAATGACACCCAAGAA,L439Y,1,2
-1.023,0.03165,TTCCTTACTAGAAGAA,I502M,1,1
-1.023,0.03885,ACGTATAGCTAGCTCT,R361E,1,1
-1.023,0.05029,TAAAGTAAACGTTAGC,,0,0
-1.023,0.05029,TCTCAAATATTCTGAA,,0,0
-1.023,0.1509,AAACGTAAATGAAACA,V112F,1,1
-1.023,0.01594,AAATATATATAATTGC,R222V,1,1
-1.023,0.01083,TCTTTCCAAACGAAGA,S149W,1,1
-1.024,0.0276,GACCCAAGCAAGAAGA,K453W,1,1
-1.024,0.02292,CAATCACATGTGACGA,D77G,1,1
-1.024,0.005559,ATCGTAAGACCAGAAA,G275R,1,1
-1.024,0.02647,TACATTAACCAGATAT,I3V,1,1
-1.024,0.002739,ATCCACCAATAACACG,K453V,1,1
-1.024,0.02141,ACTGTCAGGGTAGCTA,S198T N382I,2,2
-1.024,0.06421,AACATTTAATATGTAG,D7A,1,1
-1.024,0.02543,AAGATGTAAAAAACTA,D225F,1,1
-1.024,0.03133,TCAAACTGAAACCATC,D375A,1,1
-1.025,0.009812,TTACAGTAGATGAAAG,N498C,1,1
-1.025,0.005111,ATGCTGAAACCCCGGA,P169I,1,1
-1.025,0.05842,AGACTCACGCGCCCCA,S231A,1,1
-1.025,0.05842,CTGACAACATGCAAAT,S422D,1,1
-1.025,0.03622,GCATCCAGATGAAATC,S199F,1,1
-1.025,0.1029,TTAATTCTTCCTACCT,,0,0
-1.025,0.03431,TTGAACGAAAAGCCAG,T135P,1,1
-1.025,0.01021,CTCTTTACCAGATAAC,N165K,1,1
-1.026,0.009899,AGCTCAAATTTCAGAA,F174S,1,1
-1.026,0.0165,CTAACTGCAACCACCC,N126G M168I,2,2
-1.026,0.01935,GTCTTCCTACGGGTAA,I3R,1,1
-1.026,0.01068,CGCCTTGAGTTTACTC,R321L,1,1
-1.026,0.01879,ATAATTGCCAAATTGA,N122P,1,1
-1.026,0.01879,TAAATGACTACATTGA,Q1R,1,1
-1.026,0.03102,TTTAAACAAGTCACCC,Q211V,1,1
-1.026,0.04293,ACATAAATATTCACCA,A317C,1,1
-1.026,0.01684,AACGACTCAAATCGAA,,0,0
-1.026,0.008154,CCCCGATCTATGCACC,A212T,1,1
-1.027,0.07809,ACAGTATCCCATGTGG,Q57N,1,2
-1.027,0.02409,ACACTGAAACCGATAA,T313K,1,2
-1.027,0.009015,TACCCCGACTAGCACA,T301S,1,1
-1.027,0.06969,AACAAATTAACGTGAC,I3F,1,4
-1.027,0.06969,TCAATTTGTCAAAAAT,K452H,1,1
-1.027,0.003237,AAAGGCATATAAGCTG,T167Q,1,1
-1.027,0.01675,TCAACGATATTTCTGG,,0,0
-1.027,0.06292,AAGATTAACGAGGCAC,S209F,1,1
-1.027,0.06292,ACTCAGATGTCAGTCT,G5V I214H,2,2
-1.027,0.01258,TCAATACAATGAAATA,,0,0
-1.027,0.004142,TTATAAAAAAAGAAGT,T128L,1,1
-1.028,0.02932,TTAGAGCAATTGATAA,L367S,1,1
-1.028,0.02689,AGTTCACAATACAACA,A69M,1,1
-1.028,0.05268,GCAATTATTCAAATAG,K2G,1,1
-1.028,0.008493,GACCCCACCAAATTGC,K315L,1,1
-1.028,0.04872,CGCCATACTAACTGAA,P239A,1,1
-1.028,0.01584,GACGACTTGGAAATCC,E325T,1,1
-1.028,0.01546,TTTATACACACTATAG,P55Y,1,1
-1.028,0.005689,CTTTCCTCTCAACTGA,Q1S,1,1
-1.028,0.04235,GAATTTAACCAGAATC,N298T,1,1
-1.028,0.0105,AAACTAGCGCTTATAA,N382R,1,1
-1.028,0.02018,TCTCAAATTACATAAC,S231Y,1,2
-1.029,0.00776,TCTACTACTGCCCTTC,G240Y,1,1
-1.029,0.019,ATAATACCGAATTAAC,,0,0
-1.029,0.0354,TAAGATAAAATAGAGT,T301M,1,1
-1.029,0.008129,GATCTCCGAATACTTC,E172G,1,1
-1.029,0.003508,ACTATGTTTTTACTTA,T135R,1,1
-1.029,0.01576,TGTGTTTCTATTTAGA,D366S,1,1
-1.029,0.03041,AAAAACCTTACATCAG,L157V,1,1
-1.029,0.02905,GATAAGACAACTAATA,K259T,1,1
-1.029,0.0278,AAACAATCCACAGTGT,Q371R,1,1
-1.029,0.02373,AGCAATAGACGTCTAA,K121C I478L,2,2
-1.029,0.00655,CAGAATTGTTTGATCG,G479C,1,1
-1.029,0.01945,CGCATAACACAGAGTA,R109S,1,1
-1.03,0.009111,CGACAACACTTCGAAA,,0,0
-1.03,0.01648,CTTATAACTAGTTTAG,V223L,1,1
-1.03,0.01263,AATAGACCCTTTATTA,,0,0
-1.03,0.185,ACAAAATACTGTCGTG,P221L,1,1
-1.03,0.03925,ACCTCACACACCTATA,N158I,1,1
-1.03,0.185,GCAAGATATTTGCTTA,S378H,1,2
-1.03,0.185,TAAACCCTATCCGCGT,N159P,1,1
-1.03,0.05631,AATACATATCGCAAAA,G504H,1,1
-1.03,0.04178,ACAAACAAGAACAAAC,Q57P,1,1
-1.03,0.1439,ATGAACCAAAATCCAT,I3V R141M,2,2
-1.03,0.1439,ATTTAAAACAATAAAA,S279W,1,1
-1.03,0.04797,ATTTAAGGTGAAAAAC,Q311R,1,1
-1.03,0.04466,CACCACGTTCAGTAAT,Q501S,1,1
-1.03,0.03321,TACAGTATGCCCTCAC,Y161N,1,1
-1.03,0.08634,TACGGTACCTTCTTGA,,0,0
-1.03,0.1177,TCCTACAAATGTAAAG,Q1E I335L,2,2
-1.03,0.04797,TGAAATAATCATTTCG,K397H,1,1
-1.03,0.0102,TGCATCCTTTAGGATC,P162I,1,1
-1.03,0.1177,TTAAAATCGAAACTTG,K259C,1,1
-1.031,0.007645,CGCAAATATGATCCAA,G479F,1,1
-1.031,0.00783,CGTACATTAGTACAGT,A196R,1,1
-1.031,0.01122,TTATAAACATCGGCCT,T451S,1,1
-1.031,0.01303,TAATATTTTAAATCCA,N464S,1,1
-1.031,0.01553,AATTACTGACATCGTA,L15T,1,1
-1.032,0.02337,AATGAACAAATAACGT,,0,0
-1.032,0.02731,CATAGACTCCAGAGAA,T187A,1,2
-1.032,0.01583,AACAAGATCACAGTCA,,0,0
-1.032,0.01754,ATAATGCTTGAAAATG,E426A,1,1
-1.032,0.03876,GAGTTTCACCACGCAT,K452Q,1,1
-1.032,0.01967,GACTGCAATAAAAAAA,,0,0
-1.033,0.04122,GTAACAATATTTCTTT,D175E,1,1
-1.033,0.0111,TTAAGCTCATTCCTTG,I395T,1,1
-1.033,0.0232,AAATACAATTAGTAAC,I274M,1,1
-1.033,0.0232,TGCTCGATGAACATCT,,0,0
-1.033,0.04724,ACGCTGCCAAATAGGT,M462A,1,1
-1.033,0.009733,GGATATGCCTATACTC,,0,0
-1.033,0.02499,ATCTGAAACTTACGCC,K207E,1,1
-1.033,0.003258,TTACCACAAGGCACAC,E443F,1,1
-1.033,0.02826,TACACTTAATTAGGCA,P273S D493S,2,3
-1.033,0.06047,TGAGTAGAATTAGCCA,P324W,1,1
-1.034,0.003348,ATTGAGTAACTCCCGC,R229W,1,1
-1.034,0.03251,TATTTATCAGAATTAT,K453H,1,1
-1.034,0.009672,ACAATACATTCTCCTC,,0,0
-1.034,0.03423,AAGGAGACACTGTAAA,S115M,1,1
-1.034,0.02387,AAATTTCTAATCTATA,E325K,1,2
-1.034,0.01228,TTTGACAGAAAAAATC,,0,0
-1.034,0.007657,AAAACGACAGATTCCC,K131Q,1,1
-1.034,0.02003,GATATAGACGCACCCA,,0,0
-1.034,0.02684,GTACATTCGCTCCTGT,,0,0
-1.035,0.02067,AAGGCTTAATTTACTA,V223D,1,1
-1.035,0.028,TGTTTCAATATGATAT,D7E K368V,2,2
-1.035,0.007918,GCCCCGAGATAAAGAT,,0,0
-1.035,0.02927,TCTAATGTCAAGCCTA,G275R,1,1
-1.035,0.009048,GCCGCTGCATCTAAAG,Y233R,1,1
-1.035,0.03066,CATTATGACATGAAAT,Q1Y,1,1
-1.035,0.03066,TTTTACGCATGGGAGA,,0,0
-1.035,0.09653,ATTATATATCTCATTA,S143A,1,1
-1.035,0.008096,CAATTCACTAAACATC,,0,0
-1.035,0.01218,GTAACCTTAGGATTGC,P221Q,1,1
-1.035,0.02459,TACTCGGACCATCGGA,K417D,1,1
-1.035,0.05014,GCCATTACAAGACAGT,R220H,1,1
-1.036,0.009554,TATATGTTGAAGCCAT,V490E,1,1
-1.036,0.01373,AGTTTGCTTATATTAC,,0,0
-1.036,0.009996,TACATGAAACATACCT,S9I Q132Y,2,2
-1.036,0.1134,ACTCTAAAGTACAAAC,Q327W,1,1
-1.036,0.1134,CTTCAACAGCTTACCA,L118W,1,1
-1.036,0.002977,GCCGTCAATTTTTCAA,Q311H,1,1
-1.036,0.004532,CGAATATGCTTTCTGG,V112M K259A,2,2
-1.037,0.02106,TTCAGAGTTCTTAGAG,N8R,1,1
-1.037,0.02536,AAAAGAACCCAAAAAC,V204A,1,1
-1.037,0.009069,ATTCTACTTGTCTAAA,A476H,1,1
-1.037,0.04282,CACTCGACAAGAAAAA,K472S,1,1
-1.037,0.01907,CCCAATTGAGCCGATA,,0,0
-1.037,0.02751,AAACCCAGCTCTCGGC,N159M,1,1
-1.037,0.04585,GGATTGCAAATCCCCG,Q371K,1,1
-1.037,0.01528,TAGCTAACTGAGTCCT,P227Y,1,1
-1.037,0.1375,TTAAAAAACTCAATCA,K453Y,1,1
-1.038,0.07263,AGAGACTAAGGCCCAC,,0,0
-1.038,0.07263,AGATTCAGAGTACATC,,0,0
-1.038,0.009869,AATCTATAACCTTCAG,Q211R,1,1
-1.038,0.04934,AGCGAGTCAGTAGAGA,L157Q,1,1
-1.038,0.005958,TCAAAGTCTGCAACAA,S378Q,1,2
-1.038,0.01953,CACTTTCATGAATACG,E359Q,1,2
-1.038,0.02236,CATCACACTGAGCTTA,P289K,1,1
-1.038,0.02013,CTTAGTTGAAAAAACT,,0,0
-1.038,0.002279,ACACCCCAAGATAAGG,A212K,1,1
-1.039,0.01086,TTAATCCCATGCTCTC,N45Q,1,1
-1.039,0.0818,AATCCGTAATTTGTAG,Q80C,1,1
-1.039,0.0818,ATGCAGGTAACATACC,Q311W,1,1
-1.039,0.01831,CTAAAGAATTTGCTAC,S96R,1,1
-1.039,0.01124,CAACAATTGAGAATAG,L59F,1,1
-1.039,0.0155,TCAAAGGATCCATAGG,N133W,1,1
-1.039,0.01236,TACATAAGAAAATTCG,G200C,1,1
-1.039,0.05821,AACACCCTTGATGAAT,K82W,1,1
-1.039,0.05821,AACCTAACAAATATCT,D101R,1,1
-1.039,0.1746,AAGCCAGAGCTAAATC,G404P,1,1
-1.039,0.00819,AAGGCTCTCAACGAAA,P324V,1,1
-1.039,0.00819,GAGCCTTTGTACTTCC,Q211D,1,1
-1.039,0.04518,TACAACAACTCTTAAT,,0,0
-1.039,0.02595,AAAGCCCAGCATTCAA,I58L N424D,2,2
-1.039,0.02595,ATACTTATCGACCCCA,S247D,1,1
-1.04,0.03692,ATGTTAACCTTGAGAT,P324G,1,1
-1.04,0.03692,TCTATGCAAACATTGT,A459S,1,1
-1.04,0.09363,ACAACCAACAAATCTA,R141T,1,1
-1.04,0.09363,CTAAAACATCAAGAAC,K472S,1,1
-1.04,0.003812,AAAAGAGGACACATCC,E457S,1,1
-1.04,0.06396,GTGCTTTTTGACCTTG,,0,0
-1.04,0.001569,CATCTCCCACGACTGA,,0,0
-1.04,0.01619,GAACCTAGTGACTAAA,,0,0
-1.04,0.03915,GTTACATCAAGACTGT,I3S,1,1
-1.04,0.03915,TTCAGCTCGCTACACA,T187A A196S,2,3
-1.04,0.03279,TAATATCCCCCAACTT,,0,0
-1.04,0.009404,TTGATCGCATTAAGAC,N53K,1,1
-1.04,0.01426,TACAAATGAACAGCTA,N483Y,1,1
-1.04,0.001755,ATGAGACCCATATCCC,E344C,1,1
-1.041,0.02051,CCCATATGGAGCCCAA,,0,0
-1.041,0.04167,AGTTCAGATTAACATA,G200N,1,1
-1.041,0.02118,ACTTGTCATGTTTAAT,D487E,1,1
-1.041,0.01326,ACTAAGCGAATTGTTT,K450I,1,1
-1.041,0.004231,TTACCATAGTGACTCT,,0,0
-1.041,0.1095,ATATAATAATAATAAG,G504E,1,1
-1.041,0.1095,TGATGTAAACGAACTA,E325Q,1,1
-1.042,0.01741,AATTTTGAATAGCCAC,I377L,1,1
-1.042,0.02266,AAGTTTGGTATGAGTC,Q371D,1,1
-1.042,0.01643,AACTGGAATTGAGCAC,N158E,1,1
-1.042,0.01643,ACCGTATTTAAGATCA,,0,0
-1.042,0.03867,GAACACTTAGTAATTT,N94V,1,1
-1.042,0.01023,ATTTCATTCGGTTATC,V406E,1,1
-1.042,0.01407,GGTCAAACTAACCCTA,N341A,1,1
-1.043,0.0131,AGGACGTTAGCGCGAT,R354W,1,1
-1.043,0.002942,CGACTATAATGCTTGG,K453M,1,1
-1.043,0.01677,GATTAAGTAATAGTTG,R269W,1,1
-1.043,0.02895,ACCTTAACTAACTTAC,L496T,1,1
-1.043,0.1317,AGAAAGACACCAAACA,D225V,1,1
-1.043,0.04391,CGCACAACACAACAGA,,0,0
-1.044,0.003577,GACACACGTGACTACA,,0,0
-1.044,0.006061,AACTATTGTCAACTCT,L428C,1,1
-1.044,0.0909,CTATGCCAGAAAAATG,,0,0
-1.044,0.01618,AACTAAGCACTCAAAA,R229V,1,1
-1.044,0.06939,ACCTCTCATAACTAAA,,0,0
-1.044,0.006816,ACAAAGAAAATAGTAA,,0,0
-1.044,0.0471,AACTAACCTTACATCG,S442I E443L,2,2
-1.045,0.01353,ATGTATCAGAGTTTAC,Q327H H393C,2,2
-1.045,0.01004,TCCGTAATTAAAGATA,E414C,1,1
-1.045,0.01562,ACCTGAATATAACAAC,,0,0
-1.045,0.02296,ATGCTCGAATAAGTGC,,0,0
-1.045,0.02491,TCAGAATTAACCTTCA,R220S,1,1
-1.045,0.01314,CGAAAAGATTAATACT,P324Y,1,1
-1.045,0.0433,AGTTGTATGTGCCATG,T485E,1,1
-1.046,0.06144,CACCCGCGTGAAAGAC,,0,0
-1.046,0.01555,ACATTTCAAGCGCATC,,0,0
-1.046,0.02591,AACGGCCACATCACGT,R354Y,1,1
-1.046,0.01201,GGTCCTGACTTTATGG,E410R,1,1
-1.046,0.03525,AGAGCACAGATACGAC,R141E,1,1
-1.046,0.1057,GACTTACCTAGTAACT,N498A,1,1
-1.046,0.03525,TAGAGCCGGAAGCGAT,K2Y,1,1
-1.046,0.04006,AAAATGTAGGTATCCG,Q501P,1,1
-1.047,0.0464,TGTATGCAAACCTCAT,Q376H,1,1
-1.047,0.008589,TTATTAAAATTCAAAA,Q356I,1,1
-1.047,0.02972,ACTTTAGAATCCAGGC,T10I S115Y I331V,3,3
-1.047,0.0143,CCTAGTTATAAATTAT,K397I A425S,2,2
-1.047,0.1654,TAATACACTAAGAACT,G62R,1,1
-1.047,0.05512,AAAACCTAAATGACTA,G134S K397R Y412C,3,4
-1.047,0.008971,CTAAGATCTTAAGATA,D225R,1,1
-1.047,0.0196,AAGCCTATTAACACCC,K387R,1,1
-1.047,0.02816,GAAAAAGAGGGATACT,D85Y,1,1
-1.047,0.06788,ACACAGCTTAGACTAT,,0,0
-1.047,0.06788,CAGAATTTTTATTACA,,0,1
-1.047,0.06788,TACAATATACGTTGTA,T313G,1,1
-1.047,0.03115,CAAGACCGAAGAAAAC,K450M,1,1
-1.047,0.03115,CAATAGCTATGGATTG,S145L,1,1
-1.047,0.01077,AATTATTTCCAGGTTT,I160G,1,1
-1.048,0.006725,AACCTAAAAATTAGGC,L316I,1,3
-1.048,0.04998,ATTATATTAAATATAC,N53P,1,1
-1.048,0.04998,TTAAAACCAGACGGAA,K207R,1,1
-1.048,0.002484,CAAAACGGATCAACTC,N424V,1,1
-1.048,0.08832,GACTTCGAATCATATG,S199N,1,1
-1.048,0.008256,CGCCCCAACCGTATCA,Y100V,1,1
-1.048,0.01287,AAACGAAAGTATTCAT,S91Y,1,1
-1.048,0.008608,CGATTATTTGGCGCCG,Q80N F174S,2,2
-1.048,0.06025,GCACTTATTACTATCC,,0,0
-1.049,0.02156,TAGGAACGTTATATAC,S107A,1,1
-1.049,0.01048,GTAACTCAAAATCTAC,G379V,1,1
-1.049,0.01228,TAACCCAATAAGCAGC,Y257S,1,1
-1.049,0.01174,CATCCCGACAAATCTA,S143M,1,1
-1.049,0.005395,ACAAGAACTATAACAC,R220K,1,1
-1.049,0.01806,GATTTCATTAAATTTG,S378C,1,1
-1.049,0.1264,AATGTATCCCCTTTAC,A430V,1,1
-1.049,0.03447,AATTGAATGACATACA,,0,0
-1.049,0.05417,ATAACGGTATCTTGGC,,0,0
-1.049,0.03447,TGGCTAATGGTTTACC,D493F,1,1
-1.049,0.003877,AGTACCCAAACGATAA,R229A,1,1
-1.049,0.01924,AATAAAAACCGAATAC,A196S,1,1
-1.05,0.02766,CCAACTAGAAGACCCG,S124M,1,1
-1.05,0.007504,GATCGATCCATCCATC,V413I,1,1
-1.05,0.0231,ACCCACTTTCATAGGA,K140W S143N F399W,3,3
-1.05,0.0492,CATTTTTAATACGATC,M268Q,1,1
-1.05,0.00512,AGCGCAATAATTGAAT,S96L,1,1
-1.05,0.06643,ATGAAACCCATATGTT,H56T S266N,2,2
-1.05,0.06643,TAATCAAATAACTTCC,S95G R255Y,2,2
-1.05,0.003631,ACCACAAGCAATATAA,E426M,1,1
-1.05,0.009992,ACAAAGGAGCAAAAAC,N341D,1,1
-1.05,0.01429,CATAAAATTGACAGGT,,0,1
-1.05,0.03641,GCTCTTACACACGATT,,0,0
-1.05,0.02507,GAACCCTAACAACTAC,P169E,1,1
-1.05,0.01683,GCCCGTATAAATCCCC,V490H,1,2
-1.05,0.0289,ACTTTAAGAGAAACAC,,0,0
-1.05,0.009633,TATAACCAAGCTCATA,N497S,1,1
-1.051,0.00996,TCACTACATAGCATAT,G61L,1,2
-1.051,0.01209,CGTACATGCAACTAAA,,0,0
-1.051,0.01422,ATAAAGGATATATGTA,N250G,1,1
-1.051,0.05911,TATTTTCACGTATTAA,,0,0
-1.051,0.01086,TATAATCATTCCAATA,,0,0
-1.052,0.007026,GAATATGACAAGACAA,R224E,1,1
-1.052,0.08589,GCGCTCTATCATTAGC,,0,0
-1.052,0.02863,TATGGCCCAATACATA,I48W,1,1
-1.052,0.009377,TGTCATTGGAAAGGTC,V166R,1,1
-1.052,0.03599,GACTCGATGCACGCTG,N290W,1,1
-1.052,0.04843,AAAATAAGGTTAGATC,,0,0
-1.052,0.02184,AACCAATCAATTACCT,,0,0
-1.052,0.04442,AACATTCGTCATTGAA,F294L,1,1
-1.052,0.01058,GCCCACTGAGCTCCGA,,0,0
-1.052,0.07403,TATAGATCTAGCATAG,,0,0
-1.053,0.01275,AGTTAACTTAGTGACA,I260C,1,1
-1.053,0.009321,AGATCGCTCACTGAAA,L111K,1,1
-1.053,0.007429,CAACATAGAAGCACCA,D241G,1,1
-1.053,0.01474,TACAAAAGGTACATCA,Q434E,1,1
-1.053,0.05801,GGTTTATAATTATCCT,K207V,1,1
-1.053,0.05801,TATCCCCAAAATCTAT,E344C,1,1
-1.053,0.01552,TCACTCAAAATATCTA,N489M,1,1
-1.054,0.03336,ATCATAAAAATAGTAA,T485L,1,1
-1.054,0.05235,AAACAGAAACGGGTCT,V237I,1,1
-1.054,0.01745,CCTGAGTGAATTTATC,N497F,1,1
-1.054,0.0169,TCACGAAGAGGAGACG,Q44N T416E,2,2
-1.054,0.04769,AAATAGATTTCTCACA,V347K,1,1
-1.054,0.04769,GTTTCTTCAAAATGAA,,0,0
-1.054,0.003143,AAATTCGTACGCAGTA,K2S,1,1
-1.054,0.02811,ACCTTACCGCGTCCTA,D85Q,1,1
-1.054,0.02671,TAGTCAACGACGTATT,D493R,1,1
-1.054,0.008905,ATTATTAAACCAAACA,N159R,1,1
-1.054,0.04049,CCAACATCCCTGAGAG,V223I,1,2
-1.055,0.007637,TAGATAGCCAAACAAA,G142I,1,1
-1.055,0.01255,GGGCACCATCCAAACA,S47E K453R,2,2
-1.055,0.005171,CATTTAAATTTACAAC,,0,0
-1.055,0.09902,AAAAAAACAACAGAGA,D73V,1,1
-1.055,0.09902,AACAGATTATAAAATG,,0,0
-1.055,0.09902,ATACATCAATCCTCCC,,0,0
-1.055,0.01981,TACAAAATGAGCCCTG,R224G Q363F,2,2
-1.055,0.01783,TCTGCAGCAATACTTC,L409I,1,2
-1.055,0.02939,ATTAAAGAAGAGCACA,S205H,1,1
-1.055,0.01672,TCCCCTACCACAACGT,,0,0
-1.055,0.001354,ATTCAGCCAACTAAGC,P273T,1,1
-1.056,0.02212,ATGATTTATCAATCAA,I160Y,1,1
-1.056,0.06372,AATATTCACGAACCAT,,0,0
-1.056,0.01968,AATGCAAAGCGCATCC,Q311W,1,1
-1.056,0.05695,GATCATTATACTATAA,A163D E359D S400W,3,3
-1.056,0.01833,TTACTTAACTCGGTTC,D408N,1,1
-1.056,0.04319,ACCTCTCAGACGGTTA,E172C,1,1
-1.056,0.008755,AAGTTCATAGACTTGT,R482G,1,1
-1.057,0.01956,CACTTCTCTACCCCAA,,0,0
-1.057,0.003713,TCCCAGCAATCAACAG,K450Q,1,1
-1.057,0.00427,TAAAAGTGTACACAGA,,0,0
-1.057,0.009475,AACCCCACAACTATGA,Y257H,1,1
-1.057,0.003629,GCCCTTACATCTGATA,N475F,1,1
-1.057,0.01596,AGAAAAACCTTTACAA,,0,0
-1.057,0.02374,CAAAAGCTGGTTCCGA,,0,0
-1.057,0.02484,CAGCATCATACTCATT,L428V,1,1
-1.058,0.02885,AGAACATACTGACTAG,K2R V223H,2,2
-1.058,0.009792,AAGTCAGGAAAGCTTT,G142D,1,1
-1.058,0.03049,CCCTTTAACAGAAACC,K238I,1,2
-1.058,0.03049,TTTAATCTTAGACTAA,S145L Q454A,2,2
-1.058,0.003593,TACTCCTTCCAGCCGA,Y257H,1,1
-1.058,0.007253,GAGGTACGAAAAATCA,,0,0
-1.058,0.03676,CGCCCTTAATACTAAC,,0,0
-1.058,0.03946,AAACAAAGATAGGGAA,S205L,1,1
-1.058,0.03946,GTACCATAACGAAAGG,,0,0
-1.058,0.003738,GGGTACACAATAAAAT,,0,0
-1.058,0.0426,TATTTTACTGGAGACA,K503G,1,1
-1.058,0.04627,CACGTTCTATATCCAA,,0,0
-1.058,0.01637,TTAATTCAATGATGGT,K315T,1,1
-1.058,0.01013,CAAATCAAACCTTAAA,,0,0
-1.058,0.06244,ATACCCATTTCTGAGA,E390L,1,1
-1.058,0.01377,TAAAAAATTCCGCTTC,G404C,1,1
-1.058,0.01377,TTTACAATACAACATT,I160P,1,1
-1.058,0.0101,GGTAACCAAAAACGAT,R299E,1,1
-1.059,0.03402,AACAACTACAGACGAT,P103Q,1,1
-1.059,0.03402,TCAATTGAGTATACAT,,0,0
-1.059,0.02151,ACACAAATGAATGCAT,Y100F,1,1
-1.059,0.03633,TACCTAGTAAAATCTG,I160G A272T,2,2
-1.059,0.0224,ACGAACACATGCCAAA,Y233S,1,1
-1.059,0.1169,CATTGTGGAACCTTCC,K171G,1,1
-1.059,0.02338,CCAAATCAAGTCAAAG,,0,0
-1.059,0.1169,CTCCACCTACCCTCAG,F192W,1,1
-1.059,0.00645,TTTGATATTCAACTAA,G404Y,1,1
-1.059,0.00964,TAAGTTCCACAGTCAT,I51L,1,1
-1.06,0.01081,TGTCTGGTCAGGATTA,T155A,1,1
-1.06,0.01081,TTCGATGCAATCCAAA,,0,0
-1.06,0.0299,CGAATAATCTTTATAC,P21D,1,1
-1.06,0.04983,TCTGCTATCTAGATAG,L157K,1,1
-1.06,0.02321,GTTATATGAAATCAAA,I202A,1,1
-1.06,0.05494,AAATCACAACAAGAAC,,0,0
-1.06,0.007966,AACCAGCTGAAAACAA,,0,0
-1.06,0.03366,TAAGATCCATATGGCA,S198E,1,1
-1.06,0.006321,AAATGGTAATGAATCT,R229M,1,1
-1.061,0.02541,TATACTGAATACAGCT,D487K,1,1
-1.061,0.06121,CACCTGTTAACTATGA,S219V N296Y,2,2
-1.061,0.06121,TTATATTATGTAGCCT,C64N,1,1
-1.061,0.005947,CAGTACCATTATAAAT,I374W,1,2
-1.061,0.01253,TAATGCATGGGAGACA,D415M,1,1
-1.061,0.02121,GCATATGTTTGTTCTC,,0,0
-1.061,0.01009,CCTGTAACTTATGGCC,T451A,1,1
-1.061,0.01283,AAGCCATTACCTATTA,S199I,1,1
-1.061,0.03849,AGCGTTGTCCAGAAAT,I481L,1,1
-1.061,0.03849,TAATCCAAAGAATAAA,D60T,1,1
-1.061,0.01283,TATTCCCTCTATGTAC,,0,0
-1.061,0.01885,AATGCGATACATAGTA,L420C,1,1
-1.061,0.04146,GGTGCAGAAACGGTCA,T328I,1,2
-1.061,0.007679,CGGTACACGATAAAGA,D348S,1,1
-1.061,0.2073,GGAGGCATAATATCCC,I67M,1,1
-1.061,0.06911,GTCCAGTAGCTGAATT,Q132R,1,1
-1.061,0.2073,TTTTTAACGAAGAGAA,,0,0
-1.061,0.01644,ACGACTTGACCTTCCT,N126W,1,1
-1.061,0.02407,TTGGAATATTTGTTCT,F192R,1,1
-1.061,0.01696,TCTTCATTGCTCGTAT,,0,0
-1.062,0.02644,CCAGGTAGACAAATGA,N190Q,1,1
-1.062,0.02644,GTAAATATTTACAGCA,,0,1
-1.062,0.07933,AATGATACACAATCAT,R224E,1,1
-1.062,0.00398,TGTTGTATATATACTA,N298S,1,1
-1.062,0.02782,TAATACCCTTTGACAC,V429C,1,1
-1.062,0.01336,CAGCACTATTACAGGA,K315V,1,1
-1.062,0.02014,TTGGACTAGCCAAATT,Q210Y,1,1
-1.062,0.005009,ATCGCTCAGCAGTAGA,K411F,1,1
-1.062,0.00348,CATTTACGCAAATTTC,,0,0
-1.062,0.018,TAAATGTCATTGAACA,K411M,1,1
-1.062,0.006294,CCTCTACTTGCTCTCA,N133R,1,1
-1.063,0.03104,ACACTTACTTACCCTT,K452F,1,1
-1.063,0.0443,GATTTTTGTACCTAAA,Q211M,1,1
-1.064,0.06761,CGAAAAAAAGATAGCT,S219E,1,1
-1.064,0.04829,TAAAAAATCTCATACG,I502M,1,1
-1.064,0.1127,TAGATTTACTATAGGT,N158W,1,1
-1.064,0.0166,TCAAACAGATCTAAAA,A304W,1,2
-1.064,0.01555,TTTTGCTGTCAAACGG,L367K,1,2
-1.065,0.05307,GATGTATATTAGATGT,,0,0
-1.065,0.07736,AAGAAAACGGTTTGCA,D487N,1,1
-1.065,0.07736,ATTTAAAAAAAGCTTG,,0,0
-1.065,0.02335,CATTACGTTGAAAGAT,S145F,1,1
-1.065,0.02335,TTGAATTCAAGAATAC,P103M D408V,2,2
-1.065,0.01759,ATAGGAAACCTACTGG,,0,0
-1.065,0.02709,ACTAAAATTCACGAGG,I51L,1,1
-1.065,0.03711,TATAAACCAAAAATAA,R269D,1,1
-1.065,0.0589,AAACTCCAAACTTAAA,Q394K,1,1
-1.065,0.0589,GCTACAAAAGAATTCC,,0,0
-1.065,0.03226,ATTAAAACGCATGGGA,,0,0
-1.065,0.01449,ATCTTTAATCATAGGA,,0,0
-1.066,0.04755,AAATCTAAACGGTTCA,P21L S149Y,2,2
-1.066,0.1427,AACAAAATCAACCGTT,E432Y,1,1
-1.066,0.01883,TTAAAGCCCAGTCCAG,N94H,1,1
-1.066,0.03987,AAAAAACAAACGGTTT,I274A,1,1
-1.066,0.01634,AAGCAAGCAACACGCG,T187D S358H,2,2
-1.066,0.01261,AAATAAGGTAGAACGA,V429T,1,1
-1.066,0.09041,CGCAGAATTGAAGACA,,0,0
-1.066,0.09041,GACAAGCCCAAGTCAA,D186N,1,2
-1.066,0.09041,TGCTTATAGTCTTAAC,S124D,1,1
-1.066,0.09041,TTAAAGATCCAGTAAA,A272S I385V,2,2
-1.066,0.004092,ATGGCACTACAATTTC,,0,0
-1.066,0.01577,CTCTTATTTAACAAGT,P221F,1,1
-1.066,0.003748,GCTAGTATTGTCAAAA,N165A,1,1
-1.066,0.01324,TTGTCATAATGGGAAA,L244V,1,1
-1.066,0.06617,ACTTGAAGAACGCCAT,S149N F192R,2,2
-1.067,0.01739,TTTTACTGAAACCTAC,I48H E410S,2,2
-1.067,0.04308,TATATAATATAACCTC,,0,0
-1.067,0.01223,ACTCAGATCAATAACT,K315Y,1,1
-1.067,0.03193,TCCCATGCAAGTTCAC,K189R I374L,2,2
-1.067,0.00478,AATTTATTATCAGGGA,S231A,1,1
-1.067,0.023,AAGATACTCACCTCGA,R33N,1,2
-1.067,0.01569,ATAATGCATTATAGTC,,0,0
-1.067,0.01569,ATATAGCACTTACACT,N81K,1,1
-1.067,0.005019,ATTAAACACGAATATG,R456G,1,1
-1.067,0.008569,CCTGTTAACCACTACA,P227L,1,1
-1.067,0.03395,AAAATGACTAACGACT,T37E T248S,2,2
-1.067,0.01312,CTGACTAACCATTCCA,N497C,1,1
-1.068,0.006106,TCATCTGACTACACAG,Q132K Y470F,2,2
-1.068,0.01927,ATATCGTTTCTGAGGA,S422A,1,1
-1.068,0.0209,ATATATAACAATTGCT,M462T,1,1
-1.068,0.008389,ACCCGATTTGTTACAA,P284I S400L,2,2
-1.068,0.07549,CGATGCTACACTTCAA,W180Y,1,1
-1.068,0.03161,CATTTTAACTATGTAA,K468R,1,1
-1.068,0.03625,AAGTTACGCTCTAAAA,,0,0
-1.068,0.03625,TACGTAATCACAAATC,V309A,1,1
-1.068,0.1087,TTTTGGGCAGCCACAC,,0,0
-1.068,0.0264,TAATGTTAACAATGAA,Q132D,1,1
-1.068,0.01915,TTTATTCAACCCAGAA,,0,0
-1.068,0.008636,CTGAGAAACATATGAG,K207V,1,1
-1.068,0.01204,AAATAATTTACTCTTT,V112A,1,1
-1.069,0.01838,ATTACTTATAGCAGGG,K207R,1,2
-1.069,0.03359,AGCTCAATCGGAAGCT,,0,0
-1.069,0.01231,TTAAGAAGCATTAAAA,Q407S,1,1
-1.069,0.01093,GATACACTAGGGTCAT,Y491W,1,1
-1.069,0.1944,GAAGCCAGTCGGCGGA,D7F,1,1
-1.069,0.0648,TAGTCCTAAAACCGAC,A372K,1,1
-1.069,0.01904,ACGAGTAAATCTAAAA,L42V R269Y,2,2
-1.069,0.03129,CTACCCAACACACTTG,Y233R,1,1
-1.069,0.04615,GTAAACGGACTATTCT,I34S,1,1
-1.069,0.08786,AGGTATAAGATCACTC,F174N,1,1
-1.07,0.02145,AATGCTCTAAGCATAA,L111K,1,1
-1.07,0.05676,ATCTAATAATACACAA,Q197H,1,1
-1.07,0.01692,TCATTAGGCTCACCTT,I217E,1,1
-1.07,0.04192,AATCAGCGGGTTAACC,N498C,1,1
-1.07,0.04192,GACTCTAACTGATGGT,Q363M,1,1
-1.07,0.04192,GGCAGATTATGATATG,I274K,1,1
-1.07,0.04192,TTATAAAAATTTCCAA,N475V,1,1
-1.07,0.03323,ACCTTAAATCTTGAAC,,0,0
-1.07,0.01817,TCACTCACCGACTTGA,Y233R,1,1
-1.07,0.01481,AAAAAGCATCTATTAA,I179M,1,1
-1.07,0.02234,CGAAAGTGAGACTAAA,I160N,1,1
-1.07,0.006197,CCACAGAAAGCAACGC,,0,0
-1.07,0.01523,CACGAAATTCTTATAA,,0,0
-1.07,0.01881,AACAGGGATAATGCGA,D348Q,1,1
-1.07,0.00834,AAGATGTTGCTCAAAA,E403W,1,2
-1.07,0.0737,CACCCAAAAAGGAACG,P324G,1,1
-1.071,0.01806,AAAGATATTACTAAAC,N133S,1,1
-1.071,0.01806,CATTCCACGAAAATGA,,0,0
-1.071,0.007536,CATAAACAACCTCAGA,,0,0
-1.071,0.02728,AAGCATTCGTATCGTT,A476S,1,1
-1.071,0.04547,CGTTAAACATAAGTAA,N498V,1,1
-1.071,0.01949,CCTCATTATCCTCCAG,,0,0
-1.071,0.01344,ATGTGAACCATCTGCC,K278E,1,1
-1.071,0.02219,TTATAATGAACGGATA,M444Y,1,1
-1.071,0.01422,GTCATCTAAAACCCTC,,0,0
-1.071,0.06348,TTGAAACCAAATTTGT,G142D,1,1
-1.071,0.04136,AGAGCAGAACTCTGGC,G379M,1,1
-1.071,0.007606,GCCTTACATACACATT,I282Y,1,1
-1.071,0.004974,AAAACCGAATCCATAA,H184I,1,1
-1.072,0.03793,CAGTGAGCCCAAACTT,R109D K238N,2,2
-1.072,0.008105,TCTTTGAACATAAAAC,H488Q,1,1
-1.072,0.004576,TATATACACCCCACTC,K411R,1,1
-1.072,0.002423,CAAATGGATTCTACAA,P306G,1,1
-1.072,0.02554,TCGAATCTAAGACTGA,P215F,1,1
-1.072,0.01454,AATCATGAGTATTTTA,V213M,1,1
-1.072,0.03254,CAGTGATACTATTGTT,G240R,1,1
-1.072,0.03038,CCAAAGAATCTGATGG,T416Q,1,1
-1.072,0.04482,AGTAAATGGCTTAATA,T167K,1,1
-1.072,0.04482,CTTTCTAAGGCTACTA,,0,0
-1.073,0.02848,CGGGAAGAATAAACAG,G62E K411M,2,2
-1.073,0.04082,CATTTGAATACATGAA,P324A,1,1
-1.073,0.02682,TTCATTAAATATAGAA,D7N S369T,2,3
-1.073,0.0159,TCACAGGATTAAAAAC,D493C,1,1
-1.073,0.072,CGTCATTTTATATAAA,,0,0
-1.073,0.03464,AATAGACTCCTAGACG,,0,0
-1.073,0.03464,ATCATTTATGACTTTG,Q132I,1,1
-1.073,0.01073,CGAATAATCCAGAATA,D225Q,1,1
-1.073,0.005215,TCAAGGCGCTGCATAA,,0,0
-1.073,0.06221,CAGCATCTATTTTTTA,Q197D,1,1
-1.073,0.06221,CTTGATAACAATTGTG,,0,0
-1.073,0.00618,AGGTACCTTATATTCT,V213W,1,1
-1.073,0.008719,TAGACTACAACCACAG,E403Q,1,2
-1.073,0.01211,AGTCGAACAAACATCA,L427F,1,1
-1.074,0.003415,ATGGTTAAAGAAAATG,D348G,1,1
-1.074,0.05476,AACGGCCATTGCTCAA,,0,0
-1.074,0.01274,AACGCGTATATCAAAG,N38T,1,1
-1.074,0.04029,CCGAGATGTATATATC,Q311Y,1,1
-1.074,0.01234,AGACGAATTACCTTAC,,0,1
-1.074,0.01202,ATAAGAAGCAAAAAAG,,0,0
-1.074,0.01622,CTGCTAAAAGTGCATT,G263K,1,1
-1.074,0.03187,ACCAGCAACAATGCTA,,0,0
-1.074,0.03187,CTAACATGAACTACAA,K368C,1,1
-1.075,0.02797,AATCGTCAACAACACT,S199V,1,1
-1.075,0.01167,TAAGTGATTCTAACAC,K326W,1,1
-1.075,0.01736,ATTGGCATTTAAATCC,E410W,1,1
-1.075,0.007001,GGAAATAACACTATTT,K207P,1,2
-1.076,0.03978,TAGCCTAGTTGAAATT,S91N,1,1
-1.076,0.0366,AACGCGATTATACTAA,T167E,1,1
-1.076,0.04357,ACACGTTTAGACTGCA,,0,0
-1.076,0.009059,AGAAATCCCTGAGTCA,K450G,1,1
-1.076,0.06099,ATCAAATAATATTTAA,N296V,1,1
-1.076,0.01188,CCTCTACATTCTACAT,E449G,1,1
-1.076,0.07038,CGAGATATGTGTTTCA,S110I,1,1
-1.076,0.04357,CTAATGATAAGAAGAT,S312M,1,1
-1.076,0.07038,CTATCAAACACAATCA,R33G,1,1
-1.076,0.1307,GATACTCATACCAGTC,P227F,1,1
-1.076,0.02951,GTGATCTATAAAAATA,G240L,1,1
-1.076,0.183,TAAAACCCGCCGCAGC,R222E,1,1
-1.076,0.04357,TCAATATAACAGTGCA,E401Y,1,1
-1.076,0.05382,TTCTAAAAATGAACAC,N475T,1,1
-1.076,0.04815,TTTATTTTTTACTGAG,Q376E,1,1
-1.076,0.1017,AGAAATTTCATACTAT,P103F,1,2
-1.076,0.008528,CAAGAGCAACTCGATC,,0,0
-1.076,0.01401,CGGCTAAACCAAAAGA,Q211W,1,1
-1.076,0.00682,CAGAATTCTAACGATA,L66M,1,1
-1.077,0.01041,AACAAAATTGAATACT,I48K,1,1
-1.077,0.03123,GAACAAAGAACGCGAC,N158Y G479W,2,2
-1.077,0.01589,AACAATAAATTGCCTA,G386V,1,1
-1.077,0.03617,CTCAAAACCCTCATAA,N63L,1,1
-1.077,0.03617,CTTACCACAACTAAAA,R109A,1,2
-1.077,0.00607,ATAATATCACTATCCA,N498C,1,1
-1.077,0.04297,AAGTGGTAACAACACA,D291R G379S,2,3
-1.077,0.02311,ACTTGACTCCTGAGGG,,0,0
-1.077,0.02311,GCATACAGAACATACA,,0,0
-1.077,0.01581,ATTACAGTTAGGAGCA,A364T,1,1
-1.077,0.02434,AAAAAAGTATAATACT,K292P,1,1
-1.077,0.02434,CAATAAGTATATTCCT,N483R,1,1
-1.077,0.0529,GAAAAATTCAACGCAA,F294L,1,1
-1.077,0.01342,ATGAGCTCTATTAAAT,,0,0
-1.077,0.007686,ACCATTAAACTTAGAA,K189N,1,1
-1.078,0.003175,AGGGGCGAGAATTACC,T155S,1,1
-1.078,0.02897,AATAATCCGCATTTGA,S205N,1,1
-1.078,0.01994,ACTTAGCTTACTATCC,,0,0
-1.078,0.03092,AGACATATACTTCAAC,S95E T416V,2,2
-1.078,0.005304,TAGCAGTATCTTTTGA,V223F,1,1
-1.078,0.01629,ATCCGATCCTACCCTG,V213I,1,1
-1.078,0.01336,TAACATTTACTCCGGC,G504R,1,1
-1.078,0.01162,TCCCACCTTGACCATG,P4T,1,1
-1.078,0.03576,GCTACGCCCTTTGAAA,H435I,1,1
-1.078,0.04238,AGAAGGAGCCGAACCC,N382R,1,1
-1.079,0.0287,AAGCACTTGACTCTTA,,0,0
-1.079,0.0287,TAGATATAATAAACCT,L367W I478M,2,2
-1.079,0.01744,AAGAGCTCCTTGAAAT,Q173G,1,1
-1.079,0.04671,CCGGACCATCGAAATA,,0,0
-1.079,0.009538,TGAAAAACCCATCTTC,R222G T485E,2,2
-1.079,0.03282,GTTTCTCATAGATACC,V166F,1,1
-1.079,0.03535,GATGGATCTTTCCCAA,L431I,1,1
-1.079,0.02677,GAACGTATACATAATA,K140F E390K E410K,3,4
-1.079,0.005771,AATCTCGACCAGCAAT,I236C,1,1
-1.079,0.007055,CAATATGACTTGAAGA,S193T,1,1
-1.08,0.03831,AATGTAAATTCAATAG,Q1M,1,1
-1.08,0.0587,GGCTACGCCTATGCTA,L244V,1,1
-1.08,0.02378,TAACGTAAATTAAATC,K238D,1,1
-1.08,0.03032,TTCGACACTTTCTAAT,Q454H,1,1
-1.08,0.02044,GTGAGATCTGGCCGCC,P162T,1,1
-1.08,0.1254,GGATGATTTCCCTTGA,L367K,1,1
-1.08,0.02818,ACTTATAACTTTTTTC,,0,1
-1.081,0.006278,GATCGCTAACAAAAAA,D438E,1,1
-1.081,0.002338,AACATAAATGAATACT,G240F,1,1
-1.081,0.02125,CCGTCAGGTGATGCAA,S480M,1,1
-1.081,0.02489,TGACAACATAACCACA,D7Q,1,1
-1.081,0.03003,CCTTTCGCAATTCACA,G49F,1,1
-1.081,0.03003,TTTCATACAGAGAAGA,,0,0
-1.081,0.05117,AAAATATCATAGAAGC,E410K A476T,2,2
-1.081,0.02343,TGAAATGTCTTGAAGA,,0,0
-1.081,0.01375,AATCAGATACATAATC,D175H,1,1
-1.081,0.04126,ATCCCGCGTCTATGAT,A93D,1,1
-1.081,0.04126,CGTTGACCCTTTACTA,E35L A476P,2,2
-1.081,0.02793,CTTTCAGTACCCCTTA,K411S,1,1
-1.082,0.05761,AGTAATAAAGCTTGGA,G362D,1,1
-1.082,0.007641,ATATAAGAAAAAAACA,,0,0
-1.082,0.01762,AAGATATTATATGAAT,,0,0
-1.082,0.0261,ACTTTTCACATCAATT,I374Q,1,1
-1.082,0.03739,CGTAGATCCACAATAA,,0,0
-1.082,0.03739,TAGTAAATAAGATCAT,M268I,1,1
-1.082,0.09543,AACCTGAATTATTTTG,P273S,1,1
-1.082,0.01992,AGCGCCCGCCGAAATT,Q173L,1,1
-1.083,0.04072,TCTCGCATAGCGTTTC,P227C K368Y,2,2
-1.083,0.03419,GTTTCTAATCCGAAAT,D73A V166L,2,2
-1.083,0.003326,CTAAATGATTTACCGA,,0,0
-1.083,0.01169,CGAAGCAAAAAAGAAC,,0,0
-1.083,0.0447,GCAATAACGAATAAAA,,0,0
-1.083,0.05657,CTTAAGCTGGATTAAG,G240K,1,1
-1.083,0.05657,TCACCTAACCAAAGTC,,0,0
-1.083,0.006896,CCGAGTAACAACTCAA,G386E T440S,2,2
-1.084,0.0154,AGATTGGTAAAGCCAA,S279G E359N,2,2
-1.084,0.07701,GGACTATGACCAATGA,,0,0
-1.084,0.03382,ACAATGGGAGGCCTTT,T203G,1,1
-1.084,0.01594,TCACTTAATTACCTAA,S358T,1,1
-1.084,0.01217,AGTACGCTATGGCACA,I374V,1,1
-1.085,0.001253,CTCTTCCCAGAAGAAA,E414S,1,1
-1.085,0.005611,GTCAACGACAATTACT,Q132D,1,1
-1.085,0.02258,CATTACGACATTAGTA,R229M,1,1
-1.085,0.01143,ACGGTTGTCCAATAAT,,0,0
-1.085,0.0926,AATTTCTAAATACTAA,R307W,1,1
-1.085,0.03087,CAAACAATATGTAGAG,L244G,1,1
-1.085,0.01852,CCGGTTGCTTATATCA,E403I,1,1
-1.085,0.0926,CTCTAGGGTGCGCTTG,A196M,1,1
-1.085,0.0926,TACAAACATTCTTAAA,,0,0
-1.085,0.02375,GCACCATTAAATTGTT,S145M K368R,2,2
-1.085,0.007764,ACAAGTGCACAATAAA,R229S,1,1
-1.086,0.01695,AGATTTTACCCTACGA,,0,0
-1.086,0.0361,AAATCTACTAAAACTC,,0,0
-1.086,0.01317,GCCATATGAGTCTACA,V323S,1,1
-1.086,0.02673,TAAAACTCAGCAAAAA,G240T,1,1
-1.086,0.0176,AACCATAACGCATAAA,T318S,1,1
-1.086,0.07516,AACTTGACACAGTCGT,D7W,1,1
-1.086,0.02505,TCGCATCCTACTCGAC,,0,0
-1.086,0.07516,TTCCACTTTGTAACCC,P21M P239E,2,2
-1.086,0.02015,GCCAAATATTGAATAT,P324G,1,2
-1.086,0.03919,ATCTGTTGCAAAGCGA,P324A,1,1
-1.086,0.03919,GGAAAATAATTAAACG,N165V,1,1
-1.086,0.01265,AATGTCACTAATAAGC,P169E,1,1
-1.087,0.0265,AACCTGTCGAAACGGA,G404Y,1,2
-1.087,0.007819,CTATTCATTCCACCGG,T485I,1,1
-1.087,0.03568,GAAGCTGCTTGAAAAA,I232M,1,1
-1.087,0.02485,GTTTAAAAAAGTTAAA,R208C,1,2
-1.087,0.02813,GTACAAAACAAAGATA,P221F,1,1
-1.087,0.02628,AACCGATGTTGGAATA,F258H,1,1
-1.087,0.04286,TATATGAAATCCATAA,E401K A430E,2,2
-1.088,0.01084,TACTGTTGTGGTAACC,S95E,1,1
-1.088,0.009136,CAAGATGAACCTACTA,,0,0
-1.088,0.009136,TGAAGTTATCCGCCAA,S442F,1,1
-1.088,0.1161,CCAACTTCAATAAGTC,N159T,1,1
-1.088,0.1161,TAGCGCGAAATACACA,S262A,1,1
-1.088,0.0387,TAGTCAGAAAACAGCG,S96C,1,1
-1.088,0.01531,TGATTGTAAATCCTAG,N498I,1,1
-1.088,0.03528,GAATTTTAAATCTTTA,Q80R,1,1
-1.088,0.03528,GGTACTGAAATAAGCA,,0,0
-1.088,0.01422,AGTATAACGAACAAAC,D348Q,1,1
-1.088,0.0165,AGCATTCAGGACTAAA,,0,0
-1.088,0.02606,GTATACATCACCACAT,D101A N165V,2,2
-1.088,0.02446,GACAAGAAGACTATAT,N38S,1,1
-1.088,0.07339,AACTGCACTAGCTTAT,,0,1
-1.088,0.07339,TTAAGCGCCACCCCCA,S270C,1,1
-1.088,0.06198,GCCCTATAAATAACTC,,0,0
-1.088,0.06198,TGAACCCATGTCAAGA,,0,0
-1.089,0.05365,TTTCCCCAGAAATGGA,,0,0
-1.089,0.01641,ATTCACTCTGGACCTA,K140N,1,1
-1.089,0.04228,AAGAACTGATAGATCT,N81R,1,1
-1.089,0.01198,ATCCTAAACACCCTGG,F294W E398L,2,2
-1.089,0.009898,ACGCAAGCTTCCAACA,I300Y,1,2
-1.089,0.02969,CACAGGTCCCTCCCTA,L59V E426A,2,2
-1.089,0.008616,AAAGCCTCCTTTCCTA,,0,0
-1.089,0.02585,GACCACGTCCAACACA,Q57W,1,1
-1.089,0.02288,AACTTTACTGCCTTCA,Q454Y,1,1
-1.089,0.02164,GTATTAGTAAGTATTG,,0,0
-1.09,0.02149,TATTATCCTTGAACTC,S110G,1,1
-1.09,0.02409,TATGACTCCAGTCTAT,K411G,1,1
-1.09,0.02409,TGAAAAGATCCAAATA,N126W,1,1
-1.09,0.02739,GGATACTCCATACGCT,Q57C,1,1
-1.09,0.009345,GGTAACACACTGTCAC,K292F,1,1
-1.09,0.02941,AAAAGTAATTTCCGGG,,0,0
-1.09,0.005054,TGAACAAGAAGGTTAG,D77V,1,1
-1.09,0.003262,TTTTAGTTCTAACATT,,0,0
-1.09,0.06078,TCGAACTCTCAAAACT,L70F D408N,2,2
-1.09,0.02255,AAAAAAGCCAGATTCT,S54R,1,1
-1.09,0.0239,CCGCACACCACTGCTG,V102C,1,1
-1.091,0.01249,ATTAAGTTTAGCAAGT,I267G,1,1
-1.091,0.01249,CTAACAAATCAAGAAC,Y105L,1,1
-1.091,0.03143,TTAAACTGCGTAGTAC,T167V,1,1
-1.091,0.007624,GAGTTGAATTTGCCCG,N498E,1,1
-1.091,0.03412,GACGAAGTTACTCTAA,K453I,1,1
-1.091,0.004998,ACATTCGGGGATAAAT,E344T,1,1
-1.091,0.02239,AAACTTCATATAAATC,P227F,1,1
-1.091,0.01739,TCGAAACCACATTTGC,S156G,1,1
-1.091,0.01421,TTCAATTTTCCCAGAA,I374L,1,1
-1.092,0.1556,AAACTGTGGAACGTCC,N38Q,1,1
-1.092,0.05962,ACATTATGAGAATACT,S231N D375A,2,2
-1.092,0.05962,ACCATTACAACACATA,Q501D,1,1
-1.092,0.005339,AAAAACATCTGGAACG,I67L,1,1
-1.092,0.02091,AACGGAATCACGCAAC,D225C,1,1
-1.092,0.0286,GTCACTAAAACTTTAA,T135A,1,1
-1.093,0.07009,ATATGTACAACATTGA,L244Y,1,1
-1.093,0.007621,TTACAATTACCCTGAA,H184C,1,1
-1.093,0.0171,CACATTCCATCACAAA,E414G,1,1
-1.093,0.04523,ATGTCAGCCGTTACAA,Q363C,1,1
-1.093,0.04523,GCTAAACATTACCAAA,Q57H,1,1
-1.093,0.02646,CTATACTCAAGGACTG,F79V,1,1
-1.093,0.02192,TATCCTGCATAAAAAC,,0,0
-1.093,0.02192,TTTTACCCTTAAAAAA,N159R,1,1
-1.093,0.008797,CCTAAGTTCAGATGCA,,0,0
-1.093,0.02834,TGGCAGAAGGGATACA,Y302K,1,1
-1.093,0.01559,ATCATACCTAAAATAA,,0,0
-1.094,0.009648,TCAATACAGAAGAACT,,0,0
-1.094,0.01248,AGATAAAGGACTTAAA,S219C,1,1
-1.094,0.01205,TTACACGCAGCGAATA,I481V,1,1
-1.094,0.0205,GTTCAGACAAGGAAAA,T10G,1,1
-1.094,0.03022,AACAACGATCGTTAGA,N357G,1,1
-1.095,0.0502,CTTTTGAAGCCTATAT,R299Q,1,1
-1.095,0.01673,GAACAAACGTGGAGAA,Q80R,1,1
-1.095,0.03269,CCCCGAAAAAACCTTC,P289G,1,1
-1.095,0.02784,AGAATTAGGGCCAGCC,N158D,1,1
-1.095,0.02784,TCAACACCGCAGAAGG,E414R,1,1
-1.095,0.01926,GAAAATTCACTTCTAA,S279Y,1,1
-1.095,0.03561,CTTGGTAAGATACACG,L244I,1,1
-1.095,0.007404,ACTTGGGTACTTAGAA,D493W,1,1
-1.096,0.02759,CCAAAAATTAATATAA,R307K,1,1
-1.096,0.02252,AAGATGAAAAGGCAGA,D7R V406M,2,2
-1.096,0.0391,TCGTAAAGTCCTGTCA,S137T,1,1
-1.096,0.01394,AAAACAAATGGTTAGT,R141Y,1,1
-1.096,0.06707,AACCCTTCAAGCCGAA,Y105W,1,1
-1.096,0.01342,ATCACCCGAAAACACC,N94D,1,1
-1.097,0.04335,ACCATTATACAATGGA,P273S,1,1
-1.097,0.006392,GTTCGGGGTATAAAAC,D474G,1,2
-1.097,0.01985,CGAGCTACCCGACCTC,,0,1
-1.097,0.05638,AGATAGTAACTCTTCA,,0,0
-1.097,0.05638,ATAAAACACACTGTAA,,0,0
-1.097,0.05638,GGCATTCCAAGGATGA,R269C,1,1
-1.097,0.0188,TCGGAAACAAGGAACT,A372L,1,1
-1.097,0.02711,AGGGAAGTTACTTAGT,Q356E,1,1
-1.097,0.03481,TCATGACACAATAAAC,,0,0
-1.097,0.1044,AAAGGTAGAATGGCAA,L157E,1,1
-1.097,0.02089,TAATCTGTCCAGTGTT,N483E,1,1
-1.098,0.01485,GCGATTAACGCCATCT,E403A,1,1
-1.098,0.01232,AAATAACTAAACTGAA,T155A L439A,2,2
-1.098,0.01425,GCATTCTCATAAAGAA,R299M,1,1
-1.098,0.02688,CCTCTAACAGAAAAAC,K452M,1,1
-1.098,0.08063,GTATTTTAAAATATAA,S209W,1,1
-1.098,0.00401,CAGGAACATCACATTT,N94W P273L,2,2
-1.098,0.03814,GATTCAGTTCAAAAAG,,0,0
-1.098,0.02498,CTGTCGATTATCACGA,P221M,1,1
-1.098,0.01478,CTCCTAAGTATGGCTG,I214C,1,1
-1.098,0.01112,TCCTCTCTAATATGCC,S137W,1,1
-1.098,0.06566,CAATGAACGACAAAAA,S156N,1,1
-1.099,0.01846,TATCCATAGTATGCAT,Y161D,1,1
-1.099,0.02478,GCACAGAGGGAGATAT,N22K,1,2
-1.099,0.04217,GTTTCTAGCCCAGTTT,R141M,1,1
-1.099,0.01256,TAACTTAAAAAATACA,L157S,1,1
-1.099,0.03768,AAGGAGGCCCAACATC,T37M,1,1
-1.099,0.014,TTAAGTAACACCAACG,H355S,1,2
-1.099,0.02642,GAATAGACTAGTTGAC,K411C,1,1
-1.1,0.0158,AGCGGTAATAGCGTTC,G504D,1,1
-1.1,0.03369,CCACCCTCAAGTAAAT,K2Y P169Q F500W,3,3
-1.1,0.01645,ATATCCAACCGATACG,,0,0
-1.1,0.04161,ATCATTCTTAAAACTC,R141L,1,1
-1.1,0.03723,GCGATGTCTATCAGCC,,0,0
-1.1,0.01645,TCAGACAATTTTAATA,I202A,1,1
-1.1,0.1011,CAAAGAGCCGACCGAG,N31R Y412F,2,2
-1.1,0.06431,TAAAAGATCATCGGAC,D225R,1,2
-1.1,0.06431,TGCTATAACACTAACA,T313I,1,1
-1.1,0.05442,TTTACCTCCATGCCAA,E35M,1,2
-1.1,0.00871,AGCATAGCGAGAGCAT,E401C,1,1
-1.1,0.01052,GTGACACGTGATGTCT,V20T,1,1
-1.1,0.00809,GTAGGAGTGTTATCGT,R222F,1,1
-1.1,0.01716,CATGTCCACCCTACAC,I481V,1,1
-1.1,0.004317,AGTTCACTTAGATACA,K189N,1,1
-1.101,0.02265,ATTACTACCAACTCCA,,0,0
-1.101,0.03046,GACATCTTATCAAATA,E403L,1,1
-1.101,0.01556,CAGTCGGTCGTTCAAA,N475W,1,1
-1.101,0.03679,GAAATCAAAAAACTTA,K259T,1,1
-1.101,0.03679,TACTGAGACAAGCCGA,R299K,1,1
-1.101,0.003932,CTTGACTACTACAACC,N464Q,1,1
-1.102,0.03016,AACTGATCAGTGATAA,S193T,1,1
-1.102,0.003956,GCCGTTGAGTAGTCGA,E410Y,1,1
-1.102,0.00601,TATAAACCAAAACTCA,I232L,1,2
-1.102,0.02556,ATCGGGCATCTGTGGT,,0,0
-1.102,0.02556,TTTTGTACTTGACTAT,,0,1
-1.102,0.007549,TTCCCCTTTTTAATAC,N165K,1,1
-1.102,0.00654,AGAATATAGTACAGGA,K264I,1,1
-1.102,0.04578,TTCCCACGAATCACAA,,0,0
-1.103,0.09789,AAATTATAAAATAATC,F192Y,1,2
-1.103,0.03263,TACTCAGAAAAATACT,D77M,1,1
-1.103,0.04001,AATCTCGCCTAATTAC,H184M,1,1
-1.103,0.01511,ACTATACCATTGAAAT,R255I,1,1
-1.103,0.008188,AGTGACCACAATATCA,S95G,1,1
-1.103,0.03229,CTACGCTTTAGGATAA,Q454A,1,1
-1.104,0.01011,GGCTAACACCTAAAGT,S219K,1,1
-1.104,0.01652,ATAGCCAAGCTGTATC,R255V,1,1
-1.104,0.005596,CAAGAACAGTCGAAGT,V166K,1,3
-1.104,0.1353,AAACCTTACGTACAGG,E41N,1,1
-1.104,0.1353,AAATGGCAGACAGAGC,R222E L244W,2,2
-1.104,0.1353,CAAACTTTATCCACTA,V213Y,1,1
-1.104,0.04511,CAAAGATTAACATTAG,,0,0
-1.104,0.1353,CTAAAGAAATTGGTGA,,0,0
-1.104,0.01106,ATGACTGGAAACTATC,P169Q,1,1
-1.104,0.01823,CAACAGAACCCCCATA,I236K,1,2
-1.104,0.05171,ATAATCACATACACGG,D419N,1,1
-1.104,0.05171,TAAACCACATATGCAC,N38H H184E,2,2
-1.104,0.05171,TTCAAGATAATTGACT,,0,0
-1.104,0.01429,ATCACAATGTATAAAA,T167H,1,1
-1.104,0.008492,ACCGCCTCTACAATGA,S96K,1,1
-1.104,0.01176,TGAAAGTTAGTAAAAC,,0,0
-1.104,0.003368,TTACCATGACACAGAC,G49D F174D,2,2
-1.105,0.01714,CTATATATCATAATAC,S46V,1,1
-1.105,0.02904,GCGCAATAGCAAATAT,Q1F,1,1
-1.105,0.007672,GATTTTATCACCACTA,Q376T,1,1
-1.105,0.04447,ATATAATACAATTCAG,N298Y,1,1
-1.105,0.009125,AAAGATATTGAATTCC,I3V,1,1
-1.105,0.007319,AAGAAATGTGGCCTTG,,0,0
-1.105,0.01254,ATAGAAATTCCCACCA,,0,0
-1.105,0.01254,CTTCCAAACACGGACG,E414K N424P,2,2
-1.105,0.01898,CTCCAAAAGTAAAACA,,0,0
-1.105,0.09491,TAATCTAAGTGGTAAA,A39S,1,1
-1.105,0.09491,TTTAATGTTTTAATTT,,0,0
-1.105,0.007784,ATCTATTTTGTAACAT,E484T,1,1
-1.106,0.03474,AGCTATCTTTGCACTC,K171D,1,1
-1.106,0.02638,GAGACCAGCATTCAAA,H18W,1,1
-1.106,0.01686,AATAACTAATATATTA,,0,0
-1.106,0.07308,CAGACAAAATTGAAAT,S480H,1,1
-1.106,0.01771,CTAGAAATAACTAATA,R224E,1,1
-1.106,0.01455,CATTATCTTTTCCAAA,L243V,1,1
-1.106,0.02616,AGTATCCCAAAATATC,E344Q,1,1
-1.106,0.05941,CCAGAAAAATACCTTC,P215K,1,1
-1.107,0.005859,CCACCGTTGCTCACTG,,0,0
-1.107,0.008891,GTACATACTGGCTTTG,,0,0
-1.107,0.04324,ACAATCACAACTACTT,K411D,1,1
-1.107,0.1297,ATATTATACGAAACTC,D271E,1,1
-1.107,0.03806,AAACATACACGTTAAT,Q363I,1,1
-1.107,0.01175,AATATTCATTAGACAG,E410M,1,2
-1.107,0.0307,GCGGCTAGAATCCCTT,,0,0
-1.108,0.008815,GAGCACCACTAGCTTT,L70T,1,1
-1.108,0.007364,ACGCTATAGGATTAAA,I202S,1,1
-1.108,0.04926,TGCTTCCCTAACTATG,S9D,1,1
-1.108,0.04265,ACGATCCAATAACCTA,V490Y,1,1
-1.108,0.02199,TATACCCAAACTGAAC,A196C,1,2
-1.109,0.01349,GCTCGAAAAGTAATGC,Q197E,1,1
-1.109,0.0275,GAAGTAGCGTTGATAC,,0,0
-1.109,0.03326,GACTATAAAACTTACT,T235C,1,1
-1.109,0.03715,AACACTAAAAGCTAAA,A11V N38Y,2,2
-1.109,0.05723,ACCTCCAAAGAGATTT,K397A,1,1
-1.109,0.06981,AAATTTTCTGAGGTCC,,0,0
-1.109,0.02511,AACAAAAAACCCCGTA,,0,0
-1.11,0.006737,AACGTAAGCTCCACCT,Y105E,1,1
-1.11,0.02982,TCTTATGACAGTCCAA,T318Q,1,1
-1.11,0.08947,ATAGGCCAATAATGAA,T283V,1,1
-1.11,0.08947,GGACTGTGACTGGAGA,Y423H,1,1
-1.11,0.0077,AAAAAGTATATTACTA,A11P,1,1
-1.11,0.005718,TTCAAAGGCATCATTA,I260K,1,1
-1.11,0.1245,AAATCAACCAGTAAGT,Q1L,1,1
-1.11,0.1245,TCCCTAGTAGAATAGG,,0,0
-1.11,0.1245,TGAAAATATTAAAAAG,T203F,1,1
-1.11,0.04775,AGTAAGATTAATCTAA,L244G G386E,2,4
-1.11,0.01676,TGAGATGCGTAAACAC,I282L,1,1
-1.111,0.03629,AGACAATTATTCTGTT,D348S,1,1
-1.111,0.02124,CAACTATTGATACCAA,R354Q,1,1
-1.111,0.06828,ATTCATTCTAAAATCA,,0,0
-1.111,0.04097,CGACCCTGGCTTACAA,G78N,1,1
-1.111,0.06828,GCTCATGTAACTTTAA,F87L,1,1
-1.111,0.006319,ATATCTAAATCCATGA,K397E,1,1
-1.111,0.03223,CTAATTCCTAGACTAA,D441E,1,1
-1.111,0.03223,GTTACTGGGTAGCTAA,G379V,1,1
-1.111,0.0211,GGGACAAACTTTGCAT,,0,0
-1.111,0.04703,AAACCGTTCTCTTTCA,,0,0
-1.111,0.004889,CCCAATTAGTCAAGTA,K472R,1,1
-1.112,0.0174,CCATTACAAAAGAGGG,,0,0
-1.112,0.01067,CATTCCTGGTGTACCA,,0,0
-1.112,0.02095,TGGGCAGATGCCTACA,I160A,1,1
-1.112,0.005469,TATATATACCCCCACA,,0,0
-1.112,0.01342,ATTTCTAACTCTACCG,Q211R,1,1
-1.112,0.01096,ATCACTCATGCGAGTC,Q210G,1,1
-1.112,0.04634,ATTAATTGAAAAATAC,E123Q,1,1
-1.112,0.04634,CTAGGTGCCCTACCCG,M168K,1,1
-1.113,0.03158,CAAGGAAAAAATTATC,T328K,1,1
-1.113,0.01132,CTTAGCCGAATGACCC,,0,0
-1.113,0.02068,CGTAGTCATTTTACTT,I230V,1,1
-1.113,0.003014,AGACGTGAATACCTAC,A39C,1,1
-1.113,0.03992,AATGTCAAAGGATAAC,S114F,1,1
-1.113,0.02846,AAGTCTCTCCTACCCA,L108F,1,1
-1.113,0.008407,AATCAAGTATATAATA,K411E,1,1
-1.113,0.01808,ATACAAAGCCCTAAAC,K453W,1,1
-1.113,0.01085,CGTCTTTCCGCCTTAT,S219Y,1,1
-1.113,0.01798,GACCAAACCTAAAGAC,K171Q,1,1
-1.113,0.003684,TGAATTATCCATAAAA,R229I,1,1
-1.114,0.08461,AAACCGATTCATACGT,D408E,1,1
-1.114,0.02821,TAAAACGAGTGTTTAA,Q371A,1,1
-1.114,0.08461,TCCGTACATGCAAATC,A11F P221V,2,2
-1.114,0.01035,TCTACCCCGCAACCAA,D348W,1,1
-1.114,0.01683,AAAACAACCATGTAAA,K315S,1,1
-1.114,0.06542,GGATTCAAAAGCCAAA,Q197P,1,1
-1.114,0.01507,AGGTCAGGCTAAAAGG,V347S,1,1
-1.114,0.02341,AATAATTTTCCGTTTC,N464H,1,1
-1.114,0.045,CGATAAAGTGAATGTG,Q371K,1,1
-1.114,0.015,CGTTAATATCTAAATA,,0,0
-1.115,0.002964,CATAAGGATCAAAAAT,Q132R,1,1
-1.115,0.03429,TATATATTATACTAAA,D461I,1,1
-1.115,0.01574,CAAAACGAATGTAGAT,Q173R Q363V,2,2
-1.115,0.02528,AAATTCGGATCTACCT,S124I E359V,2,2
-1.115,0.02151,AGGACCGTAAAGCAAT,,0,0
-1.115,0.01656,TAACCATCCTCTTATT,R299Y,1,1
-1.115,0.03844,AGCAATTGACTTAAAA,F79A,1,1
-1.115,0.01648,AGTGGTATTTAGGACC,F500Y,1,1
-1.115,0.03035,GCTGTTCCCCCAACTA,K131T,1,1
-1.115,0.03392,TAAGCCAACGTATTAC,S96K,1,1
-1.115,0.04436,TGACAAACCTAATAAA,,0,0
-1.116,0.014,AAAAATACAATGCCCA,A11P,1,1
-1.116,0.0163,CGCTAAAATCACCCTC,,0,0
-1.116,0.01164,CACATAAAACACAATT,,0,0
-1.116,0.01838,CATCCTTGATAAGACA,Q132G,1,1
-1.116,0.04374,AAACTGGGCGAGGGAA,,0,0
-1.116,0.01159,ATTAATTCCCAAACCA,N6S,1,1
-1.117,0.01111,ACCACAAAGACACCTA,,0,0
-1.117,0.02257,AAGTTACTTGTGCTAT,I374S,1,1
-1.117,0.01444,ACTAGTTGAAAAGATT,P239A,1,1
-1.117,0.03752,CCAACCCATAATAGAG,S422D,1,1
-1.117,0.01438,AATTATAAACAGCCGT,R299W,1,1
-1.117,0.04313,CCGGCATAACATGTAC,Q407M,1,1
-1.117,0.04313,GTGTCTTCGAACTTCC,,0,0
-1.117,0.01513,TAGTGATAGCAGAATA,,0,0
-1.117,0.01055,GAACTTAACAAGAAAA,I236S,1,1
-1.117,0.01597,TCAGTGGATTGCAAAA,I51F,1,1
-1.117,0.02429,CGCCAATTCAACAAGA,G200Q,1,1
-1.118,0.1112,TGAATTCCCATACCGC,R456H,1,1
-1.118,0.02921,TTAACACCATAGGCAA,S114R,1,2
-1.118,0.01492,GATAAGACCACATTCC,Y491F,1,1
-1.118,0.003911,TTAGAGTCATCCACTT,Q210Y,1,1
-1.118,0.01776,AAGACTTTACAGCCCT,K264N,1,1
-1.119,0.009983,GAAACAAGAGAAACCC,E410W,1,1
-1.119,0.04991,GGCTGTACACCGTTGG,D493R,1,1
-1.119,0.01076,AGCTACTGATAGCTTT,N290D,1,1
-1.119,0.001788,AACATTCAAACAACCT,R255Y,1,1
-1.119,0.01405,TTACGATAAAATAACA,,0,0
-1.119,0.07825,AAGATACCAATCAATA,N250K G504N,2,2
-1.119,0.01655,CTAAAGTGATCTCTAA,S480M,1,1
-1.119,0.04197,ACGTCTAAATCTGAAC,S145A,1,1
-1.119,0.04197,TCAACTTCGCTTTAGT,Q132Y,1,1
-1.119,0.1811,ATAAGACATAACTTTA,V213S,1,1
-1.119,0.009857,ACACGCCGAACAACAT,N22L,1,1
-1.119,0.02356,CCCACACATCAACTAT,I3W,1,1
-1.12,0.04912,GAAGAAATGAACATCA,,0,0
-1.12,0.01381,AACCATAAAGAATGGA,E41N,1,1
-1.12,0.006183,ACGCACCATAGAAAAA,F192V,1,1
-1.12,0.0358,CTCTGATTGTCTAATA,V20I,1,1
-1.12,0.03152,ATGAAAATATCCAATA,S145R,1,1
-1.12,0.002614,TAGAACCACTTAAGAG,P324W,1,1
-1.12,0.01527,GCTCTGAACAAGACAT,R208M,1,1
-1.121,0.009673,AGACACGACAACCCAA,H18R,1,1
-1.121,0.009331,ATTCTTGATACCACAG,K278G,1,1
-1.121,0.01708,GAATACATTATAATAA,L381V,1,1
-1.121,0.01512,TAGTCACTGGTGTTAT,K368C,1,1
-1.121,0.005553,GTAATCCCAACCAAAG,S205H,1,1
-1.121,0.007016,GATCCACGCAACAATA,E344G,1,1
-1.121,0.02105,TATTCATCGGAGTACC,A138S,1,1
-1.121,0.04035,CATGGACCTATGTCGA,Q394K,1,1
-1.122,0.05811,AAATCGATATGCCTCA,R255T N489D,2,2
-1.122,0.07451,AAGGTTCAAGAGCGAA,,0,0
-1.122,0.07451,ACACTCGGAACACAAA,S9C,1,1
-1.122,0.02742,AAAAACAGATCACCCG,G352F,1,1
-1.122,0.009759,ATGACCTAATCAGGAA,G78K M268I,2,2
-1.123,0.03423,TATACAAAACTAACTC,D474T,1,1
-1.123,0.03423,TGAAGATCCTGAGAAG,P99S,1,1
-1.123,0.01653,ATATAAGATCCATTTA,,0,1
-1.123,0.01764,CGGATTCGATAAAGGA,E414T,1,1
-1.123,0.03933,ATGGGATAGAAACAGC,G275K K468C,2,2
-1.123,0.01043,GTCTTCGATTAAACGC,,0,0
-1.123,0.01548,CTACCTCCGCCCCGAC,A196F,1,1
-1.123,0.02426,ATCTTAGTCAACACTC,N94W S143K,2,2
-1.123,0.07278,TCTTACAAAATAAAAA,A19F,1,1
-1.123,0.01306,TATTACCAAAAGGTAA,E457S,1,1
-1.123,0.03386,TAATCCGAGATTAGTA,,0,0
-1.124,0.03884,CGTCCCTACGCGTTAT,K131V,1,1
-1.124,0.007106,TGGGTTCAGTAGTTTA,T235V,1,1
-1.124,0.05602,AAAACCCAAAAAAGAC,G275W,1,1
-1.124,0.1005,GCAGAACATATGGTTC,N489R,1,1
-1.124,0.04554,AATATCCCAAAAAGTA,N250G,1,1
-1.124,0.02944,ATTGACAAATAATCTA,,0,0
-1.124,0.01997,AAATAACGTGATCCAC,,0,0
-1.124,0.02626,ACAGACGATACTCAAA,T128S,1,1
-1.125,0.07112,ATAAGGACAAAACGAG,,0,0
-1.125,0.03314,GAAAAATAATGCCAGC,K468Q,1,1
-1.125,0.01416,CCAGAATAGCCCCCCT,M268I S358H,2,3
-1.125,0.01835,TAGTTCAGTAATCATA,,0,1
-1.125,0.05503,CTGCGAAAGTCAATTG,Q376H,1,1
-1.125,0.01258,ACAATATTAACAATCA,G275R,1,1
-1.125,0.02335,ACCCGTACATCTCCTA,,0,0
-1.125,0.02335,ACTATATGAGAAAAGA,Y105T,1,1
-1.125,0.002739,CCCTACCTTCTGCTGC,F174L,1,1
-1.126,0.05408,AGACGTTCGTAAACTG,S219E,1,1
-1.126,0.03245,AGTACTACAAGAATTC,G142R E344Y,2,2
-1.126,0.03245,GGCCAAGGATAGATCT,T235C,1,1
-1.126,0.05408,TTTTACTTCGTATAAA,L428H,1,1
-1.126,0.09735,AGCTCAATCCTTGATA,,0,0
-1.126,0.09735,GAATTTATTACATAAA,T135I,1,1
-1.126,0.09735,GCAATACATATATATT,,0,0
-1.126,0.02562,TGACAAAATACAAAAC,R150H,1,1
-1.126,0.02541,TTCAAACTATAAAAGA,N8C,1,1
-1.126,0.01461,GAAGTCCAAGCTAACC,I374G,1,1
-1.127,0.005174,ACTCCAATTCTAACAA,K453D,1,1
-1.127,0.04363,TTGTAATCCATTCCCA,E83C,1,1
-1.127,0.00786,ATCGCAGTAACAACAA,Q1K,1,1
-1.127,0.01294,ACCAAGCGACAAAATC,D419A,1,1
-1.127,0.05316,CTATACTCATCCATTT,Q454H,1,1
-1.127,0.02267,TAGAACCGACGCAAAG,L367W,1,1
-1.127,0.03656,TATCTCGTCAATAACC,E410F,1,1
-1.127,0.007297,CAATGCCACAATTCAA,Q371T,1,1
-1.127,0.009658,TGTAGAAATGTCTTGC,P239K,1,1
-1.128,0.0944,AGAAAATTGGCCAAAG,T128R,1,1
-1.128,0.007036,CCCCCAGTACTAATAC,P169G Q407R,2,2
-1.128,0.005172,TCCCTCAACATCCACC,S114D,1,2
-1.128,0.03614,CCATTTAGGTCTTAGT,A372C,1,1
-1.128,0.03614,CGAAACGGTCTACAGA,R222P,1,1
-1.128,0.009569,TTGCAGAAAAACGTTC,I335V E401K,2,2
-1.128,0.007667,CCTATTCCGAATTAAT,K259N,1,1
-1.128,0.01415,AACTACATCGCCTCTC,S115V,1,1
-1.128,0.01415,GTACTAAGGACACGGC,F147W S198V,2,2
-1.128,0.009929,CATTTGAATTCCCACG,A425S,1,1
-1.128,0.02219,AACTCAGAACATTATT,E426V,1,1
-1.128,0.00738,AAGATAACACCAGACT,Q1Y,1,1
-1.128,0.0202,AAAGTGTAAAACGTCA,I236V,1,1
-1.129,0.01854,CACTACATCAATACCA,D438E,1,1
-1.129,0.007856,CACAAGGTATATGACA,I437M,1,1
-1.129,0.01495,AAGACGCTAGCCATAG,F79D E449M,2,2
-1.129,0.1542,AAAATTCAAACATGCC,,0,0
-1.129,0.1542,AAGGAGATAACAAATT,N158M,1,2
-1.129,0.01402,AAAAAAAAGAATGAAC,N296S G379T,2,2
-1.129,0.01247,GCATAGAGTTAACTTT,D104F,1,1
-1.129,0.02714,ATTCATATCATGCATT,S144P S262F,2,2
-1.129,0.01488,TACACACTTAATAGGA,R224F,1,1
-1.129,0.04187,GCGTTAGAAACCAAGG,D225R,1,1
-1.129,0.01995,ATACAGCAACCCTTGG,Q75R,1,1
-1.129,0.09163,AGGCCATGCAATCAAC,,0,0
-1.13,0.01569,ACATAAATACAACTAA,I236V,1,1
-1.13,0.008918,CTACAACCCTTGCCGC,K326C,1,1
-1.13,0.04132,GAACCAAACGAGCAAA,V223I R229I,2,2
-1.13,0.04132,TACATAAATTGCTCCT,,0,0
-1.13,0.007953,GGTCTATAACTTTTTC,S198A N489D,2,2
-1.13,0.01156,ATATCACATTTATGAA,I260H,1,1
-1.13,0.009175,GAAATAATCGAATCCC,N126W,1,1
-1.13,0.006909,GCGTAAGTTTCAAGTC,,0,0
-1.131,0.06384,CTATGAACTATACAAG,I236W,1,1
-1.131,0.02967,AAGTCGCAGTCGAGCC,D493R,1,1
-1.131,0.0153,CAAATATCAAAAAGAC,V88M,1,1
-1.131,0.00414,GTTTAAGAATTAAAGT,Q210F,1,1
-1.131,0.01921,CTTGCCACCTTTGAAA,,0,0
-1.131,0.021,TTTACAAATACCCATG,N475E,1,1
-1.132,0.06256,AAAGATGAAAAACTGC,,0,0
-1.132,0.02912,GAACCAGATGAACCTG,I418G,1,1
-1.132,0.02558,TCAGCTGCCAATTAGC,K472T,1,1
-1.132,0.007623,CTCCGGAAGACTCCCT,L42A,1,1
-1.132,0.04823,TGCACCCCAAAGTGAT,S95H,1,1
-1.132,0.01731,TAGCTAGTAAACCAGA,S149T,1,1
-1.132,0.08655,ACCAGTTACACTTCAC,,0,0
-1.132,0.08655,ACCATCCCAAAATAAA,S146M,1,1
-1.132,0.08655,GCACGCTCAACATAAA,V20T P215H,2,2
-1.132,0.02264,GGAAAGATGAGCAAAA,K189E,1,1
-1.133,0.06133,AACTAATGAATATTCT,K50L Q454V,2,2
-1.133,0.06133,ACAAACCGCTAACTAA,R456N,1,1
-1.133,0.06133,TTTGTGGGTACCGCCC,P4Q A373T,2,2
-1.133,0.02859,ACACACATACCTACCC,Y161S,1,1
-1.133,0.01864,ACCCAAGTCCACCCGA,Q501H,1,1
-1.133,0.01087,ATTTAAGCAGTTTCCA,G142T,1,1
-1.134,0.01276,CGACTGTCATCCCAAG,A19C,1,1
-1.134,0.02477,TTCCAGGTGTTGAACA,P324C,1,1
-1.134,0.002433,ATTTGCACCTGAACTA,P273H,1,1
-1.134,0.009763,AACCTCTATAATAGAG,,0,0
-1.134,0.006248,TGGATACCAGCAAAAA,,0,0
-1.134,0.001349,CTAAGCCAGTAAACAC,N475L,1,1
-1.134,0.007564,TCAAACAGTCAGGGCA,Q311H,1,1
-1.134,0.04609,GCCGCCATATAACGCC,M168S,1,1
-1.134,0.04609,GGTTCACTTTTTCAAA,D32T,1,2
-1.134,0.02438,ACAAACTTTTCCACAA,Y161D,1,1
-1.134,0.009612,AAATACCCATGCGATA,,0,0
-1.134,0.05902,TTCAGAAACCACTCGA,R150N,1,1
-1.135,0.03173,AATCAAAAATAGAAAA,,0,1
-1.135,0.03173,AGGGCCTACGTCCTTA,Q501N,1,1
-1.135,0.004432,TTTTATTTATATACTA,V166E,1,1
-1.135,0.0164,AGACATTCATCAAAAA,N22Q,1,1
-1.135,0.03141,CCAACTTCCCCTTGCC,,0,0
-1.135,0.01943,CAGAATAGAAAAGTCA,,0,1
-1.135,0.008661,TTACAAAAGATAAGCA,D408L,1,1
-1.136,0.04477,ATTATACAGTGTCACA,K50S,1,1
-1.136,0.008904,CTGCTACAAGAAGGAC,I274Y,1,1
-1.136,0.01739,AACTTATTGGCATACC,L157I,1,1
-1.136,0.008879,TATAAATTGAAACCGC,G479K,1,1
-1.136,0.0799,CTGAAACAAGACAAAG,,0,0
-1.136,0.05686,CAAAAATAGATCAATA,L244S,1,1
-1.136,0.03607,AAAAAGCTAATAATCC,,0,0
-1.136,0.03607,ATGGTAGGAGTACGGC,R229L,1,1
-1.136,0.03607,GGATTAGTAAACCCAA,K397T,1,1
-1.136,0.03049,AATTATAAACGATTAG,D60I,1,1
-1.137,0.005274,CCCAAGAAGAATAGGT,Y105S,1,2
-1.137,0.01873,CAGAAAACCTTTCCAA,D175R,1,1
-1.137,0.02312,AGTAACTATCAAAACA,Q132F,1,1
-1.137,0.0302,ATAATTAATCTTTTTA,N382M,1,1
-1.137,0.01061,ATGAATGTACCGTATT,T301I,1,1
-1.137,0.04352,ATAAGGGATGAAACAT,K368V,1,1
-1.137,0.04352,ATATGCAGCCCATATA,K50R N497L,2,2
-1.137,0.05585,AGTACCACTTCCCCCG,D375E,1,1
-1.137,0.07791,ATGAAGACCGAAATAC,T40E,1,1
-1.137,0.07791,CAAAGAAGACACCCCG,Q311F,1,1
-1.137,0.07791,TCTATAAACCTAAATT,,0,0
-1.137,0.01437,GATCACCATAGTAACA,D408I,1,1
-1.137,0.03525,TTTTTATTTGAGCAAC,T12Q Q376G,2,2
-1.137,0.00861,ATCCAAAGATAAAAAC,T12W,1,1
-1.138,0.1288,GCGCTAACCAGAGTCT,S262N,1,2
-1.138,0.02962,TGAACCATCAAATGTA,N389M,1,1
-1.138,0.01535,TAATTGACAAACCAAT,E344D N424A,2,2
-1.138,0.04234,CTATCACATGCCGCAA,K276E S358C,2,2
-1.138,0.02534,CATTACAAATACACGT,P55R,1,1
-1.138,0.07601,GATAGTAAATCACCCA,,0,0
-1.138,0.01405,TGAATCGGAAACTATC,,0,0
-1.139,0.05392,CCTCTCCGTCCGCTAT,N158Q,1,1
-1.139,0.05392,TCAGAGACCCATGCCA,S54I G404V,2,2
-1.139,0.02213,CACTTACTATGACTGG,,0,0
-1.139,0.008356,CTTACACTTACGTAAA,M168V T318Q,2,2
-1.139,0.00634,GTCGGGATTCCACTTC,K397R R405F,2,2
-1.139,0.01965,AAAATTTAAAGTAATG,I217Y,1,1
-1.139,0.01006,GATTACAATTATTGAT,G129E,1,1
-1.139,0.053,AAGTCCATCCCTGTGA,V112T G479D,2,2
-1.139,0.0742,ATAACCAATCTAAAGC,K131H,1,1
-1.139,0.1237,CATATTAACATTGGGT,,0,0
-1.139,0.02183,CATTTCGCCTGCGTCC,K131L,1,1
-1.14,0.01757,AATATGCAAAATTTAC,,0,0
-1.14,0.003419,CGATTAGCGCGATCGA,Q164N,1,1
-1.14,0.0135,TCAAAACGGGTTGAAC,,0,0
-1.14,0.01917,AAATGATTGTGACAAC,I48W K292Q,2,2
-1.14,0.07248,AAAATTCACCTTTCAA,K411L,1,1
-1.14,0.07248,AAACTCACTATTGACT,S149K,1,2
-1.14,0.07248,CGCAGAACACAAAGTA,E83K,1,1
-1.141,0.04016,GTGCAAATACACGACT,S96L,1,1
-1.141,0.01709,AAGATAGGAGTTCAAC,,0,0
-1.141,0.02753,GTTGACGTTCCATCTC,D461Y,1,1
-1.141,0.0143,CAAGATAAAATAAGAT,I418Q,1,1
-1.141,0.01699,CGTTTTATCCACTGAA,G200C,1,1
-1.141,0.01082,TTCGTACAAATCAATA,A106P T440A,2,2
-1.141,0.119,AAACTCTGTGAAATAC,,0,0
-1.141,0.119,ATATGAGTATTCTAAG,,0,0
-1.141,0.119,CCTCTACGGCATAACT,L157H,1,1
-1.141,0.02379,GATATGATAGGTACCG,T187L,1,1
-1.141,0.03233,ATATAATTAACTTATA,L151M,1,1
-1.141,0.07084,CACAAGAATACTGGGA,T416N,1,1
-1.142,0.032,AGCAGTAGGAACCCGT,N165L,1,1
-1.142,0.02706,TCACCTGTTTGTACAA,,0,0
-1.142,0.02053,TAGACAATATATACTA,F448Y,1,1
-1.142,0.02326,TAGTCTTAATAGCCAT,I242L,1,1
-1.142,0.02682,AACACACCCGGAAGGT,R220G N498K,2,2
-1.142,0.01392,GTAAAATTGAATAGCA,N498G,1,1
-1.142,0.01512,AATACATGGAGTAACC,P185A,1,1
-1.142,0.04963,ATCATCCTTAGGAACA,,0,0
-1.143,0.0382,AAAACATCATTTCTAA,K278D,1,1
-1.143,0.1146,TTCAACAACCCTATGT,,0,0
-1.143,0.1146,TTTTTATAAAGCTAAT,G404Y,1,1
-1.143,0.002122,ACTGCTGCATTCAACA,I478F,1,1
-1.143,0.03105,GAAATTCACAACAAGT,P21N,1,1
-1.143,0.02615,ATTACAAGGAGGCCGC,,0,0
-1.143,0.01258,ATTGATACCTCAATCC,L420F,1,1
-1.143,0.005063,ACGCAATTATCAACAG,G78L,1,1
-1.143,0.06776,AAGCACCATAGGAGCT,,0,0
-1.143,0.06776,CCACAACTAAAAACGA,R299E,1,1
-1.143,0.03074,CCAAATACGTCAGATA,F174I,1,1
-1.143,0.03074,TTTAATAGATAGAACT,N45Y,1,1
-1.143,0.001828,AACAGACGCAAGTAAC,E410M,1,1
-1.143,0.0481,ACTTCAATACCAACCC,T451S,1,1
-1.143,0.0481,ATTCTATAAATTGCAA,,0,0
-1.144,0.006334,TATACGCTGATAACAA,T301C,1,1
-1.144,0.03729,TTAACTCGTTGCAATG,L428R,1,1
-1.144,0.006101,TTGAACAGGTTCAGTT,N22W,1,1
-1.144,0.02572,AAAGCAATTGGTCTCA,F258L S312K,2,2
-1.144,0.01011,CATCTTACGCAATACT,K189Q,1,1
-1.144,0.01148,CGCAGATAAAACTTAG,,0,0
-1.144,0.04737,ATTTGGTGTACTTTAC,Q356C,1,1
-1.144,0.03685,AAATTGCTCAGCTATA,,0,0
-1.144,0.01327,ACTATAAGAGTCGTGC,Q75S,1,1
-1.144,0.06632,GAAAGTTGTGTACCCG,P239H,1,1
-1.144,0.1105,GAACAACAAGAACTAA,D77R,1,1
-1.144,0.007056,GAACTAGACAACAAAA,Q376R,1,1
-1.144,0.1105,GACGCGAGATATGCTA,,0,0
-1.144,0.06632,TCAAAACAATCAACTC,I160D,1,1
-1.144,0.01223,ATAATCAAACAATTGC,D77G Q501S,2,2
-1.144,0.01219,TTGAAAAAAGCACCGA,,0,0
-1.144,0.01429,ATTATGACGCACAATG,I160V A272V,2,2
-1.144,0.01131,TGAAAATTTACCCATC,I300Y,1,1
-1.144,0.01726,CGAACACCGAATAAGA,A106V,1,1
-1.144,0.001717,GACAATAATTATGACA,N8P,1,1
-1.145,0.04666,AAGCTTACATAACCTC,P55E,1,1
-1.145,0.04666,TAACCGCTTTTGATAG,I374H,1,1
-1.145,0.005712,GATCAAAAACACCGAT,R261L,1,1
-1.145,0.00433,AATGAAGTCTTCTTGA,E449D,1,1
-1.145,0.02165,CATGCCGGCTTCACAA,V213C,1,1
-1.145,0.01299,TGCAAGGGAAACTTGT,S46V D408E,2,2
-1.145,0.01707,ATCCATTAATAGCTAG,R405K,1,1
-1.145,0.01195,AAATACGGAGTTGAAG,,0,0
-1.145,0.04598,AAGCACCTCATTAGTC,V166N,1,1
-1.145,0.04598,TAAAACTTCTAATATC,N94T,1,1
-1.145,0.04598,TTATAGACCCGTAGCC,A163R,1,1
-1.145,0.008689,ACAATAAACTTAACCA,F353W,1,1
-1.145,0.008665,AAATCTCAATTGCACT,G200L,1,1
-1.145,0.1068,AAATACATAATGGAAG,P239H,1,1
-1.145,0.006281,AACATAAACAGCGAAC,V213F K310R,2,2
-1.146,0.002108,CCTACTGTATTGTCCA,T40I L70M I242K,3,3
-1.146,0.06362,TCAAAAATATACATAG,D225I,1,1
-1.146,0.00857,TGGGCTAACCCTAACA,K411Y,1,1
-1.146,0.02106,TGCTTTACCTATTCGG,,0,0
-1.146,0.02092,ACCACAATATATGAAC,,0,0
-1.146,0.008959,TATCAAAAATATTAAT,Y105I,1,1
-1.146,0.01836,AAATACTTAATACAGC,,0,0
-1.146,0.008908,ATCTTTATCAGTTTCA,G61S,1,1
-1.146,0.06235,AAACGTCGATAGAACA,T30L,1,1
-1.147,0.009385,CATGAAACCAAAACAG,Y161A,1,1
-1.147,0.006061,ACAACTGGGTAGTTAA,R255M,1,1
-1.147,0.04403,CTTCTAACAAGCAATG,I245F,1,1
-1.147,0.008231,TCTAACATACGACACC,Q57T,1,1
-1.147,0.01602,AAGCGGAACCCGACCA,L59M,1,1
-1.147,0.01213,TGGTATCAACCTCTAA,T30F L251M,2,2
-1.147,0.006431,AGGCAAAATAAACTGA,S95P,1,1
-1.147,0.01208,CGGGGAACGGATACAC,Q173E,1,1
-1.148,0.05995,TGATACGAAGAAAATA,,0,0
-1.148,0.01421,ATTCAATAAACATAGT,,0,0
-1.148,0.01753,TTTTTATTGACTACAA,K452G,1,1
-1.148,0.03296,TGTAGTACATGCACTA,S54C,1,1
-1.148,0.04224,TAATCAAATTACTTGA,Q311E,1,1
-1.148,0.006024,CACGCATCTAGTATTC,I478V,1,1
-1.148,0.03261,GGTACATAAATCTCCC,R299P,1,1
-1.148,0.01396,CTAAAACTTATTGAGA,Q501L,1,2
-1.149,0.004233,ACGTTTTCATATCGAA,K238F,1,1
-1.149,0.004632,TGACCGGACAATAACG,A196I,1,1
-1.149,0.03227,TACACGAAATTTTATA,R220I,1,1
-1.149,0.09682,TAAAAAGCCTGTCGAA,N122L,1,1
-1.149,0.002982,GTTCACATCTCTCTGG,G78V D415N A476W,3,3
-1.149,0.05773,AAATATGGACACATCC,I25T F392M V402E,3,3
-1.149,0.04113,ACAGCAAGTTGGATAG,,0,0
-1.149,0.01151,TAAAAAGTACCAATTC,S422G,1,1
-1.149,0.03194,AGCTTCTCAAAGGGGC,R90S A113T R208W,3,4
-1.149,0.02208,AAATTATATTTATCGA,,0,0
-1.149,0.01687,ACAGAGATAGATCTAT,,0,0
-1.149,0.00988,CTGATACGAGGACTAC,T187L,1,1
-1.15,0.01495,ACCAGGCTAAACGTGC,T485H,1,1
-1.15,0.006576,GTTCAATGACCTTAAA,V323F,1,2
-1.15,0.0166,CATTGGTTCTGACATC,S137L,1,1
-1.15,0.09391,AATCAACACCATCAAA,H435L,1,1
-1.15,0.09391,ACGAAAAGTCTTCTTT,,0,0
-1.15,0.09391,CATCCCTTTCGCGTAG,R299M,1,1
-1.15,0.09391,GGGTCTACGTTAACTA,K207P,1,1
-1.15,0.005705,CTATCATAATGATAAT,A212G G275R,2,3
-1.15,0.05568,AAAGGCCTTAGCCCAA,S156I,1,1
-1.15,0.05568,TACTTTGAAAGCTTAA,W234Y,1,1
-1.15,0.03957,ACAGGACACTTTAAGT,,0,0
-1.15,0.03957,ATAAAAATACTTTGAA,,0,0
-1.151,0.02118,CTGAGGAGTATTCTCG,R201Q,1,1
-1.151,0.002192,TCACTAGTGCGTACAC,S358R,1,1
-1.151,0.01609,AATGAGCTTCACCAAT,,0,0
-1.151,0.09117,ATTGCCTTTTCCGAAT,,0,0
-1.151,0.0209,CATTTGACATGCCTAT,Q75Y,1,1
-1.151,0.02467,TAGTCAAATGCAGAAA,E410K,1,1
-1.151,0.0301,TACTACCAGAATCTTT,G62E S143D,2,2
-1.151,0.01792,CGAGAAAATATAAACA,G352F,1,1
-1.151,0.05376,AATGCACTTCCTAAAT,,0,0
-1.151,0.05376,TGCTTATCACTATTAA,K50T,1,1
-1.152,0.02035,ACAATACCTATATTCC,E426L,1,1
-1.152,0.05285,CGTTATGGGGCACTCC,S312I,1,1
-1.152,0.02925,GCATTATTGCACCTCT,E457F,1,1
-1.152,0.01545,TGCAAATGTGATTTAT,Q164V D375S,2,2
-1.152,0.05197,AATAAGCTTGAGAATA,P185K,1,1
-1.152,0.01523,AAAAATGATGGCTACT,G200T R482V,2,2
-1.153,0.08613,TATGATGAGCACCAAA,,0,0
-1.153,0.009542,TCTCGTTATCACTATA,D271Y,1,1
-1.153,0.007792,ATATGTCATCAAAGCA,T203W,1,1
-1.153,0.01117,AATGAAAACAATATTG,V213S,1,1
-1.153,0.01959,ACCACTTGAGTATAGC,,0,0
-1.153,0.03634,AGAGAAGTAATCGCTA,,0,0
-1.153,0.03634,TACGGAATCTAATTCA,,0,0
-1.153,0.008745,GTCTCTCGTCAACTCT,L431Y,1,1
-1.153,0.01207,TATCACGCGACGAAGA,T313M,1,1
-1.153,0.01329,TTCTTGTATTGAATAA,N126K,1,1
-1.153,0.003551,TTGAGGGGTATCAAAA,N382V,1,1
-1.153,0.02794,GACCCTGCTGTCGAGA,K278H,1,1
-1.153,0.08382,AAAAGAAATAATTAAG,I67M,1,1
-1.154,0.0227,ATTCAGTCTGCGCCAC,,0,0
-1.154,0.01082,CCACAAAGCTCACGTA,,0,0
-1.154,0.02253,ACACTGAAAAACCTGA,E344Y,1,2
-1.154,0.0495,AACCACTGTATCTGAG,T485W,1,1
-1.154,0.03512,AAATCATACGGGCTAG,,0,0
-1.154,0.03473,ATACCATAATAATGTA,,0,0
-1.154,0.02205,ATGACATGTAGTACCT,,0,0
-1.155,0.01149,GTAAGTACTTCTTGTT,S96L,1,1
-1.155,0.01419,TACCCAATATTACATC,,0,0
-1.155,0.03434,AAGGATAGACCACCTT,L367T,1,1
-1.155,0.01412,AACTCCACTATATATA,Q191G,1,1
-1.155,0.0126,ATTCAGTAATGGTAAA,H184F,1,1
-1.155,0.01137,CACCCGGATCTTAACT,S47W,1,1
-1.155,0.07955,ATCTTCTCCCGTAATA,Q80S,1,1
-1.155,0.07955,TGATTTAATTAATCAG,M168S,1,1
-1.155,0.014,AACATAACAGATCTAT,L70V,1,1
-1.155,0.0216,GTTAAACATAATTAAT,N190S,1,1
-1.155,0.00526,ATTCACTGATCTCTTA,A11V K140E,2,2
-1.155,0.04725,AACCTCCTCTTAATGG,N81K,1,1
-1.155,0.04725,GGGATAAGTCACAAAA,,0,0
-1.155,0.04725,TTTGTAGCGCTGTTCA,P221I H393Y,2,3
-1.155,0.01811,ACAAACAAATCCCAAT,A196D,1,2
-1.155,0.0336,ACAAATAAACCATATG,H393L,1,1
-1.155,0.02116,AGTAAGCACTATCACA,,0,0
-1.155,0.01552,AGTCCGCCTATCAAAG,F195S,1,1
-1.155,0.07757,CAAAAATAACCGAGTA,P4V,1,1
-1.155,0.02586,GTTTAATACGTATAAC,,0,0
-1.156,0.0329,TTGGCACAAAGATTTA,S95H,1,1
-1.156,0.02544,ATACCCTCATAACAGT,N45F,1,1
-1.156,0.009895,ACATCTATTAGTCAAC,I282W,1,1
-1.156,0.005834,TCTTTTAAAAATAAGA,,0,0
-1.156,0.0452,TACCCGCCAAATAATG,,0,0
-1.156,0.02503,AATGTTTGAGCGTATC,,0,0
-1.156,0.01323,TTCATTTATCTCAACC,,0,0
-1.157,0.00971,GGCCTTCAAGCGAACA,N6L,1,1
-1.157,0.0117,ACTCCAGCTAGGGTCA,D271Y,1,1
-1.157,0.0739,ACCAATAAACGATGAC,P221F,1,2
-1.157,0.008836,TCTCATGCAAATTCCA,K189W,1,1
-1.157,0.001984,TAGCCTATCAAGAGAC,D415V,1,1
-1.157,0.004153,GATTGACGATACGCTT,S156E,1,1
-1.157,0.01464,CTAACACCTGTAATAC,P169Y,1,1
-1.157,0.006648,TTGCTATCAAAAAACT,N497P,1,1
-1.157,0.2166,AAAACTCGAATAAATA,N122K,1,1
-1.157,0.2166,AATACGATCTGAATCA,S287T,1,1
-1.157,0.07219,TAAAAACACAGCTTAA,E280F,1,1
-1.157,0.2166,TCTGACAGCCGCCATA,N38L,1,1
-1.158,0.007346,ATCTGTGGCCTTTACC,S110E,1,2
-1.158,0.07056,TCTAATGAATCCCAGA,L420I,1,1
-1.158,0.009195,AAGTGCCAGTACGCAC,F353Y S480M,2,2
-1.158,0.009142,CAGTATCAACACTAAG,T301S,1,1
-1.158,0.069,TAACACCTGGGTATGT,S124R R361T,2,2
-1.159,0.007128,AAAAGTCCCGTGTTGT,S149Y R361H,2,2
-1.159,0.002823,CCGACAGTGTAAGAAC,,0,0
-1.159,0.0292,CAGCGTGTAAATAAGA,,0,0
-1.159,0.002244,CTGCCTCTCCACAATC,G142C,1,1
-1.159,0.009705,GCTCAATGAATGATTC,I230Q W234C,2,2
-1.159,0.002287,ACTAATACGTATACCA,L244D,1,1
-1.159,0.008831,GAAGTCCGCCCCACTA,Q327E,1,1
-1.159,0.007502,ATAACAACGAAATAAA,R299S,1,1
-1.159,0.2025,CACGAAATTAATATGC,I377T,1,1
-1.159,0.04051,GTCTAAGTAATAGACA,,0,0
-1.159,0.2025,TTTTGTGTTTTCAAAT,,0,0
-1.159,0.01344,ACATAATTAACCTAGT,,0,0
-1.159,0.02867,TCCGCAAGTACTATAT,N296Y,1,1
-1.159,0.01535,TAAGTCCAGCTACCAA,G129V,1,1
-1.159,0.01809,GATAAATTTAAAGCAT,P169D,1,1
-1.16,0.02203,GCGCTAAGAAAGTCCG,E325P,1,3
-1.16,0.0279,TTTTTCCCGCTAACTG,S136Y,1,1
-1.16,0.01021,TACTCATTTACACCCT,M168F,1,1
-1.16,0.01284,TGATCGTACACTACTT,R229L,1,1
-1.16,0.00911,GTGAACGTCTTAAATC,T416E,1,1
-1.16,0.01273,GGTTAAAGCCAAGTCA,Q197W,1,1
-1.16,0.01119,GAACGCAGCCAAAAAA,R229Q,1,1
-1.16,0.0634,TAATAGCGTGGGATAA,Q501T,1,1
-1.161,0.02099,ATTTGTTCTGTAGCAA,E449M,1,1
-1.161,0.02085,CCCTAACATAAAGCCC,,0,1
-1.161,0.01248,ACCCCTACTAAAAAAT,K2H,1,1
-1.161,0.02071,AACCCTCTAATATGGT,S205H,1,1
-1.161,0.03713,GCAAAAAAGCGTAGAT,F87W R299T,2,3
-1.161,0.005949,CCTATAATCTAATCTG,N382Q,1,1
-1.161,0.06092,GCGCTAACAAAACAAA,L59T P324N,2,2
-1.161,0.007306,CCTGAACAGTAAACGT,Q80D I418N,2,2
-1.161,0.008632,CCTTTTCCAGATCATA,E359N,1,1
-1.162,0.01204,ATAATACAAGGTGAGA,,0,0
-1.162,0.0163,GAACGAAATTTCAGAA,S91M,1,1
-1.162,0.1793,GATCTACAGTAAAGTC,G78N,1,1
-1.162,0.01048,CCCTTCGGCAGATAAG,,0,0
-1.162,0.01605,GTATTTGGATGAATAA,Q501F,1,1
-1.162,0.006529,CTTAAAAAAAATAGAA,,0,1
-1.162,0.05863,GGGACACTGATGAATC,,0,0
-1.162,0.05863,TTTTTACATGGTACCA,D60N,1,1
-1.162,0.03466,ATTAAGTATTGATCAG,D271R,1,1
-1.162,0.05755,AACAACGCCCTAAACT,I282T A372I,2,2
-1.162,0.05755,ATTTTTCCGCATATAA,D461T,1,2
-1.163,0.0246,TAAAAATTTAATCCTT,F174N,1,1
-1.163,0.008095,ATTTACTAATTCTCTA,S156T,1,1
-1.163,0.1695,AAACATACAACCTCGC,A334V,1,1
-1.163,0.1695,ATCAAAACATGTTAAA,T30W,1,1
-1.163,0.1695,TTATGATGGAACGTAG,,0,0
-1.163,0.03354,AATATAACATCGAAGT,S96D,1,2
-1.163,0.0185,CGAATAACTGTTAGTT,L244W,1,1
-1.163,0.03319,TGCTAAAGAAATACCA,,0,0
-1.163,0.01504,CACCAGCAAATAAAAT,K50F G142R G379I,3,3
-1.163,0.007831,ATCCTTCAAAAAACAG,E344Y,1,1
-1.163,0.03284,GATGATTCGACATTCG,,0,0
-1.164,0.009489,GCAATCAAAATAGGTT,N38S,1,1
-1.164,0.1608,CCTATTTATTCAGATC,,0,0
-1.164,0.0536,TCATAACATTACACAA,A93L,1,1
-1.164,0.0228,ATAATATGAAAAAAGG,K310M,1,1
-1.164,0.0527,AAAATGCAAAATGCTA,,0,0
-1.164,0.01422,ATTGTAACCTTCGCGG,,0,0
-1.164,0.01737,CGTCCAGAAACACACG,E426M,1,1
-1.165,0.02216,GTGGACTACACTATAC,Y161H,1,1
-1.165,0.01185,GACCACAGATATCAAA,,0,1
-1.165,0.01709,CGGTACTTCTACCAAA,,0,0
-1.165,0.0102,AAAGACAATTTGATTA,R222V,1,1
-1.165,0.1529,TAAACGAAATTAAGTG,,0,0
-1.165,0.1529,TGCAAATCATAGGACA,D461W,1,1
-1.165,0.0102,TGTCGTTTAAATACAG,T485A,1,1
-1.165,0.05098,AATATATAATCCCTAC,Q210Y,1,1
-1.165,0.008945,TAACACCACTATTCCA,T416G,1,1
-1.165,0.01,TTTATCTTTCGATGGT,M444I K472H,2,2
-1.166,0.01331,TAACGGAATAGATATA,I214N,1,1
-1.166,0.1458,CGACGGTAGCATAAAA,,0,0
-1.166,0.1458,TACATAACAAATCACC,D7C,1,1
-1.166,0.02916,TTTGCTCTCTTTACGA,T313Y,1,2
-1.166,0.01612,TACAACCTTCCTCACT,,0,0
-1.166,0.02042,AAAAGACTCAAATCGA,S422T,1,1
-1.166,0.04713,AAGTAACAGACGTCTA,,0,0
-1.166,0.1393,AGAGACATTACCTGTA,E280H,1,1
-1.166,0.02761,AGTACTTTTTTATGTT,N158W,1,1
-1.166,0.02761,CAGACACAACAGTGGT,,0,0
-1.167,0.01965,TCACCAGACTTGATAG,N8W,1,1
-1.167,0.04575,AATGTCCGCTGAACGC,F467M,1,1
-1.167,0.04575,TTATGCTTTGATCGTA,E35Q,1,1
-1.167,0.01952,AATTAGAATCACTAAG,R220K,1,1
-1.167,0.04509,ATATGTCATATCAGTC,,0,0
-1.167,0.04509,CTCAATAATTTACCCC,E172G,1,1
-1.167,0.006363,AAAAAACATCACCTAA,Q371M,1,1
-1.167,0.04444,CATGCTCCTTCATAGT,F399D,1,1
-1.167,0.01893,TCACACAATCCACTTG,N158K,1,1
-1.167,0.01893,TGAAAGCAGCTTACTA,I226M,1,1
-1.167,0.04321,AAATGTAACCGTTGCA,L431T,1,1
-1.168,0.04262,TGAAGTTAATTATGAA,T135N,1,1
-1.168,0.02537,AAACTTCACAAACCCT,I395A,1,1
-1.168,0.1228,CAAAATCCGTAAACGC,,0,0
-1.168,0.1228,CATAAAAAATAAACGA,Y423W,1,1
-1.168,0.1228,TAGCCAACCCAACGGG,Y308F,1,1
-1.168,0.02419,AAACTGCACTCTGGAA,E426L,1,1
-1.168,0.01726,GAAACCAATATTTCCG,I67M N296K,2,2
-1.169,0.1182,TATCCTTAAATGATAA,L431M,1,1
-1.169,0.006221,GTATACATATATCTCA,R222C P293V,2,2
-1.169,0.02346,AGGAAACATACACATC,A212K,1,1
-1.169,0.0167,CTTGCCTTGCACATCT,Q501K,1,1
-1.169,0.02311,CACAAATACATAATAT,H18I,1,1
-1.169,0.02311,TGTGTTTCTTTTACTA,G249T,1,2
-1.169,0.03843,GTCTCAAATTAGCTTT,L496T,1,1
-1.169,0.02294,CTTATTAGTATAATAC,K450I,1,1
-1.169,0.1139,TTGTCATACTTGTTGG,,0,0
-1.169,0.003067,AAAACTAAGAACAGCC,S107G,1,1
-1.169,0.0375,TATTGTAATCAACTAT,D271N N424D,2,2
-1.17,0.0157,ACTGATATTTGATGGC,P169D,1,1
-1.17,0.1099,CCGCTAGTTCCTTACG,T167M S312D,2,2
-1.17,0.03662,ACAAGATTGGTCGCGC,D415V,1,1
-1.17,0.03662,CAAAAGTGGCTCGACC,P239V,1,1
-1.17,0.007309,AACAGAAAAACGAATA,N31S,1,1
-1.17,0.01202,CAGTAGTTATTAACGC,S110H E280L,2,2
-1.17,0.00968,GGTTAATTCCTATTTA,F174C,1,1
-1.17,0.1061,ATGCTATTGATATCCA,P273E,1,1
-1.17,0.02108,CTGTTGCAAATTATTA,M168I I202M,2,3
-1.17,0.008081,GAATATCACCTTAAAT,V223F,1,1
-1.171,0.02067,CGAAAAAACCTGCAAC,K2I,1,1
-1.171,0.1026,TACAACTTTCGGAGCA,S231R,1,1
-1.171,0.009249,TTACGGACCATCTTCA,I282N,1,1
-1.171,0.03384,GAAAGCCTCCTATCTA,I214E,1,1
-1.171,0.005913,ACGGATACTTTCTAAA,S378N,1,1
-1.171,0.03348,ACTATAAAAACGACAA,T203K,1,1
-1.171,0.03313,CGGATTTATTTTCTCA,E83V,1,1
-1.171,0.03313,TCACACAGATTGGAAC,F79Q,1,1
-1.171,0.09938,TCTGCGAAGAAACAAC,T485C,1,1
-1.171,0.004698,GAAAAAAAGGGATTTA,N498Y,1,1
-1.171,0.01963,ATTCCAACATTAATAA,,0,0
-1.171,0.03244,AATTCAATAAACAAAA,V166K,1,1
-1.171,0.09631,AGCTGTGTTTTAGAAA,R208V,1,1
-1.171,0.09631,CTTTCGTCGTTCCAAT,,0,0
-1.172,0.03114,AATAAGAGTATCATTA,R224D N285H,2,2
-1.172,0.03114,GCACTCGTACAGTCTC,,0,0
-1.172,0.01038,AGACAACAAGTATTCA,Q371G,1,1
-1.172,0.01858,TAAATCCAAACTCACA,I478V,1,1
-1.172,0.03084,AAAGTAACAAAGTAAA,,0,0
-1.172,0.01814,ACCATTTACATTCGTC,,0,0
-1.172,0.08815,AATCCTGCATGAAAAA,,0,0
-1.172,0.007934,TCTGACTGAGAGTGCC,Q211R R361W,2,2
-1.172,0.02884,AATCACAATAAACCGA,S378G,1,1
-1.173,0.08573,ACCCACGTAAACATCT,A106L F500C,2,3
-1.173,0.009469,TTTTTTCTCTATACTT,Q132E,1,1
-1.173,0.07921,GCCGGATCTGACACCA,,0,0
-1.173,0.007136,AATTCAATTTAGGACA,I418E,1,1
-1.174,0.07725,AAAAACCACGGTATTA,H56I,1,1
-1.174,0.01545,CCCAAGCAAACGCAGG,D85H,1,1
-1.174,0.0153,TATTACAACCATAGCA,K472G,1,1
-1.174,0.07538,CACAGACAACAAAAAA,V213W,1,1
-1.174,0.02473,TGCAGATAACAGAATA,S110L S124I F174S,3,3
-1.174,0.02379,AACCACTGGTGACAAA,S205H,1,1
-1.174,0.02308,CAAAGGATCCTATCAT,E172K P324K,2,2
-1.175,0.0212,TGATTCTGAAAGTGGG,T440A,1,1
-1.175,0.01264,AACTTAACGTCATTCC,,0,0
-1.175,0.06318,CCCGGCCTATCAAAAG,I67M,1,1
-1.175,0.02078,TACTCCGACATTAATT,Q173M,1,1
-1.175,0.02011,TAGAATCATATAGTCA,K121G L431V,2,2
-1.176,0.05845,TACTAGGATACTATAC,,0,1
-1.176,0.05634,ATTTTAGTTTGGGAAG,N31S,1,1
-1.176,0.05534,AATTATCCTAAGTCCA,S205F,1,2
-1.176,0.01771,TAACCTCAATATTAAA,N498A K503N,2,2
-1.176,0.00758,TTCACCAATATATATG,,0,0
-1.176,0.01044,AAATTAGACATTTGTT,R456K,1,1
-1.176,0.05168,TCCTTCTTCACTTAGT,K468I,1,1
-1.177,0.05084,AACCCTTGGAAGCCCA,S96W,1,1
-1.177,0.01667,CCAAAGCTGAGGTATG,E414D,1,1
-1.177,0.01667,TGATATAAATAAGATG,P221C,1,1
-1.177,0.04923,AATCTATTAATTACGC,Q327H,1,1
-1.177,0.04847,ATATGCTACGCCATAC,Q80K,1,1
-1.177,0.04847,TTTACAAACCACCACC,,0,0
-1.177,0.009576,TATGTAAGCTCAGAAA,,0,0
-1.177,0.04773,ACAACTTCTTCTAGAC,K397E,1,1
-1.177,0.01583,GAGCACATGCCATCAT,I267H,1,1
-1.177,0.01478,AAAACAATAGTATCCC,E443Y,1,1
-1.177,0.04434,CACCAATAACAATAAA,P21H L42M,2,2
-1.177,0.04372,GAAAAATACAAATCAG,,0,0
-1.177,0.04311,GTACACTTTCAAAATT,K292L,1,1
-1.177,0.04311,TAAGTATCAGGACGCT,H184D,1,1
-1.177,0.04311,TTCATCAAACAGTCAA,L42I,1,1
-1.178,0.04086,AAACAGAAAGTAAGAC,,0,0
-1.178,0.04086,TGGACTAGAAATAGCC,I48V,1,1
-1.178,0.04033,TTACCATAAAAATTAA,P103M,1,1
-1.178,0.01316,ACAGTAAACATCCCCG,L431N,1,1
-1.178,0.01284,TATTAAAACCCCCATC,D225W,1,1
-1.178,0.03835,CGGATAAGTCGTTTTA,G129W,1,1
-1.178,0.03835,GATCTTTTGACCATCA,,0,0
-1.178,0.03613,AGAAGACACCAATAAT,Q371E,1,1
-1.178,0.03531,CAGTAAACAGGTTTGA,I335M,1,1
-1.179,0.006772,ACGAATTACTTGCATG,L111M,1,1
-1.179,0.03378,ATGAATGCTACATCAT,S9W,1,1
-1.179,0.03307,TTCTAGCCCGAAGACC,E35Y Q211Y,2,2
-1.179,0.03172,TACTAACATTATAATA,A372C,1,1
-1.179,0.03079,CTGGAATATTTGTAAT,I481V,1,1
-1.179,0.006074,AGACTATACAATCTGA,N190Q,1,1
-1.179,0.01,TAATTTAGCACGAATC,N31A,1,1
-1.179,0.0288,TAATCGACACGTCAAC,K326M,1,1
-1.179,0.02828,GGATTAGGTATAATCT,E426H,1,1
-1.179,0.009044,AAAAGCAAACATCATA,G504L,1,1
-1.179,0.02571,AGACACCCTGAACGAG,G479C,1,1
-1.18,0.0247,TGACAGCCTAAGCTAT,D101F,1,1
-1.18,0.02376,AAGACTACTCGTATTG,,0,0
-1.18,0.00448,ACATAACGGTTTATCC,F294L,1,1
-1.18,0.02076,AGTTTGTCCGTAAAAA,S198T,1,1
-1.18,0.01971,TGAATACTTAGAGAAA,I374L,1,1
-1.18,0.01911,GTGGAATTAGAGTATC,A476L,1,1
-1.181,0.01558,TCACATGCCTAAGCCT,H17F S266Y,2,2
-1.181,0.01449,TGTATCAGCCTACACT,P324G,1,1
-1.181,0.0109,CCCAGTTCAACGCGAT,L367T,1,1
-1.181,0.008712,AACGATAACACATAAC,F174M,1,1
-1.182,0.006933,GCGACACGAACTAATA,,0,0
-1.182,0.006724,CATCATAGACTTCCCC,,0,0
-1.183,0.006238,TCTACCACGAGTCTTC,G379V,1,1
-1.183,0.007372,TCGAACGTTACTTACT,Q454N,1,2
-1.183,0.007424,ACACCCAGATACGATT,V323M,1,1
-1.184,0.00977,TGAAAAAATACGTGCA,F87Y F448M,2,3
-1.184,0.01078,AGGAAAACACGATAAT,,0,0
-1.184,0.01309,CCATCAAAGTTTAAAT,E344G,1,1
-1.184,0.0132,ACCGATGTACTTAATG,R220I,1,1
-1.184,0.01372,CAGCGAACCTCATACT,T187F,1,1
-1.184,0.01403,CACACATGATTGAACC,P21A,1,1
-1.184,0.002048,TGTACCCGGTTCAATA,Q173T A334M,2,2
-1.184,0.01455,AGAGCAATTCGATCTA,N53W,1,1
-1.184,0.01511,GCCAATGCAATCGATC,,0,0
-1.184,0.01549,CTTTGGCACACGGGAA,,0,0
-1.184,0.01564,AAATGAGTGCTTCAAA,,0,0
-1.184,0.01588,TCCTGAAAGCCTCCTA,G200Q,1,1
-1.185,0.0182,AATATGCAAGGTCCAC,,0,0
-1.185,0.02033,CTGGTAACTTCGCTCA,K315Y,1,1
-1.185,0.02101,TTTTACCTGGTGTAAC,R220W,1,1
-1.185,0.02303,AGGATCCTGAACACAG,E83I,1,1
-1.185,0.02337,GAACTCAACAACCTGG,K140S,1,1
-1.185,0.02391,CGATCAGAATCCAAAT,L367E,1,1
-1.185,0.02428,AAAATAAACCGGTCTA,G142C,1,1
-1.185,0.02486,GCGCCTGTAACTCTGT,G240Y,1,1
-1.185,0.02506,AGGATACAGAAAGGCG,,0,0
-1.186,0.02875,CACACCTTAAAGCCAC,T135G,1,1
-1.186,0.009645,ATACATTAATCGGTAG,,0,0
-1.186,0.02929,ATGCAAGCTCTAAAAT,E35S S442G,2,2
-1.186,0.01078,AGTTCTAAAACCCTTA,K503D,1,1
-1.186,0.03233,TATAGTCTAAAACAAT,,0,0
-1.186,0.03336,CAAACCCGAAAAATCG,T12H,1,1
-1.186,0.03447,AAATACCGCACTGAAC,T10A,1,1
-1.186,0.03447,TGAAACTCAAAAGTAC,,0,0
-1.187,0.01171,ACATCAGTACCAACAA,S96H,1,1
-1.187,0.03525,ATATACAACGAATTTT,S156K G479T,2,2
-1.187,0.03827,GAAATGTAGCAACGCT,P227C,1,1
-1.187,0.03923,GCTTTATGACAGTGCT,V166G,1,1
-1.187,0.03973,ACCAGTCAGGTACAAC,A425M,1,1
-1.187,0.04024,TCTGTTGAAAATGCTA,R383F,1,1
-1.187,0.04077,ATACGTAAGATATAGT,S9W G479D,2,2
-1.187,0.04186,TAACCAAAGGCAGGAT,K315P,1,2
-1.187,0.01414,TAACAATGATCCCGAC,I282N,1,1
-1.187,0.003868,ACGCAGTGTACCATCT,V213M,1,1
-1.187,0.006086,TATTAAACATAATTGA,I267C,1,1
-1.187,0.008628,TCTATCTCTTCCTAAG,S115H,1,1
-1.188,0.04362,GATGCCGTCAACATAT,K238L,1,1
-1.188,0.04362,TGAAAGTGAAATGAAT,I67L K131H,2,2
-1.188,0.04423,TCAAGATATCTCATCT,K472E,1,1
-1.188,0.01503,ATGAGTGTCAAATACA,,0,0
-1.188,0.01548,TTATAAAAAAGATTAA,,0,0
-1.188,0.04834,ACGGCGCGAATGGAGT,,0,0
-1.188,0.01672,GGTGCATCACCTAACG,N165H,1,1
-1.188,0.0507,GAATCTCCAACGCATC,K171R,1,1
-1.189,0.05329,TAAAGTGCATTCCTAT,,0,0
-1.189,0.01797,ATTTTAAACAATAACA,S156D,1,1
-1.189,0.05422,AGACGAACGCCTCGCA,,0,0
-1.189,0.01088,AGGTAACTTATAGCTC,S114E G504R,2,2
-1.189,0.05518,TCTACAAAATGAATTA,,0,0
-1.189,0.005091,CTCATAATCGAATAAC,N165Q,1,1
-1.189,0.01872,CTAATTCCTGAGTAAT,Q371N,1,1
-1.189,0.01128,TAACGATTCTAAGTCG,D186N,1,1
-1.189,0.0193,CAAGTGCACCCTAATC,A372K,1,1
-1.189,0.01992,TACTTGGACAATCTCG,L244Y,1,1
-1.189,0.008624,GCGACACTTACCCCGG,K189W,1,1
-1.189,0.06053,TCTATAGACAATAAAT,D291K,1,1
-1.19,0.01235,GGTCACCGCCAGATTA,E484I,1,1
-1.19,0.06172,ATGTAATAAATCCCAT,N133H,1,1
-1.19,0.01249,GTTGAATATAACTCAT,A364S,1,1
-1.19,0.006951,TCTGATAACTACTGAA,I236K,1,1
-1.19,0.002557,GCAACGACTTGAACAA,Q75F,1,1
-1.19,0.02283,ACACTTTCCGGACTAG,P169Y,1,1
-1.19,0.06849,AGCTGTCTAGAGACAT,K417W,1,1
-1.191,0.07003,AAGACAGTTCGAAGAC,P289D,1,1
-1.191,0.02388,GTGACTAGACATTAAA,A212G,1,1
-1.191,0.07164,GAATAAACCATACGTC,S145N,1,1
-1.191,0.07164,TCTTTAGCTTTAAAAC,G479D,1,1
-1.191,0.006554,TGCTACCGCGGCCGCC,,0,0
-1.191,0.01051,AGTGAACACTTCGGCG,I48K,1,1
-1.191,0.01051,CACTGAGCCTATCTAC,N475K,1,1
-1.191,0.02463,ATCGTCAATAACATTC,Q57H,1,1
-1.191,0.006812,CGTAAAACTATTTCAC,,0,0
-1.191,0.07508,TCCATATTCTATATAT,,0,0
-1.191,0.07508,TTAGTCCTAGGAAAGA,,0,0
-1.191,0.02523,TATGGCACCGCATTAA,,0,0
-1.191,0.008479,ATCTTAAGCTGCGTTG,V406Q,1,1
-1.192,0.08092,CTATTAAAAACTAGAT,T187L,1,1
-1.192,0.009097,AAATAATCAACCTCAA,K82C,1,1
-1.192,0.02745,ATCTCTACTTTCAGTT,N341G,1,2
-1.192,0.08307,GCAATGCGGAGTCTAA,N159D,1,1
-1.192,0.08307,TATTAGTTAACAATAA,F174T D375Y,2,2
-1.192,0.02794,CCCAGCTATCGCTGCT,S110L,1,1
-1.192,0.02819,CTTTTGAGTGACAGAA,L108S,1,1
-1.192,0.02845,CATGAAGAAAACTGAC,D188L,1,1
-1.192,0.02871,GCTACTGATCTCAACC,,0,0
-1.192,0.01726,TAGATACCAATTTTGC,A430D,1,1
-1.192,0.02898,TTTATGTAATTTTAGT,Y105I,1,1
-1.193,0.08774,ACGTCACTACACAGTT,,0,0
-1.193,0.02981,TACGTAAAGATTTTAT,,0,0
-1.193,0.01795,ACGAAAAAATGCTCAC,S422G,1,1
-1.193,0.03009,ATTAGAAGAAAAGATT,T24I S205C,2,2
-1.193,0.03039,AGGGATTAACCAAATC,I374R,1,1
-1.193,0.09297,AAAAAAATACCTTCCA,I274Q,1,1
-1.193,0.09297,AAAGATAACAAAACTT,Y351F,1,2
-1.193,0.0313,TGACTTACTCATTGAT,S219K,1,1
-1.193,0.01363,TCTATTTAATAGACGA,S231W,1,1
-1.194,0.01916,CTAGAAATGTACGCGC,,0,0
-1.194,0.09582,AACACTTAACCTCAAG,P21H R482L,2,2
-1.194,0.09582,GTCACGGGTAATTAAA,,0,0
-1.194,0.007424,TATACATAATCTCCAA,Q327R,1,2
-1.194,0.03227,GGATAGCCATACTCTA,P221L,1,1
-1.194,0.01425,AATAAATTTCTAATAC,K368I,1,1
-1.194,0.0333,TATCGTTCCTATCATA,,0,0
-1.194,0.02069,CATCAGCGGCCTAAAC,D271I,1,2
-1.195,0.009537,CTTACACATTCAAGAA,,0,0
-1.195,0.1055,CTGGGAGGCCCCTTTA,V166H,1,1
-1.195,0.022,ACGGGACGCCTCATTT,K292N,1,1
-1.195,0.022,ATTAAGACGAGCAACT,T318N,1,1
-1.195,0.006548,GTTGATACTGGCCAAA,R229M,1,1
-1.196,0.01258,ATGGGTTTTAAAATAT,R456H,1,1
-1.196,0.1132,AAAAAACGTTCAAAAT,D375W,1,1
-1.196,0.1132,CTTAGCAAACTAAAAC,I3E T203A,2,2
-1.196,0.0228,AAAAATATAAAATAAA,,0,0
-1.196,0.02297,GGGACTCTTGATTCCG,K131V,1,1
-1.196,0.004046,CCACAGCAGATTAACC,S96F,1,1
-1.196,0.1174,ACAAAACCGGAACAAG,I67A,1,1
-1.196,0.009141,CTATGAGGTATCCCAG,H393C,1,1
-1.196,0.03965,GGGAATACGTAGACAG,T313G,1,1
-1.196,0.007991,CAATAAAAGTGCAGGA,A476I,1,1
-1.196,0.02403,ATATGTAGAATCTAAA,V213T,1,1
-1.196,0.01724,AGCTCAACAGAGAGCT,T167E,1,1
-1.196,0.01724,ATAGTACTGGCACTTT,T203A I217P,2,2
-1.196,0.01734,ACGTCATATCAAACGC,P221L,1,1
-1.197,0.04068,CTATGATATCCCTCTA,T416E,1,1
-1.197,0.122,AAACACACAAAACACA,,0,0
-1.197,0.122,ACATAAGCTACTTCAA,I179M,1,1
-1.197,0.122,CGAGTACCTTACCAAG,K391G E398C,2,2
-1.197,0.04122,CATCAGCATCACACAA,E410W,1,1
-1.197,0.01773,AACAATTAGGTAGGCC,,0,0
-1.197,0.04292,GATGTCGGCGAAATCA,M462C,1,1
-1.197,0.006193,TACCACCAGCATTTAT,V88L,1,1
-1.198,0.01869,ATGACAGTCAAATTAG,T135E,1,1
-1.198,0.1324,AACATAGAGATTAAAA,,0,0
-1.198,0.005369,ACATTACTATATTTTC,,0,0
-1.198,0.02717,AAAGACCAGGTAGCTA,G49K,1,1
-1.198,0.04541,GTACTTTTAACAGACA,E414K Q454R,2,3
-1.198,0.1383,TTTAATTATAATTTCA,,0,1
-1.198,0.04608,ATATAGAAATTGTAAT,,0,0
-1.198,0.01544,TAGCATAAGCGAACAA,T167E,1,1
-1.199,0.02815,ATCTACTATAACGTTC,G200H,1,1
-1.199,0.02013,AAAAACATATCACTGA,,0,0
-1.199,0.01575,CGCTGAAAGGTCCCGA,N22G,1,1
-1.199,0.04749,CAAATCCGAGGGCTAA,D291N,1,1
-1.199,0.01583,GATTGTATTATTAATC,T187K,1,1
-1.199,0.002926,CATAAGCCAATATATA,F174D,1,1
-1.199,0.02948,AAATGTATAATTAAAA,A334M,1,1
-1.2,0.04976,AATTAAAGTACGCGGA,,0,0
-1.2,0.04976,TGAAGACCTACGTTCT,G49A,1,1
-1.2,0.02167,ATTCACCTGGAGATAC,E344Y,1,1
-1.2,0.1517,CACGTTACCCTAGACC,,0,0
-1.2,0.02182,CCTTAGTAACTAATTA,K368D,1,1
-1.2,0.01021,TTTAATAATAGATCAG,Q394R,1,1
-1.2,0.01704,CCGAACCCCAGAACCA,,0,0
-1.2,0.02213,ACGGCCATGTTATTTT,K417R,1,1
-1.2,0.004194,TTTGTTAAAACCACAA,,0,0
-1.2,0.03125,CAGAGAAGATAAACAC,Q210G,1,1
-1.201,0.05225,CAAGAAATTGCTAGCT,I300Q V402E,2,2
-1.201,0.02245,TTCATTTCAATCCAAG,K315F,1,1
-1.201,0.01436,ATCGGCCTACATGTAA,A196T N475L,2,2
-1.201,0.01217,CCTAACAGAGAATCAC,K27N,1,1
-1.201,0.03189,AAACACCTATAATTAT,N22L,1,1
-1.201,0.03189,AATGGTGCTAAAAATA,,0,0
-1.201,0.05314,GTGTGTTATAAGGATA,D487R,1,1
-1.201,0.03222,CTCGGAATACGTTTTA,,0,0
-1.202,0.03325,GGAGTAATTTAGGATT,E119C,1,1
-1.202,0.056,ATCACGTACACAAAAT,I300W,1,1
-1.202,0.024,GTTGCCAAAACACATG,Q454A,1,1
-1.202,0.0336,TATAATACAAACGAGT,,0,0
-1.202,0.168,GAAAACAAATACATCC,,0,1
-1.202,0.01309,ATATGTGTTTCATAAT,E325A,1,1
-1.202,0.05703,CCCAAGCATGTCACAA,Q454A,1,1
-1.202,0.05703,TCTGCCTCATACGCCC,T10E T416G,2,2
-1.202,0.02476,TAAGCCTTGCAGTTCA,,0,0
-1.203,0.02496,GATCTCCCTCAACATT,,0,0
-1.203,0.03511,CAAAAGTTGATTGCTC,K276C,1,2
-1.203,0.1776,AAAATAGTAATCATAT,K207I,1,1
-1.203,0.01973,TACTTCCCCAACAGCT,N38S P221A,2,2
-1.203,0.03551,AAGTTAGCAAATTAAT,F79L,1,1
-1.203,0.01623,AAATTCGATAGAAATA,R222N,1,1
-1.203,0.02579,ATGATGAATAAAATAC,D487L,1,1
-1.203,0.06033,AGCATTATGTCAAGCG,K368W,1,1
-1.204,0.009755,TTAAACCACGTTCGTG,N190V G386E,2,4
-1.204,0.03721,ATCGAATAAGAGCATT,A317S,1,1
-1.204,0.01245,TACAGATAATGCCCGT,H184V,1,1
-1.204,0.01721,TCAATACTCCGGCATA,S114Y D375Y,2,3
-1.205,0.0149,ACATACTAGGTGTCCA,Q356R,1,1
-1.205,0.0177,GCCAATAAAGCCTAGG,T328C,1,1
-1.205,0.0177,TTTAAGAAATCGGAAC,Y161V,1,1
-1.205,0.02165,CTAATTCTCCTAACCC,D101H,1,2
-1.205,0.03907,GAGAAGCTTAAATTTA,T65N G129S,2,2
-1.205,0.01526,TTCGAAGCATCTCTCA,G333L,1,1
-1.205,0.02836,GTTATGGACTCAAACA,S145I,1,1
-1.205,0.007974,CATCTAGCGTTAAGTC,F125W,1,1
-1.205,0.007387,CTCCGTAAGGATTGGT,K315F,1,1
-1.206,0.2004,AGGTAGTTCAACGGTG,,0,0
-1.206,0.01832,ATTTTATACGCTATTC,I282T,1,1
-1.206,0.006972,AGCACTCACCCCTACC,Q363A,1,1
-1.206,0.02259,TTTTTATCCGGCAAAT,S265R,1,1
-1.206,0.02916,ACGATCAAGGATGACA,A304V,1,1
-1.206,0.06825,AATCCCAGAAAAACTC,I374E,1,1
-1.206,0.06825,TCATTGAACTGTTCAA,S145L,1,1
-1.206,0.06825,TCCATGGAATCCCTTT,,0,0
-1.206,0.001898,TCCTTACCTCAACACT,I395C,1,1
-1.206,0.01888,AATTTTTTCCACATTG,S91L,1,1
-1.206,0.006305,TGAAAAAATGATGCAT,K82M H488A,2,2
-1.206,0.04168,TAAGACCCTAATTAAA,D366N,1,1
-1.207,0.06977,ATTAGTTGAGATAAGT,,0,0
-1.207,0.06977,GTCTAGATTATAATAG,K189F,1,1
-1.207,0.06977,TATATTCTCCTACAAA,N94H,1,1
-1.207,0.06977,TGGAAGGTGAGACGCA,T24V V297A E390V,3,3
-1.207,0.01235,TAACAATCGGGTAACG,G504W,1,1
-1.207,0.01621,TGGAGAGCCTTCAATC,,0,0
-1.207,0.02343,CGAAAGTAGATGAAGC,,0,0
-1.207,0.03029,AAGAAAAAAAAACGCG,T117V V130L,2,2
-1.207,0.01254,TATACACTAGAATTTT,P273K,1,1
-1.207,0.04282,CACATAAGTAAATTCG,M444F,1,1
-1.207,0.2141,TTAAATCACACGTAAT,T313G,1,1
-1.207,0.02379,TTAAGGCTGACTATGA,,0,0
-1.207,0.03059,TTTTATAAAAATTCGA,M444I G504S,2,2
-1.207,0.004216,ATAATCATCTGGAACA,D348H,1,1
-1.207,0.01959,AGTGATCCTAAGTAAC,R229H,1,1
-1.208,0.0312,AGACAAGCACAATTTA,K468S,1,1
-1.208,0.07304,TTGATAAGTCTTGCAA,D32N,1,1
-1.208,0.04403,GCCTTCTGATAAAAAC,,0,0
-1.208,0.004722,CTGTAATCCTGACGCT,L151I,1,1
-1.208,0.0171,TACTACTTACATCGCA,,0,0
-1.208,0.03183,GGATATAGATAAGCCG,A430N,1,1
-1.208,0.004555,GCTCACCCATTAGCTC,Q197E,1,1
-1.208,0.02035,AATGACTAGCTTATTA,Q57H,1,1
-1.208,0.03216,TATCTCTATCTCGTCC,T318K,1,1
-1.209,0.02062,CGAAAAACTGGATGAG,Q164F,1,1
-1.209,0.0325,CTTAAAATCTATTAAT,I34C K292I,2,2
-1.209,0.04597,GCCCGGAAAGCAAAAT,,0,0
-1.209,0.07662,TAAAATCGATCATCTA,Q197V N290W,2,2
-1.209,0.02118,CCCAAGAAACAAGACT,N81F,1,1
-1.209,0.01799,TATCTAATACAGTTGA,E359Y,1,2
-1.21,0.01239,ACGACCACAATATCCT,S266F L455M,2,2
-1.21,0.007615,ATAACGAAACATTCGC,I300E,1,1
-1.21,0.01579,GACAAATTCCTATTTT,,0,0
-1.21,0.04737,ACGGCTTTACCAATAA,D101W,1,2
-1.21,0.01587,TCAAAGGGCTTCTATT,E172Y,1,2
-1.21,0.01043,AAGATCCCCTTATTCA,S231Y,1,1
-1.21,0.03428,GACCAAGTTTAACGTA,,0,0
-1.21,0.03428,TGACTAAATTCAATCT,S262R,1,1
-1.21,0.01143,GGCGAAAATTCATGAG,S219R,1,1
-1.21,0.0481,TTTATGATGCGTATCT,V20Y,1,1
-1.21,0.01852,AAACTTAGCGAAAAAG,R109V,1,1
-1.21,0.01612,ACATTAACGACTCAAA,L118V,1,1
-1.21,0.03466,TGCTAAACCCAAAGAA,K207M,1,1
-1.21,0.02208,TTTTCTAGATATTCAA,N498H,1,1
-1.211,0.02224,GGAAAGTGATACAATA,V213F,1,1
-1.211,0.009111,AAGATAACCTACGATA,K238W,1,1
-1.211,0.02733,TCCAGCCGTCCTGCCC,Q356W,1,1
-1.211,0.008534,TCCCAAGGACAATAGA,T167L,1,1
-1.211,0.04963,AACTAAAATTAATCTA,S199G,1,1
-1.211,0.04963,GTTCAGTATTAACCGT,E401Q,1,2
-1.211,0.04963,TATATAGTAAATATAA,A11I,1,1
-1.211,0.04963,TTTAGCAAACCACTGT,R383Q,1,2
-1.211,0.005316,AGATATCATCATACAT,T65K,1,1
-1.211,0.008628,AAAAGACGTCTATGCT,A196D,1,1
-1.211,0.01672,GAGATCCCTAAATGAT,E414K,1,1
-1.212,0.08496,AAGATGTGTGATGCCG,Q44L D291S,2,2
-1.212,0.08496,GAAACGACACTATCAG,G218S G504R,2,2
-1.212,0.08496,GTAAATTCTAACATAA,K238G,1,1
-1.212,0.02832,GTCCAATCGAGAGCCA,T65V,1,1
-1.212,0.08496,TCAACGTATATACTTT,,0,0
-1.212,0.01126,ATAAAAAAGCAATAAG,R222H,1,1
-1.212,0.03714,AATCCACCGGACTCTG,S219L,1,1
-1.213,0.01539,TAACGGGTGGTTCATA,A69S,1,1
-1.213,0.08734,ACTAATATGAAACCCC,G504K,1,1
-1.213,0.02394,AGGGTGACAAATAACA,,0,0
-1.213,0.02939,GAACTAAAAAGTACAC,L367C,1,1
-1.213,0.02413,GTGAAGTGCAGAATAA,G275E,1,1
-1.213,0.014,GAGTTTAACAAATCTA,A196H,1,1
-1.213,0.03804,TAATCACATAAACATT,R208W Q311L E401K,3,3
-1.213,0.009241,ATAATCACTCTAACCA,K171P,1,1
-1.213,0.03851,ACATTCACCTCCGCCC,N6A G379P,2,3
-1.213,0.02451,TATGATACTTTAAACA,E344W,1,1
-1.213,0.05391,ACCAATCGTATGGAGT,L431V,1,1
-1.213,0.05391,ACTAAGAATACCATAC,,0,0
-1.213,0.08985,ATATCTAGAACAAAGG,S91I V223Y,2,2
-1.213,0.08985,CCACTAGAGGCTTAAC,D415W,1,1
-1.213,0.08985,TACTCGAAACGTTAAG,Q501D,1,1
-1.214,0.01425,ACATCCACCTGGTTAC,A372C,1,1
-1.214,0.01294,AGCATAATTTTGACTG,D85V,1,1
-1.214,0.03899,ACTGAAGAGGGATCTA,D60G R482L,2,2
-1.214,0.03899,TAAAAGTATGCATCAA,N94G,1,1
-1.214,0.05486,CCCCCAAAGCTCAATC,E403K,1,1
-1.214,0.05486,GATAATCTTCCAAAAA,L108F,1,1
-1.214,0.007918,ACCGACTTATAATCCA,F125M S400M,2,2
-1.214,0.03084,CACATATAGGAGGAAT,A11P,1,1
-1.214,0.008412,TTAAATCAGTTCTAGA,D175Q,1,1
-1.214,0.09252,GTGTAAACGATAACAA,,0,0
-1.215,0.01213,AGTTACAACCCAACCA,F79H,1,1
-1.215,0.03115,AATAAACCTAACACAG,,0,0
-1.215,0.01479,CTGCCTATAACATCCG,P239R,1,1
-1.215,0.009129,TTGCCTTGAACAAAAA,D175M,1,1
-1.215,0.03146,TTAAATCATACTATGT,R222E,1,1
-1.215,0.01493,TGAGTACATTCAGAGA,S279R,1,1
-1.215,0.01052,CACTGCGAGCCTTAAT,W234M,1,1
-1.215,0.02593,ATTGTTGCAGAGGCTC,,0,0
-1.215,0.003524,CGTTACGGAAGTACCT,I236C,1,1
-1.215,0.09534,ACAAATGATAACGAAA,I267T,1,1
-1.215,0.09534,ATGAATACCGACATTG,N6D,1,1
-1.216,0.02637,ATTGCATCGTTTAATA,,0,0
-1.216,0.01262,TGGTATTCGCCATATT,S480Y,1,1
-1.216,0.02659,CAATTAATTTCGTTAT,S205A,1,1
-1.216,0.01278,ATGTAATAATTATTAA,Y105C,1,1
-1.216,0.001612,AGCATAAGCCATATAA,S144C,1,1
-1.216,0.05901,CCACTCCCCTAATTAA,N63R,1,1
-1.217,0.03313,CAAATGAACCACTCGA,S279I,1,1
-1.217,0.01755,TCAACACTCCGGGGAT,K472W,1,2
-1.217,0.01765,TGAAAGACTACACTTA,,0,0
-1.217,0.06014,ATACATTCTCGGTAGC,,0,0
-1.217,0.0232,TATATTGAATATTCTG,N45I,1,1
-1.217,0.007367,GGAAGAAACACTCGAA,,0,0
-1.218,0.01451,GAAAGTGCATCCTAGA,E344P,1,1
-1.218,0.007161,CTGATTCACCTGAGTA,I374E,1,1
-1.218,0.02373,ACCAAAGACATTGTGC,T128G,1,1
-1.218,0.01478,CAATCGGACTAAGGAA,S110Y,1,1
-1.218,0.06256,TGCGGTAAACTATCAC,N445S,1,2
-1.219,0.01492,GACTACATGCGACCAG,Q501V,1,1
-1.219,0.02854,AACGGTGGACAAACGC,,0,0
-1.219,0.02854,CAATCCGACTACTTTA,S115T,1,1
-1.219,0.01849,ACTCAGCGCACATCTC,G49W R299T,2,2
-1.219,0.105,CATAATCTAAGAGAAA,R150C,1,1
-1.219,0.0452,AAAAGGCAAACAAGCC,,0,0
-1.219,0.01507,AGAGAACAGTATTAAC,E325N,1,2
-1.219,0.011,CGTAACGAAGTATAAA,,0,0
-1.219,0.009721,TCTACTCTACCTACGC,F467V,1,1
-1.22,0.01696,AGGAATTACTACCTGC,M268I,1,1
-1.22,0.01905,AAAAAAATTAGGACTT,T235N,1,1
-1.22,0.01544,CACGCCCTTATAACAG,V347R,1,1
-1.22,0.0362,CCATCTAAGATCGTAC,K411G,1,1
-1.22,0.1086,TAAACCTAAAAAAACT,S422E,1,1
-1.22,0.01929,TTACAACAAGGCCTCC,N122H,1,1
-1.22,0.009938,CGTCAAAGACATAAAG,T313E,1,1
-1.22,0.02188,AAGCGACGACTTACGA,G330P,1,1
-1.22,0.03663,TACGCTTAACTTTTAT,K264N,1,1
-1.22,0.01941,CGAGTGCAACACTACT,G379L,1,1
-1.221,0.02547,ATTGTACCTACGAATC,G200I,1,2
-1.221,0.02547,CTACGGTCTTCATTTA,I51V,1,1
-1.221,0.01069,AAGAAAATCGCTTGAC,R141C,1,1
-1.221,0.01007,CCACCATAATATCACT,F192I Q501F,2,3
-1.221,0.03019,TCGAAAGTTGCCTACT,,0,0
-1.221,0.005846,GAACATAGAGATATGA,E484T,1,1
-1.221,0.01599,CTACCTGAGTGCTAGA,D348V,1,1
-1.221,0.01773,AAAATTTTAACAACAA,A304V Q371S,2,2
-1.221,0.1125,AATGTAAGAAATCAGA,,0,0
-1.221,0.01354,AACATTAAATAACAGT,H184T,1,1
-1.222,0.009716,CAGAATTTATCCATCG,P273G,1,1
-1.222,0.06801,CCAACAATTTGAGACG,N159M,1,1
-1.222,0.06801,GACTAAGACTCACTAT,R405T,1,1
-1.222,0.006677,ATGAAATCAATATCCG,F79W,1,1
-1.222,0.007925,AATAATTCACATCACA,E396A,1,1
-1.222,0.04873,AAATAGATTTGCTGAA,N6P,1,1
-1.222,0.04873,CTGAAAGGGTTATAAT,D493L,1,1
-1.222,0.03797,ACGCAAATTAGCACTA,,0,0
-1.222,0.03797,ATAAAGTCGTCTTAGT,H184C V347M N489A,3,3
-1.222,0.009251,TTGACGTATGTTAACG,D241S,1,1
-1.222,0.03141,TATACAATAGCAATCA,R255T,1,1
-1.222,0.0495,ACATATTAAAATACCA,,0,0
-1.222,0.0495,CTGATCCACTTTAAAT,N158M A364V,2,2
-1.222,0.006321,CTTAACTCCCCCCACA,T485E,1,1
-1.223,0.007764,TTAAAAACCTCTAGAC,E401C,1,1
-1.223,0.1167,TACTCTGAAAAACCCA,K310W,1,2
-1.223,0.1167,TATAATTTTATTAACT,P324W,1,1
-1.223,0.01403,TATGTAACACAAAAAG,,0,0
-1.223,0.01528,CTAAGTACTTTTCGTT,H184G,1,1
-1.223,0.01216,CTTTAAATATTAGCCT,R90N,1,1
-1.223,0.03206,TACTAGGCTGGGGAAT,,0,0
-1.223,0.01869,TCACGACGTCGGTAAT,,0,0
-1.223,0.00826,ATCCGATAATAACACA,M444L,1,1
-1.223,0.0711,AAGAACATTTATAATT,G479D,1,1
-1.223,0.0123,GTTTACCCTGCACAGA,,0,0
-1.224,0.01325,GCAAATTTTCTGTAAC,D461H,1,1
-1.224,0.05112,ATTCTTACTTAACGGT,T30L,1,1
-1.224,0.01574,TTTAAGAAAAAAGATT,,0,0
-1.224,0.04042,TGATAGTACTTACACA,A163S,1,1
-1.224,0.05197,CAAAAGCGTATACTAA,S270G,1,1
-1.224,0.01174,CAGACAATGCTACATA,,0,0
-1.224,0.05197,CCCGTGCAAATCCAAA,S156N,1,1
-1.224,0.07276,GCATAAGAAAATTTAG,F467M,1,1
-1.224,0.07276,TATAGAGCAGACACAA,K276P,1,1
-1.224,0.05197,TTGGATTACGTAATTT,Q371G,1,3
-1.225,0.006023,TAATTAAGGCCGATAC,P239G,1,1
-1.225,0.03343,CATATTAAGCTAGGTA,T65M,1,1
-1.225,0.03343,GAAGAATACATAATTT,,0,0
-1.225,0.05285,ACAAATCCGAGTACAA,Q197Y,1,1
-1.225,0.05285,GCAAAAGCATATGGCG,R92F,1,1
-1.225,0.01772,AAATTAGATATCACAC,Q311F K411Y,2,2
-1.225,0.0745,ATATCTAAGCATTAAT,A317C,1,1
-1.226,0.01975,CATTTTTTTCTCCATT,E35L,1,1
-1.226,0.03416,ATACACCCGAGCCTAA,P21E,1,1
-1.226,0.03416,GAAACTAGTCCCCTCA,L316M,1,1
-1.226,0.01504,TATGAAATTTAAAACA,N464D,1,1
-1.226,0.02216,ACAAACATAACGTAAC,I232F,1,1
-1.226,0.0122,CAAATTCCGAAATAAC,S480H,1,1
-1.226,0.03454,ATGTCATTTACTTGCT,,0,0
-1.226,0.03454,TTAGAAAAATCGTTAG,,0,0
-1.226,0.07632,ATTTTATCAATAGTCT,G78W Q376E,2,2
-1.226,0.05471,TAGACTTGGGCTCGTA,S54C L157E,2,3
-1.227,0.02958,GGCACCCCTGAGGAAT,K468F,1,1
-1.227,0.02264,TAAGAGCATATCAAAC,,0,0
-1.227,0.003246,AACCCAAACTTGTTAT,S96M,1,1
-1.227,0.007915,ACCTCAAAGTTCAAGT,Q80C S312N,2,2
-1.227,0.02586,GAGACGCTTTTGATCC,R224A,1,1
-1.227,0.01049,AGGATTCCAACACGGC,L244S,1,1
-1.227,0.04322,TAATAACATAATACCA,G62Y,1,1
-1.227,0.02298,TTAATCACCTGTACTG,I274W,1,1
-1.227,0.07823,AAAGACCGAGCACATT,D241E,1,1
-1.228,0.01122,ATGCAATGAATTGTTC,I217Y,1,1
-1.228,0.1315,CATGGATCTTTCCCTT,G479L,1,1
-1.228,0.01878,TAATACGCCACAAAGA,S205M,1,1
-1.228,0.01279,TTGACTTATTACCGAA,G275R,1,1
-1.228,0.05669,TTAACTGCACTATGTT,K503T,1,1
-1.228,0.02652,GCTTGGCTACCTACTC,T65H,1,1
-1.228,0.0235,CAGCGAAACTCTAGAC,P284E,1,1
-1.228,0.04445,TTTGTGCTATCGCGTA,K411I,1,1
-1.229,0.08024,TATTGTACCTCTCAAT,,0,0
-1.229,0.02123,GAAATGATCATGGCGG,I48R,1,1
-1.229,0.03105,CTAACACAAACAACAC,A69W,1,1
-1.229,0.01496,TACTTAATAACCCTAG,Q197R,1,1
-1.229,0.007347,AAAATACATGGTAAAG,K189H,1,1
-1.229,0.05774,CTCGAATAACCTTGAA,K397L,1,1
-1.229,0.01925,GAGAAGTCTTGATGCG,,0,0
-1.229,0.05774,TTAGTTCGTAACACAA,I48C G49V,2,2
-1.229,0.01159,TAGATATATCTTAAAG,N216A,1,1
-1.229,0.0451,GTAACGCCCTGAATGA,Y178M I437F,2,2
-1.23,0.005472,CTCCCGCATCAACCGG,E410S,1,1
-1.23,0.04576,AAATTACTTATAACAC,T328L,1,1
-1.23,0.04576,CGCGAGTGCACCGACA,,0,0
-1.23,0.08236,CAAAACAACAGTAAGA,K121M N382S,2,2
-1.23,0.05883,TGCGCATCTTCCCAGT,L427S,1,2
-1.23,0.01433,AGTACGAAACTACTAC,I481L,1,1
-1.231,0.01351,GTTTTACAAACCTGAC,N94L,1,1
-1.231,0.05996,CTGATTTTAAGCAAAG,V223W,1,1
-1.231,0.03836,AGTGCGGGTCGAACAA,Q454E,1,1
-1.231,0.08459,ATATTAATTCATTTGA,D73I,1,1
-1.231,0.08459,CCCATACCATTAGCAC,D175R,1,1
-1.231,0.08459,TTGAGAATACAGATAA,T187L,1,1
-1.231,0.04714,AAATTCACAAAGAAGC,V402E,1,1
-1.231,0.006013,ATGGACCTCAACACCT,L316V,1,1
-1.232,0.03883,GAGATAAATTTCAAAA,D175Q,1,1
-1.232,0.00701,TGAAACGAGATTGAAT,N382A,1,1
-1.232,0.01587,AGCAGTATAACTGATT,R90T,1,1
-1.232,0.03302,TAACAGCTCATGGTTA,D493T,1,2
-1.232,0.006072,TAACCCAGAGTCTCTA,S480Y,1,1
-1.232,0.01055,TTTGTTGGTTACAGAA,A212K F294I,2,2
-1.232,0.007105,TGAAACTATTAGTAAA,I437M,1,1
-1.232,0.004571,GCTACACAGACACTAT,L244W,1,1
-1.232,0.01888,TATATGACCATGTCAA,N122E N190S,2,2
-1.232,0.01316,GCTCAATTCGTTAAAC,T187I,1,1
-1.232,0.08695,CCGTAAAAAATAACCG,Q363V,1,1
-1.232,0.08695,CGTACACGCCCCTAAC,D60T,1,1
-1.232,0.006492,AAGGCAGAAATCGCCA,,0,0
-1.232,0.007138,AATAACGATGGCCCAT,F192W,1,1
-1.233,0.01247,AAGACTAGGATTAAAC,A19T,1,1
-1.233,0.005874,TTAGTTATGTTTACAA,Q210C,1,1
-1.233,0.004857,CTGTTATCATAACTAC,S146Y L367S,2,2
-1.233,0.02953,TACGTTAACAAAAAAA,K140F,1,1
-1.233,0.01081,TCATCACTAACCTCCG,R255Y,1,1
-1.233,0.01432,CAAATAGCATGATCAT,T416F,1,1
-1.233,0.004583,GTAAATACAGATACCA,P324G,1,1
-1.234,0.06363,AACTAAACAGGCTCTA,E457I,1,1
-1.234,0.008755,GACTCAATAACGACAA,T10E,1,1
-1.234,0.02626,ACGATATCGCATCGTC,R150F,1,1
-1.234,0.08944,CCGCCCATATAAAAGC,N165I,1,1
-1.234,0.08944,GCTCGAAGATCTAACA,N290G,1,1
-1.234,0.01947,GCATAATACAAAATAA,K2E,1,1
-1.234,0.02364,ACCTATTGAGAGGCCA,Y161E,1,1
-1.234,0.04087,ATAAAATAACCAATAA,G78S H355Y,2,3
-1.234,0.02649,ATTGAAAAGAACCTTA,S312L,1,1
-1.234,0.1505,ATGTCAACCGTGTTGT,D271V,1,1
-1.234,0.1505,TCCAGTTTATAGCGTC,K276Q,1,1
-1.235,0.01681,GTGTCCGTACTTACAA,I374F,1,1
-1.235,0.008905,ATACATTCATTACGGT,Y105N,1,1
-1.235,0.03039,CACAAGCGTAAAGAAA,S219M,1,1
-1.235,0.004443,CAGTTTGACCCGCGCC,T40E,1,1
-1.235,0.05099,CTATAAAGCAACACTA,Q44E,1,1
-1.235,0.05099,GAGTCACTAACCTTTA,,0,0
-1.235,0.09208,TGACTAGTTTCTCTAA,S369A,1,1
-1.235,0.01023,TAACATAACTTTTTTA,D175M,1,1
-1.236,0.01718,TGTAGCATACACGACT,,0,0
-1.236,0.06633,AAAGTAATAAAAACCA,G5Y,1,1
-1.236,0.05184,ATGATAATAAGTCCAT,V20W,1,1
-1.236,0.02227,GAGGTTCACACTACTC,R141I Q371M,2,2
-1.236,0.02227,TAGGGTAACTAAGCTT,Q211A,1,1
-1.236,0.02766,AATCGGTATCCAACTA,I478F,1,1
-1.236,0.02477,AACCACTCTCATAAAA,P55C,1,1
-1.237,0.01886,GAATGATAGAACAAAA,,0,0
-1.237,0.03649,TCTCTTCAAGTCGCTG,S262F,1,1
-1.237,0.06777,ATTTGACCCTGAAAAA,R456Q,1,1
-1.237,0.01355,GCTTCATCAATAGCGA,,0,0
-1.237,0.04313,TAAATATCAATATAGC,Y161E,1,1
-1.237,0.1581,TGCCCTCCTCACAAGA,R109A,1,1
-1.237,0.1581,TTTAAGTTTCTTAACC,K259L D408N,2,2
-1.237,0.09488,AAGAAATATATAAAAC,P273Y,1,1
-1.237,0.05271,CTAGGACCGAACTTTT,K310N,1,1
-1.237,0.05271,CTTATGATCCACAAAA,N45E,1,1
-1.237,0.01166,TTGAGGCACTCCGCAA,S279Q,1,1
-1.237,0.02816,CTGGACAATCAGAGTC,E280T,1,1
-1.238,0.003417,CAACCTCCAAAGAAAA,S219F,1,1
-1.238,0.05362,AAAAACACCCAGCGGC,N475H,1,1
-1.238,0.05362,GATGAAAAAGCACACT,Q211C,1,1
-1.238,0.05362,TTGATTAACAATCAAT,,0,0
-1.238,0.06927,TGAATACTCGATATAT,N298Y,1,3
-1.238,0.03737,CTTAAGTCAGGTGCCT,I267H,1,1
-1.238,0.02558,TACAAATGCCACGGCG,N31S,1,1
-1.238,0.007717,CACTGTCTTTCATTCT,E443F,1,1
-1.238,0.007263,AACAATACTATCATCG,G240A,1,1
-1.239,0.0132,AATAAAAGCTCATGAC,,0,0
-1.239,0.02326,CCCACGGCATATAGTC,,0,0
-1.239,0.009589,CCAGTGCAAGCAATGC,K121V E403V,2,2
-1.239,0.00832,ACTATCCACCGATAAA,P162Q,1,1
-1.239,0.02601,AAGGCCCACTTCCTAA,V166M,1,1
-1.239,0.07085,AGATAACAATCTTGTT,S110I,1,1
-1.239,0.006997,ACAGGTCATACTCAAG,D188Q,1,1
-1.24,0.03828,AGCTAGTCAAAACAAT,S149Q,1,1
-1.24,0.005865,ACAGAATTGGTTTAGA,K397T,1,1
-1.24,0.05552,ACTGCTAATATGCAGA,,0,0
-1.24,0.05552,ATTGTCGTAACTAAGA,N216M,1,1
-1.24,0.05552,TAAGCAAACCTAGTAA,A372W,1,1
-1.24,0.0143,CTGACGTCTAGACACA,E359Q,1,1
-1.24,0.02645,CGCAATGCGGAAAGTC,,0,0
-1.24,0.01626,CTAACCTGAAAACAAC,A106T A196C,2,2
-1.24,0.101,AATATCTAGCAGCCAA,S480H,1,1
-1.24,0.101,TATCTGTAGTAGAGCA,F448L,1,1
-1.24,0.101,TCCATAAATCTATAAA,K189C,1,1
-1.241,0.02977,AATGTTTTTTAGGGAT,Q197W,1,1
-1.241,0.005219,AGTTAGTCTTAAATTT,S262D,1,1
-1.241,0.01746,TGATACATAGAGGAAC,R229I,1,1
-1.241,0.07249,AAAAAATAAACTAAGA,R361K,1,1
-1.241,0.07249,AACCGGATAAAGAAAT,E414K,1,1
-1.241,0.05653,TGAAAACACTCGTAAA,F192M,1,1
-1.241,0.009613,AAGGGTATATTACGTC,E410Y,1,1
-1.241,0.008643,TGTATTTAAATTAACC,,0,0
-1.241,0.03925,AAATCCTGTGTTAGCC,,0,0
-1.241,0.03404,ACCCAAACGCTAAATA,K315Y,1,1
-1.241,0.03006,ACTTTTTACCTCGAAG,N22E,1,1
-1.241,0.02691,CTTAATATACGTCCCC,S96K,1,1
-1.241,0.008691,TTCAGTTAAATTACGG,P221A,1,1
-1.241,0.006854,GGCTCAAGAATCCCCA,S114R D291L,2,2
-1.242,0.02714,AAACATGCTAATAAAT,Q132A,1,1
-1.242,0.03035,CAGTTCACGGTTAATG,N165W,1,1
-1.242,0.007074,CAACACGAATATAGCT,S114K,1,1
-1.242,0.01919,CATATGCTTAAAGGTA,H488Q,1,1
-1.242,0.05757,CAAAATGCAACCACTA,G504L,1,1
-1.242,0.07422,GATCGGGTAAAAAGAA,S91M,1,1
-1.242,0.007122,GGATATGACCAATACA,N341D,1,1
-1.242,0.0121,TGACGCGATACAAATT,I25V,1,1
-1.242,0.008291,TTTTCTTTGCTAATAA,,0,0
-1.243,0.01422,CCTATTTCGAGATGAA,E172L,1,1
-1.243,0.176,CAAAATAGCCTACTAA,D175I,1,1
-1.243,0.176,TGATATCTACAATCTA,K452W,1,1
-1.243,0.05865,AATATAAAAATAAGTA,,0,0
-1.243,0.05865,GACATCCGTAAGCTGT,E484A,1,1
-1.243,0.009609,CTAATTACAATACTCT,M268C,1,1
-1.243,0.006867,CATCGGGTAATATCCG,A212M,1,1
-1.243,0.01827,TGGCAGCACAGCTTAT,I242H,1,1
-1.243,0.07602,ACTTAACTGAAGACTC,L108M,1,1
-1.243,0.02534,AGCAAATAGACAGAAG,P21T,1,2
-1.243,0.02534,AGCGGAAACAAAAAAA,P169C,1,1
-1.243,0.02534,GTTCTGTGTGCACTCG,,0,0
-1.244,0.01365,CCTGACAATATCAAAC,A11P,1,1
-1.244,0.03559,TCTGACCATTCTATTA,,0,0
-1.244,0.02324,TCAATCCACAGGTATG,N290S,1,1
-1.244,0.007538,AAAAATTTGTTCAATA,N357C,1,1
-1.244,0.008785,CGAGATAACATTCATT,,0,0
-1.244,0.00807,GATTGAATATCCATTA,I202C,1,1
-1.245,0.04925,CAATATCTTCCGACAA,A69F,1,1
-1.245,0.0319,GATTCAATTTAACAAA,Q80D,1,1
-1.245,0.01469,CCCAAATATGACATTA,G379D,1,1
-1.245,0.06094,AAAAAAGAGCCCTTGT,,0,0
-1.245,0.004465,ATTAAGTATAGTTAAA,Q407G,1,1
-1.246,0.02206,GATTTATACTTGAACT,D7E,1,1
-1.246,0.04245,TTCTGTAGTACGATTT,F195N,1,1
-1.246,0.01347,TATATCCTATGAATAA,P162T S219L,2,3
-1.246,0.005266,TCGAATTCTGATGCAA,F258H,1,1
-1.246,0.00485,ATACTCTTGAATTTAC,R222C,1,1
-1.247,0.02944,TACAAGCAGTTAACAT,S96D,1,1
-1.247,0.0373,TACCAATTTACCAATG,D408G,1,1
-1.247,0.1865,CAAACAGTAACATTGT,Q501F,1,1
-1.247,0.07992,CTTACAAGGATCCCAG,G275H,1,1
-1.247,0.07992,TAAACACAAGAAACTG,V213W,1,1
-1.247,0.07992,TTAAAGTATATAGAAA,I267F,1,1
-1.247,0.006756,CCTCGAAATACTTCTT,,0,1
-1.247,0.008655,ATCACATCCTCTATGA,,0,0
-1.247,0.01253,GTTTAGATCCATACTC,F174V,1,1
-1.247,0.02687,AATTATATATTTACCA,,0,0
-1.247,0.007147,CGAAAGTACCTAACAT,S115W Q363W,2,2
-1.247,0.04364,AATATCGAATCTTGAC,,0,0
-1.248,0.0227,TCGATATTACCTAACC,K207P,1,1
-1.248,0.01623,AAGGCCCCCGATACCC,Q57G,1,1
-1.248,0.02114,AACCCGAATAGGTCCC,,0,0
-1.248,0.03821,TACCTACTCGAACAAC,,0,0
-1.248,0.02734,ACATACTGTAAGTTCA,I3W K326W,2,2
-1.248,0.0164,GAAAGCCTACATAAAC,E449L,1,1
-1.248,0.08202,GAGTTTTATGTCGTCC,,0,0
-1.248,0.04425,TGCTTCTGGCCCCAAA,R229S,1,1
-1.249,0.01557,TTAATGATATAACCGG,A93H,1,1
-1.249,0.05257,GGAATATTAAAAAAAA,V237C,1,1
-1.249,0.02758,TTGCCAACAAATACCC,,0,0
-1.249,0.006665,ACGGAACCCAATACTC,Y105R,1,1
-1.249,0.01658,AATTAACACCGAAGGA,K121R D188R,2,2
-1.249,0.116,CTACATGGACCTGAAT,D438Y,1,1
-1.249,0.03868,GGATACTCAAGAGTAG,G49D Q191G,2,2
-1.249,0.02003,ATGGCGGGCCGGACAC,,0,1
-1.249,0.00819,CTTCGCTCTAAATTTC,S96E E414Y,2,2
-1.249,0.01059,AGAATAAACTTCTATT,,0,0
-1.249,0.02158,TATGATGATTAAAATA,V323C,1,1
-1.249,0.01881,CCTTTTGAGCCTAACA,E410K,1,1
-1.249,0.04489,GAAATTATGATTAAGA,,0,0
-1.249,0.03436,ACATAAATGTCGATGG,K468T,1,1
-1.25,0.01306,ACAATCTCAACTGTTT,E443M,1,1
-1.25,0.08423,TCAATCTAAACATAGT,,0,0
-1.25,0.003965,CCCAAGGCACTAAAGA,I34F,1,1
-1.251,0.1983,CATTTTATAGTATGAA,S46F,1,1
-1.251,0.1983,GTAAACGGATGTCGGT,I232F,1,1
-1.251,0.1983,TTAACTAAAAATATAT,,0,0
-1.251,0.006691,TTCGATAAGAATGCGA,E359Q,1,1
-1.251,0.01124,ACAAAAAATTCTTTTT,R255T E325G,2,2
-1.251,0.004054,TATCTTTCCTGGCGGA,F195A,1,1
-1.251,0.02594,ACTGGGCACCCTTTAG,K326R,1,1
-1.251,0.03513,CAATAGCAGTTAAACC,,0,0
-1.251,0.02392,TAATAAGCTTAGGGCC,E344Y,1,1
-1.251,0.0544,AGATTTTAGAAATATG,I3N,1,1
-1.251,0.04622,TTGTAGCTCAGTGCCA,,0,0
-1.251,0.009245,GACTGGCCACCCCGGG,,0,0
-1.251,0.01541,TAACTGATTAAACAAA,K310R,1,1
-1.252,0.1205,AAAATAAATATAACCC,R33K R109S,2,2
-1.252,0.1205,TAATCTCATGCAAAAC,K315R,1,1
-1.252,0.03553,TCTCCTGCCCACATCT,K450G,1,1
-1.252,0.08657,CAAATTGACGTTAATA,P293A,1,2
-1.252,0.01731,GGGCTACAGTCATAGC,K2L,1,1
-1.252,0.02638,CCCTCTTAAAAAAATA,I214R F258V,2,2
-1.252,0.06754,TTAAATACTTAAGAAC,F174A,1,1
-1.252,0.02098,ATCCACAAAATTTTTT,G504H,1,1
-1.252,0.04691,TTCGTCTTTGATCAGA,F174Q,1,1
-1.252,0.01419,CAACAAATAATAGCAT,V204A,1,1
-1.252,0.03594,GAGGTCAAGTAAAGAG,T128G,1,1
-1.253,0.02683,TTATGAACTACTCCAG,,0,0
-1.254,0.06903,AACTAGTTACACCTCA,S47V,1,1
-1.254,0.08904,CAAATCATCGTAGCAT,V166M,1,2
-1.254,0.01272,GACTCCTTCCAGTTAT,A93M,1,1
-1.254,0.03679,CTGTATTAATCAAGCC,N159S,1,1
-1.254,0.04179,AAAACTGAAAAAGAAA,,0,0
-1.254,0.04179,CTCTCTATCCCAATCC,T451L,1,1
-1.254,0.01902,CCAGAACCAAATGACC,R229A,1,1
-1.254,0.04837,AGCATTCTAAGAACCA,E484Y,1,1
-1.255,0.05741,TAGAGAGTCTAACCTC,V20Q,1,3
-1.255,0.02353,AAGCCCGACGCTAACA,E401C,1,1
-1.255,0.2118,GTAACCCTCTCATATT,S54V,1,1
-1.255,0.2118,TTACAATCTACAACTC,G504E,1,1
-1.255,0.0706,AATTAAATTTCAATAT,K121T,1,1
-1.255,0.01299,TTATACCACTTAAAGA,K411D,1,1
-1.255,0.006699,GACTGAAGCATATTCT,E35M,1,1
-1.255,0.005539,AAAGCCCATGGGAAGT,T135H,1,1
-1.255,0.02548,GAACGGGGCATACACC,P21F S219E,2,3
-1.256,0.02779,CAAAACCTCGGACTAC,D348N,1,1
-1.256,0.02779,TGTAATATACACACAA,K368F,1,1
-1.256,0.02779,TTTTATTCATTGCACC,R33C,1,1
-1.256,0.02217,ATCAATTAAAAAGAAT,G404D,1,1
-1.256,0.05848,GACAAAACCGACTAGA,D77W,1,1
-1.256,0.04294,GATCTAAAGAATCCAT,Q454S,1,1
-1.256,0.007764,CACTATGGCGAAACTC,,0,0
-1.256,0.02804,GCCCCGGCATTCCGAA,I418Y,1,1
-1.256,0.02804,TAACATGAGATAAGAA,R255Q,1,1
-1.256,0.01266,TACTATTCATAATTAC,D271T,1,1
-1.257,0.02233,AAACCGGTTGACTCTA,F467V,1,1
-1.257,0.006172,CCTATTGCAACAAGAC,N296Y,1,1
-1.257,0.03814,TAAGAGTAATGTACTT,Q197C,1,1
-1.257,0.03814,TTAAATACCTTACCAA,Q1N,1,1
-1.257,0.003939,TCTTATGATTGGACAC,K368V,1,1
-1.257,0.07223,GCATGTTTGACGATAT,S137Q,1,1
-1.257,0.008027,TTACTACACCATTAGA,,0,0
-1.257,0.01673,TTAGGGTGTATTATAC,,0,0
-1.257,0.1306,AAAACTGAGAACCGAG,S149V,1,2
-1.257,0.1306,TATATAGCTACAGCAG,N382C E410K,2,2
-1.257,0.02612,TATCTGAGAATAATAG,,0,1
-1.257,0.1306,TGAAGACTGTCCAATA,S358A,1,1
-1.257,0.01769,CATATTTTTCAATCGC,L439S,1,1
-1.257,0.01235,GACACTTTAACATAAC,P239Y,1,1
-1.258,0.0596,AAAGTTGCTTCTATGT,S96K,1,1
-1.258,0.008308,AGATTATACAACACAG,,0,0
-1.258,0.01877,TAGATAGGCACAATAT,N489H,1,1
-1.258,0.02634,TACTATAACAACAGAC,N464G,1,1
-1.258,0.007761,ATAACCTGCATGGTAA,K450H,1,1
-1.258,0.09443,CCCATAAAACTCATGT,A365T,1,1
-1.258,0.03148,TATCTAAGATCACCCC,K2C Y302M,2,2
-1.258,0.006828,GCCCCAATAAAACCTA,N165E,1,1
-1.258,0.02139,ATAAGCCTACCATGAA,,0,0
-1.259,0.03909,GTTAACCTAACAGTGA,V323S,1,1
-1.259,0.0109,ATCCAAGAAAAATACC,D7L,1,1
-1.259,0.019,TACATCAACAAGCCCA,D77K,1,1
-1.259,0.07394,ATATCACCTTTGCCAA,Q327K,1,1
-1.259,0.01094,ATTATAAGTAATAGGT,E344G,1,1
-1.259,0.01628,TTCGGAGGGTGTTTAG,,0,0
-1.259,0.06076,TTGACTACAACAATTA,L455M,1,1
-1.259,0.05157,TGCCTGTCATCTAAAT,,0,0
-1.259,0.02484,TGCATGAGCCCCAATC,E403Q,1,1
-1.259,0.01561,GTAATGCTCCTAGAGT,D7L T128L G504Q,3,3
-1.259,0.04479,TCACGTGTTATATACC,,0,0
-1.26,0.03547,TTGTCGTTCCCCATAG,D188A,1,1
-1.26,0.004667,GGTCGCACCAAAAAGA,Q501Y,1,1
-1.26,0.0401,ATCAAACATTAAGCAC,,0,0
-1.26,0.2272,AACCACATACAAAAAA,,0,0
-1.26,0.02964,CTGTTTCCTTGAGCTT,T328F,1,1
-1.26,0.2272,GAAATACACATAGACC,,0,0
-1.26,0.04544,GTAATAATATAATGAT,,0,0
-1.26,0.06197,AGAAGACTCAAACACA,G200C,1,1
-1.26,0.02525,CATCAATATAACAAAA,P239Y,1,1
-1.26,0.06197,GGCGATTTAAAGACCT,I260N,1,1
-1.26,0.05243,TTCTAGCATTCCAAAC,,0,0
-1.261,0.01593,GACATTGATAGATCAA,K140E,1,1
-1.261,0.01758,ACTAAACGTTACCAAA,T40R,1,1
-1.261,0.0196,ACACTCGCTTTCTTAA,D85G N285E E390K,3,3
-1.261,0.02214,GATTAAACACAAACAA,T485Q,1,1
-1.261,0.007243,CCGTCTACTAACATGG,S137R,1,1
-1.261,0.01768,GTACTTAACTCTAGCA,T187H,1,1
-1.261,0.03629,CGTAATTTATATTTCA,A196F,1,1
-1.261,0.04062,ACGTAAAGACCTCGCT,K391W,1,1
-1.261,0.04062,ATCATAAGACATAGAA,,0,0
-1.262,0.02566,TCCGGCTCCGGTACCC,N6E,1,1
-1.262,0.02775,AAAATCAATAAATTGC,E414C,1,1
-1.262,0.06322,AAAAAATAGTAAATGA,V297L S442V,2,2
-1.262,0.01366,AAATCATACGACTCGA,Q57N T128I D375C,3,3
-1.262,0.007657,CTTTTCCCCCTGGTCC,G218S R261A E401K,3,3
-1.262,0.01788,TGAAATATACCTGAAT,R33S,1,1
-1.262,0.03672,TAAAATTAATAGAGCG,Q132Y,1,1
-1.262,0.07762,TATGTTTATACACTGT,A430E,1,1
-1.262,0.008849,GCCGGTTCCCAAGGAG,N22S,1,1
-1.263,0.02122,CAAAGACATGCCAAAA,F195S,1,1
-1.263,0.04681,ATATCAAATTAATTAA,F399S,1,1
-1.263,0.02424,TAAAAGTAAAGTATCA,T235Q,1,1
-1.263,0.1005,AGAGATATTTTGCGAA,S156V,1,1
-1.263,0.0335,ATTACCACCAAAAGAT,R383F,1,1
-1.264,0.0139,CTTAAAGTTATACTCA,L243V,1,1
-1.264,0.0417,TAATAGAAAAAAAATA,E432A,1,1
-1.264,0.06453,AATAGAGCTGTAAGAA,,0,1
-1.264,0.02631,AATGAAAAACAGCACA,,0,1
-1.264,0.01922,ATTCAGATAAAACCAA,R229A,1,1
-1.264,0.01003,TACAATTGAAGATCAC,Q211N A364S,2,2
-1.264,0.02851,AAGACCGTATAAATAC,R208E,1,1
-1.264,0.03761,AAAGTAGCCTCAAACC,,0,1
-1.264,0.01172,ACGGCCGCACATTGTA,P273G,1,1
-1.264,0.03111,CATAAAACCCAAGGTT,K326R,1,1
-1.264,0.02653,ACAGCTGACACTCGCT,,0,0
-1.264,0.02313,TTCGTGTCAATATACG,Q173N,1,1
-1.265,0.004948,CATAATCAAAAATAAA,R456Q,1,1
-1.265,0.0167,AAGATATCCAAATCAC,S96T V213M,2,2
-1.265,0.006261,TGTTTCTAACTTTCAG,K131Q,1,1
-1.265,0.004484,GAAGTGTAACGCGAGC,R141C,1,1
-1.265,0.01852,AACCAAACAAAACCAG,D487Y,1,1
-1.265,0.06589,GTCGAATTAAAACTAA,E432L,1,1
-1.266,0.005225,AACCTCTCTTTCATGT,,0,0
-1.266,0.1039,AAAAGATATTGTGTTG,D271F K503R,2,2
-1.266,0.1039,TAGAACCTATGTAATT,S114R Q191H,2,2
-1.266,0.04285,TGCAAGCCCAGGAGTG,R222N,1,1
-1.266,0.01697,CAATGCCTTTTGACAT,T328G K503S,2,2
-1.266,0.01329,GGGAACTATAAGCGTT,S228T,1,1
-1.266,0.01625,AAAAACAGGGCCCGAG,L439Y,1,1
-1.266,0.03853,AGGGAAACCACCTATG,D375H,1,1
-1.266,0.02932,GAAGTTCCATCTATGG,,0,0
-1.266,0.01983,AACCCAACGGGACTAT,,0,0
-1.267,0.08169,GTTTAACACCTCAATC,I236T,1,1
-1.267,0.009104,ATAACACAAAACCTAT,S198A,1,1
-1.267,0.04345,ATCTAACACTAGAGTC,N497P,1,1
-1.267,0.04345,CTACACTCTTATTTCC,L420I,1,1
-1.267,0.04345,GCATCAAATAATAAAT,I288T,1,1
-1.267,0.007182,TAACAACGGTAACATG,G62Y,1,1
-1.267,0.02747,CACTGAGGAACATTAA,P4Q D408M,2,2
-1.267,0.009896,TTAAGCTACTTCTCCC,G479H,1,1
-1.267,0.03541,ACGGACAGACACCAAA,P169I,1,1
-1.268,0.03241,TAAATCATGCAATAAC,,0,0
-1.268,0.01185,AAATATTTTACCTACT,P4S,1,1
-1.268,0.007863,CAATTCAATGGTTGAC,R261T D348N,2,3
-1.268,0.01469,TATGAAACGGTCTTTC,V166E T328I,2,2
-1.268,0.01599,ATGTACTCCCTCAATA,,0,0
-1.268,0.02149,CCAGAACGGACAACTC,Q197C,1,1
-1.269,0.03017,ACCAGTAAATTCTTCA,R33G Q57F,2,2
-1.269,0.03017,TCGCTGTCTGACAGGT,,0,0
-1.269,0.08388,AAATAGACATCAGTAT,,0,0
-1.269,0.08388,AGCAAATAAAAATAGA,P169H,1,1
-1.269,0.05831,AAAAGTTCTTACTTCC,S46L,1,1
-1.269,0.05831,AAAGCACAATCCTTTC,N63K T206S,2,2
-1.269,0.05831,TTATCTGAAACGCCGC,,0,0
-1.269,0.005623,ATGCATCTAGTTCAGA,I300G,1,1
-1.269,0.0155,TTATTAATATCTGACA,P162V,1,1
-1.269,0.04469,TCCCTCTGACCTTGGT,N165F,1,1
-1.269,0.007386,GCCAAAGCATTCCCAC,P221I,1,1
-1.269,0.01043,TCTTGAATTGAAGAAC,F125W,1,1
-1.27,0.008965,AGTCTAGTACCTAAAA,N290S N497R,2,2
-1.27,0.02628,GGGAAACTTTTGGACC,S91P,1,1
-1.27,0.02459,ATGCAAAAGCTACCAG,N290Q,1,1
-1.27,0.02459,TTAGGCGAGAGCCCGA,A304G,1,1
-1.27,0.02459,TTAGTATGAACAGTAC,P273A,1,1
-1.27,0.01861,TACATTAACACTAAAC,V429I K450M,2,2
-1.27,0.01696,CCTCCAAGAAATCAAC,Q371D,1,1
-1.27,0.01696,GATGCAAGGATTCACA,K207F,1,1
-1.27,0.005081,ATAAACATAGCAATAG,Q295E,1,1
-1.27,0.01872,CCAAAGACAAAGAACA,S358D Q363H,2,2
-1.27,0.01872,CCATACTGAGCCATAA,E83C,1,1
-1.27,0.02075,AAAACACCATGTAGAC,R482T,1,1
-1.271,0.01795,CTGAATACAGATTTAT,,0,0
-1.271,0.01311,ACTTGCGACCATACAA,,0,0
-1.271,0.0221,GGAACCAATCTGTTAC,N290V,1,1
-1.271,0.07035,CTATAACAATTGAATA,,0,0
-1.271,0.0862,CAGCTATACACACAAT,Q164H,1,2
-1.271,0.0862,CTAACAGATTTCGTTT,Q363V,1,1
-1.271,0.0862,GCACCGTACGACAACA,S312V,1,2
-1.271,0.01895,AATCACAGTACGTAAG,,0,0
-1.271,0.1113,CAAGACTGTACCATAA,N357C,1,1
-1.271,0.1113,CAGAGCCAATTCTTCC,S110F,1,1
-1.272,0.01906,AATTAAAAAGTAGCCA,E325V,1,1
-1.272,0.04601,ACCATCATTAACCAAT,I48R S198G,2,2
-1.272,0.029,GACAACTCTATACAAT,Q407D,1,1
-1.272,0.007059,ATATCGTTGTGACGAG,R150M,1,1
-1.272,0.1569,GACCATAAACGGCACG,S422A,1,1
-1.272,0.01606,ACGAGAAACAATTTTT,N53Q D438E,2,2
-1.273,0.01837,CCATTAAATCGTAAAA,K140V K411Y,2,2
-1.273,0.0144,CAAATGAAAACGTACT,T318A,1,1
-1.273,0.0256,CAGAAGACAGTACAAC,,0,0
-1.273,0.008533,TCCTACAATAGACCTG,E414H,1,1
-1.274,0.03799,ATGATGACAGTACATC,S265F,1,1
-1.274,0.02955,TGATTTTTACACAAGT,T301Q,1,1
-1.274,0.08865,ACAACTAAAACACGCA,,0,0
-1.274,0.01453,TAGTCAAATCCAATAT,I267S,1,1
-1.274,0.03202,GAGTCAACTTCCATAA,T155V,1,1
-1.274,0.01406,AGAAAAACGCCCAGGG,,0,0
-1.274,0.01518,AACCCTCGCATATATT,L118S,1,1
-1.274,0.007812,AATGTGCGTCCATGAT,A430Y,1,1
-1.275,0.004059,ACCAGCCTTTACAAGC,S358K,1,1
-1.275,0.1154,AAACGCTATGTCTTGA,S146F,1,2
-1.275,0.1154,CTATACAATACTGTAA,P169I,1,1
-1.275,0.1154,TTTACACTAACGTTGA,S312H,1,1
-1.275,0.0111,TATACGGTGTAAGAGC,P169Y,1,1
-1.275,0.008529,GATAGCAACCTTAGGT,D271H,1,1
-1.275,0.02192,GGAAAATCAGCACAAC,N53K K326M,2,2
-1.275,0.05411,TATATGCACCGAAAAG,I48L N165Y,2,2
-1.276,0.01814,AGACACGGCTTGGGAG,R222I Q501S,2,2
-1.276,0.004896,TACAAAATCACTCCTG,S231Y,1,1
-1.276,0.06303,AAAGACGACCAAACAA,,0,0
-1.276,0.007971,ACTAAGCCCGCACAAA,N296V,1,1
-1.276,0.09124,GTTGAATGACTTCTAA,N133S,1,1
-1.276,0.009909,TCGGGTAAAAATAATA,D348N,1,1
-1.277,0.03304,GATAATTCCGATAAGA,F448V,1,1
-1.277,0.03304,GCCGTAAAATCAAATG,Q371A,1,1
-1.277,0.1652,GTACAAAGTAAAAGAC,N483H,1,1
-1.277,0.05507,TATGGTAGGCGCGAGC,,0,0
-1.277,0.01452,AGAACAATAAAACTCA,K207T,1,1
-1.277,0.01693,ACAGAGTTAATACTTC,K276I,1,2
-1.277,0.01078,CTTTAACGAAACCAAC,,0,0
-1.277,0.03616,AATAAATCAACCGTAC,G379Q,1,1
-1.277,0.02869,CAATCTAACTCTAACT,,0,0
-1.278,0.02692,TAAGAAATAAGCACCA,K292L,1,1
-1.278,0.004375,AAACCCGTTTCTCGTT,R109N,1,1
-1.278,0.01086,AAAATAGTATCCAAGT,P227Y,1,1
-1.278,0.1198,AAGTATCGCTAGAGAA,T440F,1,1
-1.279,0.02057,ACCCTCGACTGCACAC,Q164S,1,1
-1.279,0.02556,AAGTCAATCACGATTC,L177M,1,1
-1.279,0.03376,TTCGAAAATATCCAAG,T24N A272Q R321* F392L,4,4
-1.279,0.01656,ACCTGTTGCTAATCAA,Q80G,1,1
-1.279,0.0188,CAGACCCCTAACCAAT,,0,0
-1.279,0.01129,TAACATCACGATCTCA,,0,0
-1.279,0.01603,ACAAATGAGGGAGTGA,T167A,1,2
-1.28,0.07733,CAGTATAACCTAAAAG,R208N S270A G275R,3,3
-1.28,0.02189,TATAATACGTCCAGAG,V413M,1,1
-1.28,0.06568,ATCTCCAACTGGTTAC,,0,0
-1.28,0.008134,TTATCAAACATGTCTT,S265Q,1,1
-1.28,0.02599,AGAATGCGAAATTAGG,,0,0
-1.281,0.008356,GGCATCTTATATCACA,K278C,1,1
-1.281,0.04099,CTATCCTATTCCGAAA,,0,0
-1.281,0.01834,CGATTTAAATTGAGGG,,0,0
-1.281,0.01181,AATTATTATGAGAATG,S144A N341Q,2,2
-1.281,0.01181,AGAACTAATTACATCC,G240F D493V,2,2
-1.281,0.006238,CTAAGCACTCTAAGCG,K503F,1,1
-1.282,0.04591,CCTTACAAACTTGATT,E460A,1,1
-1.282,0.1744,AAAACTAATATTGCAT,K131M,1,1
-1.282,0.01586,AAAATCATAACCGATC,S146T,1,1
-1.282,0.03489,AAATCCCCAATCAGAA,R361L,1,1
-1.282,0.07929,AATTGTTAATCATCAG,V323Y,1,1
-1.282,0.07929,ACCATAACTTATTCTA,,0,0
-1.282,0.05815,GACCTTACCTACTACT,S219W,1,1
-1.282,0.09691,GCACCACTTGATATAT,S219L,1,1
-1.282,0.06709,GTAGCAAGATACCCTC,A11P,1,1
-1.282,0.05815,GTCTCCGTTTAAGCAG,Q1R,1,1
-1.282,0.05815,TCTGATTTAATACAAA,T451H,1,1
-1.283,0.03839,CTGAATCTTTCCCAAG,A476M,1,1
-1.283,0.01553,ATCTTAAACAGCAAGC,R229L,1,1
-1.284,0.05216,TTTTAACCGCTCGAAT,,0,0
-1.284,0.05925,CATGTCTTTCCTTCTG,D104G,1,1
-1.284,0.06857,TTGGAATATAAATTTA,E403C,1,1
-1.284,0.01514,TAACTATTTAAATCTC,R33S,1,1
-1.284,0.003298,ACAGACTAATAATTTG,H488Q,1,1
-1.285,0.08136,CAAAGTTTGATGAATA,,0,0
-1.285,0.08136,TCAATTACTCTACGGC,,0,0
-1.285,0.02303,ACTCAAGAATCTAAAC,V20M S205M,2,2
-1.285,0.03097,TCTACCCTACAGCAAC,L177M,1,1
-1.285,0.0473,TCCCATACTGTGACGT,D225H,1,1
-1.285,0.006974,AGTTCAACGATGGAAT,,0,0
-1.285,0.01636,AAGTATCGCCTACAGT,P324V,1,1
-1.285,0.05305,TTATAATTAATATATA,Q132A,1,1
-1.286,0.01176,ATATTTGAAAACACAC,V43I,1,1
-1.286,0.01709,ATGCTTCAAACACCAA,N133A,1,1
-1.286,0.004294,CCATGGCTCTAGAATA,R222M,1,1
-1.286,0.0604,GTTAAACATCGCAGTA,,0,0
-1.286,0.01537,AATGCATTATAGAACC,,0,0
-1.286,0.04326,ATGTACCACCCTCAAC,G263L,1,1
-1.286,0.1298,ATTCATACGATAAAGA,P324R,1,1
-1.286,0.02596,ACTTGAACGGCTTTAC,K450W,1,1
-1.286,0.01491,GACATTTACTTTAATA,H488D,1,1
-1.286,0.07011,AAAAATTTTCTCAAGG,S96Q,1,1
-1.286,0.07011,CACTGCTTAAAACAAA,L316M,1,1
-1.287,0.04803,CTTTGAATAAGCTTTA,,0,0
-1.287,0.01218,CCAAGAGGCACCCCAT,T30C,1,1
-1.287,0.02469,ATGCAGAAGCATATAT,S115F,1,1
-1.287,0.03986,ATATTGTTAAGGCCGA,D225I,1,1
-1.287,0.03986,TCGGCGGCCATATATA,P221Y,1,1
-1.287,0.02785,ATCAGTCACTTGCAAA,Q191W,1,1
-1.287,0.03407,ACCCACACCAACAATA,D375F,1,1
-1.287,0.03407,CCCATATCCCTCCCAT,,0,0
-1.288,0.1848,CAAACATACTAGTAAA,S198C,1,1
-1.288,0.1848,CACCTAGAACAGATTA,,0,1
-1.288,0.1848,GTAACTATGCAGGAAA,V490Y,1,1
-1.288,0.1848,GTGGCCCAAAAGACAC,Q210I,1,1
-1.288,0.06159,AACCTTGACCTATGAC,E414C,1,1
-1.288,0.04878,ATAGTTCTTATTCCAT,D408C,1,1
-1.288,0.04878,TTAAACACACATACCG,,0,0
-1.288,0.01306,GATGACTGGAGACATG,N122V D375I,2,2
-1.288,0.02509,AGGCGCTAAGACTGAT,G78S,1,2
-1.288,0.04038,CATCAAGACTCGAATA,E484M,1,1
-1.288,0.04038,CTTAGGTTGGGCTCAG,T301S I437V,2,2
-1.288,0.01689,AAAATATCATTCTAAC,K453M,1,1
-1.289,0.1033,CGTTTTATTAAAGAAA,,0,0
-1.289,0.1033,GTAAACTATTAGGTAT,,0,1
-1.289,0.03445,TCATGTATATCCGCTA,,0,0
-1.289,0.009395,TTTAAGTAAACCAATC,F174D,1,1
-1.289,0.005035,ACAATGTCTAAGTTAC,S279R,1,1
-1.289,0.007727,CCAAACTATAGATACA,R229A,1,2
-1.289,0.03225,AGGATTTCATTACACT,S107N,1,1
-1.289,0.006292,AATGACTAAAAATACT,N475G,1,2
-1.29,0.01707,ATTACGGATTTCAATA,V347M G352W,2,2
-1.29,0.009307,TACAACTCCATCAAGA,V490C,1,1
-1.29,0.04955,ACTAAGACCTACTTTT,E432D,1,1
-1.29,0.06283,AGTTTCAATATACCGA,N216M R482G,2,2
-1.29,0.06283,TCTATTACTAAAGGAA,P324E,1,1
-1.29,0.00505,TAAAGTAAACCCCCCT,,0,0
-1.29,0.08584,AATACTTTTATGTACA,D493G,1,1
-1.29,0.03785,TCCCATAAAAATGTCT,D175N,1,1
-1.291,0.04514,AATTGAACACGTCATC,S149L,1,1
-1.291,0.03062,GAATTCACCAATCTCA,A430V,1,1
-1.291,0.00684,AGCGCCCACTGACCCC,V223F,1,1
-1.291,0.03522,GCCTCGTTCAACAAGG,K264G,1,1
-1.291,0.005701,AAATGTCACTAAATTC,R224F,1,1
-1.291,0.01148,ATAGTTAAAATAAGAA,E410C,1,1
-1.291,0.01798,TCTTTAAATTGATATT,,0,1
-1.291,0.02888,TCAGGCAGAAGCTTAC,N22K E344N,2,2
-1.291,0.007627,AGTATCCATCCGATAG,Y161L,1,1
-1.291,0.04145,TTGAAAAAACTTTTAG,G129Y,1,1
-1.291,0.007281,AGAATCCTTGATAGCA,S209R,1,1
-1.291,0.02447,AAAACTTATATGTCCA,Q501D,1,1
-1.291,0.07341,GCCATTCCATAGTACT,S149I,1,1
-1.291,0.07341,TGCAAAAATCCTTAAC,,0,0
-1.291,0.002537,CGATTTCATGACTCGT,A212K,1,1
-1.292,0.007194,TTATCATAGTTAACCC,,0,0
-1.292,0.01808,CGCAGTCACCCGTTGC,R482S,1,1
-1.292,0.03093,CAAAAAAAAATAAACA,,0,0
-1.292,0.02232,ATTAGGATTGACACGA,R220S,1,1
-1.292,0.1069,ACACATACATATACAC,A430Y,1,1
-1.292,0.0458,GACTACAATGAGACTA,F174G,1,1
-1.292,0.06413,TAAATCATAAAAACCT,,0,0
-1.292,0.06413,TGTAACACAAAATAAA,D415N,1,1
-1.292,0.01582,TTAATCCAACAACAAT,R109I,1,1
-1.293,0.02248,CCATTTAAGAAATGGA,K140D,1,1
-1.293,0.05693,TTAACATATTTAATGT,,0,0
-1.293,0.003448,TATCCATCATAATACC,S110E K264T,2,2
-1.293,0.02486,AAAATTTTAGGGATGT,,0,0
-1.293,0.02942,AGAGATATATTACTAT,I260H R456M,2,2
-1.293,0.01706,AGTACTCACATGAACC,G379C,1,1
-1.293,0.02781,ATACACATAGCGATCT,N122R G504M,2,2
-1.293,0.00792,TGAATTTAGTATCTCA,E35P D188H,2,2
-1.294,0.03365,GAAAAGAATACATTTG,S247T,1,1
-1.294,0.07518,ATGAGACACGTGAATA,N38C,1,1
-1.294,0.07518,TTATAACAAATACAAA,,0,0
-1.294,0.01997,CGAGCCTAACTAATAT,E432Q,1,1
-1.294,0.006759,CGTTGAAATGAATTAA,N497T,1,1
-1.294,0.01607,CCTGTCGCAACCAGAA,N250H,1,1
-1.294,0.02281,GTTGAGTATACGACAA,R150V,1,1
-1.294,0.06547,GAATACACCACAAATG,G256R,1,1
-1.294,0.006685,TAATAAACAATCCGTT,Q356R,1,1
-1.295,0.02092,GTTCCTAATCCAGGTG,S137A,1,1
-1.295,0.00813,TTAGCTACAATATCTC,L118T,1,1
-1.295,0.03646,CCCAAATAGATATACA,,0,0
-1.295,0.05203,CAACCATGTATTGCCA,V490H,1,1
-1.295,0.007917,GATTACAATGTTTAAA,K292Y,1,1
-1.295,0.1416,AAGTGAAGTGTAACCT,V490D,1,1
-1.295,0.1416,CAACTCAAACTAATAA,I242G,1,1
-1.295,0.02023,GATGAAATAACACATT,K238D,1,1
-1.295,0.1416,GTGGGTCCATATTAAA,G263R V490L,2,2
-1.295,0.003982,CGCCTTAATTTGGCCA,M168W,1,1
-1.295,0.01044,ATGCACATTACAATCT,F192Q,1,1
-1.296,0.01399,AACCCAACTATTCCAG,S107I S137R,2,2
-1.296,0.01632,GTATCACTAATATACT,S312E,1,1
-1.296,0.1107,CCACCGATACTCAAAG,N165C,1,1
-1.296,0.1107,GATAGAAACCACAAAC,,0,1
-1.296,0.0322,ACATTTCACAGGCCGC,S95R,1,1
-1.296,0.01695,AAGCATAATAGTCTCC,,0,0
-1.297,0.07704,ACCCAATAACCAGCCA,I217C,1,1
-1.297,0.01453,TTGCAGCATAGAATGA,N81L,1,1
-1.297,0.006093,TTTAAGTCGTCACAAT,N290P,1,1
-1.297,0.05292,CCATAGATACTAACTG,R222M,1,1
-1.297,0.01597,GAAATGAACTTGTCTA,Q44N,1,1
-1.297,0.01548,AAACGCAATCAAATTC,,0,0
-1.297,0.01503,AGTTGTTCAGTAGCGA,S145M,1,1
-1.297,0.04378,TCCTCCCCACTTAACA,G78I,1,1
-1.297,0.03733,CAAGATTTTTTAAACC,,0,1
-1.297,0.02884,AAAATATTCAAACATA,T416L,1,1
-1.297,0.02884,AATTGAAACGAAAATA,,0,0
-1.298,0.01714,GCAGGTTCCTTCACAA,E359Y,1,1
-1.298,0.01556,CACGCGCATTTTTACG,G263E,1,1
-1.298,0.01349,CTATGGACCTACACAA,V204L,1,1
-1.298,0.007503,GACCGGACTTCCAAAT,D77Y,1,1
-1.298,0.01026,ACGGAGCGACCTAGAC,Q211R,1,1
-1.298,0.01168,AGTAATTCACCTACAG,N81I,1,1
-1.298,0.02165,ATGCCTGATAACCATT,S110D P227S,2,2
-1.299,0.04083,GAAAGCCACTCAACAA,H488Q,1,1
-1.299,0.05383,GACGAAGAAGAAAAGC,N8D,1,1
-1.299,0.011,TACATAAACCCATATC,,0,0
-1.299,0.00536,ATCTACTCCTGGCCTA,H56N E325M,2,2
-1.299,0.06022,AATTGATCAGAAACTT,N159M V166L,2,2
-1.299,0.06022,ATTTTTAACCATATAT,E484Q,1,1
-1.299,0.006005,CCCACGCCCCTTACTA,Q211S,1,1
-1.299,0.07899,AATAGTTATTTTAACG,D408N,1,1
-1.3,0.007972,AGAGCCACCGTATACT,N122I,1,1
-1.3,0.02938,CAACAAACTTAGCAAG,G142E,1,1
-1.3,0.007409,AATTTTTTCTCAAAAT,H184I,1,1
-1.3,0.004463,CTGTACGATCCGGTGT,I29P,1,1
-1.3,0.0154,CTTACTGGAATTCACT,K292A,1,1
-1.3,0.004257,CTTTCGACAACCGACC,V323W,1,1
-1.3,0.04137,AAAAATTTAAAATAGG,R222Y,1,1
-1.3,0.02523,ATCCAAAAGGTAGAGT,K468S,1,1
-1.3,0.01163,GCCCGAATTAAGTGGC,,0,0
-1.3,0.04504,ACAGGAATTATCATGT,,0,0
-1.301,0.005494,GGTCAAAATGCATCAC,E359F,1,1
-1.301,0.04944,TCCATAAATCATATAT,K397I,1,1
-1.301,0.006795,TATCACTCCGCTCCTT,D348Y,1,1
-1.301,0.01762,CAAGACGTTTTTCGTG,S96H,1,1
-1.301,0.03359,GTTGAGAATGCATAAA,N133M S198E,2,3
-1.301,0.02678,CAATATTTCAAAAAGC,D101H,1,1
-1.301,0.02678,TCACAAATAAATGCTA,M268T,1,1
-1.301,0.02133,AATAATACTACACTAT,E119K,1,1
-1.301,0.03872,TTCATATATGCCTAAG,P273L G379A,2,2
-1.302,0.06987,CAACATCGAACCGACT,E119R,1,1
-1.302,0.04192,CGTAATGAACAAGTCT,S312M,1,1
-1.302,0.06987,GCTCCGCCTACGTCTG,S96W,1,1
-1.302,0.02441,ATTTCGGACAATCTCG,R109H,1,1
-1.302,0.01061,TCGATCGTGCCGACTA,Q211K,1,1
-1.302,0.01238,GTGCCGAAGAGAGGTG,,0,1
-1.302,0.02148,CTACAAGCGCTTACGA,K411T,1,1
-1.302,0.007368,AGACGAGCAAACGTAG,S9F N165F,2,2
-1.302,0.08104,CATAATATTCATCAAG,A163D F392S,2,2
-1.302,0.08104,CCAACTAACCAACACT,,0,0
-1.302,0.08104,GACGCTGGTTACATTC,Q376R,1,1
-1.303,0.05023,GATGATCCTGGATTAG,P55C,1,1
-1.303,0.007704,GATATGAGAGCATATA,N8V,1,1
-1.303,0.0364,ACTATTAATCAACCAC,K131E,1,1
-1.303,0.01213,GATAGATTACGAACAG,S422E,1,1
-1.303,0.02347,CCCTAAACAACGCAAG,S156C,1,1
-1.303,0.02347,CCCTAGCATGAACCCT,G62F,1,1
-1.303,0.002294,TTTCAGCATGAAGGTG,K292P,1,1
-1.303,0.01793,ACTCAAGCGTATGGTA,Q1V N290W,2,2
-1.303,0.02725,AAATTTAATACAATAG,N31A E35D,2,2
-1.304,0.03433,AGAAAGCCAAAACTCG,,0,0
-1.304,0.009422,AGACGATGACCTGTGC,Q407G,1,1
-1.304,0.06264,CCACGAGATGGTTTAC,A317T,1,1
-1.304,0.007664,AACTATCGATCCACAG,E457Q,1,1
-1.304,0.0288,TCCCATTCCATTTGTG,N158S,1,1
-1.304,0.02178,TGAGCGGAACAATAAT,Y105H,1,1
-1.304,0.03053,ATAAATTATGTAACAA,V413T L447M,2,2
-1.304,0.01103,GATTCGGAAACACAAA,S145Y Q501K,2,2
-1.304,0.02749,AAGAAACCGTAAAAGC,G142R,1,1
-1.304,0.1191,CAAAAGGTCCCCAAAT,R90H,1,1
-1.305,0.007721,AGACAAGGTAAAGCTC,K450Q,1,1
-1.305,0.01359,TCATTAATGCTCACAG,T40Q,1,1
-1.305,0.01208,TGTAACCCTATCTCAG,S156R,1,1
-1.305,0.025,ACCTCTGTATCAGCAT,,0,0
-1.305,0.04308,GTCTACCCATGAGTTA,F353E,1,2
-1.305,0.05677,CCTTCTTGTCGATGGT,D85F,1,1
-1.305,0.02117,ATGAATTCATAGTGCG,K503D,1,1
-1.306,0.02774,CCAAGAGTTCCACTCA,S137T,1,1
-1.306,0.08321,TAAAAATAAGAACTTC,H355M,1,1
-1.306,0.04708,AGTCGCAGGAACCAAT,R109K,1,1
-1.306,0.0252,GATAAAATTCCTGGGG,A69H,1,1
-1.306,0.04022,GACGAATATCACTCTG,,0,1
-1.306,0.06393,AAAACAGAAACTTAAG,,0,0
-1.306,0.06393,CGTAGACATTACCCAA,N63F,1,1
-1.306,0.01123,AAATGGTATCTTAAAA,N8P,1,1
-1.306,0.01846,GATGAAACAATTCGTA,M268C,1,1
-1.306,0.1557,ATTAATCATGATATTC,S279H,1,1
-1.306,0.1557,CAAAAATACATACTGT,K411C,1,1
-1.307,0.04369,AAACAATGATTCATAT,E426L,1,1
-1.307,0.03772,CAAAATAACAAATTAA,I395N,1,1
-1.307,0.03772,TATGCTGGACATTTAT,K503W,1,1
-1.307,0.09954,CATCAGGTGCAGAGCA,A163S E280C,2,2
-1.307,0.09954,CGGAAAAACACTTCAT,K189I Q327L,2,2
-1.307,0.01352,CACATATTCCTAAAAA,P4C G379V,2,2
-1.307,0.0174,TTCGTTAGAAGTACAG,S422N,1,1
-1.308,0.04781,CATAGCACAAGTCACA,,0,0
-1.308,0.01594,GGGTGGATGCAGATCT,,0,0
-1.308,0.007487,GCAGATACAACACTGA,Q295E,1,1
-1.308,0.02562,CAAGTAAAAATAATAC,,0,0
-1.308,0.02004,TCACAGAAAAAATGTT,G479H,1,1
-1.308,0.0175,TTATACCCTCTAAGTA,N159H,1,1
-1.308,0.005606,CCTTTTCTTTTACAAA,N22S S265T,2,2
-1.308,0.0299,GTGAATTTATTTGATC,N8C,1,1
-1.309,0.06527,CAATTGTAGTCATCTG,I214N,1,1
-1.309,0.06527,CGAAACTAAATGTGAC,V413R,1,1
-1.309,0.06527,CTATTAAGCTGGTTCA,D77E,1,1
-1.309,0.06527,TCGGATGACAAAACAA,S137N,1,1
-1.309,0.006138,TCATAACTTTGGCAGA,D225F,1,1
-1.309,0.08549,ACCTTACAGATAAAAA,V323T,1,1
-1.309,0.08549,CTAGATCACTTTCTGA,,0,1
-1.309,0.002436,GCGGACCATTAGAAAA,D77Y,1,1
-1.309,0.1239,TAGGGATCGTCTATTT,G62E P185K,2,3
-1.309,0.04129,CACTCATTGATTAATT,K207R V213L,2,2
-1.309,0.01891,GATTAATGCCCATAAT,S47W,1,1
-1.309,0.005097,CAACTTACAGAAACTG,K131G,1,1
-1.31,0.003016,ACGCTCATCTTGTCAC,R222N,1,1
-1.31,0.0238,CCTAAAAAATAAGTTA,K189G,1,1
-1.31,0.0339,TCCAAATATGTTAAGA,M462L,1,1
-1.31,0.05892,AGAAGCCTTAACCAAA,R224Y,1,1
-1.31,0.01455,CCCTATGTCCTAACAG,K468Y,1,1
-1.31,0.03865,TACATTAGAAATAGTC,L243M,1,1
-1.31,0.2247,AAATTTTCAAATTAAG,S114R A163T,2,2
-1.31,0.04495,CGGGTTGACCTTAATC,,0,0
-1.31,0.008583,GAACCATTCTCGCACA,E172K,1,1
-1.31,0.02746,CGATTTTCTAACATGG,Q197F,1,1
-1.311,0.05369,TCAACTACACCATTCG,H184Y,1,1
-1.311,0.02626,GTAATAGTAAGATTAG,,0,0
-1.311,0.01165,AAAGAAACCACAGCAG,G263C K387N,2,2
-1.311,0.1028,TTGTTGCGACCAGAGA,N6G,1,1
-1.311,0.003486,CTACGTAGTGAACTGT,Y105D,1,1
-1.311,0.06666,AAAACTAGAGTACGGT,A106Y,1,2
-1.312,0.01221,TTGCAGTCAACTTTGT,R255F,1,2
-1.312,0.03244,TGTTAACTCAAATTTA,,0,0
-1.312,0.02417,GTATATACATCACAAA,N285F T301A,2,2
-1.312,0.005441,GCCCCACGGCAAAAGG,K189R E414Q,2,2
-1.312,0.01441,CTATTTCTAGACCCAC,L66V,1,1
-1.312,0.03079,CGATGTTAATAAAACT,E172M,1,1
-1.313,0.04241,GAAACTGGGCTCGGAT,E401W,1,1
-1.313,0.02795,GGATTCTTAACCATTA,R208D,1,1
-1.313,0.1639,CTCTATGAACGTTAGC,E449H,1,1
-1.313,0.05463,GTTTAAACACAGTCGT,P227L,1,1
-1.313,0.07676,CAGCTGACAATGGTCA,S114E Q501R,2,2
-1.313,0.02173,AGTATTGAAATTAGAG,I267T,1,1
-1.313,0.02173,CTTAAACAATTTCAAA,V213W,1,1
-1.314,0.0372,AGTGGCATACTTCAGA,,0,0
-1.314,0.02455,TTAGCGTAAGGCAATG,,0,0
-1.314,0.02098,GAGTAACAATTTCAAA,E83H,1,1
-1.314,0.0282,TCAAAACCAACTTCAA,P284G,1,1
-1.314,0.04628,GTGCCAGAATAAAACG,V402L,1,1
-1.314,0.003925,AACTTTCATCTCATCT,T440L,1,1
-1.314,0.0122,GAAACATGCCCTTCTC,,0,0
-1.314,0.129,AAATTAAAAAAATTAC,N170K Y302T,2,2
-1.314,0.129,ATATATACCTTCAATA,D7W S146P T301I,3,3
-1.315,0.01975,TTCGCCATACCAAACA,,0,0
-1.315,0.05561,CGGCCAACAGGATAAA,L108V,1,1
-1.315,0.05561,GTGCTAAAGCTTTACA,S146A,1,1
-1.315,0.1063,ACGAATAGAACCGCTC,,0,0
-1.316,0.03349,CGTTTACAAGGTCAAG,K387R H393N L496M,3,3
-1.316,0.03349,GTTGCACGTTGAGTAA,K468A,1,1
-1.316,0.03173,ATCCATACTATGACTG,F448M,1,1
-1.316,0.04698,CTTTCGAGAGCCCATC,K315L,1,1
-1.316,0.03015,AATGAGAACATTTATA,I418G,1,1
-1.316,0.01809,CAAAATTAGCCATACA,G240M,1,1
-1.316,0.0436,GAAAAGCATAAAGGAT,,0,0
-1.316,0.006043,GTTCTATATACCACCC,K278W,1,1
-1.316,0.04067,ACAATAATGAAAAGAT,I242G,1,1
-1.316,0.04067,CCCTAAACCATGTAAC,F174L,1,1
-1.317,0.02623,AGAATGTGCAAGACAT,G404F,1,2
-1.317,0.01534,TATCCCATGCTGCGGA,I217M I288M,2,2
-1.317,0.001004,CACATCAATACTATCG,T167E,1,1
-1.317,0.009336,CTCAGGATAAGAAAAA,D474P,1,1
-1.317,0.03206,CTCCATCCACTGCACT,,0,0
-1.317,0.01176,ACAACATATCATCTAC,N489D,1,1
-1.318,0.05662,ACACTCAATCTAAGCT,S199D,1,1
-1.318,0.05662,ACGCAAAACCCCAACG,E35Q,1,1
-1.318,0.05662,GTGTCCACCTCAGAGG,T318Q,1,1
-1.318,0.01887,TCAACCCATCGCCCAG,P169F,1,1
-1.318,0.005865,CATATCCCTTGTGATT,I469V,1,1
-1.318,0.05178,CTTTAATGACTCCATT,A372T,1,1
-1.318,0.02535,TTAAAGAGAAATCACC,,0,0
-1.318,0.0477,TTTAACTGTGGGAAGT,S107W,1,1
-1.318,0.04422,ATGCCGGACAGTCATA,,0,0
-1.318,0.04422,TACGTAAGATTATTAC,A113G,1,1
-1.319,0.01642,CCTAGACTTAACGTTA,R224G,1,1
-1.319,0.03075,AAGTTAAAAACACGAT,R90K,1,1
-1.319,0.01412,CACACAAGATTAGATA,I202S,1,1
-1.319,0.02791,TTAATGGACTAAGTAC,G129F,1,1
-1.319,0.02556,CGTATTTAACAAGTAG,N165I,1,1
-1.319,0.01149,ACTACTTACGACCTGT,,0,0
-1.32,0.007067,TCCGTCCAGGAACCAC,Q197Y,1,1
-1.32,0.1346,AAAAGACAGTACATCC,G5R,1,1
-1.32,0.1346,ACATCTAGAATCAATA,L244T,1,1
-1.32,0.02375,GACGCTCGGAAACAGA,G200C,1,1
-1.32,0.1101,AAACATTTAGACCCAA,N489Q,1,1
-1.32,0.04176,AAATAGAACTCGAACG,L157A E410K,2,2
-1.32,0.08073,AAGCAACAAAGCATAG,P169F,1,1
-1.32,0.173,ACGCTTCTACTTTCAA,Q57V N475H,2,2
-1.32,0.1101,AGTAACACATCTCCAT,S279M,1,1
-1.32,0.01533,GAGTTATCCGTTTAAG,D493I,1,1
-1.32,0.01533,GTACGAAAAAAAATTA,K238D,1,1
-1.32,0.07124,TGACTGGAACCAAACG,I25L L244D,2,2
-1.32,0.09315,TTGAGGTTGCACCAAA,,0,0
-1.32,0.02285,TTTATCCGAACACTAA,K189F,1,2
-1.321,0.02598,AATAAATAATACGTAG,,0,0
-1.321,0.02715,ATCTAAGCCTTAATAA,K259W,1,1
-1.321,0.02842,GGCCATATAGTAAGTC,,0,0
-1.321,0.0151,TCTATACTAACACGTC,T167C,1,1
-1.321,0.004066,GAGAATCCATATCTAT,N483T,1,1
-1.322,0.00708,ACACAATTTAGGCAAA,R405F,1,1
-1.322,0.004697,CATAAAAAGTGACTGC,S231I,1,1
-1.322,0.03956,TATACATTTTATAGAC,G504V,1,1
-1.322,0.01348,ACTATTATATAGTGGA,R383K E390K R405Q,3,3
-1.322,0.02154,ATCACAGGAAGTGATA,Q363V,1,1
-1.322,0.02511,CACCCTCTTCAATCAT,,0,0
-1.322,0.02738,CCTTTGCTATTTGCCA,R307K K468W,2,2
-1.322,0.0184,CGAATGCTATATCCAC,K397V,1,1
-1.323,0.05875,GAAAGGATGTAAAACT,,0,0
-1.323,0.06507,AGTCATAATGGTACCC,S149Y,1,1
-1.323,0.03343,TCGAAAGGCATACAAA,V102C,1,1
-1.323,0.01135,ACACCAAGTCTGGTCA,,0,0
-1.323,0.009904,CAAAATTGGGATCTGA,D7K R220S G479D,3,3
-1.323,0.0729,AAACGAAATTCACATT,E280M,1,1
-1.323,0.002031,ACATTACCCTTCACTA,N475A,1,1
-1.323,0.03758,CGAACCCCTCCCCGAA,H184L,1,1
-1.323,0.01572,TTTCATGTTCTTACAT,D493I,1,1
-1.323,0.0009768,AGTGATCAGATGGAAA,E432L,1,1
-1.323,0.04007,AACAAAACTGAAACTT,N165T,1,1
-1.323,0.04007,CAAATGCCAAAAGTTA,S422D,1,1
-1.324,0.08288,CCTATGCACGCTTCCG,V237I,1,1
-1.324,0.01704,ACTCAATGCCTTAGGA,L154V,1,1
-1.324,0.02895,ATGAACGCGAAAACTG,K171R,1,1
-1.324,0.01465,AAAAATCAGGCCAGAG,Q376C,1,1
-1.324,0.01144,ATAAAACTAAAATAAC,,0,0
-1.324,0.01862,GGATAATTTGAAAGAT,,0,0
-1.324,0.01189,TAAAGATCAGGACTAT,A459G,1,1
-1.324,0.03201,ATCATTGGTTCTAACT,D7R,1,1
-1.324,0.09602,TTAAACATCCAAACCA,L157G,1,1
-1.324,0.04999,AATTTAGGTTATACTA,T30N S46Y,2,2
-1.325,0.009152,AGTTCGTTACGGTAGT,D104T N498A,2,2
-1.325,0.00701,GAAGAATGCACTAAGA,G61A,1,1
-1.325,0.00321,GGATACGATAATCCAA,L316Y,1,1
-1.325,0.0141,TGAAAATATAAACCAA,T12V,1,1
-1.325,0.05988,AAATTACGTCGGGCAG,K259C,1,1
-1.325,0.05988,AACTCTATGACATAGC,V204A,1,1
-1.325,0.05988,AAGTGTTGGACTATGC,G78K,1,1
-1.325,0.05988,ACGCTGAGAATTTTCC,N45Q M268H,2,2
-1.325,0.04059,CTATAGTGGAGCAAAG,K259W,1,1
-1.325,0.0307,AAGTGACCCTAACTCA,W234A,1,1
-1.326,0.01227,AGCGGCTAAAAGTAAT,Q132F,1,1
-1.326,0.01733,AGATAGAGTGAGAATC,Q75K,1,1
-1.326,0.008986,AACCAACAAACCGTAC,N158Y,1,1
-1.326,0.0295,AAAGGACAGGGTGAGT,A430L,1,1
-1.326,0.07465,TTACCTTCACGGTACA,I418V,1,1
-1.327,0.01147,GTGAAAGATAACCTAT,D101R,1,1
-1.327,0.02022,ATAAATAAACACCCGT,S107H E494Q,2,2
-1.327,0.03268,ATATACATCACCGAGG,N133K,1,1
-1.327,0.05546,ATTTGTAAGTGCAGTG,N497G,1,1
-1.327,0.05546,GCAAAAGAATGAACGT,I288F,1,1
-1.328,0.01267,TACAAGAATTAAATCA,I217A,1,1
-1.328,0.02247,TAAGTGGGAACCACAG,K326E,1,1
-1.328,0.03663,AACTCCCTAAAAGCTG,E414G,1,1
-1.328,0.01078,CGGCAATTGCAATGCA,,0,0
-1.328,0.1832,TAAAGAGCCCGCAATC,I48C,1,2
-1.328,0.02035,TAAGAGCGGTCCATTT,Q1F K411R,2,2
-1.329,0.01815,AAGAACTTCAAAATAA,,0,1
-1.329,0.02264,AATTCGGGCCAACCAA,R92K,1,1
-1.329,0.05165,CATAATATTAGTAACA,K50R,1,1
-1.329,0.01595,AATTGTATTGACCAGA,Y105L,1,1
-1.329,0.009034,TTCTTTTCCTCTACCA,R229I,1,1
-1.329,0.01931,TCCAAAACAAATATTC,K397W,1,1
-1.329,0.0107,CAGCAACCTTAACATG,T65L,1,1
-1.33,0.03164,AATATACCAATTTTAA,D461S,1,1
-1.33,0.03707,CGAATTTATGGTGGAG,K140Q,1,1
-1.33,0.02549,AAAACCCTTACTATCA,K368Y,1,1
-1.33,0.01151,ATTAACATCCATTCCC,Q211W,1,1
-1.33,0.03338,TAACAAAATAAAAGAT,S193A,1,2
-1.33,0.1185,CCTTCTGATTACCATG,G61L,1,1
-1.33,0.1185,GAGATAAACACACTAC,V20S,1,1
-1.331,0.01741,CTGGGCTAGTAAGTTA,R141V,1,1
-1.331,0.01322,TCATACATGTGTTGCA,E410V,1,1
-1.331,0.01299,CCCGTTAACAGGCAAG,Q210K,1,1
-1.331,0.02918,ACAACGGGGTCAATAA,S287C,1,1
-1.331,0.03752,AGAAATAATATCATGA,S115M K453C,2,2
-1.331,0.01664,ATATCACAAAAGTCAA,T135E,1,1
-1.332,0.01905,AATATAAGAAATAGAC,E401R R405W,2,2
-1.332,0.02684,AAAACATACATATTTA,Q376G,1,1
-1.332,0.02684,GTATAAAATCAAGCCA,Y351F,1,1
-1.332,0.03374,ATAGATATTCGAAAAA,L118V,1,1
-1.332,0.03374,CTCACTTTAAAAAAGA,G142V,1,2
-1.332,0.01967,CACATATTTCAGACTC,P55D K207N,2,4
-1.332,0.01967,GTGAATGACGATCCAA,L381E,1,1
-1.332,0.01256,CAGTACAGACTATATA,Y100T,1,1
-1.332,0.06942,ACCCTAAATAATATTC,,0,0
-1.332,0.06942,CTAGTTCACTGCAAGA,,0,0
-1.332,0.03999,TTGACTACACCACTTT,,0,0
-1.332,0.01421,ATGCAAATTGAATCAA,P169E,1,1
-1.332,0.03573,ACCAATAAGAGCTATC,S110Y,1,2
-1.333,0.006337,GTCAATCTCAAACGGG,L13I A364T,2,2
-1.333,0.0172,AACAGATTTGAAAAAA,Q197P,1,1
-1.333,0.1473,TAAAACCGACTATATT,I3K D188Y,2,2
-1.333,0.009163,GTATAAAATATGAAAC,K2N,1,1
-1.333,0.01316,AACTATGATTTTAATG,,0,0
-1.333,0.01015,ACGAAGAAAAACAAAC,Q1Y,1,1
-1.333,0.02047,ATCCTCTGCATATAAC,,0,0
-1.333,0.1023,GCAAACACTATAAACA,Q376R,1,1
-1.333,0.006081,GATCGATAAATAAATC,S193T,1,1
-1.334,0.05342,ACATTATGCCAAGAAG,,0,0
-1.334,0.04608,GATACCGAATGATGAA,S95F,1,1
-1.334,0.04608,TAACTATTGACAAAGG,T235V,1,1
-1.334,0.005596,CCACAATGTATGTTGA,S358A,1,1
-1.334,0.03615,CATTGCACCTTCTGAA,H393S,1,1
-1.335,0.007335,CCTGACTTAAGTTCAT,T416L,1,1
-1.335,0.01618,ACCCGTTGGATGCTCT,D73I,1,1
-1.335,0.01076,GATGCGAATCAAACAT,H184Y,1,1
-1.335,0.03449,TCACAACAAACAATCA,K452Y,1,1
-1.335,0.01846,TCAAATCATTACCCGA,,0,0
-1.335,0.071,AAATAAGAACAATTTT,Y351F,1,1
-1.335,0.02546,CAACGCACTGTGAAAA,R405T,1,2
-1.335,0.02546,TAAAAGCCACAAATAT,T440M,1,1
-1.336,0.09007,ACCTCTAAGACGCGTG,E414V,1,2
-1.336,0.09007,CAGAGAGTAAATTACA,R33C S209W,2,2
-1.336,0.009877,CGGAAGATCTTAAATA,K397F,1,1
-1.336,0.1231,ACCATATGCTTTTATT,,0,0
-1.336,0.01368,AACATTAAATTCACAC,S47F S279N,2,2
-1.336,0.01857,ATAAACATAGGCTCAA,E172D,1,1
-1.336,0.012,GAGAAATATAGCTGTA,,0,0
-1.336,0.01966,ACTATAAAACAGACGA,L70Y,1,1
-1.336,0.01719,TACAGAATAACAATCA,L427Q,1,1
-1.336,0.05436,ATAAATGCAAAGATGA,D32H,1,1
-1.336,0.05436,GAATTTCATGTTTAAT,,0,0
-1.336,0.02385,ACCTAAACAAAGACAG,L431S,1,1
-1.337,0.03488,TCAAAGTGTATCATAA,R299Q Q371K,2,2
-1.337,0.004878,AAAACAGCATGAACAC,K397C,1,1
-1.337,0.02031,TAATTAATAACAAACA,,0,0
-1.337,0.02031,TTAAGCTTATTGTAGG,,0,0
-1.337,0.1946,AACTATTCTTTTCTAA,,0,0
-1.337,0.1946,ATGCCTCAAACTGGAA,D175Q,1,1
-1.337,0.01769,CATAAAAATAAACCAA,Q454N,1,1
-1.337,0.1946,TACAAAAGCAAAATGA,Q363E,1,1
-1.337,0.02312,TCACTGGTAATAACAC,K453L,1,1
-1.337,0.01978,GCAACCCTTAATTAAG,Q371C,1,2
-1.337,0.02483,TTAAATCAATTATAAA,,0,0
-1.337,0.01729,AGCGCATATCCAATAT,,0,0
-1.337,0.03333,AAACTGCTAGTGATGG,K121W,1,1
-1.337,0.05069,GGGCTCCGAGCGCTGG,G275N,1,1
-1.338,0.03701,AAAAATTGGATCGACA,L431Y,1,1
-1.338,0.03701,CCAGTGCCGCAAGTAG,H183F,1,1
-1.338,0.03527,AGCTCGCTATCTATTT,K452N,1,1
-1.338,0.02503,CAAGATGATCAAGACA,R255K,1,1
-1.338,0.04749,GTGTAAATCATTATCA,E457Y,1,2
-1.339,0.0155,ACCATAACTAAGTCAG,R224Q,1,1
-1.339,0.01891,GGAACACAATACTAAA,I418S,1,1
-1.339,0.05532,TAAGCGCTAAAATAAC,G463K,1,1
-1.339,0.0261,AAAAAGCCTATAATAA,,0,0
-1.339,0.04467,ATAAAACTTTCTGCCC,K411T,1,1
-1.34,0.02523,TAAATAGGTTCCAAAT,K82T,1,1
-1.34,0.02275,ACGCTAGGCCACGCCA,,0,0
-1.34,0.03567,CAGATTTATTCTACAC,E403R,1,1
-1.34,0.1546,CGAGCCACTTTTATGC,,0,0
-1.34,0.01405,TGATAGGTCTACTACA,V213Q,1,1
-1.34,0.09275,CAACAAGACTTACTCC,S144R,1,1
-1.34,0.06625,TAACTGCAGTAGAACA,L66M N424L,2,2
-1.34,0.06625,TCTAGAGTAAGAAAGA,F500Y,1,1
-1.34,0.0297,TACCAGTTCAAGACTC,T203W,1,1
-1.341,0.03406,AACCTGCCGTAGTTCC,R229K,1,1
-1.341,0.01768,TTCCTCATACTTCCAA,V204M,1,1
-1.341,0.03992,ACTATCGGCAAATGGC,R229T,1,1
-1.341,0.005848,ACGCATTCTAAATTGT,H488N,1,1
-1.341,0.04822,AGAAATCATAATCAGA,,0,0
-1.341,0.02543,TTATTAGCGCATACTA,K176M,1,1
-1.341,0.009523,CGCAACGCTTTTCCAT,Q371T,1,1
-1.341,0.01361,TTCCTTAACAAACTCG,R299W,1,1
-1.341,0.0246,AACCACACCAAATAGA,I288M,1,1
-1.341,0.08256,TTCATCTACACCTAGA,L427A,1,1
-1.342,0.04532,TCTTCTTGTGTACGAA,Y161V,1,1
-1.342,0.04532,TTACGATGCCGCAGAA,N483F,1,1
-1.342,0.01616,CAAAGTATTAAAGACT,S156I,1,1
-1.342,0.007777,ATGACGCTATAGTTAA,I260Q,1,1
-1.342,0.05632,CAGAAAAACATACCAA,S205N K310W,2,3
-1.342,0.004713,ACAAGCGTACCGCCTA,N133E,1,1
-1.342,0.02564,ACTAATAGAAAGTACT,L244T,1,1
-1.342,0.01227,ACCTCATTAATTCTAC,D77H,1,2
-1.342,0.03443,ACGGTTACATAAAACC,V204M,1,1
-1.342,0.00349,GGAGAAGCAGCCCTGT,A459G,1,1
-1.342,0.07439,GTCCTCCGCTCATTAA,H56E,1,2
-1.342,0.07439,TGTAAATACTACCCAT,A69R,1,2
-1.343,0.0524,AAACAATATGCTTCTG,D461E,1,1
-1.343,0.02114,AATGAATGATATCCAA,N45I,1,1
-1.343,0.007918,AATCATAATAGCAAAA,R354K,1,1
-1.343,0.003741,TCAGATATCACTACTC,S205L,1,1
-1.343,0.03837,ACGACCAGGCTTGAAT,S146A E403K,2,2
-1.343,0.003391,TTCACGCACAGAGTCT,M268A,1,1
-1.344,0.1095,CAAAATTCACACAAAG,H355I,1,1
-1.344,0.02191,GGAGACAGTAGAAGAG,K276D,1,1
-1.344,0.1095,TCAAAATTATACCATG,,0,0
-1.344,0.008744,TTGAACTTCAAAAAGA,L59V,1,1
-1.344,0.01198,CAACATGAACCTACAA,H355V,1,1
-1.344,0.04599,AACCTATTTACTAAGC,N94T P221Q,2,2
-1.344,0.006019,GGACAAACCAGACCTA,I418W,1,1
-1.344,0.02419,CGCTGAAGATTTTCAG,R33P,1,1
-1.344,0.03482,CGAGTTGCCAAAGAAT,E119M,1,1
-1.344,0.02701,GAAAACCAACTTTTTT,I217L G479D,2,2
-1.345,0.03187,AACGAGACTATAGTTC,I160S,1,2
-1.345,0.04097,TAAATAATAATTGTTC,,0,0
-1.345,0.01247,TTTCCAAATATGTAAC,M444I,1,1
-1.345,0.02143,TTACTACACATTAGAT,N296T,1,1
-1.345,0.0252,TTCACCACCAACTGTC,,0,0
-1.345,0.01188,ACCAGGGGACTTCCTC,T235D,1,1
-1.345,0.01169,AACAAAAATTACACAT,,0,0
-1.345,0.02438,ATGCAACCACCTACTA,L381C K391E,2,2
-1.345,0.01735,ACAAAGTAACGATCAC,V20I,1,1
-1.345,0.02362,ACCGCATTTGAAACTG,,0,0
-1.345,0.03694,AAATTTCAACAATGCA,,0,0
-1.346,0.01974,GGATCATTGAAGGCAC,,0,0
-1.346,0.0229,ATCCCCCAAATAATGG,,0,0
-1.346,0.003955,ACAATACCGCTGACAA,R141W,1,1
-1.346,0.04976,ACATTCACAAGACAGC,T135C,1,1
-1.346,0.01458,TCCTACCATCCTCAAC,T12S,1,1
-1.346,0.01055,CTTTGAGCAGACCCCC,N497R,1,2
-1.346,0.02158,TCCAGAAACATATGGA,N45K,1,1
-1.346,0.01378,AGAACGGAGACATAAC,T167Q,1,1
-1.346,0.04667,AAAACCATAGAAGATG,D493T,1,1
-1.346,0.07621,CTATCCTATCACAAAA,,0,0
-1.346,0.02041,CATAAAATAAAACAAG,S145T,1,1
-1.347,0.01936,TCTGAAATTCAAACTA,V323W,1,1
-1.347,0.0692,CAACTCCCAAATAATC,P227T Y233W,2,2
-1.347,0.0692,CACGCCTACCCTTATT,K292M,1,1
-1.347,0.03739,TACATCGTTCTACATA,Q311W,1,2
-1.347,0.01097,TAGCCTTCCAATTTAT,E410R,1,1
-1.348,0.01948,TAATAGCCAAATATGG,V323A,1,1
-1.348,0.003377,CTATATCAGGTTAGAC,E325K,1,2
-1.348,0.03253,AAGTACAACCTTAATT,F174V,1,1
-1.348,0.03253,ACTTAGCACTATCTTA,N165F,1,1
-1.348,0.02324,ATCATATGATGCAGGT,S124Y,1,1
-1.348,0.05422,GTCAAAAAAACCTGTT,E359H,1,1
-1.348,0.0145,CTTATGTGATGATAAG,Q57L,1,1
-1.348,0.02189,CCCTGTGTTACCTACA,I282C V490M,2,2
-1.348,0.05057,TTCACCTGCCAAGACC,S279Y V323L,2,2
-1.349,0.04738,CATTAGATACCATTCC,P169S,1,1
-1.349,0.005609,CACTTATACTCTTACT,K259W,1,1
-1.349,0.01061,CATCTTAACTTCATTG,,0,0
-1.35,0.01164,GACTCATAAATTGTGT,T416G,1,1
-1.35,0.02082,ACGCTCCCAACCGCTT,,0,0
-1.35,0.02082,CTGACAAAAGTCTTAA,R201P,1,1
-1.35,0.007991,GATAATACCCGCACGC,T416G,1,1
-1.35,0.09863,AAAGCAATGAGTTAAC,R220Y,1,1
-1.35,0.004705,ACTAAACCAAAGGTTG,I236Q,1,1
-1.35,0.07812,ATCGTAAGCGTTACAC,N38K,1,1
-1.35,0.02517,TCTGTAATTAATTACA,,0,0
-1.351,0.07077,AATTATAACATACACC,,0,0
-1.351,0.07077,ATAAGTTTATTGTCTA,I478L,1,1
-1.351,0.05141,TACAAATTGTCAACTA,S149W,1,1
-1.351,0.007221,GACGAATACACCACAT,L431T,1,1
-1.351,0.03476,GTGTACACTATATATC,,0,0
-1.352,0.02823,CTGGCTTATACACCAA,N133M I242C,2,4
-1.352,0.02455,GTTTGATAAAATGCTA,N190A,1,1
-1.352,0.01806,ATTTACAATCTTAGTC,F87W,1,1
-1.352,0.01806,CAACTCATAATTAACT,N498L,1,1
-1.352,0.01282,AACAACAACTTAAGAT,K387P,1,1
-1.352,0.01163,AATTCAACAAATCTAC,,0,0
-1.352,0.002083,ACCAATTTAGTCAAAT,D271S,1,1
-1.353,0.0115,CCCCCTTAAACCCAAG,Q363H,1,1
-1.353,0.02649,CCCAAATCACAAAGAA,,0,0
-1.353,0.02849,ACTTAATTAACACAGT,T485V,1,1
-1.353,0.03688,GATCAATAAAATTCTT,K397F,1,1
-1.353,0.0409,CTTGCAGCTAAACCTA,V323Y,1,1
-1.353,0.0409,GAATAGCGTATTAATC,D32F,1,2
-1.353,0.0409,TGAATAAACAAAATGA,Q454I,1,1
-1.354,0.01561,AGGAATCTTCTCAATC,T10L,1,1
-1.354,0.01561,TTCAAGGGTCCTGCGG,D7G Q197K,2,2
-1.354,0.01873,CAGGCCCAAATTTAAC,N22Y,1,2
-1.354,0.05618,AGACTAATCGACCTAG,G78K,1,1
-1.354,0.05618,TAAGCAAATCTCACCG,,0,0
-1.354,0.01921,ATGAATGCACGCCTGG,G62S,1,1
-1.354,0.06072,CAATAGTTCAAGCCAT,A19W,1,1
-1.354,0.0208,ATTACAATAATTGCGT,I418S,1,1
-1.354,0.06605,AAAATTAAGATTATAT,L13V,1,2
-1.354,0.02268,TATATTCTAGTTCGCA,I395A,1,1
-1.354,0.005698,AAAAATGGCCGTTTAA,Q371E,1,1
-1.355,0.0277,TAAACAGCAAATTCTA,D493G,1,1
-1.355,0.0897,ACATTTAGGTTAGATA,D408N,1,1
-1.355,0.0897,TAGGGAATGTTAATTT,S146T,1,1
-1.355,0.0897,TTCATGACAAAAAGAA,S144Y,1,1
-1.355,0.03248,CTCATGAAAAATCTCT,S96A,1,1
-1.355,0.03556,TGATTAACCTTTGCCA,S114N,1,1
-1.355,0.02154,CTGAATTATTATCATT,T187V,1,1
-1.355,0.03732,ATTCACAAATCACACA,L13F,1,1
-1.355,0.01056,CAAGTCTCATAAAATT,A196V,1,2
-1.356,0.1178,AAGAATGTGAAACCTA,Q434E,1,1
-1.356,0.004495,AAGAAGATCCACTAAC,G200Y,1,1
-1.356,0.01762,GAGTTTAACTAAGACT,,0,0
-1.356,0.01895,CATTACATTCAAAATT,,0,0
-1.356,0.1397,CAATTTCCGATAAAAA,E410K Q454C,2,3
-1.356,0.1397,GAACTCAGTAAAATAC,L431S,1,1
-1.356,0.01553,TAATTAACTGATCAAT,N246K,1,1
-1.357,0.01772,TTATTAGTGAGCTTAT,,0,0
-1.357,0.01815,TTCTCAAACAGTACTA,,0,1
-1.357,0.007833,CTATACTCTCTGTAAT,,0,0
-1.357,0.006866,CGGTTATAATTAATAT,R269V,1,1
-1.357,0.005663,ACTTTGTCTGTAAATT,K326C,1,1
-1.358,0.02184,AGGCAATAAAACTCAG,D225S,1,1
-1.358,0.008569,AAAATTTTCATGGTGA,P221I,1,1
-1.358,0.004993,TCCTCTGACGGTTTAA,,0,1
-1.358,0.0293,CTATCGCACTTTTTAT,S265C,1,2
-1.358,0.2224,ACTACAAAACACTTGC,,0,0
-1.358,0.2224,CCAAATATTGTCATTT,E410K,1,2
-1.358,0.04448,GAGCTTTTCTTGGGAA,A425M,1,1
-1.358,0.03177,GTACCCTACACAGAGC,K207W,1,1
-1.358,0.04448,TACCAATCAAATATAC,A69M,1,1
-1.359,0.02555,CTCACTTACGGTCTAT,S193T,1,1
-1.359,0.04728,AAAATGCATTCACACT,K452Y,1,1
-1.359,0.02645,AACAATGTTTGCACAC,Q407L,1,1
-1.359,0.0127,TTAAACACTATGTGAC,L367K,1,1
-1.359,0.022,TGCATCACTTTAACCG,,0,0
-1.359,0.02742,AACACTAATGAGATGA,R269P,1,1
-1.359,0.02742,CCAAGTTGGGCACAAC,I214W,1,1
-1.359,0.005485,TTCAAAGCTCCTACCA,Q57E,1,2
-1.359,0.02266,AGTATGGAGTTTGCCC,,0,0
-1.359,0.05046,AAATAAGCATCTCAGG,K189W,1,2
-1.359,0.05046,TTACTTACATGTTTTG,S209W,1,1
-1.359,0.02846,ACTCATTTGGGTCGAA,H17Y,1,1
-1.359,0.02411,TACATCGACCAAAGAT,P103H,1,1
-1.36,0.003953,ATAACACCGGCACTGA,T313V,1,1
-1.36,0.09236,CTAGTGCCTCACTACA,I374N,1,1
-1.36,0.004958,ATTAAATCAATCAAAA,,0,0
-1.36,0.007668,ATAATATGCTTACATT,D225M,1,2
-1.36,0.0107,CTAAAAAAATACCGTT,R269P P324Y,2,2
-1.36,0.05828,ACAAACCGTACTTCCT,N475W,1,1
-1.36,0.04257,AACATATTTATAGTTT,K264I D291N,2,2
-1.36,0.04257,GAAACAACACTACATA,Q407L,1,1
-1.36,0.03353,CATACTTGAGTAGAAC,G142I,1,1
-1.361,0.02354,TGCGCACTAAGAGCAG,D441E,1,1
-1.361,0.1053,AGATTACGCCAAACGC,I236C,1,1
-1.361,0.1053,AGTTACGTCACAAACA,P99I,1,1
-1.361,0.1053,TCTGCAAACTATGAAA,I267F,1,1
-1.361,0.0351,GCTCCTATGTCGTGCT,N190Q Q501R,2,2
-1.361,0.06318,TACATGCGTCAAACAG,E457C,1,1
-1.361,0.03682,AGTTCTATCGATTTAA,Q57M D241N,2,2
-1.361,0.03682,TAATACTTCGATGTTG,V213K,1,1
-1.361,0.01078,GACCTTAAGGTTCAGT,,0,0
-1.362,0.01269,TTTCTTACGAACTGAA,Y233W,1,1
-1.362,0.06898,CTATAAAGCACGAAAT,G362E,1,2
-1.362,0.06898,CTTTACCAATTTTGTA,V213Y,1,1
-1.362,0.005583,GAACAAAACAAGATGA,L157Y,1,1
-1.362,0.00689,CTACTTGAACGCACAA,L420V,1,1
-1.362,0.02449,AGAAGAAACCGAATAA,D85H,1,1
-1.362,0.005511,AGTAAATATCACCCAT,T117G,1,1
-1.362,0.0339,AAATTATGACAACCCC,Q327E,1,1
-1.362,0.007625,ATAATACAACCTAGTA,T318A,1,1
-1.362,0.00503,TCGATGCTGTAAAAAC,D104Y,1,1
-1.363,0.07595,AACTAAGACTATGGCC,D60A G200S,2,2
-1.363,0.007864,AATAACTTAACAGCTA,T12H,1,1
-1.363,0.04316,CCCAGAGGAGAACCCC,G218A R261G,2,2
-1.363,0.04316,TCAAATGGAGAAGGCT,V429I,1,1
-1.363,0.0262,AATTCTCTTACAACCC,P169F,1,1
-1.363,0.0262,AGTACTGTTTCAAAGG,D7P,1,1
-1.363,0.05939,TAAATCGCAAACTCAA,,0,0
-1.364,0.01446,CTCCTCTACCTAATCC,P169Q,1,1
-1.364,0.01846,CACATAATTTTATCTG,N464G,1,1
-1.364,0.02552,GGTGCAAGAGATAATG,K368F,1,1
-1.364,0.01425,AACTTAATGAACCGGT,D415F,1,1
-1.364,0.02334,AGAGTGGGAATCTACC,A430D,1,1
-1.364,0.02334,CTAGTCAAAAATTAGG,N382F,1,1
-1.364,0.02334,GCTATATAGTCAATAA,N498V,1,1
-1.364,0.06449,CGCAAAAACTATCACT,I331V,1,1
-1.365,0.04136,TCAAAGTAACCGTTTT,G129I,1,1
-1.365,0.03044,GGGGCGACCTACATTT,,0,0
-1.365,0.009445,CGAACGAAAAAGCCCA,E410K,1,1
-1.365,0.01405,GTCCGAAGTGGCATAA,V213N,1,1
-1.365,0.02488,CTACAGACTAGCAATC,T30V,1,1
-1.365,0.00298,GGAAGGTCAGGGTATC,,0,0
-1.365,0.01634,AAGTCAGAAAACAAAC,D186N,1,2
-1.365,0.09519,CAAATAGAGACCAAAT,,0,0
-1.365,0.01779,CACGATTTCCGCAAGC,K207V,1,1
-1.365,0.04377,AATAGCACAGTGCTTA,Y105D,1,1
-1.365,0.02842,GCAGGAAATCCAATTT,P324Y K397H,2,2
-1.365,0.004466,CCATTAATAGCAAGAC,T313F,1,1
-1.365,0.02574,TTATTGCTAATAATCA,Q80I,1,1
-1.365,0.005497,CAAAATTGATTTTCTA,T167I,1,1
-1.365,0.03771,AGGTTCCCACAAGAAA,S312I,1,2
-1.366,0.07054,AACAAGTAGATACAAT,Q434T,1,1
-1.366,0.07054,GCGTTAAAACAAGTGC,,0,0
-1.366,0.03313,TAGTTCAATAGAACAA,,0,0
-1.366,0.02954,GTGACATGAAACGAAT,,0,0
-1.366,0.01169,CATCCGGCTGGAATAA,K207T,1,1
-1.366,0.007097,CATTATAGAGCCCTTA,G218L,1,1
-1.366,0.05604,ACCCTGCCCAAAACAA,D408E,1,2
-1.366,0.05604,ATAATTTTTAAATGTA,I274Y,1,1
-1.366,0.0179,CACATGTATGGTATAT,I395S,1,2
-1.366,0.03466,GTAAAATTGTCTGGCA,P103K,1,1
-1.367,0.01833,ACACTGACAAAAACTT,,0,0
-1.367,0.005506,AGATGTCACCTAACCC,R361K,1,1
-1.367,0.02868,AGTTTAAGATGGTAAA,E325I,1,1
-1.367,0.1816,CCTCTTGTACACAGAC,N81S,1,1
-1.367,0.03206,CTCGTTCCCATCGCGA,Q132M,1,1
-1.367,0.1816,TAAACTGGTAACCGGG,,0,0
-1.367,0.109,TAGTGGGTTTCTTTTC,S115W,1,2
-1.367,0.1816,TTGAAAAACTAATTGT,,0,0
-1.367,0.007983,ATAAATCGCACAAAAC,N483L,1,1
-1.367,0.009811,AGTAATGAACACAAAA,,0,0
-1.367,0.02245,TACTAGAATTGTGGAC,S144P,1,1
-1.367,0.02447,GCTCAGAACCATACGT,,0,0
-1.368,0.005386,AACACCTCTATAAACC,D487R,1,1
-1.368,0.02529,ACACAACAAAATGCAA,K207V,1,1
-1.368,0.02788,GATTCACATTCTATAC,T440S,1,1
-1.368,0.06586,ATGTATATATCAAAAC,E398L,1,1
-1.368,0.002926,CACACAACATCAGCCA,G463A,1,1
-1.368,0.00566,AAGTATGATTCAAATC,,0,0
-1.368,0.03505,GAAAATAGAGTAAAAA,A69L,1,1
-1.368,0.01168,TTTAAAAAGGTGTTAA,Q191S,1,1
-1.368,0.02388,AATCATCCAAATACTG,T187L,1,1
-1.368,0.02388,CTCTGTAAATACTTGA,K380C,1,1
-1.368,0.04022,CTTACAGTGAACAAAA,D188I,1,1
-1.368,0.01024,TTATATCGTTCAAAAA,D461H,1,1
-1.369,0.02895,CTTTACGACATCTTGG,S95F,1,1
-1.369,0.08684,ACTCACACTTGATCCA,,0,0
-1.369,0.08684,TATTTAATAGGCTTCC,I202S,1,1
-1.369,0.01855,ATCTTATAGGTTAATT,G479N,1,1
-1.369,0.008931,ATCACGATTGACTACC,I418F,1,1
-1.369,0.05706,AGGTCTGTTAAGATAT,,0,0
-1.369,0.05706,GAAAGGAGAAACTTCA,V323F,1,1
-1.369,0.03011,ACATGCCTGCATAACA,G263S,1,1
-1.369,0.04249,ACTACGAGTGCTCGTA,P293S,1,1
-1.369,0.1275,GAAGATCTACATCATA,A11P,1,1
-1.369,0.1275,GACTGAACTAAAAGTT,K368N V490E,2,2
-1.369,0.04249,GATATGAGCCAATACC,D32G,1,1
-1.37,0.007518,CTTTTAAGTAGAGCTA,L439W,1,1
-1.37,0.05034,AATCCTGCTATAAAAT,R220C K446R,2,2
-1.37,0.03865,GGACCTAGACAGTGAA,R229G,1,1
-1.37,0.01716,ATTTACCTTGCAGGAC,F79E,1,1
-1.37,0.03544,CGAATAGCTAACCTTA,M268W,1,1
-1.37,0.0165,AGAAATGCTAATAACG,R229I,1,1
-1.37,0.06175,TACGACGAAATATCAA,,0,0
-1.371,0.02735,GCGGCATCAAGTTTTT,E390K Q501Y,2,2
-1.371,0.03273,CACGAGCGTTTTTAAA,M346F,1,1
-1.371,0.09819,CTCCTCTGCGGCCCAA,D291Q M346F,2,2
-1.371,0.005777,AATTTGTTTATGATTT,Q434D,1,1
-1.371,0.007769,AGCTGCACTAGTCGAT,S205Y,1,1
-1.371,0.01623,TCTCTATCGAATCCCA,S262C,1,1
-1.371,0.05396,CGCTTTAAACCTTCCA,R456K,1,1
-1.371,0.0372,TAGTTTTGATTCAATG,M168W,1,1
-1.371,0.02838,TAACATTACCAAAAAC,S231R,1,1
-1.371,0.004421,AGGTACAGCTTTTACA,Q356R,1,1
-1.371,0.01843,ATCAGAGAAATTCGAC,P4V,1,1
-1.371,0.07985,CCATCCTTAAATACAC,S124K R299E,2,2
-1.371,0.2395,GGAAAACATAAACACG,D487A,1,1
-1.371,0.04791,TAATACCAACTGCCAT,D487R,1,1
-1.371,0.07985,TACTCCCGAAAGGGAT,R141T,1,1
-1.372,0.02506,CCATGTCCCGTAATCT,,0,0
-1.372,0.04308,ACTCTGAGTCCACTTA,,0,0
-1.372,0.04308,CGACCGAAAGACTGTA,E414D,1,1
-1.372,0.02367,AAAAATCTAAACTGTT,S143K,1,1
-1.372,0.02243,AGTACACAGGATTTAC,Y105V,1,1
-1.372,0.01516,TAATTAAAGGACCATC,N22I,1,1
-1.372,0.00608,TATGGCTTCATACCCC,D175M,1,1
-1.372,0.02592,CGGGAATCCCTTGGGC,L367R,1,1
-1.372,0.05813,ATTCAAAAAGAACATC,A11W,1,1
-1.372,0.05813,TGAGACCCTACTGCGC,Q75C,1,1
-1.373,0.01777,AATATGACGAAGAAGG,T167W,1,1
-1.373,0.01214,AATCGTTCCTAAAAAA,L420F,1,1
-1.373,0.0307,TGACTATGGTTCTTAT,V309M,1,1
-1.373,0.05117,TGGACCCGAGATCCCT,,0,0
-1.373,0.01523,CCTATACCAAACACAA,E426H,1,2
-1.373,0.02685,AAGTAACTTAAGGTCA,S247G,1,1
-1.373,0.01901,GGATAACATCAAAGCT,,0,0
-1.373,0.0182,ACACAAAGAGTAATGA,P221R,1,1
-1.373,0.02385,AGAAAATAGGTGGAAA,E344Y,1,1
-1.373,0.005632,CGATTATCAAATCCAC,R456C,1,1
-1.374,0.0346,CTTAAAGAAACCAAAG,N165E,1,1
-1.374,0.03201,AAAGCAATATAGCTAT,H184A,1,1
-1.374,0.02614,TTAAGCGCTCCTCTCA,,0,0
-1.374,0.006937,ATGGTATCCCCATAAA,G49S Q132I,2,2
-1.374,0.07389,AACAAAACAATTAGCC,,0,0
-1.374,0.07389,AACCATTGACATAAAA,G249N,1,1
-1.374,0.07389,CACAAATTGTACTCAA,G5V T128D,2,2
-1.374,0.021,ATAACCATCGACATGT,I418E,1,1
-1.374,0.063,GATTTCAAATTTAACA,P55Y,1,1
-1.374,0.008816,AATTAATATCCCAAAA,G62E P215K,2,2
-1.374,0.01071,CAAAATCGCAGTATAG,E344A,1,1
-1.374,0.04369,TGAAAAGAAAATATGA,V213Q,1,1
-1.375,0.01282,ACGACGCACTATATCT,Q454F,1,1
-1.375,0.03343,CTAGCGACCTATAAGA,R141C,1,1
-1.375,0.03343,TTTCCATGAGCGAAAT,R150N,1,1
-1.375,0.01287,GTAGTTTCGTAACTAA,I374W,1,1
-1.375,0.007049,GAACCAACCCTTCAAA,K315V,1,1
-1.376,0.03811,ATACTTTAAAAGCAAA,D175Y,1,1
-1.376,0.04638,AACTGAGGAGCTGTAC,K452E,1,2
-1.376,0.05203,AAAAACCTATTGAACC,N296S,1,2
-1.376,0.05203,CTGCAAAGTTTAATAT,Y161P,1,1
-1.376,0.05924,AAAGCAGCAATACTGT,P215I,1,1
-1.376,0.01292,AATCTTGTACTGCTGG,,0,0
-1.376,0.02176,TTGGATCTAATTAAAA,D77K,1,1
-1.376,0.01333,AATAAAACGTTGATCA,E41Q,1,1
-1.376,0.06877,AGGAAGAAAAATACTG,A373M,1,1
-1.376,0.06877,ATTATTCACAAACAAT,T135V,1,1
-1.376,0.06877,TCCCACACAGCCGAGA,S9K D175N,2,2
-1.376,0.02568,CATAACAATGCAATTT,,0,0
-1.376,0.01704,CAAAACGAACCCCACG,L157R K503H,2,2
-1.377,0.0338,AAAACAACAAGCTGTC,P324L K368E,2,2
-1.377,0.1014,TATAGAAAGTACATAA,K391R,1,1
-1.377,0.008344,TTGGAGAAGTATAACC,Q211A,1,1
-1.377,0.04431,AATAGCAAACCATAGA,D461V,1,1
-1.377,0.1329,TCAGCCTCCGGCAACG,K264I,1,1
-1.377,0.01987,CCATATAAAATAACCT,,0,0
-1.377,0.01587,CTTTACCAATCTCAAC,N158Q,1,1
-1.378,0.0559,GGGGTACTTAGGCAAC,Q173G V490I,2,2
-1.378,0.01685,TAGCAAGCGAGCTTTT,D271H,1,1
-1.378,0.02756,AAAATTTATTATAAAA,,0,0
-1.378,0.1929,TAATATTCATTACGGG,,0,0
-1.378,0.1929,TAGAATATAACAAACG,G62I,1,1
-1.378,0.06431,AAAGATCGACAATAAA,I260P,1,1
-1.378,0.03858,AAGGTAGAGAAATATT,N38E,1,2
-1.378,0.03858,AATCCGATTTTCTTGT,,0,0
-1.378,0.06431,CCTCCAATTACCACAC,S247E D348M,2,2
-1.378,0.01595,CAAATTTACTTTTAAT,D487R,1,1
-1.379,0.07569,GGATTCCAATAGATTA,E172H,1,1
-1.379,0.008939,AATTCGCCCAAGATGA,D348Y E390K,2,3
-1.379,0.02327,AATTCAACACAGAACG,M168I,1,1
-1.379,0.02327,ACGAACTCGAGGTATA,P103H,1,1
-1.379,0.02327,GATTGTGTAACTTTCC,N464F,1,1
-1.379,0.02861,AGGTATCGATCCGCCA,E414Q,1,1
-1.379,0.02861,TGCCACCCAACCAAAT,Q80Y P227W,2,2
-1.379,0.03714,TACAAAATATAAAGAA,A495S,1,1
-1.379,0.003377,CCCCTGTGAATAAAAC,V20L,1,1
-1.379,0.01469,ACCTAAGAACCACATA,G129I,1,1
-1.379,0.02158,TGACATCTCCAATCGA,N94K,1,1
-1.38,0.02013,ACACCAAAAGAACTAC,R141M,1,1
-1.38,0.06039,CAAAATACTAAGATTA,A69L,1,1
-1.38,0.005392,GCTATTTTCATAAAAA,,0,0
-1.38,0.02401,GGGTAAAATAGTTATA,S46L,1,1
-1.38,0.04495,AAATAACCAAACATTA,L316F,1,1
-1.38,0.04495,ACACTTGCCTTTTAAG,,0,0
-1.38,0.04495,CCTATAACTTCCAGAA,E172W,1,1
-1.38,0.04495,TCTTCATTACAACCCT,S95M,1,1
-1.38,0.01886,AGCTAGAATGAATCAA,,0,0
-1.38,0.007597,AACAAAACTCGAGGCA,G200M,1,1
-1.38,0.005646,AGATATGAATCCTGAA,N483Q,1,1
-1.38,0.03197,TAATCATTTCATAAAA,P169C,1,1
-1.38,0.07032,TGAAAACTAGTCTGGA,R208L,1,1
-1.38,0.1172,GTATAATGACCAGACG,,0,0
-1.38,0.05023,TATTGGACCAAACACA,N31Q,1,1
-1.381,0.0248,ACAAGTATATAGAATA,S480N,1,1
-1.381,0.02887,CGCTAGTCTATCACAA,Q1L,1,1
-1.381,0.0229,CACTCCATCAAACATA,K207I,1,2
-1.381,0.0242,CTCAGGAAACTACACT,S114N G200V,2,2
-1.381,0.08417,AATAATGATAACTTCA,,0,0
-1.382,0.02238,ACCCAACGCATCCACA,V237C,1,1
-1.382,0.02565,TCCGCTTCAATAGCTA,E403T,1,1
-1.382,0.009381,CAACAACTGATGATTG,I226M,1,1
-1.382,0.02189,TGGAGTGTTCCTCAGT,Q363S,1,1
-1.382,0.06566,CAGTTAAACATGGAAC,,0,0
-1.382,0.004808,ATACACCAGTCTAATA,N483L,1,1
-1.382,0.00408,ACTGCATTGTACTCAT,,0,0
-1.382,0.0323,AGACAACAATGACACA,Q371K,1,1
-1.382,0.1615,TAAAAAAAAATGGTCC,N497W,1,1
-1.382,0.05383,TTTTCACATTAAAACC,A93C,1,1
-1.383,0.02142,CGGACATGATGCCATA,S265R,1,1
-1.383,0.02915,TGATAAGCAAGTAGTA,S143Y,1,1
-1.383,0.03957,GCCCATACATCTATCA,T135N P289E,2,2
-1.383,0.03957,TGCCCAGAATACTTAT,I300A,1,1
-1.383,0.06158,ACATTAATGCTTCCTA,K326I,1,1
-1.384,0.01805,CCTCAGACAAAAATAT,Y161G,1,1
-1.384,0.0436,CAAGTAATATGATCTT,I267T,1,1
-1.384,0.03375,GATGCAGTCAATGAAG,,0,0
-1.384,0.02753,GGAGGTGGAAACAATA,D291E,1,1
-1.384,0.0252,GAACAGACAAGTCAAA,N38W,1,1
-1.384,0.02324,CATTTGCTATACGCAA,Q75Y,1,1
-1.384,0.01307,TACAAAACCAAGAATA,F174C,1,1
-1.384,0.0211,GTTTGGCTATCCTTAA,D271M,1,1
-1.384,0.02458,CTCACATGACTAAATA,,0,1
-1.385,0.04176,TAAATCTACTATCATC,S149V,1,1
-1.385,0.01711,CAAGATAGAACGCCCA,,0,0
-1.385,0.05798,CGGCCCGTCCCAGCTA,T248S,1,1
-1.385,0.07195,GTTCTTAGACTTAACT,Q363L,1,1
-1.385,0.09478,GCAAAGAATAGATAGA,G404Y,1,1
-1.385,0.09478,TACCGTGCTTACCACC,Y105D,1,1
-1.385,0.002439,TTAGCAGAAAAAACTT,R208P,1,1
-1.385,0.02171,CGCCATTTCAAAAATC,T187A,1,1
-1.385,0.004227,TGCTTTTTAAATTACA,N133S M462Q,2,2
-1.386,0.04629,GATACGATATTCAACG,,0,0
-1.386,0.008169,GATATTTTTCCTTCTG,N45V L431Y,2,2
-1.386,0.02125,ATCTCGGTTTACAGTG,G333S G404V,2,2
-1.386,0.05478,GCAAATCAGACAGAAG,F174C,1,1
-1.386,0.05478,TCCGATAAATCTACCA,V166H K171N T451A,3,3
-1.386,0.05478,TGGATTAGTAAATACT,I214Y,1,1
-1.386,0.03852,AATCCTAATTCTAAAC,L420Q,1,1
-1.386,0.03852,ATCCCAAAGCTTTCTG,S96D,1,1
-1.386,0.03852,CAAAAAATAGCAATAG,Q164H,1,1
-1.386,0.06708,GAATAGATAACGTCAT,,0,0
-1.386,0.01663,GCTCCTTTACGAATTA,,0,0
-1.387,0.08651,GACGCGAGATTAAAGG,S262I,1,1
-1.387,0.02305,ACTCATGACACATACA,N464F,1,1
-1.387,0.01481,CTTAAGGCCCTCCGAC,S480C,1,1
-1.387,0.06283,ATCCAAAGCAACCTGA,E410F,1,1
-1.387,0.06283,CAGGAAAGGAATGTTT,Q211D,1,1
-1.387,0.03574,GTTCTTTTTCGTCCTT,,0,0
-1.388,0.01459,CGTTACTTATGTCTAC,,0,0
-1.388,0.03092,CAAGACACCGAAACCA,,0,0
-1.388,0.0112,GATTCTGGCAGGATAA,L70T,1,1
-1.388,0.01883,TTCTAGCGATCGTCAC,V223E,1,1
-1.388,0.02436,TTATAGACGCATAATG,I418Q,1,1
-1.388,0.0406,TCTCTGCACTCAAGTC,S312D,1,1
-1.388,0.02202,CATCTCTATACACGTA,E401K,1,1
-1.388,0.006121,GACATCTCGAGAAACG,D60Q,1,1
-1.388,0.02154,ATCTATTATGAGAATA,D60F,1,1
-1.389,0.039,CCTTCTGATCAAAAAG,R208G,1,1
-1.389,0.01894,TTATGCTAGCATACAC,D73A,1,1
-1.389,0.01859,TATATCGATTGGTGAC,P284M,1,1
-1.389,0.02218,ATCTCCAAACCTCTTT,Y161F,1,1
-1.389,0.01384,CCCCCAGTCTGTCTGA,G142C,1,1
-1.39,0.01103,GCAAAAAATTGCTACG,V223T,1,1
-1.39,0.1085,TATCTCCAAAGTTCAA,D225C,1,1
-1.39,0.04292,AGTATAAACGTAAATC,N53F,1,1
-1.39,0.01191,TGATACAATCACAATT,H393R A476S E494Q,3,3
-1.39,0.01634,ACGCAAGGGTAATACT,E426H,1,1
-1.39,0.03028,GATCCAATAGAAAACT,V490A,1,1
-1.39,0.05279,ACGACAAAGGCCTTAA,G62W N341Y,2,2
-1.39,0.05279,AGTAGAGTATAATTTC,K446M,1,1
-1.39,0.03488,CTACATTTTAATAATA,R456G,1,1
-1.391,0.06856,GAACAATCAAAAACTA,T440S,1,1
-1.391,0.02285,GTATCGTTTACGCAGA,D77K,1,1
-1.391,0.007818,GACCAAAATAAAAATA,V309M,1,1
-1.391,0.004174,CTGATAACAGACGAAA,,0,0
-1.391,0.09777,AAAATCTTAACCAAAA,D375Y,1,1
-1.391,0.09777,GGACTTTTATCACCAA,V323Y,1,1
-1.391,0.02774,CAGTTCATATCTATCC,N126C,1,1
-1.392,0.012,ACGTCGACTATCTACC,D291E Q295H,2,2
-1.392,0.01739,CCATACCATCGATTTT,,0,0
-1.392,0.01423,ATATAACCTATTACAA,E325C,1,1
-1.392,0.04552,ACCATTAGCTTATAGT,S149I,1,1
-1.392,0.04552,ATCATTCAATCAAACA,K276C,1,1
-1.393,0.022,ATAGAGAAGAAAGTCT,F332M,1,1
-1.393,0.01598,AAATACCAAGTACTGG,,0,0
-1.393,0.04352,GACAATAATGTTTTAA,,0,0
-1.393,0.0288,CAAATAAGACCAAAAA,A93C,1,1
-1.393,0.0107,GAATAATAAGACACAT,V223T,1,1
-1.393,0.05678,ATCCATTCGATAAAAA,K452F,1,1
-1.393,0.1703,TGAAAAAAAGACAAAT,K472T,1,1
-1.393,0.05678,TGAATTTACATAACTC,K450Y,1,1
-1.393,0.02375,TCCTATTAGACCACTC,V347H,1,2
-1.393,0.02063,ATATCTTAGATATTTC,L118W,1,1
-1.393,0.01098,TCCTATAACCAACTAA,Q1N,1,1
-1.393,0.0082,TGGATATGGATTTAAA,K264W A372D,2,2
-1.394,0.08166,GAAACTAAAAGTTTTC,,0,0
-1.394,0.01479,GAAACCAAACTAAAAA,,0,0
-1.394,0.0537,GCACTTTATGGATCTA,Q501L,1,1
-1.394,0.04,TTGCTCGAATTCAAAT,L118C,1,1
-1.394,0.01758,CATGGAGAGTAGGTAA,G404C,1,1
-1.394,0.009185,AACACAGTTTCTCACC,N475M,1,1
-1.394,0.02216,TTGAATCAAGCGCACA,E401S,1,1
-1.394,0.0258,GCGGGGTACTTAGAAT,,0,0
-1.394,0.0258,GGGTTTAGGTAAACAC,,0,0
-1.394,0.05094,ACATCCAATAATACAT,I179F,1,1
-1.394,0.05094,ACATTTAGGCCACAGC,,0,0
-1.394,0.01509,GAAATAGAAAACAAAA,N464F,1,1
-1.394,0.02995,AGCACCAGCCAGTCGA,K450F,1,1
-1.394,0.02995,TGTGGTTCTATATCGA,E414C,1,1
-1.395,0.009884,CACAGACTTCATAGAT,Q376S T485R,2,2
-1.395,0.03702,AACAACACCATCCAAG,K171D,1,1
-1.395,0.02453,TAAGGGCTGATCCAAT,T416A,1,1
-1.395,0.04845,AGGAATAATCATCAAT,,0,0
-1.395,0.1453,GCCCGTACGAACAACA,D7V,1,1
-1.395,0.04845,TATATAGATCCAAATC,T313C,1,1
-1.395,0.02907,ACAAGAGAGCCCAATT,,0,0
-1.395,0.02824,CAAAGACATCGCATGA,A93V,1,1
-1.395,0.02824,GAATTCATCCACAGTA,S9E,1,1
-1.395,0.00813,AGTCGTTCAAGTTACG,P55E,1,1
-1.395,0.02746,ATAAAACCTAAGAACT,V20F Q75*,2,2
-1.395,0.01239,GTAAATTCTTATCTCG,I385Q,1,2
-1.396,0.01036,GCAGGATGGAATGCAC,,0,0
-1.396,0.02672,TAAGCGGTTGGGTATT,,0,0
-1.396,0.0188,ACCAAACTAAAAGTTA,N296R,1,1
-1.396,0.06142,ACAAGACACCATAGAA,R201Q,1,1
-1.397,0.02006,TTTCACAATAAACCAT,V406I,1,1
-1.397,0.01501,TATTGTAATACATGCG,N296T,1,1
-1.397,0.03893,GGTGCTGCATAAATGC,H184V,1,1
-1.397,0.0285,AATTATGGAACAAAAG,P169C,1,1
-1.397,0.03746,ATGTTCTCATCGAACT,,0,0
-1.397,0.01856,AGGATTCATTAATTTA,Q356T,1,1
-1.398,0.01321,TACATAATGCGATCGA,P221I,1,1
-1.398,0.05179,AAGTTAGACAATCTCC,S143L,1,1
-1.398,0.01463,ACAAATGCAAGACGTA,F174L,1,1
-1.398,0.009011,TTCGCTCCGAAAGACT,N498Y,1,1
-1.398,0.01539,AGACAAAAACGATAAA,K453I,1,1
-1.399,0.09161,CCAGATCTTATCTTTC,T485S,1,1
-1.399,0.04477,CTAAAAAAACAGACAC,L70T,1,1
-1.399,0.02877,GAAAAGCCACATTTAA,S54N G504L,2,2
-1.399,0.04284,TGAAGGTATTGATCAA,A430T,1,2
-1.399,0.08386,AACCCCAAACGTGATT,,0,0
-1.399,0.003748,AACGAGGAAAAAGCGC,T167N,1,1
-1.399,0.02719,CAATAAATAGAAGACA,P239G,1,1
-1.399,0.002125,GAGAAAACCACTATCA,N165D,1,1
-1.399,0.02646,CACTAGTTTGATTGCA,S145R,1,1
-1.399,0.009809,TAGATCCTAACAAGAC,N475S,1,1
-1.399,0.01105,TTGAAATAGGTGAACA,,0,0
-1.4,0.03652,TCTTCGCGCATAAAAT,G62C,1,1
-1.4,0.07172,TAACACAGGAATCGAT,S124N,1,1
-1.4,0.06688,AAGAAAGATACCCCAT,,0,0
-1.4,0.06688,GAAATATTATTCTTTT,P55G,1,1
-1.4,0.00499,TATAACGAAAAAGCTT,P103R K189P,2,2
-1.401,0.02089,CTTTGAATGTTAAGAT,F174Y,1,1
-1.401,0.008872,TACAAAGTAACACGAA,K310Q,1,1
-1.401,0.006726,ACACATGGATTAAAAA,I339M,1,1
-1.401,0.00842,GAAAAGAACATTAACA,N165I,1,1
-1.401,0.05893,AGAACCCATATAATGT,Q311V,1,1
-1.401,0.02821,AATCAAACCATAATAT,G379R,1,1
-1.401,0.02743,AAGCAGAAACACATGT,Q197P,1,1
-1.401,0.02669,AGCTTGCGACTCTCTT,,0,0
-1.401,0.02532,CAACCTCATAACGAAG,,0,0
-1.402,0.02409,CCATCAGCTTAGCTCG,,0,0
-1.402,0.04543,ATCCAGAATCACGGCT,K397A,1,1
-1.402,0.01514,TGCGGCCAATCGGGAA,D60T,1,1
-1.402,0.00659,ATCTACTTAACACCCC,K140E,1,1
-1.403,0.01648,ACAAAAATCTCACACC,P273G,1,1
-1.403,0.01499,CCTGGTACAAAACGAA,I282S,1,1
-1.403,0.01319,CAAAAACCAGTAAAAC,V406T,1,1
-1.403,0.02163,CAATCAAACGGATAAC,E401V,1,1
-1.404,0.0195,GAATAGATGCAACTGA,Q80T,1,1
-1.404,0.01913,TCAAATAGTAGATGTA,K411Q,1,1
-1.404,0.01808,GATATTCCCAAACACC,D175F,1,1
-1.404,0.014,CTCCACGATATTCTTA,N22L,1,1
-1.405,0.06835,AAATAGAGGGTCAATT,,0,0
-1.405,0.03147,AAGAGATTCAATTAAA,D68M,1,2
-1.405,0.03478,AATAGAGACAGCAAAC,F332L,1,1
-1.405,0.1322,ACATAATTATATGTAA,I418H,1,1
-1.405,0.04835,ACGAGTGATAGCAACT,,0,0
-1.405,0.0374,ACTTGACGTTTACGTG,D188Y,1,1
-1.405,0.05664,AGGCTTACCACAGATT,E401L N489E,2,2
-1.405,0.1043,ATTATTACCTAACTAC,D186G,1,1
-1.405,0.04218,CAGTATTAACATTATT,N341S,1,1
-1.405,0.06394,CGAACTACATGCATGC,N94D G129D,2,2
-1.405,0.1802,CTGACGTTCAAAAAAC,N489Q,1,1
-1.405,0.05358,GAATATTATTACTTAA,S193A,1,1
-1.405,0.05664,GCGTCTAAGGCCAAAC,S358R,1,1
-1.405,0.04218,TAACATGCACTGGTTC,G463L,1,1
-1.405,0.1043,TAACTCAACAACACGT,,0,0
-1.405,0.02178,TACAGACAAGTCCGTA,P221F,1,1
-1.405,0.0325,TGATAAAGCAACGCCA,,0,0
-1.405,0.04405,TTCATCGGGTAAAAAT,F174Y,1,1
-1.406,0.009797,ACACTATAACGCGGAA,R90N,1,1
-1.406,0.01031,TCTTCCTAACGCATCA,D461Y,1,1
-1.406,0.01301,ACAAAGAATCCGCTCA,,0,0
-1.406,0.01975,GGGTAATCACTGAACC,A11S R222I,2,2
-1.406,0.02243,ACTATAAAGAAAAAGA,N170S,1,1
-1.407,0.002628,ACAGCCGGCACTTAAT,K310E,1,1
-1.407,0.02739,AGATATCAATCCCTAT,N38D,1,1
-1.407,0.01399,CGTATAACAACTGAGT,V204M,1,1
-1.407,0.00712,ACACCGCTTAAATAGA,M462C,1,1
-1.407,0.0308,TATCATCCACTCGAAC,N296Y,1,1
-1.407,0.03397,AATGCCAATATCTATA,D104R K453H,2,2
-1.407,0.03397,TTAACAGTATGTTTAA,S149G S198Y,2,2
-1.408,0.00775,ATCCGGCCAACAGCAT,N159Q,1,1
-1.408,0.03936,CAAGATAAGCCCAATG,V309C,1,1
-1.408,0.04099,ATAAACCTATTCTATT,,0,0
-1.408,0.04099,TAGCCTATTATTTACC,K189W,1,2
-1.408,0.01405,CTATGGTGACCTATTG,,0,0
-1.408,0.004268,ACGCCCATGTTACACA,H355V,1,1
-1.408,0.01512,GAGAAAGAAGTTCACA,D487E,1,1
-1.408,0.0156,GAGCACCAACCTCGTA,N22W,1,2
-1.408,0.04679,AAGGCGAATACGCAGA,A106W,1,1
-1.408,0.04911,AAAATAATAATGCGGA,N94I I217C,2,2
-1.408,0.01693,CTAAAGCGGACCTTTC,Q132G,1,1
-1.408,0.05167,AAACAAATATTGAAGG,,0,0
-1.408,0.05167,TTAATTCTTTCCCAAC,T30R,1,1
-1.408,0.02618,GCCCGACGTGAAAAGT,M444Y,1,1
-1.409,0.05452,GTCAATATACAAGAAT,T167C,1,1
-1.409,0.01646,GATATTTTCAAAGTAC,S47G D186N,2,2
-1.41,0.06989,ATCATGCGAGTTACCC,P4R,1,1
-1.41,0.007828,TACATTTCACGTTAGC,P227Y,1,1
-1.41,0.0752,TACCACTTAAAAGTCG,,0,0
-1.41,0.03833,TTTCGTCTGATCCCAC,T37L,1,1
-1.41,0.02572,CACTCTAAATAGGAAA,M462K,1,1
-1.41,0.03987,TAAAATGACAACAACT,V490H,1,1
-1.411,0.003259,ACGCATTACAAGACCT,Y161E,1,2
-1.411,0.04335,GAGCGAACCGAATTAC,H18Q,1,1
-1.411,0.08865,GTCGCAACAACTAAAG,S279T,1,1
-1.411,0.02241,AACACACTATGCCTGA,V323Y,1,1
-1.411,0.04534,TTTAACCAGAGCCTCC,,0,0
-1.411,0.01048,ACATACCAAATTGAAA,G200E,1,1
-1.412,0.03245,AATCGGGTCCACGATA,D487L,1,1
-1.412,0.09735,GGACGCCCTCCCATCC,V490S,1,1
-1.412,0.01721,CTTTAAAAATACTCCT,V490A,1,1
-1.412,0.05255,ATTAGTGCATGCATTC,,0,0
-1.412,0.05255,GAATTAATACTGAATA,R255L,1,1
-1.412,0.05255,TAAGAAATTGACCTGT,T167R,1,2
-1.412,0.108,GTTCGACAGCGGTTAC,,0,0
-1.412,0.01816,AAGTTTAGAAATATCT,D271L,1,1
-1.413,0.01261,TTATACATGATGAAAA,D101Q T318Q,2,2
-1.413,0.008745,CATAACAATTACTAGA,R109Q,1,2
-1.414,0.06249,GCAAATAAGGTCTCTT,K411Y,1,1
-1.414,0.016,GGGCCTTTAAAGTAAC,S422G,1,1
-1.414,0.009348,CTAAAGAACGTAACAG,K238C,1,1
-1.414,0.06669,AGACGATGGTAACTAA,T135E,1,1
-1.414,0.02686,ACGCTAAAGCCAACTA,L420Q,1,1
-1.414,0.02686,TCCATCTCTAAGTGAT,,0,0
-1.414,0.04601,CATACATAAAAATTCC,S231L S358Y D493Y,3,3
-1.414,0.138,CTCAATATGTCCAGAG,R224E,1,1
-1.414,0.138,GACCTTTTCAGATATG,L66I,1,1
-1.415,0.03512,AACACACTAACAAACA,S156K,1,1
-1.415,0.0715,AAGTATTATTAAAAGA,H184V,1,1
-1.415,0.0715,GAAAACGAAATCATTT,D188M,1,1
-1.415,0.04825,TACCACTGACCCCTAA,P289V,1,1
-1.415,0.02923,GCTAAATAACCATCAT,E410A,1,1
-1.415,0.02442,AATTCTAAATTCTACC,L66V,1,1
-1.415,0.02097,TCCAAAGCAATCTGCC,,0,0
-1.415,0.01004,AATTACTAACGGGGAA,E172F,1,1
-1.416,0.07706,AAGACCTTATGAATGG,,0,0
-1.416,0.01591,ATTCTAAATAGTCCCC,D493W,1,1
-1.416,0.05345,TAACTTCCAAACCACA,S124A,1,1
-1.416,0.01814,AAGATCTATGCTCCCT,N498S,1,1
-1.416,0.01364,CATAAAGACGTTACGC,D348E,1,1
-1.416,0.005572,CCTTGAGCTGCTGAAA,K189G K368T,2,2
-1.417,0.0565,CTGCACAGATCAACCG,H184D,1,1
-1.417,0.0565,TAGATATTAAACCTAA,R222N Q356H,2,2
-1.417,0.04268,CAAAACCATTTTAGCT,S480T,1,1
-1.417,0.01223,GCGTCAGCGACACATT,A69V,1,1
-1.417,0.02951,ATATATCATCTCAAAA,H355V,1,1
-1.417,0.03552,ACCGGCGTTAACCTAT,L427F,1,1
-1.417,0.01184,ATACCGCAGCCTACTG,,0,0
-1.417,0.01121,TTTTACTCTTCAAGAT,D461V,1,1
-1.418,0.03684,CTCATCAAATAACTCG,E344I,1,1
-1.418,0.004617,GATAATAATCTGCCTA,G362E,1,2
-1.418,0.0467,TCTGTCAAGCCTATTA,V20T,1,1
-1.418,0.03138,TCCTTGGTCTTTCAAA,,0,0
-1.418,0.0145,ATAATCCAGCAGGAAG,N81C,1,1
-1.418,0.1913,CAAAATCATTAGGAGT,Q210L,1,1
-1.418,0.06377,CAAAGTACGAAAACAG,Y233M,1,1
-1.418,0.01607,CTGGCACCTCTCAAAC,S124A,1,1
-1.418,0.02421,AAACCAACTTCCAAGA,L118T,1,1
-1.418,0.00559,CCCTCCCTATAAGGGA,F192H,1,1
-1.418,0.00633,GTGCATATTCGTCCCT,F192K G479Y,2,2
-1.419,0.02481,AAGCCATATAAACCTA,K2C,1,1
-1.419,0.01248,TCCGCTCACCAGTAAA,K259W,1,2
-1.419,0.1005,ATACGGGAATTACAGG,I3G F399L,2,2
-1.419,0.004787,TTATTGATGAAAATTT,A212D,1,1
-1.419,0.04146,TAGAATTCAACCATAC,I267S,1,1
-1.419,0.02612,TTAATAAAATAACTCT,Y257A G479I,2,2
-1.42,0.007384,TAAGGTTTTCATGCCG,T248S,1,1
-1.42,0.05439,TATAACATATCTGTCA,L244V,1,1
-1.42,0.0244,TATAGGTACAGTCGAC,A430S,1,2
-1.42,0.07319,TCACTTACATCATAGT,S91T,1,1
-1.42,0.1118,ATTCAAAATTAATATT,R229Q,1,1
-1.42,0.02237,CCGAAAGTATTTAAGA,,0,0
-1.421,0.01508,AAATACATTTTAACCA,D375R,1,1
-1.421,0.05755,ACAGGTCGATTAGCAC,,0,0
-1.421,0.02566,ATAACACGACACATTC,S110K,1,1
-1.421,0.02566,TGTTATGGAACAAGCC,E410V,1,1
-1.421,0.2371,ATACAACAAACCACAC,Q363G,1,1
-1.421,0.2371,TAATAAGAACTCGTGA,S156M,1,1
-1.421,0.2371,TATTTAACGTGATAAA,R222I,1,1
-1.421,0.2371,TCTACTCTCTAGTAGA,Q407T,1,1
-1.421,0.03387,ACTCAGAATCATACCG,Y470W,1,1
-1.421,0.03387,CCAACAACAGGCCTAT,K450M,1,1
-1.422,0.02253,CTTAACATCAAGGAGC,S209F,1,1
-1.422,0.00565,CACCTGCATACTATTT,I260P,1,1
-1.422,0.0498,ACCAATAATAGCTTCC,Q376F K503N,2,2
-1.422,0.1261,AAATTAGAGTCTAAGA,F195V,1,1
-1.422,0.1261,GACCCAGCCATCTAAG,I288V,1,1
-1.422,0.1261,GAGAGGTCTTTTAAAT,I418T,1,1
-1.422,0.01589,GTGAAAAGAAAGAACC,D77G,1,1
-1.423,0.03203,ACGCTGTACATAACAA,G23*,1,1
-1.423,0.03203,CTGCCACAACAGTATA,Q295H A304P,2,2
-1.423,0.01173,AATAGCATATACACAG,,0,0
-1.423,0.01009,CCCAAATTGCAACCTT,W234G,1,1
-1.423,0.04389,AACAAAACAGCTTCGC,E344W,1,1
-1.423,0.04389,CCCCAAACACATTTAT,V490E,1,1
-1.423,0.0331,AAATTTAAACTTTCGA,K397A,1,1
-1.423,0.0331,CACATAATAGAATTTG,,0,0
-1.423,0.0331,TTTTTAAGACTCGACC,T65K,1,1
-1.423,0.0103,AGTACTAAACCCCAGT,F258T,1,1
-1.423,0.009924,AGATGCGAAAATTTGC,,0,0
-1.424,0.01597,AAGTAAGAGAACTTCG,L111C,1,1
-1.424,0.03038,GATTTGCCCTAAGGTG,S193K,1,1
-1.424,0.03923,CTAGATTAATCAGACA,S145V E426Q,2,2
-1.424,0.02138,AGCGCTAGGAGAATAA,,0,0
-1.424,0.01555,TATAAATTTGGGTTTT,I260G,1,1
-1.424,0.09401,CAGACCTCTTAAGAAA,Q501V,1,1
-1.425,0.1444,AAATAAATGAGTAGAT,E410K K411N,2,2
-1.425,0.1444,ATAAACTTGAATACTT,E172N,1,1
-1.425,0.02064,GAAAATTAAATCAACT,Q371T,1,1
-1.425,0.03236,TGATGTTTCCTGTAGC,G129I,1,1
-1.425,0.05863,CACAGCTATTCACTCC,,0,0
-1.425,0.0268,AATCTATCCATAACCC,R222T,1,1
-1.425,0.0426,AGCATCTCAACCACGA,Q80L,1,1
-1.425,0.0426,CACTCGACGATATAAG,,0,0
-1.425,0.0142,TTTTATAGTGAAGCCA,R109N,1,1
-1.426,0.01994,ACCATACCGAGCAAAA,,0,0
-1.426,0.01499,AAGACAAACATTTTGG,D68A,1,1
-1.426,0.01499,GAAGAAAGAAAAACCC,R255I,1,1
-1.426,0.02563,CGTAATCCATCCACTC,N31T Y257A,2,2
-1.426,0.01231,GATATTAACGTCGAAT,D348H,1,1
-1.426,0.01063,ATTGGTGATATATGAT,H183L,1,1
-1.426,0.01154,TATCCATAATTAAAAA,N94A,1,1
-1.426,0.06232,ATACATCACAATACCG,F195T,1,2
-1.427,0.02251,ACGGGGATGTAATAAT,,0,0
-1.427,0.02916,TTTGGACAACGATACC,F125Y,1,1
-1.427,0.08109,AACATATTATCTCACG,R109K,1,1
-1.427,0.01252,TTAGTAGAATTAAACT,S107F,1,1
-1.427,0.04661,CATTTAAATTCAACTA,N158P,1,1
-1.427,0.01554,TAAAATATTTTTTAAG,K315Q,1,1
-1.428,0.0665,GAAAAAAATGGAGTTG,,0,0
-1.428,0.0665,GAGTGAAAGTTATTCC,L496F,1,1
-1.428,0.02217,TAAGATCGAGTACACA,T187Y,1,1
-1.428,0.02779,AAAAAAAAAATTCTCA,V213R,1,1
-1.428,0.05636,ATATCATACTAAAAAT,D225L,1,2
-1.428,0.01476,GAAGACTTATGTGTAC,M462D,1,1
-1.429,0.006858,AATAACTTTAAGGAAA,S205L,1,2
-1.429,0.004102,ATGAGGTTGACCTAAA,I374E,1,1
-1.429,0.02476,AAGTCACCATATGAAT,V166W,1,1
-1.429,0.02476,CTCATACATAGCACTT,N296M,1,1
-1.429,0.005785,TATTCGTGCAATGTCA,,0,0
-1.429,0.01461,TTTAACAGGATTTCTA,N45V,1,1
-1.429,0.01953,TTAACCTTGCAATCGC,N190S,1,1
-1.429,0.02944,ACGTTGTTAAAAAGAA,N464T,1,1
-1.429,0.01262,CTCTATCTAGTATCTT,D7L,1,1
-1.429,0.01686,GACTAAAGATGTTCAT,L367M,1,1
-1.429,0.01686,GATAGCCGGATCTTAA,S54A,1,1
-1.429,0.07129,AACACTAATCTTCCAA,,0,0
-1.429,0.07129,TACCTTACAAATCTGA,K189T,1,1
-1.43,0.01324,GATATCTTCGACTGTT,L367H,1,1
-1.43,0.01715,AATACACAACCACGAT,D291C,1,1
-1.43,0.03305,CTTCACATGCCTTAAC,G404Q,1,1
-1.43,0.01412,CAAAAACCCAACTGAC,I29Y,1,1
-1.431,0.02076,TCATACCCTCCATGTG,S149G,1,1
-1.431,0.02199,ATATAGCTATCAATCC,N38F,1,1
-1.431,0.02677,CATATAATAAAATATC,D175V S279R,2,2
-1.431,0.03419,TACATGATCGTAAGAC,T12N,1,1
-1.431,0.03768,AGGCTAGAACACAAAG,E432M,1,1
-1.431,0.04732,AGATAATTATAAACTG,D77H,1,1
-1.431,0.04732,GTAACTAAAACCATCC,E325L,1,1
-1.431,0.05426,CAACTCTCACGCAATA,D32H,1,1
-1.431,0.05426,TACTGAAAAATGAAAT,K368H,1,1
-1.431,0.0212,ACTTTAGTAATTAATG,M462N,1,2
-1.431,0.07681,TCGTTGCATAAATATT,,0,0
-1.431,0.008737,TAATAATGCAATGCCG,M444I,1,1
-1.431,0.004813,CACACAGACAGTTTCT,Y161N,1,1
-1.432,0.01289,ACGCCCCACGAAACGC,S96H,1,1
-1.432,0.09695,AAGAGAAGAATCTACC,,0,0
-1.432,0.09695,TAAAAAAGATGATTGA,,0,0
-1.432,0.09695,TCATTCGCCTACGGAG,N22K S110Q F500Y,3,3
-1.432,0.01939,CTCGCTACCATCTTAA,I3A,1,2
-1.432,0.02046,AAGTATATAGCACTAC,,0,0
-1.432,0.03916,TAAGGTCTTAAATGTC,,0,0
-1.432,0.0438,CAAGTTACCAAACTAT,Y161E,1,1
-1.432,0.02829,AAGTGATGACAAACGT,S54N K411G,2,2
-1.432,0.04969,ACCTAAGAAGACCCAT,F195S,1,1
-1.432,0.02215,GAAAACTACACACGGA,E325R,1,1
-1.432,0.02215,GACCTCTTATTTAAGG,T24I M462N,2,2
-1.433,0.02356,TTACAAAACGGAGCAA,S107M,1,1
-1.433,0.05741,ACAAAGCTAAAACCGC,,0,0
-1.433,0.05741,TAACTTCTAAGTACCA,,0,0
-1.433,0.006607,GCGCCATCCCTACGGT,L111Q,1,1
-1.433,0.02018,AGTGCCACATTATCAC,L431F,1,1
-1.433,0.02018,GGTTGATCCATAGTAT,,0,0
-1.433,0.02018,TTTATAAAGACTTAAC,L367M Y412R,2,2
-1.433,0.04078,CCATATGCATACCAGG,R269* K276P,2,2
-1.433,0.04078,GACAATAAACTGGTAT,,0,0
-1.433,0.06796,AACGTATTCAGTCTAT,,0,0
-1.433,0.03162,CTATTTTTAAAAGACA,,0,0
-1.433,0.009167,ACACAGGCCAATAGTC,S422C,1,1
-1.433,0.03457,ACAACGTCTCCAAATG,H435Y,1,1
-1.434,0.08326,TAGATCAAATTACAAA,P162S,1,1
-1.434,0.01347,AATGTTAACTGCAACA,R354K,1,1
-1.434,0.03814,CCGAAAAATGGTTCTC,T416M,1,1
-1.434,0.03001,ATTAGTCACTAAACAA,G275S,1,1
-1.434,0.02231,AATGAAGACGAGCAAC,Q1F,1,1
-1.434,0.06094,ATCTGATGCTCTCAAT,K315C,1,2
-1.434,0.06094,GCATCAAATACTCATT,,0,0
-1.434,0.02855,GTATAGTAGCGCAGAA,R141Q,1,1
-1.435,0.01535,AAAAATACCACTCATG,S265C,1,1
-1.435,0.03582,ACGGAAAAAGAAATCC,,0,0
-1.435,0.03582,AGGCCATGACCCTTAC,G129M K453M,2,2
-1.435,0.01519,TAGATTTTAGAACCAA,Q75A A304Q,2,2
-1.435,0.0294,ATATGCACGTACCCGG,S96C,1,1
-1.435,0.0294,TTTTCGAGAATTAACC,K450H,1,1
-1.435,0.009396,GAGTATCACTCACACA,D7Y D60N,2,2
-1.435,0.05523,ACGAAGCCTCTGACCA,D474E,1,1
-1.435,0.02603,AAGACTCAGGAACGTA,Q197E M444Y,2,2
-1.436,0.01084,ATAGATACGCCACTAA,G142M F500W,2,2
-1.436,0.03717,AAAGTTGTTTTAACAA,,0,0
-1.436,0.03194,AAGTCGCAATTTCGAA,F79S,1,1
-1.436,0.009999,TGTGTCGCAGTAATGT,K2L,1,1
-1.436,0.04132,CCTACACTGAAGCCTG,K453H,1,1
-1.437,0.02088,AAGTCAAACGAAGAGA,G218Y E390R,2,2
-1.437,0.01068,TTACAGACACTACGAA,K411L,1,1
-1.437,0.02882,ACCGTTTTACTTAAAA,T187F,1,1
-1.437,0.02882,CTGGGAGCCTAAAAAC,N63F,1,1
-1.437,0.03301,ATGAATCGACTTTTAC,A372W,1,1
-1.437,0.006252,ATTCTTGACTCAGTAT,E35V,1,1
-1.437,0.07876,TATATATCTCAAACTT,S262N L439Q,2,2
-1.438,0.01645,TAATGTTCGTCTATGA,D175Q,1,1
-1.438,0.03414,AAAAAATCAACTACTC,E457Y,1,1
-1.438,0.03227,GTAAGCCGAACGTGCG,T40S,1,1
-1.438,0.06948,TATATCTCAAATTAGA,N38F,1,1
-1.439,0.04881,AGATTCCCACAACACA,L42V,1,1
-1.439,0.04881,GTAAATTAATACCTTT,R222E,1,1
-1.439,0.04508,CATAATAGCTAACCAT,T155H,1,2
-1.439,0.01465,AAAACAGAACAACAGG,K310L,1,1
-1.439,0.02772,AGATAGGTGCTGTCCT,,0,0
-1.439,0.007039,TCAGCTTCTGATTAAT,K397F,1,1
-1.439,0.1001,ATTATTTTACTCTAGT,,0,0
-1.439,0.1001,CCGCAAACAGGGACAC,Y161H K368G,2,2
-1.44,0.02648,CTGGAAGTGTTAGAGT,,0,0
-1.44,0.005899,ACTCAATTTAGCAACA,R383F,1,1
-1.44,0.0391,AATGTTTAAATTTCAA,,0,0
-1.44,0.00315,ATATCCCTGAATTAAA,S96M G129A,2,2
-1.44,0.009663,CACTCTCCATGAGTAC,,0,0
-1.44,0.01975,TTTCTAAATCTGAATG,P55E,1,1
-1.441,0.07472,TATCCCACCTATACAT,,0,0
-1.441,0.003315,ATCAGTAATAATAACC,A163L R261L,2,2
-1.441,0.008746,AATGCAGATGTAGATC,K207F,1,1
-1.441,0.04372,GTTAAACACACTCAAT,G463S,1,1
-1.441,0.0103,GCCCAAATAGGGGCAA,A430H,1,1
-1.441,0.003139,TTATGAGCAACACCCG,K2H Q197S,2,2
-1.441,0.01227,CAAAGAGGAAAATGCT,I3E,1,1
-1.441,0.04071,GTTTCAACGTAAGGCA,K2F,1,1
-1.442,0.02797,TCCGCAATATAAAATG,V323F,1,2
-1.442,0.02131,ACATCTTCCTTTTACA,A304R,1,1
-1.442,0.1788,ACCCTTGTCTTTAGAC,,0,1
-1.442,0.1788,CAGCTCCCCTACGCTC,K189A,1,1
-1.442,0.05961,GCTCATCTTAAAAGCA,D487K,1,1
-1.442,0.03577,TTACGTCGCAAGTGAT,T451S,1,1
-1.442,0.02178,TCCTTGTGATCCATTC,Q454L,1,1
-1.442,0.04959,ACACCCATTTTGAAAC,W234H,1,1
-1.443,0.01608,AGACCGTTAAAACCTA,I339M,1,1
-1.443,0.01303,AATACTTTTGTATGCC,D271H,1,1
-1.443,0.02028,GCGACACCTAAACTGA,T128C,1,1
-1.443,0.04574,ACTATCTATTATATAT,,0,0
-1.443,0.04574,AGGTCTCATACTAACC,I226M,1,1
-1.443,0.1372,TATACAGCAATAATAC,K2M,1,1
-1.443,0.01838,TCTAAACCGATGTTAT,G200H,1,1
-1.443,0.04245,TACACCTGCCCAAAAT,S54M D271K,2,2
-1.443,0.1113,AACTCTAGCTACCTTG,K264D,1,1
-1.443,0.1113,AAGAAACTATAATTCT,R269E,1,2
-1.443,0.1113,ATCTGTAATGTTGATT,N190S,1,1
-1.444,0.01369,AACGTCGTACCGAAAA,G240F,1,1
-1.444,0.02193,CGAAAACTAAAGATAT,,0,0
-1.444,0.05727,CTAAAAAACGTTAATA,S219K,1,1
-1.444,0.05727,TACTTTACAACAGATC,,0,0
-1.445,0.04796,ACAAAATAAATATGAT,S54E S95T,2,2
-1.445,0.04435,ATTCAACATACGGTTA,M268Y,1,1
-1.445,0.03619,CACGCAAACGCTCTAG,Q356A,1,1
-1.445,0.01094,AGATTCCCTTCATTCG,T318N,1,1
-1.445,0.03056,CACTCGAAACAAACAT,L59R,1,1
-1.445,0.03056,CCGAAATAAATTTCAA,N6L G200S,2,2
-1.445,0.02769,GTACTAGCATTTTAAA,I418V,1,2
-1.445,0.004054,AATCCTAGATAATCCG,T135D K189E T318A,3,3
-1.445,0.01196,TCTTCAAGTATGAGCC,E457F,1,1
-1.446,0.02849,ACCAAAATTCATGGCC,K259E,1,1
-1.446,0.02993,GCCGATGCAGTAGGCT,N126K,1,1
-1.446,0.0107,CAATACCAAGGAACCA,I418V,1,1
-1.446,0.04304,TACAACTAGACTGATC,L157E,1,2
-1.447,0.05039,AAACTGTCAAATATAA,,0,0
-1.447,0.02349,CATTTGCGAAACCCAA,N250G,1,1
-1.447,0.02446,AGATTAAAGGACAAGA,V88L,1,1
-1.447,0.003898,AATATGTTATAGACAG,,0,0
-1.447,0.02668,AACAATTACTAAAAAT,T187M,1,1
-1.447,0.08799,TTTAAGTATAACAGGT,,0,0
-1.447,0.03086,CCTCTGCGTAGCACTA,I267T,1,2
-1.447,0.03257,AACAAATTGTAAAAAA,R224C,1,2
-1.447,0.03257,AAGCATCAAACTAAGT,K292F,1,1
-1.448,0.03661,TACAGACAAATAAACA,N389E,1,1
-1.448,0.03904,ACCCCAAAGCGTGGGC,D32W,1,1
-1.448,0.03904,GGCCAAAATAATATAA,Q407G,1,1
-1.448,0.02406,TTTAAGTCAATTTCGA,R201D,1,1
-1.448,0.1254,AAAGCATAAATACTGA,E83T H355Y,2,2
-1.448,0.01971,TCCCTAGCCTTTGAAT,L367A I502V,2,2
-1.449,0.02113,AGATAATCAATATTCT,A39C,1,1
-1.449,0.01349,AGGATTTCAAAGCATT,,0,0
-1.449,0.00647,CACAAAAAGCACATCT,G275R,1,1
-1.449,0.01251,AAGGATAAGGTATTAT,T187F,1,1
-1.449,0.03572,CAACAAGAGAACAGTT,,0,0
-1.449,0.06475,AGGACGAGCAGCATTG,G49P S312F,2,2
-1.449,0.06475,CAAGATCTGATTAAAT,S231N,1,1
-1.449,0.06475,GATCACGCTTTTGATG,M168W,1,1
-1.449,0.01507,CTAGTGATTGGAAAGT,N45I,1,1
-1.45,0.07274,AGAATGAAGTCACGTA,S369C,1,1
-1.45,0.07274,CAATCTAAAGAATGTG,T135K,1,1
-1.45,0.07274,GCGGCATTAACTACAG,D461S,1,1
-1.45,0.01171,AAAAAGCCAATGCCTT,L157Q I274T,2,2
-1.45,0.04713,TTACACCAAACGTTCG,,0,0
-1.45,0.02207,AACATCTCATAAAAGT,K189Q,1,1
-1.45,0.02207,CATAATACTAATTAAT,I48N S149W,2,2
-1.451,0.02902,GAAATTCTTAACTAAC,S231H,1,1
-1.451,0.01426,TTGGACTCCATATATC,S9M K468R,2,2
-1.451,0.03953,CAATCCATGAACCCCA,,0,0
-1.451,0.01641,ATAACATCAGGCTACG,N31Q,1,1
-1.451,0.09656,AAGAATCCAATCCAAA,G379K,1,1
-1.451,0.09656,GCAATACAAAATTAGT,T12R,1,1
-1.452,0.062,AATGAATGCAAAGCTA,,0,0
-1.452,0.01157,ATAAATATAAAACCAT,S378W,1,1
-1.452,0.01605,AATCGTCATTAAACAA,K450E,1,1
-1.453,0.1155,AACCTACCAACACAAA,V204N,1,1
-1.453,0.1155,AGTCGTCACAAAGACA,K259F,1,1
-1.453,0.1155,ATACTAAATTGGTGAA,T301M,1,1
-1.453,0.01506,CTAAAAAAGGATATTC,S209G M268Q,2,2
-1.453,0.06928,ACGGAAGCTAAAACGC,,0,0
-1.453,0.06928,CGTACAAACTCCTAAA,A212K A372V,2,2
-1.453,0.009898,GTAACCCGCGACATCC,D225W,1,1
-1.453,0.03149,GTCCAGAACCGACAAA,A212Y,1,1
-1.453,0.06928,TTATATAGCTTGCCAG,,0,0
-1.453,0.04118,TATCCTATAACAGTTA,V213H,1,1
-1.454,0.03083,CGTAATTATTTAAATA,Q75C,1,1
-1.454,0.004283,TGCTTCGATGGTTAAG,,0,0
-1.454,0.01982,AGAAAACATATTTAAA,G504K,1,1
-1.454,0.02238,CACAAACTTTTCATTA,F192G,1,1
-1.454,0.02872,CGATCAGAAAGAAATC,I242R A476Q,2,2
-1.454,0.01057,AAACTACAAGTCTCAT,K131D,1,1
-1.454,0.01412,GCGTTATACTGCGTCT,Q210R,1,1
-1.454,0.04005,TCGAAAAAATTGTAAT,H435G,1,1
-1.455,0.01483,AAGTTAGCAAAGTAAT,L59R,1,1
-1.455,0.04296,CCAAGGTCCATCTCCA,E344W,1,1
-1.455,0.02526,TAATCTTATTTTTACC,V309Y,1,1
-1.455,0.01667,GTTATTACAGGAAATC,P4M V429C,2,2
-1.456,0.03897,GGAATGCCCTGAGACA,,0,0
-1.456,0.04634,ATTACGTTTCGTAGCT,,0,1
-1.456,0.05713,GACATACATATATTAC,I236F,1,1
-1.456,0.01143,TTAATATAAATCATGA,N22E,1,1
-1.456,0.01288,CTCTCACATATCGTTC,E344L,1,1
-1.456,0.107,AGCTTAACATTAAACC,S95Y,1,2
-1.456,0.107,GGCAGACACACTAAAA,S205L,1,1
-1.456,0.03566,CGACCCTAAACACAAG,,0,0
-1.456,0.03566,TCAGTACGCACATACC,I377C,1,1
-1.456,0.003865,TAACAATACCAACTTT,A212D,1,1
-1.457,0.04173,TATTCACGCCCCATAA,R255W,1,1
-1.457,0.05029,AATACTAGATGCCAAC,S110R T485A,2,2
-1.457,0.05029,CCTAAATATTACAAAG,R299C,1,1
-1.457,0.05029,TTACGTAGAACAACCA,,0,0
-1.457,0.01425,TTTAATATCTAAATAC,P227F,1,1
-1.457,0.03287,AGCCACTTTACTCCAA,N122C E398K,2,2
-1.457,0.03287,GAATAATCGTGGACAT,Y105W,1,1
-1.457,0.006149,AAATAAATGACCATCT,A69F,1,1
-1.457,0.008139,CCGAGGAGAGAGCCGT,N250H,1,1
-1.457,0.06326,AAACGTCTCTCTGTCC,S156T,1,1
-1.457,0.1898,AAGAGAACTAACCATT,S114I,1,1
-1.457,0.1898,CAACATTTGAACAAAC,F147W,1,1
-1.457,0.03796,TAAATTATCTGTAAAA,K397A,1,1
-1.457,0.01228,CAGCACATACTTCATA,N285P,1,1
-1.457,0.03048,CCCAAAATGGAATATC,P21T,1,1
-1.457,0.04491,CACTCTAGACCTAGGC,E460A,1,1
-1.458,0.01916,GAAACAGTAAAATTCT,N475Q,1,1
-1.458,0.01536,AATTAAAGGATTAAAA,V490F,1,1
-1.458,0.05498,CTTTGTACTTTTATTA,R33Q P215H R220H,3,3
-1.458,0.05498,GCCATAAATAACCAAG,A365T,1,1
-1.458,0.01756,ACTTAATATTTAGTCT,L59A,1,1
-1.458,0.006678,CAGGCTATCGCTATCA,W180F,1,1
-1.458,0.02986,TATACGTCAAACCATC,S115T K380N,2,2
-1.458,0.04861,ACATCATGAAATGATG,,0,0
-1.458,0.006443,TTTGAATAATCACATT,G504K,1,1
-1.459,0.01083,TGTACCTAAAAATTTT,K397R,1,1
-1.459,0.02788,CGATTGAGAGACTTAG,F148W,1,1
-1.459,0.01735,AGGCGACTCAATCATT,N296C,1,1
-1.459,0.1307,GTAATTCAATACGAAT,V490K,1,1
-1.459,0.008924,ATTATTCCTGGTCATA,,0,0
-1.459,0.003454,GTAATAATTATAACAA,H355M,1,1
-1.46,0.09967,AAGTCGTAAAACTCTT,D73N,1,1
-1.46,0.09967,GCTTCAATTTCTGGGT,K292F,1,1
-1.46,0.0242,AGGCCAGGTTTTTCCC,Q75L,1,1
-1.46,0.009006,TTGTACTCAGGTCTAA,V490G,1,1
-1.46,0.08054,AACTTCATATAGGAGA,K238C,1,1
-1.46,0.08054,CCTACAGCTCCTAATC,R224Y,1,1
-1.46,0.08054,TGGGTTTAAATATGAT,E414H V490R,2,2
-1.46,0.02523,CATTCTCTAGATAAAC,K468W,1,1
-1.461,0.04557,AGGCACGAGCAGGATC,N8I,1,1
-1.462,0.01684,GTAGACCTTGGGTACG,S95V,1,2
-1.462,0.02954,CGGGCCTTAACAGAAT,S228T,1,1
-1.463,0.1679,CTAGACGGTTTATAAT,N424D,1,1
-1.463,0.1199,TAATAACTCTATCATT,D60M,1,1
-1.463,0.05597,ACCGAAATAAAGATAA,Q44R,1,1
-1.463,0.07632,CCACGTTTTTAATGGC,E443V,1,1
-1.463,0.009373,TATCTTATTAAAATCA,N81P,1,1
-1.463,0.02234,CCTTTCAAGAAATAAA,K468E,1,1
-1.463,0.02501,CCTAATACAGAAACTA,N22D,1,1
-1.463,0.0155,GTACCATAGGACAGAG,A212P T485K,2,2
-1.464,0.03561,CGTCCTACGAGAAGAT,G386K E398D,2,2
-1.464,0.00593,TAATACCAAGAAAACA,V20F,1,1
-1.464,0.01326,ATTAAACAAGTAGAAC,Q211Y,1,1
-1.464,0.02982,TGTGCATATAGTCCTC,N8C,1,1
-1.464,0.06184,AATCACTAGTGTTCAT,A196T,1,1
-1.464,0.006986,CCGAAATAAATAAACG,P215I,1,1
-1.465,0.03476,AACAATATAGAAACAT,S137W,1,1
-1.465,0.02418,GTTCAGAAGATCGCAA,D104H,1,1
-1.465,0.01853,AGAGACTGTGGTCAAG,T10Y,1,1
-1.465,0.04166,TACGAAGATCACTTCC,,0,0
-1.465,0.08767,CCTGGCATTTAGCAAC,R150K,1,1
-1.465,0.08767,TACCAAACTCACCACC,I282W M444I E457K,3,3
-1.465,0.08767,TTTAACAAGTTTCGTT,N290A,1,1
-1.466,0.006025,CCATCTTTAGAAAAAT,E414C,1,1
-1.466,0.1108,TTTTTCCATCAAGGTT,F174G S480F,2,2
-1.466,0.0135,AACATCATTCCAAACC,K397L,1,1
-1.466,0.01221,TAAGCTTTGGCTACCA,S114Y,1,1
-1.466,0.02075,TTTATACATGACTCAC,L71V,1,1
-1.466,0.006885,ACTAGAAACGAACTCA,D366N G386R,2,2
-1.467,0.01951,ACCAGCCATCAACACT,V213M,1,2
-1.467,0.01285,TGAATGGGCAACAGTC,K450V,1,1
-1.467,0.03602,AACATATTTTAAATAG,S124K,1,1
-1.467,0.01609,ATAACTCGCAACGAGA,E457Q,1,1
-1.467,0.03941,ACAACATTATGGGTAA,V490M,1,1
-1.467,0.01054,CCATAAAGTATGAAAA,I236K,1,1
-1.467,0.02757,AATGTCTAAATAATAT,D487K,1,1
-1.467,0.08269,TACGAAGTCCATTACT,S124Q L439Q,2,2
-1.468,0.01344,CCAGACTTTTAAAGAT,L367S,1,1
-1.468,0.007675,GGAATTATTGAGGTAT,D348Q,1,1
-1.468,0.01279,CTTGATCAACACGTTA,P221H,1,1
-1.468,0.04851,ATAACTTCAACCCTTT,N81Q,1,1
-1.468,0.005629,CCACTCACAAATTTCT,K2T,1,1
-1.468,0.02498,ATTAGAGTAGAATAAT,,0,0
-1.469,0.103,CAACAGCGGTCACATG,N63V L70M S198K,3,3
-1.469,0.01043,TACCGATCCCATTAAT,I418Y,1,1
-1.469,0.0232,ATGATTTCCATCAAAC,Y470H,1,1
-1.469,0.0232,GCCAAATGTAACGGAC,S378E,1,1
-1.469,0.005876,GTTCCATTCTAAAGAT,P293H L381M,2,2
-1.469,0.07825,AAATGCTTGGAACTCT,F332I,1,1
-1.469,0.07825,AAGCATAAATTTTTTT,,0,0
-1.469,0.03354,GATATTTTAAAGTACA,N8L,1,1
-1.469,0.01806,TATTAAAGCGCAGAAA,N53R,1,1
-1.47,0.02415,TGATAGGAATACACAT,V309M,1,1
-1.47,0.01762,AGAGACGATCATCGTG,A19T,1,1
-1.47,0.01205,ACGGAACGGCAATTGA,N464F,1,1
-1.47,0.02214,AACCCACTAACCACCG,R141A,1,1
-1.47,0.1365,AACCAGTGTAATCCAA,Q210T,1,1
-1.471,0.02044,CATCGATGCGGCTACT,S96Q,1,1
-1.471,0.009961,CATACAACTAATACAC,N126W,1,1
-1.471,0.06048,AACGGATATACCAAAT,R261W,1,1
-1.471,0.05101,TAGAGACTTAACTCTG,Q311P,1,1
-1.472,0.007111,AATCGCCTAGTACACT,K189F,1,1
-1.472,0.009925,AAAGTTCTATGCAAAC,,0,0
-1.472,0.03071,TAATGACCCAGAAACA,I67A,1,1
-1.473,0.04929,TCATACAAAAGCTATC,,0,0
-1.473,0.02355,AAGAGATTGATCAGGG,V166Y,1,1
-1.473,0.008046,TAAAACATTCTCTCAA,E172K D291N,2,2
-1.473,0.09022,AATAGTGTGACCAAAT,Q80N,1,1
-1.473,0.09022,TAGAAAAACACATCAA,K452S,1,1
-1.473,0.1248,CCAACATGAAGTCCAA,T203D,1,1
-1.474,0.04767,ACCGAAGTATGAAAAT,,0,0
-1.474,0.05584,ACGAAATAAACTCCTT,,0,0
-1.474,0.03597,GATACGGTGAGAAACC,I395Y,1,1
-1.474,0.02653,AGGTAACTAAGACATA,M462E,1,1
-1.474,0.008133,ATGCCATCTGCCTTTA,S156M K397S,2,2
-1.474,0.06739,ATTACCTTGTAACCGA,V130M S378D,2,2
-1.475,0.01539,TGACCAGGAACCACCA,D60T,1,1
-1.475,0.02606,TCTTATACCTCAATTC,D85E E426W,2,2
-1.475,0.006566,ATCATCACTATAACGT,N290Q,1,1
-1.475,0.02212,CGACACAGGATTCCGG,D60N N63P,2,2
-1.475,0.03511,AAGCATAATAACACTA,S54L M444I,2,2
-1.475,0.08496,CAGTAAAAGGATACGA,T301V,1,1
-1.475,0.03934,TACGGTCATGAGCCAG,,0,0
-1.475,0.03102,GGATAATGTAAAACCC,G263V,1,1
-1.475,0.02014,AGTACATCCTAGACGA,S107I,1,1
-1.475,0.02335,GCATGAGTCCCTATAC,S209W,1,1
-1.475,0.007976,CCGGAATATTATCTAC,L251Y,1,1
-1.476,0.06441,GAGCCTAATTAAGATA,E123Q,1,1
-1.476,0.1149,CTGAAGGCCTAACAAC,A372L F392L,2,2
-1.476,0.01606,CAATCGTATAACATGC,N165K,1,1
-1.476,0.08028,TAATTATAGAAAAAGT,Q210M,1,1
-1.477,0.01189,AACACACTATAAGAAA,Q164N,1,1
-1.477,0.0136,GCCAGGTCATTTAACT,P103Q,1,1
-1.477,0.02915,AACCTTTCCGCTCTAG,S91D A106F,2,2
-1.477,0.02628,TGACTAGACTACTAAA,T301N K380N,2,2
-1.477,0.0167,AGTCTGTAATACCTCA,,0,0
-1.477,0.05008,AACACTAATATCCTAA,A69H S219G,2,2
-1.477,0.04216,TCAGCACCGTTTTTAT,Q132L,1,1
-1.477,0.02858,AAAACAAGAGAAATCC,K411Q,1,1
-1.478,0.004692,TCTACCTTGAAACATT,E172R,1,1
-1.478,0.02316,CCACACAACAAACGAT,Q363L,1,2
-1.478,0.07609,CGAATTGACATTATAA,F467V,1,1
-1.478,0.03133,CTACAACATCCAATAA,S96R D487P,2,2
-1.478,0.02803,TAATCGGGCACAGTCA,D101N,1,1
-1.478,0.002345,CACTACGTCATATCCA,N165E,1,1
-1.478,0.0228,AAAAGATGTCTATCAG,,0,0
-1.478,0.009496,CCTTAATCTCCCAATT,S145G,1,1
-1.479,0.04686,CCCATATAAGTAAGAA,Q454K,1,1
-1.479,0.007444,GATATTATATGCATAA,D461L,1,1
-1.479,0.05687,ACATGATAACCTTGAG,P169C,1,1
-1.479,0.05687,CTATACATCACAGCAC,,0,1
-1.479,0.07231,AGACCATAACAATATG,E401M,1,1
-1.479,0.07231,ATAAAGAATCCTACAG,Q407D,1,1
-1.48,0.02943,TAATTATGTAAACAAA,N122R,1,1
-1.48,0.0454,CCAAAGAGCCAACAGT,,0,0
-1.48,0.03309,AGTCACATAAACAGAT,L314V,1,1
-1.48,0.09926,TCTTCAGTAAAAAAAG,,0,0
-1.48,0.009681,CTGCGCACACCTACCA,Q434M,1,1
-1.48,0.05473,AAATACATTTATGATC,,0,0
-1.48,0.05473,ATTAGTAGCTTAATTG,S47K,1,1
-1.48,0.02333,TTCCACGTTAAATTTT,S480L,1,1
-1.48,0.04403,CACGCAAAGGAATTTC,V102C,1,1
-1.481,0.02829,GTAAGGAATTTTAAGA,N445F D493E,2,2
-1.481,0.02084,AACGCACCCCATCAAG,,0,0
-1.481,0.03683,TAGAGAAAATATTACA,R269K,1,1
-1.481,0.1583,CATAAACATGTAAACA,W234Y,1,1
-1.481,0.1583,TTAAGAAAAAATCGTT,Q211S,1,1
-1.481,0.05275,GTCTATCACATAGTAG,A365P,1,1
-1.481,0.02775,AGCAAAAAGACTTTGC,G240F,1,1
-1.481,0.02471,CATACTGTTGCGGCAC,R141C,1,1
-1.481,0.09293,AACCACAGCAGTTACA,,0,0
-1.482,0.02129,AAGTTTAAAACTTACA,,0,0
-1.482,0.02351,GATAGCTTACAACACC,,0,0
-1.483,0.08736,CTACATTCGTTCATAC,D188N,1,1
-1.483,0.03345,ATAAAGTACTTGTCAG,,0,1
-1.483,0.03345,TAGACGAGGACATCAA,M168T,1,1
-1.483,0.1427,GTGTCCAACGTGCGAG,N489E,1,1
-1.483,0.02242,GATTAACCGACCCGCA,D7Q,1,1
-1.483,0.003398,CATAACACACGTTGTT,D175G,1,1
-1.484,0.03198,TCAACCCTCAAATAGA,,0,0
-1.484,0.08242,TAAGATTAAGTTATCT,D85W,1,1
-1.484,0.009159,TTAGACTACTCATAAG,V36C,1,1
-1.484,0.02697,TATATGATAAACTATC,S265C D493H,2,2
-1.484,0.01757,AGCAAATATAGAACGT,S422D,1,1
-1.484,0.04467,AGATACATAATGTCGC,Y302I,1,1
-1.485,0.008139,CCGCTTAAGGCCCGCT,N22Q,1,1
-1.485,0.008444,CCATTCTTCTGAAGAA,K292F,1,1
-1.485,0.04334,ACTTGAATCATTTTGA,T167H,1,1
-1.485,0.13,GTCTGATGTTTCTCCA,,0,0
-1.485,0.0294,TGTTCAGTGTCTCCGC,S265T,1,1
-1.486,0.01216,AGCACTATTAATACTA,A196Q,1,1
-1.486,0.0162,AATGGAGATACAATAC,,0,0
-1.486,0.03381,GAACCAAATACAATAG,I288A,1,1
-1.486,0.01253,GCAGTATCATCAAGAA,N475T,1,1
-1.486,0.008046,AACTTTTACATATACA,S91T,1,1
-1.486,0.02127,ATGCGAACGATTAAGA,E119A,1,1
-1.487,0.01437,AATTCATTATATAATC,R33K,1,1
-1.487,0.02311,CCTAAAACAATACGTA,E449H,1,1
-1.488,0.003761,TTGAAAGCTTCCGATT,E410M N483S,2,2
-1.488,0.1103,AATGCTGTAAATTCAA,,0,0
-1.488,0.01904,TGGGAAAAGAAGGCTC,S198D,1,1
-1.489,0.003992,CCAATGTATAACCGTG,R229M,1,1
-1.489,0.03501,CACACACTGCACTTTC,I236Q,1,1
-1.489,0.06153,ATCATAACCTACGTTA,A272S,1,1
-1.489,0.1026,CCAATTTGATCGAGGC,,0,1
-1.489,0.01619,GATCAAGACGATGATG,I469M,1,1
-1.489,0.02023,AATAATCTCGATGAGT,I34A T328Y,2,2
-1.489,0.0334,ACCGTTCAGACGTAAC,R456C,1,1
-1.49,0.02694,CCTCATGATCATCCAT,Q1P I160C K472P,3,3
-1.49,0.01171,AAGCTAGATTACTCGT,M168A,1,1
-1.49,0.01162,AGTCATTACTACAACC,D348S,1,1
-1.49,0.03194,AATTCAGTCTCTCTAG,S96N,1,1
-1.49,0.09581,ATAAACGTACCCAAAT,I217S,1,1
-1.49,0.09581,TATACTAGTATTTCGT,E410Q,1,1
-1.49,0.05674,GCAAGAGTTAGTTGTT,I502M,1,1
-1.49,0.02552,GCTTGATCGCGACAGG,F174N,1,1
-1.491,0.002809,TGGATGACTAGCCAAT,D175I,1,1
-1.491,0.008736,AAATTCATAATTAAAT,R220I,1,1
-1.491,0.01592,ACTGGTTCATATAACA,S231H,1,2
-1.491,0.0899,CCCCCACAACGTGTAA,N424F,1,1
-1.491,0.0899,GGATAACCATATTGCT,E457N,1,1
-1.491,0.02065,TCTATTCTAGAAATAC,K450W,1,1
-1.491,0.02425,AGAATCAGCTGACTAT,F258V,1,1
-1.491,0.006787,ATTCAAGAGAAATAAC,H17F,1,1
-1.491,0.01139,TTGCCACAATTTCGCT,R222N,1,1
-1.492,0.0113,AAGTACAGACCTTTTA,R405T,1,1
-1.492,0.0151,TTAGTATTAAAGATTT,G49V N165I,2,2
-1.492,0.254,AACAAAAGACCACGAG,,0,0
-1.492,0.254,ACAAAGTCTTGATCAT,,0,0
-1.492,0.01337,ATAAACTTCGTGTCAT,G240T,1,1
-1.492,0.03629,CTTATAGCAACGATAT,E41D S262L,2,2
-1.492,0.08467,GAAGTACAATAAGCAC,S247T D415K,2,2
-1.492,0.04909,ATCTTAAAACACCAGC,F500W,1,1
-1.492,0.04909,GTTTTAAAGCAATCAC,D175E,1,1
-1.492,0.01618,CAAAATCTATCTTCAA,S219D,1,1
-1.493,0.04599,AACCAGTACCTCAAGG,G333S,1,1
-1.493,0.02529,GAAATGGAACACGCCC,P55I,1,1
-1.493,0.07586,TCACCCTCTGAGACTA,E432C,1,1
-1.493,0.04459,CCCGCCAGACCTGAGT,G275K,1,1
-1.493,0.04459,CTCTCATTGAATGGAA,N8W,1,1
-1.494,0.01664,AGCAAGGTCTTCAAAC,D348M H355Y,2,2
-1.494,0.0721,TTTCCTACAAAGATGT,V88A,1,1
-1.494,0.03026,GGTCACCATAACATAT,P162T,1,1
-1.494,0.007715,ATAAAGATCCATGAAA,T485N,1,1
-1.494,0.0687,CACCAGAGAGTTAAAA,K131M,1,1
-1.494,0.02255,ATCGCGAGAGACGTTC,K315Y,1,1
-1.494,0.0222,AGTCGAACCTTGTACC,M168R R383G,2,2
-1.495,0.02849,GACGAAAGTTAGTGGA,I29T,1,1
-1.495,0.03972,TTCCATTTAAGTTTCT,K411G,1,1
-1.495,0.01509,GCTATTGGTGAGAACC,S209W,1,1
-1.495,0.02794,AACTAATGAATATCGA,E344A,1,1
-1.495,0.06278,CTCAGATTCGCAATGA,K368F,1,1
-1.495,0.06019,CACTAATTAATAAGAA,D408F,1,1
-1.496,0.01582,CTTGAACAATGATATA,,0,0
-1.496,0.0578,AAAACAACTCGAACAG,D188C,1,1
-1.496,0.0578,AACGACGAATAGAAAA,K207R,1,1
-1.496,0.0556,AGATGAGTGTGATTTG,E410W,1,1
-1.496,0.1668,ATAAGAAAACGCAAAT,A372Y,1,1
-1.496,0.0556,GATACGACAATCTGAA,K171N E457T,2,2
-1.496,0.03336,TATACTTGAAACAAAA,,0,0
-1.496,0.008675,CAATTATACCTCCTGC,T167E,1,1
-1.496,0.05355,CGCCTCTAAGACCCGG,S144H I245M,2,2
-1.497,0.02271,ACTTATCTTTTGAGCC,,0,0
-1.497,0.006352,CCAGTTAATCCTGAAT,T30L,1,1
-1.497,0.01742,ATTGGGGATACACATA,G62W V102I E390K,3,3
-1.497,0.01005,AAGTAAATCCATGCGA,R299P,1,1
-1.497,0.1497,TAAACATTATAAAGCG,G479R,1,1
-1.497,0.02107,TTCCAACCTTCGGCAA,N498E,1,1
-1.497,0.04823,GTCGATAAGGCAATAT,L428H,1,1
-1.497,0.02875,CAGATCATACTCCTTC,D438E,1,1
-1.497,0.02819,TTACAATCTATTAGCT,,0,0
-1.498,0.02665,TCTGAAATTAACTGAA,P239Q,1,1
-1.498,0.005399,CACAATACCATGACAT,I267T,1,2
-1.498,0.1241,CTCAAAATATCTCTAC,,0,1
-1.498,0.01367,AGAACTTAAGAACGAA,K292S,1,1
-1.498,0.02401,ACCTGGGTATTCTTAT,F125L,1,1
-1.499,0.1144,AAGATACAGACATCAA,D291G,1,1
-1.499,0.01271,GCGTTACAATAAGATC,,0,0
-1.499,0.01616,TGTCCCAAACAAAACG,R109N,1,1
-1.499,0.02253,GTAACTCTGTATTCAC,R220I,1,1
-1.499,0.01249,CAGTCCGCAATTTAGA,D104E N296F,2,2
-1.499,0.03536,ATTAGTGTGATATATA,D225C,1,1
-1.499,0.03452,ATCGCAAGATCCCATT,T328W,1,1
-1.499,0.03452,TATATAAGATTACTTT,,0,0
-1.499,0.004377,TAAAATCACTCCTAAA,D32N A212D,2,2
-1.499,0.006683,GTTTCACACTAAGACT,,0,0
-1.499,0.03296,CTATATCAGCTGAGCT,E359Y K417Y,2,2
-1.5,0.01074,CAGGATTTAAATGAAT,D415K,1,1
-1.5,0.008721,TATTACCATCCTTCGA,D493L,1,1
-1.5,0.03153,TACTACCCTTATATCC,G240L,1,1
-1.5,0.009871,TTTTTCAAGAAAGGCA,,0,0
-1.5,0.08706,ATCTGCACAGCGCAAC,S270V,1,1
-1.501,0.02592,TTATCCACACAGATTA,Y423H,1,1
-1.501,0.07776,GGAGGAGGTCGGTTCC,S219E,1,1
-1.501,0.02461,CCTTATGCATAACAAA,S156M,1,1
-1.501,0.02461,GTTCCCTGTCACATGC,,0,0
-1.501,0.01447,TAAGGTGTTATTATTA,S145K,1,1
-1.501,0.01305,GGCCCAAAAACAATAC,E443H,1,1
-1.501,0.06408,GATCAAGAAAGCTAGC,G240Y,1,1
-1.501,0.06408,GTTTCAGGTTAGATAT,I242K,1,1
-1.501,0.06138,ATCACATGTTACAACA,A11S D32H,2,2
-1.501,0.01178,AACAGCTTCCTAAACC,,0,0
-1.502,0.01912,TCAATACCCGTAACCT,T485R,1,1
-1.502,0.0545,CAAGCTACCCTTATAG,K368P,1,1
-1.502,0.0545,CAGCTCAATTTATCAA,T187A,1,1
-1.502,0.05253,GGATATTAACCATTTT,A425W,1,1
-1.502,0.0474,GACACTCAATACATAA,S149H,1,1
-1.502,0.01563,CGGTGCCCCTTTAATG,S378R,1,1
-1.502,0.0048,CCAGCATCACCTACAT,L118T,1,1
-1.502,0.04319,CTATAAATTGGTCGTA,,0,0
-1.502,0.0144,GAATAAAAGAAACGCC,T313F,1,1
-1.503,0.01254,GCATAACAAATAATAA,,0,0
-1.503,0.03667,CGGAAAACTCCAAGAT,T318N,1,1
-1.503,0.01202,ATCATAGCAGGGATCA,E432L,1,1
-1.503,0.01145,CTTAGTCCAGGTAAAT,R224Y D366A,2,2
-1.503,0.03186,GGGCACGATGCAGGAA,,0,0
-1.503,0.03186,TGGCAACACCACTCCA,,0,0
-1.503,0.02662,GATCGGCAGAACCTTA,A196I,1,1
-1.503,0.02216,TCGAGTTTGGCATACA,V323W,1,1
-1.503,0.02183,GACGTATATTCATAGG,P289F,1,1
-1.504,0.01248,GATCACTCAAAAAATT,L431V,1,1
-1.505,0.005432,ATCTTATACTTCAGAT,V204L,1,1
-1.505,0.01182,AAGAATAGACTTACTA,E172F S400N,2,2
-1.505,0.01232,TACTGTATACACACAA,N165E,1,1
-1.505,0.01729,GATTACCTCACAAGAC,,0,0
-1.505,0.01936,AATTGCCCAAGTAACC,H183F,1,1
-1.505,0.01962,TACATCACAAGAGGAT,D419C,1,1
-1.505,0.02199,AGTAAAGGCTCATAAC,K264Y,1,1
-1.506,0.02842,CATAGAATGAGCAAGG,R224W,1,1
-1.506,0.03219,TCTCTAAAATAAGCAA,,0,0
-1.506,0.03292,GAGCATACTGAAATAA,R354K,1,1
-1.506,0.03447,GATCATAATCCCTAAA,R299E,1,1
-1.506,0.04018,ATTTCCTTACTCAGAT,D188R E359F,2,2
-1.506,0.04132,ACGATAAATACAGTAT,V223N,1,1
-1.507,0.04516,ATTGAAAAAATACCAA,T10P,1,1
-1.507,0.004153,ATGTTGCTATACCCCT,M168R,1,1
-1.507,0.0466,AAATAGAGAAATTATG,G200M,1,1
-1.507,0.0466,AGGAAAACGTCCCAGA,Q407G,1,1
-1.507,0.01623,AGAGATAAATCAGGAC,K450F,1,1
-1.507,0.01641,AAGCCCTAGACCCTTA,,0,0
-1.507,0.007478,CCTATTTTCACGACAC,D68G,1,1
-1.507,0.05547,GCGAGTATCATAATCA,K450C,1,1
-1.507,0.01182,CTCTATTTAAGGTAGA,T10N,1,1
-1.508,0.02118,TGCTATCCAATTTAAT,M462T,1,1
-1.508,0.06544,TGACAAATACTAATGA,H56N S96L,2,2
-1.508,0.06852,TACATATGTACACTAA,N53M,1,1
-1.508,0.009923,ACTTAAAAGGCGTAAC,N357T,1,1
-1.508,0.02437,TGCATAATAGGCAGCA,S156R Q376T,2,3
-1.508,0.01529,ACGAGGAACTTTTAAA,N445W,1,1
-1.508,0.07977,AACTGAGAGCAAAACT,P221A,1,1
-1.508,0.07977,GATAAACAAAATATCA,F79C Y161M,2,3
-1.508,0.009029,GATGTGACATACACTA,V204L,1,1
-1.509,0.02813,TTTTAAGTAGAAACGA,K259G,1,1
-1.509,0.08439,ATATGGCCACCTTATG,S146C,1,1
-1.509,0.08439,ATTATAACTTGGTTCG,G23P C97H D271C,3,4
-1.509,0.08439,CCTAGTCCCAAAATTA,Q197Y,1,1
-1.509,0.08958,AAAACTCTTGTCATCA,,0,0
-1.509,0.08958,TAACGGTCCTACCAAA,T485K,1,2
-1.509,0.08958,TATAAAGCTGGCTGCT,G142R N382S,2,2
-1.509,0.01351,GCCGAAAAATCGTCAA,K411D,1,1
-1.509,0.01364,AAAACGAACAGAGAAT,N424M,1,1
-1.509,0.02015,ATACACAGATACAATC,Q356E,1,1
-1.51,0.02164,TAGCTGACCCGCCGTA,A93M,1,1
-1.51,0.02197,CTCGATATCGGAAAAC,L111Q T328K,2,2
-1.51,0.01659,GATATTTACGTTAAGG,Q363H,1,1
-1.51,0.01057,GTGATTACCCAAAAAA,S146M N497R,2,2
-1.51,0.0396,CACCCATGAAACATAA,T135C,1,1
-1.51,0.02456,ATCAAACCAAGCCAGA,,0,0
-1.51,0.003527,CAATGCACTCCCGCGC,,0,1
-1.511,0.01383,CGGTCCAACAACAAAA,D225S,1,1
-1.511,0.04583,ACCTCGAAACTTCATT,Q57K,1,1
-1.511,0.003758,GACTCATTGACAAATA,L86I R220T,2,2
-1.511,0.1419,AACAACTTGAAAACCT,Q164A,1,1
-1.511,0.04732,CAGTACAAAGTAAACA,,0,0
-1.511,0.1419,TTCCATCCGGTAAAAA,S228V,1,1
-1.512,0.03015,AAAACAACACCTTCCA,G78W,1,1
-1.512,0.01687,ATCCCTAACTCCATAT,R255Y,1,1
-1.512,0.01064,GGCCATAGTTTGCTAC,S228A,1,1
-1.513,0.02476,TGCCCACTTAAAAGAT,E403K,1,2
-1.513,0.01933,CTCCGTGGACTGATGG,N8S,1,1
-1.513,0.1763,AACATAGAAGATGTAC,T40V,1,1
-1.513,0.1763,AAGGTACACAACCTAA,,0,0
-1.513,0.03526,GAATTAAATACATCCC,D461N,1,1
-1.513,0.01959,TGATCTCACACGAGCG,Q454F,1,1
-1.513,0.02563,AACTCGAAGTGTTGAT,S95P,1,1
-1.513,0.01382,AACAAAGCCTTAAAAA,R150F,1,1
-1.513,0.01409,TTCCTATCAGTAAAGA,V413W,1,1
-1.513,0.06124,CCTATTTTCTGCAGAA,N6S K131D,2,2
-1.514,0.0129,CAAAATTCAACAACGT,R222L,1,1
-1.514,0.02865,AACTTTTCCAGATTTA,E119W,1,1
-1.514,0.06686,AAATTAATTCTAGTTA,L59Q,1,1
-1.514,0.06686,AACACAGCACACAGCT,Q80P,1,1
-1.514,0.06686,TATCGTTCTACATAAA,R354M,1,1
-1.514,0.01063,ATCTTCGTGCAAATCA,P221Q,1,1
-1.515,0.01895,AGGAAAACTATAAATA,F332W,1,1
-1.515,0.07007,ATATGTAACCTAAGGG,S91K,1,3
-1.515,0.04245,ACTGCAGCAAATTTAT,N475T,1,1
-1.515,0.03045,GACCCTTCATCTGAAA,,0,0
-1.515,0.0311,ACAAAAATGGTTTACC,,0,1
-1.516,0.04508,TAAAGATGCCACATGG,,0,0
-1.516,0.07753,AACTCACTGAAAAAGT,L59S,1,1
-1.516,0.03323,ACAAGAAATTCACCTA,R456L,1,1
-1.516,0.07753,GAAGGAACAAAGATCA,K411Y,1,1
-1.516,0.01811,GAACTTCGTATACTGA,N341D,1,1
-1.516,0.01584,TAAAACCGCTAGGCAA,N296A,1,2
-1.516,0.02211,TAGCGACCAGTCACCA,,0,0
-1.517,0.08189,ATCAAACAAAATTAAT,,0,0
-1.517,0.01638,TAACATGTAGTTGACT,N159I,1,1
-1.517,0.08189,TACAAACTGTCAAATT,E449I,1,1
-1.517,0.006848,TCTAGAATAATTCCGC,K452Q,1,1
-1.517,0.01957,CGGGCAAACGGGAGCC,,0,0
-1.517,0.02316,ATATAAAGCAGTCGAA,Q75L,1,1
-1.517,0.02836,CAGCCTGACTTACGAA,V490E,1,1
-1.517,0.08676,AAAAAGAATCGAAAAG,Y233Q,1,2
-1.518,0.009184,CGGAAGAAACTTCGCC,N22Q,1,1
-1.518,0.05535,ATAGGAAATCAAACAT,V323A,1,1
-1.518,0.009545,GCAATTATTGTAGTAT,F148Y,1,1
-1.518,0.09226,GTAATATCCCGAGGAA,S480G,1,1
-1.519,0.009868,CTCAAGACTTTACAGC,M268Q,1,1
-1.519,0.01685,CCACTAACGCTAACAC,A196L,1,1
-1.519,0.03283,GAACGTTGATTCAGAT,T485H,1,1
-1.519,0.03283,TTGGTCAAAACATCCC,N22S V213L,2,2
-1.519,0.05991,AAACAAAACAGTGATG,N290S L316Y,2,2
-1.519,0.05991,GAACACGTAACGCCAG,Q371G,1,1
-1.52,0.02372,TAGTATAAGAAAAATA,N296W,1,1
-1.52,0.02807,GCAATGATTAACAATA,,0,0
-1.52,0.03438,ACAATTATTCGGCAAA,E344Y,1,1
-1.52,0.03438,GGGGATAACACCCAGG,S312I,1,2
-1.52,0.02083,GAAAATAGCAACAAAT,F195V,1,1
-1.52,0.06248,TTCCCGAATCAGCGTA,Q210I,1,1
-1.52,0.01494,CAATAGCACCGATCTT,P103Q R208V,2,2
-1.52,0.04575,AGTAAGGTTCGAATCC,T440S,1,1
-1.52,0.0292,TCCCAATAGAAGACGC,K140R G465A,2,2
-1.521,0.0193,CACCTAGAATTGAATA,E410K,1,1
-1.521,0.004522,GACTGATCTTAATTTT,D7P T10I,2,2
-1.521,0.03041,GCCAAACCGGATCGAT,S137K,1,1
-1.521,0.1139,ATTAATCAAACTAAAC,S149C,1,1
-1.521,0.06834,CAAACAATCCCTGAAA,N81R R261L,2,2
-1.521,0.06834,CCGCAGCTCTGATACT,R224V,1,1
-1.522,0.02779,GGGCACAAGAAGAGAT,K315F,1,1
-1.523,0.004673,CGTAACATCACACGCT,E457M,1,1
-1.523,0.1236,CACCTTCAAAAAAAGC,R456C,1,1
-1.523,0.02191,GATTCTTAACAAAAAA,T440S,1,1
-1.523,0.03396,TAAACCTATAATGATC,T203E,1,1
-1.523,0.009631,TTCAAAAAATTATTAG,A430C,1,1
-1.523,0.01305,GGACCGAACAAGCTTT,L428I,1,1
-1.523,0.05427,ATCAATTAAGTAACCT,G49I,1,1
-1.523,0.04238,CAGCGTATCACCTTTT,G379E,1,1
-1.523,0.007795,GAATATAAATAGATGA,H183L,1,2
-1.523,0.0154,CACAACATCACCCAAA,D474T,1,1
-1.524,0.006158,GAAAATGACTACTTTT,F79C S205G,2,2
-1.524,0.01341,TCATACATTATTCTTT,H355V,1,1
-1.524,0.07953,GAGCTAGCGATACAAG,,0,0
-1.524,0.07953,TAAAATCAACGACAAT,E325A,1,1
-1.524,0.07953,TGAAAACTTTATAAAA,T313C,1,1
-1.524,0.02111,AATTGATAAAATGTGA,N94C,1,1
-1.524,0.135,ATAAGAATGTCACCCA,L409I,1,1
-1.524,0.135,CCATTAAAAACTCCTT,S9V,1,2
-1.525,0.03745,TCTCGGGGATTGAAAC,,0,0
-1.525,0.02751,CTTCCTACCAACATAC,,0,0
-1.525,0.008119,ATTGGTACCCCCTAAG,A69F,1,1
-1.525,0.005524,GTTATAGTATGAGCTA,K397T,1,1
-1.525,0.06109,ACGTGTCTAAAATGTA,S144A,1,1
-1.526,0.03948,CTCAAATAACGATCGA,F467W,1,1
-1.526,0.008753,CTCAACACTAATTAGT,K368H,1,1
-1.526,0.06377,AAAAATCCTAACGCTA,R255V,1,1
-1.526,0.06377,ACCGCATCTAACAATA,A163S I385R,2,3
-1.526,0.06377,CTCTGAATTCACTCAT,K276L,1,1
-1.526,0.08927,GACAAACGTTAAATAA,Y161R,1,1
-1.526,0.1488,TACTGTTTTCCATAAG,Q434A,1,1
-1.527,0.008521,TACCTATCAACAAAAT,P215V,1,1
-1.527,0.004692,TTATATCAAATGATAC,R208P,1,1
-1.527,0.01322,GAAGTCTAACTGTAAC,A212W Q363M,2,2
-1.527,0.03103,GAATATTTCGTCGGAG,H184V,1,1
-1.528,0.0951,GATGTAGAAAAAACAA,S156K,1,1
-1.528,0.0283,AATATACTCGTTCCGT,K397N,1,1
-1.528,0.0283,CCGATTACAAACAGGT,Y233G,1,1
-1.528,0.02293,ATAAGATAGGTACAGT,T65V,1,1
-1.529,0.06988,TCACTGTATATGAAAG,S198W,1,1
-1.529,0.03791,AGATAACAAAAATCCT,,0,0
-1.529,0.1657,ATTTTTTAAACATGGA,T40D,1,1
-1.529,0.03314,CTGAAACAACCATCCA,I260W,1,1
-1.529,0.01616,CCATTTTGACTCTATC,Q132F,1,1
-1.529,0.04567,TCAATTAATCATTAGG,Q210K,1,1
-1.529,0.02406,GATTGTGATATATTTC,A430G,1,1
-1.529,0.1017,AGAATACATTTGCAGG,N483W,1,1
-1.529,0.02035,ATCCGTACTTTCATTA,,0,0
-1.529,0.1017,CTGTTGTTCCTTAGGC,Q454H,1,1
-1.53,0.03005,AAACTTATAAAACGCC,E83W N285W,2,2
-1.53,0.02239,AATTAGGAGTCATAAG,E344L,1,1
-1.53,0.04714,CACTAAATCACATAAA,D175E,1,1
-1.53,0.007999,ATTAAGCGTATATCCA,K450Y,1,1
-1.53,0.03068,AAGGTAGCCTGCAGTC,F195S,1,1
-1.53,0.02748,CCTCAAAAAACATCCG,P273Y,1,1
-1.531,0.02532,TGGCAATCTATCATGA,,0,0
-1.531,0.03557,CACGTCTCCCACCCTG,T24D C277D C281I,3,3
-1.531,0.01371,CTAAGATAGCCCTCAT,P169Y,1,1
-1.531,0.05977,ACTCAAAGTATATTAC,D493P,1,2
-1.531,0.0773,GAGGACACCAAATTTA,,0,0
-1.531,0.03646,TAAAAACAATGGAGTA,,0,1
-1.531,0.03646,TCTCAAAACTAAAATT,Y161K,1,1
-1.532,0.04231,CTGGACTTACGCAAGA,T313Y,1,1
-1.532,0.04231,GGAAGAAGGCTAAGGT,R220L,1,1
-1.532,0.02048,AGCCAAGAAACCCCGA,S247L,1,1
-1.532,0.01351,AAACCATCCAATAAAT,S146W Q407F,2,2
-1.532,0.002711,AACCTCAAAATCTCTG,F174G,1,1
-1.532,0.187,CGAAAGCTATTTATTT,,0,0
-1.532,0.02255,TTAGTATTAGTCAATA,D408G,1,1
-1.532,0.01453,CTGTAGTATCTTCCAG,L367R,1,1
-1.532,0.04358,TTCGATGGTGCGACAA,M320L,1,1
-1.533,0.08163,AGCTATCTTAGCAAAA,Q197T,1,1
-1.533,0.08163,CTACATGTAAGCAATG,A425C A476T,2,2
-1.533,0.08163,TACTAGTAAATATATG,E426L,1,1
-1.533,0.008822,GAACATAGTTATCAAT,E414V,1,1
-1.533,0.03838,AAAACGTACGGCATAA,P221L,1,1
-1.533,0.03838,TTCTTATGGATTTAAA,R255N,1,1
-1.533,0.02509,ATTCCAGTAAAAAACA,V112F,1,1
-1.533,0.01345,CAAATGATAATGATTG,Y233S,1,1
-1.533,0.06511,ACTGCTGGTACAACCT,S193A,1,1
-1.533,0.01783,GAATAAAACCGACACT,E414D,1,1
-1.534,0.01689,TAGTAATATCTTTAAC,K452S,1,1
-1.534,0.01445,AATTACGAATTGGCGA,,0,0
-1.534,0.02827,CTTGAATTTTAATCTG,A196E,1,1
-1.534,0.01121,ACACACTACATAATGA,E325C,1,1
-1.534,0.02203,CTACAATACGAAAAGC,P221H,1,1
-1.534,0.01171,GGAACAAGGTGAATCA,D104C,1,1
-1.534,0.01474,GTCTCCGCTCTGAGCA,V36T S137Q,2,2
-1.534,0.02883,GAGCATCCGCAAATAG,L111H,1,1
-1.534,0.08648,TTGTTATCTAAAAGAT,K503V,1,1
-1.534,0.009068,AAAATGATACGGTAAT,L118W,1,1
-1.534,0.04052,CGACACCGGAAATTTG,T12D,1,1
-1.535,0.03598,AACTCCTCAAATAACA,E344G,1,1
-1.535,0.03598,GGTACAATGCACAAGG,I58L S115M,2,2
-1.535,0.04788,CACTCACCCAACACCA,,0,0
-1.535,0.01452,ACACTAAAACACAAGA,,0,0
-1.535,0.04167,ACTAATCCTTTACATA,S145Y,1,1
-1.535,0.0369,CTCTGACCATTAACGA,F258L,1,1
-1.535,0.0331,CATCACGCCTACCCGC,K326M,1,1
-1.536,0.008057,ATAAGCAAGTTCATAA,A304Q,1,1
-1.536,0.0429,AAATGAAAGTACCTTC,E432A,1,1
-1.536,0.1287,ACGCATTGTGTGAATC,,0,0
-1.536,0.0429,ATACAAAAAGACGATG,D85S D375L,2,2
-1.536,0.007572,CCAGGCACTACACTTC,K397L,1,1
-1.536,0.2145,GACAACTTACTGCGCT,R222T,1,1
-1.536,0.0715,GCTAAATGATCCTAGA,A430V,1,1
-1.536,0.02798,TACTCAGTTATGAGTA,V88M T313E,2,2
-1.536,0.09193,AAATGTCAAATAATGT,F195T,1,1
-1.536,0.09193,GAATTGGAACCTTACC,H435N,1,1
-1.536,0.09193,TGACTAAGATCAACTA,S91K A304V,2,2
-1.537,0.03468,AGAGTACCCCCCACAA,S219Y,1,1
-1.537,0.02137,TTATACCAGAAGCTAA,D175R,1,1
-1.537,0.0442,AGTCATTTTCAAAATC,,0,0
-1.537,0.0442,TACCTTTGAATCTATT,T135G N489K,2,2
-1.537,0.01165,CTCTGCTCATGTACAG,V130I,1,1
-1.538,0.03552,TAAGAAACATATTAAG,Q371C,1,1
-1.538,0.00819,GCATATACCCCATAAA,D487V,1,1
-1.538,0.0152,CAGAACTAAACGGGAC,,0,0
-1.538,0.01963,AGACGCATTACGTTGG,,0,0
-1.538,0.09812,GAATTTTCCAAATAGA,N165D E494A,2,2
-1.538,0.09812,GGCAAAGAAGGAAAGC,,0,0
-1.538,0.0177,GGATTGCGGACCGAGA,R383E,1,1
-1.539,0.02235,AAGCCATTGACTTTCC,T65M R307E,2,2
-1.539,0.02596,ACTATCAAGTTCACGT,R141Y,1,1
-1.539,0.03734,TTATGTGCCAACAAGA,R109K,1,1
-1.54,0.02184,ATAGCCTCTTCAGGAA,S145T,1,1
-1.54,0.02074,TTTGGAGGACGTTTTT,,0,0
-1.54,0.006555,CAACATGTAAAACAGG,R224W N382Q,2,2
-1.54,0.006257,GTTCATGGGGGAAAAT,,0,0
-1.54,0.01128,ATCTCAGATACTACAC,T187Q,1,1
-1.541,0.01388,GCAAAAACTCACTGAT,S95M,1,1
-1.541,0.03507,AAAAAAAAAGGGTCAA,Q454F,1,1
-1.541,0.1052,AAGCAAGTCTCGGTTT,T128Q,1,1
-1.541,0.007605,CCGCAGACACGAAGAG,A196I R201S,2,2
-1.541,0.05729,TGATACTTAAAATAAC,L496Q,1,1
-1.541,0.03936,TACCCCAAATAACTAA,S9G V166H,2,2
-1.541,0.02998,TCGGTAACGTTTATCT,Y161D,1,1
-1.542,0.05031,AAAAATAAAGGCCGAA,Q132N,1,1
-1.542,0.02795,ATCCCATGATGGTGTT,K503D,1,1
-1.542,0.05031,TGCGGTCAGCTAAAGT,A430M,1,1
-1.542,0.01697,ACTAAGTCTTAACAAT,P162R R383H,2,2
-1.542,0.006896,GCCTTCCCAAATTCGA,Q164F,1,1
-1.543,0.05963,CGGACAAGGATTGACG,L420Q,1,1
-1.543,0.05963,GAGCTTGTCCAACACA,,0,0
-1.543,0.05963,TTACATATAATATCAA,D101Q,1,1
-1.543,0.03383,TAACATATGCACTACC,K453L,1,1
-1.543,0.1563,AAAAAGAATTGATAAA,,0,0
-1.543,0.1563,CAGATAAATTATCTCC,H18V,1,1
-1.543,0.1563,CGGCCAGATGTATGAC,L157M,1,1
-1.543,0.05211,GAAACAATTTTATTCC,E172R,1,1
-1.543,0.1134,TAAAAATAAAGCTCAT,D104Q,1,1
-1.544,0.01311,TTTTCAAGTACCAACA,D493L,1,1
-1.544,0.08897,TGACATTTTAGGTACC,K368W,1,1
-1.544,0.06218,TAAAATTATGCAACAA,G463K,1,1
-1.544,0.06218,TTGCCTTCTAAGTCGT,V20N,1,2
-1.544,0.05404,AAAGACATAAAAAGAA,Q210L Q376H,2,2
-1.544,0.05404,ATCATGTAAACATACC,,0,0
-1.544,0.005676,AAAATCAACCCTAATA,Q211R,1,1
-1.544,0.04283,CACATTCCAAATAAAT,P273T,1,1
-1.545,0.003953,TGATATGAAGAGAACA,A425I,1,1
-1.545,0.00832,ATGTTCCACTGTATAA,K310G,1,1
-1.545,0.01934,AGCTAAGAACATGACA,T451S,1,1
-1.546,0.01212,AAAACTACGATATTAT,N159V,1,1
-1.546,0.04413,GAACAATAACGTACAC,A163M A272R,2,2
-1.546,0.0196,GCGCTCCAGGTACCTC,,0,0
-1.546,0.06495,TTCACAAAAACGATAC,,0,0
-1.546,0.01434,GCATAGCTAAGTTAGA,K450C,1,1
-1.546,0.02419,CTAACGCACACTGGCA,,0,0
-1.546,0.07707,CATATGAACATTAAAA,E325S,1,1
-1.546,0.01542,GGTAATATTGAAAACA,E83K D271M,2,2
-1.546,0.01986,AGGAGATTACTTAATG,S369A,1,1
-1.546,0.01986,TATAGGATTCAACCTA,F338W,1,1
-1.546,0.0342,CTAAGTACAGCAAATT,R201D D493T,2,2
-1.547,0.03729,GCAGCCCTCCGATTAA,T485L,1,1
-1.547,0.03729,TACGTATACGTTTAGG,D60L S279M E457D,3,3
-1.547,0.03729,TATACGCTACAAAAAA,,0,0
-1.547,0.04099,CGATACGCGAATACGG,N133W,1,1
-1.547,0.123,ATCTTCAACTTCCCAG,F195V,1,1
-1.547,0.01835,GAGTTCTACATATTAC,E396F,1,1
-1.547,0.0192,CCCCACGTTTGGACGC,,0,0
-1.547,0.01705,AACCGGGAAACCGACC,D487A,1,1
-1.547,0.008639,GCATCACGTAATACTA,,0,0
-1.547,0.1751,TATCTAGTTCGCACTC,E460V,1,1
-1.547,0.03502,TTACTTTGGGCGGTAA,,0,0
-1.547,0.01946,ACCTCCATTTACTTTA,A334L,1,2
-1.548,0.01882,GTATCTTGCAAGACTT,P221N,1,1
-1.548,0.04218,TAACGAGGCCCGTTCC,Q1L G78W,2,2
-1.548,0.03057,CCATGTAATTAATCTG,Q371M,1,1
-1.548,0.01509,TTTACAGTAATACCCT,T65I K278V,2,2
-1.548,0.08138,TATGGAACGGTAAGCA,,0,0
-1.549,0.05301,ATTTGCCCGATGGGAA,N126H,1,1
-1.549,0.02438,GAATCAAATTTGTATA,A430F,1,1
-1.549,0.01118,GTTGTCCAAACAGGGG,K140S,1,1
-1.549,0.03123,AAGAAAAAAACGAAAT,R456K,1,1
-1.549,0.02764,TACTTCTCTCATTAAT,P162Q,1,1
-1.549,0.1013,AAACTCTACAGGCCGC,F467W,1,1
-1.549,0.1013,AGAATTCCGAAATAAG,P21H D487V,2,2
-1.549,0.02339,CCGGCCGGTACCAGTG,M462I,1,2
-1.549,0.06081,CGCTTAAACCTTCAAT,,0,0
-1.549,0.1013,TAGCATAAAGCATATC,H184V,1,1
-1.549,0.003526,AAGGCAGTTGAAGGAA,L439Q,1,1
-1.55,0.01811,CGGGGTAGCAAACCTA,V223S,1,1
-1.55,0.07131,AGCTCATGTAAATCAC,E401G,1,1
-1.55,0.004524,GATTCATACCACTCAC,K397A,1,1
-1.55,0.02818,AAGAGTCTGTCCTCGA,K397I,1,1
-1.55,0.01985,GCGTGGTTAAACCTTT,R354W,1,2
-1.55,0.02283,AGTTAAAAGTTTAATA,P221C,1,1
-1.55,0.02283,CACCCTTCCGGCCAAA,G330W,1,1
-1.55,0.01186,AATTGTTAATAGCCTG,A212K R222P Y257C,3,3
-1.551,0.04477,AGAAAACTCTTGTACA,P221C,1,1
-1.551,0.1343,CAAGACAACGTTATTG,N498Y,1,1
-1.551,0.01777,TTTACCTAGTTCATTG,T318E,1,1
-1.551,0.02012,GCCCACCAACACTTAA,K50H,1,1
-1.551,0.02012,GTTCCGGGGATGCATT,Q191G,1,1
-1.551,0.006285,TCAAAAACCCCCCTTC,L13F,1,1
-1.551,0.05021,AAATACAGGCCCTTTA,,0,0
-1.551,0.05021,GCACAAACTAACCCCT,K397E,1,1
-1.551,0.05021,GTGTTATCCTCGAACT,P324E,1,1
-1.551,0.05021,GTTATATCAATAACCA,,0,0
-1.551,0.009641,CAACATCATTCTCTCC,S270G,1,1
-1.551,0.03543,AATACAACAAGCCAAA,I288A,1,1
-1.551,0.03543,GCTAAGGTTGACCAAA,Q211M,1,1
-1.551,0.03088,CGACCAATATAAAACA,S205W,1,1
-1.552,0.008238,ATATAACTTTGAAAAA,L367H K503L,2,2
-1.552,0.02499,AGATAAAACCTAAAAC,Y161M,1,1
-1.552,0.015,GAATATTAAAAACAAT,P169M N497F,2,2
-1.552,0.07498,TGATAGTTTCTAAAGG,L243V,1,1
-1.553,0.1089,AAGCGATAAATCAACA,Q295T,1,1
-1.553,0.03416,ATAATCGTAGATTTAT,S114E,1,2
-1.553,0.03416,ATTTCACATAAAAAGG,L381E,1,1
-1.553,0.01635,ACACTATAGATATAAG,,0,0
-1.554,0.09161,ACTGACCTAAACTGCA,S358K,1,1
-1.554,0.02588,TAAGCACAGTAGACAC,E410R,1,1
-1.554,0.01,TGGAGTTATAATTATA,V213M,1,1
-1.554,0.01384,CTTTCCAGTTCCGAAA,N165T,1,1
-1.554,0.005721,TTATCAGACTTATACA,E410K,1,1
-1.555,0.01626,CACATTCTTTATAAAA,E410K,1,1
-1.555,0.002256,CTCAACTAAGAAACCC,R141W,1,1
-1.555,0.148,AAATCACGCAAGTCAG,S96C,1,1
-1.555,0.02959,GGGTGGCTATTGATCG,F192Q,1,1
-1.556,0.02815,CTTAGGTTAGTTCCCG,S198M,1,1
-1.556,0.06952,GTGAGTTTCGTACGGA,G62A R201W,2,2
-1.556,0.06952,TAATACCAGAATTGCA,S358H,1,1
-1.556,0.04543,ACAGCCGTACCGAGGA,T451G,1,1
-1.556,0.03188,GATTTTATCACTTCTA,,0,0
-1.556,0.04211,TTAGAACCGAAATTTC,S136T S231R,2,2
-1.556,0.01682,CTATTTACAAATTCTA,L367R E410L,2,2
-1.557,0.05601,TATCAACCCTAAAGTT,R383F,1,1
-1.557,0.02497,CATCCCTACGGAGCTC,V166G V490M,2,2
-1.557,0.005193,ACCAATCATCCATCAC,N296K,1,1
-1.557,0.01563,CTGAACGTCTCTCACC,S91R,1,1
-1.558,0.02128,AATAGTCTGTAGAAAC,P162K K368R,2,2
-1.558,0.001337,CCTTATACACTTAAGC,D415L,1,1
-1.558,0.02786,CCTAAAGGGCAAATCA,T10A,1,1
-1.558,0.01344,AGTCGATATTTATCCC,N445F,1,1
-1.558,0.00334,CACAAAAGTAAGCAAA,L244K,1,1
-1.558,0.02335,AGGCAATAGGAAAGAA,Q407C,1,1
-1.559,0.05825,TAACCTAATAAGAGTA,S149T R405S,2,2
-1.559,0.0529,TATACAGATGACTAAT,R255K,1,1
-1.559,0.02586,CCTCGTTGCAAGCAAA,I232L,1,1
-1.559,0.02475,GTTGATCTCAGAAAGA,I236Y,1,1
-1.559,0.0387,AGACATAAACAGTTTC,L177M,1,1
-1.56,0.01903,GTACTGCCCAGTACAG,I288A,1,1
-1.56,0.002944,CTGACGATGAGCAAAG,A304S D348F,2,3
-1.56,0.02897,TAAAACAAGAGAGTCA,E484I,1,1
-1.56,0.01995,CTTATGAAAGGAAGAA,P169N P221S,2,2
-1.561,0.1048,AGTAAAATTGCATATT,Y233M,1,1
-1.561,0.04611,ATACAAACGCCCAAAC,Y105H,1,1
-1.561,0.1647,CATAATAAAAAAATAC,T30H,1,1
-1.561,0.01624,CATCTTATAAGGAGAA,N133W S219D,2,3
-1.561,0.1647,CCCGATCGAATGAAGA,E398G,1,1
-1.561,0.2306,GCATACATAATTTACT,N285Y,1,1
-1.561,0.2306,TATACAAGAAGTAGTC,L496C,1,1
-1.561,0.0124,TGGGAAGGAATGTTAA,M462Q,1,1
-1.561,0.2306,TTAAATATTTAAACTT,T12I Q501H,2,2
-1.561,0.06781,ACGGGACCTCATATAT,D101N E457I,2,3
-1.561,0.003552,TATCGTAAATACTACT,L151V,1,1
-1.562,0.01016,TCACAAGGTTCTTTAC,I274Y,1,1
-1.562,0.02296,CATGAATCACCGAACA,D68S,1,1
-1.562,0.02731,AAAAATTATCAAACTG,,0,0
-1.563,0.02242,GCTAGAAAAACATCAA,Y257S,1,1
-1.563,0.0211,CTAGAAGACTTATGAT,S95W,1,1
-1.563,0.0211,TAGTGCCTGCACAATT,I214H,1,1
-1.564,0.07112,TAACAGAAAAAATTAA,N126D,1,2
-1.564,0.008242,TATTCAATAGTAATCA,N483K,1,1
-1.564,0.03919,TTAGTGTGAGCTATGT,V309Y,1,1
-1.564,0.08113,GCAAAACAAATGGTTT,Q57W,1,1
-1.564,0.08113,TTATCTGCAGCAGAAT,K2S,1,1
-1.564,0.01183,CCATAGAAGACACCTG,E344T,1,1
-1.564,0.009307,TACAACATCATTCATA,D85Y,1,1
-1.564,0.009949,AGTAACGTACTTCCAC,S54C S312R,2,2
-1.564,0.02985,CATCGCATCTGAACGA,L118V K411T,2,2
-1.565,0.09442,ATAGATGAAATTGTGA,A372N,1,1
-1.565,0.006058,AGTGCATTCGCCGTAG,G404I,1,1
-1.565,0.01415,CTAAACCTTTGTTGCC,S422E,1,1
-1.565,0.02515,AAATTGAAAAATACAA,S107W,1,1
-1.565,0.02094,GGCATGTCTAACCCAC,T24Y,1,1
-1.565,0.05383,CGACTCAGAACAAAAA,N133K,1,1
-1.565,0.05383,TTGACAAATTCAATTA,Q197M,1,1
-1.565,0.1129,AAAAATGAAATCGAAT,Q211R,1,1
-1.565,0.1129,AGACGATCGTTACAGC,,0,0
-1.565,0.03764,TGGACATTCAAAAAGG,D375W,1,1
-1.565,0.01613,TACACACATATCATAA,Q197R,1,1
-1.566,0.05937,AACCGAATAGGAAACA,F120H,1,1
-1.566,0.01979,GAACAATATTTATCAA,,0,0
-1.566,0.005449,ATCAACTTAATGGTAC,D85Y,1,1
-1.566,0.04027,ACATAACTTTTACAAA,E484T,1,1
-1.566,0.01817,TAGAGACGCCGGGACA,K411W,1,1
-1.566,0.06619,CCCTTTATGCGTTATC,S156D,1,1
-1.566,0.06619,TAACTTAATTTTCTCT,D474E,1,1
-1.566,0.007299,GTTTACTGCTTAAGTA,V166N,1,1
-1.566,0.01388,CGAAAATGAAGAGTAA,S145I,1,1
-1.566,0.04681,AACTTAAGTAACCACA,S193W,1,1
-1.566,0.04681,ACGGCAAGATTAGAAT,N159I,1,1
-1.566,0.1404,CAAACCATTACAACCA,I374G,1,2
-1.566,0.1404,CCAATAGATTGGGAAA,,0,0
-1.566,0.02809,GACAACCCTCGATGTT,N152D,1,1
-1.566,0.006172,ACTCACACAATCGATT,I58V N464M,2,2
-1.566,0.02389,GTACGTTCCAACCGAC,,0,0
-1.567,0.00743,TAATCACTCAAAATGC,N190Q,1,1
-1.567,0.05095,CTATAATCCAATCAAT,H435Q,1,1
-1.567,0.03864,AACAGACCAAAAGTAC,,0,0
-1.567,0.03864,ACGTACGACCCAGCAA,D73A,1,2
-1.567,0.03864,CAGAACAAGAAGGTGA,,0,0
-1.567,0.004851,AGATGACTATCAAACG,R299E,1,1
-1.567,0.01244,ATCTTCATTAATGGTT,I202F,1,1
-1.567,0.05589,GAAATGTCCCAAATAT,G142K,1,1
-1.568,0.08592,GACACGAAATATATAA,S149E,1,1
-1.568,0.01595,ACCTACAACCGACGAC,K121E M168F,2,3
-1.568,0.03714,GATCATGTACCGAACC,T10L,1,1
-1.568,0.1857,TAAATGTCACTAATTA,S209M,1,2
-1.568,0.1857,TTTGTATGACAACTAT,G379E,1,1
-1.568,0.04837,GCTTCTTCACCCCATA,K50A,1,1
-1.568,0.008428,GAAAAAATTGTGCCCA,D461E,1,1
-1.569,0.01659,TAATCTATTACTTGTC,K276L D461P,2,2
-1.569,0.101,AAGACCATCATAAAAA,R33Q,1,1
-1.569,0.101,TTTAGCACGTTACTCC,E457I,1,1
-1.569,0.01708,TAATAACCTTATGAGT,,0,0
-1.569,0.01207,TCCTAAACAACTAAAT,I245L R405G,2,2
-1.569,0.0528,TCAAAAAAAAAAGCAA,V323T,1,1
-1.569,0.004601,AACCCAACAAAAACCC,Q173M,1,1
-1.569,0.009641,GGGACAGAACTTGCTC,S114R,1,1
-1.569,0.02172,GAAAGACTGTCCTCAC,D85M,1,1
-1.57,0.02257,ATTAAAAGTACACAAT,Q501T,1,2
-1.57,0.03251,CTCAACGAAACAAAGG,,0,0
-1.57,0.03811,CCAATTACAAAAAAAT,I160P,1,1
-1.57,0.01329,CTGCCGCTCTACAAAT,P103H,1,1
-1.57,0.02005,AAAGTATAACATTACT,K368N,1,1
-1.57,0.1224,AACACTTCTTCACTAA,E410K D493Q,2,2
-1.57,0.04081,CGAAGATCACTTATTC,,0,0
-1.57,0.009417,ATAACCCTTTAACCCA,F79G,1,1
-1.571,0.02077,GTAAACAGCCACCGGC,Q57S L431I,2,2
-1.571,0.05003,AAATTCTCTCAATACA,K207T,1,1
-1.571,0.01088,ATAAATTGTAACTCAT,,0,0
-1.571,0.02387,CTCTGTACTAAAATAC,R220K M444I,2,2
-1.571,0.03325,CAGAAAAACTAGAAAA,M462N,1,1
-1.572,0.01792,ACAAATAAGAAACAAA,E457G,1,1
-1.572,0.04198,TTCCTTTTAGTGACTT,E119M,1,1
-1.572,0.02273,AATTCACCAATTTAAG,R90T,1,1
-1.573,0.06054,GACCGTTAGATGATCT,A430M,1,1
-1.573,0.01018,TCTGGCTGATAACATC,R261Y H393P,2,2
-1.573,0.1554,AATCACGCACAAATGC,S96D K452A,2,2
-1.573,0.1554,ATAAAACCCCAAACCA,,0,0
-1.573,0.1554,CAGAGCCCGCGAATCT,,0,0
-1.573,0.04528,AAAAAGTTGACGAGCA,H17F,1,1
-1.573,0.01873,GTGATAACGAATCTAA,L108I,1,1
-1.573,0.1085,TAGGAAGACAAGGTGT,,0,0
-1.574,0.08333,CAACAACAAATTTATC,K50R S378A,2,2
-1.574,0.04914,GGCTTAATAACACCTA,I418R,1,2
-1.574,0.04914,TTAAAAGAACGTGAAG,T167R,1,1
-1.574,0.005148,CACCAAACACTATGCG,Q191S,1,1
-1.574,0.03484,CCTTTACCTAAACGTA,T135D,1,1
-1.574,0.02918,TTCTAAAATGATTAAG,S114Q,1,1
-1.575,0.01269,GAAAGTCCAAAAAAGA,S144N,1,1
-1.575,0.01737,CTGAAGCCAACTTCAA,E414K,1,1
-1.575,0.006526,ATTGAACCATTATGGC,V413F,1,1
-1.575,0.02832,GTAGAACTGGTTATTG,A372H,1,1
-1.575,0.04673,AAGAATCAAAACCATC,K450I,1,1
-1.576,0.01063,AATTATTAACTAAAAA,Q211R S247A,2,2
-1.576,0.07663,GCCATAGCCCCATTAA,P55T,1,1
-1.576,0.02978,CCAACATTCCACTTCA,,0,0
-1.576,0.03964,TGCATAAAAGTAATTC,K315R,1,1
-1.576,0.02673,CCAGCCGTACCATTTA,G200H K278V,2,2
-1.576,0.1336,CGATTACAAATCTAAT,M444I,1,2
-1.576,0.02673,TACATGAAACTCTTTC,R109T,1,2
-1.577,0.03441,GTAAGCCTTTATGTAG,L157G,1,1
-1.577,0.05924,GAGTCATGACAAAATA,N63S,1,1
-1.577,0.03805,CTATAATTAAATTACC,Q501L,1,1
-1.577,0.03805,TAAGATCATCAATCAT,D461P,1,1
-1.577,0.004609,CGTCCATGCAATAGAA,F125C V413M,2,2
-1.577,0.07094,CATAATAAATTTCCAT,,0,0
-1.577,0.04256,TTGTACACTCGTTCCA,A272S K292N,2,2
-1.578,0.01346,TGAAAAACTCTACAAA,S156I R383S,2,2
-1.578,0.04828,CGCTTAGTCGGATCAG,V223N,1,2
-1.578,0.009924,AGGTAAAAGTCCAAAC,G49D E325N,2,2
-1.578,0.01129,TGTTAAACACTCCCGA,N159R,1,1
-1.578,0.02946,ACCTCTCCTACCTACT,,0,0
-1.578,0.02946,GAATCACACAGGTAAT,D85Q N475T,2,2
-1.578,0.04074,ATTAGCGGATGCCGCG,,0,0
-1.578,0.02074,ACTCCTCTCATGAAAA,T235S,1,1
-1.579,0.02201,TACGATTCTTGACACT,,0,0
-1.579,0.009688,GCTAAACTAAAAAATA,D415R,1,1
-1.579,0.0203,AACCAGCAAATAACCA,I395G,1,1
-1.579,0.1172,TACAAACGATTTTACA,N424G,1,1
-1.579,0.0527,CTATGAAATGAAGTAT,S137F,1,1
-1.579,0.0527,TCGTACTTTAAAATAG,S199N,1,1
-1.579,0.02288,GCTAAAAACAGGCTGG,L455F,1,1
-1.579,0.03007,ATCGAAAATATAAAGC,T10D,1,1
-1.58,0.08089,TCTCCGACAAAAATTA,G129D,1,1
-1.58,0.03754,AGACTTGTCTACTAAA,E426F,1,1
-1.58,0.008611,AAGGTGATCACTTCAT,D104L,1,1
-1.58,0.03282,TTTTATAGTAAAAATA,D408M,1,1
-1.58,0.06175,TCTTGAAGTTTTTACA,N22Y,1,1
-1.58,0.04994,AGTAGACACTAACAAC,T12M A373T S378N,3,3
-1.58,0.04994,GCCTAATTACATTTAA,Y233Q,1,1
-1.58,0.008384,ATGTCCTGTCCCTAAA,N458Y K468M,2,2
-1.58,0.01746,TAACCTCTGAAAGTAC,K292A,1,1
-1.581,0.01835,CATTTAATTCCGATAT,E403T,1,1
-1.581,0.174,AAAAATGCTACATTGA,,0,0
-1.581,0.058,CAAAACTATAGGACAA,S96Y,1,1
-1.581,0.058,TCCAAGTAAACAGGTT,,0,0
-1.581,0.058,TCTACTGGTCCATTGC,S442C,1,1
-1.581,0.058,TTACATCATTAAACAT,G479S,1,1
-1.582,0.03853,TCTTGTCTCAACCTAA,,0,0
-1.582,0.06916,TGCTTGAACAAAACAA,,0,0
-1.582,0.028,AATTAGCATAGCCAAA,T40D G78M,2,2
-1.583,0.04316,TTATATTAACACCAAC,I300D,1,1
-1.583,0.004796,AATCCGAAGTCAAAAC,E359D,1,1
-1.583,0.03137,AGACGTCATTGTTGGA,N8V I300H,2,2
-1.583,0.0941,AGAGGGGGTTAAGACA,E35K,1,1
-1.583,0.03137,GTAAAATTGTTCTCAC,K468L,1,1
-1.583,0.008143,CGGTTGGAAGATCACG,G504R,1,1
-1.583,0.0272,CAATTTAGACCAAAAC,P306S,1,1
-1.583,0.02199,AGAGATTCATTCTGAA,I267T,1,1
-1.583,0.03037,GGAAATTTAAGATACC,P221G,1,1
-1.583,0.04129,TACCTGGTTTAATTGG,S46W I217Q,2,2
-1.583,0.06449,CCGCAGAACCCATATA,N483G,1,1
-1.583,0.02343,CATTTAAATAAACCTT,P227T,1,1
-1.584,0.003282,CACAAGAAGCTTCTTT,D60P R361M,2,2
-1.584,0.1472,AAAGAATCAAATAATA,V323W,1,1
-1.584,0.04905,AAATTAATTAGAGCAA,G200E,1,1
-1.584,0.1472,AACAAAGCTGCGCCTC,E449W,1,1
-1.584,0.1472,AACATATCTCACTAGA,,0,0
-1.584,0.005066,TGCTATAGTCTAACTC,W421D,1,1
-1.584,0.01301,TAAATTTAAACAACAA,K292F,1,1
-1.584,0.08565,AAATACGCTCAAAAAG,,0,0
-1.584,0.08565,AGCCATAACGTACTAT,A69F,1,1
-1.584,0.04665,CCCACGAGTTACGATT,L157N,1,1
-1.585,0.01164,CCGGCAATGAACATAC,T416D,1,1
-1.585,0.01673,CTATACGAACTTACAT,K397M,1,1
-1.585,0.01325,ATTAAAAGTACATGAT,F147M,1,1
-1.585,0.1275,ACAAACAACCAAGCAT,S145I N497Y,2,2
-1.585,0.0425,ATAGTACCCAATATTG,C64* S107Q,2,2
-1.586,0.01396,ATTACCTAAAAAGCAG,F353Y,1,1
-1.586,0.05361,ATTGAAAAAAATCAAG,,0,0
-1.586,0.02826,CATCCCGCACAGGGCA,I395R E403K E460*,3,3
-1.586,0.009674,ACCTATGTGTACTCAC,D241N,1,1
-1.586,0.01538,TGCACTGGGCCCCTCG,V112A,1,1
-1.587,0.02668,ACCTAAGAAATGACTT,P324E,1,1
-1.587,0.01045,CAGATTCTCAGAGAAA,A11D,1,1
-1.587,0.007289,ATAGAGGTAGCATATC,V223D,1,1
-1.587,0.0482,ATGGAGAGTTACCAGA,I418T,1,1
-1.587,0.0482,TTGGAAAAAAATCCCA,K315I,1,1
-1.587,0.009177,ATGTTTAATTATACAC,Q376W,1,2
-1.587,0.01097,TAGTAAAAACATTTGC,L59R N445H,2,2
-1.588,0.01832,CAGGCTAGGACTCGCT,Q356L,1,1
-1.588,0.008756,CATGACAAAAGTCCGA,T37I K380N,2,2
-1.588,0.1006,ACACTGTTGTTATTTT,S422E,1,1
-1.588,0.05911,GAGTGCCTAATCTACA,I418V,1,1
-1.588,0.05911,TCACGAAGAAGCAGAT,I374L,1,1
-1.588,0.04185,TGAAGTACAAGACTTT,D60E,1,1
-1.588,0.006787,AATCCGTACTTGTGAT,A93G K310Q,2,2
-1.588,0.0324,AAGTTAGTTTAACGTT,H184G,1,1
-1.589,0.04009,AAAAGTACTACAGCAA,P169I,1,1
-1.589,0.05566,TACATAAACTTACGTT,P169Y,1,1
-1.589,0.0143,GAGCAGTTCATACCAG,H18T N94D,2,2
-1.589,0.02852,GGAGGTTCCGAATAAT,V490E,1,1
-1.59,0.00297,GTATCGCCGAATAACG,S369H,1,2
-1.59,0.2492,CATAATAAGAACTTTT,E119Y,1,2
-1.59,0.2492,TTAAGGAAGCTGATGT,,0,0
-1.59,0.08308,TCGAAAAGATAACTAA,Q363W,1,1
-1.59,0.03432,AAATGTTTAGCCAAGA,P239N,1,1
-1.59,0.04737,ATTATAAAAAAAAGAG,A425Y,1,1
-1.59,0.04737,TTATTTAAGTGCTGCA,E119F K238S,2,3
-1.59,0.01243,GAACCTACGACACGCC,E359F,1,1
-1.59,0.002171,ATTCCTGGCATATACC,N165H,1,1
-1.59,0.07642,GATAGAAAATACATAA,L439W,1,1
-1.59,0.07642,GATCCAGATTATTCTA,T416N,1,1
-1.59,0.07642,GCATAATAAGCTGCCA,,0,0
-1.591,0.04309,TGACCAATTTCTTATC,,0,0
-1.591,0.07075,TTTTATAATCTTTAGA,R33K I282W D408N,3,5
-1.591,0.03001,GCTACAGATAACTTTG,Q454K,1,1
-1.591,0.02909,AACTATAGAACATCCC,,0,0
-1.591,0.06587,CCTGACTAACCAAACA,E325V,1,1
-1.591,0.1976,CTCGACTATATACGTT,T416Q,1,1
-1.591,0.02742,AATGCAAAGGAAGACG,,0,0
-1.591,0.02742,CAAAAGATACGAACCA,S144Y,1,1
-1.592,0.006998,TCACCCCACCAAAAAA,K292W,1,1
-1.592,0.005263,AAATTCCAAACAGAAT,I418W,1,1
-1.592,0.004205,CGCGTTCATTACAAAA,I3C I260M,2,2
-1.592,0.02459,CGCCTGACTACATAAA,E484K,1,1
-1.592,0.1637,AAAATTGCACAAAAAA,,0,0
-1.592,0.02339,CAGCTCAATGGCGAGA,E325Y,1,1
-1.592,0.05457,TTTTAAACTATACTAG,G240C,1,1
-1.593,0.02229,AACACATGACTACTAA,Q363W,1,1
-1.593,0.05161,CAATGCTTGACTCACA,A212D,1,1
-1.593,0.05161,TGATTGCTTAAATGTA,L316V,1,1
-1.593,0.03064,AACGAACTGGCACTAT,D60N,1,1
-1.593,0.04897,GCCACTACAGGCACTT,N158E,1,1
-1.593,0.1397,TTGAAAAACGCAAGGC,G463M,1,1
-1.594,0.1219,AAAAAATTAAATTACC,D60F,1,1
-1.594,0.01982,CTACAAACATAATACA,S312K,1,2
-1.594,0.09707,ATCCTCGACGCACATA,F467W,1,1
-1.594,0.09707,TTCGTATATATAATCT,E403R,1,1
-1.595,0.01903,CTGATGTACCTCGCAA,G249T,1,1
-1.595,0.08811,AAAAATGGTAGATAAA,S95Q,1,1
-1.595,0.08811,AGTCTGCTCTACTATT,Q132D,1,2
-1.595,0.08811,AGTCTGTAATTCCCTA,,0,0
-1.595,0.08066,ACTATCACAAAAATGA,,0,1
-1.595,0.07437,AAACTGGAGGCGGGAG,K397S,1,1
-1.595,0.07437,GTATAATAATTACATA,T235M,1,3
-1.595,0.01465,AGTACCGTTATACAAA,S199C,1,1
-1.595,0.06899,CGAGCATAATGATACA,N424I,1,1
-1.595,0.06899,CGGGACGTATAACTGT,P221F Q311Y,2,3
-1.595,0.06899,TAATAAGACGTATAAA,I288C,1,1
-1.595,0.003085,AGGAACCTCATTTCTA,G504L,1,2
-1.595,0.06434,ATACTGAATCCACAAC,I335F,1,1
-1.595,0.06434,GTGACATCACCTAATA,,0,0
-1.596,0.02098,ATCGTATTTTGATATA,N158A D375S,2,2
-1.596,0.05669,ATAATGAAACAGAAAA,G142R,1,1
-1.596,0.05067,AGAAGCCCTTACGTAC,D375R,1,1
-1.596,0.05067,TTTCAGACAAAAATGA,N475W,1,1
-1.596,0.0458,AAACCAGCAAGAGCTC,Q210R,1,1
-1.596,0.0458,AATACAAACGTCCATG,S270M,1,1
-1.596,0.006327,AAGCGTAGGCAACTAC,A372R,1,1
-1.596,0.03694,AAAATCTATCATATAC,T37V,1,1
-1.597,0.007484,AATCAAACAGGAGTCA,L427W,1,1
-1.597,0.01099,TCATTTAAACTCTATC,K368H V490T,2,2
-1.598,0.01729,TTTATAATCCCAATAC,D225L,1,1
-1.598,0.02435,CGCTCTGATAAAAACT,N290P,1,1
-1.598,0.02637,GCGAATTCCCTAATGT,T485G,1,1
-1.598,0.03162,AATCTATCAGACAAAT,K450I,1,1
-1.599,0.03386,ATTACTGCGACCCAGT,,0,0
-1.599,0.03645,AGGAACGGACCAGAGC,A69G,1,1
-1.599,0.04976,AAGCACTCAAACTTGC,F467M,1,1
-1.599,0.01039,CTGTCTAAAGACAGAC,K2D,1,1
-1.599,0.001934,TAACAGAACATAACGG,E41Q K452R,2,2
-1.599,0.0525,CCTTTTAAATCTAAGT,,0,0
-1.599,0.06288,GGCAAATATACTAAAT,G379V,1,1
-1.599,0.06288,TAGCCACAGACTCCGT,K368D,1,1
-1.6,0.02192,AGACCACCCAGCTTCG,S156D,1,1
-1.6,0.07837,TTTGATAAACTACGAA,S266Y R299G G504R,3,3
-1.6,0.02686,TAAGGATAGAAACATC,S287V,1,1
-1.6,0.08539,CTAAATAAATGTAAAG,K503A,1,1
-1.601,0.104,TGAACACAAAGACAAG,,0,0
-1.601,0.01728,CTATACCTCCCGTCAT,D175N V490K,2,3
-1.601,0.04057,TGCCGTGTCCAGTATC,K411G,1,1
-1.602,0.0266,TCAGATTTGAAACATA,S442D,1,1
-1.602,0.133,GTAACAAGTATCAATA,P21K N216H,2,2
-1.602,0.01979,TGTAACCGGAAAAAAA,K397H,1,1
-1.602,0.02021,ACGCAAGGTTATGACA,T235M,1,1
-1.602,0.04888,CCTAATAATTTTAATC,T65Y,1,1
-1.602,0.006582,GTTCGCACCCTAGGCA,E457V,1,1
-1.602,0.01717,ACACCGCAGTAATACG,I300A,1,1
-1.602,0.05152,AACTCTTTTGTAAAAA,A93T I214F,2,3
-1.603,0.03195,TGAAATATAATATCCA,E457T,1,1
-1.603,0.01782,ATTTTTTATTAAACTA,D415N,1,1
-1.603,0.006091,GTACATTACGTCACGA,T65V,1,1
-1.603,0.03424,AATCGGAGCAGTATAA,S209Q,1,1
-1.603,0.01965,AGCAACTAGGGCTTAA,D32R R141K,2,2
-1.603,0.03551,AGTATACGTATCACTG,N483S,1,1
-1.603,0.03551,CTAATTGCCGACTCAC,S205W,1,1
-1.603,0.02564,ACTCAAATGATAACAC,D73V,1,1
-1.603,0.1844,AATAATCAAAAAGAAA,G379D,1,1
-1.603,0.06148,ATCCTTAGGCCACATT,G263R V490C,2,2
-1.603,0.1844,TTAATGAAGCTCCCCG,I267Q,1,1
-1.604,0.02789,ATAGCCAAGATAACCA,R383E,1,1
-1.604,0.07058,GAACACTCATATTACT,F195N,1,1
-1.604,0.006947,TTTCACAAGAATAAAG,G78C A430S,2,2
-1.604,0.02412,GTACTAAAAACGAAAC,V36C,1,1
-1.604,0.03158,GTTTCAGGGCCATTCA,,0,0
-1.605,0.2286,CACCGTTGATAACACA,T440M,1,1
-1.605,0.02173,ACCAGAAAAGTTCGGG,G129E,1,1
-1.605,0.04803,GATATATTACGTTATC,M462D,1,1
-1.605,0.01267,AACTTTCTAGTTTCCT,A196E,1,1
-1.605,0.004849,CCTTTAGAACACACTG,R229Q,1,1
-1.605,0.01937,AATCCTAAGTGACCAC,Q57P,1,1
-1.606,0.006593,ACAATCCCATCGAGAA,S96K,1,2
-1.606,0.006473,CGGACTTTAAAACTGT,D375E,1,1
-1.606,0.05658,AACTTAAAAGACTTTA,A372M,1,1
-1.606,0.05658,TAAAATCGACAAAACC,D366N,1,1
-1.607,0.01706,ATTGAAGAAATAAACA,,0,0
-1.607,0.02259,ATTTTACTAGTAACAC,G333Q,1,1
-1.607,0.02815,ATCTTAAAACCCTATG,A19T N122W,2,2
-1.607,0.01637,CACCCAAACTATCAAT,N475K,1,1
-1.607,0.04499,TGCCGATACGGACAGT,T206C,1,1
-1.608,0.01284,ACGCTACAATAGGCTA,V204M M268I,2,5
-1.608,0.03593,AAATACATAAGACAGA,E426V,1,1
-1.608,0.01911,ATTCAGTTTAAAATTT,S193Y,1,1
-1.608,0.04721,AATAGACGCCCTAAAA,S107H,1,1
-1.608,0.00741,TACATTATATGAAAAT,L157C,1,1
-1.608,0.03734,CCGAATAAATCTTCTT,A430V,1,1
-1.608,0.03734,GACGTCCCCGCGTTTG,I236K,1,1
-1.608,0.112,TTTGAATCCTAAATAT,,0,0
-1.608,0.01469,ATCACAACACGGGTGT,W234C,1,1
-1.609,0.03191,AATACTGCTCACGCAC,E410K,1,1
-1.609,0.04051,AATAACAATACCAAAG,,0,0
-1.609,0.01779,ATGACGTCCTTACACC,,0,0
-1.609,0.0342,GGATCGCAAATGTTTA,I418A,1,1
-1.609,0.1269,TAAACCATAAATGCCA,E414Q D487N,2,2
-1.609,0.1269,TCACTTAAACGTCAAC,Y100I,1,1
-1.609,0.0423,TTTCGTGTTATTTCTA,,0,0
-1.61,0.01848,CTCTGAATACTCAAAA,A372C,1,1
-1.61,0.04427,GACTATCTTAATGTTA,G200Y,1,1
-1.61,0.02107,ACAGGGGGGACATCAT,N464Q,1,1
-1.61,0.08043,AAAAATTACAAACTGT,G240E,1,1
-1.61,0.08043,AAAAGATAACAACCCC,,0,0
-1.61,0.08043,TAAAGACATTCCAACA,V166M,1,1
-1.61,0.009022,GACTCGACCACCTCCT,S205W,1,1
-1.61,0.01244,CAAATTTAACCATTAC,K315T,1,1
-1.61,0.05887,AGGACTAACCGGTTCT,R109E,1,1
-1.611,0.04642,CACAAATAAATTCCAA,Y257H,1,1
-1.611,0.01,GCAATGATAACCGTAC,S358D,1,1
-1.611,0.01872,TACACATGACAGGTGT,R405N,1,1
-1.611,0.01599,AGTTAGGCCACCGATT,H18K,1,1
-1.611,0.00328,TCTAGTTAAATAAAAT,T235C,1,1
-1.611,0.08783,ACACAAACTGTTCACC,D77W,1,1
-1.611,0.1464,ACCTCTGAAAACTAAT,A364S,1,1
-1.611,0.08783,CATTTTCAAACCAAAA,P284C,1,1
-1.611,0.03992,GAAAACAAGCTTACCA,E410K,1,1
-1.611,0.005351,CGTAAAATCACAGATT,P162L,1,1
-1.612,0.01948,CAAATATCAATAGGAT,E396G,1,1
-1.612,0.0302,TAAAGACATATCGTCT,V413W,1,1
-1.612,0.03119,ACAAGTACAAGTAAAA,S96M,1,1
-1.612,0.03119,GATACTGAACCTGTCT,N81P,1,1
-1.613,0.03225,TACAGAAATATGTGAC,,0,0
-1.613,0.05436,ATGTTACCAACGACAT,L244Y,1,1
-1.613,0.05436,CAAACAGAAAGCACTC,E449Y,1,1
-1.613,0.05436,TCGGAGACTTAAAAAC,E410I,1,1
-1.613,0.01581,GATGCTTGCACCAAAA,D419M,1,1
-1.613,0.01423,AAGGAGAACCTGTGTT,K503F,1,1
-1.614,0.1729,AAACAGTGGAAAACAG,Y302M,1,1
-1.614,0.1729,ATTGGCATTAAAAATA,I267L,1,1
-1.614,0.1729,TAAAATTCTAAGGATA,,0,1
-1.614,0.03084,AATCATATAAAACACT,I179M,1,1
-1.614,0.01306,GTGAACGAGGCACTCT,N31S,1,1
-1.614,0.1077,TCAAAATCCAAGATTG,L42M,1,1
-1.615,0.01871,TTCAAACTCCAAACAA,D408G,1,1
-1.615,0.07816,AAGTTCTAACTCAAAA,G352A,1,1
-1.615,0.07816,ACTAACCACCGGTCCA,E410L,1,1
-1.615,0.06135,CATGCATACTTAAAAT,V406M,1,1
-1.615,0.02678,AGTCATTACCAATCAA,I3Q,1,1
-1.616,0.0231,CTGAAGGCCAAAAGAT,,0,0
-1.616,0.02513,TAATCACTCATGAAAT,E403V,1,1
-1.616,0.02756,AACATGTTCAAACACG,Q363L,1,1
-1.616,0.0388,ACATTTCCTCGAATAC,Q501D,1,1
-1.616,0.008208,GACAGAAAATGTGCAA,E172F Q501A,2,2
-1.616,0.05331,CAAGTCAGGATTATAT,L427W,1,1
-1.616,0.007286,ACCCCTTCGTAGATCA,E410G,1,1
-1.617,0.1213,ATAGTCTTTTTATCCG,I260L E410Y,2,2
-1.617,0.006289,CTTCGAGCTCAGAATA,L71F,1,1
-1.617,0.04713,TATTACCCATAATAAC,I202A,1,1
-1.617,0.03259,ATTTTTGGGTTATTTG,L86C,1,1
-1.617,0.05646,CAAACCTTAAATAGAT,L151V,1,1
-1.617,0.05646,TGCGATTCAGTCAAGT,L154M,1,2
-1.617,0.02347,CGAATCCAGACAAGAA,P169R,1,1
-1.617,0.04224,TTCTGATTAGATTCAT,,0,0
-1.618,0.03374,TCGAGTATCGTCGCAA,M462L,1,1
-1.618,0.04958,AGCATAATCAAACCAC,,0,0
-1.618,0.04958,TAGGAGAAGTAACCAT,,0,0
-1.618,0.008869,CGATTTTTTCTTAACG,V309P,1,1
-1.618,0.06002,AAACCATATAAACCCC,S270C,1,1
-1.618,0.06002,ATATCATGTCGCTCGT,,0,0
-1.618,0.06002,CTTATGAATCTTAAAC,,0,0
-1.618,0.06002,TCTTCCTCTCCAGTTA,Q376D,1,1
-1.618,0.03498,TTATTTATAGAAGACA,,0,0
-1.619,0.02327,AACCGTTCCGCAAGGA,I418C,1,1
-1.619,0.0523,CTGACAAAATCTACTT,,0,1
-1.619,0.0152,ACGAGGCGGGTTGTAT,R255Q,1,1
-1.619,0.07601,CGAAAGACCAAACGGA,P273T,1,1
-1.619,0.07601,GATGTATAAATGAGAA,G218L,1,1
-1.619,0.139,AAAACACCGTCAAAAA,G49A,1,1
-1.62,0.06405,AGAAGAGCGCTTAATG,D225I,1,1
-1.62,0.02029,TGCATTACAGCACAAG,N45R,1,1
-1.62,0.02864,CGAACCTGAGTTTTGT,K50D S114N C139R,3,3
-1.62,0.05534,TACCGAGATAACCACT,V20T,1,1
-1.62,0.1036,CTAAAAAACCCCAGGT,,0,1
-1.62,0.009005,AGCACAGACCATTAGA,R33I,1,1
-1.621,0.009515,AACGAATTTTAAAGGA,N165Q,1,1
-1.621,0.02365,TACTCCATGCCATTAA,,0,0
-1.621,0.01881,AAATAATTAATAAACT,Q327I A430W,2,2
-1.621,0.0435,CTCCAGGCATCATAGT,E359V,1,1
-1.621,0.02119,ACCCAGCCACAAAACT,P239T,1,1
-1.621,0.08259,AGGTAACTGCTATAAG,Q164T,1,1
-1.621,0.08259,TGCCACCAGCCTAAGA,N159V,1,1
-1.621,0.0393,GCCCAAAGAAAGCCAG,L157G,1,2
-1.621,0.06866,AAATATAATTTCACAA,,0,0
-1.622,0.0119,TATACTAATTTAGGAT,E344W,1,1
-1.622,0.04099,AAGTAACGTGAAGCAG,Y161G,1,1
-1.622,0.0128,ATCCATTATTTTGTCC,R222I G386R,2,2
-1.622,0.03724,AACAAGTCCAGAAAAG,R261P K391M,2,3
-1.622,0.03724,TTATGTGCTCACCTTG,N22W,1,1
-1.623,0.01457,TCTATAGCAGAGGTTA,K292S,1,1
-1.623,0.1163,GAAGCTTAATCGCTAA,E83A S144R G345D,3,3
-1.623,0.1163,GTTGCAATAAAATCAC,R224S H435Y,2,2
-1.623,0.03014,ACCATTGATATATAAC,,0,0
-1.623,0.1628,ACGAACACATTCAACG,R109Y,1,1
-1.623,0.2713,AGATATAGTCCTACAC,,0,0
-1.623,0.2713,CTATAACCACATGAGC,L428I,1,1
-1.623,0.2713,GATAGCGTGCGGATGC,,0,0
-1.624,0.01026,AAACAATTGCAACAGA,R224H,1,1
-1.624,0.02891,CAAATCCAGTGCCCCT,R269P,1,1
-1.624,0.01472,CAAATCTCGCTTCGTT,G78P,1,1
-1.624,0.03675,ATAGGTCGTTTGTAGA,,0,0
-1.624,0.007687,CGAATGACTTGAGGCC,G352L,1,1
-1.625,0.02012,AAATATTAAGACTGGA,G62A K453I,2,2
-1.625,0.02012,GGAATACTCTATGACG,,0,0
-1.625,0.03217,CATGATAGAAAATAAA,Y423H,1,1
-1.625,0.01641,GTACTTGATAGTCATT,N122V,1,1
-1.625,0.06699,TGTCACTGAAAGCGCC,,0,0
-1.625,0.01132,GCCAGAACATCGCCCC,E344F,1,1
-1.625,0.01146,CCGTATAAGTACAGTA,K315A,1,1
-1.625,0.0802,CCTTATCAATAACCCA,,0,0
-1.626,0.09989,ACCCCAAACTAAATTG,D438Y,1,1
-1.626,0.09989,ACGCCACCGATGCATG,T30D,1,1
-1.626,0.05321,ATTTTTAGCTAACTAC,D7W,1,1
-1.626,0.06122,ATTACAACGGGATAGT,R269D,1,1
-1.626,0.004297,AATCCATGGACAGATA,K452V,1,1
-1.627,0.01984,GACTGTAAGACCACTC,G362S,1,1
-1.627,0.007346,ACCACACTACACTCAA,S219C N498R,2,2
-1.627,0.07206,TTAAGGCTTAAAACCT,,0,0
-1.627,0.0495,GTGAATCCTAGCTAAA,G62E D104H,2,2
-1.627,0.01297,GGGACCCGACAACGCA,K171E,1,1
-1.628,0.003849,ATGAATGCTTAAGTAC,N8L K397T,2,2
-1.628,0.01751,GTTAGTCACGCGACTA,,0,0
-1.628,0.02919,TCACTCTAAAATTACA,D348T,1,2
-1.628,0.01358,CAACTGTCCGTACCAA,I202F,1,1
-1.628,0.01709,TGAAACTCCTTAATAA,K397Y,1,1
-1.628,0.01308,ATTTGTATTGAAAAGA,N483M,1,1
-1.628,0.06541,CCGGGATATATCATCC,S95A K452N,2,2
-1.628,0.1962,GAATGCATCCGATATA,D271R,1,1
-1.628,0.02181,TACACGCCACGAAGTG,K315P,1,1
-1.629,0.02697,AACTTGTCTTTAAGGA,V166F,1,1
-1.629,0.009532,CGGACAAGCATCTTAC,N159F,1,1
-1.629,0.1116,AATTGTATTAAGAAAG,S378K,1,1
-1.629,0.07794,ACTGTCCGATAATCGC,V223W,1,1
-1.629,0.07794,CCAACAGAAATTTCTG,S358L,1,1
-1.63,0.04093,TACTTAGGACAACGAT,,0,1
-1.63,0.03534,TTTATTTCTAACATAG,R33F L367C,2,2
-1.63,0.0155,TAGTAACGGACCAGTA,Q191S,1,1
-1.63,0.03366,TCAAAAACTTTTATAT,D60T,1,1
-1.63,0.05523,CAACTAACGCTGAGTT,D85M,1,1
-1.63,0.05523,TGGCGGCAGTAAAAAA,L59Y,1,1
-1.631,0.07023,TAATAGGTACAGCAGA,E390V,1,1
-1.631,0.009894,TCACATTAGTTCATAA,S156V,1,1
-1.631,0.09641,CTCATAGAAAACAACT,D77N,1,1
-1.631,0.0367,AACATTGAAGAAACGA,P169C,1,1
-1.631,0.04277,TAAATAAAATAGATAC,S422C,1,1
-1.631,0.03075,CAACCCCAAAAAGTCT,P4T A11W T301A,3,3
-1.632,0.0639,ACTAAGATAAAATTGA,R405N,1,1
-1.632,0.0639,AGAACAAATATCATAC,S143-,1,1
-1.632,0.0639,TATCAGGGACAGTATA,K315L,1,2
-1.632,0.04779,GTTGACTATAGAATTT,N498W,1,1
-1.632,0.04779,TAATCATAAAGCATTA,R229K,1,1
-1.632,0.0201,CAATATCAGACCAAGG,T485A,1,1
-1.632,0.01954,GTGATATTAAACTTTA,R229H,1,1
-1.633,0.1263,AAACAAAGACAGGAAA,K292I,1,1
-1.633,0.1263,AGCACGCACTAAGTCA,,0,0
-1.633,0.04212,AAACTATAAACCACCA,S149Y,1,1
-1.633,0.04212,AAAGCGCCTCACAATA,I202M,1,1
-1.633,0.04212,ATACAGGGTAGTAGAA,,0,0
-1.633,0.05415,AAAAATAAGAACATTT,D487I,1,1
-1.634,0.02694,CCCGGTCTCAATCAGA,R141D E457M,2,2
-1.634,0.06849,AACGATTTAACAGATA,S219F,1,1
-1.634,0.006976,ATACCCTATATTAGTC,G200E,1,1
-1.634,0.01793,ATTCACTGTATTTTCA,Y105T,1,1
-1.634,0.04698,TATATCTCTATACCAT,,0,0
-1.634,0.004129,AATAAATGAGATTTCC,Q210S,1,1
-1.634,0.1073,CCGCATATATAAATAG,V43L,1,1
-1.634,0.02145,AGTATGAACCCTCGTA,L111N,1,1
-1.634,0.02145,GCAGACTAATTGACGG,V204A,1,1
-1.634,0.02145,GGTCATACGCCAACCA,G240S,1,1
-1.635,0.06246,ATAACATGAATCTATC,R222V,1,1
-1.635,0.009009,AGCTGCCAGGGTACGA,D101K,1,1
-1.635,0.009586,CGGACTCAACCTCAAT,P221F,1,1
-1.635,0.0141,CGAACAAAAATAGGTA,E457I,1,1
-1.635,0.04149,CCCGTGAGCAACATGA,E403K,1,1
-1.635,0.04149,CCGCTCGATCAAACCG,E344W,1,2
-1.635,0.02572,ACTAACTTAAGCAACC,T167K,1,1
-1.635,0.02129,TTCTTAAAAGAATTTG,V213P,1,1
-1.636,0.05311,CCCGGATTCTAAAAAC,K140P,1,1
-1.636,0.007078,TAACCAATACCCAGAC,R456K,1,1
-1.636,0.03714,ACGATTTCATTAGTGC,R92L D104F,2,2
-1.636,0.03714,TTATCACACCTAAATT,T155H,1,1
-1.636,0.2471,CAAAATAGGCTTAGTC,T313H,1,1
-1.636,0.0353,GAAGAACTAATTACGC,A430H,1,1
-1.636,0.04941,GCATTTCGAGCCAAGT,T117S,1,1
-1.636,0.2471,TAATAAGGAGAAATAC,S145K L367W,2,2
-1.636,0.2471,TCAAAGGTCTAGACAT,D77H F332V,2,2
-1.637,0.07379,AAAACTTAACTGACAA,N159S,1,1
-1.637,0.07379,GTAGTCGTAATTAGAT,E359G,1,1
-1.637,0.01153,AATGAGGGACTTGAGA,K189S,1,1
-1.637,0.02944,GCAATCGTTCGAAATC,D348S,1,1
-1.637,0.04087,TGTGCAAACTAAGACA,H18R,1,1
-1.638,0.05624,TAGTTATGGTTCCTTA,I230F,1,1
-1.638,0.05624,TGTCAAACTTTTCCCG,L439S,1,1
-1.638,0.03322,TATTATATACAGCAAA,P21S,1,1
-1.638,0.0126,AGCCGAAAGTAACATT,R229S,1,1
-1.638,0.0221,CACTTACAAATGAAAA,E432N,1,1
-1.639,0.04544,AACTAAATTATGATCC,V323E,1,1
-1.639,0.0427,CTACTTGACAACTCAA,M462R,1,1
-1.639,0.01769,GATAAATCAGTCGCAG,K310C,1,1
-1.639,0.1208,CTATAGATATAAAGAA,S369G,1,1
-1.64,0.03442,AGAGTGATTTCTACCA,E35C,1,1
-1.64,0.03138,GTCAGCGAAACATATA,V490Y,1,1
-1.64,0.01031,ATTTAAATTAATCCAC,S270A,1,1
-1.64,0.01637,AAGCTACATTACAACG,I374S,1,1
-1.64,0.07998,TACAGTTTAGATAAGG,S219W,1,1
-1.64,0.07188,TTTTAATACACATACA,S358R,1,1
-1.64,0.009576,GGAAAACGGTAACTCT,H435I,1,1
-1.64,0.06527,GCTATGCGACTAATGT,K189Q,1,1
-1.641,0.05977,AAGGATCCACTCGGGA,S378Y,1,1
-1.641,0.05977,CGGCAGCCACCCATTC,V347T,1,1
-1.641,0.01522,TAAACGTAATCCAGTA,P293S,1,2
-1.641,0.04206,AGTTGCATAATACGGT,,0,0
-1.641,0.04206,GCAACGCATGTCTGTC,I282Y,1,1
-1.641,0.02972,GAAAAGCAACTTAAAC,Y161N,1,1
-1.641,0.01978,TTAGATGATGCCACCT,,0,0
-1.641,0.01924,CACATAAGCAAACCAT,K417Q,1,1
-1.641,0.01874,CAACCAAAAAAGCGTG,Y161D,1,1
-1.642,0.005029,TCCCGTCAGGACTCCT,K450W,1,1
-1.642,0.006881,GGAGCAGCAATTCCTC,N298T,1,1
-1.642,0.02436,TTAATGAACACACTGT,G129R E414M,2,2
-1.643,0.03358,GTAGTAGAGACTACCT,S96D,1,1
-1.643,0.04143,TAAGCATTTCTCTGAT,S137C,1,1
-1.643,0.01564,AAATGTCTCCTACTAC,V237L,1,1
-1.643,0.05022,AACTATTTGTTACCTC,S156I F192K,2,2
-1.643,0.06376,TTTCCCATAACCATCC,T37L,1,1
-1.644,0.025,CCAGAGTTCAACGAAG,P4W N38M,2,2
-1.644,0.07774,ATCACCTAGCAGATTA,G333M,1,1
-1.644,0.005727,CGCGTCCTGCCATTGT,Y105F,1,1
-1.644,0.01885,TGTGGGCATATAAAAT,Q57P,1,1
-1.644,0.09955,AAACAGGACATTCAAA,,0,1
-1.644,0.03318,CATACTAGCTAGTAAT,S209R T283C,2,3
-1.644,0.09955,GAAAATTTAAGGACCC,G5C,1,1
-1.644,0.01482,CTTAAAAAAGCTAAAA,T313Y,1,1
-1.644,0.03481,AACCAATAACAGCACC,S247N,1,1
-1.644,0.004551,ATTTCCCAACATATTT,V130M,1,1
-1.645,0.02567,TGTCGAGCTACTTTCA,K397G,1,1
-1.645,0.04331,ACATTATCTGCCCGCT,D225G,1,1
-1.645,0.04331,TGCGCAAACGAAGCAC,,0,1
-1.645,0.1384,AACTTATGAAACCAAC,S198F,1,1
-1.645,0.01329,TCTTAATCTAACCATA,L42V,1,1
-1.646,0.03134,GGGTCCGAAGCGCCAA,I48H,1,1
-1.646,0.02297,ACCGTATCCACGCTCC,A476C,1,1
-1.646,0.01529,CGACTCCTATGTTAAC,W180C,1,1
-1.646,0.02456,AACCTGCACACGTTCC,F258W,1,1
-1.646,0.1719,AACTAAAAGCACAGCA,N483Y,1,1
-1.646,0.1719,ATATAAACCAACAGGC,V20F,1,1
-1.647,0.04023,CAGCGTCAAAAATCGA,A372S,1,1
-1.647,0.06833,CAAAGCTATTCCAATA,I418K,1,1
-1.647,0.04537,CCTAATACACTCTCGC,D415L,1,1
-1.647,0.04537,TGCTCAAACATACCTC,K453C,1,1
-1.647,0.04847,ATATATTGGAAGGCTT,H435Q,1,1
-1.647,0.04847,CGGAGATAGGAACGGC,A19W,1,1
-1.648,0.01935,ATCAGAGTGATCGAGG,S91N D291N M444I,3,3
-1.648,0.05202,ATTGTCATATTAAGCC,R150G,1,1
-1.648,0.02938,ACATTTCGAGGAATCA,T485I,1,1
-1.648,0.02413,CCCAGATGACCAATAA,R224H,1,1
-1.648,0.007674,TATAGACGCATCACTA,F195W,1,1
-1.648,0.03965,CAACGCATTTGAACCA,P273A,1,1
-1.648,0.03965,TGTTTTTCTATATGAT,T40F,1,1
-1.649,0.09609,ACCTTCTCATTACGAT,A138G,1,1
-1.649,0.09609,AGAAGTCTTAAACTAA,,0,0
-1.649,0.09609,GTAAGAATAAATATAT,,0,0
-1.649,0.01048,CATAAGAACAAGTCCA,V323W,1,1
-1.649,0.06096,GGCATTCATGAAGATC,G142T,1,1
-1.649,0.02793,CTGAAAAAATAAACTA,G78I,1,1
-1.649,0.04464,CACAAATTCCATAGTC,P227F,1,1
-1.65,0.01755,CATTACTTCAAACATT,S54D,1,1
-1.65,0.1111,CGAGAATAGGCACACA,S198L,1,1
-1.65,0.03031,CTAGCAAAGAAATTCA,,0,0
-1.65,0.1111,CTGGAATTATAATCTG,P239Y,1,1
-1.65,0.1111,GCACTAAGGTATAAAG,N464D,1,1
-1.65,0.01076,GCTTATAATACCCGAC,A430Y,1,1
-1.65,0.06669,GCAATAGCTCTAATTC,Q164S,1,1
-1.65,0.009129,TTCCCTATCCGCATCG,I3V L439A,2,2
-1.65,0.03167,TCAAGAACGCACCGAG,K189S,1,1
-1.65,0.006773,TGCTTAGAAGCGATAA,Y105W,1,1
-1.65,0.02765,GAACACTAAAATACTT,L496Q,1,1
-1.65,0.02765,GAGTTAGCTCGACCAA,Q132K,1,1
-1.65,0.07361,ATATATGCAAAGGCAT,Y100V,1,1
-1.651,0.02877,AAAATGGAGACACAAC,,0,0
-1.651,0.02877,GCTGGTAATGTAAAAT,Q211D,1,1
-1.651,0.02999,CAACCCAACATACAAA,E172W,1,1
-1.651,0.08213,AAGACATGTCCATATT,N31E,1,1
-1.652,0.01921,TCTTATAAGTTCGTAT,D225F,1,1
-1.652,0.02966,ATTCAATCCTAACACT,E83A K189Y,2,2
-1.652,0.01449,TACCACTAATAAGCTG,G142I,1,1
-1.652,0.06512,TAACTCCTTCTATGAT,,0,0
-1.652,0.01017,TGTTAATGACCTGTTT,Y302K,1,1
-1.653,0.006022,CAAGAGTATACACATC,N296V,1,1
-1.653,0.02496,TAGAGGTAAACGCAAT,T135K,1,1
-1.653,0.009123,CTAAGATGCCTGGATA,M168N,1,1
-1.653,0.1619,AACAGTGGTATACATA,,0,0
-1.653,0.1619,AAGACCAACTGAGGTA,D32H S95D,2,2
-1.653,0.1619,CCCCTGTATATATATA,K278E,1,1
-1.653,0.05395,TCTATCGGTCTACGAA,G240K D348N,2,2
-1.653,0.01218,TGCCGGAAGACACAAC,S480G,1,1
-1.653,0.0717,CGAGAAATAAACCGTC,E344G,1,1
-1.654,0.03392,GTACTACAAGAAATTA,,0,0
-1.654,0.01091,AAGTTATGACCACCAT,N341F,1,1
-1.654,0.02293,ACATCATACCCAAACA,G379Q,1,2
-1.654,0.008442,CACTATGATCTAGATA,G200H,1,1
-1.654,0.01527,ATCGTTCTCGCAGCTG,P221Y,1,1
-1.654,0.1069,TACTCCTACACGCATT,N133Q,1,1
-1.654,0.1069,TCAAAGATAGTAAAAA,E410I,1,1
-1.655,0.07976,AAAAAGTACACGTCAA,R150M,1,1
-1.655,0.07976,CACTAGACATACCCTT,,0,0
-1.655,0.01933,ATCGCATTTAAGTGCA,I282S,1,1
-1.655,0.0375,AGATGTCAATAAAACC,F174G,1,1
-1.655,0.01223,AACAGAAGATAAAAGG,L86V P306S,2,2
-1.655,0.05292,AAAAAACCGTAGTAGA,,0,0
-1.655,0.05292,AAGCTTATATTGAACA,S47P K171T,2,2
-1.655,0.005378,AACCTTAGGAGCAGTA,T187G D188N,2,2
-1.656,0.01441,GTACTTATATCATGAT,F125L,1,1
-1.656,0.007704,TAGGATTACATGATAG,N158W,1,1
-1.656,0.08986,AAAAACCATAAACATC,,0,0
-1.656,0.1258,AAAAACTGTCTACAGT,F332L,1,1
-1.656,0.02516,ACCGTTGACTAATTAA,D60E,1,1
-1.656,0.08986,ACGCTGATTTAAACTG,D7G,1,1
-1.656,0.08986,AGACATATAAAAATCT,S110N,1,1
-1.656,0.0233,CATAATCACATTGCGG,A430G,1,2
-1.656,0.08986,CTGTTCAACATAGAGA,G479Q,1,1
-1.656,0.08986,GTATAAAACAGATACC,,0,0
-1.656,0.06989,TAACCCATTTCTTAAA,,0,0
-1.656,0.1258,TGAAATACCACACGAA,R222L,1,1
-1.656,0.05719,AAAATGGTAATATTAT,,0,0
-1.657,0.008489,CACTGAACAATAACGC,K411S,1,1
-1.657,0.004971,TTACAAACATATACTA,F125L,1,1
-1.657,0.03904,AGCAACGCTAATAATC,Y161E,1,1
-1.657,0.04457,GAACTAAGACTAAGAT,G240W,1,1
-1.657,0.04457,TGGGGGCCCAACCACG,V309L,1,1
-1.658,0.02708,AACGCTTCCGAATTAA,K411L N498K,2,2
-1.658,0.00738,TCTCCACTCACCCTAT,A11P,1,1
-1.658,0.04131,TTGTAAACGAATAGAT,T485I,1,1
-1.658,0.004123,CATTTTTTTAATACTG,Q210K,1,1
-1.658,0.1029,CATTCAAAACCCCCGA,G129Y,1,1
-1.658,0.1029,CTACATAAAGATAATG,G275E E398K,2,2
-1.659,0.003425,ATAATTTGAAGACCCA,F258L,1,1
-1.659,0.0385,ACTCCTCGACTACACA,S193T,1,1
-1.659,0.0385,ATCACTGCGGCAAAGC,E457F,1,1
-1.659,0.02932,TTCCAAATAGCATAAG,T328G,1,1
-1.659,0.06818,AACGATAAAGTCGAAT,,0,0
-1.659,0.06818,GAGCAATTGTGATATA,D291W,1,1
-1.659,0.009416,ACCTACAAAGTTGGTA,M168W,1,1
-1.66,0.02656,TGCCTCATCGATCCTA,G379K,1,1
-1.66,0.02348,CTAAGCTATAAATTGT,T328K,1,1
-1.66,0.03388,GGTTTAAATTATTGTC,K310V,1,1
-1.66,0.08704,AAAAATTGGTATCCCA,,0,0
-1.66,0.08704,GATCACGGGCGATTGT,N38Y,1,1
-1.66,0.08704,TAAGACACGGTGTTCG,G62L Y161V,2,2
-1.66,0.08704,TTAACCTTCAAAGTTC,N63S S146W,2,2
-1.66,0.02254,TGTCAACAGAACCACT,P169F,1,1
-1.66,0.06083,GCAGCCCAATGGAACA,I335L,1,1
-1.661,0.03558,ATCTCAATCTAGGCTT,Q434E,1,1
-1.661,0.04318,GTCTTCACTCCTTAAG,R456Q,1,1
-1.661,0.05492,ACCCTCTGGTGACATA,G240S,1,1
-1.661,0.02514,AAAGCCAGATATAATG,E414F,1,2
-1.661,0.005574,GAGCCCTTTACTGGCA,K453D,1,1
-1.661,0.1203,ATCAATCCAATATCCG,I226C,1,1
-1.661,0.1203,CCCTTTTTAAATAACA,D375A G386R,2,2
-1.661,0.05005,AAAATAGGAGTCAATA,G62E W84* T117G Y161M,4,6
-1.662,0.01462,TCAAGATAATTCCACA,E410C,1,1
-1.662,0.02386,CAAAGCAATAAAAATA,T451A,1,1
-1.662,0.04252,AATCACTAGTCTCCAC,,0,1
-1.662,0.03307,AAAACCGGTATACCAT,G200W,1,1
-1.663,0.01211,CTTAATAGACGCAAAT,W234* G240P,2,2
-1.663,0.01098,GTTAAAAACAGATACT,E172R,1,1
-1.663,0.08439,ATATCCCGAGGTATTA,,0,0
-1.663,0.04917,GTCATCCGGAATGAGC,N290Y P293L,2,2
-1.663,0.0268,ACGACCCATAGGTGCA,F338L,1,1
-1.664,0.01784,GGTGCCATCGAAGATT,I252C,1,1
-1.664,0.06498,GTAAGCATACTCAGAT,A19Y,1,1
-1.664,0.03899,TACACAATTAATAAGC,I469M,1,1
-1.664,0.03899,TTTCGTATCTAGGACA,K207Y,1,1
-1.664,0.02785,ACCCCTATATGAGTAC,D271F,1,1
-1.665,0.007023,ATTAGTCCATGGTGAC,N94C,1,1
-1.665,0.05828,AGCCGAGATACACTCA,N483G,1,1
-1.665,0.0323,TTCACGATCCCTGTTT,G249A,1,1
-1.665,0.1449,CACCAATTATCTGCTC,A39T,1,1
-1.666,0.02512,ACCTCATACAAGCTCA,Y161P,1,1
-1.666,0.02512,ACTATGAAAGAATCAA,P221G,1,1
-1.666,0.04125,TGATAATAAAAGATAA,P162K,1,1
-1.666,0.03845,AACCCTGTAGAGAGCT,D104T,1,1
-1.666,0.03845,ACACAAATAAAAACCG,F448M,1,1
-1.666,0.03845,ATCATTCGTAAACATC,F79T,1,1
-1.666,0.036,ATCTCCTATATTATTC,K2S,1,1
-1.666,0.09578,AATATAGATCACTCTT,Q75R,1,1
-1.666,0.09578,TAGATGAACGTAATCG,G303F,1,1
-1.666,0.03022,CTATCCCCCAAAAACC,D461W,1,1
-1.666,0.0819,ACTTACCCTTACACCT,P4C,1,1
-1.667,0.01022,TAATCACCTTCAATGG,I502M,1,1
-1.667,0.06349,TAAATTTCAATCCCAT,T313C,1,1
-1.667,0.04065,ACAGTAAAACGGTTAT,R456K,1,1
-1.667,0.03157,ATCCTAATGCATAGCA,I267Y,1,1
-1.668,0.01657,AAGCAATCACCTACAC,E344F,1,1
-1.668,0.03121,CAGGTAATTGTACTAA,K131E V213A,2,2
-1.668,0.03304,TGTTTTGGAATAGCAG,N341E,1,1
-1.669,0.04006,AGCAAGTGGATACATT,G263E,1,1
-1.669,0.05089,ATGTAATACAATCACT,G49K E494V,2,2
-1.669,0.008344,ACATATAAGGCAGGAC,T451A,1,1
-1.669,0.06973,CACACATGCGATAATT,V213K,1,1
-1.669,0.06973,GACGTATACACTAGAA,N341W,1,1
-1.669,0.07955,CGACTTGTGAACCACA,D271M A373S,2,2
-1.669,0.07955,TACGTATAATGCCACT,E414G,1,1
-1.669,0.01591,TATAGCTTTATTCTCA,D461M,1,1
-1.669,0.02782,TGACTGAATGACAAAA,S480Q,1,1
-1.67,0.03086,CGATCTTTATGCATAG,S205W,1,1
-1.67,0.03465,GACTTATAATCCAAGT,K411L,1,1
-1.67,0.03465,GGAGTGCAACCCTGAA,A365V T416A,2,2
-1.67,0.1107,AATATCTCACTTACAT,K315T,1,1
-1.67,0.1107,AGACCTACAAACCAAT,N296S,1,1
-1.67,0.1107,AGGTTAGCAAAGTCTA,H56E,1,1
-1.67,0.1107,TCAGACTTGATTTCCT,F195I,1,1
-1.67,0.008922,GCAGTCAACTGTAACC,R201D,1,1
-1.67,0.01573,CAATGAGGACTCAATT,N424E,1,1
-1.671,0.1821,GCATAAATCCTGGAAA,R255H,1,1
-1.671,0.1821,TCTGACTGATAAAGAA,A196W,1,2
-1.671,0.06071,GTAAAGACCATTCAAG,M168R S219M,2,2
-1.671,0.03894,ATGGTTAAACATTGTT,H355V,1,1
-1.672,0.02866,ATAACATACAAAAGTT,,0,0
-1.672,0.02465,ATTGCGGACACAGAAA,L70T,1,1
-1.672,0.07733,AGTCACAAAATGATAC,K397Y,1,1
-1.672,0.02578,TGAAACAATTTCGTAT,K131E,1,1
-1.672,0.04909,CATTATGTCGCACATA,S114W,1,1
-1.672,0.04909,GTGTGGTATGGGTTAG,K278Y,1,1
-1.673,0.2688,TAAAACAAATATTACC,A163H L384M F399A,3,3
-1.674,0.04444,TGATTGGCCTACACGT,D419C,1,1
-1.674,0.03549,GTACAATTTTATCATC,N475S,1,1
-1.674,0.06639,ATACACCCGCTCAAAC,G49M,1,1
-1.674,0.06639,TTCCATGAGACTAGGT,,0,0
-1.674,0.02303,ACGAGAATATATGAGT,V182M,1,1
-1.675,0.01386,CTCAAGCTGATAGCAA,K310G,1,2
-1.675,0.02284,CGATTCTCATATCCAC,P324L,1,1
-1.675,0.1312,AAACACGAAACAAACT,N122T,1,1
-1.675,0.1312,AATTATCTTAAACACA,K503F,1,1
-1.675,0.1312,ATAAAACGTTGGAACA,D188R K380N,2,2
-1.675,0.1312,TAATAACTTGGATAGG,I160H,1,2
-1.675,0.01589,CTAGGACGAGGGTTGA,Y105D,1,1
-1.676,0.04741,TTTTAGGATCGCGAAG,K2Y P103R,2,2
-1.676,0.08679,TCTAAACATACAAAGG,D375I,1,1
-1.676,0.01334,GGCAAACTGGCTTCAC,R150F,1,1
-1.676,0.01154,GAGCAAAGTAGAGGGG,I469V,1,1
-1.676,0.05175,ATGAGGCAACTAAACG,P273K,1,2
-1.677,0.04306,TTAAGGCATCAGCGTT,N464T,1,2
-1.677,0.01979,TGGACCATCCCTCTGC,K2S,1,1
-1.677,0.1709,CGGACAACTTCAAAAT,R255W,1,1
-1.677,0.03944,GAATAAGAATATTCTT,R141V,1,1
-1.677,0.1709,TCCTAGTACCGTATGC,K417D,1,1
-1.677,0.005882,TTGATAGTCACCGTCA,S205H,1,1
-1.678,0.02673,ATCAGTTTATAATAAC,A212D,1,1
-1.679,0.08416,TAGACAGCGATAGTCC,K368H,1,1
-1.679,0.08416,TGCCCTGAATCAATAA,P221Q,1,1
-1.679,0.01399,ACGTGATTTACAGTCC,S114W,1,1
-1.679,0.03591,ATGACGCAATTTATAA,R299Q,1,1
-1.679,0.02283,TATCTTACACAATTTT,E432W,1,1
-1.679,0.01167,ACAGAACAACATATAG,A19V,1,1
-1.679,0.01223,CATAAAAGTTTTATCC,L243V,1,2
-1.679,0.1253,ATACGCGCAAGTAATA,T318E,1,1
-1.679,0.1253,GGTCGGGGTGTAACCA,I374Y,1,1
-1.68,0.03835,TCAATTGAAATTCTTA,K446I,1,1
-1.68,0.01992,AGACGAAAAAAACCAA,R222F,1,1
-1.68,0.0142,TCTCACATTTTCTTTT,F258V,1,1
-1.68,0.06194,AAGAACATACAAACCC,,0,0
-1.68,0.03296,TAAACCTAACTTATCC,K189C,1,1
-1.681,0.02597,CACGGGTGATAAGAGT,R220W Y470M,2,2
-1.681,0.05472,AATCTCAAGGGTGTTA,H393Y,1,1
-1.681,0.05472,TGTTGAAAACTTATCA,T318Q,1,1
-1.681,0.08168,AACATCAGTTCAAATA,K368W,1,1
-1.681,0.006355,CAGCTCGAGCATCAGT,R229T,1,1
-1.682,0.04437,CGCAATAGGTGATCAA,N53R Q407R,2,2
-1.682,0.03046,ATTGGCACATAAACTA,R222E,1,1
-1.682,0.06957,ATCCAATCATTACAAT,S114I Q407C,2,2
-1.682,0.02111,GGATGATAAACAAACC,G62R,1,1
-1.682,0.02111,TGTTTTTTAACAACTA,D175F,1,1
-1.683,0.05366,CAATTAAAAAGATTCA,,0,0
-1.683,0.161,CTCGAATTCAAGGTTT,E494W,1,1
-1.683,0.161,TAAAGGAAGAAAGCGT,N94D Q363N,2,3
-1.683,0.161,TTATAAATAAGCAACT,,0,0
-1.683,0.03013,AGTAGCCACCCACGCA,,0,0
-1.683,0.02831,GCAAAACATCGCAACA,I274S,1,1
-1.683,0.04368,ACTGCCTATATCCGAA,N159Y,1,1
-1.683,0.1199,AAAAATATATATGCTA,,0,0
-1.683,0.03996,ACCAGCGCATGACCTA,G240W,1,1
-1.683,0.01166,AAAATCCTAATATACA,N165S E432S,2,2
-1.684,0.07934,AGACGCAGAAGAGACT,S145L,1,1
-1.684,0.07934,CCATTCTCAAAAAAAC,D188L,1,1
-1.684,0.06787,CGAATATTTTAGATAA,D375M,1,2
-1.684,0.06787,TCTCATAATCACCCTA,H488Y,1,1
-1.684,0.002794,TGGGCTTTTGAGGAAA,R255H,1,2
-1.684,0.05929,AAAACAGTAATAATGT,S193T I385M N389A,3,3
-1.684,0.05929,ATTTCTGCAAACTTTA,H435Q,1,1
-1.684,0.05929,CGATGCAGTTAAACCA,T117V E484L,2,2
-1.684,0.05929,TTAAATCCAAAGTCGA,T313V,1,1
-1.684,0.002664,AATTACCAAAAGCAAA,N475C,1,2
-1.684,0.01692,AAACACCTAACAGCCC,S193Y R261L,2,2
-1.684,0.03373,ACCTTGAACTGCTGGC,I274E,1,1
-1.685,0.02244,TTTACACCATTAACTA,P221R,1,1
-1.685,0.01206,CTTCACACTAGCAAAC,K82D,1,1
-1.685,0.01094,AGAATATGTTGTGCCC,M462K,1,2
-1.685,0.00305,ACGGGACACGACGCCC,V323Y,1,1
-1.686,0.03587,TAAAACTTTTTCCTCA,N152D N165Y,2,2
-1.686,0.00605,GAAATGCTATATACCC,G504I,1,1
-1.686,0.008625,AAAAAAAGGCTCAACA,G218C,1,1
-1.686,0.04654,AACTACTATAACTAGC,T65K,1,1
-1.686,0.05166,AAAATGGCTATGCTAA,S91V,1,1
-1.686,0.05166,ATTCAAATTGGTTAGA,P239H,1,1
-1.686,0.05166,TCATTCTAAATTATTA,Q197Y,1,1
-1.686,0.02109,GAAAATTTTCGTCAGA,N497D,1,1
-1.686,0.01364,AAAAATGGACTATATA,A39G,1,1
-1.686,0.01007,ACATCCCATGTTTACT,T187Y,1,1
-1.686,0.0923,AATATAAAATAGACAT,K292W,1,1
-1.686,0.008868,AGACTCGTACTACCTC,V490T,1,1
-1.687,0.04577,ATTTGACGTCATTTCT,I3Y,1,1
-1.687,0.01577,TATGTTCAGGGATATC,I236T E410V,2,2
-1.687,0.006524,AACACAGAAGAGTAAC,,0,0
-1.687,0.1522,GACTCATTAATGAACA,N126F,1,1
-1.687,0.1522,TATAAATAACCACTCT,E344W,1,1
-1.688,0.01896,TCCTCCAGAAGTACAT,P21C E414A,2,2
-1.688,0.03497,AGTGCCCTAACGGACC,E35A,1,1
-1.688,0.03778,TCCTCAAAACTTTAAC,N341Q,1,1
-1.688,0.02375,ACATTCGAACAAACCC,N341M,1,1
-1.688,0.02502,AATTTATAACAGAAAA,P324W,1,1
-1.688,0.2251,ACAATCGTACGTCTGA,,0,1
-1.688,0.03216,GAGTTTATCGCATGAA,N8I A106P,2,2
-1.688,0.01732,TCTTTTGAACATGTAA,S95R,1,1
-1.689,0.01282,GCTTCAACTCCAGAAC,,0,0
-1.689,0.009335,ATACACCTTCATGTAC,C64Y,1,1
-1.689,0.02355,CAACACTCCTGTCATT,S205C,1,2
-1.689,0.03727,ACCTTACCAAGAATCA,I267S,1,1
-1.689,0.03727,ACTTTCAAAACTACTA,G379R,1,1
-1.689,0.03727,GCTGGATTTAACATAG,Q311E,1,1
-1.69,0.02108,AACTAAATATCTACTG,N158K D175H,2,2
-1.69,0.02946,CGATCTCTAACTCCAT,I34N,1,1
-1.69,0.01921,AGTAACTATAAGACAA,R222S,1,1
-1.69,0.1103,GGGTGATGAAGGTTCG,H183F,1,1
-1.69,0.02207,TGATCTATTGCTATGG,D461L,1,1
-1.69,0.04893,CATCACAGCTTACCTA,H56Q,1,1
-1.69,0.04893,TTTAGGCAAGGAAATG,,0,0
-1.69,0.02745,TATTATATAAGCTTAT,D493Y,1,1
-1.691,0.008411,AGATCATGCGCAATAG,G333L,1,1
-1.691,0.05462,CCAAATTTAAAAGTTA,G249A,1,1
-1.691,0.05462,CGCAAGACTCCTTACC,N290A E414A,2,2
-1.691,0.00909,GCTCACCTATAAATCA,A196C,1,1
-1.691,0.007113,CTATAAAAAAACAGCA,N424F,1,1
-1.691,0.04808,ATAGCTTAAACCAAAT,N165K,1,1
-1.691,0.08654,CTTAACCCGCAACATC,H56C,1,1
-1.691,0.08654,GACGTACGAATTAGCA,Q197Y,1,1
-1.692,0.04294,AAAGAATCATAGAATA,K450F,1,1
-1.692,0.01299,GACGACGATTGATGGC,I300C,1,1
-1.692,0.0712,ATTCAAGAATTTGTAG,G62W,1,1
-1.693,0.04726,TGAAAGAAAAGTCTCT,I260R E414K,2,2
-1.693,0.1061,CAATTATAAACCACCA,,0,0
-1.693,0.03537,GAGATTTTCCACCAAA,A304V K380G,2,2
-1.693,0.01516,GCACATATGAATACAT,S209I K315F,2,2
-1.693,0.1061,GTTCCTACACCAAAGC,P103S T416S,2,2
-1.693,0.01516,TCTAAACACTAACAAA,N165I,1,1
-1.693,0.04228,GTTGCTGAGGAAACGC,,0,0
-1.693,0.04228,TTAGTCCGGTACTTCC,I214A,1,1
-1.693,0.01084,AGCTGCACCGCCGAAA,S54R A106T N382A,3,3
-1.694,0.02106,CTGCTGAGAAAATCGT,,0,0
-1.694,0.05255,ATCTTCTTATAGACTC,,0,0
-1.694,0.08393,ATAGCAACATGGTTTC,S265Y,1,1
-1.695,0.00675,AACTGCAGCATACCTC,D474H,1,1
-1.695,0.1371,AAATTTAGAGATATGC,P221E,1,1
-1.695,0.1371,AGACGTGATGTATCCA,S143V I418Y,2,2
-1.695,0.1371,ATAATCCATACTTGAA,S115L,1,1
-1.695,0.1371,GGTTGCAACGGAATAC,E426Q,1,1
-1.695,0.01468,CTCTTAAAAGTTACAA,V429C,1,1
-1.695,0.04103,CCATTCCGTGGTTACA,S124E,1,1
-1.696,0.08146,TTACTAATGACATCTG,F195S,1,1
-1.697,0.01388,GGCAAGGTATCTTGTC,S47H,1,1
-1.697,0.01335,AAGGCTCTAAATATCC,L111M,1,1
-1.697,0.02498,ACAATACTGATTACCC,,0,0
-1.697,0.03325,CCCACGAAAATTTCCT,I395W,1,2
-1.698,0.03625,ATGCAAGCCTCAAAAT,,0,0
-1.698,0.03625,GGCACCAAAATTTAAG,K2E,1,2
-1.698,0.03625,TCAATTAAGTTCAAAC,K121G Q376W,2,2
-1.698,0.05676,ATCTAAACGCGGTAGC,T65C,1,1
-1.698,0.05676,GCAGGAATAAATAGAG,,0,0
-1.698,0.01367,TGTTAAAAAGCCGTTA,S156C,1,1
-1.698,0.07914,TCTTGATCTCCAAATT,,0,0
-1.698,0.01718,TGTTTGAACATATCAT,T187G,1,1
-1.698,0.03579,AATCTAAGTCCAACAA,Y491W,1,1
-1.698,0.03579,AATTGAACAACATGCT,P103H K450W,2,2
-1.699,0.03929,CAGATATACCACTAAT,Y161G,1,1
-1.699,0.1307,AGCTGGAAGAGATTGT,L70T,1,1
-1.699,0.04355,CTAATACTTCACCCAT,V309T,1,1
-1.699,0.01772,CAAGCATAAGTTAACC,T451C,1,1
-1.699,0.01772,TGCTATAACTTAAACA,I48K R208K,2,2
-1.699,0.03533,GCTTTGGACAATGCCT,L118Y,1,2
-1.7,0.1937,AAACATCATCTCAAGG,,0,0
-1.7,0.06457,GCTACATAAAATGTAC,V406E,1,1
-1.7,0.02972,TAGCCATGGTTTTGTC,S312Y,1,1
-1.7,0.04288,ACATATCAACCATCCT,,0,0
-1.7,0.01667,CTAAGCTACATTAGGG,G504D,1,1
-1.7,0.01739,TAGCCTAGAGGACCAC,T37I V213I G275S,3,3
-1.701,0.05453,AAATGAGCCACATAAT,E410K,1,2
-1.701,0.05453,AACCCGGAACGATGAT,N126E,1,1
-1.701,0.05453,ACGCCAGCTAAATCCC,S312D,1,1
-1.701,0.02541,CCGAGTATTATAAAAA,N126W,1,2
-1.701,0.01728,AGCTAACGTTTCTGCA,S96C,1,1
-1.701,0.04223,ATAGAACACTAAAGTC,K446S,1,1
-1.701,0.01187,AATTATTCAGGTAGGC,V323L,1,1
-1.701,0.02713,CACTCCAAGACACCTG,E35K,1,1
-1.701,0.01647,GCCATAAAGAGCGAAT,A69S F79L E484G,3,3
-1.701,0.04719,TTTAAGCTTCCTAAAT,N298M,1,1
-1.702,0.007082,AAATAACAAATACATG,N296W,1,2
-1.702,0.1248,ATGGCCATTTAAAAAC,P215K,1,1
-1.702,0.0197,GCCCGAACCAAACAAA,E414G,1,1
-1.702,0.1248,TCCTCCGTCGCCAGTA,D175E M320G,2,2
-1.702,0.01095,AGGTACGTTCTTAAAC,L13I T485N,2,2
-1.703,0.00607,TACCCCATCCATCCTG,Y257W,1,1
-1.703,0.01538,ATAACATCTGGTAATT,N22R,1,1
-1.703,0.09203,TCATGTTATTACGTAT,D408V,1,1
-1.703,0.04564,CTCATCACACTATCAA,S145L,1,2
-1.704,0.0243,ATCTAGTAAGTCATTT,P324C,1,1
-1.704,0.0729,CAGCGAGTTACAAACT,E344T,1,1
-1.704,0.1811,AAACCGAAGAACCCCT,,0,0
-1.704,0.1811,TAAAGGTCTCGCCCAC,T328C,1,1
-1.704,0.06035,CGAGAGAATATCTTAC,V223E,1,1
-1.704,0.03282,ATTAAGCTCATAGATC,N296S,1,1
-1.704,0.02765,TGAGTCCGAGGGTAAT,R33Y,1,1
-1.705,0.1194,AGAATAACGTAAAGTG,Q57R D441M,2,2
-1.705,0.01555,GCTTCCTCTACTAAAC,A93D,1,1
-1.705,0.03575,CCCTACCAAATAATAG,N6C,1,1
-1.705,0.08907,AATTGACGCGTGCAAC,N22M N497I,2,2
-1.705,0.07103,ATCAGAGATAGAATAC,S96D,1,1
-1.705,0.01314,CCTATGGGACCGATAC,S205W,1,1
-1.705,0.05055,AAAATAGTACGATTCT,R361K,1,2
-1.705,0.05055,GGAGAGTGAGCTGATA,V323H,1,1
-1.706,0.03529,GATAAACACACAATCT,,0,1
-1.706,0.02055,CAGGAGCAGACTACAA,D77I I160D,2,2
-1.706,0.02328,ATCAAATCGAAGCAGC,V20L,1,1
-1.706,0.03485,ATCGTACTAATTCAGA,G129V,1,1
-1.707,0.01737,AACATAATTAATCCTA,I48L K310S,2,2
-1.707,0.05784,TGACGGGATTAAAAAA,P221Q,1,1
-1.707,0.01196,AATATACATCTTCCAC,M462F,1,1
-1.707,0.0863,GAATCTAGTCGTAAAC,,0,0
-1.707,0.0863,GCGCAAAGTCCTGCAG,D104C,1,1
-1.707,0.03442,ATACTGCGAAAACATA,N357C,1,1
-1.707,0.1145,GTGAAAAGTTTATTCA,L244K,1,1
-1.707,0.04282,CATGAATCATATAGAT,,0,0
-1.708,0.01222,CTGAAATTAACTCTCA,S287Y,1,1
-1.708,0.005248,AAACCGGTCACTACAT,L111F A430V,2,2
-1.708,0.01033,GAGTCAAAAACCGACA,N45R L111Q G275E,3,3
-1.708,0.009722,GAACAGGAACAAACCG,N296K,1,1
-1.708,0.05666,ACATTCACTCCCTAGT,F79W,1,1
-1.708,0.05666,TAGAATTAAAAACTTA,R150M,1,1
-1.708,0.03764,CATCAAATAGTGCAAG,R321Q K391H,2,2
-1.708,0.005462,CTGTATCCATCAATAT,K292G,1,1
-1.708,0.06757,AAGTGCCAACTACTTA,V223L,1,1
-1.708,0.01684,GGTACAGAGCCCAAAG,,0,0
-1.709,0.01598,CTAACAATTACATCAC,A334M,1,1
-1.709,0.0837,AGTTACAACCTGCTTA,,0,0
-1.709,0.009554,CAATAAGTGTTACAAG,K131G,1,1
-1.709,0.008358,CTGATTATAAACAATG,,0,0
-1.709,0.01392,AATGATACCAATCAAT,A364T,1,1
-1.709,0.05552,AAACCAAATATAGTTT,L157K,1,1
-1.709,0.02561,CCAACATTAACCTTTT,S265Q,1,1
-1.709,0.03318,TTAAATGATTCCATTC,Q363C,1,1
-1.71,0.04712,TTATAGACGGCTTCAA,N497L,1,1
-1.71,0.009361,CCCACATAGTCAAATT,T65H,1,1
-1.71,0.0126,GATGTACTGACAAAAC,G200E,1,1
-1.71,0.04092,AAAAGACAACTTCTAC,L439W,1,1
-1.71,0.01715,GAGTTAAATGAGGAAT,A196E,1,1
-1.711,0.08125,ATTAACAAAAGCGATT,Y105M M462K,2,3
-1.711,0.08125,GTGTTGACTAGATTAC,,0,0
-1.711,0.04633,GTATAATAAAAACTTA,,0,0
-1.711,0.04033,TATTAATCAATAACTA,,0,0
-1.711,0.01791,AAATGAGTTTATACGG,K276Y,1,1
-1.711,0.1602,ATATTAAAGAAATCTA,S137N L439Y,2,2
-1.711,0.1602,CGATTCTTCCATGATC,G240T,1,1
-1.712,0.04557,GCAGAGACATACGCCT,I374E,1,1
-1.712,0.04557,GCGAGCTATTTAGGAA,R354A,1,1
-1.712,0.007069,ACTCACCCTCAATACA,H184D R482M,2,2
-1.712,0.03975,GTTCACTAACGTATAT,E359C,1,1
-1.712,0.02631,AATCATAATGTCTTAG,R201D,1,1
-1.712,0.02251,CTAATGTAATAATACC,V490M,1,1
-1.712,0.05238,GCTTTTAAGATCAGAA,I29C,1,1
-1.713,0.03131,ATCACATCAACAAGAA,I377T,1,1
-1.713,0.007423,CAAATCTCTAAACGAT,K2L,1,1
-1.713,0.03864,ACAACATCAAAATACA,S231H,1,1
-1.713,0.05141,GAAGGATCCGTAAAAA,Q356L,1,3
-1.714,0.02037,ACCAGCTTAATAATCT,S265Q,1,1
-1.714,0.1019,AGTACAGAATTGTACA,F448A,1,1
-1.714,0.1019,GTACGCGACATTATAT,A304L,1,1
-1.715,0.006858,AATGATCTAACCAACT,Y412M,1,1
-1.715,0.0376,AAGCCAATCTTCCAAT,A365T,1,1
-1.715,0.02305,GAATCTAAACTCACAC,D348F,1,2
-1.715,0.04276,CAACCATTCAACAGAA,V130T,1,1
-1.715,0.07469,ATCCTAATTTCAGTTT,S442T,1,1
-1.715,0.07469,CATCGCTGGCAAATAA,I160S,1,1
-1.715,0.07469,CTCCAACTTCTGCCAA,F195A,1,1
-1.715,0.04957,CGAATCCGGTACAATT,,0,0
-1.715,0.04957,TGTTGTAACCAATAAT,I267H,1,1
-1.716,0.03709,TTTCATTCTACAAATT,D175G,1,1
-1.716,0.01478,TAGATAATATAGTCAA,D85H,1,1
-1.717,0.07273,TATCATATGCTAACCT,T135E,1,1
-1.717,0.04148,ATCCTGTTGTTAATAG,Y470L,1,1
-1.717,0.008224,CAAGCTTCCCAAAACT,R361G N498M,2,3
-1.718,0.02196,AATTGCACATACATAC,V406E,1,1
-1.718,0.0949,TTTAATAGTATTTCGT,R224Y,1,1
-1.718,0.01577,ATATAACCTGTAATCA,T485D,1,1
-1.718,0.07087,ATTCATCATCATCGAT,N357T V490E,2,2
-1.718,0.004103,CGAATCACAACATTAT,S378Y,1,1
-1.718,0.02021,GACACCGCTAAACATT,N45V,1,1
-1.718,0.00362,AACACTTATCCCCCGA,,0,0
-1.718,0.00941,TACCAACAAACCTACA,S378Y,1,1
-1.718,0.04028,ACTATTAAAGGTTCAC,Y100V,1,1
-1.718,0.03128,ACACAAATGACTAAAT,I282C,1,1
-1.718,0.00967,GAAAAGCACCCGACTC,R405H,1,1
-1.719,0.04626,ATCAATGTAAAAGACA,L42T,1,1
-1.719,0.03059,CTACGAACCAAGTAAT,N475C,1,1
-1.72,0.01247,TTCCTTCAACCAATAT,S95L,1,1
-1.72,0.03914,AAAGTCATGAGCCTAT,T235E,1,1
-1.72,0.01823,ATGATCTACAGTCAAG,A93D,1,1
-1.72,0.1365,AGCTGAATAGTTATGA,,0,0
-1.72,0.02704,CAAAAGAAAAAATCGG,E35D,1,1
-1.72,0.0386,CCAATCCCTCCCAAAC,L42M,1,1
-1.72,0.01122,ACCACAGCAAACTCAA,G463S,1,1
-1.721,0.2665,CGAGATAATGCCAGTG,D408N E457C,2,2
-1.721,0.05329,TGATAAAGAGAGCCCT,K27P,1,1
-1.721,0.01329,TCCAATTCCAGAGTAC,,0,0
-1.721,0.006607,AAGTATTTAATATGAT,D348I,1,1
-1.722,0.05229,CCTAATTTTATAATGC,,0,0
-1.722,0.04337,CACTAAATAATACCTA,T313M,1,1
-1.722,0.1301,ATAAAAAGTACATGTA,Q75K Q501L,2,2
-1.722,0.08607,TCACAATACTCTGGAC,E432M,1,1
-1.723,0.0643,CTAAAAATTAGACGCC,D408I,1,2
-1.723,0.007127,AAATTAACAAGCAACA,T313A,1,2
-1.723,0.02554,CGTAAGGAATCAGTCA,P169Y,1,1
-1.723,0.02811,CAGTCCAAACTATCCT,Q44K R299Y,2,2
-1.723,0.04206,AGAAATACAATGAAAA,,0,0
-1.723,0.01402,CTAAATAACCCGACGC,R456N,1,1
-1.723,0.05039,ACACTGGGTTTTCACA,,0,1
-1.724,0.06285,TTAATCCATCAATATC,Y412F,1,1
-1.724,0.08348,AGAATCAAAACACCAA,,0,0
-1.724,0.04143,CGACGACAATTTCACG,G404W,1,1
-1.724,0.1243,GAAATTCCCAACAAAC,,0,0
-1.724,0.02064,TAAGCCATCATTTTCT,N122Y K207V,2,2
-1.724,0.04949,ATATGTACAATAGCAA,L59R,1,1
-1.724,0.00632,ATTTGGAAGGGACGAA,K2V,1,1
-1.725,0.01229,GACTGGAATACAATTC,A272V N296W,2,2
-1.725,0.02728,CTATATGCACCCGATT,Q211W,1,1
-1.725,0.01883,CCACATCTCCCGATAG,Q44R L243V,2,2
-1.725,0.01438,CACCATCGCTTATATC,E426V,1,2
-1.725,0.02442,TTAATCGTATCAAAAT,Y105K,1,1
-1.725,0.01742,TTTCAATAACTCGCAT,P103V,1,1
-1.725,0.2431,AAACAAGATAAAACCT,V182I Q376E,2,2
-1.725,0.002964,ACTTAAGTTCCCAGCA,V323H,1,1
-1.725,0.02004,TAACCTATCACACATC,I418N,1,1
-1.726,0.009212,AGCAACTAATCCTAGC,Q164N,1,1
-1.726,0.119,CAAGAAAAACGCTAAG,Q80H,1,1
-1.726,0.03965,GATTTGGTGATTGTGC,K380N,1,1
-1.726,0.119,TATCCATCAATACGCA,T416L,1,1
-1.726,0.00325,AACAGGACACTTTAGC,F195A,1,1
-1.726,0.02142,GAAGCTATGCGCCCAT,V112A,1,1
-1.726,0.01809,ATGATACGAATTGATT,N158L,1,1
-1.726,0.01679,CTGTAAAATTATCGGG,S96N,1,1
-1.727,0.01669,ACTATTCTGATGAGTT,G275I,1,1
-1.727,0.004278,ATTCCGAGCTATTTGG,R456Q,1,3
-1.727,0.004601,TGGTCCATTAACATAA,R229S,1,1
-1.727,0.07657,ACACCAGTTCAAATAA,A19R,1,1
-1.727,0.07657,CTCTCATTGAGACTAT,R299S,1,1
-1.728,0.009089,CTACGTAAAGTCACAC,I58M,1,1
-1.728,0.04544,ATATTCTAAGAGCGAA,I260R,1,1
-1.728,0.03231,GTCTTATAAATACAGA,A93W,1,1
-1.728,0.05645,TCAAAGTAAACTAATA,S193A,1,1
-1.728,0.01073,ATGTCCACCACAGTAT,K468W,1,1
-1.728,0.03751,CCTGATTGAAAATGGA,,0,0
-1.728,0.2235,CTTCGCAATGGTAAAT,E359Y,1,1
-1.729,0.03652,CTGGTTAAACAAAGCC,T301E,1,1
-1.729,0.1096,GAAAATTGTAAATCTG,I260F,1,1
-1.729,0.07256,AACAATTATTACCATC,H18F,1,1
-1.73,0.02174,AAAACAAGTCCACCAC,N31F D408N,2,2
-1.73,0.05425,TCAATTACAAGATCAG,S95V,1,1
-1.73,0.04331,GGTACAAAACTATAAA,E410C,1,1
-1.73,0.03605,GACACAATATGACTCT,N165A Y491F,2,2
-1.73,0.03605,GCATGTAAACATATAG,K121E N475C,2,2
-1.73,0.03605,TTAATTCGGGGTGATC,S54R,1,1
-1.73,0.01072,TATCCCTCCATCACAA,F192W,1,1
-1.73,0.05321,AAACGAGTCGCCAGTC,A106E N285W,2,2
-1.73,0.05321,ATTGAATAAAATTTAC,P289E,1,2
-1.73,0.07071,ACCAAAGAACAATGCA,S110K,1,1
-1.73,0.07071,GAACACTACTGAGGTT,I418W,1,1
-1.731,0.0302,ATCTAAACTGGATCGA,T65C,1,1
-1.731,0.01407,ATACTCAAGTACCGAG,K2V,1,1
-1.731,0.0522,GGGCAGATTACTCCTT,K276T,1,1
-1.731,0.0522,TAGTATATCCTACATC,,0,0
-1.731,0.006313,CAAAATACGTTTAAGT,E359A,1,1
-1.732,0.02046,CAACAATATTCATTCC,M168W,1,1
-1.732,0.02046,CCACTGTTTTTAGGCT,,0,0
-1.732,0.009714,ACCACAAGCCCACCAT,T485M,1,1
-1.732,0.04077,CGTTCCCACACATTGC,,0,0
-1.732,0.06729,GAATTAAATAATACAA,T328R,1,1
-1.732,0.04018,CCTGCAAGCTTACACC,N190S V406Q,2,2
-1.733,0.01819,TTCCCATGCAACGTTA,Q132K,1,1
-1.733,0.005601,TTTTGTCGAGCAGGCA,D415R,1,2
-1.733,0.09796,AAAGCGAGTTTGAATA,S9H,1,1
-1.733,0.09796,TCCATATCCCATACAA,V36C,1,1
-1.734,0.0385,ATAGAAATTCCAAGAT,E410R,1,1
-1.734,0.1925,ATTCACAATCTAAAAT,N158R,1,1
-1.734,0.1925,CACAAGTCCATACCGC,S198I,1,1
-1.734,0.06417,AATGAGCGACCTTTAT,S209I,1,1
-1.734,0.006011,GTCCCGTAAAACAACC,V20R,1,1
-1.734,0.01201,TCGGATGAAAAAGCCT,I418S,1,2
-1.734,0.02123,TGGCGTTCTGGCAAAT,F192R,1,1
-1.734,0.04772,CTCATGTCAAACTAAT,Q211D,1,1
-1.734,0.01728,CATCAATTGACTCCTA,A69F,1,2
-1.735,0.02697,GCGGACAATTGGCCAA,P169W,1,1
-1.735,0.06272,TAGTCGAGATACACAT,Q75C,1,1
-1.735,0.003007,ACTACAAGTAAAATCT,M462Y,1,1
-1.735,0.0142,GACCAACTCTGAGAAC,N475I,1,1
-1.736,0.0915,AATACACACAGTAAAC,E432F,1,1
-1.736,0.0915,CCACAAAGGTGCGTAA,,0,0
-1.736,0.009136,GACTAAATAAAGAGAG,N159W,1,1
-1.736,0.03017,TTGTACAGAAATAAAA,N483E,1,1
-1.736,0.01637,CATCAGACTTCAACTA,Q311E,1,1
-1.736,0.01123,TCTCTATACGCCCGAG,,0,0
-1.736,0.01795,CAGTAGAAGAAAATCT,R222K,1,1
-1.736,0.04465,TTATAATTGAATACGA,T135I,1,1
-1.736,0.02223,CCAATCTAAGTCACCA,T10N S107K,2,2
-1.737,0.02922,CGGCTTCACCTTAGAG,F192E,1,2
-1.737,0.05752,GTCATTAACAAATATT,S156R,1,1
-1.738,0.08584,ATAAATGGATTACACA,L59K,1,1
-1.738,0.02436,ACGACAAAATTAGAGA,D348H,1,1
-1.738,0.05635,TAAAATTGAAACCTAA,D291Q,1,1
-1.738,0.1691,TCAACCATATAGGAAA,S231T,1,1
-1.738,0.01288,AGTGGATAAGACTCCT,N31F,1,1
-1.738,0.03341,AAAACAACAATTACAA,D415W,1,1
-1.738,0.03341,TCAGATCATTATATTG,K310E,1,1
-1.738,0.08326,TTCTAAAGACCACTGG,,0,0
-1.739,0.02043,AACAAAATCTTGAAAT,R109V,1,1
-1.739,0.02028,GATAACTTTCATTCCC,A93R P221L,2,2
-1.74,0.007631,AGCACTCTAGCAAATC,I418G,1,1
-1.74,0.0158,GTACAGAATCTTGGTC,D474L,1,1
-1.74,0.07855,TGTACTAAACCTTTTA,I214R,1,1
-1.74,0.008239,TATGCAACACGTCGCT,N31F,1,1
-1.74,0.05212,AAACGTAATCAAAAGT,L86C,1,1
-1.74,0.05212,CACCCCATGCAACCCC,,0,0
-1.74,0.01737,TTGCACTAGAACATAC,E344G,1,1
-1.741,0.01391,TAACATAATGAACCAC,S247A,1,1
-1.741,0.07639,GAGCCACAACGATAAA,K2V,1,1
-1.742,0.07434,AATCATTTGTAATACA,P21L F120Y,2,2
-1.742,0.01344,AGAACCCGGTAAACTA,K189I,1,1
-1.742,0.0295,TTATATATACCTAGTA,D461W,1,1
-1.742,0.0724,GCAACTTATTGATTTA,G5T,1,1
-1.743,0.1429,GTATTTCGGACATAGA,R269E,1,1
-1.743,0.07056,GATCTAAACTTCATAG,K453F,1,1
-1.743,0.01544,GTCAATGCTACAGTTT,V20N,1,1
-1.743,0.02773,GCCTTTTAGTATAAAA,R456H,1,1
-1.743,0.06881,AGATCTCAGGCCTCAA,H184T,1,1
-1.744,0.1359,ATTAAGTAAATATATA,,0,0
-1.744,0.1359,CCTAGTTAAACTTCTT,,0,0
-1.744,0.1359,TAAAATACGCTTTTGA,P227S N497D,2,2
-1.744,0.004096,AAAACTACTCTTGGGA,K452W,1,1
-1.744,0.06715,TCATCAAAAAGATTAT,G5C S209W,2,2
-1.744,0.03337,GCCAGGTACGAATCTA,Q57P,1,1
-1.744,0.008833,AACACAAGAAGGAGGT,T30Q,1,1
-1.745,0.1296,CCGTACAACGACTATT,I3Q,1,1
-1.745,0.1296,GTATCTGAGCCTACAC,S270A,1,1
-1.745,0.06405,GATACCGTGCATGACA,Y161E,1,1
-1.745,0.01158,AACTCCACCTCTTCCT,V429T,1,1
-1.745,0.006369,AACGCTCCGTAACACC,A196W,1,1
-1.745,0.02119,CAGGTTCACAAATAAA,N445W,1,1
-1.746,0.006626,CGAAAGCTATTACTGA,S149Y Q376Y,2,2
-1.746,0.04189,GCATGGGCTTTAACCA,N159G,1,1
-1.746,0.0626,GCAGCGAACTCAACAG,G129N,1,1
-1.746,0.1238,ATCTAGAAGAGCAATG,,0,0
-1.746,0.1238,TTCCGATACTAATATA,S231K,1,1
-1.746,0.02412,GAGCAACTATACCATC,G200H,1,1
-1.747,0.0599,AATCGCTTAAGCTACA,,0,0
-1.747,0.0599,ATCTTGCTAACACTTA,A93V R269K A317S,3,3
-1.747,0.0599,GATAAACACTGGACCA,T12C,1,1
-1.747,0.03951,GTGCAGCAACCCAGTC,S262C,1,1
-1.747,0.05863,GCCACGACTTTGCCAC,P55Q,1,1
-1.747,0.01454,CGACCTCCGTAAAAAA,D77W,1,1
-1.748,0.1137,AACGGTTTAAAAACCA,Q57H,1,1
-1.748,0.1137,GGTTAGCATTTACTCA,V166M,1,1
-1.748,0.1137,TAAAATAGCTCAGAAC,,0,0
-1.748,0.01863,ATAGCCGGAGAATGAC,K207N,1,1
-1.748,0.03688,AGAGGTAGACTGAGAC,A196Y,1,1
-1.748,0.05514,CCGGCAGTTATCTTAT,I282Y,1,1
-1.749,0.05303,TACATAGGAATTAACA,L177V,1,1
-1.749,0.01167,TACTGTTATCATCTGA,I481V,1,1
-1.75,0.02566,TCTAGCATGGCATTCA,G62L K446N,2,2
-1.75,0.02542,CAACCACAGACAAATC,G263R,1,1
-1.75,0.03374,CGTTTGATGTCTTACT,K238W,1,1
-1.75,0.02519,GTTATGCCCTACCCTG,I260N,1,1
-1.75,0.0201,GTTATTCGTTTAACTC,N464F,1,1
-1.75,0.05016,ATAATACGCAGCAACT,K140L,1,1
-1.75,0.01229,CATCACCTTTTCCAAA,K452M,1,2
-1.751,0.005664,AACAGCCATGAGTAAC,T65C,1,1
-1.751,0.03181,CCCTTCTAGTAATAGC,Q454K,1,1
-1.751,0.04758,ATTCATACTCTTAAAA,N158Q N322Y,2,2
-1.751,0.09434,AAACGAGTGCTGGTAG,F192W,1,1
-1.751,0.09434,GGCGCACACCCAATTA,V490G,1,2
-1.751,0.09434,TCATCGTCCCTCGTCG,W421* G463T,2,2
-1.751,0.046,AAACCTCTTTCCAGCA,T235L,1,1
-1.752,0.0101,ACGCTTCTTAATAAAC,T203S,1,1
-1.752,0.04525,AAAACTATATCTTAAC,K310P,1,1
-1.752,0.02182,CTTTACCAAACACCCC,N165W,1,1
-1.753,0.08561,GATACTCGACCAACTC,K411S,1,1
-1.753,0.00501,CTTAGAATCTTATTAA,S146Y,1,1
-1.753,0.02796,TATGCGCAACAAACTA,N22A,1,1
-1.753,0.04122,ACCAATTGTAAGAATA,,0,0
-1.753,0.01374,TAATAAATAATTTAAT,D101I R109H,2,2
-1.753,0.004278,ACTCGCATTCATTTGC,V429C,1,1
-1.753,0.02688,CGTATACCTGGTAACC,S95P S124H,2,2
-1.754,0.01966,CGAACCCAAACCACAA,,0,0
-1.754,0.07836,TATATAACATAACAAA,E414V,1,1
-1.754,0.02517,AGAATCACATTACCTA,Y161H G362A,2,2
-1.754,0.01886,ATAAATTGCTACTGAA,T313S,1,1
-1.754,0.01886,TAGTAATTAAAGAGCC,R255Q,1,1
-1.754,0.03734,ACGGTCCGCCTTTACA,S422A,1,1
-1.755,0.01017,TTACGCTGAAAACATC,Q1L,1,1
-1.755,0.02367,ATTCCAACCCCACCAA,P221S,1,1
-1.755,0.07041,GCCCACCGAAAATATC,S312Y,1,2
-1.755,0.004981,CCTCGAATACGTGTCC,S156R,1,1
-1.755,0.03455,CTGTTCAACCAAAAGC,K397M,1,1
-1.756,0.06867,ATTACCCATATCAGTA,K131M,1,1
-1.756,0.03412,CATCTTCTCCTATCAC,L59H,1,2
-1.756,0.03371,TCATCCAAACTCAACT,F195S,1,1
-1.756,0.02131,CAGCTCAAGTAATTTG,K452Y,1,1
-1.757,0.03142,CAGCCCAATTGCATAG,R255L L428A,2,2
-1.757,0.03142,GAACAAGAAGAACTTG,,0,0
-1.757,0.06248,GACGGTGCCTGGGGAA,,0,0
-1.757,0.06111,CTTGACTTATTGCATG,,0,1
-1.757,0.06111,TTCCTACTTACACAGA,K131L,1,1
-1.757,0.007505,CACTCGCACTCTCTTA,D85A,1,1
-1.757,0.05979,TCCTACAATCACGAAA,N475Q,1,1
-1.757,0.02911,AAGATTTTCTTAATTC,K131Q,1,2
-1.757,0.01437,ACAACTTGAGCAAAGC,D225S,1,1
-1.757,0.05732,AAACCATCCCAAGACA,P169Y,1,1
-1.758,0.01898,GAAAAAATGCCTCAGT,T65L,1,1
-1.758,0.05505,TCCCTGACGAATCTTA,R354W,1,1
-1.758,0.02712,TTCGCTATAGTTTCTC,Y105H,1,2
-1.758,0.02686,GAGCAACAAACGTAAA,N298W,1,1
-1.759,0.02562,CTAATATTTTACATAC,L409V D415N,2,2
-1.759,0.051,ACTAAATTACCATTGA,S312V,1,1
-1.759,0.04919,GTAACCCGTTTAAAAA,S480H,1,1
-1.759,0.04751,ATTACACAAAAATGTT,P4S,1,1
-1.759,0.04751,TTAGAGGCGTAAAAAC,N489H,1,2
-1.76,0.01515,ATGAAGTAAATGAAAC,T12Y L154M,2,2
-1.76,0.01467,TGAATCCGCAAGTATT,E35K,1,2
-1.76,0.04179,GAATCTAAAAATTAAA,D175N,1,1
-1.761,0.03886,TGAAAACTGTTCATGA,S480H,1,1
-1.761,0.03729,ATGCTATAAATCATAA,N38D,1,1
-1.761,0.007361,TAAAGCGGAATATATA,S193W,1,1
-1.761,0.03539,ATATCAGACCAAAGTT,E410I,1,1
-1.761,0.03451,ATGTCGATTAAAATAA,D375R,1,1
-1.762,0.03409,CTTGGCTCCCAGCCGG,T328H L431V,2,2
-1.762,0.008281,TACATAGGGCCTAAAT,,0,0
-1.762,0.03104,ATAACCGAGAAGTTCA,A373M,1,1
-1.762,0.02849,AAACCCAGAACTAATT,V166R,1,1
-1.763,0.01345,TAATATATTATTTAAC,A196L,1,1
-1.763,0.02584,ATTATAAAAAGGACTT,T65W,1,1
-1.763,0.0256,GTTTGAAGAGCCTATT,K446Q,1,1
-1.764,0.02096,TAGGATGTCCTGTAAT,N483R,1,1
-1.764,0.01046,AGTCCATGTATCCCGA,Q191M,1,1
-1.765,0.01619,TCTTTCTAAATCTAAA,K397G,1,1
-1.765,0.01385,AACCATTTTCTTTCAA,,0,0
-1.765,0.01215,CTACATCTCTCACCCC,K140G,1,1
-1.766,0.002838,TGAAGGAACCCAAACA,S124M R229S,2,2
-1.766,0.005438,GTGAAACTTTACAGGT,I300S,1,1
-1.767,0.003665,TGATGGGAGATAATAA,I288C D415N,2,3
-1.767,0.0653,AAAACGACATTTCAAA,M168K F174Y,2,2
-1.767,0.09407,AAAAGAACCTTAACGA,E403R,1,1
-1.767,0.03676,AAAATACCAAAAGATA,E35F,1,1
-1.767,0.04513,AAACTCGAAATTAAAG,T328A A430T,2,2
-1.767,0.05843,AACATAGTCCCGGGAC,I418G,1,1
-1.767,0.03937,AAGATCGATAGTATCA,N475Q A476S,2,2
-1.767,0.04173,AATCGTTACACATAAA,,0,0
-1.767,0.1047,ACATCTTAATCCTTGA,E403A,1,1
-1.767,0.01194,ACATGACCATTGAATC,M462Y,1,1
-1.767,0.1354,ACGATATTGCAATTAA,S96C,1,1
-1.767,0.1233,AGAATGAAGTAAAAGG,S231W,1,1
-1.767,0.04111,AGCAACATCATGACCT,N165L,1,1
-1.767,0.0653,ATAAAAATCTTCATGA,R92Q M168P,2,2
-1.767,0.02734,ATAATTTACCAACTGG,F195I,1,1
-1.767,0.05,ATATAACAAGCACCTC,P169A,1,1
-1.767,0.06687,ATCCATATTTTTCGAG,R354K,1,1
-1.767,0.07817,ATCGAACACATGAGAA,E119V N497V,2,2
-1.767,0.05,ATCTCATTATGACACA,,0,0
-1.767,0.1233,ATGCAAAGACGAACCT,T40R M462I,2,2
-1.767,0.1233,ATGCGAGCAAGGAGGT,S107C,1,1
-1.767,0.05843,ATTACTCCCCCGCCAT,,0,0
-1.767,0.05092,ATTCATATCGGACAGA,R405D,1,1
-1.767,0.09738,ATTCTGGAACTAAATT,D271F,1,1
-1.767,0.07401,ATTTCTAAGGATTAGC,Q173S E325W,2,2
-1.767,0.1354,CAAACCTTCCGCATCT,T167K,1,4
-1.767,0.2413,CAAACGATACCCTGCC,,0,0
-1.767,0.1181,CAAATGTTTTAAAACT,F192G,1,1
-1.767,0.2056,CAACCAAACATAAATA,,0,0
-1.767,0.09738,CCAAGTTTGGAAGCGC,,0,0
-1.767,0.15,CCGCAAAAACATTGAA,L177D F399L,2,2
-1.767,0.2921,CCTAAAACGAATATTC,K310E,1,1
-1.767,0.09407,CCTAAGATCTTGGATT,N341E,1,1
-1.767,0.02403,CCTACGCTCAAGATTC,V213N,1,1
-1.767,0.1009,CTAATCGGTACCCCAA,P221L,1,1
-1.767,0.02018,CTAGGACAAGTCCTAA,A39T,1,1
-1.767,0.02247,CTAGTTCCAATGAGAA,T328A,1,1
-1.767,0.2921,CTCATATAACAAACTC,Y161I K310F,2,2
-1.767,0.06852,CTCGGCCATAGACACT,N190D,1,1
-1.767,0.01934,CTTTAGTCGAAAAGTA,N250S,1,1
-1.767,0.02467,GAAATTGATATTATAT,F192D,1,1
-1.767,0.05606,GAATTACACGCTTAGG,K397H,1,1
-1.767,0.2413,GACTTGTCCTCAATAT,N497W,1,1
-1.767,0.0881,GAGACAACTGGTTCAC,P273K,1,1
-1.767,0.03937,GAGTCAAGATAACCTG,A364T,1,1
-1.767,0.02631,GTGAACATTCCGAATT,N22G,1,1
-1.767,0.2643,GTTATATAATTAATTA,D60P,1,1
-1.767,0.03828,GTTCACGGCAATATCC,I267L,1,1
-1.767,0.1233,GTTCTTATTAATAAAT,R220T,1,1
-1.767,0.08539,TAATTCAATTGTGAAA,S198D,1,1
-1.767,0.07026,TACGAAACTTAACTAC,,0,0
-1.767,0.01975,TACTTCTAAGTCTAAA,N158H,1,1
-1.767,0.2056,TATGCTCAAAAAGCTA,E119S,1,1
-1.767,0.1354,TATTGAATACACCAGA,,0,0
-1.767,0.0216,TCACGTTCAAATTCGC,,0,0
-1.767,0.04826,TCGCCAGAGTAATAAT,F87Y,1,1
-1.767,0.08539,TCTCTGTTATTCACGT,F192D,1,1
-1.767,0.1423,TGAACATTCCTACAGA,I214W,1,1
-1.767,0.08539,TGTACTTGAACATACG,A304H,1,1
-1.767,0.07208,TTTACTAAATGATTTT,Q191W,1,1
-1.767,0.0437,TTTCTAAACACCTCTG,R229C,1,1
-1.769,0.007571,CGAGCCAGAAAACCCA,D32K,1,1
-1.769,0.008712,TATTCCATAAAACTAG,S279A,1,1
-1.77,0.01572,ACGAGACGAAATTGCT,F467Y,1,1
-1.771,0.00205,ACAGAAAAAAATGACT,I236C,1,1
-1.772,0.0251,ATCATGCCTACAACCA,I395T,1,1
-1.772,0.02705,AGCAAACAATTTCCAT,S480H,1,1
-1.772,0.02732,TGTATACAATACATAC,K189V,1,1
-1.772,0.02904,TTAGACCCCTTCCCTC,D225H A304S,2,2
-1.773,0.02934,ACATATACTATTTCAA,V297F,1,1
-1.773,0.03133,CAAACATCATTTCACG,F174N,1,1
-1.773,0.01607,AAAACAGTCCGCAGTG,Q371A,1,1
-1.773,0.03444,CCATAACTTACAACGC,D415H,1,1
-1.774,0.03772,TATGCATGTAAGACGT,N165E,1,1
-1.774,0.0128,ACCACTTGAAATCAAA,V237T,1,1
-1.774,0.01932,AAAAGCATTGCTCAAA,K503E,1,1
-1.775,0.008362,ATAGTATCTAGCTTTA,E35T,1,1
-1.775,0.009223,TGATTAACACCTGGTC,D104C,1,1
-1.775,0.04658,AATTACTGATTCACTG,K2V,1,1
-1.776,0.02379,ATAGTGTGTAAAAGTA,S107Y N285R,2,2
-1.776,0.003743,TATAAATATCAAAATA,K131D,1,1
-1.776,0.05084,CAGACTTAAAGTAGCA,K453W,1,1
-1.776,0.05084,TATCTAGAGCCGCTAA,R255W,1,1
-1.776,0.02554,TTAAGTTCCCCAGTTA,Q132Y,1,1
-1.776,0.05179,TCGAACCGCCGAGTCC,R354V,1,1
-1.776,0.002616,TACAGTACAACATAAG,L151I,1,1
-1.777,0.01782,ACCAGTTATACACAAC,Q363L,1,1
-1.777,0.0538,AGAACCAATGACCCTT,S54R,1,1
-1.777,0.01348,CAACTTGTGGGCCAAA,E344L,1,2
-1.777,0.05486,ACGGTAAAATGTGCTA,T117I K450Y,2,2
-1.777,0.05486,CCTGAACCGCTCTTTA,I226D,1,1
-1.777,0.01853,TAATTTTGATGATCAT,N6Y S156H,2,3
-1.777,0.05597,CGCAAATTCAGAATAT,,0,0
-1.778,0.05832,TCCCATTAAAAAATGA,R499A,1,1
-1.778,0.008486,CTTTCACACTATAATA,P221C,1,1
-1.778,0.05958,CTGATTAGGATATAAG,I226L T235A,2,2
-1.778,0.01543,GCAACTATAGCAGAAA,Y161E,1,1
-1.778,0.006261,TACGACTCCATCCACA,D474P,1,1
-1.778,0.02091,AATTAAAAACATAACC,S156T,1,1
-1.779,0.03278,ACTTTACACCGATATA,Q295E,1,1
-1.779,0.03278,AGCACTATAGACGTAA,S146Y,1,1
-1.779,0.03278,GTCAATATATAAGCGA,,0,0
-1.779,0.01644,CCCACGCCCTTCGCCA,S145Y,1,1
-1.779,0.006095,GTGCTACTGGAACGGT,T40N,1,1
-1.779,0.03357,TCCTCTTAGTCCACAA,D493N F500L,2,2
-1.779,0.01684,AGCATAATACGTCTTC,Q363S,1,1
-1.779,0.00977,GAAAAAACTAAGTTGA,D241N,1,1
-1.78,0.07384,CAAAGTTACAACACAA,T117L I274V,2,2
-1.78,0.07384,GTCTCTCATGCATTAT,S312D,1,1
-1.78,0.01485,CTCGTTATATCTAAAG,K189W,1,1
-1.78,0.03717,GCCCTTAGACTGACAA,R222V T451I,2,2
-1.781,0.07586,TTAAAAGTTAGTAATT,P221T,1,1
-1.781,0.03819,AGAAGGTAATCGCTAT,K2R,1,1
-1.781,0.07799,AACTTCAAACTAGATC,A39S,1,1
-1.781,0.07799,CTGATAAGACCTAGTT,T318I M462E,2,2
-1.781,0.03984,ATCTTTTACCAATGAC,H56N S199W,2,2
-1.781,0.008014,GTATTTTTGGGGTTTA,G129N N165Q,2,3
-1.781,0.08025,AAAAACTAACTAACAA,N31D,1,1
-1.781,0.08025,ACTCAATTGAGAAGTC,Q1P G62E G386E,3,3
-1.782,0.04101,TAGCAGAATCTGAACA,N126C,1,1
-1.782,0.01381,GCACCGGGGGTAATAA,D225M,1,1
-1.782,0.08517,GATACGCACCCGAGAA,S47T R361G,2,2
-1.782,0.08517,TGTTTACAATACGATG,N158G,1,1
-1.782,0.04292,TATAACACAACAGAGC,A196Q,1,2
-1.782,0.04292,TGGTGCTGAGCGATAC,E414V,1,1
-1.783,0.01769,TCTTAAAATTGCATGG,R299E,1,1
-1.783,0.04575,ACTAGCGTCAAAGATA,N190S,1,1
-1.783,0.01146,CCAGACAAACACCGAA,N475G,1,1
-1.784,0.005846,TTAGCATGTAACGCTG,N382R,1,1
-1.784,0.04813,TCAAAAATCAGGATAT,I418M K503V,2,2
-1.784,0.01614,ATTAAATCTGGGATAA,V213N,1,1
-1.784,0.01956,TAATCGGTCCAGTATG,L244D,1,1
-1.785,0.1006,CAATAGCTAGGGAGAC,R361I,1,2
-1.785,0.03354,CCGGTAAACAACCTGC,S231R,1,1
-1.785,0.1006,GATTAAAGATTTTATT,,0,0
-1.785,0.02598,TATGTTTAAAGGTCAA,Y161E M462I,2,2
-1.785,0.1044,AATCTTATGAAACTCT,N165L,1,1
-1.785,0.1044,AGTGTTAGAACCAATA,,0,0
-1.785,0.01046,ACCTAGTACATATCAC,S95R,1,1
-1.786,0.03524,GAAACATGGAATTGGT,R307E,1,1
-1.786,0.03524,TGCATGAGAATATCAT,,0,0
-1.786,0.02647,TACTCCAAACAAGACA,E432D,1,1
-1.786,0.01533,AATTACCATACCTACC,G62M H488D,2,2
-1.786,0.05372,TCACTGACAACCAAGA,D438T,1,1
-1.786,0.1085,AACACAACTCCTTCAA,D415I,1,1
-1.787,0.05588,TGAAAAACGTAATGCT,T235L,1,1
-1.787,0.05703,CAACAGAAGAGTCCGT,L111H,1,1
-1.787,0.05703,TCAGAGATGAAGCACC,R383F,1,1
-1.787,0.05703,TTGTAACGAATCAAAA,S156I,1,1
-1.788,0.1177,CACCATGCTTCGTCTA,H56C,1,1
-1.788,0.0132,TGAGAATATCCAAATG,S149W,1,1
-1.788,0.01997,TGTCCAATAAGCAATA,N190I,1,1
-1.788,0.06077,AAGCAGCAAAGACCGA,I48C I232M,2,2
-1.788,0.01524,ACAAGAAGTTACATCC,Y412H,1,1
-1.789,0.1229,TGAAAATACCACAAAA,I288V,1,1
-1.789,0.06213,GTAATATGCATTACGA,Q197K Y412W,2,2
-1.789,0.04158,AGCTATATACGTTACA,A212Y A372K,2,2
-1.789,0.03124,AATTAACTAAATAGGT,Y470L,1,1
-1.789,0.06356,CAATAACGACCAACTT,F120G,1,1
-1.79,0.1286,AAACCCACCCACACGG,,0,0
-1.79,0.02572,AAGAATTAGTCACGCA,G200P T203A P227C,3,3
-1.79,0.1286,ACACCAACGTCGGTGA,K278E,1,1
-1.79,0.02596,TAGAGGGCGACTCATA,S193A,1,1
-1.79,0.02185,TCAAATAATACTAAGA,Q363N,1,3
-1.79,0.01887,TGCAAATAACACAAGC,W127L,1,1
-1.791,0.00791,AGTATGTAACATACAT,R229S,1,2
-1.791,0.1348,AGAGTCAACAAATTTT,G78M,1,1
-1.791,0.1348,GTGAAAAGAAAGTACA,T451S,1,1
-1.791,0.1348,TGAATCGATTCACTTA,R109A,1,1
-1.791,0.06825,ATCATATGAAAGATCC,K189H,1,1
-1.791,0.0275,ATTGACATTACAACAT,G362D,1,1
-1.792,0.02332,CTATCTATTTCAAATT,N31H,1,1
-1.792,0.06997,GAGTAAGATTAAGATA,E398K R482L,2,2
-1.792,0.04724,ACTAAATAATTAGAAC,D441F,1,1
-1.792,0.006163,GAAAACAGATTTAACA,I3T M444I,2,4
-1.792,0.03566,ATATCGAGATCTCCAA,Q57C N290Q,2,2
-1.792,0.02393,TAACCACGCGACTTGC,E494S,1,1
-1.792,0.03612,TCATACTTATAATTAG,R354I,1,1
-1.793,0.007687,AACTCTTTAATCCAAA,P55D G379D,2,2
-1.793,0.02435,AAATCTGAGATGAAGT,D415A,1,1
-1.793,0.02435,TTTTGATCCCTCATCA,K468S,1,1
-1.793,0.07368,TTACTCTCTTTAGGAG,K121V,1,1
-1.793,0.01345,ACACTGATATCCAACC,Q356L,1,1
-1.793,0.03709,GCTTAGAGTTAATATC,D85F,1,1
-1.793,0.1493,ACAAACGTTTTACAAC,V490K,1,1
-1.793,0.1493,ATTATCCAAATATAAA,Y105V A196T,2,2
-1.793,0.1493,GCCATCAGCAAACAAT,D85V,1,1
-1.793,0.04978,ACCAAAGAACGCTGAC,N38T K189N,2,2
-1.793,0.03759,AAGTACTTTAACCACA,K2D,1,1
-1.793,0.03759,ACCCATGAAAAAAAAA,P162S,1,3
-1.794,0.03864,CTTCACTAGTCTTTAG,I418W,1,1
-1.794,0.05164,TCTGACTCAGGACATG,E119T,1,1
-1.794,0.03121,TATGCGTGGTCTTTTG,K411V,1,1
-1.794,0.02237,GCACAATGTACGACAT,T12A,1,1
-1.795,0.1578,TAGCCGGACATAAACA,F120Y,1,1
-1.795,0.03974,CAAAATCTAAAGACCA,T30W,1,1
-1.795,0.03974,CCAGCCCGCCCTGATC,Y100V,1,1
-1.795,0.02695,AACACCTCTATCCACA,R208N R361C,2,3
-1.796,0.05469,ACACCGTTTTGTAGCT,N483G,1,1
-1.796,0.05469,ATAGTAAAAAAGGCTC,D225V,1,1
-1.796,0.009674,TGATCAGCAAGCCAGC,,0,0
-1.796,0.02748,TGTACGTGTGACATAG,D271G,1,1
-1.796,0.08244,AAATATCTCACTACAT,N81C,1,1
-1.796,0.08244,AGTGTAATTTTTCAAG,A196L I288M,2,2
-1.796,0.02775,AAATGATAAAAAAAAT,D493L,1,1
-1.796,0.02391,CTACCAAAAAAAGCCA,T485N,1,1
-1.796,0.1674,GACAACCATCGTAACC,E325C,1,1
-1.796,0.1674,GTAAACCATCGTAATC,E414A,1,1
-1.796,0.1674,TTGAACAACGATGACA,S143-,1,1
-1.797,0.04216,TATTGAAACATCAGCC,D68G,1,2
-1.797,0.08496,GAAGGATACAATGGAA,I242N,1,1
-1.797,0.04281,AATACGCTAAAAACTA,S114Q,1,1
-1.797,0.0343,GTCCATTAATACTTCA,P162V,1,1
-1.797,0.02861,GTTGAAAACAAAACGA,H184I,1,1
-1.797,0.04348,TTACATATGGTTATCC,F148Y,1,1
-1.798,0.006999,GAATACGCCCTTTCCC,Y412F,1,1
-1.798,0.04417,AAAGTCATGAAATGAA,F500M,1,2
-1.798,0.0148,TACCAACAGAGGAGAA,W234M,1,1
-1.798,0.05937,ATTTATATTTGACAAT,E344I E403F,2,2
-1.798,0.1781,CACGTGTTCTATAAAA,N159C,1,1
-1.798,0.05937,CTGTAGCATTTTTAAA,D175H K411Y,2,2
-1.798,0.1781,GCTGAAGCTCAAAACC,T167R,1,1
-1.799,0.006519,TCGATTGAAAATCTAT,S265M,1,1
-1.799,0.03656,AAAAACAGAAACCTGT,T283S N389S Q394W,3,4
-1.799,0.02291,CTCGTCATAACCAAAA,,0,0
-1.799,0.03705,GAGCCACCTTTTAAAC,D461F,1,1
-1.799,0.01859,TTATATAAGCAATTTG,N63P,1,1
-1.799,0.06202,TATCATCAATCAACCA,S378K,1,1
-1.8,0.09355,AATTGAGTGCCATGTA,F195V,1,1
-1.8,0.09355,AGGAAGACAGATATGT,Q80E R109H,2,2
-1.8,0.09355,CCAAAAAACATGATGG,V429L,1,1
-1.8,0.04718,GAGTCAGCCGCTCCAA,R307E,1,1
-1.8,0.02099,AAGGTAAAGTAAAGCG,,0,0
-1.8,0.0172,TCACCTAACACCCGAA,H184K,1,1
-1.8,0.1903,CAAAGAAAACTCCAGA,Q75I,1,1
-1.8,0.1903,CCTCAACCCCGTATGC,L439W,1,1
-1.8,0.06344,TCATTACCCCAACAAA,G142I,1,1
-1.8,0.007086,GGGAACACTATAAGCT,P239G,1,1
-1.801,0.04799,AATGTGAGACAAGATT,,0,0
-1.801,0.009632,TTGTTAAACAAATGAG,E403D,1,1
-1.801,0.0241,CATGTTCAAGTGTTTG,R255F,1,1
-1.801,0.09682,ATAAAGGTGCCAAAGC,T235D,1,1
-1.801,0.09682,ATTCCACCTGGCAACA,E41Q,1,1
-1.801,0.09682,TATTAGCAAAAAAAGT,L431I,1,1
-1.801,0.01763,TTGCTACGGCGAATAT,D68S,1,1
-1.801,0.02773,GATGCGCTACAGTTAA,P239C,1,1
-1.801,0.03265,CATGCAAATAACTTTG,V406E,1,1
-1.801,0.006772,ATGAAACCCTAACTCA,W84Y,1,1
-1.803,0.01858,AACCAAAGTTACTTGC,V213H,1,1
-1.803,0.04087,ATAACCAGCAGACCGC,K259W,1,1
-1.803,0.2043,CAAAAATATACACCTA,I418C,1,1
-1.803,0.2043,TGTCGAATTATTATAC,D7S N38T N483R,3,3
-1.803,0.03427,AGATAACTATGATTTG,I3C R383S,2,2
-1.803,0.01479,CATACAAAATAGACAA,Q197L,1,1
-1.803,0.03469,AAGAGTCAGCTCCCCG,R354W,1,1
-1.803,0.004267,CATACCAATCCTAACA,D348V,1,2
-1.804,0.07163,CTCTTAATTAGCTCTA,L428S,1,1
-1.805,0.03081,TCCAGCGGGATTCAAC,E484F,1,1
-1.805,0.01079,TCTAGTTAACACGAGG,E410I,1,1
-1.805,0.03605,CAACAAATGCGGGAAT,A430N,1,1
-1.805,0.1081,TGATTTAATTTATTGC,N31I,1,1
-1.805,0.04342,AGCTAACCTACACTCA,P21R E359D,2,2
-1.805,0.04342,TACTCTGGCCTAAGTC,L42I,1,1
-1.805,0.0546,GATATGGCCATAAGCT,G330W,1,1
-1.806,0.0557,CTAACACAGGTATACA,V166M K450V,2,2
-1.806,0.03187,ATACATATTGCCGAGA,E359A,1,3
-1.806,0.04483,AACAAGAAAAGGGAAT,Q327V,1,1
-1.807,0.01519,AATGCAGTGGAGCGGA,,0,0
-1.807,0.04556,CTGTTTAAGGACACAC,A196F,1,1
-1.807,0.02857,AGTTGATCCAGCTGGA,,0,0
-1.807,0.02886,TTATATTGTTACCAAT,A93K,1,1
-1.808,0.07764,AACTACATAAGTTTAC,T235N,1,1
-1.808,0.02346,CCTAAAATTAATCCCA,N296H,1,1
-1.808,0.01676,TGATACAAAAATGGAA,S146C,1,1
-1.808,0.01316,CCACGTGACGTACAAT,R255K,1,1
-1.808,0.05927,AGAGCCACCCACAATA,,0,0
-1.808,0.02637,CCTGATTCCTCATGAA,T40D,1,1
-1.809,0.0199,TATAACTCCATGTATG,K411L,1,1
-1.809,0.02004,AAGCAAAAACAAACCT,S145N S193T,2,2
-1.809,0.02407,ATTTCATAGTTTTAAT,D408F,1,1
-1.809,0.004283,ATCCTTCTATCAATTG,N165M,1,1
-1.81,0.02449,AAATATGTTACTTTAC,K276M F448N,2,2
-1.81,0.1225,CTAACTCCATTCAATT,N6L F258Y,2,2
-1.81,0.08224,AAACCCCCATTATACA,K315P,1,1
-1.81,0.01655,AATTAGCTTTTACAGT,N31S,1,1
-1.81,0.04964,GCATACTACTAACCAC,P239V,1,1
-1.81,0.01665,GATATCAAACACAAAA,E325I,1,1
-1.811,0.01933,TATGCAATACTACATT,E414C,1,1
-1.811,0.05054,TACCACAAGCTATAAA,,0,0
-1.811,0.1281,ACACAAGACCAGTCGA,P239Y,1,1
-1.812,0.03221,ACGAGAACAAAAAGGC,T128E S198C,2,2
-1.812,0.01175,AGCACTGAAAAGGGAA,T485V,1,1
-1.812,0.03697,GAATGACCCGGTCTAC,R222C,1,1
-1.812,0.02884,ATCAACATATGAACGT,F192N,1,1
-1.813,0.08742,AATCTATTTCTATCTC,E457T,1,1
-1.813,0.08742,CACAACAACATACGTC,P227A,1,1
-1.813,0.01654,GATCAGTGGGAATAAC,T485H,1,1
-1.813,0.06635,TTGATCGCTCTTACCT,F399R,1,1
-1.813,0.03798,GTACCACTGATAAGAC,V406E K411N,2,2
-1.813,0.01906,TCCATAACAACTATTT,A196Q,1,1
-1.813,0.03338,TTTGACTTGAATGTTA,I377T,1,1
-1.813,0.05347,TATTTACCTATGACAG,R456M,1,2
-1.813,0.009225,AATAACATCCCCAACT,R361K,1,3
-1.814,0.03851,AAAAGCCAGATATAAC,S137T,1,1
-1.814,0.09027,AAGCAATTAGTACAGC,,0,0
-1.814,0.09027,TCAAGGCTGATAACAA,L439C,1,1
-1.814,0.01509,ATGGCCTGCAACTTAA,Q371I,1,1
-1.814,0.02094,TATTAGAGAACTTCTT,,0,0
-1.814,0.05452,AGCAGCCTGATAAAGT,,0,0
-1.814,0.05452,TAAGCGGAGAACATAT,S156E,1,1
-1.814,0.05452,TTAGGATGAAATACTC,K207Y,1,1
-1.814,0.0455,AGCTGAATAATAAAAC,K326Q,1,1
-1.814,0.03905,CATTACCTAACAGTTG,S110H,1,1
-1.815,0.05561,CGAAACGAATACTATT,L496W,1,1
-1.815,0.02142,GAAGGATTCCAAATAT,N133E,1,1
-1.815,0.02323,AACATAAGACAGCTTT,,0,0
-1.815,0.06968,AACATCTGAAAAACAC,F174G,1,1
-1.815,0.02323,AAGTGAACGTAATGCG,V490H,1,1
-1.815,0.01468,CGAGTATATTCAATAG,E172C,1,2
-1.816,0.02343,AAAATTTCAGGGTAAT,G200K,1,1
-1.816,0.0256,AGGTTACCAAAACATT,,0,0
-1.816,0.006788,TTTCTACATGAACAAC,L384T,1,1
-1.817,0.07148,CATCAAACAACCAGAC,K292W,1,1
-1.817,0.07148,CATTCCAGAACTATCA,E457A,1,1
-1.817,0.07148,CGCAAAAAGACATACC,,0,0
-1.817,0.01704,AAGTCAAGTTATTTTC,R109H R269K,2,2
-1.817,0.05793,AATAACGGCCAAAAAT,K140N,1,1
-1.817,0.2896,ACATTTTTTACTCGAT,,0,0
-1.817,0.2896,ATAACCCATTATAATC,P169E V402E,2,2
-1.817,0.2896,ATAATCTCCCGACGTC,Q210S,1,1
-1.818,0.03256,TTTAATTCACTCAAGA,H393W,1,1
-1.818,0.006513,TAAGGTCCAAATAGGA,F192M,1,1
-1.818,0.07337,TCTGAATTACAAAAAT,T485A,1,1
-1.818,0.02467,CGGTACGCACTTACCG,P21N,1,1
-1.819,0.1487,AGGACTGTAATGGATG,,0,0
-1.819,0.04957,TTCCTATCAACATGTT,T10G,1,1
-1.819,0.01758,CAGCGCATACCGAACA,R456S,1,1
-1.819,0.01032,ATTGCATAGAAAAAAC,E401T,1,1
-1.819,0.004122,AGTAAACAACACATAG,S312I,1,1
-1.819,0.06045,TCGCCTAGAAATATTA,I260N,1,1
-1.819,0.0084,AATTGCAGGCCTCAAT,T451L,1,2
-1.82,0.02192,CAGTGAATCACATATA,G303F,1,1
-1.82,0.03417,AAAAGTAAGATCAAAC,S156R Q371A,2,2
-1.82,0.03847,ATTAAACCTCATCATG,K27R A163L,2,2
-1.82,0.01236,CGGAACCATCAAAGCA,E35T,1,1
-1.821,0.1038,GTCTCGGATCGTGACA,D493L,1,1
-1.821,0.02091,GAATATCAAGGTTTCA,G404E,1,1
-1.821,0.1571,CAATCAAATAATCAAT,D441Q,1,1
-1.821,0.1571,TGCCTTAGAAAAATTC,N464K,1,2
-1.822,0.01056,AAAAATAAATGTCCCC,N126R,1,2
-1.822,0.02879,CCTAATTCAAGTTGCC,R222M,1,1
-1.822,0.01877,TTACCACCATTTCCCG,K468S,1,1
-1.822,0.05338,AACTATATTAGAAATT,Q295T,1,1
-1.822,0.05338,CTACTAAAAAACAATA,T235E,1,1
-1.823,0.02029,AGACAACTACTTATGT,N158P,1,1
-1.823,0.05443,CTGTAAAGTCTAGCCC,E457C,1,1
-1.823,0.05443,TTATCCAAAATTTAAT,G142Q,1,1
-1.824,0.03641,GATCTAAAAGGATAAT,S114Q I214K,2,2
-1.824,0.08205,AAAACCGCATAACCAA,S400P,1,1
-1.824,0.01942,CAGCGATGCATATTTC,G275S,1,1
-1.824,0.01745,AGATTAGGAAGTTCAC,S144K,1,1
-1.824,0.02557,GTTAGCATATTTATAC,K453D,1,1
-1.825,0.01399,CATCTATTTATGCAAA,A196Y,1,1
-1.825,0.1122,GATAGAGAGTCACCCC,K468S,1,1
-1.825,0.03372,TGGCACACAAATTTGA,P273C,1,1
-1.825,0.01691,GAACCACCATGCGTCA,D461V,1,1
-1.825,0.08455,AAACAATATCAAGGCC,R208P,1,1
-1.825,0.08455,TTTCTTATACATAACC,F192L N285S,2,2
-1.826,0.05665,CCACTCCTCTACGAAC,,0,0
-1.826,0.04863,AATTGGAAATTAAATA,I374F,1,1
-1.826,0.0426,GTCCAAAATCAAGTTA,Q371G,1,1
-1.826,0.007752,GACTATGAACTCAACT,G129W,1,1
-1.826,0.02847,CGAAAGCTCATCCATC,T485I,1,1
-1.827,0.01825,GTAAAAAACTTCTCTT,V204M,1,1
-1.827,0.05784,CCACAATTAAGCTGCA,E398K,1,2
-1.827,0.02043,AGAAAACGTATAGGTA,I395A,1,1
-1.828,0.1169,TCTTATAAAAGTAATA,S480G,1,1
-1.828,0.01755,CAAATAATTAATCGCA,S369G,1,1
-1.828,0.01363,TAGGGTACTAGTTTTG,R229G,1,1
-1.828,0.02733,GTTAAAAAGAGAGTAT,R141V,1,1
-1.829,0.07134,AAAAAAACAGACACAT,T206C,1,1
-1.829,0.00316,ACACGGAGTAAACTAG,K452L,1,1
-1.829,0.05133,GCGCCCAGTTTATACA,M444I,1,1
-1.829,0.03001,TACCTACATGATTATA,N159P,1,1
-1.829,0.01801,ACTAATCAAACCTCGT,Q1W,1,1
-1.829,0.06035,CAAAATAAAATCACAA,V182C,1,1
-1.83,0.01914,TGATTAACATTGTAGA,G129V,1,1
-1.83,0.02279,ATCGATGATTGCTAAG,T313Y,1,1
-1.83,0.02441,TCAACCGAGACAAATA,K397G,1,1
-1.83,0.122,AAGCATCCGCATAAAA,G142I,1,1
-1.83,0.005633,TCAAGCCCCAGGAAAA,V237I,1,1
-1.831,0.01004,TATTAAGTTAAACCGT,N63M D241N,2,2
-1.831,0.02188,TAATATCCCTGACAAT,F467W,1,1
-1.831,0.09306,ATCCATTAATTTATTA,F148Y,1,1
-1.832,0.02087,ACTCAAGGAGCGCAAT,T167Q,1,1
-1.832,0.0752,AACGCAAGGAATAACG,T235Q,1,1
-1.832,0.1893,TATACTAAATTCCAAT,K411E,1,1
-1.832,0.1893,TATCACCAAAAACAGG,L86T,1,1
-1.833,0.05435,AAATCTTTAATACTTA,G200I,1,1
-1.833,0.01411,AGACCACGTCACTTGT,D77H,1,1
-1.833,0.006836,TGTAATGGTGTATGCA,I242G P273T,2,2
-1.833,0.1276,AGGCTATAAAAATAGG,S47Q,1,1
-1.833,0.09629,TTATAAATATAGTTAT,,0,0
-1.834,0.0773,TAACTCCACAACAAAG,I300D,1,1
-1.834,0.05543,CACGAGATAGCGTACC,N489K,1,1
-1.834,0.01619,GTGTCGCATAAATTAG,S107R E403G,2,2
-1.834,0.04321,TAAAGGATCAAGAGAC,D225C,1,1
-1.834,0.03541,GTCACAGTTTAGCGGG,T203G,1,1
-1.834,0.03541,TGTTTCAGGGTAGACT,P227C S378T,2,2
-1.834,0.02999,ACCAATATAAGTAATA,Q211H,1,1
-1.834,0.02169,CACAATATTCATAATA,T135E V237I,2,3
-1.835,0.011,ACGTCCACCTGCTAAA,S107Y,1,1
-1.835,0.07951,TGACAAAACCATAACC,,0,0
-1.836,0.09975,CTAGACATAGAACCGT,R109E,1,1
-1.836,0.1338,AAAAATCACACGTAGG,P273R,1,1
-1.836,0.1338,TAAGTGAAGCATAAAC,,0,1
-1.836,0.1338,TACATAAAATTTCCTG,H184V,1,1
-1.836,0.0446,TTACTGTCTGCCAAAT,,0,0
-1.836,0.05033,ACAGTCTCGATACGAG,D77G S91R,2,2
-1.837,0.05774,CAAACAAATCTTCACA,G78N A476R,2,2
-1.837,0.03681,CGAAACTCAGATCAAA,L118W,1,1
-1.837,0.01628,AAATCGAAACAGAAGC,N424C,1,1
-1.837,0.002798,TACTTTAAGGATATAC,E403R,1,1
-1.838,0.01006,AATGACATTTTAACTA,S205M,1,1
-1.838,0.1035,AAAAGTTTAACTCCTC,R482N,1,1
-1.838,0.1035,CAACGACCCAAAACTC,,0,0
-1.838,0.02069,CTGAAAAAATAGAATC,L243Y,1,1
-1.838,0.1035,GCATATATAATACAAA,E172F,1,1
-1.838,0.1035,GGGATAAAAAATCTTA,,0,0
-1.838,0.1035,TACCACACACATATCC,T128P,1,1
-1.838,0.01885,ATAGCTCCTAAAGCAC,,0,0
-1.838,0.04608,GAACTAGTTCCTCACT,,0,0
-1.839,0.006506,CTAGGACATATAGCCA,K189L N489Y,2,2
-1.839,0.05222,CATAACGCGCAAATAC,D461S,1,1
-1.839,0.05222,TATTGCTCTGACTCTA,E401K,1,2
-1.839,0.01131,AGCGATACGATAAACT,N464H,1,1
-1.839,0.03492,ATCCTAATAAATATCT,N6S F195W,2,2
-1.84,0.1406,AAAGATGCCAAACTAA,Q191S,1,1
-1.84,0.06025,GAAATTCAAATGAAAA,G62E S198E,2,2
-1.84,0.04686,TGAAGGTTAATTGAGC,H488D,1,1
-1.84,0.01627,GATATACCGGAGTACT,R255M E410K,2,3
-1.84,0.01061,ATAAAATTCATGCGCA,I300F,1,1
-1.84,0.01697,CATGCTAGGATTAACC,G275R A373C,2,2
-1.84,0.03537,TAATCTCTGTATGGTA,,0,0
-1.84,0.01121,ACAACACCGACGTATT,P221F,1,1
-1.841,0.009092,ATTCCAAGTTAAAGTA,Y100H,1,1
-1.841,0.02256,TCACTATGGTACCCTT,I282W,1,1
-1.841,0.03583,ACGAAAAGCACCCGTT,S145W,1,1
-1.841,0.01536,ATTCGACGTTTGTTAA,E426V,1,1
-1.841,0.027,TCCAAACGCGAGCTCC,Y105V,1,1
-1.841,0.01237,ATATTGTTTAAAAAGA,K468C,1,1
-1.842,0.02166,AAGTGATTAAGCACTA,D175P,1,1
-1.842,0.03943,TTTAGGTTGTCACGAG,K397S,1,1
-1.842,0.08699,AAATATCTACCGAATA,K310Q,1,1
-1.842,0.08699,AATAGTGAGAGTGAGT,E172Q,1,1
-1.842,0.008577,AACTAATACCCCCCCA,,0,0
-1.842,0.01327,CACTCCAAGCCTCACA,R269H,1,1
-1.842,0.04384,TCTTTTTAACATACAC,Y105R,1,1
-1.842,0.07307,CACTAACAAGCCCAGA,N475D,1,1
-1.843,0.03678,TAGCCAAGGCTCACCC,I395E,1,1
-1.843,0.04936,CAACCAAACTAAATTC,,0,0
-1.844,0.02781,CAACCGATGACGTTCC,A93K D474N,2,3
-1.844,0.1118,ATCTCATATTTGTATT,V406H,1,1
-1.844,0.1118,CAAAAATTGTTACTTA,N22L,1,1
-1.844,0.1118,CAGATTATGTAACTCA,N190S,1,1
-1.844,0.03727,ATCCTGTGTTTGCTGG,S193Y,1,1
-1.844,0.008629,TATAACTTCCTAGTAG,I282W,1,1
-1.844,0.02994,TAGTGAGCCCTAGCGC,S442V,1,1
-1.845,0.01808,AATACATCTCGACGTC,D415A,1,1
-1.845,0.05026,TTCACATAAAACCTTG,Q132K,1,1
-1.845,0.01517,TCAAACATATAGCTAA,T318A,1,1
-1.846,0.02548,CGAGATCAGCCTGGAA,S312F,1,2
-1.846,0.05118,TGCAACAACAGTCTCC,A212R,1,1
-1.846,0.01401,ACGACTAACAGTGTTG,I331F,1,1
-1.847,0.07713,AAACAAAGAAATTAAG,D77Y,1,1
-1.848,0.1564,CTCCAAAAGACTCAAA,L439A,1,1
-1.848,0.1564,CTTATTTCAAAATGTT,N341D,1,1
-1.848,0.01578,ACGCCCACGCTGACTA,,0,0
-1.848,0.00687,TGACTAGACCCGGTAT,N483G,1,1
-1.849,0.03674,AAGGTCACACCAACGT,,0,0
-1.849,0.01452,AACCACTATCCTTATT,I502M,1,1
-1.849,0.02523,AGAACAATTATTATCT,K140M L316Y,2,2
-1.849,0.09603,TATGACAACAACACCA,I374T,1,1
-1.849,0.03201,TGTATCCCGCGCGTAA,S209H,1,1
-1.849,0.01001,GCCACGCAGTATCACA,R141T,1,1
-1.85,0.06015,CATACGCTAGGAGATC,S279T,1,1
-1.85,0.06015,TCATCACTTGCATATT,D461H,1,1
-1.851,0.00484,TCGATAGGCATACGCT,P239N,1,1
-1.851,0.01358,CATCAATTCAGAGAGC,V112F,1,1
-1.851,0.08167,GAATAATGAACGAACT,R141W,1,1
-1.851,0.08167,GATAAAGTATTCAGGC,G352L,1,1
-1.851,0.06148,AACCTGTAACACAAAA,P324H,1,1
-1.852,0.004805,GCTATCTCCACGAATC,D85I,1,1
-1.852,0.01653,TCAATAAAATAGAATA,N433S,1,1
-1.852,0.0155,GTACAAAAGAAAAAGA,Q132F,1,1
-1.852,0.1658,ATTCGTAAAATGATCT,N31F G200W,2,2
-1.852,0.07105,CGAAGCAAGATCAATA,T235I G479I,2,2
-1.852,0.05526,ATGAACTAAGATAGTG,S369Y,1,1
-1.853,0.01167,GACCTAACTGTTAAAA,Q191G,1,1
-1.853,0.05019,CTTTCTGCAAGCCGCC,T117G,1,1
-1.853,0.03356,ATCAATAACTCACATA,P221I,1,1
-1.853,0.03356,CGGACGTAATAACAAT,S137R,1,1
-1.853,0.0388,AAGACTCTCTTTACCG,S422N,1,1
-1.854,0.04597,TTGAACCTCATGGAAA,,0,0
-1.854,0.1272,AAAAAGTCGTGAAATA,,0,0
-1.854,0.1272,ATAATTATCTTATTCA,,0,0
-1.854,0.01378,TGAGCCTTTAAAGAAC,L431Y,1,1
-1.854,0.02834,TTTATACAAGGATGCC,D225Y,1,1
-1.855,0.03198,ATACCCAAACTTCCAG,I481L,1,1
-1.855,0.03198,ATTTATAAATATGTCA,L59V,1,1
-1.855,0.02568,TTGGCTAACTGAGATG,A11N,1,1
-1.855,0.06434,AAAAGACATGAGTACT,G78Y,1,1
-1.855,0.1032,CGCACAGTTATAGATC,S107V,1,1
-1.855,0.02064,CATCTATACCGGACAC,E83G S107F,2,2
-1.856,0.04306,CATCCCGGTTATACTA,R229M,1,1
-1.856,0.01015,CCCATTCTAGTATGTC,,0,0
-1.856,0.08679,GATACCATTTTCTTTT,D271L,1,1
-1.856,0.08679,GCTCGCAAGGAGTCGG,,0,0
-1.857,0.01045,AGCCACATCATATATG,T451H,1,1
-1.857,0.07489,ATCATTCTTAAGAAAA,T313C,1,1
-1.857,0.01011,AGAATCGAATTAACAC,D271L,1,1
-1.857,0.02775,GCCACTGCAGAATCAA,V347M,1,1
-1.858,0.02032,AAAAATGAATAAACCC,R150M,1,1
-1.858,0.04837,TAACCTCAAACGTATG,K131V,1,1
-1.858,0.04837,TAGAATTGACCCACTG,L111I E432N,2,2
-1.858,0.01973,AATCACATACTTGAGA,T28H,1,1
-1.859,0.0137,GTAGTAAGGTAAAATA,K315V,1,1
-1.859,0.1072,CTACCTCTTCAAACCT,S262M K264N,2,2
-1.859,0.02566,TGCTCTACTAACGCAA,N38A N296C,2,2
-1.859,0.07697,ACATTCAAAACTAAGT,,0,0
-1.859,0.02345,ACCAATCTATAAACAC,I395S,1,1
-1.86,0.06005,CATTACGAACCAGTAA,D85Q,1,1
-1.86,0.02719,ATCCGTATAGACGGAG,,0,0
-1.86,0.0259,TATGTCCATTGCACCG,T167M,1,1
-1.86,0.02267,AAAATGACTGAAGGCC,A11D K171V,2,2
-1.86,0.003169,ACCACCATACGCAACA,S247L,1,2
-1.861,0.02031,ACGCCTACAAAGCATA,,0,0
-1.861,0.02745,AATCTTATTGATAGTT,Q80P M444F,2,3
-1.861,0.03052,CAGTGTCTACAAATAG,N94S T167N,2,2
-1.861,0.04591,ATCGGTTATTAATAAG,S265C M268I,2,2
-1.862,0.06138,TCGAAGACTACCAACA,D291T,1,1
-1.862,0.004354,AATCCGAAACACAAGG,K397A,1,1
-1.862,0.06915,AAAAATATTGTATACA,K140G,1,2
-1.862,0.01025,CCCACTTCCGGTATAG,R220Q D487H,2,2
-1.862,0.02517,AGCCCATGAACAATAT,E325I,1,1
-1.863,0.04668,CATTTCTCGTCCTTAT,N464H,1,1
-1.864,0.1883,AGAAACACAATCCCAC,D68N,1,1
-1.864,0.1883,TAGAGTAAAATCAAGT,K417R,1,1
-1.864,0.01826,TCAGGTCAATAGGAAA,D68S,1,1
-1.864,0.04368,GATATTCTCCGAGGTA,N464T,1,2
-1.865,0.02193,TACGCTGAGAGCCATG,N216A,1,1
-1.865,0.08149,GACAAAGATCTGATAA,G78Q,1,1
-1.865,0.01099,AGTCCGCGAAACTATC,R354Q,1,1
-1.865,0.2873,GTACCAAATACTATGG,S198W,1,1
-1.866,0.01701,AGTATTAAGTGCTCTA,S114Y,1,1
-1.866,0.01184,ACACACCGAATGAAAG,R224V,1,2
-1.866,0.03871,GATTTGGGTTCACGCT,T248S,1,1
-1.867,0.07278,AATTTCCGGAATAAAC,,0,0
-1.867,0.02539,CCCATCAAGACGTACA,D68N L420F,2,2
-1.867,0.00946,ACAAGTTAAAATACGA,T167E,1,2
-1.867,0.08396,GATCAAATCCATTTCC,S107Y,1,1
-1.868,0.03268,CTTTCATAGTAATACG,T485N,1,1
-1.869,0.05402,CTAAACCGAACCCCTC,H355V,1,1
-1.869,0.05402,GTCTCCAAGACCCAAA,G362F,1,1
-1.869,0.02982,TAACCACTTGATCTCC,E172N E401F,2,2
-1.869,0.01085,AGGAGTTGTGATCTAT,K468S,1,2
-1.869,0.0171,CGAACGCACTGAATGT,D348G,1,1
-1.869,0.0214,ACGTCGATTCCTAAAG,D348V,1,1
-1.869,0.05995,TAAAACTTCCATGACA,E403A,1,1
-1.87,0.05005,AGAATTATGATAGCGA,D487F,1,2
-1.87,0.006778,CCAATTGTCAAGGAAA,Q376R,1,1
-1.871,0.1212,ATATAATTATATTTGC,D188H,1,1
-1.871,0.1212,TTTTTAAAGACACTAT,I374A,1,1
-1.871,0.202,AAATAAGAAACCAATG,I236C,1,1
-1.871,0.04662,AATACTGTATTCATAT,K503W,1,1
-1.871,0.08658,ACCCATTGTTAATGAA,R261K P293Y,2,2
-1.871,0.06734,TACCTTCCAGCAGTTT,S205G E390K,2,2
-1.871,0.202,TAGGCCTAAAGACAAT,P324W,1,1
-1.871,0.06734,TGAAAATGACATATTC,H355V,1,1
-1.871,0.00635,CGACTTAAAGTGCCAC,R222N,1,1
-1.871,0.01271,CTAAAAGCGAGGTACT,V130T,1,1
-1.871,0.05097,AGTCTCCACCTTGGAA,,0,0
-1.871,0.05097,ATAAATTTGACCCTAT,A19T,1,1
-1.872,0.01424,ATTTATCTTTAATTAA,N152D,1,1
-1.872,0.07681,TTCTAATCAGATGCTC,D438M,1,1
-1.873,0.05622,TGGGAGCTTAACATAT,A19F,1,1
-1.873,0.02948,ACCGCTATTTCTTAAG,A425I,1,1
-1.873,0.02381,ACCATCCTTTTGTTCA,R354C,1,1
-1.873,0.06902,AGTATACCTCTCGAAC,D73P Q376E,2,2
-1.873,0.06902,CCTCCCAAAAACTCAA,H18R,1,1
-1.873,0.02825,AGATCACTATTAACAT,G62R,1,2
-1.873,0.01519,CTGACAGACGAGCTGC,D461L,1,1
-1.873,0.1558,AATACCCCGTAAACCC,,0,0
-1.873,0.1558,CTAGGTCTATAGAGAG,S91G,1,1
-1.873,0.1558,GCATTCCACCGAACCA,D271A,1,1
-1.874,0.02402,TAGACATCGATAAAAC,T12N,1,1
-1.874,0.08937,AACATTATAATCAACA,S247K,1,1
-1.874,0.08937,TAACAGTATACACCAT,,0,0
-1.875,0.03151,AACTCTATGAACAATT,N22T,1,1
-1.875,0.04505,CTCCGGGGAATCTAAC,,0,0
-1.875,0.02042,TTATTCAGGGATATAT,T128C,1,1
-1.875,0.03517,CGAACAAGTTAATGCT,E410Y,1,1
-1.875,0.04225,GAAACGTCAGTTCTAA,A19W,1,1
-1.875,0.1268,GACTACCGAGTCCCAA,A430F,1,2
-1.875,0.05292,ACCGCTTCGAAATTCA,I260W S358Q D366N,3,3
-1.875,0.05292,TAAAATGACCAGAATG,N158Y,1,1
-1.876,0.02359,TGGAAACACTATGGAA,R321L,1,1
-1.876,0.00331,AGCCAACACTAAATAT,K315F,1,1
-1.876,0.03759,TTAAACGAATTTTCCT,D375V,1,1
-1.876,0.1069,AGATCTCCCAAAAAGA,E457I,1,1
-1.876,0.06411,CTCTATGGATGTACAG,V490H,1,1
-1.876,0.04579,GCAGGTTAACTTTACC,,0,0
-1.876,0.06411,TCTATAAACCGAATCA,I282W,1,1
-1.877,0.04036,AATTCCCGCCACAATT,S219N G263E,2,2
-1.877,0.04036,TCTTATCCCATCCAAA,T301D,1,1
-1.877,0.05395,TTACACAATAAAAATT,Q371R,1,1
-1.878,0.02242,TTCATGGGAATGTTAT,G463R,1,1
-1.878,0.08131,TAGCCTGCCAAAACAC,R354M,1,1
-1.878,0.01859,GAGCCATAAGCTGACC,K2P K452E,2,2
-1.878,0.03113,TAGCTCTTCCTTCCCA,D101G,1,1
-1.879,0.01872,TGGTCCATTTCCTCGT,K2P V223I,2,2
-1.879,0.04096,AAGTTTAGCATAAACT,,0,0
-1.879,0.01822,GTATCACCATTTTAGT,N53F S144R R361H,3,3
-1.879,0.009815,AGCACAATTTACTACA,K27E,1,2
-1.88,0.03009,AAGGGACGGGCCATAT,S219N R405Y,2,2
-1.88,0.02136,AATATGCTAAAGTAGG,N498V,1,1
-1.88,0.04736,ATTATCCCTTGGAAAC,P162L,1,2
-1.88,0.1328,AGAATCCCAACAACAA,T10N,1,1
-1.88,0.01208,CACGAGTTAATCTCGA,R222F,1,1
-1.88,0.02657,TGCAAGTACGATCATA,D175G,1,2
-1.881,0.01665,TGATTATTCAGGGCAG,Y161I,1,1
-1.881,0.01626,ACCCAGAATATTGAAA,K310E,1,1
-1.881,0.1111,ATAATTGAGCCGCAAG,N122L N445M,2,2
-1.881,0.00585,TCATTCGCTAGATAAC,L428Q,1,1
-1.881,0.09553,TCATAAGTGCATCCCT,K417C,1,1
-1.881,0.03042,ACAAAAAAATTGCTTC,S205V,1,1
-1.881,0.02912,AAACAGACACATCGGG,,0,0
-1.881,0.02792,TGCCGAGAACAAACGA,L420C,1,1
-1.881,0.07459,AAACCAGGAAGATACC,,0,0
-1.881,0.07459,TCTGAGAAAGAAAGAA,L111E,1,1
-1.881,0.07459,TTCATAACATACATTT,W421H,1,1
-1.882,0.02039,AACCTCTGTAAAAAAC,V406Y,1,1
-1.882,0.0198,TGTAACCTAATGGAGA,D73P,1,1
-1.882,0.05185,CTCGTACATCAAAAGC,S209T,1,1
-1.882,0.04221,GACTAAACCGATCACA,E398K,1,1
-1.882,0.01994,GCAAAAATTCTAACCA,P103W,1,1
-1.883,0.01739,CAAACAGACCACGACG,N165T,1,1
-1.883,0.01516,CTACGCCTGATACCCA,Q210T,1,1
-1.884,0.03605,AACTTAACCTTATTTA,D104A,1,1
-1.884,0.04903,CTGAAGCACATAATTA,I300C,1,1
-1.884,0.02377,ATAACGCACGAACAAA,H18C,1,1
-1.885,0.08638,TAGAACAGACAACAAA,,0,0
-1.885,0.01385,AGTACTGAATTCCTAT,D415G,1,1
-1.885,0.09894,AACAGAAGTTCGAACA,S124I G386E,2,2
-1.885,0.09894,CCTCGTATTGGCCATA,K453D,1,1
-1.885,0.09894,TATATCTGTAATTGCT,,0,0
-1.885,0.03652,AAATCATCTGTTATTA,A334L,1,1
-1.885,0.1158,GTAAACATCTAATAAC,A425Y,1,2
-1.885,0.1158,TATATTGCGAATCTAT,A196H K453Y,2,2
-1.886,0.04353,CTTTGTTTTCCTGCCC,G379K,1,2
-1.886,0.0585,ACACCCTTTAAAAAAT,H488A,1,1
-1.886,0.0585,ACGATAACTTACTCAA,I300W,1,2
-1.886,0.02507,TTAAACGTTCTACACT,L251Y,1,1
-1.887,0.064,TATCACCAAAAAATGC,Y233S,1,2
-1.887,0.007761,ACACACCAAAGAAAGT,T187F,1,3
-1.888,0.2365,AACTATTTTTTAACTA,T65Y N126V,2,2
-1.888,0.07883,ACAAAGCTTCCTCCAA,L428C,1,1
-1.888,0.01145,AGTACATGGAAGACGT,S144C,1,1
-1.888,0.03751,CACCCACATCCTATTT,L70M,1,1
-1.888,0.08916,AGTTAGAGTGCACATC,,0,0
-1.888,0.08916,ATGACAGGTACCAATT,N290W,1,1
-1.888,0.08916,TCGTCCTAATCCGGTG,,0,0
-1.889,0.05976,GAATAATGAAGAATAA,A425W,1,1
-1.889,0.1026,TAGAATACCAATCAAT,T167N F467Y,2,2
-1.889,0.1026,TGATGAAATAACTTCT,L42C,1,1
-1.889,0.01633,CCTATAAAAGTCTCTT,E414H,1,1
-1.89,0.05178,AGTAGCTAGCGCGTTT,D73N,1,1
-1.89,0.04028,CACTTGAACAAAATAA,F195N,1,1
-1.89,0.1208,CGATTCAAATACATAC,G62E E432F,2,2
-1.89,0.1208,CTGTAATTCACTAGAG,P273M,1,1
-1.89,0.1208,GGTCTGGAACAACAAA,I202V,1,1
-1.89,0.002186,CTGGCGACGAAAACTC,D104C,1,1
-1.891,0.01868,CAAGAAGTCTCAAATT,I282W,1,1
-1.891,0.02083,TAACCCAAAAAAATAA,T235N,1,1
-1.891,0.02705,GGTACCCAAAGCTTCC,S247G,1,1
-1.891,0.04568,TTAACATCGAATAAAC,,0,0
-1.892,0.1469,GAGACTGGTTATATCC,Q295E,1,1
-1.892,0.1469,TTGGGGTACACCAAGT,Q1F,1,1
-1.892,0.01794,AAGAAACTGCCCCGAA,S231Q,1,1
-1.893,0.05277,GTAGACTCTGCAATAG,N159G,1,1
-1.893,0.01806,ACCAAATAATCTAACA,K140Y,1,1
-1.893,0.01683,CTCCGACATAACCGGC,S199G,1,1
-1.893,0.0391,ACACTTTACTCAGACG,Q164H,1,1
-1.894,0.07444,TCAGCAGCAACGGCCC,Y105Q,1,1
-1.894,0.007687,CGACAATTATGAATCT,A19Y,1,1
-1.894,0.005927,CAGATAATTCTACCTC,T235D,1,1
-1.894,0.01867,AAAACACTTGAAAATT,D348Q,1,1
-1.895,0.08359,AGCGAACATTTATTCA,K171E,1,1
-1.895,0.02352,TCACACACGGGAGTTC,I260W,1,1
-1.895,0.0314,TTATACTGGAACTCAA,N22E S231C,2,2
-1.895,0.02436,ACCCCGTCAACAAACC,S422A,1,1
-1.895,0.02436,CATGAAGTACCTTACG,F192I,1,1
-1.895,0.02436,CTTAAACCAACTCAAC,D415W,1,1
-1.895,0.01758,GCAATACTTTAACAAA,A93D,1,1
-1.896,0.1263,CGAATCAGAAAATATG,S149I,1,1
-1.896,0.05076,TGAGTACTGTACGTCA,K131A,1,1
-1.896,0.01361,CTCATGTAACATAGAA,D461V,1,1
-1.897,0.02181,CCGACCTATTCCTGCA,H355M,1,1
-1.897,0.007493,ACCCTTAGTAAAAGAT,A138G,1,1
-1.897,0.01341,ATAGAAAGATTAAAAA,D348S,1,1
-1.897,0.01961,ATCTATGTCAAAACAT,V166F,1,1
-1.897,0.0765,GGCTCGAAAATTGAAG,N81H,1,1
-1.897,0.01703,ATCCGATTAATCCGCA,K259G,1,1
-1.897,0.02019,CAACGTATTCACATTC,E457T,1,1
-1.898,0.01071,CTAAACTATACGTCAG,Q454G,1,1
-1.898,0.02757,ACATAACAACAGATAA,I202C P239S,2,2
-1.899,0.1551,AAGCTCTCAACTCATT,,0,1
-1.899,0.1108,ACACAACGAAAAATTG,V237I,1,1
-1.899,0.1551,ATCTCCTGCAGGTACC,P99Q,1,1
-1.899,0.02502,CCAAATTGTTATTCAA,Q197Y,1,1
-1.899,0.1108,CCAATGAATAATTTTT,L70I,1,1
-1.899,0.1551,CGAACGGATAAAGACG,S279Y,1,1
-1.899,0.05171,CTAACTTTTACGGCCA,S146M,1,1
-1.899,0.1551,GAAAATCTTATTAATC,E35N,1,1
-1.899,0.02675,GCAATGACATCGTCAG,K411N G504N,2,2
-1.899,0.1551,TAAACGGGCAAAACTC,I339L,1,1
-1.899,0.2586,TTTCACTACAAACATA,E41D V406Q,2,2
-1.899,0.08619,TTTATAAATCTAGTTA,P162E G479W,2,2
-1.899,0.01011,CACGACAAACCAATTC,D461M,1,1
-1.899,0.02598,CCTGGACAAAGGCATA,,0,0
-1.9,0.02112,CACTAGGCTAACTCCG,E35R,1,1
-1.9,0.01504,ACATAGTACCAATGAA,R456N,1,1
-1.9,0.006761,ACAAACTTTTAACTGG,R220F,1,1
-1.901,0.02018,TAATATACTGAGAAGC,F192Q,1,3
-1.901,0.03032,GGCTTAGGATCTAATG,R33G,1,1
-1.901,0.04639,AACTACAGTGTACGTA,S96Q,1,1
-1.901,0.09869,TCACAAATCATACAGA,K50P,1,1
-1.901,0.01295,ACTGTAAAAGGGTTAT,G5K I502M,2,2
-1.902,0.03174,TTAACCTCGAATCACT,T187Y,1,1
-1.902,0.01088,AATAATTCACCAACTA,K450G,1,2
-1.902,0.04412,CGTAGGACAAACCAGG,P227F,1,1
-1.902,0.1324,GTATGGTTAAAACAAC,F195V,1,1
-1.902,0.02412,ACTGCCTAATGCCCAG,D85Y,1,1
-1.902,0.02412,CTATTTCAGTCATATA,I300S,1,1
-1.902,0.07236,AAGCATCTATGCGCCG,Q164I P239H,2,2
-1.902,0.01503,TCATCAATTGTTTTAG,V402Q,1,1
-1.903,0.006775,CTGCACCATATTGATC,E403R,1,1
-1.903,0.05712,ACTCTCTTTCCATGAT,S144R,1,1
-1.903,0.01142,GGAACAAGTTGAAGAA,A365C,1,1
-1.903,0.08895,AAAAACAAGAACTTAA,T328C,1,1
-1.903,0.01779,CATCAAAACTTAATCT,,0,0
-1.903,0.01779,CCCAGTCTTAGCCTTC,S247G,1,1
-1.903,0.0136,CTTCCCTCGCCCAACA,D271T,1,1
-1.903,0.03211,CTCCAATACACTATTA,L13V L66M,2,2
-1.903,0.02433,AAACACAAGGCAAGAT,L157R,1,1
-1.903,0.2009,ACAAAAAACATTATAA,G330P,1,1
-1.903,0.2009,TCTAGCAGAACCACGT,V213C D415N,2,2
-1.903,0.06698,ATCTTTTAAGGATAAA,L59I I252A,2,2
-1.904,0.04484,ATACTAAGAATCTCAT,D186G,1,1
-1.904,0.02523,CACTAATTCTACCATT,S145K,1,1
-1.904,0.1154,GCACGAAGGCGTTAAT,T167M,1,1
-1.904,0.1154,TAAATGAACGAAGGAA,E432Q,1,1
-1.904,0.0337,AGGATAAAGCAATCCA,K411S V413L,2,2
-1.905,0.01767,GTACCAATATACCATG,L316Y,1,1
-1.905,0.01851,TTTGCGGTGTATACGA,R361K,1,1
-1.906,0.0743,TAAAAACTAATTTTTT,D271F,1,1
-1.906,0.1023,ACATTAATACTAATCG,A196I,1,1
-1.906,0.03287,ACTTATTAACATATAC,I3W,1,1
-1.906,0.1643,CCGTTAATTTTAAACT,V223T K310Q,2,2
-1.906,0.1643,GTACGTACACGCCAGA,,0,0
-1.906,0.05478,TTAAACCATACTATGG,N38Q,1,1
-1.906,0.01958,TTGCATTAACCACCAT,S193G,1,1
-1.907,0.02839,GTTCTCCGATGAGACC,E432D,1,1
-1.907,0.04139,TTAGTCAATGCCAGAT,Y423H,1,1
-1.908,0.0834,AACAAAAGCTTAGAGA,T117D,1,1
-1.908,0.0278,ACCTAATGAAGCTCAT,Y308H,1,1
-1.908,0.0278,ACGAGTATTTCCTATA,,0,0
-1.908,0.05958,ATTAGACCACTGATAA,,0,0
-1.908,0.139,CGTCATTAATATTCTT,S96Y P169S,2,2
-1.909,0.02697,ATACTATTTAACCAAT,I395T,1,1
-1.909,0.03638,ACACGACCCCCAAAGA,E410K,1,1
-1.909,0.04407,TTACTGCATTAAACAA,P21G,1,1
-1.909,0.07634,GCAAAAAGGTCTCATA,D375L,1,1
-1.909,0.07634,TGCTGCGGGCACTTTT,P4F A304T N382L,3,3
-1.909,0.01789,ATAAAAGCATCTACAT,I282W,1,1
-1.91,0.02475,GTGGCTTTCTACTTGA,N298T,1,1
-1.91,0.02475,TAAAGAATATTGCCGA,T10L,1,1
-1.91,0.1204,AAATTTACCTCCCTAA,S209Q,1,1
-1.91,0.1204,AACTAAACAAGAAACC,D271K,1,1
-1.91,0.1204,ACTGCATTAACCATTC,N8S D60N,2,2
-1.91,0.04015,AGCTCGGCCCGCAGAC,R229K,1,1
-1.91,0.07039,AGACGTAAAGCGTTAA,D348Y,1,1
-1.91,0.04972,CCCGCCCCCATTTCCT,L496Y,1,1
-1.91,0.04972,TCACTACTTGTTGTAA,L59W,1,1
-1.911,0.02497,AAGAGCACCCTATGTC,S146T,1,1
-1.911,0.0068,CCGGCAATGAACACAC,T416D,1,1
-1.911,0.1063,AATATGCCTTTCTTAC,,0,0
-1.911,0.1063,ATTTTAAATGACGTAC,R299D,1,1
-1.912,0.04074,TCAATATACTTGTAAC,P21F E403K,2,2
-1.912,0.09506,TTAAATCAATTAGTAC,,0,0
-1.912,0.05364,AAAAAAGGGTTACTTG,D175H,1,1
-1.912,0.05364,AGTAATATAAATTAAG,V20N,1,1
-1.913,0.008349,CCCCAGTATCGGACTA,R224W,1,1
-1.913,0.08599,CAGAGATACGATTTAT,K380N,1,1
-1.913,0.05063,AAGGATAAGCGACATA,Q57W K315I,2,2
-1.913,0.0206,AACCCATCTAAAGATC,E41Q,1,1
-1.914,0.0197,AAGATGTGGCACGAAC,F448I,1,1
-1.914,0.07222,ACTATAATCAGTTCAC,,0,0
-1.914,0.07222,ATCTGTCACGAACAAA,D77Y,1,1
-1.914,0.07222,CATCGGCAATCCTTTG,P324W,1,1
-1.914,0.02345,ATACATTCGATTTTCC,S96M,1,1
-1.914,0.01887,TAAGTCAACATCAACC,L70M D366N,2,2
-1.914,0.06687,AACTGACAAAGCCCCA,Q210K,1,1
-1.914,0.06687,ATTAACCACGACAACA,V204M,1,1
-1.914,0.03787,TAACACTCAACCTAGG,,0,0
-1.915,0.01984,GAAAATTTGCCGTCGA,D175K,1,1
-1.915,0.02496,TATTCCAAAAAAGACA,K259G,1,1
-1.915,0.1747,ACGCTTTCTTAAACCT,G62H,1,1
-1.915,0.01286,TCTTTATTACACCATA,N165S,1,1
-1.916,0.1464,TACGTCGAATATCAAA,S199T,1,1
-1.916,0.04878,TTTCAACCCCAGTTTC,Y470H,1,1
-1.916,0.1259,AACATAAAACAAAATA,S137L,1,1
-1.916,0.1259,TCTAAGATTCTAATAC,Y257H,1,1
-1.916,0.01666,CTCGAACCTATCCCAA,,0,0
-1.916,0.02265,TTATTAACATACCTAG,K368W,1,1
-1.916,0.01579,TAATTAATAGGACAAG,Q191R,1,2
-1.916,0.1105,GCTAGTATTGCAGGCT,D408C,1,1
-1.917,0.09843,AGCGCTCACCAAAAAG,K315F,1,1
-1.917,0.09843,TGAGGATTGAGCTAAG,N38W,1,1
-1.917,0.0808,CTTTCGCTATGAAACA,K310W,1,1
-1.917,0.01588,GCCATTTTCGACAACC,E426V,1,1
-1.917,0.07416,TCAATAGCACGCCCAA,K276W,1,1
-1.918,0.06852,CTCAACCCAATTGAAA,R141D,1,1
-1.918,0.06852,GTGATCTCCAAACAAT,V413F,1,1
-1.918,0.06368,AAGCACGTGAGAGATA,Q57C,1,1
-1.918,0.01899,AACTAAAAAGAACCAC,S146Q,1,1
-1.918,0.0558,AATAGCTAGAGAAAGT,L427A,1,1
-1.918,0.01787,ATAATTTAAAGAAAGA,R269K I300F,2,2
-1.918,0.03894,CTCTATTATTATGATA,G62H L118M,2,2
-1.918,0.03733,CACGCCTTCAATACCA,N246R,1,1
-1.918,0.03584,CTATAGAATGAGTATA,F87A,1,1
-1.92,0.02384,AAACTCAACCCATATT,,0,0
-1.92,0.03491,AAACAAACATTCAGTG,I230N,1,1
-1.921,0.04788,TAATTCAAATTTCTGT,I202L,1,1
-1.921,0.05695,CAACTGATAACTATTA,P221Y,1,1
-1.921,0.06518,GTAGCGTCAATAGTAG,N133R,1,1
-1.921,0.01323,TTACAGTCATAATTCA,E35T,1,1
-1.921,0.07026,GAGAAATTTCGTTTCT,G16V,1,1
-1.921,0.0762,GCTGGCTGACTCACAA,P284S,1,1
-1.921,0.008547,GTAAAACCTTTAAAAA,Y161I,1,1
-1.922,0.02862,CTGATTATCAGTAAGT,D348S,1,1
-1.922,0.09169,AAAATTAAATAAAAGA,,0,0
-1.922,0.0131,AAGCATGAAAATATAA,W421D,1,1
-1.922,0.03278,AAAAGATACCAGATGA,A163T P293Y,2,2
-1.922,0.1021,CGAATCAAAACTAGCG,,0,0
-1.922,0.1021,CTGCTCAGGAATCTAC,Q371S,1,1
-1.923,0.01139,GAGACTGTCCAGGTGC,S143N Q363I,2,2
-1.923,0.02892,AATACGCTCTGTGTTT,R220F S422N,2,3
-1.924,0.1545,AAAAACAATATTAGCC,L111E,1,1
-1.924,0.1545,ATAATTAAAAAACGAT,P324L,1,3
-1.924,0.006719,CAAGTAATGTTGCGTA,R255W,1,1
-1.924,0.05151,GTCAACAACAATGCAT,P324Q,1,1
-1.924,0.003413,ACAAAAAAGTAAAACT,S358R,1,1
-1.924,0.004913,ACCACCATATGCAACA,S247L,1,2
-1.924,0.05463,CACCTATAGCTACACT,Q311W,1,1
-1.924,0.03318,AAAGGTCAAACTAAAT,H435R,1,1
-1.924,0.05815,GAACTCGCAGCAGGTA,S144N C281Y K310S,3,3
-1.924,0.1865,AGATTAGGTTGTACCA,S91R,1,1
-1.924,0.1865,ATGCGCAAACAAATTC,D225Y,1,1
-1.925,0.0389,GAGTGCCCACAAAGGA,I418E,1,1
-1.925,0.06675,AGATTGATTCAATAAA,I274A,1,1
-1.925,0.06675,ATCGAACCCATAGTAA,Q371C,1,1
-1.925,0.04468,AGACGAAGTGCATTTT,L15M,1,2
-1.926,0.02087,AACCTGAGATAAAAAA,L108V,1,1
-1.926,0.2351,CAGCAATAAATTCCTC,K417H,1,1
-1.926,0.2351,TAAACGATATACTCAA,Q356K,1,1
-1.926,0.2351,TATAAACATACAAGTA,R255N,1,1
-1.926,0.003421,TATGAATTAACAAAAA,K131I,1,1
-1.926,0.02772,ACCTTTAAAATAAAGT,G379A,1,1
-1.926,0.03628,CAAAGTAAAGTAATGC,N483I,1,1
-1.927,0.03946,TCAATAGTCAAGGTAA,K310R,1,1
-1.927,0.09483,ATTTAAAAGCCAACCA,Q164C,1,2
-1.927,0.04126,AAAAAGTGTAGTCTAT,I202M,1,1
-1.927,0.01727,AGGCATCGGATTATTA,T318E,1,1
-1.928,0.007689,TATGCTATACGACGCC,D175L D408N,2,3
-1.928,0.106,ACGAGTCGTTTATTAC,I374T,1,1
-1.928,0.04542,GATACCTAAATGACAC,A317S,1,1
-1.928,0.106,GCTTGAGGAAATAAAC,N38G,1,1
-1.929,0.0684,CCAATCCAAACAAACC,D291W,1,1
-1.929,0.01844,AATACTGAACCTAAAA,V182T,1,1
-1.929,0.07402,TTATAGATTAACTAGT,R201F G386E T485Y,3,3
-1.929,0.01783,GAATACAGAAACTTAT,Q132S,1,1
-1.93,0.0261,ATATCGCTACGTAGAA,S480G,1,3
-1.93,0.0261,CCAACGACATAAACCA,T203I,1,1
-1.93,0.04392,CAAGTTAACAAATTGA,D415T,1,1
-1.93,0.01029,CACTCTTGACCTACCT,I418K,1,1
-1.93,0.08063,TCTTAACGAACACGAA,S124G K380C,2,2
-1.93,0.03123,TCCCCTAGAGCCACTT,F174A,1,1
-1.93,0.1385,CACTACCTGTTAATTG,V166I H393N,2,2
-1.93,0.1385,CAGCCACGGTACCAAA,N475K,1,1
-1.931,0.0607,CAATAATAGAACTAAA,D375F,1,1
-1.931,0.00908,CAGGATTCCCAAGCTA,R255Q,1,1
-1.931,0.01737,ATTCAGTACTATAATC,R229M,1,1
-1.931,0.03485,ACCTATTGATCGTCAC,S219C,1,1
-1.932,0.007451,ATCTTTATACCCCCCG,N250F,1,1
-1.932,0.06507,ATTATCTAAATGATTT,Y491F,1,1
-1.932,0.06507,CCTAAGAAAATAATCA,K121Y Y161N,2,2
-1.932,0.06507,CGCAACATTTTGCGTA,V490T,1,1
-1.932,0.06507,TTAAGCCGTTCCAATG,E426V,1,1
-1.932,0.06507,TTCCCGCAGACCGGAT,T135M,1,1
-1.932,0.01993,ATGTCACCGAATAAGT,T187H,1,1
-1.932,0.05144,GCAGCTAAAATAATAA,Q191S,1,1
-1.932,0.01403,TATCCGGAGACTTAAA,L111W,1,1
-1.932,0.07013,ACTAGTGCGATTTAAT,Q210K,1,1
-1.932,0.03777,ATCAGGTAGCGCAAAT,Y105S K472W,2,2
-1.932,0.07013,ATGCAAAAAACACTAT,H488P,1,1
-1.932,0.07013,GGAGAAGAAAAGCATA,,0,0
-1.932,0.1636,TGATTTAAAGTTTACA,,0,0
-1.932,0.07013,TTAGCAATATAGTAAA,L244R,1,1
-1.932,0.07013,TTGCCTAACCAATTGT,K82G,1,1
-1.933,0.03942,ACTGGCGTAACAAAAA,L59M,1,1
-1.933,0.04696,TACGCCAGTAACAGAG,E344W,1,1
-1.934,0.03529,TATCCGTAGATCCAAA,R456S,1,1
-1.934,0.01521,TAACATATTACCTATC,E359N,1,1
-1.934,0.04122,AGGTAAAAAAGGCAAT,V102A,1,1
-1.934,0.01374,TGTAATGATCGATCAA,S115H,1,1
-1.934,0.02608,AAATATAATACAAGAT,T235C,1,2
-1.934,0.02686,CTTAAGCTCTAACTAC,,0,0
-1.935,0.02768,CGTAAACGAAATCATT,D487I,1,1
-1.935,0.01061,AAAGCGTAAAAATGAA,D408C,1,1
-1.935,0.02558,CCCGAGCAGATCAGCA,D7T D175W,2,2
-1.935,0.02037,ATCTATAAAATGAGTG,L496Y,1,1
-1.935,0.1999,AAAATAATAATTAACT,G479K,1,1
-1.935,0.1999,AATACCTACGTGGTAA,Q327H D419N I502M,3,4
-1.936,0.03575,TTTAACTCATCACAGA,Y161L,1,1
-1.936,0.02278,TCAATACAGTCCCTCA,S287C,1,1
-1.936,0.04777,AAGATAATCCACATAC,N190I,1,1
-1.936,0.02185,ACATGATATTACAAAA,P221C,1,1
-1.936,0.09147,GATCGGCATTAATCAA,K264D,1,1
-1.936,0.09147,TGTAAATCTTTAAGAG,,0,0
-1.937,0.07196,AAACCAGTATTTCATT,Y105F,1,1
-1.937,0.003423,CCTTATTCTGCCCGCC,R229T,1,1
-1.937,0.01122,AATCAAGAAAATGCAA,T65W I288L,2,2
-1.938,0.01127,TCCCTAATCTGAGACC,V223A,1,1
-1.938,0.009758,CTCCATACACAAACCT,D60M,1,1
-1.938,0.05342,ACCCAAACTAATACAT,N296D Q501E,2,2
-1.938,0.02116,AAGACGTAGTGAACGT,Q1V D7Y D348A,3,3
-1.938,0.0782,TACCCATACGTTGGAC,N63I A365S,2,2
-1.938,0.1018,TTCTCATTACGCTTCA,I300Y,1,1
-1.939,0.0486,ATAAGGTAAAAGAAGG,P227I,1,1
-1.939,0.03192,ATATGTTACAGACTAT,D487V,1,1
-1.939,0.06828,AAGTAGAGTTAACAGC,,0,0
-1.94,0.2569,AATTATAGATCTCAGT,D7C,1,1
-1.94,0.2569,CCCAATATACAGACAA,G142Y,1,1
-1.94,0.2569,TCACTACTCAGAAAGC,Q173Y,1,1
-1.94,0.05137,AGAACCTTACTGAAAA,K189P,1,1
-1.94,0.08562,ATCATCCCATCAACAC,M168A,1,1
-1.941,0.0178,CTGCTTCGAGAATTAC,K238P,1,1
-1.941,0.1148,GTAAAATCGATGGTGT,D291K,1,1
-1.941,0.07388,GTTTTACGAAGTTAAA,E119S,1,2
-1.941,0.005335,AGTGACCTATCGGGAA,Q371G,1,1
-1.941,0.0167,TAATAACACCGTTAAA,L244D,1,1
-1.942,0.04947,GTAATTTTATCTCTCC,A373S,1,1
-1.942,0.03153,ACCGAAAAACAAAATC,A430H,1,1
-1.942,0.03153,ATAATGATAAAAATTC,F192Q,1,1
-1.942,0.0946,CATATCAAGACGTATG,K292E,1,2
-1.942,0.04531,TCATATAATTTAAACT,D225W,1,1
-1.943,0.01581,CATAGCAATCCTGTAT,,0,0
-1.943,0.1739,CATATCAACACATAAG,E83L K264V,2,2
-1.943,0.05798,GCATGATCAAGCTTGA,N475I,1,1
-1.943,0.01228,GACTTCTCATCGCTAC,L431S,1,1
-1.943,0.02131,AAAGATAAAACAACCT,S107F,1,1
-1.943,0.008883,TCAAATTTTCGAAAGA,G49D V413A,2,3
-1.943,0.02439,GATTAAGCCCGCTGAT,E443C,1,1
-1.943,0.04771,TTACCTAATCAAAACC,R109C,1,2
-1.944,0.02334,GTTACCATGTCTTTGC,Q210T,1,1
-1.944,0.1315,GAATCAATGCTAACAC,K2W,1,1
-1.944,0.1315,GCTAGAGAAAAAACCA,N498W,1,1
-1.944,0.06196,TTTATAAAGAAATCAT,I395C,1,1
-1.944,0.05557,CCGAAAGTTTTAGAGT,K397L,1,1
-1.945,0.1057,AACCCGGCATAAAATA,D419A,1,1
-1.945,0.1057,ACGAAAACAAAAAGAG,D441A N445S,2,2
-1.945,0.1057,ATCCGAAGGTAATAGC,K140D,1,2
-1.945,0.1057,GTATATTTCATCAGTA,I418K,1,1
-1.945,0.008131,GTGCCTATAAATATAA,T313M,1,1
-1.945,0.01679,TTCTTCAACCTGTACC,P55D H435M,2,2
-1.945,0.03307,CCATTTTCGATCACCG,N464K,1,1
-1.945,0.02461,CGATTCAAGCTATACC,D487E,1,1
-1.945,0.04607,ACTATGGAACCAAAAC,S193F,1,1
-1.945,0.01179,CCTGAGTGTAAAAGTC,R224F Q501W,2,2
-1.946,0.06653,GTCAAGAAAATGACCC,S312N D375Y,2,2
-1.946,0.01385,AGTCAACAATGACGCA,K380G,1,1
-1.947,0.02274,ACTTAGTCTTCTAAAC,Q191W,1,1
-1.947,0.01337,CATATTTTAAAAAAAT,K310G,1,1
-1.947,0.03821,TAGCAGTCAACGTACC,L316F,1,1
-1.947,0.01648,ATAGGACTACACAAAC,E359H,1,1
-1.947,0.02554,TCACCGATAACGGTAA,G5W A365T,2,2
-1.947,0.005013,AACTGTATTTTATTCT,R220G I437M,2,2
-1.948,0.009959,TCAGCCAGTCCGACCC,G49S,1,1
-1.948,0.1539,AAGATGGCTGTCGATG,L316M,1,1
-1.948,0.1539,ACAAAATCAACCCATG,P239C,1,1
-1.948,0.09795,GTCTCAATACCAGAAC,N464M,1,1
-1.948,0.0431,TAACAAATCTCAACTA,E457F,1,1
-1.948,0.1197,ACAAAGTTTGAAAAAC,G49R,1,1
-1.948,0.05131,ACGATAAAATGAACCT,E344S,1,1
-1.948,0.05131,AGAGAGTCAGTATTAA,G379V,1,1
-1.948,0.2155,CTGACGTAGAAAAGCT,Y491H,1,1
-1.948,0.05131,TTTTCGTGCCGCCCTA,S442E,1,1
-1.949,0.0157,TACGAACGAAATATTA,A196W,1,1
-1.949,0.01973,TTCTTTAATAAATTTT,Q197W,1,1
-1.95,0.02653,TTAACAACTATGGGCT,H18W,1,1
-1.95,0.06051,ATATTAATAAACTGAC,L244R,1,1
-1.95,0.06817,CGTTATCTGCACGCAA,N31V,1,1
-1.95,0.07804,GTAGTTTTATGTCACA,E119C,1,1
-1.951,0.04378,TTGGTCTGCCGTATAG,D487R,1,1
-1.951,0.09127,AAGTAACCGACAAAGA,S144N G463N,2,2
-1.951,0.03042,GACCGCTTAGCAAAAA,T167R,1,1
-1.951,0.04765,AGTCTTTGGATACTAT,G479W,1,1
-1.951,0.02032,TGCTGAGACACGACGA,S279R,1,1
-1.951,0.02552,AAATTTCGCCAGCCTT,S480G,1,1
-1.951,0.02112,CGGATACGTACTCCTC,R456K,1,1
-1.951,0.00999,ACGATCTACCCCCGCC,S146F,1,1
-1.951,0.1099,CAAGAAAAAATCTAGC,,0,0
-1.952,0.0393,TGTAAAGAGTACCATA,K310P,1,1
-1.952,0.02393,AGGATGCCCATTATAC,V490W,1,1
-1.952,0.03344,ATTTCCCTTTCCGAAT,Q356V,1,1
-1.953,0.0291,TCCACTGGCTTTAGAA,E457G,1,1
-1.953,0.007976,TACCGATATATAATTT,I418R,1,1
-1.953,0.007074,TGTGAATAGACCTAAA,I282L D348N,2,2
-1.953,0.02848,TCAGAGATACCTGAAA,L428I,1,1
-1.953,0.03473,ACAACTCATAAACTTA,L111E,1,1
-1.954,0.1856,ACCCTAAAGAAGAAAC,R456S,1,1
-1.954,0.03712,ATCCCTTAGAGAAATT,S270C,1,1
-1.954,0.1856,CAAAGATTGAATTTCC,T318Q,1,1
-1.954,0.1856,TTCGAACACCACACAC,,0,0
-1.954,0.06186,CGGAAATATTACTCCG,K411T,1,1
-1.954,0.04849,TACACTATGTATGAAT,I160E,1,1
-1.954,0.1015,ATATCTTCACAGGAAA,G275R Q327F,2,2
-1.954,0.1015,GGAATCTCAAAACCAA,S146T,1,1
-1.954,0.03385,TTCAAGCCGCGCGGCT,R405V,1,1
-1.955,0.026,TTTATGCTGATACAAT,N483H,1,1
-1.955,0.03612,CAACGAAGACCTAAGT,,0,0
-1.955,0.009662,AAATAAATTTTAAGCA,R354L,1,1
-1.955,0.01676,TAAAAAAATCTAATAA,D188T I274H,2,2
-1.956,0.08031,CGATAACCCATACACA,N190S K453N,2,2
-1.956,0.08031,GACATATCCACAATAT,L59E,1,1
-1.956,0.03517,ACCTTGCTCTTGCAGG,S96E D375E,2,2
-1.956,0.1251,TCTATCTAAAAGAGAA,R405N,1,1
-1.956,0.05124,GGCCTGACCACGCCTC,D175K,1,1
-1.956,0.05124,TCTTCTGAAATAAAAT,Q132N,1,1
-1.956,0.01708,TGAATATGCTGCAGGA,T128C,1,1
-1.956,0.06642,CCACGAGACTAGTATA,,0,0
-1.957,0.04521,ACGGATATCGAAAACA,S146K,1,1
-1.957,0.2831,ACTTACGAAGTCACAT,I51M L367V,2,2
-1.957,0.2831,CAAACCTATTAGAGCT,K450W,1,1
-1.957,0.2831,GATTTAATTAACGAAC,E344T,1,1
-1.957,0.003552,TAGGAAACGATTCACA,T167I,1,1
-1.958,0.01322,TTAAATCCCACGAGTT,L316F,1,1
-1.958,0.04373,CTACGACACAAGATGT,V223A,1,1
-1.958,0.02232,TAGCTATAATTACACT,W84F L496W,2,2
-1.958,0.02,ATAACCTGCTATATCA,R141V,1,1
-1.958,0.163,GCACCCCACGCCTCAA,F148W,1,1
-1.958,0.163,GTACACCGTCTTACAT,S219A,1,1
-1.958,0.0476,AAGCCTCCAATCTTGG,,0,0
-1.959,0.004617,CAGGACCACGATGACG,D77F,1,1
-1.959,0.0717,TATCGTTTGAAAAGCT,I160C,1,1
-1.959,0.06042,GTGTACCAAGCAAAAA,,0,0
-1.96,0.01532,TGATAGCTGGCCCAAA,K238Q D441A,2,2
-1.96,0.01644,ATCTTTTAATTTGCAT,,0,0
-1.96,0.01624,AACAATAGCAGGAGCT,K450E,1,1
-1.96,0.02177,GATACACCGTGCACAT,K264W,1,1
-1.96,0.02815,ACAATGCGAGAGAGTT,Q211G,1,1
-1.961,0.05781,GACAATCAACAAAGAG,G61L,1,1
-1.961,0.06805,TTGACGCACCATTTAA,N94A,1,2
-1.961,0.1054,CATGAAAACGCAACAA,D85Y,1,1
-1.962,0.01549,ACATTTCTCTAAGCAA,L70T,1,1
-1.962,0.1453,AACGTTCTTTTACTTG,N424G,1,1
-1.962,0.1453,TAAACCTCCAAGAAAT,R456S,1,1
-1.962,0.1453,TACAACAAATGTAAAA,I214E A373Q,2,2
-1.962,0.1453,TCACGTACAACTACAG,N165K,1,1
-1.962,0.04843,TCGCTTTCAATCCTAT,I469M,1,1
-1.962,0.02194,CTTATCAGAGGCAAAA,Y161K,1,1
-1.962,0.05542,AATATTGGATTTCTGT,D68N,1,1
-1.962,0.05542,TAAAACTAGACCCCTA,E344W,1,1
-1.962,0.03424,GGAGCAATAATTACCC,M168W,1,1
-1.962,0.004813,GAAAAAAAGTCTAAGC,H18Q D419G,2,2
-1.963,0.01674,CAATATAACACACTTA,T313Y,1,1
-1.963,0.09771,AATAACACATCTGAGA,H393E,1,1
-1.964,0.004812,ACCAAAAGAGCAACAA,R90N,1,1
-1.964,0.04516,ATCCATAAAATCAATA,S262K,1,2
-1.964,0.0318,ATAGCATAAAAGAAAA,,0,0
-1.964,0.0318,ATGCCAATACCAGGCA,,0,0
-1.964,0.05118,CTTTGCATGTAACAAC,T206L,1,1
-1.964,0.01899,CACAACTCTTTAGGAA,K140F,1,1
-1.964,0.1311,CACTGTAAGGACATAC,P289A,1,1
-1.964,0.1311,GTTACTGCAACACATA,K82V,1,1
-1.964,0.1311,TACCCCAAAGTATACC,F332V,1,1
-1.965,0.05904,CACAAAGTATCAGCTT,S145Y,1,1
-1.965,0.05904,TAGTTTTGGTAATTAA,S114H,1,1
-1.965,0.09106,AACATCCCCACAAAAC,D60M,1,1
-1.965,0.09106,CCTCACATACGATACA,R222Q I502L,2,2
-1.965,0.09106,TGTCAAAATCACACAC,D60P,1,1
-1.965,0.03705,CTATGGATCATTATGC,,0,0
-1.966,0.01859,CAACAATATCAACCAT,K446H,1,1
-1.966,0.03605,CTCAGAGACCAGAAAA,F192I K387N,2,3
-1.966,0.02646,AGGACAATAATGCACC,N498A,1,1
-1.967,0.1194,ACGAAGACCGATGCGA,K264R,1,1
-1.967,0.03141,ATTAATCCCATGAAAC,Q311D,1,1
-1.967,0.1194,TATAATAACAGAATAT,N483Q,1,1
-1.967,0.1989,TATGTCGGAACGTCAA,I418F,1,1
-1.967,0.008622,TACATGGAGTTTAACT,A430F,1,1
-1.968,0.01043,ATCTAAATTAGGAGGC,A138G L367V,2,2
-1.968,0.02266,TCATCGTAGCTAAACT,S247G,1,2
-1.968,0.01191,CAGACACCTAAAAAGA,S231V G263E,2,2
-1.968,0.007662,GGCTTCCTTTGGCATA,S205V,1,1
-1.968,0.03255,TGCCATTATCTATAAA,S247L,1,1
-1.968,0.03255,TTAGTCAATCAGAATT,P162H,1,1
-1.968,0.05019,TCGAACTAACATAATG,R299S,1,1
-1.969,0.02192,AAAAAAAGCTTTTATG,F448L,1,1
-1.969,0.03653,AATTATTGAAAAGAAA,W127Y,1,1
-1.969,0.06033,AACAACTATTACGGTA,Q454A,1,1
-1.969,0.06033,GAGCATCCCCTACACC,F195V,1,1
-1.969,0.006355,TCAATTACTACAAGTA,L409M,1,1
-1.969,0.01858,GGAATTATAGGGCGAC,E359A,1,1
-1.969,0.07562,AAGAAAACACCTTAAG,I51T,1,1
-1.969,0.07562,CTACTTACCAGAATCA,Q434S,1,1
-1.969,0.03104,AATACTAAATTAAGCT,A476H,1,1
-1.97,0.1732,AAGTAAATATTTTAAT,,0,0
-1.97,0.1732,CAAAACAAAACTTCTA,I481V,1,1
-1.97,0.1732,TAATGGCGCCTACACA,K468W,1,1
-1.97,0.1013,ACGATACGATTCAAAG,R201D,1,1
-1.97,0.1013,GCATGAAAAAGATCGG,V166N,1,1
-1.97,0.01067,ATATCGGAAAAGTAAA,L428V,1,1
-1.971,0.05534,ATAAACATAGAATATA,R222Y,1,1
-1.971,0.008701,TAACTTTTAATTAAAT,G342S,1,1
-1.971,0.01269,TCTGAAAACCTCATAT,S193W,1,1
-1.971,0.008073,CCATACCAAACTTCGA,R220I,1,1
-1.971,0.04364,TTATCCTAACCAAACC,A11W,1,2
-1.972,0.02451,AGACTATAGCTGATCC,S47F,1,2
-1.972,0.1533,AAAACTTTAAATTACC,H435I,1,1
-1.972,0.02407,ATCCTTCGAAAGAAAC,P324E,1,1
-1.972,0.02364,TAAGCTAACAGACCTA,G386E T485G,2,2
-1.972,0.01662,GCTATCATCTAAGGAG,S136T,1,1
-1.973,0.03418,AGCTATCAAATCATCA,K2Q,1,1
-1.973,0.03418,TCTTTGTATAAGGACA,S46H K368E,2,2
-1.973,0.003837,TGCTCTTTGTCATCGT,D60H,1,1
-1.973,0.04749,GAGAAATAATCCCAAT,Q80K M444I,2,2
-1.974,0.02809,TCTAAAAGACCCCACA,T313V,1,1
-1.974,0.08254,TCGAACCAATCGAAGT,S480H,1,1
-1.975,0.02643,TGATAAGTACTCCACA,Y105K,1,1
-1.975,0.05647,ACTCAAACTCGACCCC,Q191G,1,1
-1.975,0.008957,CTACATAACAAAATCA,E41Q,1,1
-1.975,0.01782,ACAATAATCTTAAGAT,E41N,1,1
-1.976,0.07348,CTTAGTACTTGGAACG,S145I,1,1
-1.976,0.01454,CTATATTAAAACACCT,A196F,1,1
-1.976,0.04033,GAGCTATACCAACGAC,S270V G330N,2,2
-1.976,0.01034,TCAATTATAATCTAGC,S114Q D461V,2,2
-1.976,0.02723,ACAAAGCAACACGATA,N285Q E410K,2,2
-1.976,0.03915,AATCAAACCTTATAAA,R255A,1,1
-1.977,0.1141,AAATTGTCTAAAAAGG,T167P,1,1
-1.977,0.01611,GTACAAAGAGAACTGA,N296M,1,1
-1.977,0.01022,ACCAGTAACATCTTCG,S369H,1,1
-1.977,0.04663,CCTGGATACTCAGCGA,L431T,1,1
-1.977,0.03599,TAAGAAAAAAGTTGCC,T37C Q197H,2,2
-1.978,0.1051,AGCATTCTTTTACAAG,S219Y,1,1
-1.978,0.1051,CAGTTTATTACTATTA,N382F E390K,2,2
-1.978,0.02426,CCACATGGAGAAAGCA,V223Y,1,1
-1.978,0.1051,TTAATTAATTTAGCTC,T40H,1,1
-1.978,0.03415,TCGCAATTCGCCCATA,N8Y,1,1
-1.978,0.01407,ACGAAAAATTCAAATA,I395Y,1,1
-1.979,0.05527,AGACGCCAAAAAGCAC,,0,0
-1.98,0.02054,CCTACATCAACAAATA,S369H,1,1
-1.98,0.02962,TTGCGTACCATATTAA,I418N,1,1
-1.98,0.05308,ATAAAACGGATAAGAT,W234S,1,1
-1.98,0.2553,AGAAAGACTCTATGCA,P99Q,1,1
-1.98,0.2553,GGTCTGGAATTTGTAA,M268T,1,2
-1.98,0.05105,GTCTGTATATGTAACC,I478L,1,2
-1.98,0.02721,AACCGAAACAACCAAC,Q356C,1,1
-1.98,0.01619,AGAGCCGGCCACCAGC,,0,0
-1.98,0.02206,TTCTTAGATGCAATCC,N165M H488N,2,2
-1.981,0.04429,AACATTTGACCAGGTA,T155F,1,1
-1.982,0.04029,TAAAGTGGATTCCTCA,K315S,1,1
-1.982,0.04029,TGCTAGACGTCACCAG,S358D M462I,2,2
-1.982,0.01745,AATTTTTCTTGATACA,N464H,1,1
-1.983,0.1848,ACGAACCAATAGATAT,R141V,1,1
-1.983,0.1848,CAAACCCAGATGAACC,I300F,1,1
-1.983,0.01078,ACATTATACTAAAGGA,Q132F,1,1
-1.983,0.05888,TAGTAATAACCCCCAT,,0,0
-1.983,0.05888,TGTCGGTTAATTATAA,V323Y,1,1
-1.983,0.007915,ACACTCATGCACTTCC,S480C,1,1
-1.984,0.05411,GAACCTTATTATAAAA,Y302R,1,1
-1.984,0.04826,TCAACATCTCATTAAG,D175N,1,1
-1.984,0.1448,TTCTAGACTTTATATA,R222E,1,1
-1.985,0.01948,AGCTACACTAAGGCTG,P324W,1,1
-1.985,0.1306,AAAATGAGCACAATAC,,0,0
-1.985,0.01866,AAACAATTCACGCTTT,Q210D T485Q,2,2
-1.985,0.02613,GGCCTAACTGCTACAG,A93T S137T,2,2
-1.985,0.04355,GTTTTTTCGCATCAAT,V490T,1,1
-1.985,0.1306,TAACAGGATAATTTAT,E449K,1,1
-1.985,0.04089,ATGAACCAATCGAATC,Y161R,1,1
-1.985,0.119,CAAATACAAGTATTCC,S110C,1,1
-1.985,0.01658,AGTCAAAACCGTATCA,,0,1
-1.985,0.01618,ATGGGTATCAAGAACC,N133M,1,1
-1.985,0.0226,GCTACATGACTGATAA,F195V,1,1
-1.986,0.03643,AACATTACTATTAATT,G23A,1,1
-1.986,0.1093,ATAAGCGAGAAATGAA,Q211A,1,1
-1.986,0.1093,CTGGATTCTTTATGGA,E414H,1,1
-1.986,0.1093,TCCGTACACCCATAGC,L439Q,1,1
-1.986,0.08779,ATTTATGTAAGAAGAC,R229T,1,1
-1.986,0.08779,TCTCTCTTTAAGCATA,R109S,1,1
-1.987,0.07335,AATACATAAAACGTCA,T167F,1,1
-1.988,0.0552,GAGAAGAAAAATGACA,T203D,1,2
-1.988,0.01637,ATCACAAGAAAAAGAC,E414K,1,1
-1.989,0.008484,GTCTGATACCATGTTC,,0,0
-1.989,0.01932,ACTAAGCTTCGCATTG,Q210T,1,1
-1.989,0.01932,CAGTCAAAAATCATAT,R361C,1,1
-1.989,0.01827,AATACTCATCCATAGC,S96W,1,1
-1.989,0.01225,ATGCCCCAGTAGTAAA,D68N,1,1
-1.99,0.01721,TCAAAGTTCAACAATA,T485C,1,1
-1.991,0.02004,AAAGAGAAATTTAGAA,D408M,1,1
-1.992,0.01516,AGATTTCAAAATTGAA,Q191K,1,1
-1.992,0.05001,ATTTTGTAATAAAACG,T187A,1,1
-1.992,0.05195,ACATACCAATTAAAAA,T135D,1,1
-1.992,0.05195,AGACCCTTAACCACAA,N464S,1,1
-1.992,0.05405,AGTGTAAACTACTCGA,T155V G240Q,2,2
-1.992,0.0615,TACAAAATTTTCTAAG,K310W V413C,2,2
-1.992,0.009675,ATACTAAATAGAAAGA,R222L,1,1
-1.993,0.007589,TTTTAACCTACAATAT,K315H,1,1
-1.993,0.02892,GCCATAAACAACAATC,S110E,1,1
-1.993,0.007086,TGGATCAATACGAAAA,A430V,1,1
-1.993,0.03092,AGGGATGTTTTATGGA,G129D E325T,2,2
-1.993,0.0189,CCTGCCTTGGACAAAT,P227V,1,1
-1.994,0.02166,AAAAAAGATCGCACTC,S358K,1,1
-1.994,0.1138,GAGTAAAACTATTCGC,R33Q,1,1
-1.994,0.04021,TCGCCAGACGCAGTGC,I267M,1,1
-1.995,0.1244,AAACACTGACAATCTG,S231H,1,1
-1.995,0.1244,AATTGCTTCACACAAA,S198I,1,1
-1.995,0.1244,CTGACTTCCATAAACA,E414Y,1,1
-1.995,0.02687,ATCCGAATCCTTGGAA,D419G,1,1
-1.995,0.01559,GGTGTCACTATTGCCA,L66M M168A,2,2
-1.995,0.04732,TTACACTACTCTTTAC,Y423H,1,1
-1.995,0.04906,AGCTGAAATATATGAA,S149C,1,1
-1.996,0.1528,AAAACATAAATAAACA,H435E,1,1
-1.996,0.05093,CATAAAACTAAAAGAA,H435D,1,1
-1.996,0.05512,CCCCCACGGACAGGGA,R141V,1,1
-1.996,0.01838,TACCCTTATAAATGAA,Q164A,1,1
-1.997,0.01055,TCATGCAAACATTCAG,H488D,1,1
-1.997,0.03637,CTAAGAGTTAAACCCC,R150C,1,1
-1.997,0.0266,TAATATCTACTATTAT,S114R,1,1
-1.997,0.0629,TTGCGCACAAGTAAGA,A304N K450I,2,2
-1.997,0.01034,ATTGACATACAATCCT,F192I Y423H,2,2
-1.998,0.004654,TTTATAAAATACGCGT,N165D,1,1
-1.998,0.04081,ATTTACCCGGATACGT,E414C,1,1
-1.999,0.01042,ATAAAAGCATTGTAAC,Q376W,1,1
-1.999,0.02686,TGTCGAATAATATGAA,,0,0
-1.999,0.03493,ATCACCCATCTAAACC,G142V,1,1
-1.999,0.02741,GAGAACACTGGGAAGC,D271T,1,1
-1.999,0.08222,CCACATTCCCCCTCAT,L243I,1,1
-1.999,0.003998,AAAGATTTGTAACTAT,D60N,1,1
-2,0.05188,TTCTAAACTTTCAAAG,E460V,1,1
-2,0.01576,AACCAGCCACACAGCT,S149W G275Q,2,2
-2,0.03053,ACTGTAAACTACAGGA,Y161P,1,1
-2.001,0.009073,ATCATGTTATAAACAT,R229M I437M,2,2
-2.001,0.05625,CACAATAAGCACACAC,M444L,1,1
-2.001,0.09374,CGACCCACATGTGGTA,I214H,1,1
-2.001,0.05625,TGGGCCAAAATCGATA,I3V P169S,2,3
-2.001,0.02199,AGTCTGAAGATCGCAG,Q454K,1,1
-2.001,0.01084,AACCAAAACCCTTGCA,,0,0
-2.001,0.05871,CCAAGACAAAGCAGCG,A317S,1,1
-2.002,0.01332,GTTTTCGAGAACTAAC,Q407C,1,1
-2.002,0.109,TAACTAGAATCTTCCC,N45M,1,1
-2.003,0.01943,TTGCCCATCAGATATA,N424V,1,1
-2.003,0.01696,AGGAGTATGACGACAA,I25T Q197V,2,2
-2.003,0.07121,CAAGAGAGATCAGGAG,A69H,1,1
-2.003,0.07121,GAGTGTATATTAGTAA,T318W,1,1
-2.003,0.05087,GGTGCCTATTAAAATG,V112T,1,1
-2.003,0.02739,TACCACTCCCCAACAA,D32L I202M,2,2
-2.003,0.1187,TCACGGGCGATAATCA,V112M E403L,2,2
-2.004,0.02796,CATCGATCCATTAATA,D487N,1,1
-2.004,0.04077,GATTTTGCTCAAATAC,I179M,1,1
-2.004,0.02461,TCAGGTAAACCATAGC,I437C,1,1
-2.004,0.07522,TCAGTCTAACTTACTA,Q132R,1,1
-2.005,0.01664,TCCACCGTACTGGGAT,V213Y,1,1
-2.005,0.1302,AGTAGACGAATAGTAT,W180F,1,1
-2.005,0.006891,ACGTTGAAACTGTCTA,G349K,1,1
-2.005,0.0797,GTTGTATCACCCTATT,A212F,1,1
-2.005,0.01079,AGCAACTAAATCGATA,A196W,1,1
-2.005,0.05741,ATCAATCGAAAGGAAC,R150W,1,1
-2.006,0.01318,ATCCCCAACTATCAAA,Q356C,1,1
-2.006,0.01066,ACTTCACTCAATCTAT,N382A,1,1
-2.006,0.08474,CATAAAGACGTGCCTA,S149G L428S,2,2
-2.006,0.08474,GGAGGTAAACGAAACG,K453D,1,1
-2.006,0.1443,ATATTTCTCTTCAGTT,D101E,1,1
-2.006,0.02886,ATTGGACTTTTTAGAC,F192M,1,1
-2.007,0.0628,AACCCATACAAAACCA,,0,1
-2.007,0.02415,ACAACTCACTTTATCT,M168F,1,1
-2.008,0.0659,AATAACACTTCACATG,,0,0
-2.008,0.01408,TTACATACCGTGCGTG,R220G,1,1
-2.008,0.02233,ACCTTGCATAAAGGTT,S378R,1,1
-2.008,0.09703,ACAAACAATGCCATCG,R269A,1,1
-2.008,0.02854,GAATTACCTATAAACA,T206S V429T,2,2
-2.008,0.0211,TATATCACACTGAGAA,I160S,1,1
-2.008,0.09703,TGTCAAAAGTTAATTC,T10W N341M,2,2
-2.008,0.1617,GATCCTAACAAGAACC,I395L,1,1
-2.009,0.005977,AACTTACCTCTCTCAA,T167R,1,1
-2.009,0.01065,TTAAAACAACAAGTGA,A196E,1,1
-2.01,0.02093,CTAACTACACACTAAA,I469M,1,1
-2.01,0.1046,TGACTACAGACTAAAA,T187C,1,1
-2.01,0.05863,AATTTGGGCCAGCCAC,L118M,1,1
-2.011,0.07732,CTAGCAAAGCACGAAT,S149D,1,1
-2.011,0.07732,CTGAGAATAAATACAA,I478L,1,1
-2.011,0.184,CATTATTCCTTTGGGA,K2T,1,1
-2.011,0.06132,TATGCATAGCATAATA,T313W,1,1
-2.011,0.06132,TGTAATCTCAATAATT,D348N Q501L,2,3
-2.012,0.1135,CACCCGCGACGGTATT,A138G,1,1
-2.012,0.1135,CCACGCCTAATCATTT,,0,0
-2.012,0.1135,GAGCGTATTAAACCGT,S156Y,1,1
-2.012,0.1135,GGATTAGTCCAAACAT,S312E,1,1
-2.012,0.008789,AAATGCGCCCTTAGTA,M462N,1,1
-2.012,0.08206,AAACACATGGTGCAGT,S156F,1,1
-2.012,0.04482,GAAGATTCCTAGTCAA,L427Q,1,1
-2.013,0.05498,TAACATTGACATTTAA,D77W,1,1
-2.013,0.08743,CCCGTAATCGATGAGT,E410H,1,1
-2.013,0.03232,AGAATATTATATATTT,L316F,1,1
-2.014,0.124,AAATAGGTTTACGCAG,M346F,1,1
-2.014,0.0248,TAATGACCTCGCTAAT,L316I,1,1
-2.014,0.04804,GGAGAATAAAAGACTC,Y100M,1,1
-2.014,0.2133,AACATTTCGAGCTCAA,,0,0
-2.014,0.03047,GATATTAATAGTAAAG,E325W,1,1
-2.015,0.04983,GAAAAAATCAACACTC,,0,0
-2.015,0.01198,CGTCGCGCACTATGCA,L59S,1,1
-2.015,0.04406,CAGATATACAAACAAA,M168T,1,1
-2.016,0.07508,AAAAAACAGAAGATTC,Q132D,1,1
-2.016,0.07508,AAAACGGTGTCGATTC,S91F,1,1
-2.016,0.07508,AAATACCTCAGTCTGG,N170S,1,1
-2.016,0.04556,CATGCATCAGAGTAGC,D225Y,1,1
-2.016,0.1367,GCTATAAACTACGCAC,I418N,1,1
-2.016,0.06271,AAGAAACGAAATTTAC,,0,1
-2.016,0.009469,GAGGTACTCTTCCCTA,E403S,1,1
-2.017,0.03676,CGATTTTACAAATCTT,P227V,1,1
-2.017,0.1006,GCACATGTTAGAAAAA,R90K,1,1
-2.017,0.01572,ACATACAAGAACCGAA,G61S,1,1
-2.017,0.04717,CCCACATTAGCCAGAC,Y100M,1,1
-2.017,0.0378,ACACCTTTCCTATAGC,P227T,1,1
-2.018,0.0658,AAAAATGGTTCACCCG,I282S,1,1
-2.018,0.0658,GATTAATATAAACTAT,F192K,1,1
-2.018,0.0658,TTAACATCCATATGTA,N216Y R354T,2,2
-2.018,0.02912,TTATTATAATGAACCG,T155A F192E,2,2
-2.018,0.02705,AGGATGAATAAAAGAT,N165D,1,2
-2.018,0.01356,TAAGGGTTCCGCAGCC,K131S,1,1
-2.019,0.016,AAATAAGAAATAATTA,N464Q,1,1
-2.019,0.1522,AAAAATGAAAACTATC,D366A,1,1
-2.019,0.05075,AAAATCCAATTTCACG,S358K,1,1
-2.019,0.1087,AACAATCATAGCCATA,S156R V166Q,2,3
-2.019,0.0692,AACCTAGAAATAAACC,L428H,1,2
-2.019,0.2537,AATTTGATAGAACTTA,R405S,1,1
-2.019,0.1522,ACAAGATTCATCTTAA,N165L,1,1
-2.019,0.0692,ATAAATGAACCATCCC,E35L,1,1
-2.019,0.0692,CCCTATTTTACCAGTA,,0,0
-2.019,0.1522,GACACTATATGTACTT,I260R,1,1
-2.019,0.08458,GCAGATAAATACATCC,L455M,1,1
-2.019,0.03045,GCCAGTATTACGTAAT,S146Y P273E,2,2
-2.019,0.1087,GGCCCCGGGCCCCCCT,A212V,1,1
-2.019,0.08458,GTGAAGAATTAGAAAA,P293A,1,1
-2.019,0.1087,TAACAGAGGGCAGAAC,R208W K315Q,2,2
-2.019,0.0692,TATCCTCCTATATTGA,T37L,1,1
-2.019,0.05855,TGATATCCGTCCTGAT,Q210T,1,1
-2.019,0.05075,TTATTGACTCATTCTT,E83V,1,2
-2.019,0.002746,TAACATAAAGTAACAT,T235E,1,1
-2.02,0.01562,TCTTAAATTAAGTTAA,E344M,1,1
-2.021,0.01208,AGAAAGCCGGCCCTCG,Q191E,1,1
-2.021,0.09028,AAGCGGGAGAAATTTC,N483M,1,1
-2.021,0.02478,CAGAACAAGGACACAT,S149I K453M,2,2
-2.021,0.05491,CCAATGACTCCCGTAA,D438W,1,1
-2.022,0.1184,TTACACTAGATTTCTA,E414L,1,1
-2.022,0.1184,TTTGTACTATATATCA,G62H,1,1
-2.022,0.02139,TCTTGAGAAATGTAAT,G286C,1,1
-2.022,0.01659,CATAATCGAATTTAAA,G23S R269M,2,2
-2.022,0.04977,GAGCTTTCAATAAGTA,,0,0
-2.023,0.02454,TAGGACAATCCCCAAT,N424S,1,1
-2.023,0.05726,AATGAAAAACAAAGAT,S114V,1,1
-2.023,0.09682,CTAGCGCGCACAAATG,N424F,1,1
-2.023,0.0674,TATCTATAATCATTTC,K207N,1,1
-2.024,0.05982,GGTTTATAACCAAATA,H435F,1,1
-2.024,0.08191,GAACAAAAGCATCAAC,T155H,1,1
-2.025,0.009009,CCTTCAATAATAATTT,K171C G240M,2,2
-2.025,0.02138,TAACAGGCAATCATTT,K189G,1,1
-2.025,0.04003,GACATATATTTGAAAC,T485D,1,1
-2.025,0.07098,TAATAATTAATATTAT,N382C,1,1
-2.026,0.3131,AACAACTCAAACATCA,W234V,1,1
-2.026,0.3131,AAGATATTCGATCTTA,G275R,1,1
-2.026,0.02087,ATGAATTTTCCTCATA,V204M,1,1
-2.026,0.1044,CTCTTCACACGACCGA,V20N,1,1
-2.026,0.3131,TAACTTATAATAAAAA,K310S,1,1
-2.026,0.009162,CAGATAAGGTCCCCAA,L157W E398K,2,2
-2.027,0.08725,CCAGAAGAAACACCCC,S480Y,1,1
-2.027,0.07496,CTGATACACAAGCATT,E457V,1,1
-2.027,0.04257,AAGCATGATTTGTATA,L15A,1,1
-2.027,0.02816,TGACCAGGCATTTACC,E35I,1,1
-2.027,0.1971,ATAATAAAAAATCTAT,N159C,1,2
-2.027,0.1971,TAAAATTGGATTGATA,E426H,1,1
-2.028,0.01647,CATAGGCACCCATTGG,,0,0
-2.028,0.1438,CGCTGAGATCAACTAA,S91H,1,1
-2.028,0.01021,AACCTCTACCTTTCAA,G142D,1,1
-2.029,0.1132,TGAGACCCTATCAATC,G479K,1,1
-2.029,0.1132,TTATAAATGTGCCGAA,I418F,1,1
-2.029,0.003485,TGCGTCCACTTAATTA,Q454E,1,1
-2.029,0.02008,CCTCGATACAATTTAG,S137C,1,1
-2.029,0.09334,AATCAAAAAGTCAAAT,,0,0
-2.029,0.02647,TGGCCCGCATATGCAA,E172I,1,1
-2.03,0.01196,GGAAGACAGCGAACAC,Y161D,1,1
-2.03,0.03388,AAATCCTCTTTTACTA,R299E,1,1
-2.03,0.027,GCACATTCTTAATGCT,D225C,1,1
-2.031,0.03263,AAATCAGCACATTATT,E457H,1,1
-2.031,0.06408,CCTTCATTACGAATGT,R222H,1,1
-2.032,0.01433,CAGTTATCAAAATAAG,K450S,1,1
-2.033,0.01962,CCCCGATACCTAAGTA,P169C,1,1
-2.033,0.01962,TCAAATCCAAGACTAT,A372K,1,1
-2.033,0.02206,GTAACCATAGTCCGGA,Y100M,1,1
-2.033,0.1611,TACAAAGTATTATATC,G465Y,1,1
-2.033,0.02069,GGTGATTTGAGCCACT,N94D,1,1
-2.033,0.03938,CTTGGACATAACTTAG,I226C,1,1
-2.034,0.03109,TTGCCTAACAATTCAG,P162R,1,1
-2.034,0.02022,ACATACTAAGTTTCAC,K380G,1,2
-2.034,0.2311,AGTGAATGCCAACGCG,,0,0
-2.034,0.07705,TGTCCAATTGCATTAG,A364T K397I,2,2
-2.034,0.03521,CATCCAGTACTTCACA,S480Q,1,1
-2.035,0.01009,AACCCTTTAGTATCAT,R229G,1,1
-2.036,0.03261,CAGAAATCAGGAATGA,R405Q N498Y,2,2
-2.036,0.01568,AATTTATCCATTACAC,K189N,1,1
-2.036,0.04185,ATTATAGTCAAACTCG,D438F,1,1
-2.036,0.02301,ATAATGCTAAATTACA,T485Y,1,1
-2.037,0.1363,AAAAGACGCATATCAC,,0,1
-2.037,0.1363,CATTATCGATTCGTAT,,0,0
-2.037,0.08176,CTAACATTAGGCTCAC,Q371I,1,1
-2.037,0.02021,CTAGTGCTCATGCAGG,A39T,1,1
-2.037,0.0125,AACAATAACTAAGATA,I377T,1,1
-2.037,0.02449,GCCTGAACTGCCGAAA,V20H,1,1
-2.038,0.008138,ACCAGTACACGTTTAC,R299E,1,1
-2.038,0.01456,GAGAAGACAATTTCTT,I242K,1,1
-2.038,0.008315,ACATATCAGCTGTCAA,K450F,1,1
-2.038,0.07483,TCAACAAACTCATACA,S228T,1,1
-2.038,0.03107,TCAAATGAAACAAAAT,E401F,1,1
-2.039,0.0154,TACCTCTAACATGTAG,A39V Y105F,2,2
-2.039,0.01318,CGTCTATAGCATTTAA,M462C,1,1
-2.039,0.1832,AATCCCTACCAAACAG,Q434D,1,1
-2.039,0.05158,CAGTGTTGTATGGAAC,T313A,1,1
-2.039,0.118,AATTATAAACAGAGTC,Q407F,1,1
-2.039,0.118,CTTTAGATACCAGGCG,S205L,1,1
-2.04,0.02471,AGGTTCAAACTTCCCT,T40H,1,1
-2.04,0.05711,ACACGCTGATTGTTCT,L367I,1,1
-2.04,0.04873,TCTTCAAACACTCTAA,,0,0
-2.04,0.01359,ATGCGTTAATGCCCAG,A196L,1,1
-2.04,0.0307,GTGTCTTACAAAGGAT,T30N Q407K,2,2
-2.041,0.01697,GCAAGGTACCTACCTA,,0,0
-2.041,0.07926,AAAAGCCAGAAATTCT,N45V,1,1
-2.041,0.01665,AATCGATCGAGTCCAA,S143K,1,1
-2.041,0.1041,AAATAATTAAAATATG,G61S D188N,2,2
-2.041,0.02083,AGAACCTTATATAGCA,S145F Q311E,2,2
-2.041,0.1041,ATTGTTTATCTTATCA,D441S,1,1
-2.041,0.01157,ATACCCTAAAGATACT,Q371D,1,1
-2.042,0.01023,ACCATGCCATTGAGAT,E398K,1,1
-2.042,0.05057,AAAAATACCGGTATAC,K50T,1,1
-2.042,0.1517,TTGAGAACAGACTTAA,G352M E398K,2,2
-2.042,0.02493,GCTTTAATACCCATAG,R229Q,1,1
-2.042,0.03713,GTACTCACACTCACGA,S312F,1,1
-2.043,0.02616,TAACAAACTTGCCAAA,L427C,1,1
-2.043,0.04783,CGATTACACACTGACT,F500L,1,1
-2.043,0.04783,TCTCAACGTCTGGATA,E432W,1,2
-2.043,0.02839,TAGAATTAAACATAAA,R208P,1,1
-2.043,0.05589,AATACAAAGATATAAA,,0,0
-2.043,0.09314,TCAATCCCGCCATTAA,T203C,1,1
-2.043,0.09314,TTGATGATACGGCTTT,K452S,1,1
-2.043,0.04537,CCTAGGATAGATAATT,A373M,1,1
-2.044,0.0672,CAACCATCTAATCCAG,,0,0
-2.044,0.0672,GGGCAAACAAAGAGAT,K131V,1,1
-2.044,0.0205,CTTAAACAGCAGTCCA,Q407G,1,1
-2.044,0.1295,GTAACCGTTAGCAACG,V213N,1,1
-2.044,0.02338,TTCATAGAATTTTATA,I331F,1,1
-2.044,0.004399,AATAGACTATTGGTTA,S149F,1,1
-2.045,0.06245,AAAAATATACACGAGC,E403R,1,1
-2.045,0.01916,TGTAATGATATAAGAT,V223R,1,1
-2.045,0.02166,CCTAACTGAGCCTCCA,I502M,1,1
-2.045,0.03931,AATTACATTACCCATG,V20N,1,1
-2.045,0.05832,AAAGTAATATTAGCCC,N250H,1,1
-2.045,0.02564,TCATCCAGAACACTCC,I300F,1,1
-2.046,0.01423,GGGGAGTGACGACAAC,N6P,1,1
-2.046,0.1129,CACCACTTCTTGAAGA,S149L G200C V490Q,3,3
-2.046,0.009738,CATAGTTAGGAAAAAA,N165K D493E,2,2
-2.046,0.01161,CCTCTTTGTGCACTTC,R222F,1,1
-2.046,0.05471,ACTTTCCAAATTACCA,E457I,1,1
-2.046,0.2123,CTGAACTAGAACAAGA,Q394F,1,1
-2.047,0.02539,TAGTCTTACACATCGA,G263S,1,1
-2.047,0.04868,TACAAACTGTCTTGCA,I214P,1,1
-2.048,0.007861,CCTATGATATAATAGG,,0,0
-2.048,0.03103,CATATCCCGTGTGTCA,D271L,1,1
-2.048,0.0371,TCTAACATAGCAGACA,E344V,1,1
-2.048,0.04613,ACACCATATTCAAATC,S143N G249S E280K,3,3
-2.048,0.004463,CGGACATGTCAGTTCC,R208P,1,1
-2.048,0.1711,TGTCAATCTCACAAAA,N94A,1,1
-2.049,0.01529,TTGTACAAAGGCAATT,P221Y,1,1
-2.049,0.04177,AACTATATCCTGGGAG,K82N R456L,2,2
-2.049,0.02017,TTATCCCACAAGCATC,D438T,1,1
-2.049,0.008407,GGTCAATCAATTTACA,P221Y,1,1
-2.049,0.03066,AGCCCTGCTTGAGCCG,Q211D,1,1
-2.049,0.05051,CCCTAGCAACAATTAT,N475F,1,2
-2.05,0.0747,ACTGATTAGATGTTGG,I274W,1,1
-2.05,0.01343,CCATCTGTGACCGTAA,T485Q,1,1
-2.05,0.02422,GCCTATAGACAGCTTG,K453D,1,1
-2.05,0.02777,CTATGTATACTTGTCT,,0,0
-2.05,0.03254,TTACATTACACACAAA,R224D,1,1
-2.051,0.04312,AAGAATACCTTGAGAT,I418R,1,1
-2.051,0.1233,TATTGCATGACGAGTA,L86F,1,1
-2.051,0.02276,TATAACGGAAAATTAA,Q197L,1,1
-2.051,0.05582,GAGCATACAAGTCTTA,G62E,1,1
-2.051,0.05582,GGGCTAACCTAAGCCT,R405W,1,1
-2.051,0.02219,TAGTTTCACCGCGGGA,F467W,1,1
-2.052,0.1082,GCTCACAATTAATAGG,E403T,1,1
-2.052,0.1082,GTGGTTGCAAGTCAGC,,0,0
-2.052,0.1082,TAAATAAATATAACAA,I502V,1,1
-2.052,0.02513,GTAAAGAACCAACAGG,I395C,1,1
-2.052,0.01887,AAATCAATCATGAATT,D60F,1,1
-2.052,0.031,TCTGAATGACTGATCA,,0,0
-2.053,0.08691,CGAGTGTCTTTAGCAA,P162F,1,1
-2.053,0.08691,TTCCCTGCCTAGATGA,H435M,1,1
-2.053,0.08691,TTTAAGTATCAGCTCA,D77K G479K,2,2
-2.053,0.01414,TAATCTGCATCACAAG,H184V,1,1
-2.053,0.02805,GAACGCACCCATAAAT,C97K,1,1
-2.053,0.04047,AACAACTCACTGGAAG,R141Y,1,1
-2.053,0.005153,AGATAAATCTCTGTTG,K310R K453F,2,2
-2.053,0.07262,TATTCAAAAGGTTTGG,,0,0
-2.054,0.0671,AACTTAGATGGACTGA,N497G,1,1
-2.054,0.03292,AAATTAAAACGCACCT,R255Y,1,1
-2.054,0.06236,AATTAAGCAAACATCC,A430Q,1,1
-2.054,0.01356,TTTATGCTTGGGTAAC,N298W Q501A,2,2
-2.055,0.01224,CTTTTGAAATACTGAG,N63S V309M,2,2
-2.055,0.04862,ACCCGCCTTAGAGTCC,T313R,1,1
-2.055,0.02335,TCCGAATGTCCTAGAT,T235M S312Y R361S,3,3
-2.055,0.02112,CTTGGCCGGTAATCGA,A372Y F392L,2,2
-2.055,0.02062,TTTTCCTTCCCACCAT,Y257H,1,1
-2.055,0.03813,CGTAAATTGCATGAGC,T235M,1,1
-2.055,0.01809,CTCGAAATTTCACACA,H488N,1,1
-2.055,0.0351,ACTTAGAATACTTTTA,G142V,1,1
-2.057,0.04773,AAAAATGATAAAAAGT,N475W,1,1
-2.057,0.1962,AAAACTACGATTATTC,S231T,1,1
-2.057,0.1177,AACATCTCAAGTTTAA,S231R,1,1
-2.057,0.2523,AATGACACGTGTTAAA,,0,0
-2.057,0.09295,ACGATAATCACATCAT,N122M,1,1
-2.057,0.06541,ATACACTTATTACAAT,I300G,1,1
-2.057,0.0841,ATCATCACACTGATTC,R33E,1,2
-2.057,0.02993,ATGAAAACAGAATCTC,R150G,1,2
-2.057,0.1177,CAAGTAATTATATAAA,,0,0
-2.057,0.1605,CCCAAAAAAATCTCCA,R222Q,1,1
-2.057,0.1358,GACCTACTTGTGATTA,H355T E401D,2,3
-2.057,0.03332,GGAATCAGATCACTAG,S95N,1,1
-2.057,0.1962,GTATTGTACCGATTTC,V213M T451V,2,2
-2.057,0.1605,TATAAAAAAAATTAAC,I300T,1,1
-2.057,0.1962,TATCTAACTTTCCCTA,K292V L439Q,2,2
-2.057,0.07064,ACCCCATGAAATGTTT,L66K,1,1
-2.057,0.04307,ATTCGCAGATTCACGA,N158P,1,1
-2.057,0.01941,CGCGACTCGCTTCATA,V213H,1,1
-2.057,0.0609,CTCGAAACTTAGCACC,V237C,1,1
-2.057,0.0609,TAAACTGAAATAAGTT,L15T R255T,2,2
-2.058,0.01355,GTACCAATCATGTGGA,A459C,1,1
-2.058,0.01572,GAAAAATCTGTTAATC,R261T P284A,2,2
-2.059,0.03555,CCACAATTTCTTGATC,N341Q,1,1
-2.059,0.04451,ATTCCAAATCCCACTT,,0,0
-2.059,0.02254,ATCATCAAATCAATCT,K503P,1,2
-2.06,0.02744,TATCGACATCTAATTT,M268H,1,1
-2.06,0.05575,CTTAATTGACAAATCA,N165V,1,1
-2.06,0.01159,ACCTTAACCGTGTATA,T155R,1,1
-2.06,0.03134,AACACCCGGCTATTCA,Q132C,1,1
-2.06,0.0638,AGTTCACAGACCCCAT,N424I,1,1
-2.06,0.009116,CCTAATATTGCAGTAA,N489W,1,1
-2.06,0.06877,GCTGTCCATCATAGAA,A430N,1,1
-2.061,0.01443,CTTGAACGGACTTTTC,T155K,1,1
-2.061,0.0381,TAAATGATTCTTATGA,D438T,1,1
-2.061,0.03981,GTGTCAAAACACAAAA,E432Q,1,1
-2.061,0.02991,GGACTAAGATATGTAA,S146C,1,1
-2.062,0.01382,TTAACAATAACCACTT,G404D K453S,2,2
-2.062,0.01998,ATGCCATATCTCTTAG,T248S,1,1
-2.062,0.02093,TGGGAAATTATCTTGC,N6L Q407*,2,2
-2.062,0.01553,CCGCTACCGAACCGCT,D348H,1,1
-2.062,0.01234,CAACTTCAAATCCCCA,F192E Q210R,2,2
-2.063,0.1126,CCATTATACAACTTAA,N165T,1,1
-2.063,0.1126,CTTTCGAAATCACACC,A163L,1,1
-2.063,0.1126,GAAAAACACAATCAGT,,0,0
-2.063,0.1126,TAATTCAACGACCGAC,S107G V413L,2,2
-2.063,0.02862,ATATCAACGACCATCC,G49A T485K,2,2
-2.063,0.05817,GTTCGTTGGATGCACG,G142M V166M,2,2
-2.063,0.05817,TGATAGTCAAACCCTG,R222Y,1,1
-2.063,0.004568,GCTAAATCAGCATACG,N296V,1,1
-2.063,0.02439,CAAATAATCCATACTT,Y98R P103R S193P R261L,4,4
-2.063,0.04303,ATGATCTGTAGCATGA,R92H M168I,2,3
-2.063,0.04303,CACAAACCATGCAACA,D348E,1,1
-2.063,0.1291,GAAGAGATAAACATGT,,0,0
-2.063,0.1291,TGATATGAAAAACAAA,V309L,1,2
-2.063,0.1291,TTGAGCTCCAAGGAGC,L15T,1,1
-2.064,0.0266,AGCCCAAATGTAACGA,K207L,1,1
-2.064,0.067,AATAACCAGCAATGAA,R150A E398K,2,2
-2.064,0.067,ACATCAACTTCAGATG,L420M,1,1
-2.064,0.067,TCACCACTCATCCATC,,0,0
-2.064,0.04524,ATATCACCACTAAAGT,L243I E403K,2,2
-2.064,0.03415,TTAAACATAAGACGGC,Q295T,1,1
-2.064,0.01534,AGGCGATACCAAGGAA,M268H,1,1
-2.064,0.0504,CTCTTCCTAAATTCGG,R299S,1,1
-2.064,0.03024,GCAAAAAGAAAAATTC,Y161P,1,1
-2.065,0.0404,TGTAATACATCAGGGA,Q356K,1,1
-2.065,0.04233,CTAAGACACCATCTGT,P221C G275V,2,2
-2.065,0.0569,GGTAAACATTATAGTA,V309M,1,1
-2.066,0.08674,TATCACTCAATCCAAA,N159L,1,1
-2.066,0.02989,CGCCAGGATTGATTTA,R222N,1,2
-2.066,0.02989,TTTTATCCTTACATCT,E398R,1,1
-2.066,0.06082,AAAAATATGGCAAGGA,T65I,1,1
-2.066,0.06082,GGAATATACAAGTAGA,G23I,1,1
-2.066,0.1824,GGACAAGTGATACAAT,Y105P,1,1
-2.066,0.03806,TACTTTCAATCATATC,T203Q,1,1
-2.066,0.00768,AACACCCAAGATACCA,T451S,1,2
-2.066,0.09619,GGAACATTAACCCACA,T301S,1,1
-2.067,0.01618,TTCGATGAGGAGGGCT,G200M,1,1
-2.067,0.06532,ACTTATTGACCATCTA,I236Y,1,1
-2.067,0.06532,TTTTTGGCAACTGCGT,S442H,1,1
-2.067,0.04944,ACGCCGAAGACACTCC,H184V,1,1
-2.067,0.05238,ATGGCTCTATATTTGA,K315P,1,1
-2.067,0.05238,CAAGCACGCAATAATC,D77V L428M,2,2
-2.067,0.07053,ATAAGCACCAGAATCA,Q132P,1,1
-2.067,0.07053,CTAGAACAAAGTTATA,R482S,1,1
-2.068,0.108,AAGAAACATTCTTTCA,,0,0
-2.068,0.012,TCGCATTACTAGACCC,D348T,1,1
-2.068,0.05568,GATTTTCTCACATAAT,,0,0
-2.068,0.02829,CAGTCAATAAAATCTT,T24R,1,1
-2.068,0.04599,ATTACTTAACACTAAC,A304T E432Y,2,2
-2.068,0.04599,TAGACAACCGGTGTGC,N165C,1,1
-2.069,0.03412,ATTCTCTACAAATCTA,L154M G404C,2,2
-2.069,0.02251,GTTATGGCGTGTAATC,G129V,1,1
-2.07,0.01027,ACTCTATTACCAATGA,F332M,1,1
-2.07,0.05134,TAAGGTTCTAAGGCCC,S114Y,1,1
-2.07,0.0289,GAAGATGTCCCCAGCA,,0,1
-2.07,0.06867,ATGTCCTGAACATTCA,,0,0
-2.071,0.004374,AAAAAGCAATCCCGAA,S146W,1,1
-2.071,0.09276,TCAGTTGGCCCCTATC,I267W,1,1
-2.071,0.004735,CATATACAACTCTAAA,Y423H,1,1
-2.071,0.01473,TTAGGTTGATACGTAG,D85K,1,1
-2.071,0.0128,AGTAACGATCAATATC,L496V,1,1
-2.071,0.1429,AAATACTTAAACATCT,A39V,1,1
-2.071,0.1429,TAAAATAACCTCCTAA,,0,0
-2.072,0.07446,AGAAAAATATATCATA,Q211K,1,1
-2.072,0.0214,CTATTCAGCCTTGAGA,E410K,1,1
-2.072,0.05035,CATTCGCGCCCCGATA,S262G,1,1
-2.072,0.02026,GCTAACCACAAGGCAC,Q407W,1,1
-2.072,0.02392,ATAATTTAGCACTATG,D175N,1,1
-2.072,0.1036,CTTGCATAGCCAACTA,G200Q,1,1
-2.074,0.03748,AACTCTTGAATTAGTC,Q210N I385Q,2,2
-2.074,0.01616,GCAGTTAGTGCATTCA,E494G,1,1
-2.074,0.0155,ATTGCATAGGATTTGT,Q371S R482K,2,3
-2.074,0.1705,GCATAAATGATTCAGT,,0,0
-2.074,0.1174,ACCAAACAGAGCCCAC,I418W,1,1
-2.074,0.03915,TTCGATTAATCCGCAG,N285P,1,1
-2.075,0.02192,AAATTTAACAACCTTT,S114R,1,1
-2.076,0.01514,GTGGGAAATCTAAAAA,Y161V,1,1
-2.077,0.03323,ATAAAATGTAATCCAC,T40L,1,1
-2.077,0.09967,TGCGGGCCTTAGAATA,A430Y,1,1
-2.077,0.01606,TCGAAATGATTTACTC,V406H,1,1
-2.077,0.02369,TAACTATAAATGAGAA,D408L,1,1
-2.077,0.1354,GGCAAAGTGTTCGTAT,T10I,1,1
-2.077,0.03163,AAGGCTATTAATAAAT,S198L E396G,2,3
-2.077,0.0101,ACTGAATACTGCATGA,V166G,1,1
-2.077,0.03452,CACGAATACTTGTGGG,,0,0
-2.078,0.0221,CGCAGTAATTGACGTA,Q197M,1,1
-2.078,0.07042,ATTAGATTCAAACGTC,G200D,1,1
-2.078,0.2113,CCACCTAAAAAAAAAA,H17R,1,1
-2.078,0.07042,CCCATTACAGATCTTA,I418T,1,1
-2.078,0.2113,TGTATAATCCTTGCCA,,0,0
-2.078,0.08658,ATAGTCTTATCAAATT,E403V,1,1
-2.078,0.08658,TGTAAAGTACTTATCT,E432D,1,1
-2.078,0.02412,TCAGAACGCAAATCTA,D493W,1,1
-2.078,0.01279,AGCAATCATAAATACA,T313G,1,1
-2.078,0.03971,CACATAAATGGGTGAT,E432C,1,1
-2.079,0.03125,TTATACGCCCACTAAC,G129W,1,1
-2.079,0.008292,GGATACGACACAATTT,E414I,1,1
-2.079,0.04438,TGATTCAACTATGAAT,K189C,1,1
-2.079,0.02984,TACCGAACGACAACAC,Q191W,1,1
-2.079,0.1124,TGACGAACCCCCCGAT,T40Y,1,1
-2.079,0.04158,CACCACTTTTACAGGC,,0,0
-2.08,0.03544,CATCTGTACTAAGAAA,N53D K446W,2,2
-2.08,0.03544,CATTTCAAATGATAGT,C64T,1,1
-2.08,0.03088,AAGGAACACAGATTAT,,0,0
-2.08,0.008671,TATGGATCACGAATCT,D493V,1,1
-2.081,0.04363,GCTAGGATACCAAAGT,A430T,1,1
-2.081,0.01266,GAAAACCTACAAACCT,M268C,1,1
-2.081,0.06211,CGATCGTCAAAAAACA,T235M,1,1
-2.081,0.0332,CATCTCTAGTCAATAG,P284R,1,1
-2.082,0.08379,AAACCATCAATTTGCG,S198L,1,1
-2.082,0.01408,GGGATTGACTAAATGT,D85V,1,1
-2.082,0.03016,CATTGCCTCGCTTATG,P21H L381M K387D,3,3
-2.083,0.1077,CACTCAAGAATTACAA,N165L,1,1
-2.083,0.1077,TAATCTATTAAAAGAA,A93W,1,1
-2.084,0.03405,TGCAACACAAAGACAC,H184K,1,1
-2.084,0.0153,TCATTGAGCACCTAAA,S480Y,1,1
-2.084,0.2777,CGTTTTCCATGACATA,H393C,1,1
-2.084,0.2777,TACACGTCCTACATAA,Y233W K472Y,2,2
-2.085,0.007681,AAGTCTTACTCAGAAC,R482S,1,1
-2.085,0.07227,AGCGGTAGTCAAAGAG,,0,0
-2.086,0.04154,GACCCTGGTCGTACAC,S193W,1,1
-2.086,0.1954,AAAAAATTTACGACGC,Y105W,1,1
-2.086,0.03908,CGCTATCATGGTATAA,H393R,1,1
-2.086,0.02678,AACCCTGCGTGTTTAA,I418T,1,1
-2.086,0.01088,CTTCTAACTGCTACCA,D461M,1,1
-2.087,0.05024,GGGTAATCCTCTGGGC,G49S,1,1
-2.087,0.01594,AACAGTTTTACCATGC,Q434D,1,1
-2.087,0.04089,AATAGTGAGCACAAAG,V43L,1,1
-2.087,0.1227,AAGGAAACCGAGTATG,G240D,1,1
-2.087,0.1227,TAAAATCATACACCAG,T451S,1,1
-2.087,0.1227,TCCAGCACGTCATCAG,D188N,1,1
-2.087,0.03638,ATGCACAATTCAGCAG,D175L,1,1
-2.087,0.03447,CCCAGACTCCAACTCT,E432W,1,1
-2.088,0.03121,CTGCGGATAATGGTAG,T117E,1,1
-2.088,0.08939,AACTGCCCCAAAAGGA,I335M,1,1
-2.088,0.02624,GCAACGAGATCAGGAC,L42V,1,1
-2.088,0.07872,TGGGGTTATCTGTCCT,A196Y,1,1
-2.088,0.05795,TAGACGATATGGCAAA,,0,1
-2.088,0.04929,CATCTGCAGCCCATCA,Q191Y,1,1
-2.089,0.01241,AACTACAGATACCCCC,L59H,1,1
-2.09,0.004406,GCTATCCTCGTATTGA,L154Q,1,2
-2.09,0.06202,CCAAATAACAGTATAG,Q211S,1,1
-2.091,0.06847,TAGAAATGGACACGCA,,0,0
-2.091,0.0764,CGCTAGTAAATTCACA,D73G,1,1
-2.091,0.08642,ATGAATCATCTCTCTC,P162T P169A,2,2
-2.091,0.09946,CTTCGTTTACACGGTG,,0,0
-2.091,0.1171,TGAACAAATTAATTCT,V223H,1,1
-2.092,0.04429,CTGTTCTTATAGTAGT,A69F,1,1
-2.092,0.1425,AAAGGAAGTAAGATAA,S96W,1,1
-2.092,0.02849,TTCAAAGACACGAGAA,I67F,1,1
-2.092,0.05548,ATCCATTGAAAAATAG,P215T K259N G386E,3,4
-2.093,0.1817,GACAAAACTTAAGTTT,L381I,1,1
-2.093,0.1817,TCCTGAATGGTAATAT,E443L,1,1
-2.093,0.06671,GGCAGAACATCCCAAT,S378A,1,2
-2.094,0.0127,GTAAAATCACCACTAA,G330A,1,1
-2.094,0.2509,AAACCAACCTACAATT,Y105R,1,2
-2.094,0.0193,ATACGATCCCATTGCA,I300L T485K,2,3
-2.094,0.08364,TTCTCTGATTGCGACG,I260Q,1,1
-2.094,0.01035,CGCCTGCAAAAACAGA,S231I K453G,2,2
-2.095,0.0958,AAGGGCACAAAAAGCC,N38H,1,1
-2.095,0.0958,GTCCAAACCCTGCGTA,,0,0
-2.095,0.02428,TATCTGCATAAAAGAC,S114V V406F,2,2
-2.095,0.04581,TGTGATTTGCTTCTAA,E449K,1,1
-2.095,0.1121,ACGATATAATTATGAT,Y161E,1,1
-2.096,0.0127,TCTTCAGACATATGCG,R220G,1,1
-2.096,0.01836,AGGTCACAAGCTACCG,T485F,1,1
-2.096,0.07216,TTGGCAATACTATTCG,,0,0
-2.096,0.03313,TGCCGAAATGCCCCGG,S95Y,1,1
-2.096,0.03488,ACTAAATAACCATGCC,P221R,1,1
-2.096,0.003602,CCTGTCCGCGCATATC,Q434S,1,1
-2.096,0.02976,TCTAGACAATCATAGA,N341C,1,1
-2.097,0.05788,AAAAGCCAATTTGGCA,E403Y,1,1
-2.097,0.1351,ACTTCACAAAATAATA,E35P,1,1
-2.097,0.08103,CAACGATGGTGTTCAT,,0,1
-2.097,0.08103,CCCAAGAACACCCAAT,I437C,1,1
-2.097,0.08103,CTTGATTATATCACCA,,0,0
-2.097,0.08103,TTACAAGCTACTAGCA,R33D,1,1
-2.097,0.03901,ATGAGCATATCCGACA,K207Q V213L,2,2
-2.097,0.04832,TTGTTTCCATGTGGAT,L428H,1,1
-2.097,0.007993,TCAGTTTCCGAATATT,S145D,1,2
-2.097,0.06345,AGAACGAGCTCCCCTA,V112F,1,1
-2.098,0.04425,ACACCAAAATAACTAT,Q454R,1,1
-2.098,0.07021,CAAATCAACTGAAATA,F174M,1,1
-2.098,0.02909,CACTATCGATCCTATG,E494F,1,1
-2.099,0.1699,AATTAAAAAGAACGAG,K326A,1,1
-2.099,0.03044,TAAGAACCACCCCGGA,E414F,1,1
-2.099,0.02757,GGAAGATGGGGGTCCC,D408F,1,1
-2.099,0.1075,CACCCACTAAAACAAT,,0,0
-2.099,0.1075,TAAACTGCGATCTACC,D366N,1,1
-2.099,0.1075,TATGCCTACGATAGAA,R222K,1,1
-2.1,0.02728,ACAATGCATCTAAATG,M444I,1,1
-2.1,0.02382,TAAATCAATTCCGGAC,T40N K50Y R361E,3,3
-2.1,0.04659,TCATATCTTACGCAGT,D68M,1,1
-2.101,0.0159,AGTGAGACCTCACACA,N165S,1,1
-2.101,0.1284,TCTTACCATAAAATCA,K140T G218D,2,2
-2.101,0.1284,TTTAGATTATATAGAC,W127H,1,1
-2.101,0.01957,ATTAAGACTCAAAACC,E344I I418L,2,2
-2.101,0.03115,AACGTAGCCAAGCTAA,G61S,1,1
-2.101,0.0121,AAATTGAAAAAATTAT,N165I,1,1
-2.102,0.2288,ATCTAAGATATCGTAT,,0,0
-2.102,0.03269,ATTACAAAATTGCAGA,S369C,1,1
-2.102,0.07628,GTAATGAGACAATGGG,S219Y T318L,2,2
-2.102,0.0344,AGTATATATTTACTTT,D291S,1,1
-2.103,0.0136,AAATAATACCATACTA,N498H,1,1
-2.103,0.02202,TGATATTACAGTGCTC,H355V,1,1
-2.103,0.02876,ATCCGAACCTTCATTG,D7A P169S,2,2
-2.104,0.007402,TCCCATTTAGACATCA,T436V,1,1
-2.104,0.05315,AGTTCTAAGATTAAAT,L86P,1,1
-2.104,0.1594,GCATAATAAATTCATG,H435N,1,1
-2.105,0.02698,TTAAATTAATAAAGTC,D101S E457C,2,2
-2.105,0.04421,GAATAAAATGCCAAAG,E401H,1,1
-2.105,0.01748,GTAAGTTAGCTTATCT,A373C,1,1
-2.105,0.01508,GTCTTATGTTTGTCCA,V429C,1,1
-2.105,0.01927,CGAGACTTATCCTCAT,E449V,1,1
-2.106,0.02541,CATCCAAAGAGGGACA,,0,0
-2.106,0.04739,ACGCATACGCCAACTA,K278W,1,1
-2.106,0.04347,TTGAGACCCCGCAGGA,A39V,1,1
-2.106,0.0141,CATTATCGACGTAGTA,N31L E359D,2,2
-2.106,0.08349,GAAAATTTCGTCGGAG,H184V,1,1
-2.106,0.0167,GATAGCTGCTCAATAA,S358K G504K,2,2
-2.106,0.0197,CCCCGATCCTTCTAAA,K189Q,1,1
-2.106,0.02402,AATCCATTGATAAGAT,E432H,1,1
-2.106,0.01187,TACCGAACATCAAGTG,F448A,1,1
-2.107,0.009547,ACACAAACACTAGATT,R224F,1,1
-2.107,0.004056,AACCTACTATACAGCA,L111W,1,1
-2.107,0.05655,TTATTAGTAAATATTG,P221G,1,1
-2.107,0.002777,TTATACAGAAAGCCTT,K380C,1,1
-2.107,0.02617,AGAAATGGACAATATG,Q197L,1,1
-2.107,0.03437,AACACTAATCCTAAAA,,0,0
-2.108,0.3505,ACCACTTCCTCTATTA,G49W,1,1
-2.108,0.3505,CAATCTACCCACGTAA,Y491C,1,1
-2.108,0.3505,CAGCGTAAACAAATAT,N31R,1,1
-2.108,0.01724,GAACTATTAATAATAC,Y161E D408N,2,2
-2.108,0.05535,GACAGTTACCCTGCAC,N475K,1,1
-2.108,0.1502,GATAAACGCTTACTTG,R92F,1,1
-2.108,0.1502,GCAGCCTGGTAAATGA,A304E,1,1
-2.108,0.2103,GCAGTATAGTACTTGA,N483H,1,1
-2.108,0.04207,GTTTAAAAACAAGTAA,Y257S,1,1
-2.109,0.01608,CCACAAAACCGACCAT,N483V,1,1
-2.109,0.005902,AACATAATCAGCATAC,E410G,1,1
-2.109,0.01425,TCTCACTTAAAGAAAA,Y423H,1,1
-2.11,0.03838,CACAAGACAAGTCGTA,N8A I214H,2,2
-2.11,0.03838,TACACAAATTACCACC,S247V,1,1
-2.11,0.022,TAGAAAGATGTACCCA,T155F,1,1
-2.11,0.01338,AAGTGAATAAGACATA,S115W A425W,2,2
-2.11,0.06042,AATTTAAAACCGGTCT,T12N N489L,2,2
-2.11,0.06042,ACGCCAAATGGTCATA,G49R D441M,2,2
-2.11,0.06042,GAAACCCATAACATTT,R141F L367F,2,2
-2.11,0.06042,TTGATACTGGGCTAGC,Y233K,1,1
-2.11,0.06827,CATTAGTAGTATGATT,P185V,1,1
-2.11,0.06827,CCTTCGGGCCCAAATC,Q80N,1,1
-2.111,0.004196,AAGATTTCTTAAATCT,R220C,1,1
-2.111,0.01723,GAAAAGAAGACAATTA,K310E,1,1
-2.111,0.09221,AAAAGATGGAAAATAC,G263A R354K,2,2
-2.112,0.01831,TCATTTTATCCTAACG,S205M G249S,2,2
-2.112,0.1118,AGCCTGTATTAAGAAT,R456N,1,1
-2.112,0.1118,GCTGTTACATTTGGCT,I67M,1,1
-2.113,0.142,GAACCATATGGACTAA,D348Y,1,1
-2.113,0.0281,GGTATACCTCTTACAG,T318E,1,1
-2.113,0.05774,GAGCTGGACCACCCCA,N341R,1,1
-2.114,0.08906,ATCTGCAGCACAATAT,T30W,1,2
-2.114,0.007208,AAAATTTCAATTTGCC,Q376D,1,1
-2.115,0.01757,ACAGCCTACACCTCTA,L316F,1,1
-2.115,0.01568,TAACACCCGCACCTAT,S124W,1,3
-2.116,0.0287,GGATAATGACCTTGTC,M168E,1,1
-2.116,0.1347,CAAAGACACCATTACC,S114T,1,1
-2.116,0.1347,GCATTCGATTCAGGGA,R299V,1,1
-2.116,0.1347,TTTTACCCGGCCCCAA,I260W,1,1
-2.116,0.002892,TGTTCACGGCACCCCA,P162I,1,1
-2.117,0.07195,AAAGTAAGCAACATGG,K326G A373T,2,2
-2.117,0.07195,TTAAGATACACCTTAA,D375W,1,1
-2.117,0.103,AATAGTATCCCTTACA,D32K,1,1
-2.118,0.02027,AACCCATTTACATACT,R354I,1,1
-2.118,0.04339,CATAACAAAAATTTTC,R141D,1,1
-2.119,0.07001,TCCCCAATACTTTTAA,R299F N489K,2,2
-2.119,0.181,ACCAGAACAGCGCTAT,V429L,1,1
-2.12,0.128,TTGAACATTTTCAAGC,A138G,1,2
-2.12,0.09905,ATTTCAATACACTATA,P162V,1,1
-2.12,0.08076,CCTATTAACTCAAAGT,Y105T,1,1
-2.12,0.08076,GACCCCCCCGAGGCTC,K276P,1,1
-2.12,0.05898,CATCCCCCGTAATCCT,,0,1
-2.121,0.03832,TATCTCAAATACACCA,V20W,1,1
-2.121,0.03832,TATTTGTACACAATTC,K310E,1,1
-2.121,0.03832,TCACAAATACATGACT,F125M,1,1
-2.121,0.02665,GCAGCCCAAGGACAAC,R361D L439P,2,2
-2.121,0.02375,TAAGATCGCCTGATAA,E344L,1,1
-2.121,0.02375,TGCGTTATACAAACTA,G61A E403K,2,2
-2.121,0.03476,CATAAGGCTTTAAAAA,N424I,1,1
-2.122,0.05767,AAATTATTCATCTATA,K380C,1,1
-2.122,0.05767,TGGATCGTTATGACAA,R405A,1,1
-2.122,0.06643,TACCAAAACTATGCAA,R109V,1,1
-2.123,0.122,TTCATGGCAAGAAGCA,D375F,1,1
-2.123,0.01732,TCGAGCTGTCAATACT,R224V,1,1
-2.123,0.04005,CTCCATCCATGAAATT,D348F,1,1
-2.124,0.07604,TTAGATCAAAACATCA,E484V,1,1
-2.124,0.01082,AAACTCATTGTTCCGC,K310G,1,1
-2.124,0.2761,AAAACTGTACTAACAA,K453V,1,1
-2.124,0.2761,ATCAAGCCTTTTGACA,D408M,1,1
-2.124,0.2761,CTACAATCAACCAACT,K450T,1,2
-2.124,0.09204,AAACCTAGAGTACATC,I260K,1,1
-2.124,0.09204,GCCGACGGAGCTGGAA,I242R V490A,2,2
-2.125,0.0632,ACGCTTTATTTATCAA,D271Q,1,1
-2.125,0.01743,ACACACACACCCAAAA,T485Y,1,1
-2.125,0.1166,ATTCACAAATATATTC,,0,0
-2.125,0.1166,GCAATGTTCTACCAGG,T37C,1,1
-2.125,0.1166,TAAGTTAAACAATTTA,D366H,1,1
-2.125,0.01114,AAGGGCGGTAATACAT,I226V,1,1
-2.125,0.07388,CCCAAAAACCCGCGAG,Q197Y,1,1
-2.125,0.07388,GGAGACTAACCCTGTC,I202F,1,1
-2.126,0.0352,AGTAATGACACACACC,S95F,1,1
-2.126,0.01461,CAAGAGTCGATCCATA,,0,0
-2.126,0.04725,GAAATACCGTCACCAC,R299Y,1,1
-2.126,0.0617,AATCAAGGCCGGAGTA,T235M,1,2
-2.127,0.01064,AAAAATACCGCAAGTC,P103V F500L,2,2
-2.127,0.1589,CCACAATGACACGGGA,D493H,1,1
-2.127,0.1589,TCATATTTACAAAAAA,R361M,1,1
-2.127,0.01026,ATTCTCAACATGATCT,I3W S193G,2,2
-2.127,0.02533,TCCCATCGTCGATGGT,K171F D348L,2,2
-2.127,0.04129,GATTACCCAAGAAGAG,R299W,1,1
-2.128,0.1116,CCAAATCTAGAGTTAG,R321A,1,1
-2.128,0.05192,TTATAGATATCCCAAT,S262R,1,2
-2.128,0.007274,AGCTAAGCAACAACCA,T187Y,1,1
-2.128,0.0456,ACATAGACCTTAAATA,E432M,1,1
-2.128,0.08596,AACGAATGAGAAACAA,I202S,1,1
-2.128,0.02865,TTACGTACACTGCCTA,Y161D,1,1
-2.129,0.005009,CTATTTGTCACCAAAC,I236C,1,1
-2.129,0.05891,CAAATAATGTTCATAC,T485M,1,1
-2.129,0.01132,ATTGCGGTCAATATTC,,0,0
-2.129,0.0101,GCTTAACACGCTAATG,L118F N285W,2,3
-2.13,0.1498,AACCATTTAGTAAACT,S209R I288M,2,3
-2.13,0.05761,ACCGAGAATATCACAT,R456K,1,1
-2.13,0.08321,TATCAACACTGTGATA,A196H E494L,2,2
-2.13,0.01051,ACTGCATAACAAAATT,I274E,1,1
-2.13,0.01906,ATACACCGTTTTCGGG,A93F,1,1
-2.13,0.0225,TTGAAACGTACTTCGA,A425Y,1,2
-2.131,0.02105,AGCACACATGAATTAC,E414W,1,2
-2.132,0.03826,AAGCCATGAAACGGAA,D415Y,1,1
-2.132,0.01685,GCAAAAACGAATGCAA,D101C K472D,2,3
-2.132,0.03425,GAAAACAACACAATGC,P227I,1,1
-2.132,0.01741,ACAAAATCAATTATTC,G362A,1,1
-2.132,0.02039,CTTCTGTTCCATTGTA,P221C,1,1
-2.133,0.02156,GGAGATTCAAGCACAA,,0,0
-2.133,0.06469,TTTACTTAACAAAAAC,I217Q,1,1
-2.133,0.03716,GAGCGAAGTAAACATT,Q356K,1,1
-2.133,0.03337,TAACTTAAATTTTGTA,Q210C K453L,2,2
-2.133,0.02415,AAACATTATAAATCGG,G330A,1,1
-2.134,0.01622,AACCCCTTATAAACTA,P162N,1,1
-2.134,0.03664,AACACCACTAAACCAG,W234S,1,1
-2.135,0.2278,AGCTGATAATGACGTA,E426H,1,2
-2.135,0.0296,ACACAACCCTGCAGAA,R456K,1,1
-2.135,0.01333,GGTAAAAAAGAATCCA,R224C,1,1
-2.135,0.03999,TACGAACAAGCATACC,K189Y,1,1
-2.135,0.03563,ATCAGTACATTCTAAC,T10G,1,1
-2.135,0.05186,TACTTCGCAGTCAAAA,N424S,1,1
-2.135,0.1343,ATCACCTAATGAATTA,P169L K326H,2,2
-2.136,0.03938,CCACCAATACTGAGAG,,0,0
-2.137,0.04328,CAAATTGGCCATCCCA,R299E,1,1
-2.137,0.03062,CGTCACATCATGGTGA,S46N I202L,2,2
-2.138,0.1277,TCATAAAAATATACTT,I300C,1,1
-2.138,0.02554,TTAAGAGTGTGTAAAT,R141M,1,1
-2.138,0.1277,TTTTTACTTTTACCAT,K278R T318R,2,2
-2.138,0.01353,AACACCAGTTAATAGA,H183L,1,1
-2.138,0.03027,TAAGAAACAAAGGACT,L439Q,1,1
-2.138,0.01545,GCAACATAGGTTAATC,,0,0
-2.138,0.05754,ATAAAGTTTCTCTTTC,G23S,1,1
-2.138,0.05754,TAAAATTAAATTAAAC,N464M,1,1
-2.139,0.2094,AATACGGGATTCGCGA,Q371P,1,1
-2.139,0.2094,ATTTGTGAATACAGTT,S247F,1,1
-2.139,0.02137,GCATACGAGAATATCT,N341Q,1,1
-2.14,0.1217,TTGCCAAACTAGTATG,N489I,1,1
-2.14,0.0263,CATTTGAAGACATAAT,H56D,1,1
-2.14,0.04632,CCAAAAGTGGATACTG,L111V G362D,2,2
-2.14,0.08581,AATCATTCCCGGTTGA,G200E,1,1
-2.141,0.008918,ATAAATAGAAAACCCA,D408K,1,2
-2.141,0.06625,AGATATTGGCTTTCTA,D375C,1,1
-2.141,0.03134,AGAACCAAACCAGCAA,G504Y,1,2
-2.141,0.02829,TGATGCATCTTGGTTA,N483I,1,1
-2.142,0.1163,AAGAGAACAAGTGATA,D225C,1,1
-2.142,0.1938,ACAAGATGCCTATAAG,P55K G337S D415N,3,3
-2.142,0.1938,CAAACCCACGCTCCAC,A11C,1,1
-2.142,0.03877,GGACCGATGTAATGAG,D415T,1,1
-2.142,0.05286,TAGGAAGAAAATCTTT,I202S,1,1
-2.143,0.02285,AACTTACAAACCAACT,F332G,1,1
-2.143,0.05181,CTCATTACACAACCAT,N63H,1,2
-2.143,0.06304,ATACTGGTATATTAAA,R222Y,1,1
-2.143,0.06304,GAAATATACCCGCAGA,A365T K468M,2,2
-2.143,0.06304,TAACAGATACAAAGTA,S124L K278E,2,2
-2.143,0.0805,TTGATACAACTCTATG,V204P G275E,2,3
-2.143,0.04324,ACACTGGATCAATCTG,S480Y,1,1
-2.143,0.03291,CTCCGGAAAGATCGCA,T313K,1,1
-2.144,0.1113,AATAAAAAGGTTCAAA,Q197W,1,1
-2.144,0.1113,CGGGACAGCGCTAGGT,K238F,1,1
-2.144,0.1113,GTTTGTGATTGAAGGT,I385H,1,1
-2.144,0.1113,TTAACCGGCAACACAA,,0,1
-2.144,0.0325,CCCAAGACTAAAACTA,T235H,1,1
-2.144,0.03658,ATTTCGGATGGACCGG,I267T,1,1
-2.144,0.04982,TTGCACTACAATCCAT,L244H,1,1
-2.145,0.01373,ATATCGCCCTTCCACC,M462N,1,1
-2.145,0.07581,AATAACCGAGCCACCA,F195S,1,1
-2.145,0.07581,GATCCGAAAGCTCAAA,S95Q,1,1
-2.145,0.01433,ACCTAATAAAAAATAT,N424V,1,1
-2.146,0.04799,GTTCAAGTACTAGTCT,N190A,1,1
-2.146,0.02503,TGATTGTCACAACCCA,G333S,1,1
-2.146,0.02284,GAATTTTATTGTAAAA,Q75K K259S,2,2
-2.147,0.02682,ATTTTACAAAATTAAA,E83W N159L,2,2
-2.147,0.04628,TCCATTCATTATTTAT,K397Q,1,1
-2.147,0.1687,AAATGCCTCGTAAATG,S312D,1,1
-2.147,0.1687,TAAATTACATATAAGA,,0,0
-2.147,0.02019,GGCACCAAAGTACAAT,S145W,1,2
-2.148,0.02345,ACTAAAGAAAATATTG,T135R,1,1
-2.148,0.02134,ATCACGGAGTGAGATC,H184Y,1,1
-2.148,0.02324,CTAAGCGTATAGTGTA,Y178A,1,1
-2.148,0.06971,TATGCACCCACGGAAG,G23S,1,1
-2.149,0.01069,CTGCATTGCCCGAAGC,P227T,1,1
-2.149,0.02826,AACTAATGTTAGCAAA,V413T,1,1
-2.149,0.01115,TTACGCAATTTTGCAG,A69F,1,1
-2.149,0.1584,AAAAAATCCAAACCCT,T206I,1,1
-2.149,0.06789,AACACCTATTCCTAGA,R255W,1,1
-2.149,0.1584,AACGAAAAACTATCTG,T117G F332L,2,2
-2.149,0.1584,ACCTTTATTACTTTCA,T167Y,1,1
-2.149,0.05281,CAGAGTCAAATTGGCA,D493R,1,1
-2.149,0.09505,TAAAGATTTTCAATGC,A113G F258H,2,2
-2.15,0.01515,AACGTGTGAATTTTAA,R255L,1,1
-2.15,0.01087,TCGGTCAACTTTTACT,H488E,1,1
-2.15,0.06617,AGTTCACACCGTTGGA,Q57P,1,1
-2.151,0.04115,GAAAACCATCCGCATT,V406W,1,1
-2.151,0.005171,TACCCTGATCGCTCAA,R109I,1,1
-2.151,0.02987,AACCCCCATTCCGTAA,K131M,1,1
-2.151,0.1493,ACACGAATGCAGAAAC,Y105R E494Y,2,2
-2.151,0.1493,ATCCCAGATATGGTAT,Q211G,1,1
-2.151,0.1493,CTAAGAATTTACTCCC,Y412H,1,1
-2.151,0.02987,GTATAGCAGAAGGTTT,S193T,1,1
-2.151,0.04051,TTCAACCATGCCGATC,T485I,1,1
-2.152,0.02549,ATATGTTTCACACTCA,N483Y,1,1
-2.152,0.04794,ACACTACCCACTAATA,D441A,1,1
-2.152,0.04794,CTGGTGAACTATGACC,R109H A476W,2,2
-2.153,0.08566,CAATTCCATCATGGCT,L154V Q211R,2,2
-2.153,0.03286,TAAGATACTAGTTATC,D375V,1,2
-2.153,0.03871,GTCTTTCAGGCATTAT,D104C,1,1
-2.153,0.1412,TTTAAAACCTTAAAAC,A336S,1,1
-2.153,0.01129,GTTAATATAACTGTAA,Q191A I481V,2,2
-2.153,0.03205,ACTTATAACGACACAA,I217M,1,1
-2.153,0.01541,TAGTGAGTTATTAAAT,D438V,1,1
-2.153,0.01808,ACTAAAGCCTAGTCAT,T318W,1,1
-2.154,0.004017,GAGCCACGCTTACACA,D77R,1,1
-2.154,0.0587,ATGGCCACCTGCCAAA,,0,0
-2.154,0.03653,TTTCGGTTTTACATTA,N464M,1,1
-2.154,0.01914,AACCAGTTAATTAATA,W153Y,1,1
-2.154,0.08037,AGATACATAAGGAGCT,D474A,1,1
-2.154,0.08037,TTTTCCAAAACCAAAT,I236A,1,1
-2.155,0.03019,GCATTGTCTTTAATAA,I418Y,1,1
-2.155,0.07796,TATCCAGATCCCTCCT,T117G,1,1
-2.156,0.05498,CTCACAGACAGTACCC,T318R,1,1
-2.156,0.1274,CTCTTGGAGAAGGCTT,L244W,1,1
-2.156,0.1274,TAAATTCTTATAATCC,,0,0
-2.157,0.03369,CGATCAACCACGTACC,F192E,1,1
-2.157,0.01051,ACTGCTGAGTTGTCGG,K397M,1,1
-2.157,0.0517,ATTGATACTTGTAAAC,P221Q,1,1
-2.158,0.07153,ATTCCCGCAGCACCAT,R299K,1,1
-2.158,0.03203,ATCTACCTCGCACCCA,E432H,1,1
-2.158,0.06962,ACAGTTTGAAATAAAG,Y308H,1,1
-2.158,0.04973,GAAAGTCCATAATGTG,K310Q,1,1
-2.158,0.03164,GCTAGTATAGTCTCAT,V213Q,1,1
-2.158,0.3481,TGTAAACGAGGTAAGC,,0,0
-2.159,0.03126,CGAAGAAGTGACTGAT,S114D,1,1
-2.159,0.03126,CGCAGAACATTGGTTA,L42C,1,1
-2.159,0.0678,AGCCTAAAATATTCAT,V88M K411S,2,2
-2.159,0.0177,AACTTCACTAAACGGA,G16V,1,2
-2.159,0.02203,AGCAATGAGATCGATA,S9C Y161W,2,2
-2.16,0.02166,TCAATAAACGGTACGA,K189P,1,1
-2.16,0.036,TATTAATGCCCACTGT,M462F,1,1
-2.16,0.04619,ATAAAACCTTATAATA,,0,0
-2.16,0.06444,TACACAAATACCCTGA,C281R T388R Q394G,3,3
-2.16,0.1065,CCATTACAATAGAAAA,S198W,1,2
-2.16,0.1065,GTGGTAAAGTAAACAT,R33D,1,1
-2.16,0.1065,TACCACGTATACGCCG,D487F,1,2
-2.161,0.02096,TAATAATAAACTTAGA,L455M,1,1
-2.161,0.307,CATTGTATAGCTAACC,N250S,1,1
-2.162,0.03324,ACACTTGACCGTTCCA,Q191W,1,1
-2.162,0.09846,AGGATAGCTATTAGCT,R222F,1,1
-2.162,0.008712,CGGGAACTTGATATAT,I267T E414L,2,2
-2.163,0.05734,ATGTAAAAAAAAAAGT,,0,0
-2.163,0.01059,GACAAAGGAATCCAGC,V323E,1,1
-2.163,0.03983,AAAAAGCTTACTTATC,T167D,1,1
-2.163,0.03087,AACATGTACATTCAAT,D104G E484K,2,2
-2.163,0.009574,TATTTCCTTATATTGC,N341S,1,1
-2.164,0.05378,ACTTCCTTTAATGGAT,A11D Q327* Q356M,3,3
-2.164,0.03808,GTAAGTATAACTTGGA,V43I T328K,2,2
-2.164,0.08842,AAATTCTTGATAGTGT,Y423H,1,1
-2.164,0.0527,TTACAAAAACCATAAC,N38F,1,1
-2.164,0.009074,ACTGTGAGAAGACTCA,,0,0
-2.165,0.01667,CCCACAACCTTAACAG,Y100T,1,2
-2.165,0.03548,AAACCATACCTGATAC,K450I,1,1
-2.165,0.2484,CTAAAAAGATTCATAA,S124D,1,1
-2.166,0.08024,AACATGCACTACCCAC,,0,0
-2.166,0.02146,GAAACTCGACGCCCAC,T235Q,1,1
-2.166,0.03365,GTAAAACCCGGATCAA,D175S E396Q,2,2
-2.166,0.07784,GAAAACCTTAACAATA,T65V,1,1
-2.166,0.02595,TAGTTACTCACACATC,E457I,1,1
-2.166,0.04615,GATAAACATCAGTTTA,D241N,1,2
-2.167,0.07558,AATGACTAACGCTGAA,R208E,1,1
-2.167,0.04457,CTGACTTGTGACATGA,S110V,1,1
-2.167,0.04457,GAACCCTCAACCCCAT,K503V,1,1
-2.168,0.07143,ACGTTAACCTTCACAA,G49D T451C,2,2
-2.168,0.02979,GTGGCGGACCTACCTT,L316F,1,1
-2.168,0.02297,GATAATAATCGGGATT,Y412R,1,1
-2.168,0.04105,AGTATGCATCTAACAT,,0,0
-2.169,0.0398,GTAAATAAAGCATATC,D225K E457N,2,2
-2.169,0.02788,AGTACGCAGCTAACAT,V213F,1,1
-2.169,0.1931,ATGTTATAAACTGAAA,G49V,1,1
-2.169,0.1931,TAACATAGATAATTTG,N152L,1,1
-2.169,0.1931,TAATTAACACAATCAA,S378D,1,1
-2.169,0.02729,AAAGTTATAAAGATTT,V213N,1,1
-2.169,0.0375,CAAAAAAGCACTTTGA,S378K,1,1
-2.169,0.0375,TTTCAAGGTACAGCCG,S95M K450A,2,2
-2.17,0.06133,GCCCTAAAATACCTGT,T12E,1,2
-2.17,0.1797,AACATGATCAAAATAA,S199N K278C,2,2
-2.17,0.05991,TATATGAGTAACTACC,S193Y,1,1
-2.17,0.03546,GGGATCCTACGTCTAA,E403L,1,1
-2.17,0.01952,AAGATTCTCTACTCAG,I395D,1,1
-2.171,0.03407,GACTAGAATAGTTACC,D291S,1,1
-2.171,0.05604,GATTTAATATTAAAAA,N382S,1,2
-2.171,0.1681,GGCGTTACTTACGATA,N475F,1,1
-2.171,0.006213,GGGACGCTTGTCGTTA,R229S,1,1
-2.171,0.05264,GTCCAACAATAAGATA,N464M,1,1
-2.171,0.1579,TACCTAACACAAGTAC,D461M,1,1
-2.171,0.1579,TGTAAAAAACAAAACT,N126V G504K,2,2
-2.172,0.03121,TGTGTTGACAGAACCA,R299K,1,1
-2.172,0.0218,AGCGCGCAAATGGAAT,L431S,1,1
-2.172,0.1489,TGAAACTGTCTAGGGT,S205V,1,1
-2.173,0.1408,GAGTACTAATCCTACA,,0,0
-2.173,0.1336,AACCAGTCCTTTTTGC,D408C,1,1
-2.173,0.1336,GAGCGAAATTAATCAA,V406A,1,1
-2.173,0.04378,ACCGAAATATCTTATT,S96D,1,1
-2.174,0.04236,GTTATTAGCAGTCACA,,0,0
-2.174,0.1212,AGATAATATTTAAAAT,L118I R269F,2,2
-2.174,0.03977,AAAAACGTACCCAAGG,R33T D474N,2,2
-2.175,0.01032,ACAAAACCGAAAGTCA,I226V,1,1
-2.175,0.1108,ATCATAAACTATTATA,L428H,1,1
-2.176,0.03318,TATTAAAGTCCAACCT,L427E,1,1
-2.176,0.0136,CTCAACCCAAAAACGA,N341R,1,1
-2.176,0.0947,AAACTACTATGAACAT,Q376R,1,1
-2.176,0.0947,GTATTCCAGCATGGAC,T416G,1,1
-2.176,0.01332,ATGATTCGAATTTCCC,K292L,1,1
-2.176,0.08827,AAGACACAATACGAAG,,0,0
-2.177,0.08537,CAATTATCCTAGCTCT,G465A,1,1
-2.177,0.08537,CACAGAACCTACCAGT,S124K N290D,2,2
-2.177,0.08266,AAAAATTTCTACATTA,T203D,1,1
-2.177,0.08266,TTCTACTGTACAGCAT,D487S,1,1
-2.177,0.02698,CAGATTCAAAAAGCCA,D101H,1,1
-2.177,0.0112,TGGTTAACCGGACACC,G463L,1,1
-2.177,0.07547,TGCCGGATGTATACAG,Q75H E83D,2,2
-2.177,0.01501,CCCTCAACACAGAGTC,S193T,1,1
-2.178,0.06943,TTGTTAAGTACCTATA,T313A,1,1
-2.178,0.02274,TAATGAAGTCCAAGAT,I502M,1,1
-2.178,0.06591,GCTTGATCCTAGACAG,T485Y,1,1
-2.178,0.06428,AGCGTTTTCCATGGAA,E119R,1,1
-2.178,0.06428,GCTAATCGACTTCCTT,L428C,1,1
-2.178,0.0585,AGTATTTTAAATGAAA,A372Y,1,1
-2.179,0.01134,CCATAAGTTAAGTTTT,N158I,1,2
-2.179,0.0188,GTAATATATACATACG,K397S,1,1
-2.179,0.05598,CTCGGAAAATACAGAA,T37V T235M,2,2
-2.179,0.05598,GCCTATATTTCATCCA,S422G,1,1
-2.179,0.05598,TAAGAATATAGTGAAA,T117G N498G,2,2
-2.179,0.0184,ACGATACCTTCATGAG,L431M D438Y,2,2
-2.179,0.0548,TTGAAAAAAATGCAAC,E41Q,1,1
-2.179,0.04958,AGACCAAGAGCACTCG,V130A,1,1
-2.179,0.04302,ACTGTCAACAAAAATA,S219C,1,1
-2.18,0.0364,ACCCCAGCTCCTTTTT,I236Y,1,1
-2.18,0.0364,TACACTTAACACCACA,I236K,1,1
-2.18,0.0359,GTGAAAACTAATAGCG,A196L E403K,2,2
-2.18,0.03494,AGGTATAAAACACTAA,H184E,1,2
-2.18,0.03447,AATATTTTGTACTCTT,H355S,1,1
-2.18,0.03447,TATACCACTTCTTTGG,T65E,1,1
-2.18,0.03044,TCATTGGCGCAATCGG,L86T,1,1
-2.181,0.02754,TTTGAAATTCGCGAAT,G62L,1,1
-2.181,0.0201,TAACCTTCATGGCGAC,R255I,1,1
-2.181,0.006665,GACAATAAAAAATTAA,Q173M Q371H,2,2
-2.182,0.01139,CCAATTTCGACATAAC,S146W,1,1
-2.183,0.006874,TAGATTATACGTTCAG,P227F,1,1
-2.184,0.01526,ACTCCCCCAATCTAAT,T313Y,1,1
-2.184,0.01641,AAGTACTAATACACAG,F192K,1,1
-2.184,0.02177,ATGAGCGTGCCAGCCT,D487P,1,1
-2.184,0.008017,ATATAAAGTCAACCCA,D225M,1,1
-2.184,0.02843,CAATTGAAAAAAGTAA,E325W,1,1
-2.185,0.03042,TGAACATTCAGCTAAC,E172L,1,1
-2.185,0.01201,ATAAATGGTACCTCTC,G78V K82H A430D,3,3
-2.185,0.03689,AATTAACATACGAAGA,Q434M,1,1
-2.185,0.03742,TTTTAGTTATGACACC,S270T,1,1
-2.185,0.04299,TGAAGTCCATGAGACT,,0,0
-2.186,0.0505,TGCTAGTTAACGTAAA,R229G K397L,2,2
-2.186,0.05253,GTTTAGGAATGCAAGA,E414K,1,2
-2.186,0.05362,TAATAGCTCTAGATTG,S96E,1,1
-2.186,0.05362,TTACTTACCAAAGACA,S110W,1,2
-2.186,0.01864,CTCACCACACTGGTCG,T40N,1,1
-2.187,0.06118,AAATACTGAGCAAAAA,D487M,1,1
-2.187,0.009045,CCAAGTACAGCGGATA,R255W,1,1
-2.187,0.01297,GAATCCAGAGAATCGG,G379L,1,1
-2.187,0.06933,ATTAAGTGGTATAATA,E414C,1,1
-2.187,0.06933,TCAGTCGCCGAGTTAT,G330W,1,1
-2.188,0.07324,TAGCGTTCCAAAAAGG,I418A,1,1
-2.188,0.02537,CTCGATAAACGGAAAT,K131L I300W,2,2
-2.188,0.02841,ATAATCAAATATGCTT,N464K,1,1
-2.188,0.01223,ACAAGTAGAATCAAAC,R456N,1,1
-2.19,0.1019,AAAAAACTGTGGAAAC,A365T L427I,2,2
-2.19,0.1019,TATAACCAAGTAAATC,K189R E432H,2,2
-2.19,0.01253,GGATAGATAAGAAAAA,S145Y,1,1
-2.191,0.01371,TTTATCAAATCTAATA,R224K,1,1
-2.191,0.04225,CAACCTATTAGATAGA,L420C,1,1
-2.191,0.02612,CAATCTTCGCTTTACA,P221Q,1,1
-2.192,0.04367,AAAAAAGAGTTACACC,A425W,1,1
-2.192,0.02665,AGTGAGAGCATGATTT,I3Q N159K,2,2
-2.192,0.1333,AGTCAAACAAATTTTT,Q164V,1,1
-2.192,0.01961,GAAAATTGATTTAACA,S96H,1,1
-2.193,0.1485,GCTGTTAGTACCATAC,V406E,1,1
-2.193,0.02138,CTTAAAACTTTGTGGT,R299A,1,1
-2.193,0.05144,TTAACTGAATAGACGG,T10P,1,1
-2.193,0.006223,CGACCCCATCAGAGTG,N341E,1,1
-2.194,0.05469,ACAGATATATCGATAA,N165D,1,1
-2.194,0.1676,AGCATTTAATACTTGG,I48F R299F,2,2
-2.194,0.1676,GACCTAAACTCTACCT,,0,0
-2.194,0.01122,ACAGCGTCTTCACTCC,T318Y,1,1
-2.196,0.1924,ATAAAAGCCAGTGATT,V223C R361S,2,2
-2.197,0.02901,TCTCAAGATTTAACTA,V130M,1,1
-2.197,0.01378,GAAGATTTTCCAACAC,R224G,1,1
-2.197,0.2077,AACGTCTAGTATAACT,E432S,1,1
-2.197,0.2077,ATTAGAATATCTATTC,L111W,1,1
-2.197,0.04155,CACGTACGTACTTATG,,0,0
-2.197,0.2077,TGTGGACCTGACCAAA,T318G,1,1
-2.197,0.07114,AATAATTACCCAGCCC,N290P,1,1
-2.197,0.01431,CAATTAAAACAACCTT,S156F,1,1
-2.198,0.03109,TCCAGATAACTAGATA,D415A K450N,2,2
-2.198,0.0199,GCCAGATTAAACACGA,T313G,1,1
-2.198,0.02005,GATACACAGGAAACTA,E401F,1,1
-2.198,0.07525,CAGCAGAACCAGAACC,L496R,1,1
-2.199,0.07749,CAGGCTCGACAAGAAC,N250Y,1,1
-2.199,0.02119,AATCATCCCACAAGGT,H18Q,1,1
-2.199,0.01822,AGACTAACCTTTAATA,Q211D,1,1
-2.199,0.07987,ACTTAACACTAGAAGA,K397F,1,1
-2.199,0.0269,AAGAAAAAATCCCGCT,G129V,1,1
-2.2,0.0851,CATTATTATCGGAAAT,T235L,1,1
-2.2,0.0851,GGCGACAATGCCATAT,V213N,1,1
-2.2,0.05139,CTCAAAAACTTCCTCA,N341E,1,1
-2.201,0.08797,GGGCCAGCGGTTGGGG,A39C,1,1
-2.201,0.05463,CATAAATAGAGTCGAG,L108V,1,1
-2.202,0.005248,TAGTCACAGTCCAACA,E390D F392T,2,2
-2.202,0.0186,GGTTTAAAGCGGGGTA,T416F,1,1
-2.202,0.04086,TCTGTGTCGTAAAATA,G200Q,1,1
-2.202,0.007042,CATATAAGTCTCAGAA,H355C,1,1
-2.203,0.0979,AACGTAAGAAAAAACC,A476W,1,1
-2.204,0.3052,AATATGAATTGCACAT,S228A,1,1
-2.204,0.1017,GACATAATACCAACAA,N483C,1,1
-2.204,0.06251,GCTCCTTATTACCTAT,Q191H,1,1
-2.204,0.03482,CTGTGTGAATTGCATT,R255T,1,1
-2.204,0.1059,AACTAATTATGTGATT,I67T,1,1
-2.204,0.1059,GGGTCGTCAATACATT,A212D,1,2
-2.205,0.04591,TCAATACAGTTCATCC,Y423H,1,1
-2.205,0.009314,AAATCTGCATTTGAGG,F500L,1,1
-2.205,0.04673,TTTCAAAAGAAAACCA,I217K,1,1
-2.205,0.06566,TGCTCTCTCTTTGTTT,P221C,1,3
-2.206,0.06736,ATTAAATTCGAGATTA,K326R D408N Y423H,3,3
-2.206,0.04847,TAAGATGCTCAGAAAA,Q454G,1,1
-2.206,0.04847,TTAGAAACACCCCGAC,I437C,1,1
-2.206,0.03143,AATGCTTTAACTTTTC,F448N,1,1
-2.206,0.3458,CATAAATACCGTCTAT,F332V,1,1
-2.206,0.1153,CTGACCCTATATACCC,T30I,1,1
-2.207,0.02412,GGGCATAACTGATTGT,P227F,1,1
-2.208,0.07304,CATACCCGTTTTCAGC,D77T,1,1
-2.208,0.05238,CCCCACAAGTATGATA,Q407C,1,1
-2.208,0.007056,AAATCGTTAATACCAA,R150C,1,1
-2.208,0.07514,CATACTAGATAAAGAA,N296Q,1,1
-2.208,0.07514,CATTCAGAACAAACCA,N298W,1,1
-2.208,0.07514,GAATATTCGAATTGAT,D461Q,1,1
-2.208,0.013,CTAAATTGATAGAACA,F258V,1,1
-2.21,0.02065,TAACAAAAAAAAATAA,N190I,1,1
-2.21,0.04507,TCTTATCTGTATGCGA,E410R,1,1
-2.21,0.01625,CATGCAATAGTAAAAG,K468C,1,1
-2.211,0.006063,AGTTCTGAACCTCAGG,I260N,1,2
-2.211,0.04669,AATAAACGAAGTAGCT,H18R,1,1
-2.211,0.1401,CACGCGACTGTTCAAC,T328L,1,1
-2.212,0.08496,AATCAACCAATTCTAC,S143W,1,1
-2.212,0.02832,GGCACGATAGAAGAGT,N489S,1,1
-2.212,0.02832,TATATGTTAAACCTAA,R33N,1,1
-2.212,0.02553,AATAACGCCAACAAAC,A334S,1,1
-2.213,0.006359,AGGTAATCCCCTTTTA,F195A K503N,2,2
-2.213,0.08783,TCTAATCACTCAAACT,P4M I236T,2,2
-2.213,0.06397,ACTAAATGAGTATAGA,H18K,1,1
-2.214,0.0503,TATTGGACACCAAGAC,E432F,1,1
-2.214,0.01389,GCTGAACGGTCCAAGA,A365T,1,1
-2.214,0.06558,TTCAGAGCAACCCACC,K189N P289L,2,2
-2.214,0.04212,ATACTTCATAGATGTC,A459S,1,1
-2.215,0.01412,TAAACAACAACCACCA,N159I,1,1
-2.215,0.157,GAACTTATCTAAACCA,Y161M,1,1
-2.215,0.09419,GTTGCCTTAATCCAAT,R261P L381V,2,2
-2.215,0.05233,ATGGTGCCCGAGATTC,L42V,1,1
-2.216,0.02527,TACCAATGGGAGGAAA,E403G,1,1
-2.216,0.02862,CCATTAAACGCACTGA,T12M L157P K276E,3,3
-2.216,0.03781,TCACAATGAAAAGTCA,F174S,1,1
-2.217,0.01419,AATGACACATTATGCA,W127L,1,1
-2.217,0.07095,ACTCTAGTAAGAACAC,E401W,1,1
-2.217,0.07095,CTTCCACCTTAAACAT,Y161I,1,1
-2.217,0.1671,TAATTAATAACTTAAC,K417N D419V,2,2
-2.217,0.02185,GCTCTTGAAACATCCT,E403R,1,1
-2.217,0.1015,TTAATCAATCTTTGAG,S96V G249C,2,2
-2.218,0.07294,GTGAACAGCCAGCAAA,R354I,1,1
-2.218,0.07294,TAACACCATCACACTT,K140H,1,1
-2.218,0.07294,TATAAAACATATGACC,K292Q,1,1
-2.218,0.05691,CTGTCAGTGCAGGATA,S358D,1,1
-2.218,0.05691,GTCCTATAGTGAATTG,S198P V204L,2,3
-2.218,0.04665,GAAGTTCTAAAACCGT,,0,0
-2.218,0.007718,CTCTCGCCAAGTGCCT,E359H,1,2
-2.218,0.01331,TTAAAACTTGCCCAAT,E457W,1,1
-2.219,0.07504,GACACCTCAACGTACG,G129S,1,2
-2.219,0.1057,GACAGTTAGTAGCCTT,,0,0
-2.219,0.1785,CAGCCAACCACCCCTT,,0,0
-2.219,0.1785,CTAATTTGCCCGTATT,F125I,1,1
-2.219,0.0145,ACTAAAACCCGGTCAC,D225G,1,1
-2.22,0.07727,TTAATAAATCTTTCAA,I236W,1,1
-2.22,0.0493,CATCCCCCTTGAAAAC,H435Q,1,1
-2.22,0.0362,AAATTATAAAACAAAT,M268C,1,1
-2.22,0.1101,CAACTCCCACAACTTG,N22W,1,1
-2.22,0.1101,TAAACCATAGTAGCTA,K397A,1,1
-2.22,0.05026,TTTGAATTACGAGGAG,T318C,1,1
-2.221,0.01059,TACACACTATAAATAG,Y257T,1,1
-2.221,0.006802,AGGGTGCACATACAGC,H56P,1,1
-2.221,0.04349,ATCACCAGCTGGCATA,G360S,1,1
-2.222,0.115,CGAATGTGGGTAAAAA,S156F,1,1
-2.222,0.115,GCCTGCAAAACGACCT,G404D,1,1
-2.223,0.05335,ATGGCCCAGGAATAAA,I160P,1,1
-2.223,0.01509,AATAGCTTATGAGTAG,Q407C T485S,2,2
-2.223,0.01518,ATAAGTCAACAACAAA,N31T,1,1
-2.223,0.08483,GAGTTTTAATGATGAT,D271K,1,1
-2.224,0.04011,CTTCAAACAAGGAAAC,E35D,1,1
-2.224,0.1203,AAAGGTATGAAATCTG,Q57E,1,1
-2.224,0.02078,GTTTGTACTTCAAAAC,P162H,1,1
-2.224,0.007876,ATAGTCCCCACTAGAC,I377T,1,1
-2.225,0.08769,TCTAAAAAATTTATAA,Q197W,1,1
-2.225,0.03669,AGACGAGTAAAACTGA,A138G,1,1
-2.225,0.03669,TCACAAGGATGCTAAC,R109S,1,1
-2.226,0.1262,TGGCCCCCACCTCCCC,S205W,1,1
-2.226,0.009457,GACTAAAAACAGTTAC,F147M,1,1
-2.226,0.07085,GAGAAAGTGGTATTTC,,0,0
-2.226,0.05812,TAATACATATCATTAA,Q80R,1,1
-2.227,0.03831,TTACTGCTTTCAGGTA,Q197F,1,1
-2.227,0.05944,CTGCGAGGTTGAAAGA,,0,0
-2.228,0.09403,ACATAATCTGATGAAT,S219C,1,1
-2.228,0.03471,ACTGTAATCTGAGTGA,S422C,1,1
-2.228,0.01789,TTCACATTACTAAGAT,A317S,1,1
-2.228,0.0512,CAATCACACACGAAAA,H18K,1,1
-2.228,0.03172,TACGTATCTGCCGTCA,D225C,1,1
-2.229,0.2248,ATATTCCCAGGATATT,W234T,1,1
-2.229,0.2248,TACTAAACTTACATTA,D291Q,1,1
-2.229,0.03566,CTACCCTGAAAACAGG,T416F,1,1
-2.229,0.01329,TCTATCAAATTAGAAT,D415V,1,1
-2.229,0.02522,TTCTCTTATGTTCACT,D348W,1,1
-2.23,0.02989,GTTCGGACAAAGAGCA,L177I,1,1
-2.23,0.02093,GATCATAAAAACATCT,A69L R201V,2,2
-2.23,0.01309,CAAGGTTTGTACCGGA,G330A,1,1
-2.231,0.1014,TACCGAGCTATGCTGA,D487R,1,1
-2.231,0.03378,TATCAACCTTTAAAGA,K238I K452G,2,4
-2.231,0.1014,TTCCACGGGCAGCCAG,,0,0
-2.231,0.02856,ATCGACATATATACTC,M462D,1,1
-2.232,0.01088,AACATACAACCGGTCA,N424F,1,1
-2.233,0.03885,AAGAAATCCAACTATC,P4L S156D,2,3
-2.233,0.1476,ACGCAAACACATTAAT,,0,0
-2.233,0.03885,ACGCTTCTAAGAACAA,Q57G L111Q,2,2
-2.233,0.1476,AGAGAATACAGACTCA,L431N,1,1
-2.233,0.2461,AGGAAAAAATCTAACA,T485S,1,1
-2.233,0.2461,CTTAAAATAGAATATT,,0,0
-2.233,0.02381,TAGAATAAAGCTACAA,P221W,1,1
-2.233,0.1476,TCTGTTTTTCTAGACA,K131V,1,1
-2.233,0.08203,AAGAGCACGTTCGCCT,S110P,1,1
-2.233,0.1055,TATTTATACTGACCGA,R109L,1,1
-2.234,0.01542,TGATTAACAGTCCAGA,K2I,1,1
-2.234,0.06889,AAACGTAAAAATACAA,S96L,1,1
-2.234,0.06889,GATACCAACTTATATA,M168T,1,1
-2.234,0.06889,GCATCCTCTGAAACGA,S149W,1,1
-2.235,0.0847,AGCCTGACAGATTATA,V406W,1,1
-2.235,0.01879,AGCACTACACCACACA,I481V,1,1
-2.236,0.01892,ATTAATTTCAACTCAA,T30H V413M,2,3
-2.237,0.01489,TACCGAATATCCAGTC,K292Y,1,1
-2.238,0.04738,TGTTAATAACTCACAA,N6T Y470L,2,2
-2.238,0.01415,TCTTCAATAACACTCA,P169W,1,1
-2.238,0.06222,ACTTAGAATAATAGTA,,0,0
-2.238,0.06222,TGCGAAAAACTTAACA,L431A,1,1
-2.238,0.04268,ATAAAATATAAAAGCT,I395D,1,1
-2.239,0.04826,ATTATACCCCACATAT,Q211E K238N,2,2
-2.239,0.06375,AGAATCGACCTTACTC,T65R F448V,2,2
-2.239,0.1666,AAAAAGATCCAGTAGA,E443C,1,1
-2.239,0.02379,TGCAAATAACTTTGGC,S146V,1,1
-2.239,0.1666,TTAATACAGTATGCAA,I288A,1,1
-2.24,0.01083,GCATTAAGACCCAGCT,Q501F,1,1
-2.24,0.03092,ATAGTGCGTCAAAACT,E426L,1,1
-2.24,0.02041,CTGCAATTCGCAACAA,V429C,1,1
-2.24,0.0125,ATATTTCTAAACGGTC,S156Y,1,2
-2.24,0.04413,AAGAAAGGTAATTTCC,Q173A,1,1
-2.24,0.04413,ACAAGCGCCTAACACG,T187I,1,1
-2.24,0.03129,TAACCGAATGACAAAT,P215Q,1,1
-2.24,0.07705,ACAAACATCAATTTAG,R456V,1,1
-2.241,0.06535,AAATTCTGCGGTGCCA,N250A,1,1
-2.241,0.01307,ACTACAATCACTATTT,R150C,1,1
-2.241,0.05673,CGAGCCCAGATGGAGC,,0,0
-2.241,0.05012,TAGGCAACGTTACCAA,V166R,1,1
-2.241,0.01355,CAATTCATTGAACGCA,E414K,1,2
-2.241,0.04065,CAGCGAAACATAAAAT,A69N,1,1
-2.242,0.0279,CAGACAAAGATCAAAA,,0,0
-2.242,0.04568,GATCTGAGTCGCCCAA,Q191K T440C,2,3
-2.242,0.04568,TCAAAAACGAAGTCGA,D348T,1,1
-2.242,0.01198,GTGATCTAATGTACTC,I267C,1,1
-2.242,0.0282,GTACTTCAAGTCACGA,M168C,1,1
-2.242,0.09738,CTTAAGACTTAATCAT,R456V,1,1
-2.243,0.1779,AAAGTCCATTACTGAT,N445D,1,2
-2.243,0.03559,ATATGAAAAAAATGAT,I29G,1,1
-2.243,0.01977,CCTGACTATACTTATA,E426L,1,1
-2.244,0.04734,AAAGATAGTCAGTAGT,E401K Q501I,2,5
-2.244,0.04734,TTAGAGTGCTCAGTTA,T65E H488D,2,2
-2.244,0.0819,ACAAAAACAAACAAAC,D487A,1,1
-2.244,0.05319,CCTAAGCTTTATAAGG,D366H,1,1
-2.244,0.03939,GCTAAACCCAAAGTAT,H183L,1,1
-2.245,0.0607,ATCATCCCGCAATTAT,Q197H K292N,2,2
-2.245,0.02759,CAACTTTTTTTAGGCA,S95L L428W,2,2
-2.245,0.0607,CCGGACTAGAATCAAC,N38Q D375C,2,2
-2.245,0.3035,GACAGACACCATGGAC,R224D,1,4
-2.245,0.02469,TGTCACTGAAACTCCA,S209D,1,1
-2.245,0.01947,CCTCTACTGCAATCTA,S110D K326D,2,2
-2.245,0.04822,AAAGAATATCTGATAT,,0,0
-2.245,0.04822,ATTAATTAGCTTCGCA,H184K,1,1
-2.246,0.0543,ATCAGAATAGAAATAA,I395H,1,1
-2.246,0.1323,ATCCTATTGCCATTTA,G49C,1,1
-2.246,0.1323,TAAATTAAGATATCAA,I300Q,1,1
-2.246,0.01627,TAAGGATCAAATATAG,F174L,1,1
-2.246,0.08457,TGCGTATTCCTACGCC,F258V,1,1
-2.247,0.05546,CTGATAAGCAAAACTA,R33V G78P,2,3
-2.247,0.1053,ATCGATTACCAATCGA,P162Q,1,1
-2.247,0.02881,AAGAATGAGCAACTCA,I29L,1,1
-2.248,0.05007,AACACGCTTCCTGCCT,D104C,1,1
-2.248,0.191,ATAACCGCGCCTTAAC,Q376D,1,1
-2.248,0.191,TAAATGAGCATAAAGA,T10L,1,1
-2.248,0.191,TGCTTTACCCCTCTAT,G218Y K417Q,2,2
-2.248,0.08741,GAAGGTAAAAAACAAT,K397H,1,1
-2.248,0.004702,CAAAATGGAACAATCA,L244I N475V,2,3
-2.249,0.07473,GAAATAACATGATTTG,D271M,1,1
-2.249,0.07473,TAACTTATACCCCAAA,R361K,1,1
-2.25,0.01626,ACACTTGCACCACGGA,Y105R,1,1
-2.25,0.003254,TATTACTATTAACCGA,G240W,1,1
-2.251,0.01231,AATAGCAGTATCTGCT,M462S,1,1
-2.251,0.02699,AATAAAAAACTCACAT,V406H,1,1
-2.251,0.0346,ATCATTCTACCCAAGA,Q371N,1,1
-2.251,0.06695,AAATTATCGTTGATTC,,0,0
-2.251,0.01975,TAATATTTAATATTAT,E432Q,1,1
-2.251,0.05925,GCTATAACTCCAATTT,I437C,1,1
-2.251,0.0259,ATCATTAGACAATGAA,Q311G,1,1
-2.252,0.0207,CAGCTAACTCCATCCT,E457G,1,1
-2.252,0.01861,AAAGCAAATTCAACGA,E443A,1,1
-2.253,0.04123,GGAAACACTGGTACAG,,0,0
-2.253,0.07929,ACAATTAAAACATATC,R229G,1,1
-2.253,0.2062,CAAAATATTACCCAGC,S110I,1,1
-2.253,0.2062,CCAAAGTGATTGAGTC,S137D,1,1
-2.253,0.03124,CCAGAAGTGCGAGCCA,R456K,1,1
-2.253,0.04482,CTTAAAGCCTCGTTAA,S156Y,1,1
-2.253,0.05425,GAATATCTGATTGTGA,Y161L H435Y,2,2
-2.253,0.1145,GACTTTTATTGATATA,M168C G379Q,2,2
-2.253,0.2062,GATCCGTCTACCAATC,,0,0
-2.253,0.09371,GTTCTCATTCGGTTTA,R220I,1,1
-2.253,0.1145,TAAATAAATGAATATT,W127Y,1,1
-2.253,0.06063,TTAAGCCCGAAGGACA,T206L,1,1
-2.253,0.0065,CATGAGAATATTACAC,N165T,1,1
-2.253,0.01759,GCTCGTATAACTACTA,G62F T135L,2,2
-2.254,0.03875,AAAGAAATGTAACAGA,K207S E410K,2,2
-2.254,0.03875,ATTCTAACTTATATAA,F338L,1,1
-2.254,0.003884,AATTTGATGCACCACG,S422E,1,1
-2.255,0.06208,ATTCCCAAACAAATTG,F332M,1,1
-2.255,0.03933,CCAGCAAGCCCGAGCT,Q132D,1,1
-2.255,0.08178,AAACCTAACCTGAAAA,D415H,1,1
-2.255,0.04258,CTTACAACTGCCCTTG,E35T,1,1
-2.255,0.0324,GCAAAATCTAATAGAA,D73I,1,1
-2.256,0.05661,TCGCGGGGACAATTTA,D60I,1,1
-2.256,0.1198,TCTGATTAATATCTGT,D408N S422T,2,3
-2.257,0.07255,TACCGGTGAAAACATT,L427A,1,2
-2.257,0.01024,GCCCCAATTGTTCACT,,0,0
-2.257,0.08444,GTAACTCGATTGCTGA,,0,0
-2.257,0.08444,TCTTAGAGATATGCTT,T248S,1,1
-2.257,0.08444,TGAGCCCAACCGTTGC,D348E,1,2
-2.257,0.02441,AACTGAATATTATCAA,P103L,1,1
-2.257,0.009085,CTTATAAGTCATAACA,R90T,1,1
-2.257,0.05787,TAAATACGTGAGAAGA,D175F G404D,2,2
-2.258,0.06519,TGTAAACCCAATAACG,D225G,1,1
-2.258,0.01566,TTCCAACCACCTAATT,E414R,1,1
-2.259,0.2239,AAACTATAAGATCAAA,N159E,1,2
-2.259,0.2239,AGAAATAGGCATACCG,V237I,1,2
-2.26,0.04187,AATTGCATAATAATAA,P239I,1,1
-2.26,0.08727,AAAACCTTATACAATT,D188R,1,1
-2.26,0.08727,AAACTATACCCTACGT,E398K,1,2
-2.26,0.06687,CCCCGGTCATTCAATA,S247F,1,1
-2.261,0.07684,CAACCCAACGTAAGCC,F125T,1,1
-2.262,0.02976,ACAAGAAACACTAACC,D441A,1,1
-2.262,0.02372,CAAGCTTGCAATTCAA,A163T K450W,2,2
-2.262,0.1661,CACCTTAATAAACAAA,A425C,1,1
-2.262,0.0903,AGTATTTGACACCACC,,0,0
-2.262,0.0903,TTTAGCATCCAGCAAA,E35Q V297M,2,2
-2.263,0.06201,GCCATATAAGCTAAGA,,0,1
-2.263,0.02228,TAGAAAGGACATCCAT,T318Y,1,1
-2.263,0.02154,GTTACACCTTTGCGTT,L13V,1,1
-2.263,0.132,CTCATTTCAAACCAGA,R456L,1,2
-2.264,0.05198,ACGCGGAGGAATAAAA,N498M,1,1
-2.264,0.0705,ATATTAATCTGGTGGA,A93V D474E,2,2
-2.265,0.1095,CACTTTACAATTCACA,K326D,1,1
-2.265,0.06353,GATTAATCTTAAGCTT,D487R,1,1
-2.265,0.09355,AGAGCCATAACAGTCT,D438M,1,1
-2.265,0.09355,ATAGCTCCTAGATCCC,Y105H L151M,2,2
-2.265,0.01023,GCTTATATGTAACAAA,T12N,1,1
-2.266,0.05304,GCATACACATTACCGA,A373M,1,1
-2.266,0.245,CATTTTGTCTTCATTA,S54I,1,1
-2.266,0.245,GCACAGAGACTATAGA,E449A,1,1
-2.266,0.049,GGGCTTATACTTTATA,F332M,1,1
-2.266,0.04553,AATAACAAGGAAGTCA,K450Y N475D,2,3
-2.267,0.01564,GGGGAGAGGCAGATAA,Y491W,1,1
-2.267,0.06512,AATCCTATAAATACCT,F125M,1,1
-2.267,0.021,AACAAAAATTATGATC,,0,0
-2.267,0.1774,GCGCAATTAGCTGTAA,H18T Q80N,2,2
-2.267,0.05913,TGAGCCCATATTAAAT,,0,1
-2.267,0.04994,TTAAGATATTTAATGA,D271N,1,1
-2.268,0.139,AAGTCCAACCTCCCCA,T203C,1,1
-2.268,0.09704,AGAGAGCTTAACCTAT,A430Y,1,2
-2.268,0.01941,GAATATAAGGTAACAA,S156C,1,1
-2.269,0.07454,AGCGTAATAATAATTT,D348F,1,1
-2.269,0.06051,GGCGATATCTATATTT,W84Y,1,1
-2.269,0.06051,TAAGATCGAGTAACCA,K380C,1,1
-2.269,0.06051,TTGAGAACTGAAATAT,N475H,1,1
-2.269,0.01433,CTAATCGCAATGCACC,I245F,1,1
-2.269,0.03452,TAGAAATGGATACGTT,,0,0
-2.269,0.03117,ATATCCACGAACGATA,E83F E410K,2,2
-2.269,0.03117,GTCCCGCTCTACTAAG,E35H,1,1
-2.27,0.006706,ACCAATACTCATGCAA,S247L,1,1
-2.271,0.04805,GCTAAAACAATTATGA,H435Y,1,1
-2.271,0.007357,TAGCGTCAAAACGCTG,L111W,1,2
-2.271,0.07674,TGCAATCACTCTGTAT,M462L,1,1
-2.272,0.03193,GCCCAATAGCTACAAG,E41Q,1,1
-2.272,0.1008,AGACGATCCAATGACC,N341Q,1,1
-2.272,0.02082,ATAAGTGGCACATGCA,T187L,1,1
-2.272,0.02226,TATAAAATGGTATAGC,L428E N489C,2,2
-2.272,0.1469,TAAAACCCTCAAAGCC,L42I,1,1
-2.272,0.1469,TATCCTCAGACTCTCT,D348M,1,2
-2.272,0.04896,TGAGTTCACAATGCAA,Q191K,1,1
-2.272,0.02169,ATATTAATAAAATAAG,E414T,1,1
-2.273,0.06346,CCACGACTTGTTCAAT,,0,0
-2.273,0.07041,AAGTACACAACAGCTA,,0,0
-2.274,0.02,ATATATAAAAAATGAA,T235I,1,1
-2.274,0.07907,AAAAAAATTGAAACAA,,0,0
-2.274,0.008277,CTTCCAGCCGACGCTA,T65C,1,1
-2.274,0.01754,TTATTCCTATTTAAAA,P221Y,1,1
-2.274,0.2705,GCAAACGTATGACAGA,D375I,1,1
-2.274,0.09016,TAATGAAACTCTGAGA,N464W Q501G,2,2
-2.275,0.05907,CATTACTGGGATGCAT,H184G,1,1
-2.275,0.04392,AATACTTCAAAGCAAT,K411N,1,1
-2.275,0.1049,TCTAACACCTCCTGCT,S219F,1,1
-2.276,0.05087,AAGGCCAATCGGATAA,D60A,1,1
-2.276,0.04177,CCCTCGACCCTGGCCT,,0,0
-2.277,0.03077,AAAATTAAGTTAATAT,D68Q,1,1
-2.277,0.04468,AACGGAGGACGGTTAC,D487I,1,1
-2.277,0.03231,TGTTTACACACAATTT,S287N,1,1
-2.277,0.005819,CTATGATACTTAACAA,D487V,1,1
-2.277,0.01968,CAAAAAACCAAATCCG,R299W D493K,2,2
-2.278,0.05189,ACCGCATTCAAAGTGT,D68G,1,1
-2.278,0.03592,AATAAGCGAGTAATAC,E35N,1,1
-2.278,0.01983,GTACTCCCTAAAGATG,W180Y,1,1
-2.279,0.07444,GTAAAGCCTATAGATC,T128R R456K,2,2
-2.279,0.04892,ATTACCAACACCTCAT,,0,0
-2.28,0.06847,TAGGAACAGATATCAT,K453W,1,1
-2.28,0.02149,AAGAATAGCATCTTAA,H435Q,1,1
-2.28,0.003038,TAAGGGGAGAACTATG,W350G,1,1
-2.281,0.04986,CCAAACAAACACTACC,A336S,1,1
-2.281,0.02167,CCTCAGTTCTTTGACA,Y351M N357Q,2,2
-2.281,0.02167,TAGATCCACATGCAAA,P162S,1,1
-2.281,0.06339,GCAAATAGAATACTGT,L420T,1,1
-2.282,0.034,TTTACATATTTAAAAC,S156D,1,1
-2.282,0.0248,GCGTTAAAAATAGCAA,T10Y,1,1
-2.282,0.02775,AGTTCAGTACATGGGA,I260S K264N,2,2
-2.282,0.0162,CGTCAATCTAACAATT,N341M,1,2
-2.283,0.1141,GAGCCCGTTTACTGAA,S287D,1,1
-2.283,0.008897,TAACTTAACCTAACAT,K503F,1,1
-2.284,0.06497,GTTAAACCGTTGGAGT,N6V I232M,2,2
-2.284,0.02632,GGCTTCCCTCACACAT,L59R,1,1
-2.285,0.3019,AATCTACATCGCATCA,,0,0
-2.285,0.06038,TACAAGTTATGAGCTT,A69T,1,1
-2.285,0.04888,AATTAGCCATTAGAAA,N81C,1,1
-2.285,0.04888,GTTCTCGGTTGGAAGA,E35D K238R,2,2
-2.285,0.005774,CCTATAACCGCCAAAA,L42V,1,1
-2.286,0.1387,CCCCCTTTAGTCATTA,V182I I260C R261L,3,3
-2.286,0.1387,GAGTCGCAAACCAAAA,P99G,1,1
-2.286,0.02774,TAGTGATCGCAACGTC,A196M,1,1
-2.286,0.003592,ACTTACTTACAACAAG,Q57D V413W,2,2
-2.286,0.03398,CATATATTTCCTTGCC,P55D,1,1
-2.287,0.04386,ATCACAGCCTATTTTG,S96I T313E,2,2
-2.287,0.01037,AAGACTCCCAGTATCG,A304W N498Y,2,2
-2.287,0.01775,AAGGGATACTATATGG,D77K,1,1
-2.287,0.03036,TGATTTAGCCAATACA,N190G,1,1
-2.288,0.1193,CATTATGACAATTACG,D241R I335R,2,2
-2.288,0.01004,GTCCCCTTGCATCCGC,R229G,1,1
-2.288,0.02834,AATACAGAATAAGAAC,Q371E,1,1
-2.288,0.0226,CCACTAGGTTCCGGAA,Y161W,1,1
-2.288,0.223,CGATTGTATGTAAGAA,A373M,1,1
-2.288,0.07435,TACATACTTAATCTTT,S266G T283M L384Q,3,4
-2.288,0.223,TGCAATAGTCTACGCT,I418R,1,1
-2.289,0.02342,AACTGGATATTTACAA,E443N,1,1
-2.289,0.1047,CCCCACGAGACCATTC,I236H,1,1
-2.289,0.01445,GATACATATCTTTACT,P221H,1,1
-2.289,0.0195,TCTAAGACCAATACAC,L42I,1,1
-2.29,0.06332,ACACTAACAAAGACGA,D419C,1,1
-2.29,0.06332,GTCAATCCCTGATAAA,N296M,1,1
-2.29,0.09325,AAATTTTATTTACTTA,V88F,1,1
-2.29,0.09325,GCAACACATATATAAA,P169L,1,1
-2.29,0.05895,CAAATAAAAGGCCGTA,D271N,1,3
-2.29,0.1768,CAAGATCTACTTTCCG,V20F L428V,2,2
-2.29,0.01965,CATCCGTGTTAATTAA,H18K,1,1
-2.29,0.1768,GGAAGAAACAAGGAAA,,0,0
-2.29,0.02454,TACATCATAGCCACTC,F125L,1,1
-2.291,0.08407,CCGTTAGTACGATCCC,V213N,1,1
-2.292,0.1465,AGCCAAATAATATCCA,,0,0
-2.292,0.01774,CTCGCAACTGCGTACC,A364S,1,1
-2.292,0.07024,ACTGCATAGACAACTG,P162T,1,1
-2.292,0.008311,CAACCAAAATAGCATT,D175E H435M,2,2
-2.292,0.0211,CGCTAAAACAGCTAAC,A196W,1,1
-2.293,0.03974,TGCAACATTGTAAGCG,K207I,1,1
-2.293,0.05634,TATTGCAAAATATCCA,Y412L,1,1
-2.294,0.09672,CCGCAGTCAAGTGATC,E83C,1,1
-2.294,0.09672,TAATGTATAACAATCT,N290I,1,1
-2.294,0.08688,GTTATGATACAAGGAA,I202F,1,1
-2.294,0.04236,GTAGAAAACAAGAAGC,L42S,1,1
-2.294,0.02092,GGAACCAACTTTAGCA,E35T,1,1
-2.295,0.03394,ATGTATAACACATAAG,H355F,1,1
-2.295,0.06175,GACCGACTTTTTTACC,R405W Y412S,2,2
-2.295,0.0201,ATTACCGTAATCCAAA,R405V,1,1
-2.295,0.05759,GGACAATAAAGATATG,Q132K,1,1
-2.296,0.01066,CAGAAGCATCTTAATT,,0,0
-2.296,0.00648,AAGCTAAGACACAACC,S205D,1,1
-2.296,0.04307,TGGAAATTTGTAAGGG,N341W,1,1
-2.296,0.03741,TGAAATTTCAAAACAT,V20K,1,1
-2.297,0.01477,TAATGTTACATGGAAA,Y161L,1,1
-2.298,0.1553,AAGCCCCATAAAAATA,T167G,1,1
-2.298,0.1314,TTCAATTAAAACTATC,T135S V309M,2,2
-2.298,0.244,ACCCCCTGTAAACGCT,Q211W,1,1
-2.298,0.08132,ACGTAGCAGTATGGAC,P169K T235L,2,2
-2.298,0.02627,AGAAAGATAAAAGACC,R33V Q371M,2,2
-2.298,0.02996,AGAGGTTAAGAATGTA,A212W,1,1
-2.298,0.1139,AGATAATTATGTCTAT,V413C,1,1
-2.298,0.3416,CAAACCTCATGAAAAC,Q164T,1,1
-2.298,0.244,CAAATTAATGCGATCG,F79R,1,1
-2.298,0.07425,GACTCTTTGTACCGCG,K391R,1,1
-2.298,0.244,TACCAGAGAATAGCTA,T12M R383V,2,2
-2.298,0.244,TAGTCGTGAACATAGC,L439Q,1,1
-2.299,0.02237,ATGCAAATTCGACACA,H56E,1,1
-2.299,0.01278,GACTTCAATAATTTAG,F192G,1,1
-2.3,0.04973,GAAACTGTAATACAAA,N159V,1,1
-2.3,0.004969,ACGCTACACAGTGTTA,V182Q,1,1
-2.301,0.06483,CAAAATACAAAACAGT,T167D,1,1
-2.301,0.06483,GAAAAACGATTTCCCG,S198N L427T,2,2
-2.301,0.01502,TTCGGGCTCATACAGC,D348H,1,1
-2.301,0.07644,ATAAGAGGCCAATAGC,R405W N489S,2,2
-2.302,0.0931,GTTGGCGCTTTTAAAT,R222N,1,1
-2.303,0.0539,GTGCATAGCCACTTAA,M168Y,1,1
-2.303,0.01476,CATAGTGAGCCTAGCA,E398K,1,1
-2.304,0.04876,CGGAGACATCAACCAA,E432F,1,1
-2.305,0.0169,TTAGATTTATCGTTGT,G352Y,1,1
-2.305,0.02296,ATTTTAGTTTAGGTTA,L177I L384T,2,3
-2.305,0.02359,CATTTAATAGCTAAAG,G463K,1,1
-2.305,0.02359,CGCCCAGTTACACCTC,L496T,1,1
-2.305,0.0423,GCCTCATTAAGTATTC,S137N,1,1
-2.305,0.02892,AAATTTGACATTCCCT,P227V,1,1
-2.305,0.08675,AGAACAAAGTGCCTGA,V36C,1,1
-2.305,0.08675,GCGTACATGAAGCAGT,S114Q,1,1
-2.306,0.05883,GACCAGCAATATGCTT,D441M,1,1
-2.306,0.06319,GCGAAAACTATAAGTG,P21L G129C,2,2
-2.306,0.06319,TTATAAATACAGTACA,,0,0
-2.306,0.09656,ACACTATACCCAAACA,S279N V309Y,2,2
-2.307,0.2047,CGAAATCAATAAACAC,L431S,1,1
-2.307,0.06823,ATAGCCATCCCCAAGA,F79P I395G,2,2
-2.307,0.008432,GAAACGACCGAAAAAA,E460V,1,1
-2.307,0.01946,TCCCGTTTCATTAAGT,S265P,1,1
-2.307,0.02679,TAAACACCAAGAGTCA,K397C,1,1
-2.307,0.1089,CGACCGTCTTCTGTAA,R141M,1,1
-2.307,0.1089,TTATCCCTCCCACGAG,I226M R361H,2,2
-2.308,0.01594,TCTTGCAAACTAAAAC,Y100F K140A,2,2
-2.309,0.01821,AGCCGAAGGTCCATCT,K238L,1,1
-2.31,0.2692,AATCATTTAATTAATG,T416N,1,1
-2.31,0.2692,ACATTACACATAGGCA,T301D,1,1
-2.31,0.08975,GGACTATACTAAATCG,L151F,1,1
-2.31,0.07007,AGACGTCTACGAGCCG,G465Y,1,1
-2.311,0.03734,TAACGACTCTATCTTT,K446G,1,1
-2.311,0.01009,GTTCACTATTCGATTA,K292Q,1,1
-2.311,0.04447,TATTTCTTCTAAGCAC,V323Y,1,1
-2.311,0.01357,CCATCAAACCTATAAC,D461P,1,1
-2.311,0.03138,GTGACACATCCCACCT,R141M,1,1
-2.312,0.02424,ATCGAACTATTGCCTG,V323E,1,1
-2.312,0.007955,GATTAAATATCCATAC,I29F L431W,2,2
-2.312,0.01901,TCAATTTATTTTTGCG,I267M,1,1
-2.312,0.06641,AAATTATTATGAACAG,H488Q,1,1
-2.312,0.06641,AACTGGAACACAAGGG,S47F,1,1
-2.312,0.06641,TAGACACCTACCGAGC,,0,0
-2.312,0.08383,AAATACATAAAACAGT,P221L R482V,2,2
-2.312,0.08383,ACCAAAAAACATGCAA,R354V,1,1
-2.313,0.1136,CAGATATTCATTTAGA,L151I,1,1
-2.313,0.04297,AAATACAATACCTAAC,Y105A K468Y,2,4
-2.313,0.1763,AATCACTGAAAAACTT,Q80G,1,1
-2.313,0.1763,TGAATAAACTCACCCA,D493F,1,1
-2.314,0.05271,TTCTTAATAAGTGAAA,E426H,1,1
-2.314,0.004397,CGACGGCGCACAACTA,T167L I300W,2,2
-2.315,0.007643,ATGAAATGAAGTTGTC,G360Y,1,1
-2.315,0.07865,AAAACCATAAATCAAT,Y161F,1,2
-2.315,0.07865,ATCTACTATTAGATTA,I217E,1,1
-2.315,0.1311,ATCTCAACCTAAAGAA,R354W,1,1
-2.315,0.01873,CACCGATGTGTTGGAT,L251V,1,1
-2.315,0.04025,CAACATCCTACACTAT,K207I,1,1
-2.316,0.1043,TCATACCCGAAGCAAA,H18K N165C,2,2
-2.316,0.1043,TCATTGCAGTTAAGCA,E432D,1,1
-2.316,0.02793,GCACCTACAACTTGAC,S146F,1,1
-2.317,0.08663,AGTTCATTTTGAGAAC,I418G,1,1
-2.317,0.02292,ATCCATACGTTATTAA,F258M,1,2
-2.317,0.01197,ACCTTTCAAATATACA,F258L E359M,2,2
-2.317,0.07407,CCCTCATATTAATACG,I3Q,1,1
-2.317,0.06469,AACTAGGCCCATATGT,F392L,1,2
-2.317,0.06469,TATTCGAATTTAGCAT,I226M,1,1
-2.318,0.1549,CTAAGCTTATCAACCA,T167E,1,2
-2.318,0.1549,GATCCCTACAGTAGTC,D408Q,1,1
-2.318,0.1549,TAAAAACCTATCAACA,H435W,1,1
-2.318,0.0292,GTGAGGCTAACCTATT,T30R,1,1
-2.318,0.02762,GACACAATTTCAGAAA,G61S,1,1
-2.318,0.04294,GACCATCATATAGAGA,K397T,1,1
-2.318,0.01643,ATATTAAAGCACAATC,P239N,1,1
-2.319,0.09641,AAAAAATGTTAGCCGT,V43L,1,1
-2.319,0.09641,AAATAGGCGAAACAAA,V490L,1,1
-2.319,0.0811,CTAATGGATTCAATTA,C97W,1,1
-2.319,0.0811,TTGCTGATCCTCAATT,R150I,1,1
-2.319,0.06999,GTAGGTGTACTTGAGA,N424D,1,1
-2.319,0.05494,GGACTTATGCCTACTA,D225C,1,1
-2.319,0.04961,TGGTTAAAATGCGGCA,P324G,1,1
-2.319,0.005867,TCTGAATCTCTGTGTT,W234G,1,1
-2.321,0.01032,TGTCGATCGTCCTGCC,E457I,1,2
-2.321,0.05266,CTTCTACACACAAAGA,G275R,1,1
-2.321,0.05266,TGTTATACATTAGTGC,A334M,1,1
-2.321,0.05872,CCTCAGAAATCCAAGT,V213K,1,1
-2.321,0.06634,AAAACATATTTAGAAC,I217P,1,1
-2.321,0.07624,TATTACATACACCAAT,L177V,1,2
-2.321,0.1087,ATGAGTACCAATTGAT,F332I,1,1
-2.322,0.02919,CCCTAGGACTAGAGAC,N246K,1,1
-2.322,0.1892,ATAACATTTAATACCC,,0,0
-2.323,0.005558,TTCAACACGAACCGGG,M462N,1,1
-2.323,0.04441,ACACACTGAATAAGTC,I377T,1,1
-2.323,0.01552,ATAACCTCTTCCTTAC,E410D,1,1
-2.324,0.03338,CAGCCGATGGAGAATC,L431C,1,1
-2.324,0.1001,TAAATAAGTATACATT,D348A,1,1
-2.324,0.06008,GACCCAAAATAGGACC,I236F,1,1
-2.324,0.3004,TACAAAATCCCAAACT,V182Q,1,1
-2.324,0.3004,TGCACCTTATATACAG,Q57Y,1,1
-2.324,0.01631,TTTTGAGCTTGACACG,D271V,1,1
-2.324,0.0183,GAATGATGCAGAACAC,T155H,1,1
-2.324,0.06808,TGTGTGTATAATCCAT,E344C,1,1
-2.325,0.05157,GACGCAAATTGATTAT,P99S,1,1
-2.325,0.03473,TCTCGAGACGAGCCGC,R354F,1,2
-2.325,0.07855,TGTTCATCAGCTGCTT,S95L G379Q,2,2
-2.326,0.06462,GAAACTAATAAGACAC,,0,2
-2.326,0.09282,GAACAAAGTGGTAAAA,V182G,1,1
-2.326,0.09282,TAAAAATTTAATAAGA,D271K,1,1
-2.326,0.04363,TTGTTCCTAGGTTGAA,S156E,1,1
-2.326,0.02852,TATCCTGAAGACAACA,V323M N483G,2,2
-2.326,0.1647,CTTGCCATGGCCCGGG,,0,0
-2.326,0.1647,TACAAGAAAGCTCGGC,H355C,1,1
-2.326,0.01542,CTACTGAACAGACATC,A93V,1,1
-2.327,0.04218,ATTGTCGCTTGAACCC,N250F,1,1
-2.327,0.0295,CAAAAGGTATTTCTGC,G404P,1,1
-2.327,0.1134,CTACCTGCCATCACAT,N296A,1,1
-2.328,0.04598,AAATACAAAATATAAT,A365P,1,1
-2.328,0.02672,CCCTTCCGTTCTGAAA,T65C,1,1
-2.328,0.03056,CTACGCAGCTGAAGCA,Q434G,1,1
-2.328,0.05866,AATCGTTGCGTACATT,R229W,1,1
-2.328,0.05053,GGAATACACACAATCC,P162W,1,1
-2.329,0.008549,AACTATACCGCTAAAA,R405V,1,1
-2.329,0.243,AACGAGACAATTCCTA,P227W,1,1
-2.329,0.1041,AAGCTGACCCAATAAT,A11W,1,1
-2.329,0.06627,CCGAGTTAAAATTCCT,T155Y,1,1
-2.329,0.081,TCACCGAAATCTAACC,A196L,1,1
-2.33,0.03092,AGCCAAGGCCTAAACG,L316I,1,1
-2.33,0.03724,TAGAAAGACACTACAC,E35R,1,1
-2.33,0.04148,TAACTTAGACGTTGGC,S231C,1,1
-2.33,0.04148,TGTACAAAAAGAAATA,N133K,1,1
-2.332,0.0436,ATAACTTCCATAATGG,S193W,1,2
-2.332,0.1308,GAAACTTACTAAACAT,G62D F338L,2,2
-2.332,0.01305,CGAGACGCTACATCGC,I252L D441E,2,2
-2.332,0.05731,ATCCCTTCCCCAAAAA,N296M,1,1
-2.332,0.05731,ATGACTAATATTATGA,E359F,1,1
-2.333,0.08949,AAATTTTATTAAATAA,K207F V213L,2,2
-2.333,0.005076,TACCCACCCAAAGAAC,Y105C,1,1
-2.334,0.02589,ATCTAACTACCCTCCA,I331F,1,1
-2.334,0.03954,AACTCCACTTCCTAGT,I202C,1,1
-2.334,0.1186,ACCACCGTCTAGAGAC,T155Y,1,1
-2.334,0.1186,CCCATGATCCGACCAA,N8K,1,1
-2.334,0.03091,ATGCTATAATATGTGT,D85L,1,1
-2.334,0.06455,GAAAAACTTCGCCAAT,N424I,1,1
-2.335,0.05049,CGATATTTAACATAAA,V223R A430S,2,2
-2.335,0.0191,AATTTAAAGAATACCC,Q191F,1,1
-2.335,0.07845,CGTTCATGATATTAGT,L71I,1,1
-2.335,0.03207,GTTGAAAAGCAGATAA,M462D,1,2
-2.335,0.1085,CAGCCATAATAATGTG,S247N,1,1
-2.335,0.1085,CTAACCGACACAACGA,D241P D493P,2,2
-2.336,0.1758,ACACGGCTTAGAGGTG,P227F,1,1
-2.336,0.04015,CCCAGTCCAACGGAAA,R255V,1,1
-2.336,0.05602,TGAAGTGGAAAAACCG,Y105A Q211A,2,2
-2.337,0.01999,CGAAATCATCCACACT,I202N,1,1
-2.337,0.09996,TTAGCCAACAAAATAG,,0,0
-2.337,0.06983,ACATGTCAGAAACAGG,T12W,1,1
-2.337,0.06983,CCTAGAACACGCAATA,S279G,1,1
-2.337,0.05366,GTGGATCTCGGAAAAA,F332V,1,1
-2.337,0.04357,AGTTGCTGAACATTGA,N341Y,1,1
-2.338,0.0662,ATAAACGCTTATTGGT,P227I,1,1
-2.338,0.0662,ATTTTAGACTGTCTCA,L71A,1,1
-2.338,0.03467,CGCCAGACCATCAGCT,L243W,1,1
-2.339,0.005535,CTCAGACCTCTGACGA,D487F,1,1
-2.339,0.08638,CCCTTTCCTCATATAT,G379C N498H,2,2
-2.339,0.1377,ACAAATTGAAGGCCCA,T440G,1,1
-2.339,0.1377,TGCCTTTCTGAGATAT,S262L,1,1
-2.34,0.08089,GACCTTTATCTGACCC,Q173H E426V,2,2
-2.34,0.05726,TGAACTACATTGCCTG,N63L F192N,2,2
-2.34,0.0264,CTCCGCGTCCCAGCGC,I226M,1,1
-2.34,0.02285,TAGGAGAAATACCAGC,N158P,1,2
-2.34,0.04282,GAAACGTTCTCTCCCG,H56E,1,1
-2.34,0.02014,CCATAGATCTATAGGC,I48L,1,1
-2.341,0.02486,ATATTGTGGCTTTTGA,D415T,1,1
-2.341,0.04143,GAACATTTTCCAACGC,A373M,1,1
-2.341,0.05253,TAATAGGAGTTACATT,E410V,1,1
-2.341,0.04012,CGTTGTTTAGATTATC,R361P,1,1
-2.341,0.07176,AACCCCACCGAGAAAT,Q210D D438Y,2,2
-2.342,0.03774,CATTAAAGCAAAAGAA,A196F,1,1
-2.342,0.3396,TTGGAACTGAACTACC,N170H,1,1
-2.344,0.05597,CAAAAGAACCACAAAA,N458E D474G,2,2
-2.344,0.008124,CTGTACCGCCATACTA,S107Y,1,1
-2.344,0.08936,TGAGTTCACAAGCAGC,,0,0
-2.344,0.05145,CAAATTGTGGGAATGA,E403Y,1,1
-2.344,0.08349,CAAATACATTATCAAA,A430C,1,1
-2.344,0.08349,TTGACTGCGCGAACTC,L151V,1,1
-2.345,0.02612,CTACAATATAATTTAT,D77W,1,1
-2.345,0.07835,TTATCTTTCAAGCCAA,D175T,1,1
-2.345,0.2214,ATGGTAGTAGCCCAAC,S262N,1,1
-2.345,0.2214,GGCAACCAATGTGAAA,,0,0
-2.345,0.2214,TATAACAAACGTAATA,N190T,1,1
-2.346,0.01659,CATCCCCCTTGATAGG,R150C,1,1
-2.346,0.02943,TAGGTCAGGTAATCCG,K50Q D461A,2,2
-2.346,0.06613,TTGTTTAACAATTAAT,M462A,1,1
-2.346,0.1886,TAGATACGACCTCCAA,T187Q,1,1
-2.347,0.03464,GTTCTAACTAAACGTA,V36T,1,1
-2.347,0.05721,ATAGGATCTCATATCC,I214G,1,1
-2.347,0.1642,ACTAATCCAGGACAAT,L194P K264F E398K,3,3
-2.347,0.01799,TCGAGAAACATCTGTG,E403D,1,1
-2.348,0.1455,TCATCGTACGCTATGT,S110P,1,1
-2.348,0.1455,TGGTAATTGGACCGTA,A93L F294L,2,2
-2.348,0.1305,GGCATCCTAGGATCAA,,0,0
-2.348,0.04207,TAACATGGGCTGAGCG,S287G,1,1
-2.349,0.0998,ATGTAAGTTATTAGTA,K452V,1,1
-2.349,0.0998,CCAACATAACGAGGCC,R307K,1,1
-2.349,0.09254,CGCCCCCCCTCTACCG,T40M Y161S,2,3
-2.35,0.02942,TTAACCGCGCCCATTC,A196Q G200C,2,2
-2.35,0.02876,TAAGATTAGCTGAAAA,G463R,1,1
-2.35,0.07596,GAACCTACAAAATAAT,,0,0
-2.35,0.07168,TTCAATTAAGGATGAT,V20W G62E,2,2
-2.35,0.01343,AACCAATAACGTAGAG,N45V M346F,2,2
-2.35,0.02012,AGTAACCGGCTCACTA,L243V,1,1
-2.351,0.005409,TCATGATTAATTACCA,T485G,1,1
-2.351,0.03047,CCACTGTCCCGATACT,D68N,1,1
-2.352,0.02324,ATGCACCCAGTAAATC,K397P,1,1
-2.352,0.02324,TGTTATTTTAAACCAA,I274P,1,1
-2.353,0.007177,ATAATGAAGTGGATGC,M462W,1,1
-2.353,0.0151,AGTACTTAGCTTGCAC,H184W,1,2
-2.353,0.0301,TCGGAAAAAAACATTT,N424F,1,1
-2.354,0.03608,CTGTCTTATATAATAT,D101G D408W,2,2
-2.354,0.04348,CAGACTCTCAAAAATG,S198T R220Q G404S,3,3
-2.354,0.05715,TGTTAACAGAGTAAAT,R456G,1,1
-2.354,0.0628,AAAGGAACAAAAAACG,I214M N489D,2,2
-2.356,0.01979,AAATATGTCTTCGCCA,I418G Q454I,2,2
-2.356,0.1038,GGCTTAGCTATGCTAT,E410N,1,1
-2.356,0.113,AACTACTTCAACAATC,D441S,1,1
-2.356,0.02344,GACCCAATGCGTACAA,D77N T128Q,2,2
-2.356,0.124,GTGTGAAGGAGAACAG,S47R,1,1
-2.356,0.01823,AATCCGTAGCAATGGA,Q311D,1,1
-2.357,0.04422,TATCACCCTGATAAAA,K315N,1,1
-2.357,0.1374,AACTACCAATAAATGA,A317S Q501K,2,3
-2.357,0.1374,CATGAAAAATTTCAAT,D175L,1,1
-2.357,0.04937,ATAGTGAACTAACTCC,N458M,1,1
-2.357,0.04937,CCTCCGAGTAGGTCGA,L13I A113M,2,2
-2.357,0.1541,CAACATTGGATACCAC,N45M G386R,2,2
-2.358,0.03412,TGCATACATGGACAGC,N464T,1,1
-2.358,0.06126,TGTTCAAATTAGAACC,D85H H393P,2,2
-2.358,0.005303,AAGACAAAAATGAACA,P162W,1,1
-2.358,0.06435,ATATAGCTATTAACAT,K453Y,1,1
-2.359,0.2033,GATACAAACAATACCC,E432W,1,1
-2.359,0.2033,TAAACTTTTATATAAA,R269D I418T,2,2
-2.359,0.06778,TACGAATCATAAATCG,N483I,1,1
-2.359,0.0716,AATAATGCAAGTTTCT,T313M,1,1
-2.359,0.0716,CGTTAATTCTCTACTT,G49D E83Q,2,2
-2.36,0.07587,GATCGATAACTGAATA,E457M,1,1
-2.36,0.006411,TGCAGAGCTCTGGACG,S247W,1,1
-2.36,0.242,AAACCAGCCTTAAGAC,T155H,1,1
-2.36,0.242,ACGTCACCATAAATTC,T10E,1,1
-2.36,0.242,AGAGAACTGAATGAAT,E484L,1,1
-2.36,0.242,CAAACTTTTCAAACGA,T65G N290C,2,2
-2.361,0.0524,ACGAGAAACTAAACGA,G23P E410T,2,2
-2.361,0.0388,ACTTCCTAATGGAACC,Q407C,1,1
-2.361,0.09241,TTTCGAAAAACGATAT,S124E E403K,2,2
-2.361,0.02606,ATTGAGCGCGGTCCTA,N38W,1,1
-2.362,0.03237,GAAGAATACTCACGCA,K315V,1,1
-2.362,0.2989,AAGGCTGGCACCACTG,R208K E410G,2,2
-2.362,0.05979,AATAACCATAGATACT,I267H,1,1
-2.362,0.2989,ACCGAAAAATTACAAA,,0,0
-2.362,0.04419,CACTCATCACGGCTTC,N357T,1,1
-2.362,0.06274,TCCAGCTAAGCTACTT,G362E,1,1
-2.362,0.02431,GTTCCCTAATGAAATA,Q295T,1,1
-2.362,0.02126,CTTGACTGGTAATACG,,0,1
-2.363,0.02528,TGAACTATACGTCGAC,A373V R405W,2,2
-2.363,0.06599,TTGTAAAATACATCGA,H355C,1,1
-2.363,0.02279,ATAAGCAGTTTCTAAT,E460A,1,1
-2.364,0.03939,CAAAACGCCAGCTGTT,Q363N,1,1
-2.364,0.04064,CAGAGGGTTACACTGC,P162G,1,1
-2.365,0.3908,AATATGAATTCAACAA,,0,0
-2.365,0.01348,TAAATTATAGGAGGCT,N464K,1,1
-2.365,0.03763,CCTAAATAGTACAAAC,T206A,1,1
-2.365,0.03763,GTGAACAAAGATATAC,G5W H435Y,2,2
-2.365,0.08327,TGAATTTATTAATCTC,Y233E,1,1
-2.366,0.02838,CTATAGTTACCTATAA,F79R,1,2
-2.366,0.0171,CATGAAGCAAAAACAA,K310G,1,1
-2.366,0.1451,AACCCTCAGTAAAACA,V112I D487F,2,2
-2.366,0.1451,CTTTAGGCCAATCCTT,I437C,1,1
-2.367,0.02407,CTAACAATCTCCCACC,Y308L,1,1
-2.367,0.06771,AGAAGTATCTGAAGCA,K450G,1,1
-2.368,0.1638,ATAGACACAAAGAACG,G129C,1,1
-2.368,0.1638,CTTTCCGAGAAACTTA,N165D,1,1
-2.368,0.02659,AAGTAGCAAAAAATTA,I339L,1,1
-2.369,0.04745,ATGGAGATGATACAAA,G463Q,1,1
-2.369,0.01051,TCTCGAGAACCATACT,P239E,1,1
-2.369,0.02836,AAAAAGAATAGGCCTC,D415L,1,2
-2.37,0.03318,ATTGTCCTCCATTAAT,S156D,1,1
-2.371,0.02383,TAAGCACACTTCTATA,T206L,1,1
-2.371,0.02603,GATCCGCTCAATAGTG,D68Q,1,1
-2.371,0.08603,GTCTTCATCATACCAA,R150A,1,1
-2.372,0.02934,GACAAAATTGCCAATC,T167K,1,1
-2.372,0.02934,TGTCTAAAGACAACGA,D461L,1,1
-2.372,0.04126,AATTCAAACAAACCCA,Q454G,1,1
-2.372,0.1238,CCAACTTGCACATTCT,T440G,1,1
-2.372,0.04126,TCTATTAAACGCTCGT,T313R,1,1
-2.372,0.1238,TGCAAAAATGTTGAAA,,0,0
-2.372,0.00828,AAATGACCAACAAGAT,N133A A373T,2,2
-2.373,0.01438,ACATATGCCCAATGAC,L111H S262V,2,2
-2.373,0.01332,TCAGATAAAAATTAAT,P324E,1,1
-2.373,0.03452,GCATAGTTAAAAAAAC,G249N,1,1
-2.373,0.2206,GCGTACTACAAACCTA,N6K V20M,2,2
-2.374,0.03232,CATGGCTGTATACTCT,N483Q,1,1
-2.374,0.02967,ATTCGAGAAACACTAA,F192G,1,1
-2.374,0.1371,TACTCGCCAGCAGCAT,N94W R141T,2,2
-2.374,0.00632,TCAGCATCTGATCAAA,A69F,1,1
-2.375,0.05456,CATACCATCCGAACAA,N152D,1,1
-2.375,0.008016,GCGGCCCCAAATTTAT,V43T,1,2
-2.375,0.02866,CACAGCTGAATACTAC,L59S N165Y,2,4
-2.375,0.04336,CATGGAGCCAAAAATG,R33Y N250A S400F,3,3
-2.375,0.04336,TATATAACAGTACAAA,F258L,1,1
-2.375,0.04336,TGTACTACCCGTAGCC,S378K,1,1
-2.376,0.1079,AAATGAATATACCTAA,D225C,1,1
-2.376,0.04489,GAAAATCTACACATCA,L151I,1,1
-2.376,0.1537,TAATCTACGATTAACA,A106L S219Y,2,2
-2.377,0.009308,TTTCGGGCGGAAACAG,I395T,1,1
-2.377,0.2669,AAACCAATCGAAATAC,S156F,1,1
-2.377,0.2669,TTATTATGTCACCCTT,,0,1
-2.377,0.08898,TTTTTTCTCAATAATG,E325W,1,1
-2.378,0.003138,CGGACCCTCATTACCC,R255I,1,1
-2.378,0.1179,GCCAATATATACAAGC,K292G,1,1
-2.379,0.02403,CCTATGATCACTAATA,S247C,1,1
-2.379,0.01958,ATAATTTCAAACCTTA,P324E,1,1
-2.379,0.05021,CATTCTGATGAGCTCA,G362A,1,1
-2.379,0.05021,TTACAGTAGAGTTTAA,S156D S312A,2,2
-2.379,0.09567,AGATCTCCAATTTGTC,D186G,1,1
-2.38,0.08048,TAAAACCCCTGTTTCA,V204T,1,2
-2.382,0.1035,CCCAACTCTCACTTAC,N122F T485I,2,2
-2.382,0.1035,TACATCCCTTCAATTC,P273V,1,1
-2.382,0.1035,TCTCATACCCGAGCTA,N165F,1,1
-2.382,0.08592,TAATTAGACCAACTAA,K50G,1,1
-2.382,0.07346,TACTCTCGACGATTAT,S145W,1,1
-2.383,0.0238,AAAGAGGTGAATGGCG,F195T F448Y,2,2
-2.383,0.04259,TAAAAGAATTTCATAA,I502M,1,1
-2.384,0.3378,ACTCTCTATACGTTGT,G200C,1,1
-2.384,0.1448,CATCAGAAACACAGTT,T135P,1,1
-2.384,0.05962,TCATTAAATCACCAGA,I282S,1,1
-2.385,0.03147,AGAAAAAATGTAATAA,N158P,1,1
-2.385,0.01104,CATTCGCTTCCCAGAC,I236W,1,1
-2.385,0.05017,AATACCATACAGTAAT,P162N,1,1
-2.385,0.05017,GAAAACAATAAAAACA,R220G,1,1
-2.385,0.05568,CCATACTTCTCCCATC,V406Q,1,1
-2.386,0.02272,ATTGTAGTATTGAACT,D348H,1,1
-2.386,0.07136,ACTAACCGTCCTCATC,R456N,1,1
-2.387,0.02681,CGACATTTAAATATTA,S422G,1,1
-2.387,0.006487,CACTTGTGATTGCGTG,R224S,1,1
-2.388,0.0154,AGACAAGGGCAATCAG,L455M,1,2
-2.388,0.1634,TAAATACTCTTTAACC,D68G,1,1
-2.389,0.06102,CGCCTCTCAAACGTTT,Q327K I469M,2,3
-2.389,0.04647,AATGCATAACGTAATA,H18R,1,1
-2.389,0.1078,AATGAAAACAAGATAA,I214S,1,1
-2.389,0.1078,TTCTTAAATCCTAACA,T313K,1,1
-2.39,0.01226,TCTTCCGTCTATTCAT,K468N,1,1
-2.39,0.01062,GCCCCAAATTCTAAGC,R224K N341S,2,2
-2.39,0.2411,ATACGTTACTCAAACC,D271M,1,1
-2.39,0.0641,ATTAAAAAGCCCATCT,A11I N216W Q327R,3,3
-2.391,0.1369,AAAACAATACCAACTT,,0,0
-2.391,0.1369,AGCGGGGTGTTTAGAA,K326L,1,1
-2.391,0.09553,TTTCAAGCATATGTCC,,0,0
-2.391,0.02651,ATAATAAATCCAGTAA,R456S,1,1
-2.391,0.008746,ACAGATCATCTACTAA,N159W,1,1
-2.392,0.05013,AACTCACCTTTTAAAG,D104C,1,1
-2.392,0.03398,GCAAAAACGTAGCATT,N424M,1,1
-2.392,0.04731,CAGAAAGAAAGCCAAT,E359M,1,1
-2.393,0.1177,CAGATTCTTACGCAGA,R220K,1,1
-2.394,0.01502,GCCCCGCAAACATAAG,D461M,1,1
-2.394,0.1033,TCACCCGCACTAGAAC,,0,0
-2.394,0.1033,TGCTGCAATACACAGG,V20W,1,1
-2.395,0.03308,TTCGAATGACCAATAA,,0,0
-2.395,0.008896,TGAGTCGCACAAATAA,F258L,1,1
-2.395,0.1534,ACACAAAACAAGCCTA,P273N S279I G504M,3,3
-2.395,0.09201,CCACATCAACGAAGAA,H355T,1,1
-2.395,0.05112,GAGACATAGCTGCCCA,D461A,1,2
-2.395,0.1534,TATCACTGTGATGAAC,,0,0
-2.395,0.09201,TCTAAGCAACGTTAAC,,0,0
-2.397,0.03143,AAGAATGCAAAAACAG,K450Y,1,1
-2.397,0.1297,GAACGTCACAAAAATT,K171D,1,1
-2.397,0.02925,ACACCCCACAAGAGGG,N190V,1,1
-2.397,0.07552,CTATACCCCAAATTAC,E457V,1,1
-2.397,0.0151,TATTATCTAAAGTACA,W180F,1,1
-2.397,0.01617,TCTTTATTACAAAAAA,V182F,1,1
-2.397,0.01191,CTACTACAGATAAAAA,N38W,1,1
-2.398,0.02735,AATGGGCAGTTCCACG,D225S,1,2
-2.398,0.01112,TGTACAATTAAACGTA,R456C,1,1
-2.398,0.1124,GCTGACCCAAGAACTT,G200W,1,1
-2.399,0.09919,AGCGAACTGATTTGCT,S480N,1,1
-2.399,0.2976,TGAGATACTTTAGTCA,,0,0
-2.399,0.03181,CATAGGGGCGCAGTGA,H18Q,1,1
-2.399,0.08874,ACACCAGTATTCAGAC,G263F F500H,2,2
-2.4,0.05215,AAATCTCTGACTCCTT,,0,0
-2.4,0.05215,CTTAACCAACATATAT,E410C,1,1
-2.4,0.05215,TAATATTATTTAAGAT,T235K,1,1
-2.4,0.01839,AGCGGGCTCCATTATA,P324M D493K,2,2
-2.4,0.005652,AAACCAGTGTTACTTC,Q191H,1,1
-2.4,0.2199,CGCGTCAAAGCGTCTT,S442N N497F,2,2
-2.4,0.0733,AAAATCCAAATTGCGA,I58S,1,1
-2.401,0.0418,CAGTCATAACAGATCG,K411S,1,1
-2.401,0.009634,AATTTATATGTCTTAT,E41N,1,1
-2.401,0.03802,CTACCACAGTACCAAC,P162H,1,1
-2.402,0.05438,TGTTATAGACAACGGC,K2M,1,1
-2.402,0.1445,TGTCCAAATAGTAAAC,L381E,1,1
-2.402,0.1233,ACATCAATAATTAGTA,H184Q,1,1
-2.402,0.01327,AATAATTAGATCAGAT,I267T,1,1
-2.403,0.1076,AAATCCTACGTTTAAC,G386R R405N,2,2
-2.403,0.1076,ATGCAGGAAACCCATT,N357C,1,1
-2.404,0.06566,ACCTGCCGCCCCTGGG,T206Q L496R,2,2
-2.404,0.0568,GTATCCTGCCCCTGCG,E401G,1,1
-2.405,0.014,ACAAGGTCACTCCCCC,V429T,1,1
-2.405,0.02466,CAAGTGATGTTGCGTT,Q191S,1,1
-2.406,0.04907,TACGAAATACAATTCT,N424V,1,1
-2.406,0.05946,GTTTTCCAGAGTAATC,K292H,1,1
-2.406,0.06923,GCTCTTAGAACGGATT,N159P,1,1
-2.406,0.01408,TATGTAAGGTCTACGT,W180F,1,1
-2.407,0.08285,AAAATGGTATATTTAT,I288A,1,4
-2.407,0.08285,TGCCTACATCCCTCTT,Y423H,1,1
-2.407,0.00561,CGAAGTATGACTCACA,N133R,1,1
-2.408,0.02646,CAACAAGTTGTTCTTC,R222Y,1,1
-2.408,0.163,CTTATTGTCTTTATTC,T235E,1,1
-2.408,0.163,TTACTACCCAGTCATT,K82Y,1,2
-2.409,0.03857,GTTTTATTCGTTAGTA,N464R,1,1
-2.409,0.06736,CTCAAGTTACAAGTAT,N165I,1,1
-2.41,0.01785,GACATTAAGGATTATA,V20A,1,1
-2.41,0.03484,TATAACCATACATATC,I214Y,1,1
-2.41,0.03798,AAGCCAAACCCTTAGA,N6L D415A N498K,3,3
-2.41,0.2659,CAAAAGCATTGAAAGG,R299P F399S,2,2
-2.41,0.2659,CATGGGCATCCACTCA,E410K,1,1
-2.411,0.01299,AGCTTACTGCCCAGAC,T318R,1,1
-2.412,0.06559,ACCTCATTTCTATTAC,N159F,1,1
-2.412,0.06559,GATGTGTCAGTCCGTA,M346F V490I,2,2
-2.412,0.1122,TTCGAGTCAATCATTT,A106W K238R,2,2
-2.412,0.03915,TAAAACAAGGATATGT,T301A T440G,2,2
-2.413,0.1295,CAGTACTCACTGCAGT,K326M,1,1
-2.413,0.3885,TATATGAAACGTTTAA,N190T,1,1
-2.413,0.04549,ATGTTTGCACATACAA,S209C E403I,2,2
-2.414,0.08558,TATTTATGGAATCAAA,,0,0
-2.414,0.06391,ACAGATTCTATGCACA,L244F,1,1
-2.414,0.06391,CGACTACATTACTAAG,,0,0
-2.414,0.06391,TGTTAAAAAGACCTTA,P221L,1,1
-2.414,0.0306,AGTGACTAATGTGCAT,S144C,1,1
-2.415,0.03175,TAAGAAGTTCTCTACT,I274H,1,1
-2.415,0.05429,CTAAATTTGGAATAAC,V406F L431V,2,2
-2.415,0.01645,CACCTCAGCATGGACC,M462Y,1,1
-2.415,0.04718,GTCGCATACATATTTG,Q376W,1,1
-2.416,0.187,GTGTAATAAACCTGTC,N190I,1,1
-2.416,0.187,TATCATAATATATAAA,I300G,1,1
-2.417,0.08275,TTGCATACGTAATATC,W234C,1,1
-2.417,0.006634,TTGCCAAAATACTGTG,E432M,1,1
-2.417,0.1231,ACAGTTTTAAAAATAT,D419C,1,1
-2.417,0.01085,TCAAATCAATGTAACG,D104V,1,1
-2.418,0.09176,GCATGAATCTAACTGA,S247V,1,1
-2.418,0.04313,ACTTAGCCGGTTTGAT,V406E,1,1
-2.418,0.03852,AAAAACGCTCATTACT,I34M T187K,2,2
-2.418,0.07314,AAAACCAAAGCTTAAT,N246K,1,1
-2.418,0.07314,AAAGTCAGTCAAGTTC,T155A,1,1
-2.418,0.0608,AAAGCCTAAATTACCT,K450E,1,1
-2.419,0.02347,GAAAAATAACGCATGA,S378Y T416I,2,2
-2.419,0.0363,AATACGGCATAAGTCC,T187Y,1,1
-2.42,0.0424,ACACTTGCTTGTAACT,P227F,1,1
-2.42,0.103,ACGCATAAGTAGACCG,D438I,1,2
-2.42,0.0206,CTAATACCAACATCCT,S107Y,1,1
-2.42,0.01848,CTTCCAAAACTGGAGC,R482G,1,1
-2.42,0.103,GGCAGAAGAAATCAAC,T451C,1,1
-2.42,0.06553,TAATATCAAATCCTAA,N6R E414K,2,3
-2.42,0.02304,AAATCATCAATTATCT,D104C,1,1
-2.42,0.01252,CAATTAATGAACAGAA,M268C,1,1
-2.42,0.05096,CATCTAATACATAGAC,P239Y,1,1
-2.421,0.0148,CATCATCACACCGTCT,V130M T313H,2,2
-2.422,0.1173,ACGTCCCGAAATACTG,D348L,1,1
-2.422,0.03911,ATATATACTAAATTTC,K131L S422N,2,3
-2.423,0.1739,ATACTTATCTAAGGTA,N6A,1,1
-2.423,0.1739,GCTCAGCAGATTTTGA,G275V E398K,2,3
-2.423,0.004517,TCTATAATTATACATT,E172I,1,1
-2.423,0.01352,AATAGCAATTTATCCA,S219Y,1,1
-2.424,0.04896,TAATTTACATATGTAA,E449V,1,1
-2.424,0.0108,ACTTTGAAACATATGA,R255F,1,1
-2.424,0.03577,GTCTTCAAATCGCTCT,R456S,1,1
-2.425,0.01834,GAATGACATCCGAAAC,L314F,1,2
-2.425,0.0397,TTTTCCAAGAAAATTA,D375G,1,1
-2.425,0.112,ATCCAATTCTATTAGA,T167D,1,1
-2.425,0.3361,CATAATAAAATAACAC,R222V,1,1
-2.425,0.3361,CCTAGTATAGAGTGAA,K82S,1,1
-2.425,0.3361,GTTTAACAAGAAATCT,F148W,1,1
-2.425,0.3361,TAAAAATAAACGGACA,N341H,1,1
-2.426,0.02484,AAGCAACACCGAGAAC,W234G,1,1
-2.426,0.09513,CATCTAGGTAATAGCG,R269Q,1,1
-2.427,0.007276,CCCCAGATCGCCACTA,S156Y,1,1
-2.427,0.2192,CATATAATATTACAAG,E398K,1,1
-2.427,0.2192,TTGGTCTGTTGCACGG,Q191E,1,1
-2.427,0.07306,CGAACTGAAAAGTGAA,P162Q,1,1
-2.427,0.0182,CGCAATCTTATGGTGA,S205W I418T,2,2
-2.427,0.06547,AAACCCCAAATATCAT,P306S,1,2
-2.428,0.0593,ACAGAAAACCATTGTA,Y308M,1,1
-2.428,0.0593,GATCCTGAGAAAACAA,A196W,1,1
-2.428,0.03429,ACTCCGGTCAATATAG,E35V,1,1
-2.428,0.1626,AACGGTACAAGCCTAT,H17M,1,1
-2.428,0.01807,CCGGCTATGCGTAAAA,K50D E410K,2,2
-2.428,0.007696,AGGTATCGTTTCAGTG,D60P,1,1
-2.428,0.1292,AAAATCTGCCTGAATT,Y161L,1,1
-2.428,0.04308,AATGGTAAGAAGACGC,T206L,1,2
-2.428,0.1292,GTAACAAATTAAACCC,D271Y,1,1
-2.429,0.0379,TCTCACGATTTTAAAT,H56P,1,1
-2.429,0.1072,TCATATCGTAGACTAA,F195M,1,1
-2.429,0.09164,CGCTCTGTTACAATAA,K238C,1,1
-2.43,0.05793,AACAATAGAATAGAAA,V237C,1,1
-2.43,0.05793,TACATAATCCAAATAA,T187K,1,1
-2.43,0.04893,AAACTTGTCTAACCAA,I300F,1,1
-2.43,0.0454,AGTAATGTTGGAATAG,,0,0
-2.43,0.0454,TGTTAACAGAGAAACC,L108M,1,1
-2.43,0.03968,GACACTCCACATACCA,L428R,1,1
-2.43,0.03337,ACGCAGAGAGATGTTT,A430V,1,1
-2.43,0.0317,GAAAAAGTTACAATAG,K368G,1,1
-2.43,0.03018,AAGGTACCAGAACAGA,E494D,1,1
-2.431,0.04799,TTAGTGATCACAACAC,L157D Q376W,2,2
-2.431,0.06902,AGGATGCAAGAATCTA,Q211R G479S,2,2
-2.432,0.00626,CCAAGATATACTAACA,T187M,1,1
-2.432,0.03251,TGGACTTGCAACAGCT,K131I,1,1
-2.432,0.02126,CATCAATGTATTTGAG,N464M,1,1
-2.432,0.03625,AAATGATAATCATCAT,E359I,1,1
-2.432,0.1229,GGAGAATATACGTGTT,,0,0
-2.433,0.1527,AAATAAGCACATATCT,G62S K82E,2,2
-2.433,0.1527,AATCCAGACTAAAGAC,K27F A163S S400V,3,3
-2.433,0.1527,CCCCGGAGACCTCAAC,L431H,1,1
-2.433,0.06069,AGAAGATACCAACTGC,,0,0
-2.433,0.2015,AATTAAGCGACAACAA,L244R,1,1
-2.433,0.2015,CGAAACAGATTCTAAT,M462D,1,1
-2.434,0.02506,TCACTATTAACACATC,T318Y,1,1
-2.434,0.04621,ACTACTGATACTCTAC,K453Y,1,1
-2.434,0.05416,GCATGACACAAAAAAA,,0,0
-2.435,0.02481,CAAAATTCCGGTTGCT,P306M,1,1
-2.435,0.2963,AACAATCAAATACCAA,E119R,1,1
-2.435,0.2963,GTAAAATATTTTATTT,T313V,1,1
-2.435,0.2963,TACAACAATATTAGCA,,0,0
-2.435,0.003151,ACCAAAAAATCAGATT,E172V,1,1
-2.435,0.01074,TTATCTTTCTAATCGA,K452T,1,1
-2.436,0.04889,ACAGTCCGACTCATAA,I51T,1,1
-2.436,0.1171,AACATTGGTTACAACT,,0,0
-2.436,0.07298,AACTTTGTCTGAATAC,D32F A196T,2,2
-2.437,0.03844,AACGTACGCCCTGATA,V182N,1,1
-2.437,0.1439,CGAACTCCATCTCTAC,V130L,1,1
-2.437,0.04796,CTACCCACATTCAATT,Q197E,1,1
-2.437,0.02877,GCAATCCGTCGGATTA,S136T,1,1
-2.437,0.1439,TGATTATAAATCCGAA,P162A,1,1
-2.438,0.04378,AACCTGTTAGCCGAAT,K397Y,1,1
-2.438,0.04378,CCTAATTTGACCCTAT,Y161V,1,1
-2.438,0.07091,TTAGTCCCGTTAAAAA,T440F,1,1
-2.439,0.1119,AGTTGCTACCACTGGT,I29M G333S,2,3
-2.439,0.1864,CAACATCCTAATTATT,K50E,1,1
-2.439,0.1119,CAGGGACAACATACAC,F192H,1,1
-2.439,0.1119,TAAAGCTTATAATCTG,R222M,1,1
-2.439,0.06215,TCTCTGTCTGACACAG,R109M,1,1
-2.439,0.1864,TGCGCAAAACTTGTCC,N341W,1,1
-2.439,0.07991,TGTATCCTACGTGAGC,Y105F,1,1
-2.441,0.04534,CCTCTTCTTAACAAAA,E172K K276Q,2,2
-2.441,0.02721,TCAAAACTAATAATAC,V429C,1,1
-2.441,0.02088,CAATTCCCATGATTGA,Q191Y,1,1
-2.441,0.03014,TACGAAAACGTAGTAA,T65F,1,1
-2.441,0.03165,GCGAACACCTCTTATA,D461T,1,1
-2.442,0.03569,ACCTCCAAGTATTAAA,,0,0
-2.442,0.2648,CTTACCCCCGTATCAT,S124N D487F,2,2
-2.442,0.2648,TAAGCTAATACCTGGC,D375Q I481V,2,2
-2.442,0.05297,TCATGAAATATGTCCA,V20M M268L,2,2
-2.443,0.04375,AATAGGAGAAATCAAC,D175M H355F,2,2
-2.443,0.01342,ATCTATTCACTTCAAA,E414G,1,1
-2.443,0.0347,TACCTATCCGAGTTGA,L70Y K131Q I242M,3,3
-2.444,0.03672,AATTGATATTGGTAAC,T235E,1,1
-2.444,0.009657,GTGCTAATCTGAATAT,H488V,1,1
-2.444,0.02842,ATCCACCTAGGCAACT,Q191W,1,1
-2.444,0.08527,CATATACCGACGCTTA,E426F,1,1
-2.444,0.08527,CCCGCCAAATGCCCGC,N38T,1,1
-2.445,0.05652,AGTAAAGCGGTCTATA,P55F E401K,2,2
-2.445,0.01577,GAGCTCGACCAGACTT,I418W,1,1
-2.446,0.02634,TTCTAAAAATAATTTA,N424D,1,1
-2.446,0.06209,GTACTTAACCATCGAA,P254K,1,1
-2.446,0.08245,ATAAAACTAGCCGGAC,A372I,1,1
-2.446,0.08245,GCACCGTATTCATCAG,T416P,1,1
-2.447,0.03781,TTATTAATTACCCGAA,L42I,1,1
-2.447,0.04089,AGGATACCACCAGACC,D271W,1,1
-2.448,0.009471,CGTTTTATGAAATCAA,T135E A365T,2,2
-2.448,0.06888,CAAAACAAATAAATAG,I242F,1,1
-2.448,0.06888,TGCCGTATCATTGCAT,D348N,1,1
-2.448,0.04373,TAAATGATTAAACACC,T155N,1,1
-2.448,0.2394,AAATATTATGTAAAAC,P162Q,1,1
-2.449,0.02975,TATACCATATTTACAA,E460V,1,1
-2.449,0.02975,TCCATTATAACCATCA,D348Q,1,1
-2.449,0.09487,AAGACGCGTAAACAAC,A430S,1,1
-2.45,0.06704,CAATGAACTATAGCAG,K189L,1,1
-2.45,0.06704,GAGAAGTGCAGTGCGT,I236L A430E,2,2
-2.45,0.1169,ACATAAAAGAAACGGT,R269G,1,1
-2.45,0.1169,ATATTATGGTATAGAA,,0,0
-2.45,0.02338,CGGGACTTCAATTTAT,K446G,1,1
-2.45,0.03084,CCAAACAACCACTATC,N475K,1,1
-2.45,0.04612,ACAAAACAGCTTGACA,E325L,1,1
-2.451,0.03837,CATATTCCTGCTGAAC,S219Y K315W,2,2
-2.451,0.01115,CGGCTTGACGTTCGGA,N133K,1,1
-2.452,0.01049,CTGACTCTATAATATA,G240W,1,1
-2.452,0.03466,GGGCAACCATCCCGTA,K411Y,1,1
-2.452,0.01956,TCCGATCTATGATGAG,Y161M,1,1
-2.452,0.04976,AAGCATGCGCCTCGCA,T155V R354I,2,2
-2.452,0.04976,ATTACAATAAACATAC,,0,0
-2.453,0.05523,CAAATGATAAATTTAT,R220K,1,1
-2.453,0.02195,TTACTTGAAACAACCC,E403K,1,1
-2.453,0.2185,TTGAATCGATTTTAGC,,0,1
-2.454,0.01114,CACTTGAAAAAAACCT,G16I,1,1
-2.454,0.02551,GCCTAAGCTAACACGA,E359V,1,1
-2.454,0.04786,ATAAAATCCTAGATAC,S400F E484I,2,2
-2.454,0.03895,ACCTCCTAGGCAAATT,E460I,1,1
-2.454,0.1069,TACCAATCTGTCGAGT,L118S,1,1
-2.454,0.1069,TCACGTTCGAGTAAAA,V490A,1,1
-2.455,0.03242,CCAAAGTCTCATAACA,Y302R,1,1
-2.456,0.009151,ACCCATCAAATGCCTT,Q371C,1,1
-2.456,0.08235,GCGGCCTTTGATTTCC,V213T,1,1
-2.456,0.1025,TATCAACATAATAGAA,I202N,1,1
-2.457,0.1358,GATTCCTAATTGAGAC,K82A H488N,2,2
-2.457,0.01763,TCTTACCTACTAATAG,A196F,1,1
-2.457,0.008249,AAGATACGGATCAGCC,Q191K,1,1
-2.457,0.05774,TCCCAAATAGTGATTA,N152Q,1,2
-2.458,0.04445,TTAAGACTATAATTCA,R109K,1,1
-2.458,0.03044,TCGAATAAAGCCTCTC,V237A,1,1
-2.459,0.01062,AAAAAATCGGCATAAA,I202F,1,1
-2.459,0.06522,CACTTCCACGTACTTC,,0,0
-2.459,0.03893,ACGACACTTAGATATG,A196F,1,1
-2.459,0.01939,GAATAGACCCAACTAC,S145W,1,2
-2.459,0.009906,AGTCAGAATCGTTGAA,L151V,1,1
-2.459,0.03512,GCCACTATAAACGCTC,E344I,1,1
-2.459,0.0175,ATCAATTCACCAGATC,N165K,1,1
-2.46,0.09474,CGACCAACAACCGACA,G200E,1,1
-2.46,0.03158,GCATTGAAATATACTT,V406E,1,1
-2.461,0.03416,CAAGGGCTATCCGCAA,S422N,1,1
-2.461,0.0415,ATACAGAAGAAATAAA,I202A,1,1
-2.461,0.03719,TACTCCGCAGTCGAAA,K2Y E172K I202C,3,3
-2.462,0.006332,TAGAATGTATTCTAAG,L151F,1,1
-2.462,0.09128,AAACCCTACATATACA,L42S,1,1
-2.462,0.02016,ACTATTCGTGTTATAA,L496W,1,1
-2.462,0.04016,ATTTCACGCCATCCAA,T10Y Q80H,2,2
-2.462,0.03612,ATAGAAACTTCGACGT,E119R V406L,2,3
-2.463,0.01481,AATAACCCGCTTACAA,D241S,1,1
-2.463,0.0707,AATGCGCCTAAACGTA,D225V,1,1
-2.463,0.08806,AATAGGAGAAGTACCC,D73G,1,1
-2.464,0.1167,AGAGAAACTACATAAT,L431H,1,2
-2.464,0.05769,GAATCCACTTAAGCAT,,0,0
-2.464,0.01713,CCCAAAATCATAAAAA,S9C,1,1
-2.465,0.04872,TACAATCATAATTTAC,R222W,1,1
-2.465,0.02271,AATTAATAACCAAAAG,S205Q,1,1
-2.465,0.026,TAAGAGTGTCATGGTT,P324E,1,1
-2.465,0.3345,AATGGCACAAGTTAGA,G330W,1,1
-2.466,0.007435,ATACTTGCCAACAAGC,T128P,1,1
-2.466,0.06516,GACAGGAAGCCTTCTC,E410T,1,1
-2.467,0.1619,ATACGGCCTAGAAGGA,L86C,1,1
-2.467,0.1619,ATTTGAAGAATTTCAA,I252C,1,1
-2.467,0.02291,TTATTTACATTAAAAA,L151F,1,1
-2.467,0.1067,AGATCTACAAGGCAAT,A364V,1,1
-2.467,0.03558,GTAAGATGTAAGAGTA,G200N,1,2
-2.467,0.1067,GTACGATACTATCTTC,N382W,1,2
-2.467,0.1067,GTTTATTCAGCTTACA,D348F,1,1
-2.468,0.02627,GGTTAGGCCAGGTATT,A317S,1,1
-2.468,0.05172,CACTTGATCGAAGGTG,M346F,1,1
-2.468,0.05172,TAAAAAGCTATCTGTT,N6Q,1,1
-2.468,0.06193,CTATTTTTTTATTTAC,E414I,1,1
-2.468,0.07717,CAAAAACAATATATTT,T30W H183F,2,2
-2.468,0.07717,CTCATAATTATACTAC,G463S,1,1
-2.469,0.1024,GGTGTTTGTATATTGG,E344Y,1,1
-2.469,0.03829,ACGGCATAACTTCATA,I230F,1,1
-2.47,0.295,AGGTAATATCCGTAAG,S228N Q501K,2,2
-2.47,0.09834,CATTCTACTCACGGAG,L86C Q311I,2,2
-2.471,0.05764,CAGTGAGTTATATTTA,I335A,1,1
-2.471,0.1433,GGATATCCTTCTTTCT,E449K,1,1
-2.471,0.005399,TGGTCAATACACACCA,K131L,1,1
-2.471,0.09462,GGAAACGTAACTTTAC,L59Y,1,1
-2.472,0.02171,TAGTAACTCTTAATTA,R220I D348E,2,2
-2.472,0.02014,AAACGGCGTAAATCCG,A19W,1,1
-2.473,0.09116,ATTTAACATTCTTTCA,,0,0
-2.473,0.1355,ATTAGCTCAGTACCAA,L496Y,1,1
-2.473,0.02228,GTTAGTTTCAGCAACA,N38I,1,1
-2.473,0.04437,GGTGTAATACTAACAC,K189F Y470H,2,2
-2.474,0.2639,GATGAGAGCGAATTTC,R229G N475D,2,2
-2.474,0.04359,TGAGATTCGACTAACT,T40Y K140E,2,2
-2.474,0.05168,TTTGCAATAAATCAAG,H488G,1,1
-2.474,0.1285,ACATATGAAATTTTAC,Q132K,1,1
-2.474,0.1285,ACCCTAACACCTCACA,N94W H435N,2,2
-2.474,0.1285,CCTAAAGTATGAACAA,E403V,1,2
-2.474,0.1285,TTGTTATATGAAATAA,N22G,1,1
-2.475,0.02115,ACACGAACGTATCGAG,V130S,1,2
-2.475,0.02519,GTAACCACGGTAACTA,N424E,1,1
-2.475,0.04142,TGTCTAAACCAATAAA,R405Y,1,1
-2.476,0.1222,ATGCTAATGTCTATAA,D104V,1,1
-2.476,0.005408,TTACCAATTACAACTG,R482S,1,1
-2.477,0.2386,ATTAATGACTGAAGCA,T65I,1,1
-2.477,0.05896,TCTTTGCATTACAAAT,S480W,1,1
-2.478,0.04597,AACCATATACAATATG,P162T,1,1
-2.478,0.03825,AGGCCTTCATTCGTTT,S270I,1,1
-2.478,0.04514,ATTACTCAGCTCCAAA,Q210K A476V,2,2
-2.478,0.07478,ACCAAATGATATACAA,Q197W,1,1
-2.478,0.03191,AAAGGATCTCATTAAG,F195R,1,2
-2.479,0.1113,TCAAGACTACTTGAAA,G479S T485I,2,2
-2.479,0.1113,TCTGAGACATAATATG,F174A G504R,2,2
-2.479,0.03604,CAACATTCGAGTACGC,G5A Q434S,2,2
-2.479,0.01965,TCTTCAACACCGATAA,Q191W,1,1
-2.48,0.1066,ACAGTACGCGTTTTTC,H355F,1,1
-2.48,0.1066,GAGGAACGCACATCAT,T167K,1,1
-2.48,0.1066,TTAACATATAATAGCG,L496W,1,1
-2.48,0.01934,TCGGACAATTTAATCA,F448I,1,1
-2.48,0.07056,TATAGTAATGTTCTTT,A365T,1,1
-2.48,0.03455,TATAATAGCTTTAAAA,E432M,1,1
-2.48,0.06862,ACCAAACATAATCATA,,0,0
-2.481,0.0171,CCTTATTGTTGTATTT,S91K L157F,2,3
-2.481,0.01116,TATAAACACACAAATG,R90S,1,1
-2.481,0.2004,ACAAGTTTTCAAGGCT,T155Y,1,1
-2.481,0.04959,AAACCACCTCGTCGCG,E460A,1,1
-2.482,0.09821,AGTCTAGCTGAACACT,,0,0
-2.482,0.0477,CAAAAATTCATGCTCC,K264F E484W,2,2
-2.482,0.0634,GTAAAGTACTAACCAA,V323F,1,1
-2.483,0.1855,TAAACCACTACGATAT,I395E,1,1
-2.484,0.05891,TATGGTCCGCCTCTCA,R201N,1,1
-2.484,0.02206,GTCTCAATAAGCTGTA,G240F,1,1
-2.484,0.08785,AATCCCAATGCCTTGT,K276W F448K,2,2
-2.484,0.1727,GCCGATCAACTCCTTG,I226M,1,1
-2.484,0.1727,GTATACTACAACATAA,L111F R220K,2,2
-2.484,0.1727,GTGGTGCAAGAACTAC,T328V,1,1
-2.485,0.02396,ATACCTGATCATGAGA,S95V,1,1
-2.485,0.05502,CATTATACAAGGGCGG,D241N,1,1
-2.485,0.08207,AAAAATCAAAACCCCA,S193L,1,1
-2.486,0.01249,ACCGTAGAAGACACCC,F192N,1,1
-2.486,0.05383,AGATTAAACCATTAAA,L439S,1,1
-2.486,0.1615,TCCTCGACTAATATGG,R321K,1,1
-2.486,0.1615,TTCACAAAATACAAAG,Q376F,1,1
-2.486,0.05161,ATACGAAATATTCTTA,N126C,1,1
-2.487,0.03071,CAATCGCCAACACTTG,M268Y,1,1
-2.487,0.1517,GGAATATAGTAGTAAC,G142V K397Y,2,2
-2.487,0.1517,TTTAAAGATAGGTCAC,F500L,1,1
-2.488,0.02026,TTCACACTTTATCGAG,N122E K140F S422N,3,3
-2.488,0.02285,AACAAACACGAAATCA,R255G,1,1
-2.489,0.1353,AAACGGATAAAAATTA,Q57P,1,1
-2.489,0.03359,CGACTACATTTTCTTG,V36C P227S,2,2
-2.489,0.04351,CAAATACGACAGGAGA,S198T,1,1
-2.489,0.06499,ATAATGTCAAAATCCA,G275Q D419K,2,2
-2.49,0.1283,CTAGCCCTGCTCGATG,E398K Q407M,2,2
-2.49,0.1283,GCACAGTTTCTATACC,,0,0
-2.49,0.1283,TAAACTTTCACCTACC,H184W,1,1
-2.49,0.04205,GATTCCTTATTCAGGC,G62V,1,1
-2.49,0.06028,AAAACATGAATAGGAC,D175Y,1,1
-2.491,0.01947,TAATATACCAATAACG,L59R,1,1
-2.492,0.02704,CAATGTAGCACCCACT,N445E,1,1
-2.492,0.05379,CAAATTCGTCCCGAAC,G362Y,1,1
-2.492,0.02675,TACAAAACCTGAAATA,T235I K503W,2,2
-2.492,0.02093,CAAATCCTACCACTGA,L59R,1,1
-2.493,0.01458,ATAAACTTTCTATGGA,A196E L496M,2,2
-2.493,0.09808,AAATGAACTTGACATT,A11G,1,2
-2.494,0.04674,AGATAATACACCTATA,L420C,1,1
-2.494,0.03068,ATCACGAATTCATACA,S9G R354T,2,3
-2.494,0.04506,CTTCAGCACTGAGAAG,,0,0
-2.494,0.007367,GATAACCTGAGACTAG,N483W,1,1
-2.494,0.04349,TGATAACCGGTACACT,,0,0
-2.494,0.02858,TTAATTTTTACAAACA,A69W,1,1
-2.495,0.08476,CACCCCCCAGAATGGA,D225G,1,1
-2.495,0.08476,GACAGTACACCACCCT,Y161L,1,1
-2.495,0.08476,GACCCGCTGTGTCCAG,I502Q,1,1
-2.495,0.02041,ACAGTTTACAAAGTCA,F195Q,1,1
-2.495,0.02703,TATACACACACCGTTA,T235D,1,1
-2.495,0.07938,ATCATAAAGTATGATA,I267C,1,1
-2.496,0.07247,CTAATCACCTAAACCC,G23P R482H,2,2
-2.496,0.07042,AAATTCCTTAAAAAAC,K276L,1,1
-2.496,0.03497,TCAAGGAAAACCTTCA,L42V I260W,2,2
-2.496,0.0173,TGTGTAACCGGCAGAA,S146E,1,1
-2.496,0.06849,AGACTCGCTCTATTGA,F147M,1,1
-2.497,0.02222,ATAAATACCGATTGAG,D77K,1,1
-2.497,0.06172,GACCTGAAAGAATTTG,L428S,1,1
-2.498,0.05882,TAGTCAACCACACGGC,Y423H,1,1
-2.498,0.02857,TCAGAAATCCGCTCAG,S156D,1,1
-2.498,0.05617,TAGATTATTTAATGCA,S262R D487M,2,2
-2.499,0.0116,GGTCAGGAATAGAAAC,D225S K503R,2,2
-2.499,0.04346,TCCAGATCCTAAAAAT,D101G,1,2
-2.5,0.03874,TAACGTCAATAGACCA,S193Y,1,1
-2.5,0.03874,TCCACAGAAGCTAAGA,S137Y K140N,2,3
-2.5,0.03815,TGAAAAAGATTGGCCA,N382W,1,1
-2.5,0.01858,AATTCACAGAACAACA,D104F E403K,2,2
-2.5,0.03648,GTAACACTGGACTAGA,K238P N464R,2,2
-2.501,0.02922,GATAACCAATCCACTT,E443I,1,1
-2.501,0.02792,CGTCATTTGCAATTGG,D415V,1,1
-2.501,0.01298,CGCACCCAAAAATGTG,D60E S143N R229W,3,4
-2.502,0.009482,GGCGCTATATATAATG,N159W K238N,2,2
-2.503,0.01483,AGAAATCCTCTTACTT,E449R,1,1
-2.504,0.09795,AAAGCAGAAAGGTCCA,K453E,1,1
-2.504,0.1063,AAAGGGGCTTAAAAGT,G463Q,1,1
-2.504,0.0226,AAATCCAATTTTCATA,K411S,1,1
-2.504,0.09425,AAATGTAATTCGCAAC,P162V,1,1
-2.504,0.2379,AACGATCCATTTATTC,S143C,1,1
-2.504,0.0515,AAGACCCTCCTAAATT,D348V,1,2
-2.504,0.1162,ACAACAACCATTCGAA,D438Q,1,1
-2.504,0.1063,ACCCAAATAATGATGA,R405K,1,1
-2.504,0.2629,ATCGCAAAGCTTTGGG,R255W,1,1
-2.504,0.2629,CAATCCCGCCGCATAT,G240K V406Q,2,2
-2.504,0.1998,CAGCTAACATCAAACT,I274W,1,1
-2.504,0.2172,CCCCAAACCCATGGAT,K368L,1,1
-2.504,0.1998,CGAAAAGAAACCATAA,Q356H A372I,2,2
-2.504,0.333,CGATAAATACGCCCCC,,0,0
-2.504,0.2629,CGATAATAACAACAGT,P103F,1,1
-2.504,0.02562,CGATCAACTATAGACC,P221C I335V,2,2
-2.504,0.2379,CTTCCTACCTCTTCCA,I274K,1,1
-2.504,0.2379,GATTTCTAATTCTTAA,S228T,1,1
-2.504,0.03103,GCAAGTACCATAGTCA,I395C,1,1
-2.504,0.1281,GTTAATAAAACACTAG,I236W,1,1
-2.504,0.1723,TAAAAATTCATTATGA,L118Y,1,1
-2.504,0.1514,TAATCCCGTAAAAAGT,G404V,1,1
-2.504,0.2629,TAGCATTGAACAAGAT,K397W,1,1
-2.504,0.05742,TATAACACTGTCAATG,Q376W,1,1
-2.504,0.09795,TATTAGCAGATTGCAT,I274H,1,1
-2.504,0.2629,TATTCTACCACTAGCT,D68S,1,1
-2.504,0.2629,TCTGAACGAGCAACAA,R33G,1,1
-2.504,0.2172,TCTTAACAAACTTACA,D487E,1,1
-2.504,0.3843,ACAGCATGTATCCCGA,L157P,1,1
-2.504,0.0666,AGAATTAGGCTCGAAC,R229G,1,1
-2.504,0.04946,ATAAATATAAACCATA,T248K,1,1
-2.504,0.07929,CAGATACATTAACCTA,E401K E484L,2,2
-2.504,0.07929,CTCAAACTAACCCAGG,G61L,1,1
-2.504,0.3843,GTTCTGGTCATATGGA,K292Q,1,1
-2.504,0.05371,TTGATTCCCCGATTAA,I242P,1,1
-2.506,0.003486,GTGAATTGCAGTATTT,P215W,1,1
-2.507,0.008394,TACCCTTAAGCGAAAT,D77N I202T,2,2
-2.508,0.01447,ACTAGAATAGGCTAAT,F174R,1,1
-2.509,0.02005,CTAACAATGTTGAAAT,S156D,1,1
-2.509,0.04059,CAAAAGCCCTGGTATG,F500M,1,1
-2.509,0.04267,TGTAAGCCTGCAAACA,I236V E325K K417H,3,3
-2.509,0.02161,TAATCCTACTCACCAC,N159T,1,1
-2.51,0.04847,AAAACGGAAATAAGAA,I377T,1,1
-2.51,0.01221,CCCCCGCTATCCGAAG,Q132F,1,1
-2.51,0.04943,TAAGCCTTGAGTGTCC,S47T I274H,2,2
-2.511,0.01383,CCATACATTTACTGTG,S199T D415K,2,2
-2.511,0.01175,AATTGCACTCTATATA,V166A D175Y,2,2
-2.511,0.05872,CGAAATTAAACCCAGT,A364I,1,1
-2.512,0.07029,TATCACCTAAAAAAAT,E403T,1,1
-2.513,0.07233,TTACAGGCACTCAATA,K131H,1,1
-2.513,0.07448,AGTCATAACATAAACC,Y161V,1,1
-2.513,0.004493,GAGTTTAATGGCCCTT,Q191K,1,1
-2.513,0.03868,TCCCCCGACTAAATCC,F294L,1,1
-2.513,0.03929,CTCAAGTACTAAAGGA,E344V,1,1
-2.514,0.07921,TAACCATAAGCATTTT,N94D S143Q,2,3
-2.514,0.0818,CATTTATTCCCTATCA,S137C,1,2
-2.514,0.04265,ATATCTCTAATTATAA,,0,1
-2.515,0.09072,CTAAATATGTAACCGA,W234V,1,1
-2.515,0.02321,TTTTTAGTGAAAACGG,E35R,1,1
-2.515,0.02365,ACAAAACGAAACATCT,S219W D225Y P273V,3,3
-2.516,0.01957,GAAAATCTGACAAAGA,F147Q P254G,2,2
-2.516,0.1018,AGTACACACTAAGAAT,G286L,1,1
-2.516,0.1018,CATGACACAGAAAACC,I267T,1,1
-2.516,0.009539,ATTAGATTGCCGCCCA,D225G,1,1
-2.517,0.05481,AACACACGAAGTTAAA,D225C,1,1
-2.517,0.05481,AGTTACCCTCACATCC,N190T,1,1
-2.517,0.1108,CAATACACGCTGACAA,G142I,1,1
-2.517,0.0375,CTCAAACCACTAGCAA,H355V,1,1
-2.518,0.05733,GAAATAATTAAAACCG,D438T,1,1
-2.518,0.03866,AGTATTAAGTCAGAAA,A196M,1,1
-2.518,0.004876,CAATACATCAATACCA,R354W,1,1
-2.518,0.06009,TAACCCGAGTCTTGCA,A11I,1,1
-2.518,0.1216,TATCACTCTTCCTAGA,S205Q,1,2
-2.519,0.01775,ACTTCAACTAATGAAT,N483V,1,1
-2.519,0.06313,AAGATCCCAAAGTTAA,Y308L,1,1
-2.519,0.1279,AAAGATCTCAATGCCC,I335F,1,1
-2.52,0.03302,ACAGCCCCGCAAACGT,D461M,1,1
-2.521,0.02882,GTATTTTCAGACCGAA,L244K,1,1
-2.522,0.1511,ATATCCAAAATAAAAA,L428T,1,1
-2.522,0.1511,TCTACCTATTGATATA,N8F L439Q,2,2
-2.523,0.1608,AAAGAGTTGCTTATCT,G62E L157C,2,2
-2.523,0.1608,TCGGAAAAATAAGATA,G465M,1,1
-2.523,0.08171,GTACAAGGATGCACAT,,0,0
-2.523,0.02362,TGCATAGATGACAAAA,H183V,1,2
-2.524,0.01515,TTTCTTCCTTAATCTT,R208D G386E,2,2
-2.524,0.08448,AATTACACCAAACACC,K140A,1,1
-2.524,0.1719,CAAACTAGGCGGACTG,Q434G,1,1
-2.524,0.04334,AATCTCGCCTCAAAAA,D186G,1,1
-2.524,0.0248,AGAACGATATAAAACT,R224F,1,1
-2.525,0.08744,CAGAGTCACGGAACAG,V406N,1,1
-2.525,0.05863,CCGAGCCTCTACGTGG,G49R,1,1
-2.525,0.02255,TAGACCGATAACTTAC,Q197M,1,1
-2.526,0.06307,TAACACAAAATATACA,I236F,1,1
-2.527,0.0977,ATATCGGATATTACTA,K397T,1,1
-2.527,0.04933,AATCCAAATGGAATTC,T65E N497L,2,2
-2.527,0.1993,CACAAAAATTCAATCT,S114T A372D,2,2
-2.528,0.1017,GCTAACATTCCAGTAA,N498T,1,1
-2.528,0.03436,GTAGCATCCTCTATAG,F258M,1,1
-2.529,0.03056,CATGTCATTATTAATG,E403R,1,1
-2.529,0.05356,TACTATAGAGAATCCA,V88T,1,1
-2.53,0.1107,CTACGACAAGCAGCCA,Q80P T416L,2,2
-2.53,0.1107,GCAATCCCCACCGAAA,,0,0
-2.53,0.04487,ACGGGAATTCACACAT,K315W,1,1
-2.531,0.03255,TAATATACCACCTAAA,E457G,1,1
-2.531,0.03298,AACTAAAGAAATGCGA,Q371C,1,1
-2.531,0.03342,CCGTAGCAGATGAAGG,K397Y,1,1
-2.531,0.01018,AGAAGAAAACAATACG,V413T,1,1
-2.531,0.0236,CATGCGTAGCACTAGC,D408N,1,1
-2.532,0.07904,CGATGCCATACCATTA,W84F R255Y,2,2
-2.532,0.2371,TTAATAGTAAAATACC,K264H E410K,2,2
-2.532,0.06,TAGTACATATGGTATA,I374W,1,1
-2.532,0.08163,CGTATATCTAGGAAAC,T485W,1,1
-2.533,0.08439,AATGAAGGCCCAGGAC,G333A,1,1
-2.533,0.08439,TACCTATTGCAAGTTC,E414K,1,1
-2.534,0.1277,CCACCTATAGTATCTC,Q356A,1,1
-2.534,0.1277,TCAACAGTCCCAACAA,S46L R361H T485N,3,3
-2.534,0.004572,TCCAAATATGCAGAAA,D348C,1,1
-2.534,0.08734,AAGGTTCCAATTTCAT,,0,0
-2.534,0.02016,TTTCGGTGGGGATTCT,I274A,1,1
-2.535,0.02452,CTAAATCAAATTGATA,D461V,1,1
-2.536,0.0905,AATATCATATAACCAG,A334S,1,1
-2.536,0.03919,ACAGCGAACCCTATAA,N341C,1,1
-2.536,0.03054,AAATGATATAATTAAA,E403S,1,1
-2.536,0.03091,CCAACTGACCTAGTTG,S146H A430Y,2,2
-2.537,0.0701,AAAATTCTATAGTGAC,I236C N464T,2,2
-2.537,0.0701,AACATCCCTAATAGGT,F195M,1,1
-2.537,0.0939,GATGTTTGCGTCGTCA,K131M A304E,2,2
-2.537,0.01665,AACCAGGTCCTTGCCT,S96C,1,1
-2.537,0.04046,AAGTGGGCCGAAACCT,Q434M,1,1
-2.537,0.04046,CAGCAACAGGAATTTT,I282W,1,1
-2.538,0.01313,AAGCTGGTCTAGATCG,N483F,1,1
-2.538,0.02232,TATGTTCCCAAAAAAA,D271W,1,1
-2.538,0.09757,AAACTTAAAGATACAT,D375A,1,1
-2.538,0.01273,TATCACCAAACTGCAA,D461M,1,1
-2.538,0.2927,TCTTCCAGAAAGAACT,Q454S,1,1
-2.539,0.02314,ACCAAAAATACAGGAT,E426N,1,1
-2.539,0.1508,CCACGATCTTAAGCTA,D271Y,1,1
-2.539,0.04327,GAAAGGAACAAAGATC,G463L,1,1
-2.539,0.07654,CAGATTGATATAAATT,K315N,1,1
-2.539,0.07654,GTTTAAATAAACTGAA,V323E,1,1
-2.54,0.06142,GTACCTCTGTTCAAGT,Q434M,1,1
-2.54,0.003263,AAAATAGGACCTCACA,I25V R354L,2,2
-2.54,0.03917,AATGTTAATATAATGT,F192M,1,2
-2.54,0.06297,CTCATCGGACTACCCA,G463R,1,1
-2.541,0.1605,AACCCACTGAAGCGAG,I217W,1,1
-2.542,0.03294,AAAATCCCCGATTACC,Y412W,1,1
-2.542,0.1105,CCATAAGGTATTCCAC,,0,0
-2.543,0.02403,TGCGAATCAAAATTTC,R354V,1,1
-2.543,0.08429,TAATTTAAACATCTAA,I418C,1,1
-2.544,0.1715,AACCACCTTTCGCGGT,I274G,1,1
-2.544,0.1715,TAAATCCGGAACGAAC,S114W L439Y,2,4
-2.544,0.01378,CATTTAAAATACAAAA,K131C,1,1
-2.544,0.1156,CAAATCTGAGAAAACA,A196W,1,1
-2.545,0.044,AATACAAGCTACTGTC,V36T,1,1
-2.546,0.07206,ATCACATAGGGTTATA,F258T,1,1
-2.546,0.0904,CACAGACATTGTGATG,Q501M,1,1
-2.546,0.1213,TTACCCTGTTAAGGTT,E414V,1,1
-2.547,0.1841,AATATGTTAACTCTAT,I377T,1,1
-2.547,0.1841,CGGACACAAACTCTCA,N498V,1,1
-2.547,0.06138,GGAACAGAAACAATAA,D415H,1,1
-2.547,0.09379,GGTCAAACACCAACAC,T328S G379D,2,2
-2.547,0.04177,AATAATTAGAGATTGA,P215H N464S,2,2
-2.548,0.03428,CAAACACTTAACTCTT,M268C,1,1
-2.548,0.02229,AAGAAAATTGAAGGTC,L409F,1,1
-2.548,0.1274,ATTTTGCACTCATAAT,R224S,1,1
-2.548,0.05462,GACTGCATTATAAAAA,D415K,1,2
-2.548,0.1274,GATTATAAACCCTTTA,,0,0
-2.549,0.02152,CTAAAGTTCTCTTTGT,E426H,1,1
-2.549,0.0229,ATAAACTTTAATCACA,Q57F F294L,2,2
-2.549,0.09745,AGTCAACATAGATTAT,L111H,1,1
-2.549,0.07888,ATTACGCAGCTGTAAC,P221L T328A,2,2
-2.549,0.07888,TTCGACCCAATAAAAT,V204S,1,1
-2.55,0.05712,ATCTTATGCTCGCTCG,,0,0
-2.55,0.03335,ATGGCATAATTGATTC,Y302R,1,1
-2.55,0.1343,AAAGACGGAGTAATTT,P273N,1,1
-2.551,0.1014,TCTACAGCTACTAACA,I48R,1,1
-2.551,0.02906,GCCAGGGGTTTAAAAA,N483G,1,1
-2.551,0.08146,CCCCTCGATTCAAAGA,T187G,1,1
-2.551,0.08146,CTAACCTCGATATCCA,L108M,1,1
-2.551,0.00816,CTCCCACTAGCCACGT,E414G,1,1
-2.551,0.05122,CTTATTACTGAACTCA,K278P E414K,2,2
-2.552,0.01743,TACGTACAATCAAAAA,K189A,1,2
-2.552,0.05986,TTAAACCCTTGCACAG,I202F,1,1
-2.552,0.0842,GCACACCAATTACATC,Y257W,1,1
-2.553,0.009463,AATGAAAGTCCCAAAT,I282K,1,1
-2.553,0.05342,TATACATATTACTGCA,L244A,1,2
-2.554,0.07199,ACTTCACCAATTGAGC,R109H,1,1
-2.556,0.4515,AATTGACATAAATGTT,Y100H,1,1
-2.556,0.4515,TCATTACTGGCAAAAT,L59W,1,1
-2.556,0.4515,TTGCAGTAACTACCTC,A163T G286S,2,2
-2.556,0.04556,TAGTTTGTCAACAACT,K207F,1,1
-2.557,0.0764,AGTATACTTTGGGTAA,S480G,1,1
-2.557,0.0764,CCAGGTGAACAATTAA,L244F,1,1
-2.558,0.02743,CAATGAATACAAATAA,P273C,1,1
-2.558,0.03332,AAAACATAATTATTAA,T167E,1,2
-2.558,0.09368,GAATAAGAAAATCAAC,H488N,1,1
-2.558,0.05226,CGATACAATTCTTTAC,S378W,1,1
-2.558,0.2364,TTTCCCACTATATAGC,S378T,1,1
-2.558,0.07881,AATTACCCATATACTA,S199M,1,1
-2.559,0.03972,GCATTGTAACACTTGA,D438V,1,1
-2.559,0.01706,AGAATTCTAACTACGC,I29S,1,1
-2.559,0.03424,TGAAAATAAAGACACT,Q191S,1,1
-2.559,0.02398,AACATATTAAAGAATC,N498I,1,1
-2.559,0.1601,CTGACAATGTACCTGC,G463N,1,1
-2.56,0.1211,AGAACCGAACTATTTG,H435F,1,1
-2.56,0.09733,AGACTGAATTGTGCTC,R299W,1,1
-2.56,0.06991,TGTATGAGCAAAACAG,R229S P284S,2,3
-2.561,0.015,CTTCTCTCCCATCACC,,0,0
-2.561,0.009009,ACCCAAACACCCCCCG,E398K,1,1
-2.562,0.08412,TAACTCACCATCTCTC,K397Y,1,2
-2.562,0.1013,GACTTTTCAAACTCAA,P324R,1,1
-2.562,0.1013,GTAATAATAATAACAA,S247T,1,1
-2.562,0.1272,TCTATGGTCTCTGGCC,R354V,1,1
-2.563,0.1711,TGATGAAGTAAACAAC,W234H,1,1
-2.563,0.02868,GTACCAATTGAACTCC,E344F,1,1
-2.564,0.2611,GTAAGAGTTAAATTAC,S270M,1,1
-2.565,0.03519,ACGAATTAGATGAAAC,H184W,1,1
-2.565,0.06615,AAAATTCCGAACACTT,,0,0
-2.565,0.07632,GGGTACAAAAGTTAAG,D461H,1,1
-2.566,0.09019,AAGCACATCCGTTTTA,I202L,1,1
-2.566,0.06795,AAATCCCTATAAAACC,,0,0
-2.566,0.06795,TTCCCACATCAACAAC,L244R,1,1
-2.566,0.02597,ACAGTACCCGCGAATG,V309M,1,1
-2.567,0.04551,ATCGAAAAAAAGTAAG,E359L,1,1
-2.567,0.01337,CGGTCTAAACAATAAA,D241S,1,1
-2.567,0.1102,AACACATGATAGCGAC,R222Y,1,1
-2.567,0.07873,GAGATCGCCATATTAT,N190G,1,1
-2.567,0.06123,TGTTGAAAGAAAATAT,Y257W,1,1
-2.567,0.01728,AAAGTATACGCCCATA,I236Y,1,1
-2.567,0.01976,ACGAAATAAGGAAGGC,D441Y,1,1
-2.568,0.06985,ATACCGCTATAATACA,V204L,1,1
-2.568,0.03729,CTTATATTTACAAATG,N63P M444I,2,3
-2.568,0.09357,ATGAATAGTATTAAGT,I226C,1,1
-2.568,0.05113,AAATGAGAAGTAAACA,N250H,1,1
-2.569,0.1417,CTCAAAATCAGAACTA,,0,0
-2.569,0.057,CCGTTCAATATTCGCC,N170S,1,1
-2.57,0.07186,TAAAGTCATCGCACTT,R299S,1,1
-2.57,0.1153,AGCTTGGAGAAAGATC,V204A,1,1
-2.57,0.1153,CACGCTCATAAAGGCG,G404P,1,1
-2.57,0.1153,TGACTTTATAAAAACA,I160S E359M,2,2
-2.57,0.01803,AAATACACAACGCAAC,L118S,1,1
-2.573,0.1502,GTAAACATGAAATACT,R229C,1,1
-2.573,0.0431,AAAATACAAAAACTCG,T117D,1,1
-2.573,0.01727,GCAGCGTAATCACTCC,L244W,1,2
-2.574,0.07625,TAAACAAGCTGCCCGG,D175F,1,1
-2.574,0.05569,AACCCCCTAAACATAG,Y308M,1,1
-2.574,0.0472,TGTTTTAACTATAATC,N133K,1,1
-2.575,0.03465,AACGTAACTAGAAATC,S378E N498E,2,2
-2.575,0.03902,GACGCAAAGACTTATC,R361C,1,1
-2.575,0.04464,CAAATTACATATGTAT,N158W,1,1
-2.576,0.05696,TTGTGATAGTAAATGC,L431C,1,1
-2.576,0.02515,TACGCAATATCAGGAC,R109T,1,1
-2.576,0.02738,AACCTACAGGTCACAT,W180F,1,2
-2.576,0.01001,CTTCGCGTTCATTATC,N133R,1,1
-2.577,0.02768,CGTACAACGACAAAAT,D366Q,1,1
-2.577,0.1598,GCAAGAGGAGGCAAAC,L243V,1,1
-2.578,0.2154,AACATTTCAGACTAAA,R482W,1,1
-2.578,0.08121,TATAACCCAAGGTACA,R229C,1,1
-2.579,0.09346,ATCCCATGAACTGATA,L244K,1,1
-2.579,0.05968,CCACGATCGCACTTGA,L42T,1,1
-2.579,0.1101,AAGAATAGAGACTGCT,Y233E,1,2
-2.579,0.1101,ATATGTTAACAACGGC,A196Y,1,1
-2.579,0.3302,GCCAAACTTAATAAAA,V166W,1,1
-2.579,0.03669,TAACAGTATCATGATC,R255S,1,1
-2.579,0.1101,TATATCAATCGTTGCA,,0,0
-2.58,0.03324,TAACATACACCTCAAA,P21T N298Y,2,2
-2.58,0.07392,GCCTCCTTCTCCTCAC,K207I,1,1
-2.58,0.1339,AAAATATGAAGACTAA,E403K,1,2
-2.58,0.01217,GAAATTGGCACGTAAA,D438F,1,1
-2.58,0.02393,CATATTTAATTATCGC,E414I,1,1
-2.581,0.02798,AATTTCTACTTTCACC,D271L,1,1
-2.581,0.03962,AATAATATAGGAAATT,R321Q L367I,2,2
-2.581,0.06784,ACGATTTCAACTATAA,G362D,1,1
-2.582,0.1708,CGATCTCTTAACCCCT,S422A,1,1
-2.582,0.1708,GCAGTGAACCAACATT,V204M N483S,2,2
-2.582,0.04903,AGCGTCATAAGAAGGG,,0,0
-2.583,0.06268,TGATCTGACCCTATAT,Q57D,1,1
-2.583,0.03154,TGAAGACCTTAGTTAC,K503P,1,1
-2.583,0.08686,GTATTCCCTCAATGTC,I274Q,1,1
-2.583,0.06973,CTAAGAATTTACTAAC,R222I,1,1
-2.584,0.02592,CAGATGAATATAAATA,Y470I,1,1
-2.584,0.05001,AAGTCACTAAATACGT,F147V,1,1
-2.585,0.1414,CACTGATGGAGAGTAA,S199I D415Y,2,2
-2.585,0.02861,AGAATTCATATTTGGT,K259E,1,1
-2.586,0.08999,CAGGCGTAAACTTGCG,K310Q E398K,2,2
-2.586,0.04805,AAACCGCTTTTCTATC,G362S,1,2
-2.586,0.02487,ATAATCGATCACTTAC,D415V,1,1
-2.586,0.05561,AGAACACAAAGTTGCC,,0,0
-2.587,0.03837,CCATCAGTAAAACTTT,I29W,1,2
-2.587,0.0521,CCGATAAAAGATGCTA,G352F,1,1
-2.587,0.02928,GAGACAAGCTGAGAAC,N498K,1,1
-2.587,0.0611,GTACCCGTCAACTAGC,T318Y,1,1
-2.588,0.01469,ATGACGAGTTTCGACT,L251V,1,1
-2.588,0.1053,AGTTTTCTATAGAACG,T318G,1,1
-2.588,0.07386,TGGCCTAGCGCCCTAA,N458S,1,1
-2.589,0.03234,ATCAGTCTGTCCACTA,S146F,1,1
-2.589,0.09336,CCAGTACGCTGTTCAC,,0,0
-2.589,0.1499,AGGGGTATAATCCTGA,N38W,1,1
-2.589,0.04998,ATGACTAACACAGAAA,I274V,1,1
-2.589,0.1499,CTATTCACCTCTACTG,,0,0
-2.589,0.06263,AACGAACTCAGGCAAT,I3E R222E K468C,3,3
-2.59,0.03958,AAATTTAGACAGTTGC,D60M,1,1
-2.59,0.02893,ATTCTAAAAGACAACC,D415K,1,1
-2.59,0.04712,CAATAATTGGTACAGG,D415L,1,1
-2.59,0.02219,CCGAGTCGTAACAAAC,E35T,1,1
-2.59,0.08386,ATCCAAATTAAAATGG,R222M,1,1
-2.591,0.051,GAGCAATACATAGAAA,T187K,1,1
-2.592,0.04538,GGCATAAATCTTAATC,K207L N341L,2,3
-2.592,0.09698,ATAAACATACCTACCG,T187W,1,1
-2.592,0.05557,TATAATAGTGCTTTAA,A138G,1,1
-2.593,0.08677,TTCGCTGTATAATACA,I236F E410K,2,2
-2.594,0.01459,GCAATGGTGCCCTACC,F192K,1,2
-2.594,0.1978,ACAACATGAGATTTAA,K2L,1,1
-2.594,0.1978,CTAATAATCCTAAACA,L66M D408N,2,2
-2.594,0.06594,CCATAACGAGTATCTC,N122S A304V,2,2
-2.594,0.03458,CATGAATTATTTAACC,S145C,1,1
-2.595,0.1595,TACGAAGAACGAGCCG,T128H E457L,2,2
-2.595,0.02858,GCAAGAGCCTGGAGCA,K310P,1,1
-2.595,0.007348,ATCAAAGAAGGAAATT,N6W S96E,2,2
-2.595,0.1336,GTAAGCATATACATAA,R255K G504E,2,3
-2.595,0.01825,TTATATATAGATTCCA,,0,0
-2.595,0.115,TGAGATGACACGCAAG,L431F,1,1
-2.596,0.1009,TAATGGGATAACTTCC,Q363N,1,1
-2.596,0.01326,ACACCCAAGGCTACAA,S369Y,1,1
-2.596,0.08105,ATCCCAACAGCCTTAT,T436S,1,1
-2.597,0.02484,GCCTGATGGCCTGTTG,,0,0
-2.598,0.02237,GCTTGAGATAATTACT,L420N,1,1
-2.599,0.06419,ACGACAAAAGATATTA,E35R,1,1
-2.599,0.07604,AATTTCATTCAAAAGC,G362F,1,1
-2.599,0.02535,TATTCCTTCCCCCATT,E359V,1,1
-2.599,0.02792,CTGATAGTAAAATACC,E432C,1,1
-2.599,0.08377,TTTATAATCCCATTGA,A93G,1,1
-2.599,0.09325,AAACCTCCTAATAACT,P162D,1,1
-2.6,0.02216,AGACATACAAGATCTC,K131R G463S,2,2
-2.6,0.1205,ATCCTAACAATAGATG,A430H,1,1
-2.6,0.03032,TTTTGTGCATAAACCA,S378W,1,1
-2.601,0.1704,CCAATACGTAAAGTTA,N298M,1,1
-2.601,0.02959,CTTGAAATACAGGTAG,L70T,1,1
-2.601,0.2148,ACAAAAATATGACCTA,,0,0
-2.602,0.07843,CATACTCTGAGCATAC,A425W,1,1
-2.603,0.2906,AAACATATATTAATAT,R229Q,1,1
-2.603,0.2906,TATCCTATCTGACATA,V490N,1,2
-2.603,0.09687,AAACTTACAAATAAAT,D415G,1,1
-2.603,0.04152,AATACATCCCATTGCA,I395H,1,1
-2.603,0.09687,ATTTTCTTGCAATTAT,Q211G,1,1
-2.604,0.1098,GATAATCCATTGTCTA,R255W,1,1
-2.604,0.06767,GCGGCGCGCTACAACA,R90K,1,1
-2.604,0.04891,GATTACAAGATTCAGT,D104Y,1,1
-2.605,0.0555,CCAGAAACTAGATCCG,N483M,1,1
-2.605,0.0555,TCTCAATATCCGGAGG,I282C,1,1
-2.605,0.0445,ATGGAATAAAACTCTG,D77W,1,1
-2.605,0.03714,AGACAATTCTAATACT,Q363I,1,1
-2.606,0.449,AGTAAATTGAGATCCA,Q376K,1,1
-2.606,0.1497,AGTAGAACGAAGATAA,R354L,1,2
-2.606,0.449,ATAAACACCTTTAATT,K368N,1,1
-2.606,0.449,TTTTGCCAGATATAGT,S96W E494L,2,2
-2.606,0.06956,TAACAAAGTGACAAGA,L118M S266R T388R,3,3
-2.607,0.01081,TGCTAAGCAGGCAAGT,V323W,1,1
-2.607,0.0415,ACCTAGCCAGGGATTA,D73N,1,2
-2.608,0.01578,CGATCAAACTCATATA,T155I S312E,2,2
-2.608,0.05091,AGAATATGTCCTACAT,V406N,1,1
-2.609,0.05808,ACGCTTTACCACATAC,R482L,1,1
-2.609,0.09315,TCCCTCAGCAAAACAT,F467H,1,1
-2.61,0.04448,GACAACTCTCGAACTA,E172K L431V,2,2
-2.61,0.1334,GGAATAGTGAAATATG,,0,0
-2.61,0.01184,AGTCCCTTAATCTCAG,H183M,1,1
-2.61,0.0408,AAACTAATAAGAAGTA,G62E D241H,2,2
-2.61,0.2351,AAACAGTATTTTTATG,P55S,1,1
-2.61,0.2351,TGACAAAGCTTATATA,A196R K326R N475W,3,3
-2.61,0.07836,AGTAATCATCTCAGGT,A138G,1,1
-2.612,0.05947,TATCAGTCCCGTACAC,R201Y K468S,2,2
-2.612,0.1592,ATAAAAATCACTGCGA,P169Y,1,1
-2.612,0.02991,ACAATTCACATAAAGA,Q132R,1,1
-2.612,0.07366,GAGGGCCATTATACAC,,0,0
-2.612,0.03551,CATTTGCGTGATAAAC,Y308I,1,1
-2.613,0.1204,CTCGTTCTAACCAACT,A476P,1,1
-2.613,0.1204,GAACACACCGTAATTC,,0,0
-2.613,0.02611,CCTTCATGTTTGAAAT,K368L,1,1
-2.613,0.09676,AAAAATTACCGTTAAA,L409F,1,1
-2.613,0.01795,GGACAGGTTCAGTACC,D438Y,1,1
-2.614,0.04218,CTACTGCTCATGGAAA,T328E T451P,2,2
-2.614,0.03143,CACTCCCCTCGAGGAC,T30L D366N,2,2
-2.615,0.03655,AAACTTGAACACTACA,R456K,1,1
-2.615,0.06578,ACATGCTACTCAAAAG,L15V G218D,2,2
-2.615,0.0759,ATTATGAATATATTAA,Y161H I374T,2,2
-2.615,0.1096,CCCTTCCTAGGTCAAC,D415K,1,1
-2.615,0.3289,CGAACCAGTAACTAAG,S480H,1,1
-2.616,0.04526,GGTACATTCAACCAAT,,0,0
-2.617,0.04983,ATCTTTAACAAGTTCT,Y233I,1,1
-2.617,0.0345,TCTCACGCTACTTGGA,K315T,1,1
-2.617,0.07149,ACTTTTCGTGCAACTT,C473D,1,1
-2.617,0.07149,TCCCCAATACTTCTAA,R299F N489K,2,2
-2.617,0.08361,ACAAAAGTATCCATTA,R405W,1,1
-2.618,0.1007,CCCACAACTATATCTA,Y302R,1,1
-2.618,0.1265,AAAACAAATTAACAAA,S378F,1,1
-2.618,0.1265,GACACCCAACTTTTGA,Q454D,1,1
-2.618,0.03266,TACATCTACAACTAAA,I260N,1,1
-2.619,0.1701,CCCAGATACTTTGCTG,V102S,1,1
-2.619,0.1701,TGTATACTAGGCCCGT,P162E,1,1
-2.62,0.06405,AGTGACACTCGAGAGA,F174V,1,1
-2.62,0.005402,CCCTGTCATCGCAAGC,T440G,1,1
-2.62,0.05419,TACATTTTGTCTGATA,N81C,1,1
-2.62,0.1147,AATAGAGACGCAGGAA,I260K,1,1
-2.62,0.1147,TATACACTACGTCCAT,P293Q,1,1
-2.62,0.01949,CATCGAAGAATGCTTG,R222I,1,1
-2.621,0.0519,GATCCGTTTATCTGGA,N45E N159E Q501F,3,3
-2.621,0.06944,CATTCACTACCGACTT,F174E,1,1
-2.622,0.1494,AAAACCACTTAAAGGG,D85L,1,1
-2.622,0.1494,AAAATAGACGCATTAT,R222D,1,1
-2.622,0.1494,ACAAACACTTATCGTC,I160R W234L,2,2
-2.622,0.1049,AATTATTTTTTTTTCT,T167Q,1,1
-2.622,0.1049,ACATTTGAAAACTATC,Q327N T485V,2,2
-2.623,0.02063,TTGTCAGCCCGAACAA,R222T,1,1
-2.623,0.03652,GTGCAATTAAAGAGTA,G200Q K411N,2,4
-2.624,0.02211,AGTTAAATAAGTACTA,E426L,1,1
-2.624,0.1332,ACGCCCTACTTACATA,S205I,1,1
-2.624,0.1332,AGATGCGCGATACTAG,E35T Y233H,2,2
-2.625,0.02817,GATGACAGCAAGCCCT,K446T,1,1
-2.625,0.2143,CAAACTTACGGTTATC,V309M,1,1
-2.625,0.04286,GAATTTTACCACAAAA,Q197W,1,1
-2.625,0.2143,GCACAAGGTACCTGCT,,0,0
-2.626,0.009143,AAAAGGAGCTCAGTTC,S91W D487M,2,2
-2.627,0.03023,AGACACTTACGGGACA,S96L,1,1
-2.627,0.02607,ACTCCCCAGTGAAATA,G333L,1,1
-2.627,0.01404,CTCATAGCAACTAATC,K452V,1,1
-2.627,0.07821,GTACAGTTTAATAACT,F467V,1,1
-2.628,0.004373,CACTAACAAGCAAAAA,K292P,1,1
-2.628,0.05797,TATAAAGGAATAAAGT,V182F,1,1
-2.628,0.1005,AAAGGCTAGCATGCAA,S107F,1,2
-2.629,0.05536,GAGTTCCCATCCCTCT,S231L L381Y,2,4
-2.629,0.1589,ACATTCAGGTATACAT,Q132R,1,1
-2.629,0.1589,ATAAAAAAGCCAACTA,R222C,1,1
-2.629,0.05297,AAAGTGTCTCTAAAAA,G345C D415N,2,2
-2.629,0.01637,TACTCCCTTACAACTC,R109M,1,1
-2.63,0.08642,AAAAGCCAAACTTTTC,H488F,1,1
-2.63,0.03306,GCATCAATCTGAAATG,S143D,1,1
-2.631,0.04691,AAAAGACCAAAAGCAA,V323T,1,1
-2.631,0.02692,GAGTACGCGGGATAAG,K131E G404T,2,2
-2.632,0.07577,ACATACATAAATCACG,N8W K207I I395F,3,3
-2.632,0.07577,ACTCTTGTCGTATGTA,S143C,1,1
-2.632,0.1263,AGCGATAATAAAGGTA,S96D,1,1
-2.633,0.06746,ATGCGGAGTCAACTAA,P162R,1,2
-2.633,0.04602,TAGACTACTAGCTAGA,I51F T203N,2,2
-2.634,0.1048,TCACTAGCAAAGATAA,F338M,1,1
-2.634,0.04282,ATGTTATTCTAATCGT,N424D,1,1
-2.634,0.2896,AAAAGAAGTTCTAAGA,P324R,1,1
-2.634,0.05793,CAATATTCCTCAAGCA,F79W,1,1
-2.634,0.04138,GAACAAAAACCAATCT,N464H,1,1
-2.634,0.02633,TCTCATGCCAGTAAAC,D461W,1,1
-2.634,0.01901,GACAGGATATAGAAAG,V309A,1,1
-2.635,0.03877,AACCTAAATCCTTAAT,S219G N382L,2,2
-2.635,0.02333,CTATATCAATAACAGG,E359G,1,1
-2.635,0.05076,GTTCATGCCACAGAAA,V182Q,1,1
-2.636,0.2344,AAATTGCGAAAGGGCC,F500W,1,1
-2.636,0.2344,AATCGAATTAGGTAAA,R109D,1,1
-2.636,0.2344,GTAAGTTTAATTAACA,E460G,1,2
-2.636,0.04516,GAACATCCTGAAGACA,F125M,1,1
-2.636,0.03096,ATAAGTCTTTACTCAA,R201S N246K,2,2
-2.636,0.06933,AACTCGATGATAATCC,A113V Y308R,2,2
-2.636,0.04068,ACACAGCTTACACCAT,V112F,1,1
-2.637,0.06563,ATATTTAAAAATATAC,G200E,1,1
-2.637,0.1969,GAGGATTTGAGCTGCA,S137I,1,1
-2.637,0.02524,GTTCTTAACAAAAACC,K171C Q434S,2,2
-2.637,0.02473,GTGTCACAACAAATAA,K411W,1,1
-2.637,0.03303,GGTCAGAAATGGTTCA,I29T,1,1
-2.638,0.04778,AACATTTCTATTAATT,I418A N497R,2,3
-2.638,0.01961,TACTTTTACACTCACA,Y257C,1,1
-2.638,0.133,ACTTATCTGAACATAT,N298M,1,1
-2.638,0.133,TTTATTACTAAACAAA,I267R,1,2
-2.638,0.0428,TCCCCCTACATCTACT,G330A R361S,2,2
-2.638,0.009824,GTTGAAGATTCCATTC,S47E N298D,2,2
-2.639,0.12,CTTATACGCATGAACA,E484V,1,1
-2.639,0.1094,TGACTTACGTATCTCC,,0,0
-2.639,0.1004,AGACATACAATTAAAG,Q57I,1,1
-2.639,0.09285,CTATACACCGAGATTA,S247P,1,1
-2.64,0.01635,GGATTACACAATATTT,V112T,1,1
-2.64,0.08067,CAGGGCTAAAGTGTTC,K259H V406A,2,2
-2.64,0.01514,GACGGCTATGATCATA,I274Q,1,1
-2.64,0.05789,AACAAGTTAATCCTAG,,0,0
-2.641,0.01505,CATACCATAGAATGAA,N159D Q164T,2,2
-2.642,0.01434,ATGCTAAAGCTAAACG,S480F,1,1
-2.644,0.06928,GGGACAAACTCAGCGA,L111W,1,1
-2.645,0.1144,AATATATCCATTCCTC,E398K,1,1
-2.645,0.1261,TATCAATACCCCTAAA,R222C,1,1
-2.645,0.04203,ATTTCCGACAAACAAT,L431N,1,1
-2.646,0.1405,AGATAAACCTAACAGT,E432W,1,1
-2.646,0.1586,ACCATAAACTAACAAT,Q376W,1,1
-2.646,0.03345,GTAACTACTGCCACAG,S110P,1,1
-2.647,0.0233,TGGCCCATTAATATAA,N464R,1,1
-2.648,0.2138,GATTATAACGAAACAA,M168R,1,1
-2.648,0.2138,TTCCGGGTCAATCGAC,T65M,1,1
-2.649,0.05175,ACCATCAATGGGTTAA,M268T,1,1
-2.649,0.2587,CGACTAGTCAAAGACA,S124Q E460I,2,2
-2.649,0.02495,ACATCCCCCGTCTAAT,K310Q,1,1
-2.649,0.0565,ACAAAGTTGTTCGTAC,Q327R R405C,2,2
-2.65,0.01369,CGCAGAAAAGAAGTCA,G116E,1,1
-2.65,0.02777,CCCAGAAACATGAGTG,N424S,1,1
-2.65,0.02908,ACAACCCAATGTCCCG,N38L,1,1
-2.651,0.1199,GAGGAGCTGAGAGTCA,D375H,1,1
-2.651,0.1199,GCACCCTGATAACTAG,N298M,1,1
-2.651,0.1199,GGTCTTTACGCTAAAC,R229Q,1,2
-2.652,0.05284,GCCTAAACTATAACAT,Q191A,1,1
-2.653,0.02374,ACTATACCCCACCATT,I34S,1,1
-2.653,0.0317,CTCTAATATAGAAAAC,H488Y,1,1
-2.653,0.01989,GTATACGGCAATTAAT,Y161C,1,2
-2.653,0.03254,ATGTCTCCCGGGCCGG,,0,0
-2.654,0.4467,ATAAGCCATAAAATCT,E396A,1,1
-2.654,0.1489,AATTCCCCACGATATT,G240Y,1,1
-2.654,0.1489,ATTTAAACGGCACTCC,Y233K,1,1
-2.654,0.1489,TAGTCACTAAAGACCC,N475A,1,1
-2.655,0.01826,CATAGATTGGACGTTC,S144Y E403Y,2,2
-2.655,0.02145,TCGTTTCAGCCTGCTT,V88M D415N,2,2
-2.655,0.0712,AAAATCAACAAACGCA,F174Q,1,1
-2.655,0.0712,AGGACAAACGCGAAGA,L59F,1,1
-2.655,0.1694,AATAAACTCTCTCACT,T206L,1,1
-2.655,0.1694,CCACAAACAAGTGATA,R109I,1,1
-2.656,0.01912,AAATCAAAAGTAATCA,N158W,1,1
-2.656,0.1045,AGAAAACTACAACAAT,K2I,1,1
-2.656,0.07557,TACCTATAACTTGCTA,F332M,1,1
-2.656,0.05918,GAATTGGTAAAAACCC,P221E,1,1
-2.657,0.05064,AGGCCGTCAACACTCA,R354F,1,2
-2.657,0.06218,TTGACATAATCTATCG,P162L,1,1
-2.657,0.1142,CCCTAACACAAAATCG,G249S,1,1
-2.657,0.1142,GCTACCGCGCACGAAA,K50S E403K,2,2
-2.658,0.03929,AAAGTCCAGCTATCAA,H18V,1,1
-2.658,0.1965,TAAACATAAAACGGTT,F125I,1,1
-2.658,0.0459,AACTCCCCCTCCTAAT,S369Y,1,1
-2.659,0.0496,AATAAATCCCAAAAAT,D419C,1,1
-2.661,0.07794,CGAACACAAATTATAC,M268T,1,1
-2.661,0.03692,CTCTACTTAAAATCGC,S96N A425V,2,2
-2.661,0.1002,AAACAGAATAAGAGAT,L428H,1,1
-2.661,0.02654,CAGCTTTCCATAGCCA,,0,0
-2.663,0.04588,CATAACTAAAGACCTC,E359L,1,1
-2.663,0.07114,CTCTAGCCACAAACAA,D415T,1,1
-2.663,0.1583,AAAATGTATCATATTT,R354K,1,1
-2.663,0.1583,AGCGACTCTGAATTAT,R354W,1,1
-2.663,0.05278,CTGATCAGCAGCTTAA,A495K,1,1
-2.663,0.01262,ATCAGTCTTGTTAGAC,Y161E,1,1
-2.664,0.01439,TTCTATCATTGCAACA,E432M,1,1
-2.664,0.06544,CGACTAACTCTTAAAG,H488M,1,1
-2.665,0.03011,TTTTCCTCACAGAAAA,D487F,1,2
-2.665,0.03804,CGGGGAGTACTAAAAA,F448A,1,1
-2.665,0.05166,GTAAGCGGCAACATAG,L420C,1,1
-2.665,0.05166,TGACCAACAAACGAAG,,0,0
-2.665,0.08045,CAGAGCTACACCTCCT,I395T,1,2
-2.666,0.03635,CACATACCAACACACA,N341C,1,1
-2.666,0.1326,CGCATCAAAAACTATC,N158I,1,1
-2.667,0.03746,CAGGCCTCTGATATTG,,0,0
-2.667,0.0325,TAATGGGTACCACGCA,S247C,1,1
-2.667,0.02711,CCGCAAGGACTAAATA,T451L,1,1
-2.667,0.07323,ATGAGATTGGGGTTGA,K27Y,1,1
-2.667,0.03863,CTAAAAACTAAGGACT,G200W,1,2
-2.668,0.02938,ACAAAACCATAAACTT,Q371M,1,2
-2.668,0.03689,ACCACACCCATAATTA,G342D,1,1
-2.668,0.05275,ATGTAGTATGATACTT,S96K,1,1
-2.668,0.05275,TCTATCTTAACGAACG,T128G E410K,2,2
-2.669,0.07787,TTTATTAAGTATACAT,S156T,1,1
-2.669,0.1141,CACTTTTCTCAAAAAA,L118S,1,1
-2.67,0.06209,TTCACATTGTCTAACA,Q356G,1,1
-2.67,0.2133,AAACTTGCCAGTTGTA,P273F,1,1
-2.67,0.2133,ACCGAGAATGACCATT,K450V,1,1
-2.67,0.2133,CGGAAAAAAAAAAAGA,Q434S,1,1
-2.67,0.07109,TAACACGTACTTAATT,N122H R220Y Q434K,3,3
-2.671,0.08313,GGAAACTTCAAATAAG,L111C,1,1
-2.671,0.08313,TATTCAACTTATACAC,N296Y,1,1
-2.671,0.03744,AAACCCATTGCATATC,D438A,1,1
-2.672,0.1257,AACCCTTATCTGTGCT,P4F G333Y,2,2
-2.672,0.3772,AAGGTCCCATAGCCAT,,0,0
-2.672,0.3772,ACAAACGGAGATAATG,G78L T235N,2,2
-2.672,0.3772,AGGCTCCGAATTATAA,P162G,1,1
-2.672,0.02902,CAGGCATATAAAAACT,I179T W234F,2,2
-2.672,0.02515,CGCATCAAAGTAGCCA,N165D,1,1
-2.672,0.1257,TTATTTAATACATAAA,S107Q,1,1
-2.672,0.07545,TATAAGATGGGTTGTT,E494F,1,2
-2.672,0.008901,ATAAACATCACAAGAA,T318G,1,1
-2.673,0.08916,GTCGCATCATCCCGTC,E414K,1,1
-2.673,0.009133,CCAGAACGTTGACATA,S143F N165S,2,2
-2.673,0.02416,CAGACAATAAAAAATT,M168Y,1,1
-2.674,0.02464,ATACGCAAAAAAATAC,G379K,1,1
-2.674,0.009826,GGTTCAGGACCTAACG,V182P,1,1
-2.675,0.03008,TAAGCACATTAGTTGA,I58C,1,1
-2.675,0.1401,GTGGATGCCACAGCAT,D32T,1,1
-2.675,0.05508,ATAGCTAACAACTGTC,Q57Y Y100V,2,2
-2.676,0.258,AGCCGTAAAACACTAC,E398K,1,1
-2.676,0.086,TTGTGGTATGGTGTGA,G404Y,1,1
-2.676,0.01597,ACCCTGGCTGACCAAC,K82H E344I,2,2
-2.676,0.02068,CAATACTAATAAGCCA,I282W,1,1
-2.677,0.0338,CACTGACCTTTACACT,R299F,1,1
-2.677,0.0778,AAAGAACGTACCAGTT,S378F,1,1
-2.677,0.0778,ATACAACATCTACTCC,N424F,1,1
-2.679,0.02218,TCAGTGAAAATCTACG,K27V A163F,2,3
-2.679,0.01335,GACCGAAGACACAGTC,Q80N V166N,2,3
-2.679,0.04261,CAGGAGATCTAAAACC,G61S E280S,2,2
-2.679,0.08306,TATCAAAATAAATCAT,S96A D348E,2,2
-2.679,0.03289,CACAACAGACATTTAA,D415Q,1,1
-2.68,0.1324,AAACCTGTCCCTATAG,D348M,1,1
-2.68,0.005639,ATGGGCACCCGATGAA,N31D N38K N483E,3,3
-2.681,0.03798,TAAATACGCGCCATTG,,0,0
-2.681,0.09998,ATCCGGTTAGTAACCA,F192G,1,1
-2.682,0.08907,GGCACATATTATACAT,R222N E403K,2,2
-2.682,0.07311,ATGTATTGATAAAATA,S144V E414K,2,2
-2.682,0.07311,ATGTCTGCGTCTACAG,A106G E457Y,2,2
-2.683,0.01769,TTCGTACATTGGTCCG,M346F,1,1
-2.683,0.06201,TAAACTTCTATATACC,V323T,1,1
-2.683,0.02933,CTGCTCAACAGGTGAA,M444T,1,1
-2.683,0.05763,CAAAAGAATTTACTAC,R224V,1,2
-2.684,0.03857,GTATAGTCTATCAAGC,S205V,1,1
-2.684,0.03524,TTAAAGACCATCACTA,D60Y,1,1
-2.684,0.007235,GAGCCGGGTCAGGGAC,P99S,1,1
-2.685,0.2332,AAAAGTTAGCAATATA,N126K E398K,2,3
-2.685,0.2332,CTACTCGTGAATACAA,N464M,1,2
-2.685,0.2332,GGTAAACCACTGCTCA,Y105I,1,1
-2.685,0.3265,CGAATAGATATACACA,E432W,1,2
-2.685,0.04664,CGGCACCACACAGCCT,N246R,1,1
-2.685,0.1088,GATTTTAAACAAGGAA,F148Y,1,1
-2.685,0.07098,TATGCCTTCCTACATT,D271Y,1,1
-2.685,0.1256,TGAGTTTTTAGTGTGA,D487P,1,1
-2.686,0.02412,GGTCTGAGCAGTGAGT,N424M,1,1
-2.686,0.02486,TAACCATGCAGAATAT,F192N,1,1
-2.687,0.05154,ATCCGTAATGATATAC,V166N,1,1
-2.688,0.0333,AGTGGGTATAGCCAAA,D348Y,1,1
-2.689,0.1194,ATCTTGTTAGTACCGA,F448L,1,2
-2.689,0.06197,GCGCAACAATTTGTCT,N38P,1,1
-2.69,0.02797,ATATTGAAGGTTCCAT,F338L,1,1
-2.69,0.1399,TAGAAACACTAATTAT,R90K,1,2
-2.69,0.05263,CCCATACCAATGGGGG,I242A,1,1
-2.691,0.08024,GGCTGTTACCGCACGT,S146Y,1,1
-2.691,0.01875,TACGGCAATCTTGTAT,Y161Q,1,1
-2.691,0.1688,ATGGTTCAATAAGTAA,E410K,1,2
-2.691,0.08899,GAATTAATAAATAGGC,E398K E401M,2,2
-2.691,0.08899,TCTACAATATTCCCGA,S369F,1,1
-2.691,0.06042,AAAGTACCCACTAATC,,0,0
-2.692,0.2128,ATAAAAAAGATCAATC,D487C,1,1
-2.693,0.1138,AACTCTTAATTCTCAT,R224H,1,1
-2.693,0.1138,TAGCTAACAAAACCAG,N126H K397V,2,2
-2.694,0.02764,CAGATTTAACCGCTAA,K264W,1,1
-2.694,0.06354,GTATCCCTGATAATAT,K292W,1,1
-2.694,0.08584,CAAGGTTGATCCAGCC,M320L,1,1
-2.694,0.01636,TTACTAGGCAAGACTA,D271K,1,1
-2.694,0.06891,GTAAAGCAAATAGGAT,N159G,1,1
-2.695,0.01981,AGTAATCATTAATTTG,S107Y,1,1
-2.695,0.09593,ATTTGTTACACAACCC,,0,0
-2.695,0.09593,GCTACATCGGGATAAC,I226V,1,1
-2.695,0.07526,GGGTACGCTCCGAATA,K207F,1,1
-2.696,0.03852,TCTAATTTAAAACAAA,Q1P,1,1
-2.696,0.0526,CTAGCATCAACTTAGC,S156K,1,1
-2.696,0.1578,TACCCCCGCTCCAATA,D175W,1,1
-2.696,0.1087,ATCATCAAAAAATGGA,K397S,1,2
-2.696,0.02561,ACGCTCAGCGAACGAA,L314V,1,1
-2.697,0.01394,CTTTCAAGCTAGTCGA,K121F K397A,2,2
-2.697,0.05622,GAACAAAATAAGCAAT,L244E G504D,2,2
-2.697,0.05622,GGATAACCCTTCTTAA,M268C,1,1
-2.697,0.01496,ACCTTACGGGTACAAC,K2C,1,2
-2.698,0.1254,GAAAAAAAGAAAAGCA,K264T,1,1
-2.698,0.04748,TGAAATAACAGACTAA,,0,0
-2.698,0.006215,CCGTCAGATCTGAGAG,M268H,1,1
-2.698,0.1956,ATTCATCAAGGTAAAC,,0,0
-2.698,0.1956,TAACAGTAAGCACAAG,S422A,1,1
-2.699,0.04406,TAACCACTTCTATTTA,P227T,1,2
-2.699,0.03327,CGAGACCCATACAACT,D241Q,1,1
-2.699,0.08017,TCTCAACCGGTTACTA,P55K D408N,2,2
-2.699,0.02894,CATTTGGTGGGAGCGA,D291L,1,1
-2.699,0.104,TCTTTTAGAGTTACAA,F195H,1,1
-2.7,0.00904,CTAGAACCTTAAACGA,T187F,1,1
-2.7,0.0889,AAGAACCTAGACATTC,R354Q,1,1
-2.7,0.1482,AGTATAAATACTTCCA,R354Y,1,1
-2.7,0.0234,GCATGAACGTCTCTAA,P162L,1,1
-2.7,0.1482,GCTAGTTAGCGACATA,L420A,1,1
-2.701,0.02253,AATCACCAATAGGTAA,Y161K,1,1
-2.701,0.0457,AGATTCAACACAATAG,G379L A476V,2,2
-2.701,0.1192,AAAGGGCACAGTGCGA,G62F,1,1
-2.701,0.1192,ATTGAAAAACATCAAA,R361P,1,1
-2.701,0.03975,GAATATAATAAACATC,D438E,1,1
-2.701,0.1192,TGAGTCAAATTAGCAA,S228T,1,1
-2.702,0.002916,TCAGACATCCGTCACT,N152W,1,1
-2.704,0.03849,GCCCACCAACCTGTAT,S156L,1,1
-2.704,0.1396,ATCAAAGGGCCAGTGA,I335L,1,1
-2.705,0.09583,ACATGATCGGATACTT,,0,0
-2.705,0.08284,GATATTCTAGTACACA,K259C,1,2
-2.705,0.0537,ATATCTATTTTACATG,K452N,1,1
-2.705,0.00827,AGAGTGGATGAGGGGT,N133K,1,1
-2.707,0.01613,TGACGACATGACACTA,Q80I S247W,2,2
-2.707,0.0801,CCAGATATTACCCATT,F332M,1,1
-2.707,0.0801,TACGAACGCGATTAAA,N158Y T167I,2,2
-2.707,0.1086,ATCTTAACTAACGTTT,W234S,1,1
-2.707,0.1086,TTCTTAAAACAATCAA,G330N,1,1
-2.708,0.008836,ATCTAAATAAAAACCT,D438S,1,1
-2.708,0.02011,AGTACTCCCAAGTCTA,,0,0
-2.708,0.1685,AACCCCCAAACCACGT,R224M,1,1
-2.708,0.06184,AGCCAATGTTGTATCC,D225S S442E,2,2
-2.708,0.06184,ATTAATGATTGCCACA,T167H,1,1
-2.708,0.06184,CGAAGTTATAGTAAAC,T30N,1,1
-2.709,0.06881,ACTGTTGCACCCAATC,G49I E390K E449K,3,3
-2.709,0.006455,CAAAGACCGTTCAGAA,H393P,1,1
-2.709,0.009271,ACAAGCACTATCAACC,R109M S143N,2,2
-2.709,0.05036,GTCATCGTGAAAATTA,T301D,1,1
-2.709,0.01541,GATCCCAACCTAATTA,D85F,1,1
-2.709,0.08882,TCAGCGGAAAAACGGG,P324I,1,1
-2.71,0.05489,ACCATGCTCGCAGATA,S369F,1,1
-2.71,0.007669,GCTACCGACACCAACT,V490W,1,1
-2.71,0.06691,AAAAGTATTAAAACAC,T167W,1,1
-2.71,0.03072,GTACCTATGCAGAGCA,K2N,1,1
-2.711,0.007892,AGTTTATAGACCACCC,F87I,1,1
-2.711,0.07514,AATCAAAAGTAGCCTC,L420Q,1,1
-2.711,0.3757,ATTAAGATACAACAAT,V213M D487L,2,2
-2.711,0.07514,GTTCTTCGATGTAGCA,A93K N126S,2,2
-2.711,0.3757,TAATCATTCGGGTACC,S442E,1,1
-2.712,0.08568,CCTGGCAAAGACGAAA,E449Y,1,1
-2.712,0.06512,AATCAAATGCCCCACA,T313A,1,2
-2.712,0.06512,GCTCAGTTAATAGCAA,T135D,1,1
-2.713,0.07289,AAGAGAATACACGTAA,K450E,1,1
-2.713,0.02924,TTAATAAATTATATTA,T318K,1,1
-2.714,0.02026,AATATTAGTACAACCA,I274K,1,1
-2.714,0.0465,ATTTTCATATTCAAAT,S205V,1,1
-2.714,0.0465,CTTCATCTATTGTTAA,D493C,1,1
-2.714,0.01288,TGCTTTGCAGGGGAAG,A373S N497D,2,2
-2.714,0.02889,CCCACTCCCTACAATT,N290K N475K,2,2
-2.714,0.05612,ACAAAGCTATATACAG,H56A R456V,2,2
-2.714,0.05612,ATTAAACTCAACCAGA,T187V G386E,2,2
-2.714,0.2123,AACCTACCCATGCATG,I29G,1,1
-2.714,0.2123,ATCACAATTATTAAAC,N133W,1,1
-2.714,0.2123,CCCAAAATTGCAGAGA,I395E,1,1
-2.714,0.2123,GAATTATGACTTATAT,P284S G386P,2,2
-2.714,0.2123,TGAATTCATTACGGAA,V490Q E494D,2,2
-2.714,0.03414,CACCGACTCTCACTCG,V223A E443Q,2,2
-2.714,0.05034,TCCACCGAAATTCCAA,L316V,1,1
-2.715,0.09573,ACTTTATGCCGGCCAA,Y161R,1,1
-2.715,0.09573,TACTAATAAAAGAAAT,S270I,1,1
-2.715,0.0618,ACCTCTCGAAGGCACT,Q1H A19T,2,2
-2.715,0.01611,ATGTAATAGTACCTTA,S247V,1,1
-2.716,0.02114,AGATAATGACAATAAT,D408M,1,1
-2.716,0.04479,AACCCGCCTCCGGGAA,K387L Q394W,2,2
-2.716,0.1135,TTATAAATACTACAAA,R329K,1,1
-2.716,0.0136,GATAACATGAACTTAT,N22V P221W,2,2
-2.717,0.0921,CGACAATTTATCAGAA,N483F,1,1
-2.717,0.0921,GAGAGAGTATTCTACT,I3V T328I N489R,3,3
-2.717,0.07748,ACATAGTAAATATAGG,L409F,1,1
-2.717,0.07748,ATAATGACACGAAATA,T318R,1,1
-2.717,0.02697,ACTCGACAAGACTGAA,T485G,1,1
-2.719,0.01073,AGTTAATTAGACAGGT,K452L,1,1
-2.719,0.1952,CAAATCTAAGTTATGC,R220L,1,1
-2.719,0.1394,CACCAACAATCCTTCA,D60Y S124P,2,2
-2.719,0.1085,CCGTAAACAATCCAAG,I179M,1,1
-2.719,0.1952,GATTCCCGTGCCACCT,E325A,1,1
-2.719,0.1952,TCAATACCTAACACGA,D408P,1,1
-2.719,0.02757,ATACCAACTATAGATC,F79D,1,1
-2.721,0.06176,TAATCTGTCCTATTCA,T128M E410K,2,2
-2.721,0.1319,CGAAGTACATAGCCTT,S137F,1,2
-2.721,0.007733,TGACCGACTGCCAACG,T65W,1,1
-2.722,0.03967,AATAAATAAAGAACTA,E172M I395V E449G,3,3
-2.722,0.1807,CTTACAGAAGAAGCTT,D271G,1,1
-2.723,0.002538,CTTAGTCAAATATACA,I34S,1,1
-2.724,0.09564,GCTCAGAATATGATTG,W421D,1,2
-2.724,0.09564,GTACGATCAATGGTTA,N498E,1,1
-2.724,0.2869,TTTTACGTTACGCTCA,,0,0
-2.725,0.05606,GGACTGATACGATACT,R255E,1,1
-2.725,0.1682,TGCAATTTGGTGCTGC,E403Q,1,1
-2.726,0.01414,CATTACAGTTAACAAG,D77R,1,1
-2.726,0.1189,ACTTTTGGCAACGTAC,P239Y,1,1
-2.726,0.1189,ATCATTAACCGTATGA,H183V,1,1
-2.726,0.04828,ACATAAAATTTGCATT,I267Q,1,1
-2.726,0.03901,TCCTCGATATACGAGT,T40E N475F,2,3
-2.727,0.02311,ACATCCGAAGGCTCAT,D375Q,1,1
-2.727,0.04734,TGCAAATAACACTAAA,K452T,1,1
-2.727,0.06172,AACATATGACTAACCA,K278F H488E,2,2
-2.727,0.07278,CGCCCAATAAAAAACA,V323S G504I,2,2
-2.728,0.08866,TTCTTTCATTTACAGT,H355T,1,1
-2.728,0.01943,ATAAAAATTGATAAGA,N165S F192W,2,2
-2.728,0.1134,CAAGAAGATATTTTGT,E432M,1,1
-2.728,0.1573,ACTAATAAGACATTCA,I242W,1,1
-2.728,0.1573,CGCATGGATGATACGT,D60F,1,1
-2.729,0.005412,TGAGATACAATCACAA,Q211G,1,1
-2.729,0.01799,GAATATAAATGCAAAA,D348L,1,2
-2.729,0.03666,AATCACGATAAAAATC,I418G,1,1
-2.729,0.08553,CATTAACGGAAACATA,M268T,1,1
-2.729,0.2566,CCACGCATATACACTT,S95L,1,1
-2.729,0.08553,CCGAGTAACTCGTATT,I300G,1,1
-2.729,0.02475,GCAGTCATTCCGCATC,P306N,1,1
-2.73,0.03028,AACTTCTAAACCCGGA,H18A,1,1
-2.73,0.06866,CGTAATGCGTAAAAAA,L427W,1,1
-2.73,0.01675,GGGTAACTCATAATAA,A425F,1,1
-2.73,0.05735,AGGTATGGCAAATCAG,R255A,1,2
-2.73,0.05735,CCAGATTAATAACATA,P306M,1,1
-2.731,0.1477,ACATTTTTAAACCGTT,N497P,1,1
-2.731,0.0211,ACTATAGCTGCCAGTA,T40D,1,1
-2.731,0.04924,GATACCGAGTATCGAC,R229G,1,1
-2.731,0.03838,AGTTAATCTATAGGAA,K131D,1,1
-2.731,0.01547,ACTAGAAGTTGCAAAA,S95L,1,1
-2.731,0.1037,TTACACCTATATACGC,A11I,1,1
-2.732,0.06499,TTAACACTCACAATAT,Y161Q,1,1
-2.732,0.06499,TTTGCGAACCTCTTAC,G362E,1,1
-2.733,0.2321,CTATCGAGCAAGCAAA,K453T,1,1
-2.733,0.1392,AAAAAAAGTACAATTG,S137C E396K,2,2
-2.733,0.09946,CCATAACAGATCAGAC,L496Y,1,1
-2.733,0.1392,TCAGTAAGAAAGAGTC,N341W,1,1
-2.733,0.09946,TCCTTACTACTATTTA,Q57H K171G Q210L,3,3
-2.733,0.1392,TCTATAGTAAAGTAGC,S144P,1,1
-2.733,0.0524,GGAACTCAAAAGTAAT,Q311G,1,1
-2.734,0.03557,CCCGTAATTAACTATT,,0,0
-2.734,0.07497,GAGCTTACTCAAGCAA,N382M,1,2
-2.734,0.02499,TGTTCCTGTCAAACCT,L42M T416D,2,2
-2.734,0.02663,TATATCACTTAAAAGT,D101T E414G,2,2
-2.735,0.1317,ATAGAAGAATAAGTTG,E443H,1,1
-2.735,0.05023,GGTCCTATTCGTCTGA,V490P,1,1
-2.735,0.0587,TTGACTAATGTAACTG,I34S,1,1
-2.735,0.09193,TATTAATATACTTCAT,I236N,1,1
-2.736,0.07061,TTATCCAGCTACCCCA,P74S L244H,2,2
-2.736,0.1249,TCCGAAACTCAAATAC,,0,0
-2.737,0.02127,CAATGATAACTACTAT,H18A,1,1
-2.737,0.04639,ACTTCAGCACACTTGA,L42I,1,1
-2.737,0.04639,TTCCTGCCGAATCAAT,E401P,1,1
-2.737,0.06673,TCCCATAATCTTCAAA,E119C,1,1
-2.738,0.03504,CTGGAGTGATGAAAGA,P21S V130M,2,2
-2.738,0.02004,TGGATAAACTTGACTG,I260K,1,1
-2.739,0.1133,AATCGACCGATGGTCA,,0,0
-2.739,0.1133,TTGCTCAACGCATTAA,A196Y,1,1
-2.739,0.02691,GCAGGCCACAATCAAG,E359G,1,1
-2.74,0.07984,ATAAATCATTAGTTGG,P273C,1,1
-2.74,0.02224,ATGAAGTAAGGTTAGA,G362D,1,1
-2.74,0.1804,ATACTTCAAACAACCC,I67F S312R,2,2
-2.74,0.04919,AATCCTCCGTATGACC,T40N K276I,2,2
-2.742,0.1036,CCCTAACACTGACAAC,D375F,1,1
-2.742,0.1036,GCGACCAGTCTTTCGC,L409F,1,1
-2.742,0.009346,CCCCCCACGCCTCTGG,D225V,1,1
-2.742,0.0455,AGTATTCTCCCTAAAA,D375H,1,1
-2.743,0.01265,ATGAAAATTAAGGCAA,S266R P284S,2,3
-2.743,0.03774,ATAATACAAATTATCA,F500M,1,1
-2.743,0.03774,GTATTAATTATTGAAC,P239C E401Q,2,2
-2.743,0.0535,ATATGCTTAGAAGCTT,E426M,1,1
-2.744,0.09545,CAGAATTATACCAGGT,N382S,1,1
-2.744,0.157,AGTCACGCCTCAGATA,V490W,1,1
-2.744,0.05234,TACAATTTGCAATCTA,F87L,1,1
-2.744,0.01617,ATCTCCGAAATGACAA,E414S,1,1
-2.745,0.03404,ATCCTCATGTTTAACT,N159P,1,1
-2.745,0.0885,TAAAATCTTGACCACC,H435G,1,1
-2.746,0.02285,CAATCCAAGCTTTAGA,R90K,1,1
-2.746,0.04819,GTTCCAAACTATTAAA,E410K K468N,2,3
-2.748,0.005679,ATGAGTTCATCATACA,Y105R,1,1
-2.748,0.04306,TGACTCTCGCTAGTCT,A365T,1,1
-2.749,0.3743,AAACAAAAAAACTAAT,C14L,1,1
-2.749,0.04159,AACTTTAGAGTACCAT,I267D,1,1
-2.749,0.3743,CAACCACGCACCCACC,A373M,1,1
-2.749,0.3743,CACAATCTTGAAAACA,P239M,1,2
-2.749,0.02202,TTGTTAGCCGACCACA,D32H,1,1
-2.749,0.01363,CTACTGGCTATGAGCC,I267M,1,1
-2.75,0.05121,AATTCAAAATATTGAC,I226V,1,1
-2.75,0.006015,CCAGAGTGCGTCACAA,I58P,1,1
-2.751,0.3243,AGTTAAAGTAATTTCA,G504L,1,1
-2.751,0.06486,CCAATGTCCTATAGAC,A19R Q376M,2,2
-2.751,0.3243,GGATCCTTGTCCGTCC,P324V,1,1
-2.752,0.04382,GCACACGATTCTTTAA,Y161E,1,1
-2.753,0.02305,TAATATAATAGTTAGA,Q363N,1,1
-2.753,0.2861,TGTCCAAATACAAAAT,S219F,1,1
-2.754,0.0252,TTAGATATCAAAAACA,E403K,1,1
-2.754,0.09176,TCGATTCATCGTTAAA,I34A,1,1
-2.755,0.2559,AAACGTTATTTGATGA,Q1K N63R,2,2
-2.755,0.2559,TCTTAAAAGTTCGAAA,T65R,1,1
-2.755,0.08242,TAGCCTGAAGATAATG,G379V,1,1
-2.755,0.003721,AATCGATTTTTCTAAT,P162T,1,1
-2.756,0.2315,AAATAAAAGCTTTAAA,R361K,1,1
-2.756,0.2315,ATCGTAAACGCCTGAC,D68A,1,1
-2.756,0.04631,CATTTAAATGTATGCC,S107K N498I,2,2
-2.756,0.07718,CCACATCCTCAATTTT,E410R,1,1
-2.756,0.0748,TTACATCGCACAGCTT,R150C,1,1
-2.757,0.07256,TAACGTGCGTAAACAA,S480C,1,1
-2.757,0.2114,TAACTTCATGTAAGAT,N122W G129V,2,2
-2.758,0.0218,TTCTGAGCTCCAATCC,A196P,1,1
-2.758,0.18,AGTAATTCCAAATCAT,Q191E,1,2
-2.759,0.01604,CAAGACTAAAACTTAA,L427C S442W,2,2
-2.759,0.01563,AAATATGTATTAACAG,V429L,1,1
-2.759,0.03399,TCCAGTCGATACTACA,T12E S442H,2,2
-2.759,0.02418,AAGTAGCAGTCCGTCA,G352M,1,1
-2.759,0.1676,TAAAGCTGAGAACAAC,D461Y,1,1
-2.76,0.01768,CAGCGCCGAATTTTAC,K453G,1,1
-2.76,0.1568,AACATCAAAATAAAGC,R492K,1,2
-2.76,0.1568,CATCAATGAATATCGA,D60P,1,1
-2.76,0.1568,CTGAAGCAGCCCTATA,G379D,1,1
-2.76,0.1568,GTCCCTATATTTACCT,S110P,1,1
-2.76,0.02946,TACCGGCACTACGCTC,E119R P324V,2,2
-2.76,0.1473,CGATCAGAATGTTAAA,,0,0
-2.76,0.1473,CTTATGAGGCAGAAGA,,0,0
-2.761,0.1389,TAATAGTACTACTGAT,,0,0
-2.761,0.01486,ATTACTCCACATTATT,D461Y,1,1
-2.761,0.1313,AAGAGAGTTTTTCGAA,V223A K238F,2,2
-2.762,0.1185,AGATTCACAACTTTGA,K310G,1,1
-2.762,0.1185,CACAAGTAAAGTGTTT,V182F,1,3
-2.762,0.02141,TGTCGCACAATACCCC,K450C,1,1
-2.763,0.01073,AACAATTATCTACGGC,F467W,1,2
-2.763,0.01269,ATGAGGGTTCAATACA,A334S,1,1
-2.763,0.08834,ATCATCAAACAGCCTA,N341Q,1,1
-2.763,0.08834,ATTCTACTGTCCAAGG,T248S,1,1
-2.763,0.08524,AAGAACGCAGCTATTA,H184W,1,1
-2.763,0.07965,AAGAGGTTCAAATAAA,N250I,1,1
-2.764,0.07251,CAATACTGATCATACC,D188W,1,1
-2.764,0.02179,TGCGCAAGGTATAATA,E344A,1,1
-2.764,0.06149,ACAACAAATAATTATA,,0,0
-2.765,0.05114,GTAAAGTAAGTAAACA,N382W,1,1
-2.765,0.04716,CAAGTGAGGCCGAATT,S369Y,1,1
-2.766,0.01249,TTGAAAAGTCCCATTC,V309M,1,1
-2.767,0.01582,TTCATTTATTGATACA,R224V,1,1
-2.767,0.01117,TATAGGCCAAAACATC,L496Y,1,1
-2.768,0.007029,ATACATCATAGCATCA,Y423H,1,1
-2.769,0.02943,GATTCTTAACATATGA,E414Q,1,1
-2.769,0.007922,GGAAGATTAAAGCTCA,Q197N,1,1
-2.77,0.04374,GTAACCCCACTATTCA,P324E,1,1
-2.77,0.04374,TTCATACAATTATGCT,E119C,1,1
-2.77,0.04624,ATGAACAAAGTTGTCA,H488M,1,1
-2.77,0.0585,AACAATTAATGAACCG,Q132R,1,1
-2.77,0.0585,ATTAAGAATACTGACC,Q132C,1,1
-2.771,0.06651,AGGCCTATTACGCAAA,K171C G240R,2,4
-2.771,0.07036,AAACAGACACCTTCCA,E359N,1,1
-2.772,0.08517,AATAGAGCATTTAAAG,I242K,1,2
-2.772,0.08826,CTAGAATCACCCTAAA,I274K,1,1
-2.772,0.09518,ACTAACACGATCAGGC,L111W N475T,2,3
-2.772,0.09518,TAAGGGGGTTTTATTG,A138S,1,1
-2.772,0.01981,CAGTCCTTCGGTACAG,E403G,1,1
-2.772,0.09907,AGTTTAGACACACCCG,,0,0
-2.773,0.1033,TAAAAAACTAGACTTA,S369V,1,1
-2.773,0.1033,TTACAATCAAGAAATA,L111I,1,1
-2.773,0.009968,TGAGTCCAGGCTGTCA,G330W,1,1
-2.773,0.008562,CAAATAGTAGATATAC,D441Q,1,1
-2.773,0.1129,CTACTCTCAAACCATA,K131S,1,1
-2.773,0.1184,TACCACAACACTAAAC,,0,0
-2.773,0.04079,TGTTCCCGCTATATCC,G5V F338L,2,2
-2.774,0.1245,ATACTTTACATACTAA,N246R,1,1
-2.774,0.04295,ATGTAATTTTTAGAAA,Q327V,1,1
-2.774,0.1312,ATCCGGGCATAATAAA,N165R,1,1
-2.775,0.1565,AGACTCATATTGCCAT,T12W,1,1
-2.775,0.1565,CGATGCAAAAAAATAA,S96W,1,1
-2.775,0.05218,TACCGATATAACACAT,P162G R224G,2,2
-2.775,0.1565,TCCTAACTACTCTCAA,H355V,1,1
-2.775,0.02322,AAAACCACCTAAAGAT,A425W,1,1
-2.776,0.1673,CGACGCCTTATAATAA,E344I,1,1
-2.776,0.03347,TGCACAAATTTAATAA,N22Q,1,1
-2.776,0.1797,AACAAAATGACAAACG,T167M,1,1
-2.777,0.06142,TTCATGTCCTAGATAA,F500H,1,1
-2.777,0.0144,CAGACAAACGCTTCAC,H184K,1,1
-2.777,0.02119,ACGTCCTAATCAGGAA,K411I,1,1
-2.777,0.1941,ATAATTAAGACTCGTA,R109A,1,1
-2.777,0.1941,CACGTTGAGTCACGAA,,0,0
-2.777,0.01493,CTAACTGTACCACATA,D60H,1,1
-2.777,0.1941,GGTCGTAGTAAATATA,A336S,1,1
-2.777,0.03945,GGTTTAATCCCATCAC,E457C,1,1
-2.777,0.06646,GTACTGCGCGAGGGTA,K452L,1,1
-2.778,0.02977,CCAAAATAGTGAGCAA,G249N,1,1
-2.779,0.077,GTGAAAGAAAATTCTA,G342D,1,1
-2.779,0.01241,TACAAAAAAAGACGAA,D32L A430V,2,2
-2.779,0.02622,AGCAATATATCTAGGA,D461M,1,1
-2.779,0.07952,CTTGATCATGAACTGG,E443H,1,1
-2.78,0.05216,CCTTTCCGATTTAATC,W234G,1,1
-2.78,0.0376,AAGATACACCCCCCAC,E410D,1,1
-2.781,0.01344,TTAACAAAATATCACA,I418K,1,1
-2.782,0.2853,AACACTACAAAGTACT,S107Y T203E Y233F,3,3
-2.782,0.03255,CAAATTAAATACTTAA,D438M,1,1
-2.782,0.0159,GACTGCAAGCTGCTAT,A106D N165S,2,2
-2.783,0.1032,ATATTGTATAATCTGC,R299W,1,1
-2.783,0.0354,TTCCAGTGCTGAAATA,S209L,1,1
-2.783,0.02136,AAACCCCATAACAATC,N31W,1,1
-2.783,0.1078,AATATATATAGAGCTA,N296F,1,1
-2.783,0.06465,ATTATAAAACCTATAT,K27N,1,1
-2.783,0.3233,TGACAAACCAAAAGTC,Q57D M462K,2,2
-2.783,0.1078,TTCCCATTAAAGAAAA,K278C,1,1
-2.784,0.04801,CAACGACCGGATACAT,Q197W,1,1
-2.784,0.1128,AGTTTCCTAAATTCAA,G386R S400P,2,2
-2.784,0.1128,GATCCCGATCAATGCA,P221Y,1,1
-2.784,0.1128,TACTCAAAAAACAGAA,D60W,1,1
-2.784,0.1128,TGTATCATTCCATAAT,Q356K,1,1
-2.785,0.01343,TAGAAATACATGGTGA,H488E,1,1
-2.786,0.3729,ACAAAACTACACCGAA,S312D,1,1
-2.786,0.1243,ATAGTTCCCAATGGTG,N489F,1,1
-2.786,0.02486,GGCGAGCACGAGAGAT,D415I,1,1
-2.787,0.02649,TATATAATCCTAGAAG,P239Y,1,1
-2.788,0.08215,AAAATCGGAAATCATT,D487F,1,1
-2.788,0.08503,AATAACACCTAAAAGT,I267Q,1,1
-2.789,0.4406,GAGCTCAAATTATGCG,D60M,1,1
-2.789,0.06294,GTATGTCCATTAAGAC,L244K,1,1
-2.789,0.1469,TATGACCCGTCTTTTA,E398K,1,1
-2.789,0.01788,CAATTGATCTGATTAT,I160D L427E,2,2
-2.789,0.04072,GCCCCATTACTGACGC,S199G S369F,2,2
-2.79,0.02648,GGAACGTTCCAAGCCG,E449R,1,1
-2.79,0.01299,TAGACAACCTATAATA,Y100H,1,1
-2.79,0.04142,AAACACCTAAAAGACA,K397G,1,1
-2.79,0.09143,ATGGACAGATATATTC,R299A,1,1
-2.79,0.05101,AATTCCAGTCCCAAAA,S143L,1,1
-2.79,0.04214,CTTCCCACATTAATGA,L86F,1,1
-2.791,0.03643,ACGCCATTACAATAAA,L428Q,1,3
-2.791,0.03643,TTTCGTCATCTACTAT,P306N,1,1
-2.791,0.09501,CAGCACAAATGTGATA,R361P,1,1
-2.791,0.01464,ACCCGCATAGTACACA,N341F,1,1
-2.792,0.05444,CATTGCCACCTCCTGT,S143C L428M,2,2
-2.792,0.07022,TGCAAAATTATCAAAC,D225G,1,1
-2.792,0.09888,GTCAACAGAAGCAAGC,V213S,1,1
-2.792,0.1671,AATTTACAAACACCCT,,0,0
-2.792,0.1671,CCTCAAACCGTGTATA,Y233K,1,1
-2.793,0.1031,AACTGGCACATACCGA,D271A,1,1
-2.793,0.015,TTTTAAACAAAGCGCC,A113T,1,1
-2.794,0.01042,TGACCTATGGAACAAA,A272T T283S E390L S400P,4,4
-2.795,0.1126,CATGGACCATAAAAAT,Y257H,1,1
-2.796,0.03387,CACCAGCCCAGGCAAT,G5F H184G,2,2
-2.796,0.1937,AAAATGGCACTTAACT,N341R,1,1
-2.796,0.1937,TAGCTGTACCAAAAAA,D408K,1,1
-2.797,0.08496,AGGGGACAACCGCATA,K264S,1,1
-2.797,0.01334,GACTATTAGTAATAGA,V223H R224K,2,2
-2.797,0.03587,TACCCGAAGCCCCGGC,Y302A,1,1
-2.798,0.07017,TAACCTTTCACATGTC,R33G F195I,2,2
-2.799,0.07226,CTACAGGAAAAGTCTA,,0,0
-2.799,0.02831,TAGATAATTTTTACTT,I226M,1,2
-2.8,0.1308,AACCAACCAACTAAAG,K452F,1,1
-2.8,0.1308,GATAAATAATTACCGA,L431W,1,1
-2.8,0.05096,CAATAATAAGAAACTT,D271N D415W,2,2
-2.8,0.09492,CACAGGATCTTCACCC,I236F,1,2
-2.8,0.09492,TACCTCCAATGGTAAA,L428I,1,1
-2.801,0.09878,AATTCAACTGGAGAAT,K189P,1,1
-2.801,0.1383,ATATAGACCTATAATT,F148Y,1,1
-2.801,0.06286,ATTTATTAGGGAATAA,K326S A476H,2,2
-2.801,0.2305,CAAAAGCATCGTCAAA,G240W,1,1
-2.801,0.09878,TATTTCAACTTGCAAA,L108M,1,1
-2.801,0.2305,TTCAACTAAAGACGTA,E494N,1,1
-2.801,0.2305,TTTAAAAAAAAATATT,K2W,1,1
-2.803,0.02864,CAAGCCCACGAACTTC,T235Q,1,1
-2.803,0.103,TAATAATAAGAGCAAA,G362D,1,1
-2.803,0.04283,TATGACTGTCTTCTTT,D461T,1,1
-2.804,0.08202,CAGAAACTAACGCGCT,L66F,1,1
-2.805,0.03999,AACCATAGGGTAAACA,I418G,1,1
-2.805,0.02059,GAACAGTCGACGCAAT,D348W,1,1
-2.805,0.08489,AGTTGTATAAGGAAAT,T24Y S137R N464A,3,3
-2.805,0.08489,TACATAACCCATACAA,D77K,1,1
-2.805,0.2547,TAATATAGGCAATAGT,N190G D366N E401K,3,3
-2.805,0.04066,CTCTAAAACGAACCAT,F192N,1,1
-2.805,0.03694,TATTACATGAACATCT,R150G,1,1
-2.806,0.03384,GTTGAAGTACGTACAG,Y105N E494V,2,2
-2.806,0.05203,GTGTTTACAATACAGA,G218W,1,1
-2.806,0.1125,CGAAAGATCAAAATGT,S312R,1,1
-2.807,0.01311,CCAACCATGTGACGTA,D60F,1,1
-2.807,0.02431,CATGGATAGCGTTCCC,Y161K,1,1
-2.808,0.04886,CCATATTGACATGTAA,P227R N341T,2,2
-2.808,0.04886,CTTCTGATCACCCCAA,L111N,1,1
-2.808,0.1668,CTTCGATAACACACCC,I418K,1,1
-2.809,0.03998,GTCAGTCTATCTCTCT,P99T,1,1
-2.809,0.02076,AATCTTAAATCAAGAG,E172R,1,1
-2.809,0.2845,CACCCATAGACGCCAA,N357S,1,1
-2.809,0.2845,CGACATGCAAACATAG,E119I I274M,2,2
-2.81,0.0248,GGATTTCGTTATCACC,E119H,1,1
-2.811,0.052,AATAAAAAAGGACTTA,E398K,1,1
-2.811,0.09869,CTATTAATCAGATATA,R299Y,1,1
-2.811,0.1791,ATAAGGCCACCCACTA,S205C E457G,2,2
-2.811,0.0597,AACTTGCTCCCAGACC,,0,0
-2.811,0.0597,TCCTCCCTAAAGAAGA,N38G,1,1
-2.811,0.02896,ATAATGGGCCATAGTC,S156I,1,1
-2.811,0.02896,TCTGACAAGCAAATGC,I300G,1,1
-2.812,0.08196,AATTTCGATCAACAAA,I29Q P289T,2,2
-2.813,0.02795,TAGTATTAAGAAACAA,T318G,1,1
-2.813,0.07216,AAATAATACAATAAAC,K207F,1,1
-2.814,0.06279,TCTCCCAGACCCTGTG,W127Y,1,1
-2.815,0.3223,AAGCCGATATAGCGCA,T10P,1,1
-2.815,0.1934,AATAAAAATAGAAATC,E432D,1,1
-2.815,0.04204,GAGAACGATTCAAGTT,D487Y,1,1
-2.815,0.1074,GCCACGCTAATATTAT,N285M,1,1
-2.815,0.3223,GCGAACTCTAGACGTA,D415I,1,1
-2.815,0.02505,TACATACAATCACACC,D461T,1,1
-2.816,0.01617,CTCTGCATCTGACGTT,D271Y K411D,2,2
-2.816,0.06621,CATATGTAATGACACC,G465A,1,1
-2.816,0.07672,ATTAGATTCAATTGTT,S205E G504S,2,2
-2.817,0.03747,GTATTCTACCACCAAC,S219E M346F,2,2
-2.817,0.05967,TGCCAATTTAACTATA,S146V,1,1
-2.817,0.01255,TATCTGGTCAACACCA,E414R,1,1
-2.818,0.01957,CCACAATACTCTATTA,L108I,1,1
-2.818,0.0358,TCCTCCGTTATCAATA,F79D S156H,2,2
-2.818,0.06117,TTGCTAACCTAAACCT,I274S,1,1
-2.818,0.09476,CTCATGAACCTATTCC,P162A,1,1
-2.818,0.09476,TTATAGCAATTAAAGA,,0,0
-2.819,0.04202,ATGTACGACTGCAGAG,V213N I502L,2,2
-2.821,0.02056,GCCCCGTACCTACAAC,S96V G249C,2,2
-2.821,0.1559,GATAATGAAATGTTTA,,0,0
-2.821,0.05195,GCTCAAAAGAGAACCA,G142E Q210K,2,2
-2.821,0.1559,GTGCTTTATACAACTG,E403K,1,1
-2.822,0.3716,TAAAAAATACAATAAT,A196W,1,1
-2.823,0.03927,TTTTGACATACTCGAA,Q356M E398K,2,2
-2.823,0.08782,CCTCAGGATCACTGGC,I236N,1,1
-2.823,0.03687,ACCACAAGACTCGTAC,R299S,1,1
-2.824,0.23,AATCCTAAATCTAATA,T155I,1,1
-2.824,0.23,CAGGAGCACACAAACA,F294Y,1,1
-2.824,0.23,TGCCATATCAGACAGT,L111N,1,1
-2.824,0.02698,TATCCCAATCATCCAT,S219F,1,1
-2.824,0.03525,TAACGTCTGATTCTAA,E340D,1,1
-2.824,0.1665,AACACAGTGAAAACAA,N190D,1,1
-2.824,0.1665,AATTACGATTTAAAGT,K368E,1,1
-2.824,0.05084,CCACTATTTAAATAAA,K121E L244W,2,2
-2.825,0.1305,TGTTAGCTGGAGACGA,F192A,1,1
-2.826,0.01061,AGGAAAGCTAGTTTAG,T10P,1,1
-2.827,0.04513,GGCATATACCATTATG,R33N A365G,2,2
-2.827,0.01061,ACGTTCGAACCAATTC,R299V,1,2
-2.827,0.02502,AAAATGCACATAAACA,R383F,1,1
-2.828,0.1123,TGCGTTCGTACACCAA,N464M,1,1
-2.828,0.1788,CGCAAAAAATTGTCTG,,0,0
-2.828,0.1788,GACTATTTCTTGACGC,N341S,1,1
-2.828,0.1788,TTAATACTCGATTTAA,R229G,1,1
-2.829,0.01408,GGTTGGATCACTGGAA,R361C,1,2
-2.829,0.04057,GAATCAACCAAACCCA,V223S,1,1
-2.829,0.01025,CACTCAATTTGAGATT,D348V,1,1
-2.83,0.01795,TCAAGTCAATAATTAT,E494Y,1,1
-2.83,0.05549,GTAAGACTGTGACTAT,S369C,1,1
-2.83,0.09851,TTTCTTTACGAGTAAT,A196W K472A,2,2
-2.83,0.03473,AAAAATAAACAAATAC,E410I,1,1
-2.831,0.1177,GAAAAACCTCTAGAAA,L118P,1,1
-2.831,0.1177,TCCGGTACAGATATAA,D186G,1,1
-2.831,0.0126,GTATAACCGATGATCA,V182F,1,1
-2.831,0.03742,CTTTTAAGCTACATTG,H488M,1,1
-2.832,0.4388,AAGTGATAATTAGTTT,N6W,1,1
-2.832,0.4388,ACGTTAGTCAATTCGT,D461L,1,1
-2.832,0.01755,TCAGGTGGAACCCCAG,I395Y,1,1
-2.832,0.4388,TTAGGGGAGTCTAGCA,G275D,1,1
-2.832,0.4388,TTCTACGAATAAGGGA,I267E,1,1
-2.832,0.02609,GAATAATCCCGCTAAA,R141C,1,1
-2.832,0.1027,GTTGACCATCCACAAA,N341C,1,1
-2.833,0.05814,AATGTATTTGTAAAAA,H488M,1,1
-2.833,0.07911,AGTATTCAAATCCAAA,F192E,1,1
-2.833,0.193,ATTCAAAAGTGGACCC,Q210K T328G,2,3
-2.833,0.193,CCCGAGATCGACGCCA,Y100M,1,1
-2.833,0.03472,TGTAAGTGTTTGGACA,Q164S,1,1
-2.833,0.01907,TTTATCCACGTGAAAT,H183I,1,1
-2.834,0.04685,TCCAAGGTAGACACAG,G61S,1,1
-2.834,0.09104,TAATCCGTATATCCAA,V182Q,1,1
-2.834,0.01572,TTCTTATGAAATCTTA,D271W,1,1
-2.834,0.05957,TAAACCAAAGATCATT,R109H,1,1
-2.835,0.02126,GCAAAAATAGCCAGAT,K131C,1,1
-2.835,0.02126,TCATAAGAACCTAGCA,L59K P221S,2,2
-2.835,0.03987,CTAACAAAATCCAATC,G200W,1,1
-2.836,0.03113,TAAACATCTGGAACGC,N126V K446H,2,2
-2.836,0.02308,AGTGTCGTCTAAATTT,Y423H,1,1
-2.836,0.04873,TGGGAAAAGGCAATAT,F87I,1,1
-2.836,0.2838,CCACACGTAAGACGTC,N158M,1,1
-2.837,0.06794,ATCCATTGTGTAACCG,V88A,1,1
-2.837,0.02924,GAACTACAGTTAACAA,V402S,1,1
-2.837,0.1304,TTTTGCAACCATTCGC,A163N P284K,2,3
-2.838,0.009295,GTAAGGGACTCAATCA,E494G,1,1
-2.838,0.005063,AACACAGACATCCAGA,S91C Q311F,2,2
-2.838,0.07656,CTTCAAAACCTATAAA,Q407C,1,1
-2.838,0.04425,TAAAAATAAATACAAT,D348V G504D,2,2
-2.838,0.02756,CAACCAGTAATAATAC,D438A,1,1
-2.839,0.02788,GGACACACTTCCATAC,M462F,1,1
-2.839,0.0643,CTAAATACTCTACCAT,D438M,1,1
-2.84,0.02286,CAATAAATCCCCAAGA,G333A,1,1
-2.84,0.1663,AAATAGGGGAATAACA,G142C,1,1
-2.84,0.05543,GAGAGTGTCTAACTGA,L118S,1,1
-2.84,0.1663,GCACATCATACCTTTT,H488V,1,1
-2.841,0.05185,TTTCGCTTGAATTACA,R92T,1,1
-2.841,0.1378,ACAAAATACTTAGATT,D101V E398K,2,2
-2.841,0.1378,ACCCCTATTCTCAATC,,0,0
-2.842,0.06104,AGTGCAAATCAATGAC,L420N,1,1
-2.842,0.0155,TGACAACCAAGATATC,V213S F392V,2,4
-2.843,0.09097,AAATTAAAATAAATCA,G16P,1,1
-2.843,0.07417,ACTGCGGTGCACACTT,D60A,1,1
-2.843,0.02329,ATAATCTAAAACTTAA,E398K R405K,2,2
-2.843,0.0679,GACCCATTACAAAAGA,T313E,1,2
-2.844,0.04773,GCAAGACAAAAATATT,D77R,1,1
-2.845,0.1461,ACCCTAATAGGAGAGA,L420C,1,2
-2.845,0.1785,AGACTTCTATAATGGA,E35H D408G,2,2
-2.845,0.09451,GGACTGATCGCAATCA,N159F,1,1
-2.845,0.1785,TAACTGTCACCTGCAA,D487N E494D,2,2
-2.845,0.03919,CCACACTGAGCCTCTT,I478F,1,1
-2.845,0.06427,CGGCGATATCCTTCGA,R261T P284Q,2,2
-2.846,0.03192,ACACAAATAAAAAAAA,L243Y,1,1
-2.847,0.03624,ATCGAAGGCGACATAA,E119G,1,1
-2.847,0.009043,AGTATACAATTGTGCG,Q191W,1,1
-2.848,0.04265,CATACATCCATCTTCT,D73N,1,1
-2.849,0.02577,CTACTCTAATATCAAA,R229G,1,1
-2.849,0.04118,AGACTCACTACCAATC,I236F,1,1
-2.85,0.1302,AATGAATCTTAAACAG,S145C,1,1
-2.85,0.1302,CGCGGACATAATAACA,A11D,1,1
-2.85,0.0153,ATAGCTGAATACGAGC,P227T,1,1
-2.851,0.0158,ATACGCTTATACTGTC,E432L,1,1
-2.851,0.1927,TTGCAACATATACCAT,P99A,1,1
-2.852,0.01278,TTACTTAACAAGAATA,D461P,1,1
-2.853,0.02884,CGAACTGTTGCTCGCA,I34N,1,1
-2.853,0.04117,TGACAACCGATTACCA,D186G,1,1
-2.854,0.06598,AGTTATTAGTATAAGT,G463R,1,1
-2.854,0.06598,TCTCCGGACATAACAA,P324C E403K,2,2
-2.855,0.04865,ATATTAAATGAGCAAC,H435M,1,1
-2.856,0.02991,CAATCGCATTACGTAA,V182S,1,1
-2.856,0.166,AAAAACTCGATAGCAT,N133W,1,1
-2.856,0.03464,TTACTCAGAAACAAAA,E403K,1,1
-2.856,0.02326,TAGAAAAATGCAAACT,G129F E403T,2,2
-2.857,0.3704,AAAATAAAGTACAATA,P306N,1,1
-2.857,0.3704,AAATCAGACCATAAAG,I339L,1,2
-2.857,0.03367,AGAACCTAAAATGAAC,F258V,1,1
-2.857,0.3704,CACTAGAAAATAAAAT,S228G L439V,2,2
-2.857,0.3704,TCGACCATATACACTG,I34Y,1,1
-2.857,0.3704,TTTGCGATGATTAAAC,F79R,1,1
-2.857,0.1235,CACAAAAATCATACCG,T155H,1,1
-2.858,0.06419,CACAAATTAGGAATTC,L439W,1,2
-2.858,0.009806,AACAAAGAGACTCTAA,I29L,1,1
-2.858,0.0816,TAGAATAATTTTAGCA,A11M,1,1
-2.859,0.06977,ATTCAAGACGAGCACA,F192C,1,1
-2.859,0.1459,AAGGCTCATAAATACC,A430D,1,1
-2.859,0.04416,AACACTACCGACCTGG,F192E,1,1
-2.86,0.07641,ATACAATTAGCTCGGA,,0,0
-2.86,0.07641,TTAAATGAAAAGTTAT,G200E,1,1
-2.86,0.06594,TGGTCTGCTCTCGAGT,F192R,1,1
-2.86,0.05176,ACTCCAACCAGACAGC,N250A,1,2
-2.86,0.0426,TGGATCCCAAGTTAAA,T187A,1,1
-2.862,0.1301,TCCTTAAAACCCACAC,N133I,1,1
-2.862,0.1782,GCAGGTCTGCAGCTTA,Y161E,1,1
-2.863,0.07889,TTATCTTGAGCACTAA,D461W,1,1
-2.863,0.0373,GTCTTCCATCATGATG,,0,0
-2.863,0.2831,AAAATAAATCTAAGCC,A430V,1,1
-2.863,0.09435,CGCCAGCTAACAGTGA,N159P K326R,2,2
-2.864,0.02814,AACACATCAACAAGAA,T318G,1,1
-2.864,0.07403,GAATGTTTCAAACCAT,H488F,1,1
-2.864,0.05406,TTAATAGGTACCGGCA,R224Q,1,1
-2.864,0.02749,AAAACTCAATCTCATT,D474E,1,1
-2.865,0.01165,GTCCATCTTCGTCCAC,R456V,1,1
-2.865,0.1552,AAGACCGCAGAGAATA,K452T,1,1
-2.865,0.01518,CGAATGGTTGACAATT,I242M T440F,2,2
-2.867,0.06247,CTCGGTGTTCATAATA,E414A,1,1
-2.867,0.1374,TTGGCGGTAAAATTAA,R220G,1,1
-2.867,0.01116,CATAACTGGCAGGAAT,H488P,1,1
-2.868,0.05063,AACGAAATTTTCGTCC,V130T,1,1
-2.868,0.05938,TTATACCGCTGGCACG,K121I Y470L,2,2
-2.869,0.08437,TAGACACACATTAACG,R255I,1,1
-2.87,0.1924,ATACCTACGCGCACTA,G49C,1,1
-2.87,0.02064,CTGCAGCGCCTATTCT,Y308M,1,1
-2.87,0.07883,ATAGACTATACAAACT,D348T,1,1
-2.871,0.02717,CTCGACATCATTCAAG,T206L,1,1
-2.871,0.05527,GACCCTAACGGCTTTC,P162R,1,1
-2.871,0.05527,TACTACAGGACAAACA,A196M,1,1
-2.872,0.021,CTTTAAGATGTCGACG,S279P,1,1
-2.872,0.06586,GAAGGGCCATTAAATA,R141K E410K,2,3
-2.872,0.01587,AACTTCTTGTTATTTA,N159I,1,1
-2.873,0.02914,CCATTCGCGTCCCGGT,E403N,1,1
-2.873,0.1457,CGATAACTAACCAAGT,K397D,1,1
-2.873,0.03973,CTCACTAAATCTCATG,K397Y,1,1
-2.873,0.4371,GAGCAAATATCTAAGC,N45F A365S,2,2
-2.873,0.009264,CTTACCAGAAAAAACC,K315N,1,1
-2.873,0.05935,GAAGACTGGTGTAAAT,A336G,1,1
-2.873,0.08148,CAGGAACCCCCCGCTG,F448K,1,1
-2.873,0.08148,CGCAAGCCAAACTAAA,R299L D461E,2,2
-2.874,0.05656,ACTAACAATCTCATAC,E494G,1,1
-2.874,0.1299,ACCAAATCTCCAATAA,K450D,1,1
-2.874,0.1299,TATGCACTAGCTCGGG,N159V,1,2
-2.874,0.0763,GAAACCAACAGACACT,R321T,1,1
-2.875,0.02345,ATTCAGTAGCATCTAT,V182Q,1,1
-2.875,0.04759,AAAAACAGTTTAACAC,S143C,1,1
-2.875,0.3204,CCGTCTAAAATTCCAA,H184D,1,1
-2.877,0.01008,GAGGTAACACTTCATC,P227W Q356M,2,2
-2.877,0.08431,AAGTCGCTAAAGCACC,K292Q,1,1
-2.877,0.2529,ACATCATGGGAGTACA,W234G,1,2
-2.877,0.2529,TAACCAGAACATTACC,N424A,1,1
-2.878,0.2089,AAAAACGCCAACCCCT,E494A,1,1
-2.878,0.06583,TAAAGTCACGCCATAA,D487F,1,1
-2.879,0.178,ACTCTATCAAAACCTA,I252C,1,1
-2.879,0.155,CTCGCCGATTGGAAAT,N250Y,1,1
-2.879,0.155,CTGCTAGATAAACTGA,P162T,1,1
-2.879,0.155,GGAATTACTACAAATT,P324K,1,2
-2.881,0.1022,TAACTATAAAGCCACA,V112F,1,1
-2.881,0.01487,TTCTTTCAAATTCTCA,E432C,1,1
-2.881,0.02174,GCGACCTACCGAATGA,S422E,1,1
-2.882,0.007994,GGACAACACCAATTCC,L431C,1,1
-2.882,0.05279,CTACTGTCGGATATAA,I267R,1,1
-2.882,0.05279,GTTTAAAATTTCCCAC,Q434S,1,1
-2.883,0.0239,GTTATACTGGTATATA,E414K,1,1
-2.884,0.03969,ACTATAGTTTATTGAC,T10N E398K,2,2
-2.884,0.0565,AGCCGTCGACTAGCAC,K453F,1,1
-2.884,0.05929,AACTCCAAGCATAACG,,0,0
-2.884,0.05929,TCAAACGCAAATATTA,K131W,1,2
-2.885,0.07873,CCAGGCATCGGTTCTA,S47N M462K,2,2
-2.885,0.1067,ACCAAAAACCTAGCTA,,0,1
-2.886,0.04488,CATTTTTGAATACTAA,R405I,1,2
-2.886,0.02713,GTATGACCCGTAGTCA,S95Y,1,1
-2.886,0.1455,GTCAATTAATGTGATA,A69N,1,1
-2.887,0.1656,TTACAAAACGGATAGC,,0,0
-2.888,0.0762,TCCCCCGAATACCAAA,V88F,1,1
-2.888,0.01099,ACCAAGAATCGTTGCA,E398K,1,1
-2.889,0.05162,ATGTATGTTAAGTTCA,R354I,1,1
-2.889,0.05162,CCAAATCCATGTTAAC,I236C,1,1
-2.89,0.05926,ACTTTACGAAAGAGCC,T485W,1,1
-2.89,0.02743,ATTCACAAGCTGCATA,Q311D,1,1
-2.891,0.03721,AAACTATAACTGGATA,T206L,1,1
-2.891,0.1116,ATATTACTCTAAGGCT,D186N Q407A,2,2
-2.892,0.01811,ATTCCAGTCCCACAAG,R229M,1,1
-2.892,0.0145,TAAAATTAAACATACA,D487T,1,1
-2.892,0.05782,TGACCCTTTCAGTTAT,S279I K387C V402T,3,4
-2.892,0.04571,ATCGAGTTCCATACTA,G218I T388R S400W,3,3
-2.892,0.1371,TACTGTTGTATAATTA,N341S E401G,2,2
-2.893,0.03902,ATGGTTGGCAATCGAA,Y161K,1,1
-2.893,0.02594,ATACGACCAATAGGAA,G463S,1,1
-2.893,0.01294,TCACCCCCACTGCCCA,A196Y,1,1
-2.893,0.02171,TTATTTCTTTGTATCC,D225I,1,1
-2.894,0.07161,GACCGAAAGCCCCAGG,K468S,1,1
-2.895,0.04658,ACCCGAATTCTAACAC,R222E,1,1
-2.895,0.5331,AAACCATTTATTTAGT,I331P,1,1
-2.895,0.5331,ATAAATAAAGGACAAT,I202C,1,2
-2.895,0.04846,CACAAGTTACCCCAAA,F500I,1,1
-2.895,0.1066,CGTCATAATGAGGAGC,Q173Y,1,1
-2.895,0.5331,GAAACTAGCCAATCAA,,0,0
-2.895,0.5331,TCACGAAAAAAGTTAA,Y105C,1,1
-2.895,0.5331,TCGGCTCAATTAGTTC,L194M G386E,2,2
-2.895,0.5331,TGAAATCAAAAAGAGA,N165S,1,2
-2.896,0.04246,ACTTTACAAAATGTAG,R109A L244Q,2,2
-2.896,0.08131,TGTATCAGCTATCAGA,K2G,1,1
-2.897,0.06572,ACAGATCCGACCAAAA,D461P,1,1
-2.897,0.03607,AGGACATTTCTCTGAT,E396C,1,1
-2.897,0.2086,TAGACAGTAGGCCATA,N246K,1,1
-2.898,0.04945,AACTATAAAAGTAAAT,P99M,1,1
-2.898,0.1296,CAGGCCAGGTTACCAA,T485W,1,1
-2.898,0.1296,TTTAAAAACCGTATTC,Q454D,1,1
-2.898,0.09405,GTTACATATTAAGTTC,T12W A39S,2,2
-2.898,0.06071,TGTTTTGTAACTTCAA,N6G T235Q,2,2
-2.898,0.01184,TCATCTCTTAAGTAAC,S146V,1,1
-2.9,0.2524,GGATTTATCTTTGAGA,P103V,1,2
-2.901,0.0403,AGCTTCATACGGGTCA,S378M,1,1
-2.901,0.02872,ACCAATCCGAATTGAT,D415I,1,1
-2.901,0.1115,TAACGTTGCCGATGCG,N94T,1,1
-2.901,0.07157,GGACCACTGTCTACCC,G504W,1,1
-2.903,0.05155,TAGTCTATAAATTAGA,S265M,1,1
-2.904,0.06068,AAATTATCTTTACAAG,G465Y,1,1
-2.904,0.02536,GTTTTACATGTATCCT,L428G,1,1
-2.905,0.1917,GATCTACATACAATGA,A364T,1,1
-2.905,0.1917,GCCGCTAACACGCATA,P221D,1,1
-2.906,0.06751,ACAAAAAGCTAGACGA,Q434A,1,1
-2.906,0.07857,TTCGAACCATAGATTA,Q132F,1,1
-2.908,0.1546,CACGTACTCATGCTTC,P227V,1,1
-2.908,0.05774,ACCAAATAATGTCAAA,D408C,1,1
-2.909,0.2282,AAAAGTATAAACAACA,,0,0
-2.909,0.2282,TAAGTCCAGACACACA,N497G,1,1
-2.909,0.2282,TAATATGTAAACATTC,V213Y,1,1
-2.91,0.1295,CTAGCTCATCTCACGG,S96R D461N,2,2
-2.91,0.0904,CATCACTGAAATACCT,V20Y E398K,2,2
-2.911,0.1114,CACCGAAAAGATGAAA,Y100M,1,1
-2.911,0.1114,TTCCGAAGACCAAATC,V20H A304V,2,2
-2.911,0.02022,GCGACCCACCCACCCC,T440L,1,1
-2.911,0.04939,TGATAAAGAACGAAAA,L496R,1,1
-2.912,0.0173,AACGTGTGTTAACCTA,E123R,1,1
-2.912,0.04395,TTCAGATCCTAAGAAA,I245C,1,1
-2.912,0.02737,GTATAGTTCAACAAGG,T167H,1,1
-2.913,0.4355,AAGAAGCATTTAAACA,I214E N458V,2,2
-2.913,0.08709,ACCATATTGTCACATC,P227D,1,1
-2.913,0.06221,GTCACCAAATTTCGAA,S137W R222E,2,2
-2.913,0.1452,TTACCTATCCTAACTA,G49T,1,1
-2.913,0.05771,TTGCAGTTGCGCGGTG,R456M,1,1
-2.914,0.1228,GACACAGTTCCCCCAT,S312C,1,1
-2.914,0.05042,TTGAGTAAAACCGATA,L66W,1,1
-2.915,0.1064,ACGGTTCATATTATTA,R354S,1,1
-2.915,0.04476,ATGTGACCCTCAGCAT,I236S,1,1
-2.915,0.2817,ATTCAGATCTTACTCT,,0,0
-2.915,0.2817,TGATAATCCCAAGTCC,K380Q,1,1
-2.915,0.0939,TGCAGGCCAATCGATT,N22A,1,1
-2.915,0.02902,TAGGTCTTTTACTTTC,P221C,1,1
-2.916,0.03496,CATCATAGACATGTAA,V182F,1,1
-2.916,0.02534,CTATCCTGCTAGTCGC,S312F E398K,2,2
-2.916,0.2082,AACTGCCTCACAAACA,H435V,1,1
-2.916,0.2082,ACCCCGTGATCCTATA,K450Y,1,1
-2.916,0.2082,ACCGAACACCGCAATA,A69Y E484W,2,2
-2.917,0.06385,TAACCTTTCTCAACAA,Y412K,1,1
-2.917,0.01923,TTAGGTCAATACCCCA,E410G,1,1
-2.917,0.05149,CTAAGACCATGATTTA,G5I E35G,2,2
-2.918,0.1168,TTGCAAATCCCCCAGC,T451S,1,1
-2.918,0.1019,AACTGACGAATTCAGA,K397A,1,1
-2.918,0.1019,TGACATTTGGGCCCGA,N45F N158Y,2,2
-2.919,0.0504,AAATATTAGCTCCTCA,K310N,1,1
-2.919,0.0504,ATCAGGGTTTCGACCG,V406E,1,1
-2.919,0.04237,GAGTCACTCAAATTTG,R255F,1,2
-2.92,0.04392,ACTAAAAGCGTTCACA,L177M I267T,2,2
-2.921,0.08703,CCATTAGCAAACTCAA,H184G,1,1
-2.921,0.1113,CGGACGTCGATAAGCT,A113M,1,1
-2.921,0.03891,AAAGATGCACATGGCA,R299C,1,1
-2.921,0.02506,TTACCGTTATAAGTTA,K315I G386R,2,2
-2.922,0.01121,CCCCCAACCTATTTAT,F79R,1,1
-2.922,0.1914,CCCGGTACCCTACATC,H18F,1,1
-2.922,0.1914,TATATAAATTACCGAA,,0,0
-2.923,0.08396,CATTGAGATACGGGCA,D104G,1,1
-2.923,0.2519,GTGAAAAAATAACAAT,K468E,1,1
-2.924,0.02587,ACGCAATAACAATAAA,I226M,1,1
-2.924,0.05765,GCAGCAATCCTGTCTC,A365T,1,1
-2.924,0.1063,ACGCTGAATTGAAGTA,G275E E410K I478F,3,3
-2.924,0.01283,CACACAACGGAAATAA,M462D,1,1
-2.925,0.06739,GAACAACGACAATACC,K238C G379V,2,2
-2.926,0.145,ACCATTAGTCGTAGGA,S115I,1,1
-2.926,0.09027,CACGGTTAGGAACACG,T440G,1,1
-2.926,0.02404,AAACATCTTCGTAAGT,A336S,1,1
-2.926,0.06554,GCAAGTCAGATTAAAT,E432T,1,1
-2.926,0.06554,TCAACCTACAAAATAC,N424P,1,1
-2.927,0.1018,AAATAACCAACATGGC,E432L,1,1
-2.927,0.04737,AAAAACATTGTTTAAT,R201K G465A,2,2
-2.927,0.1772,AGCGAGTAGCGCATCA,R220T,1,1
-2.927,0.1772,ATGGGAATTAATGATC,,0,0
-2.927,0.05906,CATCAAGCAAACTTAA,D348W,1,1
-2.927,0.1772,TAAATAAGCAAGGCAG,L420C,1,1
-2.929,0.08697,CTTCAATCCAGGTGGA,R150G,1,1
-2.929,0.06932,CGAGGCACAAGAAATC,Q173Y,1,1
-2.93,0.2277,ATATTGCTAGATAGTA,S266E G386N,2,2
-2.93,0.09761,ATGAAGGGTTTCTGAC,G129I,1,1
-2.93,0.2277,CATTTCTCGTAACAAA,S193H,1,1
-2.93,0.1367,AGGGTACAATTTGAGC,A106H P162K,2,2
-2.93,0.07592,GAGCCCCTGAGTTATT,D225I,1,1
-2.931,0.0839,ATATAGTTCACTCTTT,F174G,1,1
-2.932,0.07357,TGCATAAGACCCAGGA,S156T N341W,2,2
-2.932,0.05496,CGAATAAGGATACCAA,T318Y,1,1
-2.932,0.05496,GTATTAATCTCAGAAT,N159C,1,1
-2.932,0.1649,TAAAAAAGATACTGTC,D188G S247G,2,2
-2.932,0.0655,ATTAACTTATATTCAG,S145W,1,1
-2.932,0.007106,TACTCCACGGAAACTG,R383W,1,1
-2.934,0.1062,GTATCAAATACTACTA,D415L,1,1
-2.934,0.3187,TAATCGGGGGAAAAAG,A93H,1,1
-2.934,0.01632,TGAGCCATTTATATCT,N94H G404I,2,2
-2.934,0.03706,AGTAAAAATTACATGA,S144P,1,1
-2.935,0.06928,CCACTCAAATACAACA,G78E L428N,2,2
-2.935,0.06928,TTACAATCAAAATTAT,K140F D415N K417L,3,3
-2.935,0.02701,ACTAGACATAAAGTAA,A113M,1,1
-2.936,0.1017,CTGTAAACATCATCAT,G249N,1,1
-2.938,0.03489,TGGAATAACATGTCAT,M462F,1,1
-2.938,0.059,AGTATAGAATCAAGTC,T318S,1,1
-2.938,0.06547,TAAACACCCTGAGCAG,T65C,1,1
-2.938,0.07353,GGTTGATTAGAAATTG,P221F,1,1
-2.939,0.03044,ACCTATCGCTATAGAT,I331P,1,2
-2.939,0.03389,AACCTGCAATGACTGC,M462W,1,1
-2.939,0.05757,GATTTCACTTATGCCA,N94M F399R,2,2
-2.939,0.01919,TCGAACAATTCTTATG,G330W,1,1
-2.939,0.1911,AATACATGTTACTACC,L244R,1,1
-2.94,0.01845,TAAAAAACAAAGAACA,S146M,1,1
-2.94,0.07132,TCCACTATCTCCAACG,V213D,1,1
-2.94,0.09369,AAACAGGCTATTTCAA,D438Y,1,1
-2.94,0.2811,AGACTATCCAAAATTT,N31T,1,1
-2.94,0.2811,CCCATTTTAAAGACTC,E414L,1,1
-2.941,0.008579,TCATACGTGCCTCTAA,S193F,1,1
-2.942,0.05492,AGTATTCGCGCCACCC,K140H Q394H,2,2
-2.942,0.03647,GACAAAATTTACCACA,I274N,1,1
-2.942,0.1365,AGCAAGTAGACTGGCT,Y178C S279H,2,2
-2.943,0.06729,CCAATCGATTATATAG,P324F Q371N,2,3
-2.943,0.06729,GGATCGAGTTACGACG,A11T,1,1
-2.943,0.07583,AACGCTATGGCAGTCT,,0,0
-2.943,0.1769,AATTAAGATAACTAGT,T65F K140E,2,2
-2.943,0.1769,ACGTCTCTCCTTACAC,A106N,1,2
-2.943,0.5308,ATAAATAACCTAAAAA,L455I,1,1
-2.943,0.5308,CATTTATACCCCAAAA,K417A,1,1
-2.943,0.07583,CTCAAACCCGACAGAC,I274P,1,1
-2.943,0.5308,TAGTTACTCTACAACA,N298A,1,1
-2.944,0.06543,CGCTCAAAAAACGATC,E494Y,1,1
-2.944,0.0273,GATTCTATATTTTAAG,D474L,1,1
-2.945,0.1291,AAAGCACGTAAAAGCC,A373G,1,1
-2.945,0.1291,GAAATATCCCTAAATG,G330P,1,1
-2.945,0.02123,TAAACCCCCTCTTTTC,A364C,1,1
-2.946,0.2514,AAAACGTGTCAAAGTC,P99I,1,1
-2.946,0.2514,GGATAAAAGGTAAAAC,N22W E403K G404V,3,3
-2.946,0.08379,GCGAACGCGAACATTC,N475C,1,1
-2.946,0.07128,ATTGATGTTTGTACTC,W421A,1,1
-2.946,0.07128,CTTCGACAACTCCAAC,P324E,1,1
-2.946,0.03538,ACACGTATTAACGGTC,G256K,1,1
-2.947,0.02729,AGGTCTGCCAGCTCAT,D60F,1,1
-2.947,0.02581,TAGAGTAGTAACCTCC,D60C A272V,2,2
-2.947,0.09746,AAATCATTAGAGCAAA,S266D,1,1
-2.947,0.09746,AAATGTTAAGCTCCTT,A93L G463Q,2,2
-2.947,0.02424,TCTATGCACTGAACCA,R361P,1,1
-2.948,0.04013,CATATAACCTAATAAA,D438I,1,1
-2.948,0.01998,ACAATCTCTACATGGA,M320W,1,1
-2.948,0.04302,AACGTAAAAGGCAATA,I3Q,1,1
-2.949,0.07827,GATGAGAAATATCCTC,T65E,1,1
-2.949,0.1165,AATAGTGAAGGTCTCC,Q1W M462Y,2,2
-2.949,0.1165,ACAGTTAATAGCCTTA,A196M Q407E,2,2
-2.949,0.02307,GATGCTTGAAATCACA,E403K,1,1
-2.95,0.05752,ACCGATAAACGCTGCC,E344H,1,1
-2.95,0.2273,AGGATAATGCGATTTG,I179F,1,1
-2.951,0.111,AACAAATCCTGCAACC,I267Y E410K,2,4
-2.951,0.111,ATGACATTATCCCAAT,I260P,1,1
-2.952,0.1446,AAACTGCTTCGGCATT,P239C,1,2
-2.952,0.08679,GTGTACAATGTTAAAG,K238W,1,1
-2.952,0.4339,TTTATATCTTATCGCT,,0,0
-2.953,0.06042,TCAATACTACCATCAA,D438V,1,1
-2.953,0.0222,CACTTCACTATCTACA,D408M,1,1
-2.953,0.08373,TACAATTCAGCATGTA,S480K,1,1
-2.954,0.05892,AAACAGCCCATTTGTG,F467W,1,1
-2.954,0.1015,TGCTTAGAACACATAG,F174R,1,1
-2.954,0.08089,GGAAAACGAATGAACC,P227T,1,1
-2.954,0.0086,GGTAAGAACGCCCCCG,A430F,1,1
-2.955,0.06721,ACCCTTTACTCCGCCA,,0,1
-2.955,0.06721,CATCAAATCTTAAAAT,P293L D348M,2,2
-2.956,0.07823,AACAATATCATGTGTA,P227D,1,1
-2.956,0.07823,CTTCTCATAGACTATC,T235D,1,1
-2.956,0.09738,GAAGATCCTACGTTTT,I481K,1,1
-2.956,0.129,ATGAGAGTCCTAGTAC,S369C,1,1
-2.956,0.0482,CGATGGTCGAACTTTT,,0,0
-2.956,0.05484,CGCAGAAAACTTGTAC,R405G,1,1
-2.956,0.1909,CTGGAAAAAAACATTA,V213T L496M,2,2
-2.958,0.1223,ACTAACGAGCGCTGCG,G263E E325V,2,2
-2.958,0.367,CTATATAATGTAACAA,S442K,1,1
-2.958,0.367,GACTTTAAATATACTA,K452E,1,1
-2.958,0.367,TCTTCTAGTAACAATC,S144P K276P L431R,3,3
-2.959,0.04458,GACCTGCCTTACTAAA,S266M E396I,2,2
-2.96,0.08673,TTAACAAATCAAAATA,Q1L E401S,2,2
-2.96,0.05747,TCTATGAATTCAAATT,S91C,1,1
-2.96,0.06718,TGATCAAAAAAAAACT,D438Y,1,1
-2.961,0.04147,GTTAAGAGCGATACTC,V402N,1,2
-2.961,0.1645,GATTATTCTAGTTGCC,K171E Q363H,2,2
-2.961,0.1645,TTCGCTCCACGAACAC,I418T,1,1
-2.961,0.03641,TACTAAAATAGTCACT,I230C,1,1
-2.962,0.3179,GATGTCATTTCTTAAA,Q311K,1,1
-2.962,0.05241,TTCATCCACTCGCGTT,D438A,1,1
-2.964,0.01366,AAGCTCACCTAATACT,K397G,1,1
-2.965,0.03158,CCATCCGCAATCGCGG,N298S E449T,2,2
-2.965,0.02029,GAAAATCTACTCAATT,H488E,1,1
-2.965,0.04721,AACAATTGAACTTTTG,V20S,1,1
-2.965,0.2804,AAAAAATCTTTATGAA,G78V L427W,2,2
-2.965,0.2804,AAATCAGTAAACTACA,P227G,1,1
-2.965,0.2804,TCCCGTTTACAACATA,I58S,1,1
-2.966,0.0193,GTTAGGTGCGGCGCTC,T155Y,1,1
-2.967,0.04455,GTACTCGGAGGTAACA,F195A,1,1
-2.968,0.2509,AACAAATCTGAATAAA,K131W,1,1
-2.968,0.2509,AGCTCAGAAGAAAGGC,P306T,1,1
-2.969,0.07813,GCTCTTACGCTGGAAT,,0,0
-2.97,0.01111,TCCAACAAAGCAAGTA,E398G L439A,2,2
-2.97,0.1162,TTTTTATGATGAGACC,P55C,1,1
-2.971,0.1108,ACTCATAATCATGCAA,L108I G142Q,2,2
-2.971,0.1108,CCTTCCAAAGCCATAT,R255K,1,1
-2.972,0.006537,CTGCATTAGGCCATAC,Q197N,1,1
-2.972,0.2072,CATAGCAATTAAAATC,K310N,1,1
-2.972,0.2072,TAAATAAATAATAAAC,L59S R299Q,2,2
-2.972,0.06906,AACACATTAACGTGGA,G463F,1,1
-2.972,0.1014,TACTACAAAGACCAAC,L118Y,1,1
-2.972,0.05016,CTTAACAGATCTAGAA,E172I,1,2
-2.972,0.04004,AAAAATGTAACTTTCC,W234L,1,1
-2.973,0.09723,TAGGATTATAGTAATG,V347A D438Y,2,2
-2.973,0.03874,CCCAAATACATTACCA,S209N,1,1
-2.973,0.01745,ATACAAAAACACACCT,R222E,1,1
-2.973,0.1906,ACTCAAATAGTCTAAT,S193N,1,1
-2.973,0.1906,GTAAACACGTTTTCCG,Y161V,1,1
-2.973,0.06352,TAAAAAACTAAGAAAT,E443G A459Q,2,2
-2.973,0.1906,TCCACTAAAGTATAAA,,0,0
-2.974,0.09342,GTTATGGCGCCTTCGG,A430F,1,1
-2.974,0.03582,GATACAATATATGTTA,N165R,1,1
-2.974,0.01784,AATCTATCACGTATGA,D438Y,1,1
-2.975,0.0437,AGATGTAACACCGCAC,S369M,1,1
-2.975,0.08661,AATAAAAGCAAGCCAA,V429A,1,1
-2.975,0.05604,TATTGTGCATTATCGC,N22T K450I,2,2
-2.976,0.1643,ACCCTATCTCGTAGCA,S149K,1,1
-2.976,0.07808,TTACATGCTTCTATAA,T30R,1,1
-2.977,0.0381,CTCGGAAATACATCTA,L66A,1,1
-2.977,0.0375,CTTTAAAAAATCAGCA,K238W,1,1
-2.977,0.07327,AAACCGCCAGTCCCCA,R354L,1,1
-2.978,0.04624,ACCTACTAGCAACAAT,Y412H Q501G,2,2
-2.978,0.06707,AATGCACTTTCTTACA,N126M D375V,2,2
-2.978,0.02215,GTTCCCCATGATTCAA,S95E S358R,2,2
-2.979,0.1221,TGGGTACATATAACTC,N159I,1,1
-2.979,0.02417,CTAGGACAGCAAATCA,V20N,1,1
-2.98,0.05879,CACTGACACTGCCAAG,F192M,1,1
-2.98,0.05879,CCACGCCGACCGTGCC,K397W,1,1
-2.98,0.1107,CATTTTTATTACACAT,L244S R361G,2,2
-2.98,0.02174,CTGCTCTCTACCTCTA,F399R,1,2
-2.982,0.02345,TCTAGACAATACCGGC,D487P,1,1
-2.982,0.02994,TCAACTAAGGCGTACT,S247I,1,1
-2.983,0.08352,CCGATAGACTCTGAAA,S54G,1,1
-2.984,0.03526,CGTTTCCGTGCACCGC,L367G,1,1
-2.984,0.03152,CTCATCATCTCCTCTC,,0,0
-2.985,0.0523,ATCTCCCAGCTCAAAT,D441N,1,2
-2.987,0.008026,AACAATCCAGTGAGGC,Q164C,1,1
-2.987,0.02884,TACGCTTTATCTCAAC,M268T,1,1
-2.987,0.02751,TTGATAAACCAATACT,G62E V182Y,2,2
-2.988,0.01926,AAGATGTGTATACCGT,S115Q,1,1
-2.99,0.05228,AAAATAACGTACAAAG,G129A P239I,2,2
-2.99,0.2504,AAACAAAGAACCCTAC,I288C,1,1
-2.99,0.5286,AACAACAAAAACCCAA,P239C,1,1
-2.99,0.1057,AAGTTGATTGTGTAAA,N22S L42T,2,2
-2.99,0.1286,AATACTCCTACCTAAG,L70Y,1,1
-2.99,0.1762,AATGAAGTTCCTATTT,Q191K S193K N483W,3,3
-2.99,0.3172,AATTTGCAACATCCAG,T187L,1,1
-2.99,0.2504,ACCGTATGCCGAACCA,S47P R222G,2,2
-2.99,0.3172,ATAGAGCCATGCCAAA,H17K,1,1
-2.99,0.2068,CAATTACGATGGTCAT,N489H,1,1
-2.99,0.07552,CACTGACACACAATCA,L420T,1,1
-2.99,0.06701,CATAATGAAAGACTGT,K82Y D291K,2,2
-2.99,0.164,CGACCAGCTCTTAAGT,G129C,1,1
-2.99,0.0275,CGGCGCCTTGCAAAGA,Y105E R229Q,2,3
-2.99,0.1057,CTCGTACGACTTATTC,D225F,1,1
-2.99,0.03806,GCGGAAAACAAATATT,P273L E494F,2,2
-2.99,0.2504,GGACCCTGATCCCATA,K121R L427Y,2,3
-2.99,0.2265,TACTGATAAACAGTAT,K27S K453E,2,2
-2.99,0.5286,TATAGTTTCCACCAGA,S247C,1,1
-2.99,0.2504,TATTTTACCTTGAGTA,I300Y,1,1
-2.99,0.1057,TGAAGAGCTTACTAAC,R229K D375I,2,2
-2.99,0.164,TGACGGAACAACTATA,G200M,1,1
-2.99,0.2068,TTCTGTTTCCAGGCAG,F195N,1,1
-2.992,0.02059,CAAATAATAGTGAAGA,S143C,1,1
-2.993,0.01717,AATGCCATATAACCAT,R361P,1,1
-2.994,0.01463,CTAGACCCACCACCAA,L431Y,1,1
-2.995,0.05729,AATTCATACGCCCACC,E41N,1,1
-2.995,0.01069,TGTACCCATAATGTTA,L409F,1,1
-2.996,0.0249,TGAGAGCAACTTTTAA,R361C,1,1
-2.997,0.02627,TGACACATTCAACATA,G463H,1,1
-2.998,0.09322,CGGTCATTCAATGCAG,S209A,1,1
-2.998,0.09702,AAGAATAACCTACAAA,P162W,1,1
-2.999,0.1011,GGACCGATAAATCAAG,V213N E401M,2,2
-3,0.1159,TTTACTTCAAATCACA,T155F,1,1
-3,0.1219,ATCTTTACAAAGCCTG,L42M R141K,2,2
-3,0.1219,GGAATAAGACAAAAAT,E403D,1,1
-3,0.06173,TGGTGACGGAGTCTAA,K171E F448I,2,2
-3.002,0.04526,TCCTACATATGCAAAT,N464F,1,1
-3.002,0.06888,CGTATTCTCAGTACAA,S137I D348A,2,2
-3.002,0.02779,AATAATCATAGGAAGA,L15A,1,1
-3.002,0.005206,GATTACACGGATTGAA,K452W,1,1
-3.002,0.07093,TACTCGGCAAAATCTG,G465Y,1,1
-3.002,0.144,TCACATTTCACCATTA,D60H K278E,2,2
-3.003,0.1533,TAAGATACTCTATTCA,,0,0
-3.004,0.01254,CAAGCAAGCATAAACA,L108F,1,1
-3.004,0.1638,TTAGAAACAACATAAA,R321A G386E F392T,3,3
-3.004,0.03323,ATGTAAGCTTTCTGTC,A11S Q191T,2,2
-3.005,0.176,TAAGGTTCAAGGCGAA,R299G,1,1
-3.005,0.03627,AACATACCCAGCGACT,D438W,1,1
-3.006,0.09315,TTCACTGAGATTGTAA,Y302Q,1,2
-3.007,0.01418,ATCTTTCACTATTCCA,G200E,1,1
-3.007,0.03322,ACCAGCTGACTTCTGC,S156I,1,1
-3.007,0.1011,AAAATGCCACAAATCA,P227I,1,1
-3.007,0.1011,GATAAGATCCGGTATG,L42A,1,1
-3.008,0.2065,CAAAAATATAGTTCAC,H435F,1,1
-3.008,0.2065,TCATATCCCTAGTAGG,S156E,1,1
-3.009,0.0546,AACGCACATCTCTCAC,Y161C,1,1
-3.009,0.0546,CATGAAAACCAATCGA,R299S,1,1
-3.009,0.1105,AATGCGAACAACACAA,S145L T318R,2,2
-3.009,0.05588,GTGTACAATTATCAAC,S115H,1,1
-3.009,0.2262,TCGCCTGGAGAAAGAT,F195S,1,1
-3.009,0.01418,AACGAATCAAAACAAT,S110V W234C,2,2
-3.01,0.01145,ACTTGGGGCGTACCAG,P284R,1,1
-3.01,0.1158,CAAAAACTTTTCCAAC,A196F,1,1
-3.01,0.03925,AATAATGGAAAAATCC,L420N,1,1
-3.011,0.04059,TATTTAACAAACACTT,R224M,1,1
-3.012,0.01013,TCAGAACAACCCTCAA,G362D,1,1
-3.013,0.01417,AAATAACAATATTTCC,K411E,1,1
-3.013,0.03367,ATGCTCAAGTAATTGA,D225T,1,1
-3.013,0.1357,AGTGTTCTAGAATTCC,,0,0
-3.013,0.1357,GTACAACATCAAAAAG,E344T,1,1
-3.013,0.05457,AATTTCTCTACTGACA,D104V,1,1
-3.013,0.02744,ATTCAAGACATCCGTA,D225N,1,1
-3.014,0.06881,TTCGATAGCTCCCTCT,D271R,1,1
-3.014,0.03103,CGTAGTCCATCAGTAA,E494Y,1,1
-3.014,0.02594,TGACACATCGTTAGAT,G360E,1,1
-3.015,0.1439,CAAAATCACCTTTAAT,L111I,1,1
-3.015,0.09688,AAGTGGGATACTAGAG,P306M,1,1
-3.015,0.07303,CCATGTATCGGTAATA,,0,0
-3.015,0.01128,ACACATCAACCACAAA,D73H,1,1
-3.016,0.07535,GGGACGCCTGCCGTTG,V182Q,1,1
-3.016,0.02776,AGACTATAAAACAGAA,Y302R,1,1
-3.016,0.1531,AGACGAACGAAAATAT,D487F,1,1
-3.017,0.02594,ATAAGCGAAAAAAGTA,A430Q,1,1
-3.017,0.05216,ACGGGGAATTGTAAAA,D73M,1,1
-3.017,0.1055,CTCTACGATCCACGTA,T12M I282L,2,2
-3.017,0.05333,CCACAGCCAACTAAGT,V182Y,1,1
-3.017,0.08044,GGCGTTAGGTATTTAC,D441Q,1,1
-3.018,0.1637,ACTCTCAGATAAAACT,D348S,1,1
-3.018,0.05455,AGATGTGCCGTTTCTC,A364G,1,1
-3.018,0.1104,GAACAGCACAATCAGA,D487R,1,2
-3.018,0.1104,GCCCTCAGCCTCAACC,P99M G479I,2,2
-3.019,0.03062,GTTAATGAGCCTAACA,T436I,1,1
-3.019,0.06877,GTACATTCTGAAAAGC,G62F T206S,2,2
-3.019,0.08628,CTAATTGAAACCTCAA,T30W,1,1
-3.02,0.1757,GTTTGTTAATAACTTG,T155H E484R,2,3
-3.02,0.1757,TAGTATTAACTAAATG,L420T,1,1
-3.021,0.06006,CGATATGAGCCTATTA,V102S,1,1
-3.021,0.365,ACGCTAAATTACAAAC,V20A,1,2
-3.021,0.365,ACTTGGTCTCACACTT,F338L,1,2
-3.021,0.365,ATTGCAAATAAAAACT,T318I,1,1
-3.021,0.365,CCATTACAAATGTTTA,E449L,1,1
-3.021,0.365,TAAAGGTACAATAAAC,,0,0
-3.022,0.06162,AAAAGCACGAGTATCC,V429R,1,1
-3.022,0.04697,TTTCATCTCGACTTAA,R222E,1,1
-3.023,0.1282,ACAAACCGCACCACAC,I3G R456S,2,2
-3.023,0.03227,CCAGCTTCACACTAAC,L496C,1,1
-3.023,0.07777,ACAATCTTTCCATTTT,Y105K,1,1
-3.024,0.05715,AAAAACCTAAACACAA,N250H,1,1
-3.024,0.06681,AAAACTTGGTATTGAA,P324W E398Q,2,2
-3.025,0.1355,TCATATAACATTGAAC,T485S,1,1
-3.025,0.05856,CCGAAACCTAGTAAGG,L151I,1,1
-3.025,0.05856,GAACTTAATTCCCATC,G78L L420T,2,2
-3.025,0.01367,TTAGATAAGTGAAGAC,G465A,1,1
-3.025,0.01875,TGGATTTGTTATCACC,G129V T328C,2,2
-3.026,0.03513,CTTATCTACAAGTATT,L244K,1,1
-3.027,0.1437,AACAGACAACAACCCT,R456S,1,1
-3.027,0.0479,AACATTTAACTTCATG,T24Q H184W,2,3
-3.027,0.4311,GAGACCAACAATAAGA,,0,1
-3.027,0.08623,TTCAATAATAAAACTT,N6L,1,2
-3.029,0.2258,GAAAAGCTGATACAAA,E359D R456K,2,3
-3.029,0.1156,TATTTCCACTGAGAAA,L367G,1,1
-3.03,0.09297,ACACTAACCATAGAGA,T485L,1,1
-3.03,0.07773,AAGAGAGAATGTCCAC,Q371L,1,1
-3.03,0.0521,TGACATCCAGTGTACT,D408C,1,1
-3.031,0.09675,CGGATCGACACATACA,N290A,1,1
-3.031,0.03733,CCACCTACTCCAAAAG,T117D,1,1
-3.031,0.04052,CCCAGTAGTAATGATG,V323H,1,1
-3.031,0.1216,GATCTCCGAAAAATTA,I236Y,1,1
-3.032,0.1635,CTTCGCCAATTAAAAC,D408A,1,1
-3.032,0.1635,GAAAGGGTACGGTGTT,G275R,1,1
-3.033,0.2495,AAACACCATGAGCCCG,R150P,1,1
-3.034,0.07292,TTTTACAAAGCATAAT,K2G N357A,2,2
-3.034,0.08617,ATATAATAGTCTTCAA,S95I,1,1
-3.034,0.0346,TTTACTGGGGTTAGCA,K446G,1,1
-3.035,0.1755,ACTATTTACTCAACTA,Q371H,1,1
-3.035,0.1755,CCTGGAAATAATAATG,V182I V213W,2,2
-3.036,0.1354,TTAAATAACATATCCG,L427A,1,1
-3.037,0.01342,TCGACCCACCCGCATC,D60Y,1,1
-3.038,0.2787,CTCCAATAAACCTGTG,K207L,1,1
-3.038,0.04347,CTAAAGATGTAAACAT,T416F,1,1
-3.038,0.1895,TATTCAATCATGAATC,N165R,1,2
-3.039,0.1436,AAGGACGATTAATTAA,M168C G333S,2,2
-3.039,0.1436,AGTAATACCCGAACGA,P162Q,1,1
-3.039,0.04785,TTCTCAACCTAGAAAT,F392E S400L,2,2
-3.039,0.03056,CTAAAATCCTTTTCAC,D415W M462I,2,2
-3.04,0.08311,AAGTTAGCCGCTCGCT,N45L R229C,2,2
-3.04,0.07288,CTACCAATGAAAATAA,P162L,1,1
-3.04,0.07288,GAAACATACGGTAGAT,G249R,1,1
-3.04,0.05848,TTTTCGCCATAGGACA,Q173C G240S,2,2
-3.04,0.04512,CATATACTGGTCTTCC,P221C N497V,2,2
-3.041,0.05996,AATTATCAACATTATA,D73G,1,1
-3.041,0.06671,CTATTTTAACAAAAGT,I236S,1,1
-3.041,0.07519,CTCATAACATACTAAA,T485F,1,1
-3.042,0.1214,CCAAACATGAATTTAG,K121I G129C,2,2
-3.042,0.1528,AATCTTGTACCGCAAA,N165Y,1,1
-3.042,0.1528,ACCACAATGACAACGC,L314V,1,1
-3.043,0.04426,CAGTATTTTACATTAT,D32K,1,1
-3.043,0.08936,CAGATTAATTTGTACC,D348N,1,2
-3.043,0.05706,CTCTAAATAAAATCCA,K264E,1,1
-3.044,0.128,AAGAAGTACTAAACAC,E432W,1,1
-3.045,0.05846,CCAAAACCGTTTAAAG,I282K,1,1
-3.045,0.01709,AAGTCCTTGGTGCTCA,P103M S209R,2,2
-3.045,0.01709,TGAGATGTATAGAATT,A11D T187S,2,2
-3.045,0.04344,ACAAAAACTCTTTGAC,A334M,1,1
-3.046,0.1633,AACACTTTATCAAACG,S149W,1,1
-3.046,0.1101,TGCGCGCCACAGCTTA,D461H,1,2
-3.047,0.01263,TTCAGACATTATACAA,I478W,1,1
-3.047,0.04782,GACAATGATTTTGCAA,Q132K,1,1
-3.047,0.04782,TAATGCAAGCAGAATA,T167E,1,1
-3.048,0.2254,AAGCTCTTTAAGTAAC,K171S R299W,2,2
-3.048,0.05202,ATCATAAAATTTGGCT,E359C,1,1
-3.048,0.06148,CGATATAGTTAATCAG,A372L D375Y,2,2
-3.048,0.1353,GTGGCCCGGGTTTATG,I236C,1,1
-3.048,0.1353,TCCTCTAAGTGGGAGA,L439E,1,1
-3.048,0.04265,TATAAGTTATACCAAA,I226Q,1,1
-3.048,0.05704,CTGTCTTGACATAGGA,I377T,1,1
-3.048,0.05704,GATGAATTTCCCGATC,N126C,1,2
-3.048,0.05704,TTGAGAAAGGCTATAA,K131I,1,1
-3.048,0.02142,ATATAACGGACCGCCA,L431C,1,1
-3.05,0.07064,CATACTACACATTGCA,M462R,1,1
-3.05,0.02452,ACCTGATATAATATTC,L243W,1,1
-3.051,0.0893,AGTAACATAATACAAC,V490C D493Y,2,2
-3.051,0.02558,ATATCCAAAATAATCG,G72E I245A,2,2
-3.051,0.1434,GACAATGCAAATACGT,T370M,1,1
-3.051,0.03786,AATCATAAATGTGTAT,V406Q,1,1
-3.051,0.08021,TGCTGTAACTAGTAAT,S95I,1,1
-3.052,0.02903,GACCATGGAAACATTT,T167Y E359Q,2,2
-3.052,0.364,TATTTGCTTAGCCCTT,S193W Q356K,2,2
-3.052,0.01103,TCATAACATTAATACA,A196V D438I,2,2
-3.052,0.04879,AACACCCATTAATACA,R299Y,1,1
-3.053,0.05701,TGCTTTAAACTTAAAA,L420T,1,1
-3.053,0.02558,ATAACTCTTTCGTCTG,R92L R141C,2,2
-3.053,0.09278,CCTAATACCTTGTATC,K411C,1,1
-3.053,0.02122,CAACCAGACTGGAAGA,F79C,1,1
-3.053,0.249,AACTAACTACTTTTAA,I418T,1,1
-3.053,0.08301,AGATATTAATAAAATT,I179C,1,1
-3.054,0.1893,CCCGCTTGGATATTTG,,0,0
-3.055,0.1526,GGTTACTTCAGTGCCA,P4C,1,1
-3.056,0.007644,AACTGGTATACAAAAA,S146E,1,1
-3.056,0.07756,AGTGGACAACATAACT,L409W,1,1
-3.056,0.07756,CAGATTGCCTCAACAA,K397W,1,1
-3.057,0.01885,AGAACCTACAAGAACA,T65G,1,1
-3.058,0.05315,ACTGTGACGATTTAAC,T313V D474N,2,2
-3.059,0.1154,GAAGAGAATGCAGCCT,G200E,1,1
-3.059,0.1351,TAAAAGTAAAGCTAAA,T313K,1,1
-3.059,0.04505,ATATTTAAGAGTACAC,N159L D291I,2,2
-3.059,0.1631,AAGTAAACTGATACTC,Q57V E403H,2,2
-3.06,0.2056,CCATTATCGTGCCAGA,T203A,1,1
-3.06,0.2056,GGATCCTGACCGTTCT,N464M,1,1
-3.06,0.03174,TTACACGAATATATTC,N190M,1,1
-3.061,0.2782,ACTAAGGCTATCCATA,S247M,1,1
-3.061,0.03974,GACCGACACTAAGTAA,I242Y T485H,2,2
-3.061,0.022,TTCTAAATGCAACGTC,P239Y E484W,2,2
-3.062,0.1212,GAAGTTTGCTAGATTT,Q211C,1,1
-3.063,0.4298,AACGAAAGCAATAGTA,A372K,1,1
-3.064,0.02798,ATAAAACGGTCTCCCA,S422E,1,1
-3.064,0.01317,ACATAGAACAGTTAAG,D186W,1,1
-3.064,0.1751,TATTTTTAACCTAATA,S96Q,1,1
-3.065,0.1099,TCTTTCCTAATTCAAT,G62I,1,1
-3.066,0.1278,GTTGATTCTGCTAACT,N158G K368E,2,2
-3.066,0.05983,TATTGTTAGAATAATG,V130A,1,1
-3.067,0.06475,ACCGCAGTGTATACAT,L59R,1,1
-3.067,0.04774,ATAAGCCACACGACTC,S205Q,1,1
-3.067,0.05695,AATAAGGTGGATACCA,L70Y,1,1
-3.067,0.08292,GACCACGGAACTCTAG,D68N,1,1
-3.067,0.1525,TGACGTAAAGACGTTA,G465M,1,1
-3.068,0.06138,AATAGTTCAAAAATAA,N246K,1,1
-3.068,0.05432,TTATCAAATGGGCTTG,S422E,1,1
-3.068,0.02011,CAAATTACTTGAGGAC,A364G,1,1
-3.069,0.03215,CAACATTCAGTGCGAA,E403Y,1,1
-3.069,0.01247,TCCCGTGTCGAATCAT,F192D,1,2
-3.07,0.189,ACAACAAGGTTTAAAA,T167G A364T,2,2
-3.07,0.105,GCAATCGACATAAAAC,R222C K259V,2,2
-3.072,0.04415,CTAAGATCTACTTCCA,W84Y,1,1
-3.073,0.1629,GTCTAAAACAGGTTTA,H56E,1,1
-3.073,0.04677,TGTATCCATACCAACA,D415H,1,1
-3.074,0.1099,TATTAATACATTAGCC,T187Y,1,1
-3.074,0.01549,ATAGTCATAGTTTTTT,I267Q,1,1
-3.074,0.2486,AAAATAATGTGTCACC,T37A,1,1
-3.075,0.03719,ATAGTTCTGTTAAAAT,Y233G,1,1
-3.076,0.09261,TAAGAAATCTCTGGAC,F338H,1,1
-3.076,0.1276,GTACACAACCGTATAC,G275I,1,1
-3.078,0.007655,GCAATACAGTCTATAA,K368G,1,1
-3.079,0.02281,CGACTAGATGCGCCAA,I236K,1,1
-3.079,0.07495,TAGTCTAAAAGAACTA,T167R,1,1
-3.079,0.1749,TCGAAGCAGCCACTTA,P221W,1,1
-3.079,0.0583,TCTCTACCTCAGTCAT,D438V,1,1
-3.079,0.1049,TGTTATGAACACACCT,K131I,1,1
-3.079,0.03397,AAGACTGAGAAAATCG,R456V,1,1
-3.079,0.006239,ACCTGGCATGCTATTG,Q191Y,1,1
-3.079,0.04584,AATAAGATATATGAGC,T187A N489G,2,2
-3.08,0.1523,AGTCACAAATATGTTA,G240D,1,2
-3.081,0.02281,TATGTTATCCAAAATA,L428K,1,1
-3.081,0.08283,TTACAGGTTCACGCAA,A336S,1,1
-3.081,0.1349,GTACACATAACTCCAC,P55Q P324W,2,2
-3.081,0.04331,GAGACAAAACCATTAA,S205Q,1,1
-3.082,0.07263,ATTATACATAATATAC,Y100T,1,1
-3.082,0.3631,GATACAGCACCATATA,Y233K,1,1
-3.082,0.3631,GTAACACCGCTGCTCA,P162T,1,1
-3.082,0.3631,TAAAACCAATTCATTT,N22R,1,1
-3.082,0.01011,TTCAAAAAAAACAACA,K2I,1,1
-3.082,0.01189,TAGGTGTCGCCCAACC,L111E,1,1
-3.082,0.06841,TATCAACCAAATACCT,K503P,1,1
-3.083,0.02446,GGTCATGATCAGATAA,D408C,1,1
-3.083,0.01315,ATAAGCACCGGAATAT,E359M,1,1
-3.084,0.03837,CACCTCACATAGCAAT,P239Y,1,1
-3.084,0.08,AGAGTCAGTACTACAC,R354V,1,2
-3.085,0.2247,AACAAGATCTCCAGTA,Q164A,1,1
-3.086,0.03445,TCTACCCTATAATTAT,G249N R269K,2,2
-3.086,0.1627,ACTCTTATCTGAACTA,E390K D415I,2,3
-3.086,0.143,CATCTAACCATACATC,R222Y,1,1
-3.087,0.1275,ATTATATACAAAGAAA,Q210K,1,1
-3.089,0.01656,GAATGCTAGTAATCTA,L427Q,1,1
-3.091,0.0629,TTACCAAAATCTCAGA,D408V,1,1
-3.091,0.08577,GCCGCATAAATAAGTG,T167W,1,1
-3.092,0.02324,AAGTCTGAATAGAGCA,R361C,1,1
-3.092,0.05072,ATTTACTTTCTGCACA,R109K,1,1
-3.093,0.1747,AAAAGAATGCCACAAT,R201N,1,1
-3.094,0.2051,GTCGCCATGAAAAATG,R224H,1,2
-3.094,0.07731,AAGCAGACTGTAAGCT,R224M,1,1
-3.094,0.2482,TGGAATTTATATTTAA,L108D,1,1
-3.096,0.04326,TGCTTGACACGAGACA,N483V,1,1
-3.096,0.3144,AATCAAGAAAAGGTAA,D186P,1,1
-3.096,0.3144,GTCTTAAAGTATATTG,,0,0
-3.096,0.008982,CATGAAAGTCAATACC,V130A,1,1
-3.097,0.01878,AATCGAAAACACCGCT,V20F S247G,2,2
-3.098,0.01779,TGTTATAAAATGCAGA,R109D,1,1
-3.098,0.4286,AAAGGAATTTAGAACG,N382K,1,1
-3.098,0.4286,AGCCTCTACACAGATA,M346W,1,1
-3.098,0.08572,AGTACTTAGATTAACC,D271H,1,1
-3.098,0.03392,ACATTATCTCTTTCAC,A425W,1,1
-3.099,0.09244,ATAAAAGAACTATCAC,E344Q,1,1
-3.099,0.09244,ATAACCTCAATATACA,V323L D461N,2,2
-3.099,0.1626,TCAGCTTAAACCAAAT,M168R,1,1
-3.1,0.05679,CATACCATACATATCA,S95I,1,1
-3.1,0.05967,GTAACTAAAGCAAAAG,E410K K411H,2,2
-3.101,0.1885,GTAACATATGTAAATA,E457K,1,1
-3.101,0.06285,TAAGAATATCCAATCA,N458S,1,1
-3.102,0.1208,AGAAATTAATTAGACA,Y470H,1,1
-3.102,0.03598,TTGCTCATCAATTCAC,N133R,1,1
-3.102,0.0127,GCATAAAGCATTCATC,S442K,1,1
-3.102,0.07034,CTTAGCTCGCACTTTG,F192G,1,1
-3.102,0.07034,GCTATCAAAATGCGTT,A39T S144N,2,2
-3.102,0.02789,CGTATCTATTCAAAGC,F332V,1,1
-3.103,0.04324,ACCTATATGATGTTAA,R229G,1,1
-3.103,0.02856,GAATAGAAGCTCCACA,A93W F192M,2,2
-3.103,0.2244,ATCTCAAGATTATAAA,R109Y,1,1
-3.103,0.2244,CTCTATATCGACAATA,K380M,1,1
-3.103,0.2244,TAAAGTCCGATTAAAT,S110V K259E,2,2
-3.103,0.0612,GTCAACCCGACATCAC,T187K,1,1
-3.104,0.02113,TCTTAGAGAATGTAGG,I395D V406M,2,2
-3.104,0.02152,TAATCAGAGATGGATT,T117I,1,1
-3.104,0.07987,AAGAAAATTTTCCATT,I418N,1,1
-3.104,0.03491,GTACTAAACATACCCT,V323E,1,1
-3.105,0.152,CGCCAATAACGTGGTC,F148H,1,1
-3.105,0.152,TAAAATTTCAAAGAAT,T248S,1,1
-3.106,0.1149,TTCCCACTAACCAGCA,D419H,1,1
-3.106,0.005361,AACAGTACCTAGAAAC,S231K N246F,2,2
-3.106,0.2771,AATACGATCATATTGA,A113T,1,1
-3.106,0.2771,GCTTTCGTATCGAAAA,T328C,1,1
-3.106,0.2771,TCTTAGCATAACAAAA,L427H,1,1
-3.107,0.06635,CGCCTTAAAAGTGAAT,L316I D415N,2,2
-3.107,0.01765,TTCGACAAGACAAAAG,Q311E,1,1
-3.107,0.05816,TAGTTGTAGAAATTGT,K380H,1,1
-3.107,0.1273,CACGGTTTGTTAAAAG,I3M S143C,2,2
-3.107,0.1273,TAACGCAATTAAATAG,E426R,1,2
-3.107,0.01751,TCATTAGTTACCTCGA,D77R,1,1
-3.108,0.08265,TTATGAATCCTTAATT,Q132H R150I,2,2
-3.109,0.0383,AAAAATCCACGGTATC,F79R,1,1
-3.109,0.01045,TCAGACCCCGATTGCA,H183C L367Q,2,2
-3.109,0.08887,AACATCGAAATGCATA,R299C,1,1
-3.109,0.1095,CTTCCTACACGTTGCC,S146M,1,1
-3.11,0.1427,AACAACAAGGTGTGCC,A430V,1,1
-3.111,0.3623,CTCACCCAATGGATTT,H17Y,1,1
-3.111,0.01124,TCACTGACGTGATCCT,N285P,1,1
-3.112,0.03541,TGCATCCACGACCTAG,A11G,1,1
-3.112,0.06633,ATATACTTAAGATACA,G249S,1,1
-3.113,0.04572,TTAGAAAAAAATAATT,G240C,1,1
-3.113,0.0282,TTTATATCAATGCCAT,N165Y,1,1
-3.113,0.05673,AACGAAATATATACAC,S205Q,1,1
-3.114,0.09232,TATCACGTAGAAGATA,D348G A365T,2,2
-3.114,0.2478,CCCCCGACCTCTTATT,,0,0
-3.115,0.1148,AGTGTATCTCCTTCCT,T65S K411C,2,2
-3.115,0.07473,ACTTTTTACACAAACC,S369M,1,1
-3.115,0.02721,TAAGTCTGAAACTACC,N483P,1,1
-3.116,0.03339,CACGCAAGTAAAATGG,M168E,1,1
-3.116,0.1883,CTACACTGACAATCTA,D73H,1,1
-3.116,0.01021,TGAAAAACAAAGACAG,T318R,1,1
-3.117,0.07979,TCAATACCCGATATGT,P215I,1,1
-3.118,0.1272,GTAGGTAAGACAACCC,M462A,1,2
-3.118,0.06113,GAGGGACATGTCACAA,K131W,1,1
-3.118,0.009952,AGCTACTTAGACGGGT,S205Q,1,1
-3.119,0.02853,AATTTAGAACCGAGTG,A459V,1,1
-3.119,0.03291,GGAAGTACTGTACGTC,Q164Y,1,3
-3.119,0.007483,GCACACGCTGTTCATC,Y412W,1,1
-3.12,0.05537,AGAGAGCCGCCCAACT,R109I V204I,2,2
-3.121,0.1046,AAAGACAATCAAAATC,R255L,1,1
-3.121,0.1426,AATATTAGATATCACT,S47C,1,1
-3.121,0.1426,AGTTAAATGATCGAAG,T10K,1,1
-3.121,0.1046,CCTCATAAAATTAAAC,Y161K,1,1
-3.121,0.5229,GAACTAAACAATTAAC,E172W,1,1
-3.121,0.2241,GTAATACGAGTAACTC,Y257C,1,1
-3.123,0.07239,CCGAGGCACACGGACT,N190M,1,2
-3.124,0.0485,CTCAAATGAGTCTATA,F192K,1,1
-3.124,0.1001,CGCAGTCACATTTTCC,V166S S480K,2,2
-3.124,0.0517,ACCCAATTCCTACCAC,F338M N489W,2,2
-3.124,0.1147,CACATTCACGTGGATG,,0,0
-3.125,0.1344,CAACTAATTACAATCA,S156T S219F,2,2
-3.125,0.01736,GTCTAATAGAGCTTTA,A19W R361K,2,2
-3.125,0.03953,TGCCAAATTTCGTATG,G61S G479W,2,2
-3.125,0.1622,CTCACTAGGCACCCCG,R109I,1,1
-3.126,0.096,CACTGATAGAGCAAAA,T117F,1,1
-3.126,0.096,CGTTACTCAACAAACA,G62K Y233Q,2,3
-3.126,0.096,GAACCCTTTAAATACA,S146L,1,1
-3.127,0.2045,GGCGAGCTTGAAACCA,Q191K,1,1
-3.127,0.0234,TACAAGATGCCCAACT,I29Y,1,1
-3.127,0.07466,ATACGATAAATGAGGT,S378Q,1,1
-3.128,0.04479,GTAAGGACCAGACCTT,S279P,1,1
-3.128,0.2766,AAAACTCTACAGACAC,R383F,1,1
-3.129,0.0475,ATAGGATCACGCACGA,L428V,1,1
-3.129,0.02921,AAAGCAAATACCTTTT,K278M,1,1
-3.131,0.08872,AAAGGACCTTAACTAC,A163H V297A,2,2
-3.131,0.08872,GGTAACAAATCAATCC,R220G,1,1
-3.131,0.1881,AGCCCTACCTCTAGCA,S54E F195Y,2,2
-3.132,0.01522,ACAACTTCATCAGAGT,W127I,1,1
-3.132,0.04161,AAATAATACTTAGCCA,P99I,1,1
-3.132,0.4274,AAAACCAAAATTGAAA,A19Q,1,1
-3.132,0.1425,CTAGGCCAGAACGATT,A19H,1,1
-3.132,0.1425,TTAAAAACCCAAACTA,K452V,1,1
-3.132,0.1425,TTTAGTTGATTAATAA,T10I S156F,2,2
-3.133,0.1147,AAATCATCAACAACGG,Q44M S145M,2,2
-3.133,0.1147,GCAATAAAACTAAAGA,T206G,1,1
-3.133,0.06621,GCTAATAAATAGCATA,A11M,1,1
-3.134,0.03761,AAATTCTCCCGATAGG,T10S K292G,2,2
-3.134,0.08247,GTATCCTCATAATCTA,R255C,1,1
-3.135,0.07232,AGAATTCATAAATTTA,T167A,1,1
-3.135,0.06439,TCATAAAAGTAACATT,K131M,1,1
-3.136,0.06267,ACATAGCACTCAGCTA,A39R P227Q,2,2
-3.136,0.02513,TAACTACACCGTAATA,E359V,1,1
-3.136,0.01873,CTGTTCCAGTCGAATA,H184W,1,1
-3.137,0.04312,ATAAGAGACAATAATG,R299S,1,1
-3.138,0.08867,AATGTCTCCAAAATTT,Y302R,1,1
-3.138,0.08867,AGATTTTACTGGATAC,E41N,1,1
-3.138,0.1044,AAGGATGAAAGTTTAC,Y233V,1,1
-3.138,0.1044,TGATATCCAATATGGC,G263K E414K,2,2
-3.138,0.04234,TAAGCCGAAGGCGCGC,N165G,1,1
-3.138,0.01801,ACATTTGCAACAATAC,K259G,1,2
-3.138,0.162,TTAACAAAAAGATAAC,T235G,1,1
-3.139,0.2238,AGAGATTATATATAGA,A93T F192M,2,2
-3.14,0.3614,ACGCGCTCACAATAAT,H184Q,1,1
-3.14,0.3614,TAAAAATACAAACTGG,R354A,1,1
-3.141,0.08243,ATTCAACAAACAACTC,G379D,1,2
-3.141,0.1516,TATCTTGTATGGCTGC,H56E,1,1
-3.143,0.2042,ATGGAAATAATACATT,D415F,1,1
-3.144,0.07701,TATACCAATGCCTAGC,T318E,1,1
-3.144,0.1092,TGGTGAGCATGCTCGA,Y161F E172K,2,2
-3.145,0.02269,CCAAATGTTTCCGACC,L59C,1,1
-3.146,0.05525,AAGAACAGAACTAATC,G463R,1,1
-3.146,0.07225,AGATCTACATGGTAAA,S369F,1,1
-3.146,0.3131,TATCAGGTAATGTAAA,Y233Q K417E,2,2
-3.147,0.08239,TACACGTTTCATCACA,L427E,1,1
-3.148,0.03585,GGGTTAATTCGGTTGC,A19Y N341F,2,2
-3.148,0.02408,TAGAAGAAATATAGAT,S193F,1,1
-3.148,0.1269,TAAAGGGAATCAAACC,F332V,1,1
-3.148,0.0516,TCTCTCATAGTGAGAC,H183M,1,1
-3.149,0.1739,AATTCGGTCAAACCCA,G379S K397E,2,2
-3.149,0.1739,ACTAACTATAGGAGGC,,0,0
-3.149,0.1739,CATCGCTCTGGAACCC,L66W,1,1
-3.149,0.1739,TATATGAACAATTCAA,T235L,1,1
-3.15,0.2762,CACTATCCACATCAAC,T12F K310C,2,2
-3.15,0.2762,GCTGGACCAACCCCAA,A69M,1,1
-3.15,0.05523,GTTCAAGTTATTAACA,G352L,1,1
-3.151,0.0626,AATGATCAACGCCTTA,S193W,1,1
-3.151,0.0626,CCTGTTAAGCCAAGCC,R222I,1,1
-3.151,0.0626,TAGCAACATTAATACA,P162Q,1,1
-3.151,0.1619,ACATACCAAGTCTTTC,V213W,1,1
-3.151,0.05396,TAGTTATTGTTGTATT,K380M,1,1
-3.151,0.1145,TCTCAAAACTGCTTCA,D348Q,1,1
-3.152,0.05942,CCACTCCGACCCAAGC,R229S G263V,2,2
-3.153,0.1514,AAGTATAAGTCCACAC,R33E,1,1
-3.153,0.1514,TTAAGTTTACAACTAA,S54G L157M,2,2
-3.153,0.03583,ATTAAATCTCACGACA,L496C,1,1
-3.155,0.1422,GTGGTAAAAGGGACCA,A364I,1,1
-3.156,0.04011,CCAAATAGGTCTATAT,T40N Q197R,2,2
-3.156,0.2235,CAAATTTAAAGGAAAA,T37I E457H,2,2
-3.156,0.1341,TAAAGAATATATATCA,Y308M,1,1
-3.156,0.2235,TTACCATACGATTAAA,Q371Y,1,1
-3.157,0.02104,AATTAGTGAATGGATC,Y105Q R299W,2,2
-3.158,0.1268,TAATAGGTTTCATACA,K131D L431M,2,2
-3.158,0.05653,ACTAAAATAGGATTTA,N38H E410K,2,3
-3.159,0.02878,TCCTCTTATCCCACAC,L70Y L428Y,2,2
-3.16,0.04555,ACCACAATATTATGTA,P162M,1,1
-3.16,0.00904,ATAGCCAGAAGGGCTA,A106W K292G,2,2
-3.16,0.02104,AGGTATGTAAAACCAA,L427E,1,1
-3.161,0.1876,AATCAGTAAGTGATTT,R33Y S95L,2,2
-3.161,0.07951,CAGTTTAACTCTGACG,L496Q,1,1
-3.162,0.5212,AAACTGCACACAGCTT,H355V,1,1
-3.162,0.1737,AATCTTGCCATATCTT,,0,0
-3.162,0.1737,ATGCGTTTACAAAAAT,N341A,1,2
-3.162,0.5212,CCGAAACTCAAATCCC,T187V,1,1
-3.162,0.02482,CTTAGGAACACATATT,L427H,1,1
-3.163,0.05651,TAATGCTTAGTTGCCA,Q295T,1,1
-3.164,0.03693,ACTATCGCAGCCGTTA,L428H,1,1
-3.164,0.09571,ATACACACAAAATAGC,G362R,1,1
-3.164,0.09571,TGTATCCACTACCTCC,V309L E398K,2,3
-3.164,0.06797,AACAAACGACTTCCTA,L431S,1,1
-3.165,0.0415,AAATTCACGTCCGAAA,Q434D,1,1
-3.165,0.05043,CATAATGCACATATTA,,0,0
-3.165,0.1513,GCTTGTACAGAACACT,V36T,1,1
-3.165,0.01218,CATTTCACTGACGAAG,D241S,1,1
-3.166,0.03374,AACCATCATTAATCTG,S369Y,1,1
-3.166,0.06252,ATCGAATACGCAGGGT,Y161H,1,1
-3.166,0.02563,AACTCAAATCGTCCTC,M320G,1,1
-3.166,0.4263,AAGGAAAATAGCCAAA,,0,0
-3.166,0.4263,AATAACTCAAGAGCTT,N489F,1,1
-3.166,0.08526,TTGAAACGATAACAAC,M168E,1,1
-3.168,0.07442,ACCACACGAAAAACCT,L439S,1,1
-3.169,0.3606,AGGCAATGTGAGAGAT,I51C D77V,2,2
-3.169,0.1202,CACTTCCTCCGATGTT,D415G,1,1
-3.169,0.1202,GTAATTGATAAATATA,E172W,1,1
-3.169,0.0238,AACAATTTCACAGGAG,S9L T206L,2,2
-3.169,0.06997,CAGTTTATATTGTATA,R354L,1,1
-3.169,0.0375,TCAGAATCTCCAGCCA,W234C,1,1
-3.17,0.01391,TTTATACAATTAATAT,N483C,1,1
-3.172,0.2757,TATTCTTTACAAGAAT,S95F,1,1
-3.173,0.2467,AAAAGATCCACCCCCC,P162F,1,2
-3.173,0.2467,ACACGATAAAATTCAC,,0,0
-3.173,0.2467,AGCCAAGCATAATAGA,A39T,1,1
-3.173,0.02741,GTCCAAATGAACAATC,E494Y,1,1
-3.173,0.2467,TAATCTATCATATACT,H17M,1,1
-3.173,0.01633,TATCGTTGAAATGCAT,L157P K189G,2,2
-3.174,0.01782,ATCCAATCAAGAACAG,L118N,1,1
-3.174,0.2232,AAAAGCTGAATAGAAA,D68M K397F,2,2
-3.176,0.05785,ATAATCCCAAGTAAAA,K171T D461N,2,4
-3.176,0.05386,AATAACAAAATAATTC,N165C,1,1
-3.176,0.05264,ACCAGCTTCCTGTTCG,S149K R361K,2,2
-3.177,0.1511,ATACTATCAATCATCG,N133R,1,1
-3.177,0.03023,GCAGAGATAGGTACAC,G333S,1,1
-3.177,0.1339,ATAAGACTAACCTTAA,Q164C,1,1
-3.177,0.1339,GCCCGATAACTTATAA,P239L,1,1
-3.178,0.1266,CAGCATTTATGTCTCG,L244R,1,1
-3.178,0.1089,GAGCAAGAATCCTAAA,N53Q S205I,2,2
-3.178,0.1041,ATTACTAATGATACAT,W234T,1,1
-3.179,0.09967,CAGACCTGCTTGACCA,R229E,1,1
-3.179,0.07939,GAATATAGAGTCGGCC,R208W S266H,2,2
-3.179,0.02617,CACAAGCGCGCCTAGA,I34Y,1,1
-3.18,0.06991,AGTTGGTAGACAAACA,V130K R499F,2,2
-3.18,0.06991,TGAACACCACATTGTA,I232K,1,1
-3.18,0.06991,TTTATCTTAGCGTCTA,K397Y,1,1
-3.18,0.06245,CATATGCACCACGTAA,E35T T187G,2,2
-3.181,0.03631,GAAGACACTTCCCAAC,K315G,1,1
-3.184,0.03418,CCTTTCATTACCAAAA,Y233I,1,1
-3.184,0.03935,TATTAATATAAAACCA,Y161V,1,1
-3.185,0.0233,TCGAATACTTAGACAA,I418R,1,1
-3.186,0.07936,AACAATTGTAACTATG,I226V G362D N497K,3,3
-3.186,0.08513,CTGCAAAAAGATTAGC,S193N,1,1
-3.186,0.01003,TGATATAGCAAGCTAG,N165G,1,1
-3.186,0.09555,TTTAAACTAATATGCC,K417W,1,1
-3.186,0.09961,GTGTGAATGATTTCCA,N152V,1,1
-3.186,0.09961,TGATCATGTTATTACT,R383W,1,1
-3.186,0.104,CAATAATATTGTCTAT,D104C,1,2
-3.187,0.1142,TTCTAACTTTTAAAAT,S193Y,1,1
-3.187,0.12,AGAATCACACGAACCA,S145F,1,1
-3.187,0.02531,AATAAAGATTTACAAC,L314F,1,1
-3.187,0.1265,GAACATAAACACGATT,E344C,1,1
-3.188,0.04545,CACATTCTTTACCAAA,R255W D415N,2,2
-3.188,0.02908,TTAAAATTTATTGGGA,M346W,1,1
-3.188,0.151,GGACCCACGTTTTAAT,T187W,1,1
-3.189,0.1614,AATACCTTAGCGACCT,A334S,1,1
-3.19,0.06592,GCTACGTAGCTACGTT,T40W,1,1
-3.19,0.04,ATTAGAAGTTTTGCAC,I236E,1,1
-3.191,0.2229,TAACTGTCACTAAACG,S114K K472T,2,2
-3.192,0.07932,GATGCCTCACCCGCCA,A425W,1,1
-3.192,0.2463,AACAAATATAATGTAG,P99V,1,1
-3.192,0.2463,GTCTCTTAAAACTTAC,I418T,1,1
-3.193,0.03744,CTGAGTCTCTGAAAGG,E172K G386R K453S,3,6
-3.193,0.02062,AAGTAATCAGAACGAA,E460S,1,1
-3.193,0.2753,GGAAAACGGTCATATA,L427R,1,1
-3.193,0.03999,TGTCTGTTCAACACAT,Q132R,1,1
-3.193,0.09549,AAGCAGTTGTTTCACC,E426V,1,1
-3.194,0.03319,GAAAATTACAGTCTAT,Y423H,1,2
-3.194,0.3119,ACCTTGTCCAAAAAGA,G218D S265F,2,3
-3.194,0.3119,ATAAAAGAATACCCAA,,0,0
-3.195,0.0678,CAAAATTATCCCGGCA,D77R,1,1
-3.196,0.3599,TGAACGTACTAACGTC,L70Y,1,1
-3.197,0.07425,AGCCTGAGACGAACTA,T206V,1,1
-3.197,0.07425,GGATCAATAAATTTAT,G129S I288T,2,2
-3.197,0.0414,CGTCAGACCAAGACAA,A365T,1,1
-3.198,0.02643,TCCATCCAAAATTTAT,T318K,1,1
-3.198,0.08206,AAAAAAATAATATAGA,P99A,1,1
-3.199,0.4252,CCCATATTAAAGACAC,A113K,1,1
-3.199,0.06236,TGAATACGAATGTGAT,I67A,1,1
-3.2,0.1509,GACATGTGAACCTCAG,Q164W,1,1
-3.201,0.1613,AAAATAGATGTTAGGA,S46L N464M,2,2
-3.201,0.0698,AATGGAAGATTGATCC,D186G,1,1
-3.202,0.01778,GGTAACAAAAAACATT,N8E A425T,2,2
-3.202,0.5196,AAACCTACAAAATATC,G379D E398K,2,2
-3.202,0.1732,GAACTATCAATTGGTA,D415K,1,1
-3.203,0.028,GCACTTTATTAACTAC,A365T,1,1
-3.203,0.01973,CGCTAGACACCTCACT,D348V,1,1
-3.203,0.02834,TCGCGGGTCAGAAAAG,P239T E414K,2,2
-3.204,0.07925,GAAAGCTGTGGTAAAG,E432F,1,1
-3.204,0.0437,TGTTATTACAAGAGAC,A11G,1,1
-3.204,0.01725,TAACAACTGGGTTAAA,I179T,1,1
-3.205,0.06404,AAGCGGTCCTCAAGTC,T451L,1,1
-3.205,0.05374,AGAGCAAGGAGAATTA,S205Y D438L,2,2
-3.206,0.0882,CAATGCCCGATGTGAT,L496C,1,1
-3.207,0.05026,TAACTTCAAGGCAACG,E403H,1,1
-3.208,0.6677,ATAATTAACCAAGTAA,L66C,1,1
-3.208,0.6677,TACAGCGCAACCGCTG,E325K,1,1
-3.208,0.6677,TATTTGTTCTAATCAT,G16S,1,1
-3.209,0.0368,CGCATCTCAACCTTTC,H393V,1,1
-3.21,0.05498,CCTCCTGATCGTGGAA,I260G,1,1
-3.21,0.1038,AGAACTGAGCATTAAA,K140D R383K,2,2
-3.211,0.04919,ACACTCTCGATGATAT,F192C,1,1
-3.211,0.08198,ATAGAAAAATAGCCCG,V112F,1,1
-3.211,0.2459,TAAACCCTGTCTTTAA,K238C,1,1
-3.211,0.01532,CCCATAAGTAATTCAA,T187F,1,1
-3.211,0.0445,TATCCAAAACACTAAA,I260P K387R,2,2
-3.212,0.06974,CAATTTCTGATAAATC,Y412W,1,1
-3.212,0.04537,ATCAATAATGACGACA,D408C,1,2
-3.212,0.03362,GTATCTACAAACAAAG,S287T A334S,2,2
-3.214,0.07416,CACACAAATTTGGAGA,T187W,1,1
-3.214,0.09161,GGTGTCTTAAACCTTA,D438Y,1,1
-3.215,0.173,AATCCCCAGCATATAT,S228G,1,1
-3.215,0.173,ATGTGCCCTACATCAG,D487H,1,1
-3.215,0.173,GTACGAACGATCGTGA,P289N,1,1
-3.216,0.1262,AACCACTATATTCACC,D68E,1,1
-3.216,0.1262,ATACTCGAAAGTATGC,Q311G,1,1
-3.217,0.06971,TTACGCATAATCTTCA,D186W,1,1
-3.218,0.03013,AGGCTCTGAGGTTAAA,D438M,1,1
-3.218,0.07185,ATATAACCCACTAAAC,V204I E398K,2,2
-3.218,0.02669,CTAAACAGTCATACAA,K238C,1,1
-3.22,0.05132,ATAAATTATAAGAAAA,D68Q,1,1
-3.22,0.03924,GTGAGCTGATACCCGC,N22M F192K,2,2
-3.22,0.06577,CACAACGGACATTAAT,R354L,1,1
-3.22,0.02668,CATGATATTTTACGAA,I274H,1,1
-3.22,0.07655,GATTTTGTCCTACCCA,Y302A,1,1
-3.221,0.203,CAAACTGTATATTACA,D60F,1,1
-3.223,0.1506,AAACATCTCATTTAAG,S95Y,1,1
-3.223,0.3591,GAATTCAACTCAGATC,S136C,1,1
-3.223,0.3591,TAAGAACTTTATTGAA,Q80R S209I S378Q,3,3
-3.224,0.03092,TGCTCAATTAAAAAAC,V323F,1,1
-3.224,0.01723,CCCTTCTCGAACAATT,N122Y Q211G,2,2
-3.224,0.06395,AGATTAATCCATCAAA,Y302K,1,1
-3.224,0.09933,TATAGGCATAGTAGTC,I230F,1,1
-3.224,0.08488,ATTCTGGCGAGAATTA,P221K,1,1
-3.225,0.161,ATATCTACGCATACTT,E41Q,1,1
-3.225,0.03051,AAAAGACCAACTAACA,E41R G263I,2,2
-3.227,0.02369,CGAATAAAAAAACACG,G200D,1,1
-3.227,0.03358,TCAACAAACAAGAACG,K411E,1,1
-3.227,0.06223,AAAACTTAAAAAAATA,G218S P284I H393C,3,4
-3.228,0.04445,AAAACCAAATAACAAC,R255W,1,1
-3.228,0.1333,CAACTAATAATATCCA,K453E,1,1
-3.228,0.1728,AATATTAGAAGAGGCC,L108F V413W,2,2
-3.229,0.01231,AATGACTAATCAAGTC,T30R,1,1
-3.229,0.08187,CCCTCCCACCTACCTT,Q363D,1,1
-3.229,0.2456,TGTCGCGCTCGTATTT,A113V,1,1
-3.23,0.02254,ACTGGCACCAAGAAGA,G333L,1,1
-3.23,0.07407,GCGCAGTAAGACCCTA,S247M,1,1
-3.23,0.07407,TTAGACGACAGACCTC,P4M P221G,2,2
-3.231,0.4242,AACCACTGTTTATCCA,S193I,1,1
-3.231,0.4242,TTAGCAATAAGATCCT,R229Q,1,1
-3.232,0.1866,ATAATTTTGATTGAGC,V490F,1,1
-3.232,0.1866,CTGACAAAACAATGTT,L194Q,1,2
-3.232,0.05242,GTTTCATTCTATAACC,G333A,1,1
-3.232,0.0453,CTTTGGAATTGTCATT,S137G E325L,2,2
-3.232,0.1196,CTGTACATGGCTGCAA,E359H,1,1
-3.233,0.08803,AAAACACTGGTAACTT,V20A K82I,2,2
-3.233,0.01603,CCAATAAACCATAGAC,N341Y,1,1
-3.234,0.1037,ACCACCTGTCAATTTC,Q376R,1,1
-3.234,0.05905,CACCTGATTATCCAAA,N38W,1,1
-3.235,0.2744,AATCAAGATTTCTGAC,,0,1
-3.235,0.2744,ATAAAAGAAGAAAATC,E410D,1,1
-3.235,0.09146,GAATAAAAATATATAA,Q173M Q376R,2,3
-3.235,0.2744,TTAGAATTTGACAAAC,V490N,1,1
-3.235,0.03089,CTGATTGAAATGAGAC,F125I,1,1
-3.235,0.02368,CGAATTTAAAAGACAC,D85T L431S,2,2
-3.238,0.07645,CGAAGACATTGAAAGC,D348V,1,1
-3.238,0.0356,CATATTTGTTGCAAAG,N298M,1,1
-3.238,0.06961,AAAAAGACTGCCCTAT,H488G,1,1
-3.238,0.06388,CTACACACCAGGTCAC,G333A,1,1
-3.239,0.03791,AAATCCCAAGTATACT,D441Y,1,1
-3.24,0.05239,ACTCCAGTACTGATGT,N341T,1,1
-3.241,0.1727,ACTTCTTACACCTCCA,R456N,1,1
-3.241,0.03985,ATGGCGCATTAAACCT,S312F,1,1
-3.241,0.222,GAATTAAATCGTACTG,Y233S,1,1
-3.243,0.05901,ATCAATTCAATGGCTT,S193H,1,1
-3.244,0.04907,CTAGAAGGCAGTATAA,V406A,1,1
-3.244,0.126,AAACTAATATGTAAAG,Y423H,1,1
-3.244,0.126,CTAAGTACAGCAACTC,T206V,1,1
-3.244,0.126,GGCATTTATCCAATAA,Q80R P103Q K292N,3,3
-3.245,0.01313,GGTCAAAATGGCAAGT,S146F K368H,2,3
-3.245,0.07171,TACCCGAAATCTAAAC,S95M,1,2
-3.245,0.1504,AAATCCTCTATTAACG,F192L,1,1
-3.245,0.03259,AAGACAAACTAACCTC,S114P,1,1
-3.246,0.1864,ACAGCAAAAAAAAGCC,L316V,1,1
-3.246,0.09916,AACGGTGAACACGTCC,E426L,1,1
-3.246,0.04124,TAGTTCGACTGCACCA,W234C N497V,2,2
-3.247,0.0209,AGTAAGACCATGTACT,T313V,1,1
-3.247,0.1137,GTCTCCAAAATCAGTA,A138Q,1,1
-3.247,0.2453,ATTGATCAGACCACAC,N122I K315H,2,2
-3.247,0.2453,TCCCACACAAAGCCCT,K397A G504S,2,2
-3.248,0.1331,CGTCCGAACCTTGAAT,N341W,1,1
-3.248,0.02318,AAGGAAATACAAATCC,G352M,1,1
-3.249,0.03214,CGAAAATAAAGTAAAA,K2I,1,1
-3.25,0.02318,AAGTGAACTCTATATA,D60F,1,1
-3.25,0.3584,AAATATATCAACAAAA,H183M,1,1
-3.25,0.3584,AATACTAGACACATGC,,0,0
-3.25,0.3584,ATCCCATTCTTTTTCC,I395G,1,1
-3.251,0.04904,CGTCATAAAAAAGACC,W234C R405Q,2,2
-3.252,0.04274,TATAAGTCTTTTTAGC,E359L,1,1
-3.252,0.1083,ACGTGATATGCATGAC,L111I N126E,2,2
-3.254,0.01917,GCCATGCTGATTTTGG,T485G,1,1
-3.255,0.07636,ATTCAAGGGCAGAATG,S143I S265N,2,2
-3.255,0.274,ACACGAAGAGTCTTCC,D77I E398K,2,2
-3.255,0.274,CACCGTGATACTACAA,A364T E410K,2,2
-3.255,0.02317,AATCTTATTCCTCGAA,H184D,1,1
-3.255,0.1136,TATAAAAATAACAATC,T318K,1,1
-3.256,0.05233,TCAACCCTTCCACTTC,D271W,1,2
-3.256,0.01507,GCTTCTCTGTTAGTCA,T206L,1,1
-3.256,0.08468,TGACTTGGATCCATTG,S247G,1,1
-3.256,0.05008,CACCTACCCCTCGATT,N22I,1,1
-3.256,0.1502,GAACCGGGCAGCGGAA,P162T,1,1
-3.256,0.01646,TTTCTGACAATATCAA,E432A,1,1
-3.257,0.05611,CTACACTGAAAAATGA,W234V,1,1
-3.257,0.1035,ATACTAGTAGTAATTG,E494G,1,1
-3.257,0.1035,CACTAGTGTACATTGG,,0,0
-3.257,0.04801,TAAGCTCGATCTGGGT,D225N H393R S400V,3,3
-3.257,0.06379,TTAAACAATTATTAGA,M168N,1,1
-3.258,0.2217,AAACTGTGTCGCTTCT,A365T,1,1
-3.258,0.2217,AAAGACTCGCGAACAT,R383P,1,2
-3.258,0.2217,ACCCTCGGCCCATAGA,R90N,1,1
-3.258,0.6652,ATATAGTTTATTCTGA,K453E,1,1
-3.258,0.2217,ATATTAATACACAGTA,D68E,1,1
-3.258,0.6652,GTACAATAATACCGCC,P74I,1,1
-3.258,0.2217,GTGGAAATCCAAAAAA,L431A,1,1
-3.258,0.2217,TATATAATCTTGACTA,Y308I,1,1
-3.258,0.6652,TCATCCACACAAACCA,E432L,1,1
-3.258,0.2217,TGTTCTTTCAATCAAA,D487C,1,1
-3.26,0.1862,CGCTAAAGATGGCGGA,S95R S279L,2,2
-3.26,0.1862,TATAACGAATTCAAAT,I260G,1,1
-3.26,0.1083,TTCGATTGAAAAACGA,D271I,1,1
-3.261,0.0177,TGATCACATATTGTTC,R492K,1,1
-3.263,0.006023,CCCTGAAAAGGATCAG,N165G,1,1
-3.264,0.06947,CCTACTGTGGCCACTG,S205D,1,1
-3.264,0.06947,GAATATAGATCATTTT,E432Q,1,1
-3.264,0.03124,AAGACCTTAAAACCCA,L420N,1,1
-3.264,0.1135,AGTAAGTCACGTATAA,L367S,1,1
-3.264,0.1135,GGACTAGTGAATATAG,I274G,1,1
-3.264,0.1034,ATTATAATGAAACTTC,L177F N389T,2,2
-3.264,0.01998,AACCATCCAATACATT,K380C,1,1
-3.265,0.09499,ATCTGTTTGACTCCAT,T117R,1,2
-3.265,0.09499,CACAGTCTAGGAAAAC,T235K,1,1
-3.265,0.2449,AAAAATCAGTCTATAG,S146V,1,1
-3.265,0.2449,CACAGTCTTCCCTTCC,S422T,1,1
-3.265,0.2449,GTTATTGAAGCTAAAT,R255L T416W,2,2
-3.266,0.03301,CAACCGAATACACCAA,Q197W,1,1
-3.266,0.07629,ACGACTCTCCCTGCAT,D461W,1,1
-3.266,0.0321,TAATGGCGAATACACT,K140M K387E K391D,3,3
-3.266,0.0716,TAACTCTCAGCGAGCA,L118S,1,1
-3.266,0.04047,GATGAACAATCCACAA,F174W F258V,2,2
-3.267,0.1724,GTCATACTCAGTTAAT,T416W,1,1
-3.267,0.1501,GACAAAATTCAATGGA,Q1I N22K G386R,3,3
-3.268,0.133,AGCCTATTGACATCAG,L13H L367Q,2,2
-3.268,0.1193,CAAAAAAATTTAGTAT,N298F,1,1
-3.268,0.1193,TTTAGGATGACAGCAT,D487Y,1,1
-3.27,0.01884,ATCTTAATGGGATGTA,G465A,1,1
-3.27,0.03041,AAGAGCCGTATCAATT,,0,0
-3.271,0.04268,ACTGAAATTTAGAGAG,Q311G,1,1
-3.271,0.04268,GTTTCCATTAAGAAAA,K380M,1,1
-3.272,0.1257,AAGTACGTACAAAGAT,V20S,1,1
-3.272,0.141,CTCTTTAAGCATAAGG,N94Q R255E,2,2
-3.272,0.141,GAATCTCTTATGAACA,K171T G263E,2,2
-3.272,0.141,TGACCATGAGAGCCCA,K140E,1,1
-3.273,0.1861,CGGCTCTTGCCTAGTA,G319C,1,1
-3.273,0.1861,GTTATGGTTTTTTAAA,T313I,1,1
-3.273,0.02105,ACAAGAAAACTCAGTT,T313K,1,1
-3.273,0.03844,ACTAAACAAAAAAATA,T12M V413A,2,2
-3.274,0.0308,ACTAAAGATTGTTTTC,L439W,1,1
-3.274,0.2215,GAGAACTACAGCAAAG,V237T G352S,2,2
-3.275,0.09119,AAATCTCAACGTATAA,R109D,1,1
-3.275,0.09119,GAAAGAATGATACATT,Y423H,1,1
-3.275,0.01267,TCGAAAACTAATAATC,N45V Q210K,2,2
-3.276,0.3577,CAAAGGAATACCTGCT,H435W,1,1
-3.276,0.3577,CATTCCCACTTCCCTT,V20R,1,1
-3.277,0.05886,GACCATTACCCATTTT,R405Y,1,1
-3.278,0.15,CTTCCACTTGAACGCG,,0,1
-3.279,0.04345,CTCAGATGATAACATT,S378Y,1,1
-3.279,0.5166,AAATCTTAAAAAAAAT,S54K,1,1
-3.279,0.5166,TGAATTATTACGAATT,Y161N,1,1
-3.279,0.1722,TGCTAAAGCAGAGTCC,K189D F392R,2,2
-3.279,0.1033,GTACCATACGTCAGTC,E344H,1,1
-3.28,0.05109,GGCTTTATTTCCATAA,L420A,1,1
-3.281,0.2021,ACCAAGATTAAAGTAC,A11M,1,1
-3.282,0.03038,GAATAACTTATCCAGC,M320L,1,1
-3.282,0.01666,AACTAAAAATAAAACT,E83D P324S,2,2
-3.282,0.0312,ACACCACGGGACTGCA,A196P,1,2
-3.283,0.0989,AACGACCACATACACA,K397W,1,1
-3.283,0.04114,ATAAACATTTAAGAAA,K315G,1,1
-3.283,0.2446,AAAAAGAGCCTATAAA,,0,0
-3.284,0.04427,AGAAATAACAAGTCAA,N296M,1,1
-3.284,0.1603,AAGTTATTCAATAACA,D68N,1,1
-3.285,0.07377,TAAGAAAACCATCATA,T440G,1,1
-3.285,0.05599,CCGATAAATAAATTGT,M462W,1,1
-3.285,0.05599,TCCAGATCCCTCTTCG,G379R,1,1
-3.285,0.09484,ACATACCTAGATCTTA,R90K,1,1
-3.286,0.07877,GACGACATGCACAATA,L157M F448A,2,2
-3.286,0.02408,CTGTAAACACTGATAC,N38I,1,1
-3.288,0.07617,GAGTTAGGTTCCCATA,Q1H S219E S480G,3,3
-3.288,0.09111,CAATACATACAAACAC,Y412F,1,1
-3.288,0.09111,TACATTAATATTACAT,T206M,1,1
-3.289,0.1499,ATAACAAAACACATTT,D461V,1,1
-3.289,0.08151,CTTAGTTCGCATTGGA,Q132L,1,1
-3.29,0.06364,ATAATCCTATCCCGTA,R220Y,1,1
-3.29,0.09885,TTACTTGTAACATTCT,T485G,1,1
-3.29,0.0522,GAAAATATAATCACCA,E403S,1,1
-3.29,0.02382,CCTAAAAGTTCTTACC,D60M,1,1
-3.291,0.07873,GTTAACCCTGATGCCA,E359A,1,1
-3.292,0.172,CTGTTTCTAGGCCAAA,Y233R,1,1
-3.293,0.1408,CCAGTCTTAAGACTTT,V20M I252L E414W,3,3
-3.293,0.4223,TCATTCTCCATCTCAC,D60Y,1,1
-3.294,0.02595,AATATGATCAACCACA,K397D,1,1
-3.294,0.0103,AGCACGGCATATAAAA,N341C,1,1
-3.295,0.09106,AAAACTTAGCCTCCTC,P227T,1,1
-3.295,0.2732,CCTTAAAAAGATCTCC,S266K,1,2
-3.295,0.2732,GATCCGAAAAAGTACT,H355V,1,1
-3.295,0.2732,TACCAACAAATATATA,P289S,1,1
-3.295,0.04261,CACAATCTACAAGACC,I214Y,1,1
-3.296,0.2019,AAAAAAAGCCGCTTAT,D241G,1,1
-3.296,0.2019,TTAATTTAAGAAATCT,P306N,1,1
-3.296,0.04993,ACCTATGATAAAGAAC,E398K,1,1
-3.296,0.02849,TTCTCTTAGGTCACAC,G200E,1,1
-3.296,0.1327,ACCACACTCCATAACA,P293S S400G,2,2
-3.297,0.0988,ATTAATGAGGCAATTT,P239F,1,1
-3.297,0.08761,CAAACAAAAATGACTG,G129C,1,1
-3.297,0.0231,CATGCCTTTGTGACAG,H183M,1,1
-3.297,0.05217,AGTATACCGATAAGAA,S247C,1,1
-3.297,0.04888,TGCTTTTCATCCATCG,V20A I242C,2,2
-3.299,0.108,AAGCAATAACAACAGC,D101C,1,1
-3.299,0.108,CAAAATCAGCAAGCAC,Y308L,1,1
-3.299,0.1255,CAAAAACACCGAGTAA,D225I,1,1
-3.3,0.05731,AACAAATCGAAGGTAT,L157V,1,1
-3.3,0.01181,AAACTTCTAGGATAAC,Q191Y,1,1
-3.301,0.2443,ACTAAATAAGAATTTT,,0,4
-3.301,0.2443,TAAACTAATAACCGGC,T301E,1,1
-3.302,0.3571,ATAATTCTATTGCATA,K380Q,1,1
-3.302,0.3571,CATTAGCTGCATATCC,S228V,1,1
-3.302,0.119,TAAAGTATTACCGCTC,G362D,1,1
-3.302,0.02456,GAATTCAAAAATTGCC,R222V K503R,2,2
-3.303,0.05875,AAAAAGGCCAGTTTAT,E432Y,1,1
-3.304,0.04338,TTTACCACAACGTTAA,S270M,1,1
-3.304,0.1719,GGGATCTCTATTCCAC,Y233T,1,1
-3.304,0.07608,GGTAAAAACAATCCTC,L151I,1,1
-3.305,0.1132,AGTCACTTTTATTAGT,T206P,1,1
-3.305,0.1132,TTTCGCTATTCCCTTT,S149P,1,1
-3.306,0.0947,CACCTAACTACCTTCA,L496W,1,1
-3.306,0.1326,CACTCAAAACCGACCA,N424G,1,1
-3.306,0.6629,CGATGCGAAACGAATG,F195M L428M,2,2
-3.306,0.039,GAAACTACTTACTCGC,P239Y,1,1
-3.306,0.6629,GGGCCAATCACGCCTT,E443N,1,1
-3.306,0.6629,TAGGAAGAAAAAATCA,K140E,1,1
-3.307,0.08141,AATGAGGGACCCCAAT,G465M,1,1
-3.307,0.16,GTATTGTGATGAATTA,T206N A430G,2,2
-3.308,0.09098,TAATATAAAAAACCGC,Y412H,1,2
-3.308,0.03712,GCAATAGAAAATACAA,E403H,1,1
-3.308,0.02099,ACAACAGATAATCGTC,G333A G379S,2,2
-3.308,0.07864,GACAATCTCCTAACCA,P239C,1,1
-3.308,0.1254,CTATCAATAATAAACT,K453Y,1,1
-3.309,0.3093,AAACACAGTTAAAACG,L428Q,1,1
-3.309,0.1031,AGCGCGTATAATTAAT,I274Q,1,1
-3.309,0.1031,TAGACAAACTTGATTT,Y161K,1,1
-3.31,0.1496,AATCACGCACAATGAG,D419T,1,1
-3.31,0.1496,ACCACACAATAATTAC,R354L,1,1
-3.312,0.06354,ATTTATGCCATATAAT,F174A,1,1
-3.312,0.06354,GGATTACATAGATACT,V20W,1,2
-3.312,0.009849,TGGGAACCCCAAAAGT,D461T,1,1
-3.312,0.08137,ACTAACTGACAGATAG,P99T,1,1
-3.313,0.02178,TACATTATAAATTATC,R354C,1,1
-3.313,0.05097,ATCAATCTGAAAATAC,T440F,1,1
-3.313,0.06184,AGTCTTACTTCCCGCA,D60C,1,1
-3.313,0.1855,ATCCGAGAAACGACTT,T318I L428Q,2,2
-3.313,0.1855,GCATAACAATCCTAAA,V112T,1,1
-3.314,0.2728,AGGTCATCATGTATAT,E414K,1,1
-3.314,0.2728,CCGGATAAACCAAATT,K310P,1,1
-3.314,0.09094,TGCACAAAGTATAAAA,T187R,1,1
-3.315,0.0233,TACATTTCCAACTACT,L66A,1,1
-3.315,0.1325,AGATACACATTTTCCC,I236H,1,1
-3.316,0.5152,AACTTCACTTAGACGA,R220K,1,2
-3.316,0.5152,ATAAATTTAAACTGAC,D225V,1,1
-3.316,0.1717,CAGCAAACACTCAAAC,R222M,1,1
-3.316,0.5152,GAATTCTCTGATAAAG,,0,0
-3.316,0.5152,TCATAAACTTAAGGAT,S47C K82L,2,2
-3.316,0.5152,TCCAGGCATGACACAA,D474L,1,1
-3.316,0.1717,TCCTAAAATCTTCACA,L496Q,1,1
-3.317,0.0233,GTCTGACCTCTAAACG,K238C,1,1
-3.318,0.09865,ACATTCATTACGCCAA,P162T P169E,2,2
-3.319,0.1599,TAGACCATACGTCCAA,S219P S266Y,2,2
-3.319,0.1599,TTAAAAGCAAGACCGA,V413W,1,2
-3.319,0.06719,TGCCTTTTTCGGTTAA,G404I,1,1
-3.32,0.05868,ATGACATCTGAAAAAA,K446F,1,1
-3.32,0.03896,CGATATTTGAGTACTA,L428S,1,1
-3.322,0.08746,GAAAGCCCAAATCCAG,P162E,1,2
-3.323,0.1404,CCACTAGCCACCATTG,S247V,1,1
-3.323,0.08427,GCTTTTATACCAAGAC,,0,0
-3.324,0.045,ATAAAAACAATGGAGA,T12N G504S,2,2
-3.324,0.2015,AAGAACGCCAACCTGA,N483W,1,1
-3.324,0.2015,GACACGCACAAATGCC,E172W,1,1
-3.324,0.2015,GATATTTATGAAATAT,G333V,1,1
-3.324,0.05721,CCATGTGTATAATCAT,S146L,1,1
-3.325,0.1324,AAATCTTATGAACAAA,,0,0
-3.325,0.06527,CCCTACTCGGGTCAGT,E398K,1,1
-3.326,0.09457,TACTCTTGCTAAGAAA,L431A,1,1
-3.327,0.1853,TATTCGATACTAAAAT,P215I,1,1
-3.328,0.3564,ACCCCCGCTGCGAATA,V406W,1,1
-3.328,0.1188,TCCATTTCCTGACTAA,P227V,1,1
-3.328,0.08742,AGGTACCCATTATAGA,D271L G504S,2,2
-3.328,0.1716,TCTATACAAGCCGATA,D461G,1,1
-3.328,0.1716,TTAAAATAAAAACCTA,Q363G,1,1
-3.331,0.06176,ACCACAACTAAACTGA,A425F,1,1
-3.332,0.1494,ATATGAGAACTTAATT,Q211K,1,1
-3.332,0.09855,GATCCAATGTAACAAC,S193T,1,2
-3.332,0.07352,CTTATGGAGTAGATGA,V20H,1,1
-3.333,0.1404,AAGTTCAAGACTAAAC,T318G,1,1
-3.333,0.2724,AAAAACAACTAAAACC,Y412L,1,1
-3.333,0.2724,GCCGATGTACCAATTA,G379R,1,2
-3.334,0.1323,TAGAACACCTTCTGTC,S144F M444I,2,2
-3.334,0.06523,AATACCAACCACACGC,L420C,1,1
-3.335,0.06344,ATATCACATTAATAAA,L59P I288K,2,2
-3.335,0.2437,ACATCACCATAGTCCC,Y233F,1,1
-3.335,0.2437,ACCGACTATATACATG,E344H,1,1
-3.335,0.04875,ACGCATTCATAAACGA,M462S,1,1
-3.337,0.1129,TTATCCCATTAAACAC,F79E,1,1
-3.337,0.04496,ACTCTCTATATTTGGA,V166P,1,1
-3.338,0.0691,TCCCCTGCATTTGTAT,S96Y T155A,2,2
-3.338,0.1029,GAATGGCCATGCAAAT,S219F,1,1
-3.338,0.2013,TTTGTTCATTAGTAAC,E398K,1,1
-3.339,0.03826,CGATAAACCGAAGATA,N298T,1,1
-3.34,0.1714,TTCAGCAATAATGACA,N341H,1,1
-3.341,0.08417,ACCTATCTAATTCCAC,T30D,1,1
-3.341,0.04025,AAATGATTTCCCAGTG,V102S,1,1
-3.341,0.05321,AGTCTTAAAGATTGTA,Y412K,1,1
-3.342,0.1493,CTGATAATTAAAGAAC,A272Q S400P,2,3
-3.342,0.1493,GACTACAACAAGATTA,Y161C,1,1
-3.342,0.07347,GACAATCAAAAATTAC,C14T,1,1
-3.343,0.1403,CCACGTATAAGTTGAT,K411F,1,1
-3.343,0.1403,TAATCATCCAAACTGT,G249S,1,1
-3.344,0.01986,AAGCAAACAATATTCC,D348L,1,1
-3.344,0.1187,CATTAAAAAAATGCAA,D366N,1,1
-3.344,0.1187,GCTCCACTCCTATCAG,F338W,1,1
-3.344,0.05713,TTTTTTGCTTAGAGAT,P284N,1,2
-3.345,0.1129,CGTAGCTACACCCTTG,M462W,1,1
-3.345,0.03587,TCTATACATAACCACG,N475P,1,1
-3.346,0.04325,CCACCTGCAATTGAAC,V406N,1,1
-3.347,0.01624,GAGGACAGTTTCAACA,F332V,1,1
-3.347,0.04024,AATAGCCCTATGAGCT,T167L,1,1
-3.347,0.07585,TTGGGCAATGAATTAA,A11M,1,1
-3.348,0.02214,TTCTACACAAATCGCA,S369H,1,1
-3.348,0.06517,ATTATACCTCCAGTGA,T318W,1,1
-3.349,0.01623,TGCCGGAAATAGTGAA,L314V,1,2
-3.349,0.02235,AATTGACAACCATGTA,S270I,1,2
-3.35,0.03643,AGCACTTATACACTTA,L118S,1,1
-3.352,0.185,AAAAATACTAATAGAC,S247C,1,1
-3.352,0.2203,AAATCAAATAACGCTA,I214Y,1,1
-3.352,0.06336,AATAAGACAACTTCTT,K207Y,1,1
-3.352,0.1076,ACACTAACTAATATCA,T301C D415R,2,2
-3.352,0.3558,AGGTCATTCACCCGGT,S95Q,1,1
-3.352,0.2203,ATAACAACGATCATTG,D188V,1,1
-3.352,0.03063,ATGCACAGCAAAAAGA,K2F,1,1
-3.352,0.3084,CAAAAAATAGGCAAAA,,0,1
-3.352,0.185,CAAGTTTTTTGTACCG,K411G,1,1
-3.352,0.06336,CAATGTCTGATAAGCC,E494Y,1,1
-3.352,0.07583,CACTTATTTCACCGAT,P306S,1,1
-3.352,0.1402,CCTATAATTATGTTGA,G218D M268L,2,2
-3.352,0.06007,CGTATAAGATACAAAT,L427Q,1,1
-3.352,0.4205,CTTCGAAAACTAATCT,Q454W,1,1
-3.352,0.06007,GAACGTTATATATATA,A39H,1,1
-3.352,0.5139,TAAAAAGTCTAAACTA,K176Y,1,2
-3.352,0.09069,TGACCCTGAAACAGCT,T235M,1,1
-3.352,0.1492,TTGGCACATCCATATG,,0,0
-3.355,0.03477,TTAGCAAAAACCTTCG,S265Y A364G,2,2
-3.356,0.00717,TTGCACAAAAATTTCT,T167D T206N,2,2
-3.356,0.05196,TTATTACTTAGTGCCA,R482S,1,1
-3.357,0.06513,AAATAACTAATCCTCA,N246K,1,1
-3.357,0.07113,CATTAATCAATTAGCA,D487Y,1,2
-3.358,0.03885,CATACCAAATATTATA,R220G,1,1
-3.358,0.01449,TCCAACAAACTGTACA,S279P,1,1
-3.359,0.04578,AACAAAGACCCAGTGG,G134M,1,1
-3.359,0.02472,TTATAGTATAACCAAA,D348M,1,1
-3.36,0.0557,AGATGACCCAACTTCA,R255Y,1,1
-3.36,0.01634,CTTAATCCCCATGAAC,M462I,1,1
-3.363,0.1491,TTCTCAACAGAAGAAA,I226S,1,2
-3.363,0.05193,CCGAAATTTACTTCCA,D104F K292S,2,2
-3.364,0.1712,AAATCAAGGCAAACCA,P227D,1,1
-3.365,0.1848,CAATGATCAAAACCCG,,0,0
-3.365,0.1848,CGCATAGCTCCAACAC,Q295E,1,1
-3.365,0.09431,GCTACGTATTTAAAAA,L86F,1,1
-3.367,0.04089,TGAACAACACTAACGT,G330W,1,1
-3.367,0.1027,ATGCTACCTCAACACT,S247G,1,1
-3.367,0.0237,GTCCGTTACAAGTTTG,A373M,1,1
-3.367,0.1075,CCCCTTTGTAAAAATT,I481V,1,1
-3.367,0.02394,CAACATGTATATGATA,D408N A430W,2,2
-3.368,0.01239,ACCTTGAATTTTACGA,I179C,1,2
-3.368,0.1127,TATATTAAGCAAATGA,Q132R,1,1
-3.369,0.07831,CACAAGCATGACACCA,A39V,1,1
-3.369,0.1185,GTATCCCTAATTGAAC,R33N K259R D461N,3,3
-3.369,0.08105,CATAGACATGATAGAG,P162M,1,1
-3.369,0.2432,ATTGTTAATCAAGAGA,N126C,1,1
-3.37,0.1249,TGAAAAAACCAGTTCA,R150P,1,1
-3.37,0.06507,AATAATCTATTACCCA,P162E,1,1
-3.37,0.08716,AAAATAACCAGTAATA,G463T,1,2
-3.371,0.132,ACCTTAAATTGCACCA,S110E,1,1
-3.371,0.03818,GCGCGTTTCAACACAG,N159C,1,1
-3.371,0.2717,CCACATACTGGGTAAG,M168V,1,1
-3.371,0.06894,AAGTATAATCGAGGAA,M444W,1,1
-3.372,0.03473,ACAGCATTCGGCCATA,T313D,1,1
-3.372,0.14,GACTACTCGAAAACCT,K292N,1,1
-3.372,0.14,GTGGTATGATGAACAT,,0,0
-3.374,0.3079,GACACATCTCAGATAG,L118Y,1,2
-3.374,0.1593,ATGTTCGTTCAAAACA,A19H,1,1
-3.376,0.03099,GATCATTAAATTAGAC,R109I,1,1
-3.376,0.171,TTCTCCATACTATCAT,H488Y,1,1
-3.377,0.05074,GCCTCAAACAGCGAAC,I58C,1,1
-3.377,0.1184,TTTTACAAGGAATCCT,N94Q,1,2
-3.377,0.0358,TAACCAATATAACACT,G330W,1,1
-3.378,0.01544,ACGCAAGTTAAAGCAA,Q75P,1,1
-3.379,0.03184,TTAGTGACACCAAGGC,T436I,1,1
-3.38,0.2007,CTGACAGGCCTTAGGA,N424Y,1,1
-3.38,0.04014,GGTACATATCCTTATT,S205I,1,1
-3.38,0.03693,AATTTTAAAAAAAGAA,A365T,1,1
-3.381,0.1026,ATTCCTAGGAAAATCT,Q197W,1,1
-3.381,0.04571,TTTTTTCATTAAGGCA,A163L L381C,2,2
-3.381,0.4196,AGGCATTCCGAAGATC,Q327I S378D,2,2
-3.381,0.08393,GTCACAGACATTAATC,D104C,1,1
-3.381,0.4196,TTTACTCTAGTAGTAA,S205V N382T,2,2
-3.383,0.2198,TCCTAAAAACGCATAA,V43L,1,2
-3.383,0.1126,GGGCGATTCTCATATC,K140D,1,1
-3.385,0.09418,ACAAATATGAAGTCAA,I260G,1,1
-3.386,0.2429,AAGTGGGCCGTTCCTC,A11S T187G,2,2
-3.386,0.2429,ACACCTCCGACAAAAT,D186H,1,1
-3.386,0.04858,TTAAAACTCGCATATC,W234C,1,1
-3.386,0.06153,TTGGCTAACGCCAACC,T40D,1,1
-3.387,0.04569,ACAACCTCCGTGGAGC,D366C,1,1
-3.388,0.5127,AAATTGTGTAATAAAC,L455R,1,1
-3.388,0.1709,CCGCGTGAAACACCTC,D438W,1,1
-3.388,0.5127,CCTAATATTGTCTCCT,R261T E432H,2,3
-3.388,0.1709,CGGCATTCGCACATCA,A39H,1,1
-3.388,0.5127,TGTCACATGCATTTAA,Y308I,1,1
-3.388,0.08706,AGAAAAAAAAACTACG,R150Y F195Y,2,2
-3.389,0.1318,TAAAACTTCCCAAAGA,I202L,1,1
-3.389,0.04156,GTCCAATATGAGACAA,Q75P,1,1
-3.39,0.2714,ATCCGGAAAAAGTAAT,N246L,1,1
-3.39,0.2714,TGATGCAAATACAAGA,P239F,1,1
-3.39,0.01702,ATCGAACCAGGCATAC,V36T,1,1
-3.39,0.1845,ACACTACGCAATCTGC,N250Y,1,1
-3.39,0.1845,TGGCACGTAGGAGACA,T155N,1,1
-3.391,0.05558,TGAGTCATGGATTCGG,L431Q,1,1
-3.391,0.1398,TAACCGAAGCCATGCT,D7A R299F,2,2
-3.391,0.1125,AATGGCCACAGTCACA,D225I,1,1
-3.391,0.1125,CTAATTAACCCGTAAA,T167R,1,1
-3.391,0.07097,GAATGGCATGAGAAAA,L251N,1,1
-3.392,0.05302,ATGTAACTGCGGCGCA,D73E G78S P273Y,3,3
-3.393,0.09814,GCCACGAAAACTTCTT,S95P V490H,2,2
-3.393,0.1183,CTCGTAAAACCCCCTA,S9C Y233K,2,3
-3.393,0.04567,CGACGTTAAGTAACGA,S136N,1,1
-3.393,0.0496,GCATTTAGCAACCTTA,R109K G333S,2,2
-3.393,0.0599,TGAACATTTTCCTATA,R299F,1,1
-3.394,0.06685,AGAGGAAAGTAAAACA,L427H,1,1
-3.394,0.2005,ATAATACAAGGAAAAA,N6M,1,2
-3.395,0.1025,CGCTCGGTATATAATC,R456C,1,1
-3.395,0.3075,TAAACTGCCCCTATCT,L59R,1,1
-3.396,0.06317,ATCACAATACTATGAG,N31F G352T,2,2
-3.397,0.04959,CCAATTATCAAAAACA,D85I,1,1
-3.397,0.008955,GTTGGTTGCCAGAATG,I395Y,1,1
-3.397,0.6587,AGTAGAACTAAACCAG,L431S,1,1
-3.397,0.6587,CAAAAAATCAACACCA,G362D,1,1
-3.397,0.6587,TACAAATAAATGATCC,S47G A138E S279R,3,3
-3.399,0.1125,TTGCCTAACTGCAGAC,N126C,1,1
-3.4,0.1397,AATTGCAAACCTATCA,D60Y,1,1
-3.401,0.3546,CAAAATTATTAAAAGT,K2M N190V,2,2
-3.401,0.3546,CAGCTATATATCCCAA,I288T,1,1
-3.401,0.3546,CCGTGAACACAGATAT,T30K,1,1
-3.401,0.1024,ACTGAACCACATCCTA,F338M,1,1
-3.402,0.0381,CCCAATTATCTTGCAT,L244Y E403T,2,2
-3.402,0.04852,CTTAATATAAGAAACC,I274N,1,1
-3.403,0.1844,CAAGATAAGGCAATAA,L455I,1,1
-3.403,0.06146,CACTAAATTTTATGTA,S193D,1,2
-3.403,0.05691,ACAATGAAACACATCA,D73P,1,1
-3.403,0.03094,ACGATATCTATCAAGT,Y233I,1,1
-3.404,0.1072,TGGCATCCCCGGAAGG,V36C,1,1
-3.406,0.08695,TTATCAACGCACTGGG,T40W,1,1
-3.406,0.1317,AGCGGCTTGCAATATA,N122S L428Q,2,2
-3.406,0.1317,TTATACACAAGTCGCT,P21Q I230T,2,2
-3.407,0.1589,ATTGTTTGTACCTGTA,N285P,1,1
-3.407,0.02438,CAGACCCTTGCCCCAA,L59N,1,1
-3.407,0.07314,TTGATCTAGCATACAA,N389C,1,1
-3.408,0.04751,CTAGAAAAGGTAATTA,L409M E426V,2,2
-3.408,0.271,ATAGATGGCTAGACGA,E443H,1,1
-3.408,0.05421,TAGGTGCTTGTTTCAT,Y100L,1,1
-3.408,0.09035,TCAAAATGTACTAAAA,A364M,1,1
-3.408,0.06312,CAGAGGTATCTATACT,E432N,1,1
-3.409,0.1181,CCTACAACGAATTCCA,P185T,1,1
-3.409,0.03628,TATGAGTTCTCTATAT,D375I,1,1
-3.41,0.1396,ATGTAGCACATAACAA,V323D,1,1
-3.41,0.09402,GGAGGAAGCTGATAAT,G275T S422E,2,2
-3.41,0.02066,AATCCTAATTTGATAT,P306V,1,1
-3.41,0.02292,TTAACAATCAAGGAAT,E403C,1,1
-3.411,0.1706,TTTTGGATAACTTATG,Q1G R354S,2,2
-3.411,0.0475,TCTGCATCGACCGAAG,E359D,1,1
-3.411,0.1071,AAAATTACATTACATT,L428E,1,1
-3.412,0.08692,ATATTTGCATCAAAAC,V130S,1,1
-3.412,0.04387,TGCTGATTTAAACGCA,E457H,1,1
-3.412,0.05176,TAATTTACCTACCTTT,A336S,1,1
-3.413,0.0555,CATGTAAATTCTAATA,H17R,1,1
-3.414,0.0119,TCTTTCTGCCCAGCAC,D241Q,1,1
-3.414,0.07551,GAGGCTATTCGAATTT,I252L L367V,2,2
-3.414,0.01651,CCAGAACTCCAATTGA,G362F,1,1
-3.415,0.307,AAAAACCTAAATAATT,T416W,1,1
-3.415,0.307,AGAGATTAATGTAAAT,K397Y,1,2
-3.415,0.1023,GCACATGAATACTGTG,P215W,1,1
-3.415,0.08374,GTGCTAGGTCTTCTGA,I331F,1,1
-3.415,0.08374,GTGCTTCCGATAAACT,P55N S265N,2,2
-3.417,0.1181,CAACACTTTACTCCAT,E280P E398K,2,2
-3.417,0.06308,AAATTTGAAACATAAT,L151I,1,1
-3.418,0.0598,TCTAATAAATTGACTA,V102S,1,1
-3.418,0.2423,AAGTCAACCTAAATAA,D415C,1,1
-3.418,0.02489,CATACAACTCATAGTG,S247A D438Y,2,4
-3.419,0.1395,GATAATCATTCATAGA,N341C,1,1
-3.419,0.05173,CATCATACATACCAAG,V406H,1,1
-3.42,0.01453,ATTAATAGACATGCCA,Y100M,1,1
-3.42,0.07083,TAGTCTTAGTATCCTC,T187W,1,1
-3.42,0.1244,CGCCTTTGCATAAAAT,G362D T388I,2,2
-3.421,0.04558,TTTTGGGCTTAGCTTA,E359I,1,1
-3.421,0.01764,CCTAATAAGAAAGACA,E119C,1,1
-3.421,0.03049,GCTACCACAGTTACGT,E123M,1,1
-3.421,0.007438,AAAAATAGTGAAAAGA,L118S,1,2
-3.422,0.5115,AAAATAAAATGACAAA,V323E,1,1
-3.422,0.5115,AGGATCATTTGGGTCT,,0,0
-3.422,0.5115,CCACCTTAAACTTAAG,S107M I395N,2,2
-3.422,0.1705,TCAAGAACGAAAATCA,K452F N489I,2,2
-3.423,0.1485,TATCTAGTGCACTTAA,R208Q M346F,2,2
-3.423,0.1485,TTAACATTCAGCTAGC,E398K,1,2
-3.424,0.05827,ATTCCGATATACTAGT,H183V,1,1
-3.425,0.3541,TACAATATATAGATGA,Q191F,1,1
-3.426,0.04002,CATTGCTGGTCAAAAA,N133V,1,1
-3.426,0.2707,CCCCTTATCTCTTAGA,I242N,1,1
-3.426,0.09024,GCTTTAGAGAAACCAA,Q197F,1,1
-3.426,0.01073,TCAAGCCTTGCCAATT,E432H,1,1
-3.426,0.08368,GGAACCTTGTTGACCA,T155I N298H,2,2
-3.426,0.04949,AAACTTTTGGCACCAG,I226L,1,1
-3.427,0.2191,AATCGTAGAGTATACC,Y105T L455F,2,2
-3.427,0.06136,ACAAAAGTCTTTGAAA,K292R Q327C,2,2
-3.428,0.1587,AATTTTATAAAAGAAT,Y161S,1,1
-3.428,0.1587,TAAGACAATCCGAAAC,E344H,1,1
-3.428,0.1394,ACCAACTCATATCCGA,L367P,1,1
-3.429,0.1122,ATACAAATTAATATAA,P239F,1,1
-3.429,0.02063,ATCCATGTAATAGATG,I395T,1,1
-3.43,0.0517,ATGTCGTACAAGTTGC,Y233S,1,1
-3.431,0.02514,TTAAATTACAACAAAA,D461I,1,1
-3.432,0.118,AGAAAGGAAACGACCC,L111I N475S,2,2
-3.433,0.1314,AAACCGAAACCAAAAC,K176I E410K S422Y,3,3
-3.433,0.1314,AAATATAAATAACTAG,K131Y,1,1
-3.433,0.02822,AAATGTAGAATAAACA,V237C,1,1
-3.433,0.1484,AGTCCTCGTCCGATTA,D60H,1,1
-3.434,0.2,TCTTCATACAACGGAC,S378F,1,1
-3.434,0.04466,TTCTATATCGATCGCG,I202M,1,1
-3.434,0.2421,CTACCCCATTACTTAA,T301D,1,1
-3.434,0.01893,ATCCCACTGTTCAACA,I242H A495K,2,2
-3.435,0.0368,CAACAAATCAAATGAT,R299D,1,1
-3.435,0.1022,ATAAAGGACGATATGA,M268C,1,1
-3.435,0.3066,TAATTCAATTCAGGTT,G49D G345S,2,2
-3.436,0.04742,GGCCGAATTAAAACAC,I242P,1,1
-3.437,0.4181,TTATCGTTAACGGAAG,P169F K189C,2,2
-3.438,0.03407,ACGTGTTAATATGGGT,V182F,1,1
-3.438,0.09017,AGAGACTAAAAAGATT,S270V,1,1
-3.438,0.01373,AACGAAGGTTCATACC,I160C L496Q,2,2
-3.438,0.1586,AGGATGCATTCTGTAT,G16I,1,1
-3.439,0.04741,GTCACACGCTAGCAAC,H183L,1,1
-3.439,0.02288,AGAGAACGCAGAATAT,G360S G386E,2,3
-3.439,0.1069,CTAAAGTGATATCTAA,W234S,1,1
-3.439,0.1839,GTAATAAACGCTCCTC,Y412R,1,1
-3.44,0.08067,AAGAATAACAGAGATA,L111N,1,1
-3.44,0.05167,CTAAGTCAAAAGGAAC,D225S,1,2
-3.441,0.005196,CCCCACATAGTCACCT,F195Y,1,1
-3.441,0.07298,AAAAAGCTACTAAATT,S422N,1,1
-3.441,0.6568,ACAGAAGAATGAATAA,,0,0
-3.441,0.1314,ATTAATGACAACTTGC,V406S,1,2
-3.441,0.6568,CAAACGATTTCAGCAC,V213A V429C,2,2
-3.441,0.1314,CAATATTGATCTAAGA,E119G,1,2
-3.441,0.6568,TCAGTGATAGCTATAG,Y233H F338M,2,2
-3.442,0.05285,TGGACAAACCGGAGAC,P162G,1,1
-3.442,0.1022,AAAAACAGTCTTATAA,L381S,1,1
-3.444,0.04217,CGACACTGACCAGTCT,T203N,1,1
-3.444,0.2704,TTAAACCTACTACAAC,L157E W350F,2,2
-3.445,0.1242,CATTGATATCGCAATT,Y412N,1,1
-3.446,0.06296,AATATAGAACACCTCC,D438W,1,1
-3.447,0.09379,TGACATCAACATGTAG,L118A,1,1
-3.448,0.1178,AGAAAAAGATCAAAAA,G49F I395E,2,2
-3.448,0.0707,AGTTTCCAAAAATAAA,I217D,1,1
-3.448,0.3535,GCAAACTGAACGACCC,P4E D441S,2,2
-3.448,0.08356,TGATAATAGTAAAATT,N152Q,1,1
-3.449,0.07533,TCACGCGTTAACCAGA,M444H,1,1
-3.45,0.2418,AAGACTCGACAAAAGC,E432C,1,2
-3.451,0.1121,AGCTAGCCTCTATGAT,Y161R,1,1
-3.451,0.03736,TAACGAGCTTATGAGA,L427Q D474G,2,2
-3.451,0.01124,ATTATTTATAGTACCT,E432N,1,1
-3.452,0.1482,AGGTACCTGAAGAAAA,,0,0
-3.453,0.01601,GTAATGTTCCCAAACC,F148Y,1,1
-3.453,0.09376,GCTATCGTCTAAACTA,D186F,1,1
-3.454,0.04293,ATCCCACCCAAGGCAC,D487T,1,1
-3.455,0.02926,TCCACTCGTGACTCAC,P99G,1,1
-3.455,0.07291,CTGAGACAAGTTATGC,K446G,1,1
-3.455,0.3062,CTTAGAATGACTCGCA,S193Y,1,1
-3.455,0.3062,GCCCAATTTAATATAG,L314V,1,1
-3.455,0.07291,TTTTCAAAACCAAATT,E401P,1,1
-3.457,0.05534,TAAAATAACATATTAC,L111I,1,1
-3.457,0.07066,TAAGAAGACTCATATC,E325S,1,1
-3.458,0.02405,GCTACGGGGTCAATCT,P221K,1,1
-3.458,0.03734,CTCGTCCTAATTCTGC,H184K,1,2
-3.458,0.1312,ACACAGAATCTTACAC,H183M A336S,2,2
-3.458,0.06855,AAATAACGGTTAATTA,I230C,1,1
-3.459,0.1584,CAAATTTACATAAAAT,P74S,1,1
-3.46,0.09372,AAACATCAATAACGAT,H183L,1,1
-3.46,0.1997,CCAGACCATAATAGTT,F174Q,1,1
-3.461,0.2701,GAAATTAACGTTGTCA,R383W,1,1
-3.461,0.2701,GTAACAGCGAGTCTAT,N341Y,1,2
-3.462,0.01646,GACATCTGTAGACAAG,L243Y,1,1
-3.462,0.102,CTATAAGCACTTATAC,N250Y,1,1
-3.463,0.06853,CTAGCCGAGCCACAAG,R354C,1,1
-3.463,0.1177,CCTATACATTTAAGCT,P306K,1,1
-3.463,0.03001,ATTGTGAGTCTGAACA,D77R,1,1
-3.464,0.09768,ACAAAGTAAGCATAAG,F448K,1,1
-3.464,0.06653,TGAATTCTTAGAACCT,Y100A,1,1
-3.465,0.1391,AAAAAACCCTAAAAAT,I236H,1,1
-3.465,0.04936,ATAATGTGCCTACACA,E457H,1,1
-3.466,0.17,AGCTGAGCAAACCGTT,M462S,1,1
-3.466,0.05667,CCCCAATACTCCTAGG,K171G L194M,2,2
-3.467,0.06851,TAACCTATAATCTTAT,T436I,1,1
-3.468,0.07524,TTGCTACTTCCATGGA,Y470L,1,1
-3.469,0.102,GTTCACTAATGGAAAT,V429C,1,1
-3.469,0.124,TAATTAATCATAACTA,F258G,1,1
-3.469,0.124,TCCCTCTAAGAAAAAC,K450E,1,1
-3.469,0.1583,TAACTTGCATTCTGGG,L384I V402C,2,2
-3.47,0.2185,AACCATCAACAAAAAT,G129C,1,1
-3.47,0.01622,ATGAGCAGACTAAAGT,D77W,1,1
-3.47,0.05666,ATAGAAAAATAACAAT,L427S,1,1
-3.47,0.06286,ATTTGTGGAGCAACCG,D366Q,1,1
-3.471,0.353,ATTATACCACCCTATG,E344C A372S G386V,3,3
-3.471,0.0706,CAAGCCTACAAGCAGT,I230C,1,1
-3.471,0.353,GTCAATTCGTTCGACA,E344H,1,1
-3.471,0.148,GAACTGCGGATTCCGG,T155S,1,1
-3.471,0.148,GCGGCCTAGCTGTTCA,D68Q,1,1
-3.472,0.06849,GGAATTGTGATAACGA,P284S D291V,2,2
-3.472,0.05398,TACCTGATTCGAACCA,P162H,1,1
-3.473,0.08997,AAGACCACCGAATAAC,A425W,1,1
-3.473,0.07522,GCATCTGGATAAATTA,L420N,1,1
-3.473,0.02781,GCAAATAGCCGTTATG,C466S,1,1
-3.474,0.03856,TGGAAGTATCTCAAGC,V406D,1,1
-3.475,0.03208,CTACAAGTCACTAGAT,K380Q,1,1
-3.475,0.1311,AAAACTTATCACACCT,Q371E N483E,2,2
-3.475,0.0278,AGGACCTGTACTAAAA,E460Q,1,1
-3.475,0.1835,ATTCCATTCAATAATG,D32A S247I,2,2
-3.475,0.1835,GAGAAATTCTAATGGA,H355F D438Q,2,2
-3.475,0.1835,GTCACTTGAAAGTACA,D348W,1,1
-3.475,0.0367,TTAACAAGTAAATATC,D225N,1,1
-3.477,0.03502,ATATAAACATTCTAAA,L66A,1,1
-3.477,0.05041,AAGTTAACTAACCTAC,P99G,1,1
-3.478,0.02849,CTCTACCAAAAAAACA,F448I,1,1
-3.478,0.1176,AAAACTTGAGGCCGCC,L118A,1,1
-3.478,0.1176,TTTAAATCTAAACTAA,T318Y,1,1
-3.479,0.2698,CAATGAAATACACTAA,P284R,1,2
-3.48,0.1119,AAAGTCTGGTAAGTCC,V20F P221W,2,2
-3.481,0.08338,ACAATTCGAAATATAC,D348A,1,1
-3.481,0.1066,TAGTCTCAATGTTATA,K292E,1,1
-3.481,0.1479,CAACGCGTTCGTTGGA,M346I,1,1
-3.481,0.03207,TTGACCTAATGGGTAA,N382F,1,1
-3.481,0.2414,TAATCTTCTACTATGG,D461P,1,1
-3.481,0.2414,TACCGCCGAATTCAGA,K131W,1,1
-3.482,0.04727,TACGAAGGCCTATCAT,V237T K453D,2,2
-3.483,0.01784,TCCTGACATACAAATA,L157T R456C,2,2
-3.484,0.655,AAAGTTCCCAGCAGTA,R33L R383I,2,2
-3.484,0.09357,AGGACCCTTAGCAATT,A334I,1,1
-3.484,0.05039,CTGCACATTTAACAGA,L59S E410K,2,2
-3.484,0.655,TATAGATGCTACCTTC,A365G,1,1
-3.484,0.655,TTAAAAGTAATCCATA,T318K,1,1
-3.484,0.03396,AGAAAAAATTACTTTG,D408C,1,1
-3.484,0.01743,GATAATTAGGACCCTG,Q434A,1,1
-3.485,0.0865,AACTAGAAAACAACAA,F258T,1,1
-3.485,0.1993,TACGTATGTCGTCCCA,F500G,1,1
-3.487,0.1118,CGTGCAGAATCACCCA,N45C S287C,2,2
-3.488,0.1066,AAAAATCAAGAATGCA,I339M,1,1
-3.488,0.1066,CACAAATATTCCGCCT,I202N,1,2
-3.488,0.007086,TTATCCTAACACCGGA,D60C,1,1
-3.488,0.5093,AAATCTATCTGATCTA,N152E,1,1
-3.488,0.5093,TACCAAAATCCATACA,E460V,1,1
-3.489,0.06841,ATAACTAATAGCTTGC,G61R I300Y A304V,3,3
-3.489,0.06841,CGTCAGTGTAAGTTGC,S247L,1,1
-3.49,0.09354,CTCCTAGCATACTTCA,S137H,1,1
-3.49,0.06455,CACAAGTACTTCAAAG,L439Q,1,1
-3.49,0.01216,TATGTAATCACTGGTT,A425Y,1,1
-3.49,0.03446,CCGAAATCCCTCCTTC,K292P,1,1
-3.49,0.06278,CTTTAGAACTAAGAAA,E460M,1,1
-3.491,0.4166,ATCAACTGTCGAACCT,E410K,1,1
-3.492,0.0804,ACGTCTGACGCCAGAT,F192E,1,2
-3.492,0.1309,GCCTCCCCATTAATAA,H435G,1,1
-3.492,0.07767,CAACAACGACCAAACA,G218D,1,1
-3.492,0.05391,GCAAGTTAAGCAAAGC,D225K,1,1
-3.493,0.1239,AAGCTATTGACTTTTA,K310P,1,2
-3.493,0.3525,GCAAAGTTGTATAGTT,T301N,1,1
-3.493,0.3525,TTATAACTCAGAAAGA,Q1R D104W,2,2
-3.495,0.1018,TACCTGAAACTAGCTA,A373G,1,1
-3.495,0.058,ATACTGCTGACATACA,I236N,1,1
-3.496,0.08983,TATATTTTAATAATCC,L194W N475Y,2,2
-3.497,0.0833,AGATCCGTAAGGAACT,G362Q,1,1
-3.497,0.2411,CAAACCACTAGCTCAG,G134K A304F,2,2
-3.497,0.2411,GCACTCCATTTTTATA,P185V,1,1
-3.497,0.02171,ACACTACCCCAGACTA,F125I,1,1
-3.497,0.0751,ATCAGAAGAACGGTAA,R354Q,1,1
-3.498,0.06837,ACTCAAAATGCTATAT,E344I,1,1
-3.498,0.04054,TTCGCAAACTTACTTT,S205N T313C,2,2
-3.498,0.1992,AACTCTCGATAAGCTG,S369Q,1,3
-3.499,0.1832,CGCCAGCCGTTCGGCT,R354T,1,1
-3.499,0.1832,TTAAAAAAGAATAAGC,D77A,1,1
-3.499,0.1697,AGTGAATTATAACATG,A39T,1,1
-3.499,0.1579,AATATGTAGCATAAGA,P21Y,1,1
-3.5,0.04722,ATCTCTCAGCACCTGC,K310N,1,1
-3.5,0.1388,TCAATCGATGTAGAAA,H184R,1,1
-3.5,0.1309,TATCACATCTTGACAA,N152Q,1,1
-3.5,0.04202,CCTATAACACTAAAAA,A69R,1,1
-3.501,0.03849,ATAATCCTCACTAACT,F332V,1,1
-3.501,0.1117,AAAATCTGAGCAATTC,D60W,1,1
-3.501,0.02111,AATAGGCGTCTGTTAA,T155C,1,1
-3.501,0.1018,ACGCTGTGACGCAACA,T235N I377M,2,2
-3.504,0.007749,CTCATTGTTATTTCCT,D241H,1,1
-3.506,0.04533,ACTTAAAGGAAAAGTA,D419H,1,1
-3.507,0.08032,CCACCACCAATGTCAG,R90S,1,1
-3.507,0.08324,AAATAGCCTTACCTCG,Q191P K472F,2,2
-3.507,0.08324,CGATAGTCGATGCATT,K452T,1,1
-3.508,0.1017,TTGCATCCTAGATTAG,A430L,1,1
-3.508,0.03722,AAACAGGCTTCATCGA,K368E D487E,2,2
-3.509,0.1387,GTCATAACCTGGTGGT,P227I,1,1
-3.51,0.1695,CAGATTTATAATACTA,D461W,1,1
-3.51,0.1831,TTGAATTAACAACAAT,Q501E,1,1
-3.511,0.218,TCTAAATCTAAGTATC,L439E,1,1
-3.511,0.218,TTCTGAAAGTGTTGGA,S47G,1,1
-3.511,0.07265,GCTCACCTTACAAAGA,F338W,1,1
-3.512,0.03341,ACAACTAATTATTGCC,V130C,1,2
-3.512,0.0339,AAATGCTAATATCCTG,D375V,1,1
-3.512,0.2409,CCTATAACTACCCAAA,D487Y,1,1
-3.513,0.03721,TACCCCTTATGGAAAA,D225T,1,1
-3.513,0.2692,AATGGAGCATGAGCGC,E432F,1,1
-3.513,0.08974,TTAAGGTATCTCAAAA,T135W,1,1
-3.514,0.3051,CCAGTGCAATCTGACA,D438T,1,1
-3.514,0.06269,TAGCTATAGCATTCGT,S266G N389K,2,2
-3.515,0.0219,AATTAATCTCAGCATA,L157P F338W,2,2
-3.515,0.032,TAAGAAAAGTAAAAAA,K310N,1,1
-3.515,0.352,TACTATGCATAAAGTT,T485C,1,1
-3.515,0.0704,TTCTAAAAAGACATCA,L111S D408N,2,2
-3.516,0.1237,CTTGTCTACCAAGTTA,Y412K,1,1
-3.516,0.07501,CATTATTTTACATCCC,S378V,1,1
-3.516,0.04198,TATTACAAAATACGAA,,0,0
-3.517,0.05792,AACAATAACTTCTTGA,F338M,1,1
-3.517,0.4159,AACACAAGCAAAGCGT,K453W,1,1
-3.517,0.4159,TTAGCAGCAGTATTCA,S228N,1,1
-3.518,0.061,ATTCACTACCGAACCT,D7V R229Q,2,2
-3.518,0.08632,TCAATATATAGAGCTA,D438Y,1,1
-3.518,0.03978,GGCTCTACCCCGACAA,E119K N341C,2,2
-3.518,0.1476,CACCAATTCTTAAGAA,A317K,1,1
-3.52,0.5083,AAACATTCACAAACCA,A196M,1,1
-3.52,0.5083,AAAGCGATATAGACTG,P239L,1,1
-3.52,0.5083,AAGGACCTTCTCGATA,A425W,1,1
-3.52,0.1017,CCTTTGTATAGCACAA,D241Q,1,1
-3.52,0.1694,GGTCGAACTAGATAAA,E494W,1,1
-3.521,0.07499,TGCCAAACAACCTAAA,I230N,1,1
-3.522,0.183,TACCCAATCAGACCGA,N341M,1,1
-3.522,0.005,AAGACGCGATTACATG,N483C,1,2
-3.522,0.03719,TATGCAGGTATTAGAT,N81K N341F,2,2
-3.523,0.1989,AGGACTTAAAAAACCG,Y161A,1,1
-3.523,0.1989,GACGCGGACCCTTGGT,F195A G263V,2,2
-3.524,0.03601,TTGACACAATCAGAAA,V130W R482L,2,2
-3.524,0.06826,ATAATGTTCTATATCG,P99N,1,1
-3.524,0.1236,TTAAGAAAACAAAATG,Q210M Y491H,2,2
-3.524,0.1236,TTTCGCGGCCGAAAGC,R255W K417N,2,2
-3.524,0.05789,GCGAACACATAACGTT,T235D,1,1
-3.525,0.1307,ACACCGGCACCTCGCG,T440F,1,1
-3.525,0.09333,ACAGATTCAAAGAATC,G62R G379K,2,2
-3.525,0.6533,ACCCGAAATACAGAAG,V309F,1,1
-3.525,0.09333,ATGGTATAAACTTTTA,N31P,1,1
-3.525,0.2178,GTGAGTTACATAAAGA,D348C,1,1
-3.528,0.05788,ATCCAAATGCCTTTCT,G362S,1,1
-3.528,0.03658,CATCTGTATCCATACG,M462W,1,1
-3.529,0.02419,TACTGAATAATTCGCT,V309S,1,1
-3.53,0.1172,AATAACTTTAAGAATA,N94H,1,1
-3.531,0.1693,AACGCCTTAAATCACT,I179F,1,1
-3.531,0.05024,AAGTAAATACAGATAA,E432C,1,1
-3.531,0.03197,CCCAGAGATTCCCCAA,K238W,1,1
-3.531,0.03197,TAGACAATCCAAAATT,T155N,1,1
-3.532,0.0802,ATTCCCTTCGTTCAGG,D415G,1,1
-3.533,0.3047,AAGGTGCCTAAGTATA,H355C,1,1
-3.533,0.1828,ACCAGTTTCACAATCA,T440G,1,1
-3.533,0.3047,AGATTTAAACCGCGAA,T155K,1,1
-3.533,0.1828,GTATAGGAACACGGTT,A365C,1,1
-3.533,0.3047,TAGCTACGATACGCCT,S193L,1,1
-3.535,0.02642,ATTACGGGAAATCAGT,Q356G K411H,2,2
-3.536,0.09326,AGGAAAGCAACGTTTG,I3W I160S,2,2
-3.537,0.3515,TTGTAGCCTCATTCTA,P306A,1,1
-3.538,0.09722,TAGATGAGAAGACGAT,S270M,1,1
-3.539,0.05252,AAAGATAAATTAGTAT,Y470L,1,2
-3.539,0.1576,GCGAGACTCTCTCCTT,I34N,1,1
-3.539,0.03151,TTCTGATAGAAAACAT,I236H,1,1
-3.54,0.04913,CAAATCGCATACACAA,Y161K,1,1
-3.54,0.007732,ATGATCACCGAGTCAC,,0,0
-3.541,0.1062,CAATATACTCAAATAT,R222W,1,1
-3.542,0.2404,CGCAACACCCAACCAC,R299H,1,1
-3.542,0.04191,TCAGGCTAACCGAAAA,V406A,1,1
-3.543,0.02986,TCCCCCAGATAAGGTC,D68N G504Y,2,2
-3.543,0.04912,AAATGCAAACATAGGA,D441T,1,1
-3.543,0.02417,AAATCCCTAAAAGAAC,D415R,1,1
-3.543,0.02641,TCGTATGTCCTTCACT,S369Y,1,1
-3.543,0.08305,CACGTAATAAGAGAAG,I437C,1,1
-3.543,0.4153,TTACTCTTAGAACGCT,T313I,1,1
-3.543,0.02049,ATAACAAGAGTCCTCC,K397S,1,1
-3.544,0.09719,ACAAACACACTATATC,L118Y,1,1
-3.545,0.1171,AATTTATGGCCAATCC,Y233G,1,1
-3.545,0.03904,TTCGGTGTCCAAAACA,S369Y,1,1
-3.546,0.02837,TGTAAGTGAATCTCTG,M462N,1,1
-3.546,0.2687,GTACCAAGCGCATAAC,V20A,1,1
-3.547,0.02909,ATGTATAGATAACTCA,P227D K450N,2,3
-3.548,0.1986,AACTTGCAGAATTCGA,,0,0
-3.548,0.06619,ATGACCACTCCGCAGA,D73Q,1,1
-3.549,0.1114,CATCATCCTGATACCC,K380W,1,1
-3.549,0.1114,TGTATATTCATAACAA,A39V R261V,2,2
-3.55,0.05018,AGAATGAAAATTGGAC,S146R,1,1
-3.55,0.07739,ACCCCGAGTGAGCTAT,G362Y,1,1
-3.551,0.01591,CTTAACAAAAAGCTAA,I58C,1,1
-3.552,0.2174,ACACACTTTGGTGTCA,V130I G463N,2,2
-3.552,0.1691,ATAAACCCCATCAGAT,R255C Q327D,2,2
-3.552,0.5073,CTAACCGCGACAAATG,W234G,1,1
-3.552,0.2174,GTTACGTGAACATTAA,F147Y,1,1
-3.552,0.3044,TAATAAGGATAGCATT,K397V,1,1
-3.552,0.5073,TGTTAGTAAGAGCGCT,A425V,1,1
-3.552,0.01308,CATACTCTGTCGAGCT,P239D,1,1
-3.553,0.07484,TAACATCTAGATTCCA,N38Y E344C,2,2
-3.554,0.0452,CGCTACATGTCCACCC,R261L S266E K391F,3,4
-3.554,0.09317,CTGACCTGAACCAAAC,R354F,1,1
-3.554,0.09317,TGGACGGTCGCGGTAA,L66W,1,1
-3.554,0.01833,TTAAACAAATAGTTCC,I58S,1,1
-3.554,0.04348,TACATTTAAAAATCTG,N341M G504D,2,4
-3.555,0.07023,TTAGTACACATACAAC,V88F,1,1
-3.555,0.1473,CAAAAACCACCAGAAA,,0,1
-3.556,0.09712,AACAACGATCATAGAT,S228N,1,1
-3.557,0.02983,CTTTTACCAGAGGACA,N133C,1,1
-3.558,0.08298,AAATCTCGTGCTAAAC,K131F,1,1
-3.559,0.05634,ATTATTCATTCTTTCT,T235N,1,1
-3.559,0.351,AACCTTTTTCCATAAA,D225W,1,1
-3.559,0.351,AAGCCAACGCCCAATA,M268Y,1,1
-3.559,0.351,GACTGTACGGATTAAC,E280K,1,1
-3.56,0.04804,GCAAGCTGAAAATCAA,I202F,1,1
-3.56,0.1984,ACTGCAATCGTAGAGA,N246L,1,1
-3.56,0.05127,TTCTATGCCATCTCAT,D60T,1,1
-3.56,0.1383,TGAATGATCCTAATTT,R109M,1,1
-3.562,0.09708,TTAAAGGACGGGCAAA,S247G,1,1
-3.562,0.06426,AACATGTCCTAATTGG,S114Q T440M,2,2
-3.563,0.2684,AAAGAATTACAACAGG,L71A,1,1
-3.563,0.08946,CAGATTAGACAGAATA,T313K,1,1
-3.563,0.03709,ACCGTTATAATCATCT,E403C,1,1
-3.564,0.06612,GCGCTTGACTTTAACA,N250H K411C,2,2
-3.564,0.1014,ATCCCTGTCCAAAATG,A163V F399A,2,2
-3.564,0.07732,ATGACGTTGGTAGCCC,I226L,1,1
-3.565,0.2172,CGATACTGAAACAAAT,D73G,1,1
-3.565,0.6517,GTTACTCAAACTTATT,E414R Y470F,2,2
-3.565,0.05632,ACCCCGGGTATCAAGT,E403R,1,1
-3.565,0.05632,CAGCGACAAAGGTTCA,R109W G275E,2,2
-3.566,0.02339,AACATCTCTCCATAAT,F338L,1,1
-3.566,0.08003,GTTGAAAAACGTAAAC,H184R,1,1
-3.567,0.1825,AAAAATAGAGAAATTA,E359V,1,1
-3.567,0.1825,ATACACCGCTGTTTCC,P306V,1,1
-3.567,0.07478,TCATTCATAGTAAACT,D474K,1,1
-3.567,0.03235,ACCAAAATCCATATCT,I267Q,1,1
-3.568,0.1573,AATAAGCAGCCATTAG,S146Y,1,2
-3.569,0.1382,GTGTAGAAATAGCTAA,T12M T388K,2,2
-3.569,0.4146,ATAATTACCTCACAGT,N165F,1,1
-3.569,0.01671,CTGTTGTTTAATCTTA,G333V,1,1
-3.569,0.1233,CAATATCAATGCAACA,E432T,1,1
-3.57,0.1112,ATAATGTAACGTACAA,D487P,1,1
-3.57,0.03591,AAATTGACATCACTGA,T40N,1,1
-3.57,0.304,ACCAGGCACCACTATT,I230G,1,1
-3.571,0.08604,TGCGCAAACCTTTAAC,G463W,1,1
-3.571,0.24,GATAATAGGTCCATAA,N475T,1,1
-3.572,0.04262,ATCCTTATTTTATAGC,I274K K380G,2,2
-3.572,0.01802,AATGCAAAAATCAGCA,T301D,1,2
-3.572,0.1983,ACTATCACTTAAAATT,T436S,1,1
-3.572,0.1983,ATTTAAAAAGTGCAAC,T167Q,1,1
-3.572,0.06247,GTTAATCCAATAATAA,Y302K,1,1
-3.572,0.1689,ATAAAACTCCCATAGC,F500G,1,1
-3.573,0.1471,CAATTACTTTTACTAA,Y257R E410K,2,2
-3.573,0.1169,CAGTCGTACATTACGC,D104I,1,1
-3.573,0.0894,TCATTAACCATTAGAG,N483C,1,1
-3.574,0.02698,AATTTGCTCTAACACG,S378F,1,1
-3.575,0.01831,ATTACACTACAAATCA,E35K,1,1
-3.576,0.01068,GGACGCCCAGGGTTCC,S205E,1,1
-3.576,0.07998,CCAGAATTCACAAATA,G16I,1,1
-3.576,0.1013,ACCTAAAAACGGTAGC,Q210P,1,1
-3.576,0.0348,GTGCGCCTCATCAGAA,G352M,1,1
-3.576,0.1112,GTGAACCACACCACTA,L431C,1,1
-3.577,0.1232,AACAATCTTATAAAAC,G333A G379D,2,2
-3.578,0.07726,ATACCAAGCGTCATCT,N296K Q407C,2,2
-3.579,0.05363,CGTCCCGGCATATGTA,W234C,1,1
-3.58,0.06606,ATATCTTTAACACAAA,G386S F392R,2,2
-3.58,0.3506,AAACCCAGCTTCGAGC,H488M D493Y,2,2
-3.58,0.05239,CCTGAGGGAACCAATG,D438F,1,1
-3.581,0.03143,CTAATTTTCAAAAAAA,E432W,1,1
-3.581,0.04901,CATCTCCGGCCTTTTC,A106N,1,1
-3.582,0.04106,AGCCGTTGTCCATTTA,R299F,1,1
-3.582,0.5063,ATTTTATTAAATAAAG,T485K A495S,2,2
-3.582,0.1688,CTCACCTTTCCAGATT,T235S,1,1
-3.583,0.04797,ATTCAGTTGCGCAAGA,G463D Q501W,2,2
-3.583,0.1111,AAAAAATGTATATTAC,Q197W D408S,2,2
-3.584,0.021,CCTACACAAATCTACA,R90S S137N,2,2
-3.584,0.08935,CACCAAACCAAATACA,K452L,1,1
-3.585,0.02696,ACAATAAAACCCCTCT,I34L A39V,2,2
-3.586,0.07993,ATAAAAACAAACATTG,L496W,1,1
-3.586,0.2398,GAAAAAAAACTAGACA,N45I,1,1
-3.586,0.05625,TAACCACTCCAAAACA,K452Y,1,1
-3.586,0.03962,TCACATCACCTGATGA,E35R,1,1
-3.587,0.05237,CAACAAGCAAAGATGA,L244C A425Y,2,2
-3.587,0.09298,ACTCAATAACCGTAGA,T416W,1,1
-3.588,0.05767,CTATATGTAATTTACA,A11N,1,1
-3.588,0.008613,TAGAGAATAACACTTA,A11I Y161F,2,3
-3.588,0.3037,ACTAAAACAAAAAAAG,I58C,1,1
-3.588,0.1822,CAATTATAACTTGGAC,N296Q,1,1
-3.588,0.3037,GGATCTTGATTGTACG,R269S,1,1
-3.59,0.04696,GCAGAGCATTCACTGA,D188R L496R,2,2
-3.591,0.09691,CAACCCTTTATTACAA,I274G,1,1
-3.591,0.09691,CCCGAAAAACACCATT,P239L,1,2
-3.591,0.2169,GAGGGCTTGTTTATCG,T206M,1,1
-3.591,0.01147,TGCGTTAAATTTAAAG,A69Q,1,1
-3.593,0.09294,CAGGAATGGTGAACTA,A113T,1,1
-3.593,0.04897,ATACAATTGTTTAAAT,V20Y L439T,2,2
-3.593,0.414,AGTATGCAACGAATTT,Q434D,1,1
-3.593,0.414,GATACGTTCTCGAATT,R229K S358K,2,3
-3.593,0.414,GCCCATGACAGTATGC,G337D K380I,2,2
-3.595,0.2679,TAGATCCCGCTACCGA,G379R,1,1
-3.595,0.07989,CCATCTATCTACTCTA,I274N,1,1
-3.595,0.04421,CTTACCAGATAGCCGA,A39V,1,1
-3.596,0.198,GCAAATGGATAGCATC,K397D,1,1
-3.596,0.157,ATCTAATACTAATCCG,P221D,1,1
-3.597,0.05116,TCGCGTAGTAATAGAC,L428K,1,1
-3.599,0.123,AGGACAATGGACTCAC,G362S,1,1
-3.599,0.04599,AGACACTCACCGAATC,S193Y,1,1
-3.599,0.1821,CTCACACATGCAAACC,H488Y,1,2
-3.6,0.2396,ATAGCGCCACTTGGGC,I288E P289S,2,2
-3.6,0.2396,TTAATACCTTACACTC,N341G,1,1
-3.6,0.2396,TTTGAGGAGGCCTAGG,R499S,1,3
-3.6,0.01305,AAAGTTCCCTAATCCA,E432H,1,1
-3.601,0.1167,ACGAAAACATGAAACA,D60M,1,1
-3.601,0.1167,AGTTCACCTAATAAAT,D175F,1,1
-3.602,0.09685,TACGGACAATCACATT,L431E,1,1
-3.603,0.06596,GGTAATATCCTCATAG,N341L,1,1
-3.604,0.2167,CTACAATGATACTTCA,L194V,1,1
-3.604,0.13,GAAACTGATTTTTTAC,N31A D348C,2,2
-3.604,0.6502,AGACAGACGGTACTTA,V43M T206I,2,2
-3.604,0.6502,CCGACAGCTAACAATA,F174G,1,1
-3.605,0.1058,AGCTACAAATCGTAAA,G404V,1,1
-3.606,0.06792,CAAATCTAAACATGCA,D348M,1,1
-3.606,0.06792,CACTTAAAGAATTCCA,D415F,1,1
-3.606,0.3034,CGACAAACAATAAACT,N341M,1,1
-3.606,0.1011,CTACCCGGATGAAAGA,L409W,1,1
-3.609,0.03321,AATACACTTCTACACT,P99N,1,1
-3.61,0.1379,GACCCTAAAAATCAAC,W350F,1,1
-3.611,0.2676,CCCGTCCGAAAATAGA,A212D P221S E484K,3,3
-3.611,0.02407,TCTACAGCATACTACA,T206M,1,1
-3.611,0.02486,AAAAGAAACCTCCAAA,R141D L431Y,2,2
-3.612,0.5054,GAATACTGACAGATTC,E344A,1,1
-3.613,0.01182,GCAAAGTTCGTTAATC,D415K,1,1
-3.614,0.06065,GGGCCCAAATATCCTA,V406N,1,1
-3.614,0.2394,ATCTTGTAATATGTAC,D60P,1,1
-3.616,0.08918,CTATATACTACATTTA,R109D,1,1
-3.617,0.03012,CCAATAAGATGGCACA,Y233V,1,1
-3.618,0.1378,AAAAACACCCATATCC,H435K,1,1
-3.618,0.4134,GCTTTAACAACGCTGC,Q210K R299V,2,2
-3.618,0.06787,GTCCATAATGCGTTAA,Q197W G379T,2,2
-3.618,0.1011,AGGCTGATGTAGCGCT,D271R D493R,2,4
-3.619,0.07978,TAGCTGCGCTGTCAAA,S247Y,1,1
-3.619,0.1977,ACAAAAAGCGACGTAA,V182Y,1,1
-3.619,0.1977,CAAGAAACTTAAAACC,Y100L,1,1
-3.619,0.05614,ACCATCTTACTCGCGC,D487Y,1,1
-3.619,0.1299,AAGCAACCAATTGAGA,V402D,1,1
-3.62,0.02934,AAGCCCCATAATACTG,F332V,1,1
-3.62,0.04688,AAGAAGCTGTACATTT,A19T S144C,2,2
-3.62,0.07454,TGACGAACTATAGGAT,I274H,1,2
-3.621,0.1819,GAACAGAGCACAAAAG,K292P,1,1
-3.621,0.02406,TATTCCAACCTTACGG,G362D,1,1
-3.621,0.03954,GTTAACACCAAGTTAT,Q434M,1,1
-3.622,0.3497,AATTCCTACTATCGGG,K171I E414K Q501P,3,3
-3.622,0.01481,CACCCCTCCTATAACT,A334S,1,1
-3.623,0.1109,ATTTTCAACCCAGACC,S145C,1,1
-3.623,0.06403,TGAGGCGATATAGCCT,L157M N424E,2,2
-3.624,0.1568,AGACGATTAAACAGCG,H17K,1,1
-3.624,0.3031,CAATAGTCGTAAAAAT,E432Y,1,1
-3.624,0.04995,CAAGCTCGATGCTTAA,T451H,1,1
-3.625,0.1466,CTCAAAAACCACCCAC,G330W,1,1
-3.625,0.04888,TATTAAAAACGAGCAC,N152E,1,1
-3.625,0.07215,CAATTTCACCAAGCCA,D419T,1,1
-3.625,0.04785,CCAAAGACATTGCCTG,P169C,1,1
-3.626,0.05612,AACAAAACCATTCCAA,Q327P E398K,2,2
-3.626,0.1377,CCTTTCACCCAAACCA,A304P,1,1
-3.626,0.03418,TCACAAATATTCGTCA,G333Y,1,1
-3.626,0.2674,TTAACCTGATCCTTGT,D438F,1,1
-3.627,0.1299,TCTGTTGAATACCTGA,N165D R456H,2,2
-3.627,0.05107,TATAAAAACATCCATT,I267V E414G,2,2
-3.628,0.1228,GAACTTACCTGTATTC,Y412W,1,1
-3.628,0.1228,GGGGAGATACCAAAAA,H488C,1,1
-3.628,0.02658,AACGTGGAACTACAAC,,0,0
-3.628,0.2392,ATACATGGTACCTCCT,L431R,1,1
-3.628,0.2392,CTTCCTAATTATAATG,S378K,1,1
-3.628,0.07703,TGTCAAACCTTAGTAA,S422Q,1,1
-3.629,0.009529,ACTTGGTGTTTAACTA,L409C,1,1
-3.629,0.07214,AAATAATGACATCAGA,N126C,1,1
-3.629,0.2164,GACTTACTACTTCAAA,E410N,1,1
-3.631,0.04783,CAAGCCAAATAAACAA,K453E,1,2
-3.631,0.04685,CTCGAACTGACTATAA,I437C,1,1
-3.631,0.1818,ATGGGTAATACGGAAG,D60Y,1,1
-3.631,0.1818,CATCGTACAAACTGGT,Q371M,1,1
-3.632,0.05752,TTAACACCGCTAATAT,Q191F,1,1
-3.632,0.1683,GCGAGTAGCAGGAATC,D438V,1,1
-3.633,0.1567,AAAAACCAAGATAAAA,G286A,1,1
-3.634,0.01594,ATATATTCACTTTAAT,G465M,1,1
-3.634,0.1377,AGCGAAATTAATTACT,D461S,1,1
-3.634,0.03416,CGACGAAACGAGAAAA,S149D,1,1
-3.634,0.03416,TTCTAGGCCCCTTTGT,A196P,1,1
-3.635,0.01309,AGACACGATATCGCAT,Y100A,1,1
-3.636,0.05222,GCCATGCATTAAATCA,S247Q,1,1
-3.636,0.09665,GTTAGAATGGCAACCT,P162M,1,1
-3.637,0.09271,GACTCTCCATTTTACC,R492K,1,1
-3.637,0.0395,CAGTTCACCAACTACG,L194I,1,1
-3.638,0.01628,CAAGATTAGACTACGC,Y233V,1,1
-3.639,0.04884,CTTCGATTTACTTAAA,L59C R383Q,2,2
-3.64,0.01398,CATCAAATTAGAAGCC,E410G E457Q,2,2
-3.642,0.4128,AAAAATATGAATGTAT,I274H,1,1
-3.642,0.3027,AAATGAACTAGTCTTG,V429L,1,1
-3.642,0.5046,AATCTAGAGTCAACCT,K450Y,1,1
-3.642,0.08904,AATTTTGTCATAACCG,V413C,1,1
-3.642,0.1974,ACAATACAGTATACAC,D438K E443D,2,3
-3.642,0.09268,ACTCATTCCTGCAACC,L111S,1,1
-3.642,0.6487,ATAAATAAAAACGAGG,E172K I300W,2,3
-3.642,0.1816,ATAACCACATATCTAT,L431H,1,1
-3.642,0.239,ATCAAAAACCTTCTCT,E432T,1,1
-3.642,0.5046,CCCGAAAGTATGCCGA,,0,0
-3.642,0.2162,CTAGGCTAAACGCAAA,G479W,1,1
-3.642,0.3027,CTATAAAGACTTAACT,S145E,1,1
-3.642,0.5046,CTGTATATGCGCTCGC,D348N,1,1
-3.642,0.5046,CTTCTCTATTACAAAA,K50D,1,1
-3.642,0.1465,CTTTCATTGTCCCTCA,N475P,1,1
-3.642,0.1682,GTATGAACCCTCTTGA,D419T,1,1
-3.642,0.3493,TAAACAGGAGCCATCT,N31P,1,1
-3.642,0.3027,TAAATACCAAGTCACA,P55W S209I,2,2
-3.642,0.4128,TAATTACAATGTATTT,Q327V,1,1
-3.642,0.5046,TATTACAGACTGGTTC,H184R Q371V,2,2
-3.642,0.3493,TCCTTTCCCTATATTA,I58C,1,1
-3.644,0.0174,AGAATGCCAGTATTGC,M462R,1,1
-3.644,0.03575,GACGCTAGACAGAAGC,N341Y,1,1
-3.645,0.01144,CCTCTACTCACAGTGA,K2W R220G,2,2
-3.646,0.06985,GCGACAATTCTAGAAG,P99T,1,1
-3.646,0.07695,CCTGTAATTATCAGAC,E410R,1,1
-3.647,0.09265,CAGGTTAAACGGTATC,E325V A364G,2,2
-3.647,0.04779,TGGTTCAGTGTAAACC,I217T E344C,2,2
-3.648,0.1056,CCTATACTTTGGGCTA,H488Y,1,1
-3.648,0.05341,GAACAATCACAAAAGC,I267T,1,2
-3.649,0.1164,TAACAGGTATAGTCAT,V406E,1,1
-3.649,0.1227,TCCGTCTAAAGGTTAT,P306K,1,2
-3.65,0.06983,ATATAATTCTGTGTCG,S96P,1,1
-3.651,0.1565,GAATAATGACAATGGA,R383P,1,1
-3.652,0.1681,TAAAGTACTCTAACAA,V102T,1,2
-3.652,0.04242,TACCGAGATAATCAAG,K452V,1,1
-3.653,0.06392,GTTCAACACAAAAACC,Q371H,1,1
-3.654,0.1055,TGTTAACCTAAAAACC,I214P,1,1
-3.654,0.2161,ACACTCATAATGGAAA,G342A,1,1
-3.654,0.2161,TCCAGAAATAACGTTG,A69N,1,1
-3.656,0.03946,CATGTTACGACTGTCA,A334S,1,1
-3.657,0.1296,TCCAAGATCACACCAA,E403C,1,1
-3.657,0.2669,CTAGAATAAACTACAT,I29M,1,1
-3.657,0.2669,GACCAGCAACTCAACG,A425T,1,1
-3.659,0.09653,ACAGATAAGGTATATT,S265M,1,1
-3.659,0.3024,GTACCAGCAGACCGCA,L118Y,1,1
-3.659,0.05097,CAAATATTATACATTA,T206I,1,1
-3.66,0.1564,ATTATGAGCTACAACA,D225K,1,1
-3.66,0.1564,GAATAAGCTTCTCATA,L367V E403K,2,2
-3.661,0.08248,TCCAGAACCAACCACA,N133K,1,1
-3.661,0.04775,GTCGAAAACAACCAAT,G333S,1,1
-3.661,0.168,AGTTCAACCCCAACAG,K2L,1,1
-3.661,0.0677,AGCTTAGCAACTATAA,A430Q,1,1
-3.662,0.3489,TTGAAATCACAAACTC,N81I,1,1
-3.662,0.009883,ATATCCTAAGCTTCCT,L13F R482Y,2,2
-3.663,0.1814,CGCTAGATGCCTTTGA,I29Y,1,1
-3.663,0.1226,TCAGCAAGATTACAAC,L59M H435G,2,2
-3.664,0.07687,ACGTATTCTTCCAGCA,T187R,1,1
-3.664,0.1296,AATCAGAGCTGGCCTA,L111A N424Y,2,2
-3.665,0.03044,AATGCGAGTAATACCA,G404V,1,1
-3.665,0.03044,CTAGATGAATGCTCGC,H18W F258V,2,2
-3.665,0.04984,TATCCTCTATCTCCAA,E359A L496V K503N,3,3
-3.666,0.08246,CAATTAATAGAACCAT,K397P,1,1
-3.666,0.0589,GAGCGGAGATTGTTCA,I331N,1,1
-3.666,0.4123,GCAAAAATAGAATTCC,G362M,1,1
-3.666,0.01898,AACATCACAATCCCTA,G349Y,1,1
-3.667,0.2159,TCCTAATACCTGGAAA,T167M,1,1
-3.668,0.04085,AAAAAAAGGACCATAT,P162K I374E,2,2
-3.669,0.1163,AGACTGTAACCAACCG,G319W,1,1
-3.669,0.1564,CAAACAAGTCACGAAA,L59K Q407H,2,2
-3.669,0.01072,ACGTAGCTTAAATGAA,L71A,1,2
-3.669,0.02052,AACAATAACAAAACAG,P185V,1,1
-3.669,0.2386,ATCTAGAATGCCCCGG,S136I,1,1
-3.671,0.5037,TAATCTATAAACTCCT,I217L,1,1
-3.671,0.5037,TATTTTAACTAGGCTT,T155Y,1,1
-3.671,0.02816,ATAACAACTTTAGATA,L243Y,1,2
-3.671,0.06385,TATTCAGTATGATACC,V36K,1,1
-3.671,0.08554,CAACCTACTAACAACA,H435Y,1,1
-3.673,0.06766,TTTGCATATGATCACA,D77K,1,1
-3.673,0.02108,AAAGTAAAATGAGCCA,V166P,1,1
-3.676,0.1971,AAACATTGACTGCTAG,F467L,1,1
-3.676,0.1971,TAAGATCAACGCCATA,G404P,1,1
-3.676,0.0743,ATTCGCCGAACAAAAC,P239F,1,1
-3.676,0.06043,TGACTTTATTTTCAGT,Q434A,1,1
-3.677,0.03042,CGAGTTACAAAAACCA,S144C G479S,2,2
-3.677,0.08886,ACCAGTGCAAACGGTC,S107I D438T,2,2
-3.679,0.6474,AAACCATAATTCATGA,Y412L,1,1
-3.679,0.1295,ATGATTACTTAAATAA,D186F,1,2
-3.68,0.0477,TCCTGAATGCTATTAT,H488F,1,1
-3.68,0.1678,CTTATACCCTCGTGCC,A11N G404N,2,2
-3.681,0.1373,GCAAACGGTCTTCAAA,N424A,1,1
-3.682,0.3485,ATAGTGGCAGTCGAAG,L111V,1,1
-3.682,0.1162,GCCAAGTGCCCTTGTA,S156D,1,1
-3.682,0.008049,CAATTTTCAACAGACC,M462W,1,1
-3.683,0.02189,ATGAAAATATCAAGCA,S95I,1,1
-3.683,0.1812,AAGTTACAGAACAAAC,G16V T128Q,2,2
-3.683,0.1812,CAGATTTTTTACAGAA,A334C,1,1
-3.684,0.1224,CACTTAAAAACGATTC,I267Q,1,1
-3.684,0.1224,CTATAAACAAACTGAA,V223N K417G,2,2
-3.684,0.1224,GTACTGGGTAAATTCT,F195I,1,1
-3.684,0.1054,AAAACACGTAGTTATG,G286S,1,1
-3.686,0.1562,TATGTTAGGAGCTTAG,L496R,1,1
-3.687,0.1969,GTATCTGTGTCTCACA,G379Q,1,1
-3.687,0.08881,CAACACCTGCTAAATA,L427Y,1,1
-3.687,0.2664,GAATCCCAGGAATATT,G362Y,1,1
-3.689,0.4117,AAGAGTAGGTAACACC,T313E,1,1
-3.689,0.4117,CAAACGAAATAAAAAC,L42A,1,1
-3.689,0.4117,TGGTGAAAATAATGTA,S247E,1,1
-3.689,0.01696,TCTCCGATTTAAAGCG,Q356G,1,1
-3.69,0.07676,CAAAGCCCAATCATGA,S247Y,1,1
-3.691,0.1224,ACTAATTACCATTCAA,C52M,1,1
-3.691,0.1224,CGTACGCTTTTGACCC,D461I,1,1
-3.691,0.09635,TTTCCATTGAAAACTC,D73M,1,1
-3.693,0.01623,AGCACCAAATTCCATA,P55Y M444I,2,2
-3.693,0.3019,TATAGCAACAACTAGA,N158I,1,2
-3.693,0.9056,CACCTTGATCGAAAAA,I230F,1,2
-3.693,0.9056,CCAGCGCTGTTCATCA,,0,0
-3.693,0.1006,GTAATAATGAGGAAAG,V20N,1,1
-3.694,0.0924,CCTCCAGGAACAAGTT,T135P,1,1
-3.694,0.0924,TGTCGCTGATACACTC,A212R F500M,2,3
-3.695,0.1161,AAATCCAAGAAGCCAC,Y302A,1,1
-3.695,0.1161,TTAAACACGAATCAGC,L420T,1,1
-3.695,0.0387,TGATCATAAACAGAAA,P239F,1,1
-3.695,0.1561,AAACAGAGTTCAGCTC,K140H,1,1
-3.696,0.1053,ATTCCTAAGAAACACA,,0,0
-3.696,0.2383,AAAAAAACAACAAAGC,P227D,1,1
-3.696,0.2383,AGATCTGTTCGAGCGC,I395R,1,1
-3.696,0.05326,CTTTGATTTTCATTTG,S369F,1,1
-3.698,0.1223,TTCCTCAACCGCACTA,L316P,1,1
-3.699,0.5029,AAACCACACACGTTAT,Q363T,1,1
-3.699,0.1676,TATTTTAAACTATCAT,I58P,1,1
-3.699,0.5029,TCAAAAAATAATAAAA,I395H E414K,2,3
-3.7,0.06035,ACTTAGTATAAGAAAA,M168E,1,1
-3.701,0.1161,ATAGCCCTATGATTGT,V213D,1,1
-3.701,0.02678,ATTATTACCTACAGAA,Q434K,1,1
-3.701,0.3481,CCTCATGTTCTACGAT,Q44N Q164F,2,2
-3.701,0.3481,GCACGCAATGAGAACG,N133K,1,1
-3.701,0.06963,GCATGACACGTTCAAC,N38V,1,1
-3.702,0.02208,GACAACGATTAAAATA,L66W,1,1
-3.702,0.05085,GACTAGATATACTGTC,H183M,1,1
-3.703,0.02743,TGCACACAGAGTCTAC,G129A G142R I385R,3,3
-3.703,0.04866,GAAGCTATGATACACT,S95L,1,1
-3.704,0.181,CAGCTCGACCGGTATA,Q197E D441G,2,2
-3.705,0.01036,ACACAGATAAACGCTA,I288A,1,1
-3.706,0.02473,GACAATCTCCTTGGAC,A19H,1,1
-3.708,0.116,AATGATACATACCTGA,E403G,1,1
-3.708,0.04004,AATCTTATTACTTCCT,T436S,1,1
-3.708,0.1459,ATTCAAATACTTAACC,K452V,1,1
-3.708,0.05876,CATATGATAATTAAAC,V182Y,1,1
-3.709,0.1967,TGTCAATATGATAACA,N464Y,1,1
-3.709,0.2381,TTTATGAAACTTCAAA,N45P E398K,2,4
-3.711,0.03401,TCATCCATCGCTAAAC,,0,0
-3.712,0.4112,AGACTCCCCCCTTCCT,,0,0
-3.712,0.05875,CACTCCACTCACCATG,T187L R321A,2,2
-3.713,0.05199,AAAACTTTTAATGACA,L66W D408I,2,2
-3.713,0.156,AACTGTGAAACATGTG,Q173* D348A,2,2
-3.713,0.02995,TTATGAGTCTACATCA,M168E,1,1
-3.713,0.1052,ACGTTCAAAATGCCTG,E403Y,1,1
-3.715,0.02918,AGTCAAGACCCGATTC,L428H,1,1
-3.715,0.03301,TCACCCTAATAGTCAT,N296M,1,1
-3.715,0.0497,AGATTCAATTAACTGT,S265P,1,1
-3.715,0.2154,AGGACCTAATTACACC,K292Y,1,1
-3.715,0.6461,ATAAAAGACATAGTCA,P103Q,1,1
-3.715,0.2154,CATAAAATAAGGTAGA,W234T,1,1
-3.715,0.6461,GCATCATAACAATTTA,Y412K,1,1
-3.716,0.07665,GAACATAAACAACTCA,S146F D408Y,2,2
-3.716,0.07665,TACATTAAATAACGCA,E457C,1,1
-3.716,0.1459,AGATAACAGGCGACAA,E35V G404M,2,2
-3.717,0.1103,TATATCCCACTACAAC,S91H N159R,2,2
-3.717,0.266,AAAACACGTTAAATAA,G333V,1,1
-3.717,0.266,CTAGGCCAGCAAATTA,N165V G386E,2,2
-3.717,0.266,GGTTAAACTCAAAAAA,V429T,1,1
-3.717,0.266,TAAGACTCCCTATTAC,S145C,1,1
-3.717,0.266,TCCATTACCTCTTAAC,Q197I A334C,2,2
-3.718,0.04969,GAAAAAAACGGACCCG,L316I,1,1
-3.718,0.04969,TATCCTTAAGTGAAAC,I58P S198Q,2,2
-3.718,0.1222,TACCCTGACCACAAGA,R90K L431I,2,2
-3.718,0.1222,TATACTTGCGACCCAT,A425T,1,1
-3.718,0.07933,AAAGCTTCCATTGACA,K2E D73P,2,2
-3.719,0.03505,CCTAGAGAGCTTTATC,Y308W,1,1
-3.72,0.1966,ACATCACTTCCATATG,S9Q Y412K,2,2
-3.72,0.1966,AGACAAAATAGGACCC,T206A,1,1
-3.72,0.06553,CAAAGTTTACCCACGA,W350F,1,1
-3.72,0.3478,AAAAACCAGAATCCTG,G72A E484D,2,2
-3.72,0.1159,AATCTATCAACATTAT,A317R,1,1
-3.72,0.3478,AGTAACAAGGTTCTAA,G78L,1,1
-3.72,0.3478,CACTAATCACAGCTTA,I230E,1,1
-3.721,0.04661,TTAACATAAAATAAAA,G362M,1,1
-3.721,0.04001,GGTGAAAACACAAAAC,I260L H488Y,2,2
-3.722,0.1292,GCCTCTGTCACTCATT,K453N F467Y,2,2
-3.722,0.06193,TGCGACTATCTCTGCC,Y412K,1,1
-3.724,0.04861,CTTCAATCTCGTAACA,S378W E410K,2,2
-3.724,0.02916,GGTCTATAAAACATTA,R456V,1,1
-3.725,0.1222,TACACATAGTTAATCA,D225W,1,1
-3.725,0.1051,ATAAACTATGTCCCAG,S205D,1,1
-3.725,0.08218,TCATTGTCAGTTTTTA,Y100T,1,1
-3.725,0.0741,TGCGAAACGAGTAACC,N63E,1,1
-3.726,0.04967,GTTTCACAAACATGCC,I58S,1,1
-3.727,0.1159,AAAAATAATTGACGCA,N8K G129W S219F,3,3
-3.727,0.1674,AGGGCCTTCCAAGAAA,T206I,1,1
-3.727,0.5022,AGTAATCCTATTATTA,S219F,1,1
-3.727,0.1674,CTACTTTACATGAAAT,A364G,1,1
-3.727,0.5022,GCCGCTGACTACATCA,K380N,1,1
-3.728,0.0103,TTCACTTGTAAAAGGA,L70M T206L,2,2
-3.728,0.08527,TTAGCATAAGGGGAAA,P227E G249D,2,2
-3.73,0.1558,ATGTCATTAACAGTGA,T206D,1,1
-3.73,0.08216,TATCTCAGCTAAAAGA,P185V,1,1
-3.73,0.06549,TATTAGCATTTATAAA,Y233S,1,1
-3.73,0.1965,TGTCACTTAAAAAATT,V413T E449K,2,2
-3.73,0.03347,GCTTAACCTCTTTCCA,A364G,1,1
-3.732,0.2658,AATAAAAACATTAAAA,G362E,1,1
-3.732,0.2658,TTACCACACAAATCGC,P306N,1,1
-3.732,0.1458,CATTTTAACTTAACAT,R224D A364T,2,2
-3.734,0.4107,AATTAGAGCCTTTACA,G249S,1,1
-3.734,0.4107,GTTGACCTCTTTACAA,H18A,1,1
-3.735,0.02204,AATCTTACTAATCTCG,Y486M,1,1
-3.735,0.02248,TTTGAACGAATAAAAA,N341W,1,1
-3.735,0.2378,AATTACTCGTCCATTT,Y161M,1,1
-3.735,0.2378,CTAAGCCTCTTCATGT,S312L E414M,2,2
-3.736,0.04386,TGTAACAACCAATTTA,S115M V166N L455Q,3,3
-3.736,0.1673,AATTAACCTTTCACCA,A196P,1,1
-3.738,0.1004,AAATTGAAATCATTTT,L431S,1,2
-3.738,0.1004,CCTCAAACTGCAACGG,S114W,1,1
-3.738,0.1221,TAATAATATAAATATC,P185S R299K,2,2
-3.738,0.1221,TAATGATGACCGCATG,V88F,1,1
-3.739,0.0961,ATTCTTCCCAATATAC,S137E,1,1
-3.739,0.03158,ACGAAACATGTTCCTC,R224M,1,1
-3.739,0.3474,GATTGACCATAATATA,G379K,1,2
-3.741,0.1101,CTTACAGCATACTGCA,D348C,1,1
-3.742,0.02441,GACAGTACATTTGCAA,H488Y,1,1
-3.742,0.05575,ATATGTATAAATGTAA,S115F,1,1
-3.743,0.1003,AAGCTCTATGCCAAAA,T40W,1,1
-3.743,0.9031,CAAATTGCCTATCTTA,D415I,1,1
-3.743,0.1806,GGGGACCTCCTCCAAA,I236H,1,1
-3.743,0.9031,TGCTGCCTAAACAAAC,H488G,1,1
-3.745,0.122,CCCACACTATTATAAC,L427H,1,1
-3.745,0.1672,TACCACTTAGTAAAAT,G218D T328L,2,2
-3.746,0.2656,CACTGCGAAGAGGTAA,S146Y,1,1
-3.746,0.2656,CTCGGTCGCAGGTGTA,Q407C,1,1
-3.746,0.2656,GAACCTGCTCTTTGTA,L316A,1,1
-3.746,0.2656,TCTTCCATATATAAAC,S228R K387A,2,2
-3.746,0.04142,CATTGGAATACCAGCC,D408C,1,1
-3.747,0.1101,AAATATTAACTCATAC,A39F,1,1
-3.747,0.1101,AACTAGACCTACAATT,E426I,1,1
-3.747,0.03344,ATTTAGTCTCGCAATA,A39F,1,1
-3.748,0.105,TCATCGTAGATAAGAG,K50L V297M E410K,3,3
-3.748,0.1456,AAGCACTCCTCTTCCT,D241H,1,1
-3.748,0.2376,TTGAATCGCGAATTTA,D241N N475G,2,2
-3.748,0.009966,ACGAAGCTTACAACAT,P221D,1,1
-3.749,0.06358,ATAAACTCTAACCATT,V406C,1,1
-3.75,0.2149,ATTTTATTACTTTAAT,F79P S107R S110R,3,3
-3.75,0.6448,TAATATCACATAAGTC,I478W,1,1
-3.751,0.08516,CTCAATACAAAATATA,D415F,1,1
-3.752,0.1962,GATATAAACAGATATC,D461W,1,1
-3.753,0.105,TTGAAAATTAGTAAAG,P185I,1,1
-3.754,0.5014,AACAACTCCTTGAATA,N464M,1,1
-3.754,0.07163,CCCCATCTGATCCAAA,S265W,1,1
-3.754,0.03294,CCTCCAATTCAAAGCG,P306N,1,1
-3.754,0.06943,ATTTCTTAAAACGTAC,V213D,1,1
-3.755,0.1556,TGATAATGTTCCAAGT,G362W,1,1
-3.755,0.1556,TGGAAATGTAGATTTA,P284M V297I,2,2
-3.756,0.1456,CAAAGTAACACACTAC,G386R S400P,2,2
-3.756,0.1456,GCATATTAAAATACTC,K450D,1,1
-3.756,0.4102,AGGATTTCAATAAAGT,K452I,1,1
-3.756,0.4102,CAAAGGAACCATAAAT,E359Q E398K,2,2
-3.756,0.4102,CCAAAGAATGGTACCA,A459C,1,1
-3.756,0.4102,CGTCGCTAAAGTAACA,E426F,1,1
-3.757,0.04468,ACTGTCGGATCAGAAC,Y412N,1,1
-3.757,0.05436,AAAAACAAGGTCGTCC,D186H,1,1
-3.759,0.3008,CTCAATGAGTAACTCA,S480W,1,1
-3.759,0.3008,TTAGGTCCATTAGAAA,G16S,1,1
-3.76,0.2654,TACCCCACAAGCAGGG,Y233V,1,1
-3.76,0.2654,TGGATGACTAATTTGA,A364G,1,1
-3.761,0.04749,ATTGACCCATGGCCTT,P324D,1,1
-3.761,0.2374,AGCCCCTCAAACACCC,L151I,1,1
-3.761,0.2374,CTTGCTACATAAAATA,N341H,1,1
-3.761,0.07646,ATTACGAATAAAAGTT,R109L N489Q,2,2
-3.762,0.07395,ATAATCAAAATACGTG,K453E,1,1
-3.762,0.0694,GTGGACAATCAAATAA,T30N N122I,2,2
-3.762,0.06733,TGCATGCGCGATCAGC,T318G,1,1
-3.762,0.06733,TTTAACACCCCCCGCA,V88F,1,1
-3.763,0.1804,ATTACGAGGTAAGCGA,H488P,1,1
-3.763,0.1804,TAAAACTCATAGGGAT,M346I,1,1
-3.763,0.01347,GTTGCTATCACTAAAA,I230T,1,1
-3.763,0.1555,TTGTATAACGACCAAG,,0,0
-3.764,0.1367,AGGCCTTATCACTCTC,T10D,1,1
-3.766,0.05709,AGGCCCTATAACCGAT,H435E,1,1
-3.769,0.06351,ATAGCGCCTAAAAATT,P162T,1,1
-3.77,0.1002,AAGTCGTCATCTGATG,P162L,1,1
-3.771,0.1219,TAAAATCAGAAGTTAT,D101G D415N,2,2
-3.772,0.1803,AAGGATAGATTTTATT,P162H,1,1
-3.773,0.01299,ATCACTAAAATCATTT,K82D R405G,2,2
-3.773,0.196,ACCAGAGACATCCCTA,E403K,1,1
-3.773,0.196,CTACCTGATAAAGAAA,P227V,1,1
-3.773,0.06936,ATACATCCCTATCCAC,D271N M320I P324K,3,7
-3.773,0.2147,ACGAAAATAATCTTTA,T187W,1,1
-3.774,0.2652,AAATACCACCTCCTCA,V88F,1,1
-3.775,0.092,ATTAGAACACATCGAT,S369Q,1,1
-3.775,0.05565,CTTAAAATCAACTATC,K450D,1,1
-3.775,0.1002,ACAAGAAGCCCACACT,S369V,1,1
-3.775,0.3005,GTAGTCGGGACAAGAA,N341K,1,1
-3.776,0.0204,ATACATACAAATGAAT,,0,0
-3.776,0.06349,CCGCACCCACCTCCTA,R456F,1,1
-3.776,0.02547,GCTTAACTTTCACTTT,E460I,1,1
-3.777,0.3467,ATTAATAATAAACAAA,G62H,1,1
-3.777,0.3467,TCAGCAACAACTCCGA,,0,0
-3.777,0.1218,CCTGGATATCATTCAG,K2I D7Y,2,2
-3.777,0.07389,TTAAAAAAGACACGAG,N296M,1,1
-3.778,0.07907,TAAAAACCACATAAAC,S378F V490E,2,2
-3.778,0.4097,TTAGTGGCTTTGAAGA,Q311E,1,1
-3.779,0.04744,TTATGTGAAAAATCAT,R201N,1,1
-3.779,0.1454,TCAATCAAACATTGCA,P273S F448L,2,2
-3.779,0.02575,TCCTGTTACATTATGA,N464R,1,1
-3.779,0.02335,AATAATGTTACACTAC,I226Q,1,1
-3.78,0.03066,AAAAAGCAATGTGTAA,A11N,1,1
-3.78,0.09197,CATCCTGAATACTACT,G5H,1,1
-3.78,0.1554,CACTGCGCGATAAAAT,F195M,1,1
-3.78,0.09589,AACTACCCTTCTTAAT,N341F,1,1
-3.781,0.5007,AAACTAATATTTTTAA,Y233A,1,1
-3.781,0.5007,CATGCTATTAGCGAAT,P103A,1,1
-3.781,0.5007,CTATGATAAAATGAAA,S115T,1,1
-3.782,0.05063,TCGAAATCCAATACTA,Q434D,1,1
-3.783,0.05179,CATGTGTATGTAGTGT,F195Y,1,1
-3.783,0.1959,ATTGTTCATTCCATTC,Q197N,1,1
-3.783,0.1959,CAATCCCAACCCACTC,L86T,1,1
-3.783,0.08502,AGTTCATATACTAACA,L42V K446N,2,3
-3.783,0.02077,AAGCATCGCGATACAT,I242E I282L D415Y,3,3
-3.784,0.08835,AAATGTTAATTACCCT,L496H,1,1
-3.785,0.01152,CACAACTAATGTGAGT,L194I,1,1
-3.786,0.2371,TAATACGATACAAAAC,S136H,1,1
-3.786,0.01753,TCATCCGCATTTTTAA,K50R G463D,2,3
-3.788,0.05062,TCTATTTTTGGAGCTA,D419H K452R,2,2
-3.788,0.06006,CAACTAACACTACTTA,K452C,1,1
-3.788,0.265,TCTCAATCCGCCGCCT,S265A A334S,2,2
-3.788,0.265,TTTCACAAAAAAATTT,E398K,1,1
-3.789,0.00868,CCACTGCACTCGAAAA,Q173D I267Q,2,2
-3.789,0.04373,ATTGAACTTTCCACTC,H18K G200K,2,2
-3.79,0.1668,AAACCGGGGAATTCAA,,0,0
-3.79,0.1668,CTAATTATTTATTTCT,T436S,1,1
-3.79,0.1217,CTCACAACACTTTTTA,R201D E403G,2,3
-3.791,0.9008,AAATATCGCCATCGGC,I377H,1,1
-3.791,0.9008,AAATCTATACACAAAA,G49T,1,2
-3.791,0.9008,AATTCCTACCAAATGT,Y161N L420F,2,2
-3.791,0.1802,TAATTACACACTATTT,D60L,1,1
-3.791,0.1287,TACAAAACCACCCATC,S47P D415Y,2,2
-3.792,0.1047,TATCAGTGAAACAATA,W234V,1,1
-3.793,0.1365,GATCAATATAACCGAT,D415I,1,1
-3.795,0.3464,CAAACAAAAAAAAGAA,F392T,1,1
-3.795,0.3464,CCAGAACAAACCCCAT,G249C,1,1
-3.795,0.3464,CCCCCAATTAGAAACA,A196M,1,1
-3.795,0.3464,CTATCCATCCGGTGGT,T313Y,1,1
-3.797,0.07382,ACCAAAAACCTAAGAG,A334G,1,1
-3.797,0.05297,CAACTCGAACCAACAG,T440F,1,1
-3.798,0.03287,ACAAGCACTTAGGATT,K397A,1,1
-3.798,0.1286,ACTATACAACGAACTG,Q210W,1,1
-3.798,0.1286,CAGACAATACTTAAAC,K503C,1,1
-3.798,0.1668,TATTTTCTACGGAGTA,T313F E344F D348N,3,3
-3.799,0.237,TTATGCAAAAAACGCT,M346W,1,1
-3.8,0.4093,ATAAACAAATTATGAA,S47F T206C,2,2
-3.8,0.1364,CTATCCAACCGTGCGA,Y412K,1,1
-3.8,0.1364,GCTACGTAGCGGATAA,P221Y,1,1
-3.8,0.4093,GGCCTGTTATCTACGT,F195T K326Y,2,2
-3.801,0.08494,CTAATACAAAATATCA,L66F,1,1
-3.802,0.1452,TCCGGTACCAAGGCAA,V130L L427C M462I,3,3
-3.804,0.06523,AGAAACTCAGACTCAA,N341L,1,1
-3.804,0.06523,CAAGCACATGCTAATA,L111P H488G,2,2
-3.805,0.08492,CGTATCTATTTTCTCA,I236R D461P,2,2
-3.807,0.5,ATAACTGTCAGATCCA,L244M R405Q,2,2
-3.807,0.08824,CCAACCCCATGTATAG,V182E,1,1
-3.807,0.1364,CGATTTGACAAATACC,G463L,1,1
-3.807,0.3,GAAGTAAGCTATATAA,S480W,1,1
-3.807,0.1364,TTTTCTAAATCTTTTT,N298T,1,1
-3.808,0.03719,CAAAAACAGCCTGAAC,H471N,1,1
-3.809,0.1216,AAACTACTTAAACCAT,K453E,1,1
-3.809,0.1452,TATCACCCCAAAGCAG,G352F,1,1
-3.81,0.0302,ATCGAACCCGAACCAA,M320L,1,1
-3.81,0.0849,CAACTCTTCAATTTAC,Y412N,1,1
-3.81,0.18,TCGATTACAAAAATTA,S198V A373G,2,2
-3.811,0.2368,ACATCTACTTAACATA,F79I,1,1
-3.811,0.2368,TTCAATGAAGAAGTAA,F500H,1,2
-3.811,0.1286,TCTTTACATACAAACT,L194A,1,1
-3.812,0.1551,ATCGTTTAATCTCCAC,S143C,1,1
-3.812,0.1551,GATGCACATAACGCAT,Y308H,1,1
-3.813,0.3461,AGTTACATATCATCTC,H435E,1,1
-3.813,0.3461,GAAGTAACATGTCAAT,K131Y R201G,2,2
-3.813,0.05293,ATAAGGTTACTAACAT,R354S,1,1
-3.814,0.1956,GATAAAAATTAAACTC,S156R,1,1
-3.814,0.1363,AACATTCAGTAAGCTA,A93T S231R Q434S,3,3
-3.814,0.1363,TGGACCATCGACCTTT,Q191R,1,1
-3.814,0.1046,AAAAAAATGCATAATT,A365T,1,1
-3.816,0.1666,TCCGAGATTAAGCTTG,E432C,1,1
-3.816,0.06336,CGTTAAATCTATCACA,Q434M,1,1
-3.816,0.2646,ACAACCTCCGATCCAA,N296K,1,1
-3.816,0.0882,ACCAAAGCTCTCGAGC,Y423H,1,1
-3.818,0.2142,AAGGATGACCCCTTGT,I260G,1,1
-3.818,0.6425,GTATATAACATATGCG,D271Y,1,1
-3.818,0.6425,TGTAAACAAATATAGT,,0,0
-3.818,0.05553,TATACATTATACAAGT,L111D,1,1
-3.819,0.04367,ATCATCGTATAACACC,I236N,1,1
-3.819,0.05997,CATCTACAAATACCTC,L431S,1,1
-3.819,0.05997,GAGTGGGAAAACATCT,N246L,1,1
-3.819,0.03145,AGCAGTCTGTTATTCT,R492K,1,3
-3.819,0.04836,GCTCTAATAAATACGA,D241A,1,1
-3.82,0.1551,AGTAAGCTAACATACC,S378A,1,1
-3.82,0.1551,CAACGCAAGAATCCAA,G61S,1,1
-3.82,0.1551,CTTCTATCCCTCCGTT,S247Y,1,1
-3.821,0.08176,ATGTAACACCAACAAG,S247Y,1,1
-3.821,0.07622,ATATCACTAAGATACC,S143R N341Y K411G,3,3
-3.823,0.2367,GGATTTAAGTCGTGAC,D68Y,1,1
-3.824,0.0529,CGATCTATTCAACCAA,G386E E410K,2,3
-3.824,0.145,TCGTTATACATTATTA,F467Y,1,1
-3.825,0.1153,ATAACAGACTCGATTT,D348A S358C,2,2
-3.825,0.09566,GCCCATGTCTATGTTC,V429M,1,1
-3.825,0.08816,ATGTATATAACCTAAT,S143V S480W,2,2
-3.827,0.05839,TTAGATTCAAGACCAA,V413A,1,1
-3.827,0.09175,AGATTCAGTATTATTT,Y257P I395C,2,2
-3.828,0.1096,GTATATACATTGTCAC,S115K,1,1
-3.83,0.2644,GAACTTAAGTCCTATT,T65I S247L,2,2
-3.831,0.1284,ACCGACCTGCATACCA,I395Y,1,1
-3.832,0.145,TAAATGAAATCGAAAC,D366Q,1,1
-3.832,0.145,TTGTCACTCTTAACTA,R224I,1,1
-3.832,0.09172,TCCTATCCAAAACCTA,Q75H A163T E344F,3,4
-3.834,0.1954,GAAGATAAGCCTTCAA,G330W,1,1
-3.834,0.02628,AGTTTCAAAGGTTAAC,D186P,1,1
-3.835,0.00586,TGTCAATATAATACAA,L428G,1,1
-3.836,0.1045,CAATGACTGATTAAAG,I58P,1,1
-3.836,0.1549,AGGAGATGTTTCTTGA,K450V,1,1
-3.839,0.1449,GTGAATTTACAGAAAA,L367D,1,1
-3.84,0.07131,AACCACTTACCTTTAA,L59N,1,2
-3.84,0.2139,AATTGAACAAAAGTGA,E403G,1,1
-3.84,0.04279,TCTATAAATCCGTCGT,T12N,1,1
-3.84,0.03279,TATACAACAAAAAACA,R255W,1,1
-3.842,0.09168,AGCTTCCGGCCAAAAA,G463W,1,1
-3.842,0.4084,GGTATCAGGAAATTTG,Q191F,1,1
-3.842,0.4084,TGGAACACAGGTGGAG,V204L S205M,2,2
-3.843,0.06705,ATTTCTTATGCGACTG,S231T N464W,2,3
-3.844,0.0207,CTCGCATCCAATAACT,H183V,1,1
-3.845,0.09557,TACAACTCTTTACAAA,L86Y,1,1
-3.847,0.1796,AGGGCCAATAAAGTCC,A373M,1,1
-3.847,0.03774,TACGAAACTTAGCTTA,I58S,1,1
-3.848,0.01426,ACCTTTATTATCTGTC,A459C,1,1
-3.849,0.05684,TCCTTCCCAGTTTAAC,T318R,1,1
-3.849,0.1361,CGAATAACATTTTCCC,M462S,1,1
-3.85,0.05987,ACCAAAAATTAAGAAT,I58S,1,1
-3.85,0.1095,TGGCTAGCAGTACCAG,D60H,1,1
-3.85,0.08164,GTTGCATTCTACATTA,H17M,1,1
-3.851,0.04045,ATGATAGCCAAGTAAA,F148H,1,1
-3.851,0.02212,ACAGAACATAATATGA,A196Y H355C,2,2
-3.851,0.06324,AATAAGCCCGTACACC,K326N Q363R,2,2
-3.852,0.1044,CCTCATACCGCGACAC,D441L,1,2
-3.852,0.02789,AATACGTTTGAAACCG,S266K M462I,2,2
-3.853,0.01287,TTACTCATGCTCCGGC,Q371H,1,1
-3.853,0.2993,AATAAGTTTTCGGAAG,N445W,1,1
-3.853,0.2993,GACAAACGCACAGGAT,W234Q,1,1
-3.854,0.1952,ACAATAAGTAACGCTC,A39T,1,1
-3.854,0.0248,CGAAACTGCGCTAATC,E432T,1,1
-3.856,0.04534,AAGCTACTATAAATTG,D438L,1,1
-3.857,0.08802,ATGATCACAACGATTG,N341W,1,1
-3.858,0.4987,AAACATAGACAGGAAA,L59W,1,1
-3.858,0.1662,AGCCACATGCAAGACA,N22V F392V,2,2
-3.858,0.09975,TCCCTAAACTGACATA,R220V I418M,2,2
-3.859,0.03972,ACCGTAAATCCATGAA,A196W,1,1
-3.86,0.04627,TTACTTACTAAAAAAC,E35D S145C,2,2
-3.86,0.04195,TATCTCGGAGGTTATC,E89Q,1,1
-3.86,0.03053,TCACCCTTAATTTTGG,N285M Q311P,2,2
-3.86,0.05043,AGTATTAGTACAATAT,S124G L427S,2,2
-3.86,0.03012,CATACCATTTGCACAT,R109C,1,1
-3.861,0.02087,TAACAAGACAATGTAT,R229Q K368C,2,2
-3.861,0.06148,AGAACCAAAAAACACG,D241Q,1,1
-3.862,0.2137,GCCGACCCACATCAGT,I226L,1,1
-3.862,0.2137,TTCCAGCAACCAAACC,L243W,1,1
-3.862,0.04626,CATGTCATAAGTACAT,M462W,1,1
-3.863,0.408,AAATAACCGATAAACG,S156L,1,1
-3.863,0.408,AAGACTTGAAATGGTT,H488Y,1,1
-3.863,0.408,GAACGCCGAAAGGCCA,I226Q Q407R L420W,3,3
-3.863,0.02895,AAATTTAAAAGAAAAG,T235H,1,1
-3.863,0.09972,AATCTTATATACTTAC,Y233M T451S,2,2
-3.864,0.03835,TCCTTAGAGCTATTCA,I236N,1,1
-3.864,0.03771,ATAAAAAAGATAAAAA,S9P Y470H,2,2
-3.864,0.02858,CTAAACGTGAGAGAAA,R224Q D438W,2,2
-3.865,0.1213,CTTTGAAGACTACTTC,T10P T235I,2,3
-3.865,0.1795,CGCAAAGTTTCTTTCA,S219T N483V,2,2
-3.866,0.3451,GAACCAATAACTACAC,D73I,1,1
-3.867,0.02507,ATAGAGCCCATAAAAA,L439Q,1,1
-3.867,0.06502,TATTTGAATTATATAT,R299D,1,2
-3.868,0.1547,TACAATAACTTACCTT,T318G,1,1
-3.868,0.0493,CAACTCCACTAACCCC,N341W,1,1
-3.869,0.06902,AATCAGCAATTCGCAC,E359G,1,1
-3.87,0.01278,AAGCTACAATGGGCGT,L431A,1,1
-3.87,0.08796,CAATGGGAAAAAGGGT,L59K,1,1
-3.87,0.2639,ACAAAAGAGTAAATTT,R405G,1,1
-3.87,0.2639,ATTATATAATATGCAA,L381M E390L E396A,3,3
-3.87,0.2639,TAAACATTCCTTAAAA,N133R S262G,2,2
-3.87,0.2639,TCAAAATTCATAAAAA,D186T,1,1
-3.87,0.06501,TCGGCACCTTAATAAC,Y412R,1,4
-3.87,0.03707,TGCCACATCACCATGT,K380M,1,1
-3.87,0.04272,TTACCGTACATCTTGT,M462D,1,2
-3.87,0.08464,TCACATCACACATACC,K380R,1,1
-3.871,0.04115,CGCCTAAAGCAAAATA,D225Q A459S,2,2
-3.872,0.1094,GATCTGACAACGTAAA,N133R,1,1
-3.872,0.2136,AGCAAAAACATTATGT,K131Y,1,1
-3.873,0.069,GACAACCAGAGAGACA,I58P,1,1
-3.873,0.02424,GCCTATATAAAAACAC,I288F D415Y,2,2
-3.874,0.01415,CGACATAACGTAATGA,T206V G479A,2,2
-3.875,0.05155,ATGAATCCTGCAAGCT,P293C S400V,2,2
-3.876,0.07352,AAATTATATATGAACA,L496H,1,1
-3.877,0.06143,ACAAAAATTGAACTCC,E460Q,1,1
-3.877,0.1094,TAGTGCTGAACAACAA,N190G,1,1
-3.878,0.09965,ACAGATGCTTCAAAGT,S247Q,1,1
-3.878,0.09541,GGTTACCATTGAATAT,N133K,1,1
-3.879,0.02622,AAACACATATGTAAGT,V429M,1,1
-3.883,0.4075,AACTCGACTCTTTCTA,,0,0
-3.883,0.2989,AATTATTATCATGACT,E426V,1,1
-3.883,0.3448,ACTTAAAAAGTGGAAA,Y233C,1,1
-3.883,0.2989,AGAATTACATTTCGAG,Q164E,1,1
-3.883,0.2989,AGTCACCGTCCGAAGC,D487P,1,1
-3.883,0.3448,ATCAATCAATTGCAAC,P289K N341M,2,2
-3.883,0.4075,CAAAAACGCACATATG,Q434H,1,1
-3.883,0.3448,CAAAACATAGAAAAAC,T10F F174P,2,2
-3.883,0.6404,CGACATACGCGCTAAA,P239T G333V,2,2
-3.883,0.4075,CGGAATCCGAAGAAAT,A364C,1,1
-3.883,0.1546,CTTAAAATCCAAGTCA,A373G,1,1
-3.883,0.2989,GAATAATCGGTATGAG,L86C Q211K,2,2
-3.883,0.6404,GGTTCTGTGACTATAG,T12N,1,1
-3.883,0.4075,GTTTGAACACTAGCCT,T155I,1,1
-3.883,0.3448,TACCCCCGATCAAAAC,T40M,1,1
-3.883,0.6404,TAGTCCTTATAATTGA,P185V,1,1
-3.883,0.4981,ACAACTAAGCTAAGTA,,0,0
-3.883,0.1281,ACGTCGAACCGAACTA,T485G,1,1
-3.883,0.8966,ATTGTCGCCACTCCAA,D60N,1,1
-3.883,0.2135,CCATGATGGTAATATG,L244G N483Q,2,2
-3.883,0.2637,CTTGCCCTGAATATTA,,0,0
-3.883,0.2359,TCCTCAACATTATAGT,D241N,1,1
-3.883,0.0482,TCCTGTTTTATTAGAA,P74A,1,1
-3.884,0.01228,TGAAATATAAGTAGCT,W234C,1,1
-3.886,0.06896,GAAAGCGGCTGACACA,A11G,1,1
-3.886,0.07115,TTCTGCGAAAGATTTG,D366V,1,1
-3.887,0.02275,TCTATTCGCTAACTGA,D271C,1,1
-3.888,0.09536,AGCGTGACTCATCATG,,0,0
-3.888,0.1093,TAATACTTATCCAAAT,E460A,1,1
-3.889,0.008047,GCCGTCACCATCGCCA,,0,0
-3.889,0.0146,AACGGTTCCATAACTA,N389C,1,1
-3.89,0.1446,ACAATAACTTAAACAA,A69M E410K,2,2
-3.891,0.01691,CAACTATCCCAAAATG,L496C,1,1
-3.892,0.1792,ATGAGGACAAATATGA,R220W E403L S442N,3,4
-3.892,0.09145,TGAAATACCAGTCCTT,H488V,1,1
-3.893,0.1948,TTACGAAAGTACCATC,V406D,1,1
-3.895,0.2358,ACGATTATATTTGAAT,K259D,1,1
-3.895,0.04716,GAAATACAGAACAAAG,T318K,1,1
-3.895,0.08146,CTACCTTCACCTCCTT,R220W N489T,2,2
-3.896,0.03703,GCAACACTTAACGCAT,D438A,1,1
-3.896,0.02928,AGACCGTAGGCCGGCG,E359I,1,1
-3.896,0.2635,GATTTATTTCAGGCCG,K468R,1,1
-3.897,0.0411,AGGCATTATTCAAAAA,A304T L431N,2,3
-3.898,0.09955,ATTAGCCATTAACTAT,L42M K468E,2,2
-3.898,0.09955,TCTTACTAACGGTAGA,M462S G504A,2,2
-3.898,0.2986,GGGCAGCAAAAACATT,H488C,1,1
-3.899,0.08144,ATTCTTATTTTAGAAA,N464W,1,1
-3.899,0.1093,TAAAAATCATATCAGG,T167G E410Y,2,2
-3.899,0.1093,TGAGTGTTCCTGGAAA,P221V K417G,2,2
-3.9,0.3446,ATCGAGGCTACGATAG,T128N K397D,2,2
-3.9,0.3446,CACAATCGGTTAAAGG,Q434G,1,2
-3.901,0.1792,ATCAAATTATAAATCA,A212C E410K,2,2
-3.901,0.1792,CATTTACGACTTCTAC,S205K,1,1
-3.902,0.1947,AATATATTACAGTCGC,V166A S231C,2,2
-3.902,0.1947,TCACAATACAGCACTA,L428R,1,1
-3.902,0.07857,TACAAGAACTAAACAA,S156W,1,2
-3.903,0.04524,AACTTACGTTACTTAT,F338L,1,1
-3.903,0.4071,GATGCATATTGTAAAA,I300G E403V,2,2
-3.903,0.4071,TGTTCATTAACGTTAC,E410K K453G,2,2
-3.904,0.2133,CACTAAATATATAAAA,L427H,1,1
-3.905,0.01653,CCACCTCACTAACTAA,M320L,1,1
-3.906,0.1544,TGATATTAGAAAGACC,D441T,1,1
-3.906,0.03582,CACTAGATATAGTCAA,L66A,1,1
-3.906,0.2357,TTCTAATCCAATTTAA,F467W,1,1
-3.907,0.121,TTAAATATAATCAACT,G362V,1,1
-3.907,0.03471,ATTTTTTTATCAATCC,H56C S358T,2,2
-3.907,0.4975,AAGTGAATTACTATCC,H183I G404S,2,2
-3.907,0.4975,AGACACTTCTCGTTAC,K292V,1,1
-3.907,0.0995,GACCAAGATTCATTCC,G16S,1,1
-3.907,0.4975,TTCAAAAATAATTTGA,,0,0
-3.907,0.02083,AATTTGCGGTAACAGC,S219D K450Y,2,2
-3.909,0.2634,GTCCTAGTAAGATTTG,G362Q,1,1
-3.91,0.01175,ATTATAATCAAGATCT,F192D,1,1
-3.91,0.02227,TTTACAACATTATTCA,D438Q,1,1
-3.911,0.04713,CATAAGAACTCCTTAA,R255G,1,1
-3.911,0.0814,TGATTATACTCCAAGC,Q164E,1,1
-3.912,0.2984,CATTAAACAGGATCCG,K315N,1,1
-3.912,0.2984,TAACTACTTCACACAC,Y100C,1,1
-3.914,0.6394,AAAACGATACTCTATG,,0,0
-3.915,0.05029,TGCAGTTGCTCTCAAT,D461P,1,1
-3.915,0.1658,CATCGAAAAACCTTCA,G379L,1,1
-3.917,0.3443,GGAGTAAGAAAATATT,D271Q,1,1
-3.917,0.3443,TCTCCGGACTAACACT,Y161W,1,1
-3.917,0.06304,CCTAAATTCATTTTGA,Y412A,1,1
-3.917,0.09946,ATGCTAAAAAAAACTA,,0,0
-3.918,0.07852,ATAGATTAACGCATTT,G465F,1,1
-3.918,0.1444,TAAAAAAAACTCCTGC,K450Y,1,1
-3.919,0.0285,AACCTCACCTCGTTTA,I236N,1,1
-3.921,0.1543,TACTAAACTCAAAAAC,G333S,1,1
-3.921,0.03266,CTTACAACAACATAAC,T440F,1,1
-3.921,0.0785,GATAAATTGTTAAGAG,I395R,1,1
-3.922,0.2632,TAATAAGTCCTAACAG,R222H,1,1
-3.922,0.2632,TATTAATAAGTCGGAC,S369Y,1,1
-3.922,0.2632,TTGCAAGTAATGCACT,R109C,1,2
-3.922,0.05664,TTGAATGTCGAATGAA,D60Y,1,1
-3.922,0.1147,AACAGACCAACTAACC,R141P,1,1
-3.922,0.1147,TATGGGACGACAATGT,F332V,1,1
-3.922,0.07335,TGTTCGTCGGATGTAA,D73H,1,1
-3.923,0.4067,TTATATCATACAACGT,H488Y,1,1
-3.924,0.05965,TGCATGCCAAGTCATC,H488Y,1,1
-3.925,0.213,TTAAGGTTAAGTTCTC,L496H,1,1
-3.925,0.09519,AAAGTCTTCCGCGCAC,I230C,1,1
-3.927,0.2982,AAGTTAAATACATTTA,L243A,1,1
-3.927,0.1278,CCGAAACAAAAAATCA,I418A,1,1
-3.927,0.2982,CTCCTTTAACGTCCGA,G240C,1,1
-3.927,0.8947,TAATACTATAAAGTTC,R383Q,1,1
-3.927,0.8947,TACCTAAGGGGAAGCC,F338I,1,1
-3.927,0.05026,ATGGGTCGTGCCTGAG,S247C,1,1
-3.928,0.1542,GTCCAAGAGAGGGATT,L59G,1,1
-3.928,0.0844,GACTACTAAACAGAAT,Q57M S480W,2,2
-3.929,0.2354,AAGAGACAACCTAGTT,M462W,1,1
-3.929,0.2354,GATCGTAATATATATA,F195V,1,1
-3.929,0.1355,ACTACGTTAATAGCCC,G352L,1,1
-3.93,0.02744,GTCATAATCGATCAGT,S378C Y412F,2,2
-3.931,0.04915,GCCACTCAGTAGCTAA,E460M,1,1
-3.931,0.4969,AGAAACCGAGATCTTA,E119G,1,1
-3.931,0.4969,CAAAGCCAGGTATGGA,Q311D,1,1
-3.931,0.4969,GGTTCTGCAACAAGCG,K315I E426I,2,2
-3.931,0.03823,CATTTGTGATTTGCCC,L455I,1,2
-3.932,0.09127,GACTAGACACACACGG,S156I,1,1
-3.933,0.03521,GCGAATCTAAATTTTA,S198A S358Y G465F,3,3
-3.933,0.1278,TAGATTGACTTTAAAA,Q371Y,1,1
-3.933,0.1147,AATATAGGACATATAG,Q173A E443K,2,2
-3.933,0.344,AATCACCCAACGATTA,K397A,1,1
-3.933,0.344,TATAACAATCTAAATC,I29H,1,1
-3.934,0.104,CAACAAGGTACAACTA,S95C Y233Q,2,2
-3.934,0.104,CTCAACTCCGCACCAC,T436I,1,1
-3.934,0.263,CGTACTAAAATGAGCA,A19I,1,1
-3.934,0.263,TACCGCTAAGACTAAA,T187W,1,1
-3.936,0.07844,TATCTTCTCGAATTGC,D241H,1,1
-3.937,0.0648,TTTAGTGATACCAAAC,D415L,1,1
-3.938,0.04516,CAGTTGGCAATCTTTA,G16V E494A,2,2
-3.938,0.09513,CTACCTCCCGTGAAGT,P306M,1,1
-3.939,0.1277,AGAGCTTCCGCACTAT,E432T,1,1
-3.939,0.1656,GTTCTACCGCAATCAG,N152E,1,1
-3.94,0.2353,GAACACCGAGAAGCTC,G49D L194F,2,3
-3.941,0.298,CCTAGTAACGTACTTG,K397S,1,1
-3.941,0.298,GACTCTTTAGTACAGT,E35P,1,1
-3.941,0.04426,ATACCAATAGATACTA,L42M V406D,2,2
-3.942,0.07096,CGATACCGGGATTACT,N216A R222I,2,2
-3.942,0.4064,TCGAGCTCAAAGCAAA,S193N,1,1
-3.943,0.06478,CCCTTATTTAATACTG,L151I,1,1
-3.943,0.1541,TTAACAACATCAATCA,L431N,1,1
-3.943,0.0951,AGAGCCTCAAATTCTA,S480V,1,1
-3.945,0.1277,TAATTAATTTTAAACA,Q191A I418G,2,2
-3.945,0.07575,TTGTAAAAATAAAACC,H184G,1,1
-3.947,0.08763,GTGAAATTTCCCACAC,L496H,1,1
-3.948,0.09508,ATTAATAAAATAAGTC,L409F,1,1
-3.948,0.1039,ATACCCAATTTGCCAT,A495V,1,1
-3.95,0.3437,AACATTGCGGACCAGT,S193F,1,1
-3.95,0.1541,GGAGTATTGTTCCTAA,P215F,1,1
-3.95,0.1541,TTCCATCTACACCAAC,L420E,1,1
-3.951,0.01613,CAGTAGAGTGTCAATC,R222Y,1,1
-3.951,0.2352,CCTCATAACTTATACG,D419H,1,1
-3.953,0.1441,TCCTAGCCTGCAGCAG,Q75V,1,1
-3.954,0.05655,AATCCTCAATTTAATC,,0,0
-3.955,0.07838,AGTATAATAAACGAAA,D32Y A336D,2,2
-3.955,0.2978,GACTACGATTTGTGTA,N296M,1,1
-3.956,0.02021,GGATAACGGTAGCAGT,V130C,1,1
-3.956,0.08429,ATAAAGGCAACCCGTC,K397E,1,1
-3.956,0.08429,CACCCATCTAAGAATA,V490F E494D,2,2
-3.957,0.1276,AACGTAAAGGGTGACT,Q164S,1,1
-3.957,0.1276,AGCCCTAAATCCCTGC,E460A,1,1
-3.958,0.1942,AATCCGCTCTTGCGGA,H56E,1,1
-3.959,0.2627,ATCGTCCTAAACCCGT,G345S,1,2
-3.959,0.2627,TGTACACTTTTGTTTT,Q376D,1,1
-3.959,0.08758,ACAAAAAGCATAACCT,K140E E410D,2,3
-3.96,0.01685,ATCTTTTTGATTACTG,F338L,1,1
-3.961,0.02997,ACACGAAAATATATAA,H56G Q371H,2,2
-3.961,0.03952,ATAGTGATACTACTAG,K2I,1,1
-3.961,0.406,GCAGAATGATACCGTT,T416W,1,1
-3.962,0.04174,GAATAATCACTTACAT,D441S,1,1
-3.962,0.235,TGAGCTATAGCGTAAA,D68G,1,1
-3.963,0.06665,AAATGCTCCACGACAA,L428N,1,1
-3.965,0.2126,GTCCGACAAAAAAGTC,D441M,1,1
-3.965,0.03883,GGATAGGGAGAATAAC,K292G,1,1
-3.966,0.3435,CAAGCGTGTTTTGGAC,,0,0
-3.966,0.06869,CCAATCACAAAGCAAA,S91Y E398K,2,2
-3.967,0.047,TATTCAACTTATAGCC,C139Y,1,1
-3.969,0.8929,AAACCTAAGAAAATAC,E325C,1,1
-3.969,0.8929,ACACTAAAAAGCGGCT,F332S,1,1
-3.969,0.2976,AGTAAAAGATCCAAAA,L70A M444I,2,2
-3.969,0.8929,ATGATTCAATAGTTAT,M168E A336S,2,2
-3.969,0.8929,GACACGAATTCCAACA,S378V,1,1
-3.969,0.8929,TCACTAAATGAGAAGT,V223A D493I,2,2
-3.97,0.02611,ATTCCGTACAACATAA,A364M,1,1
-3.971,0.1653,GCCAGACAAATCACGT,Y178C H355A,2,2
-3.971,0.01751,TGGTAAGCCCATAAAA,P239F,1,1
-3.973,0.2349,AACACACAAAGCTGTG,K468P,1,1
-3.975,0.6376,AACACGCCAATTAGGA,W350F,1,1
-3.975,0.6376,ATATGTACCATGAAAA,E359C E414K,2,2
-3.975,0.6376,GCTTGACGACCACCAA,N38I,1,1
-3.975,0.6376,TATTACGAACTGCCTC,,0,0
-3.976,0.194,GAAACACACCCTAACG,V213D,1,1
-3.978,0.4958,AATGGGTATACCCAGC,L420S,1,2
-3.978,0.4958,ACTATCCCAGGGAGTC,,0,0
-3.978,0.1653,CAACATACAAGTGTTA,S193H,1,1
-3.979,0.09107,AGACCAATAAAACACA,L59C P273E,2,2
-3.979,0.06467,ACACCAAAGGCCCGCA,R255Q E494T,2,2
-3.98,0.04697,CCATGGCGCCATTCCC,D60P,1,1
-3.981,0.00807,AATGCAGATAAGAACC,H488G,1,1
-3.982,0.3432,ACCGTATCCACCAAAA,Q197N,1,1
-3.982,0.3432,AGAACATGAACCCTTA,Q363C,1,1
-3.982,0.3432,CATGAACCATAAGGGT,T187M,1,1
-3.982,0.3432,GGCAAGCATACAACTC,S270V,1,1
-3.982,0.1088,GAATTAACAGGTATTT,E460Q,1,2
-3.983,0.06284,CTGCAATGAGGCAACA,E359D E443T,2,2
-3.983,0.03459,GCCACAAAAAGACCTG,E426I,1,1
-3.983,0.2974,AAGAACACTTATCGTG,V20W Q327I,2,2
-3.983,0.2974,CGCAGACGTTTTCCAA,A334G,1,1
-3.984,0.2624,TGAACGACATTAAATA,S145W,1,1
-3.984,0.2348,GAGAAGTAACAAACTG,I236N,1,1
-3.984,0.2348,TGAACTCATCAAATAC,D68E,1,1
-3.985,0.008217,CCCATTGGCAATAATA,I236N,1,1
-3.985,0.03749,AATCCTCATAACGATC,V182N,1,2
-3.986,0.1784,AGGTCGAACCAAAATT,E426I,1,1
-3.986,0.1784,TTATAGCGGCTACACA,P306M,1,1
-3.986,0.1652,AAACCAAAAGGTCAAA,R299F,1,1
-3.986,0.05248,TATAAACACCAATCGC,F147Y,1,1
-3.986,0.1538,ATTAAACAAAAAAACC,L71A,1,1
-3.987,0.1352,AACATACCCTATACCT,P74A,1,1
-3.992,0.08109,TCTTCACATACAACTT,L381G,1,1
-3.992,0.08415,TACGATTACTTCAACA,D348Q,1,1
-3.992,0.0991,AGTGAGAACCAGCATC,Y412W,1,1
-3.993,0.1205,CAATACAAACAACATA,N483W,1,1
-3.993,0.1351,AGGAACTTATTTACCT,L428M Q434K,2,2
-3.993,0.1351,TCATATTACAGCATGT,E123Q,1,1
-3.995,0.2123,CCGAACAAATCTCTAA,Q191C,1,1
-3.995,0.07823,AAACAAAAAATAATTT,E432F,1,2
-3.995,0.2347,CAAGGGTCCTAAACAA,S205E,1,1
-3.995,0.2347,CTCCGAAGATATATTG,A93W G362A,2,2
-3.995,0.2347,GGAAAAGGGGACAAAA,N285P E410K,2,2
-3.995,0.2347,TTCACACAGAATCATT,F332D,1,1
-3.996,0.01866,GACGTCGATGTCCCTT,W127S,1,1
-3.997,0.2972,AAAAAATTCAGATAAA,N81H G362E,2,2
-3.997,0.1087,ACCTATAATCCATTCA,P221K,1,1
-3.998,0.1143,ATCAGACTAACATACT,I226L,1,1
-3.998,0.343,CACCAACAATCATCAA,S54N G342A,2,2
-3.999,0.1274,GATAATAGCTTGTCTG,S114Q F448L,2,2
-3.999,0.1274,GTTCCACGGACACAAG,S480V,1,1
-3.999,0.4053,CAAGGGTCTTCCTGCC,A106W,1,1
-4.001,0.05245,AACACAGACTGAACTA,K131W,1,1
-4.001,0.4953,AACCTACGTATGATTC,E484I,1,1
-4.001,0.4953,CAGAGGGCGTCAAAAC,I67F,1,1
-4.001,0.4953,GTTTCATAAAGTACCA,I230F,1,1
-4.002,0.1087,CAATGCAGTCCATTTT,G349R R361W,2,2
-4.003,0.0537,GTTCCAGCACAACTAC,G333L,1,1
-4.004,0.01734,TAAAGCATTTCAACAC,N22E P162G,2,2
-4.004,0.0874,CGGAAGAGAAAAAATC,V413C,1,1
-4.004,0.04089,ATCACCATGAGCTATC,Y308W,1,1
-4.004,0.04793,TAGAAAAATAAGATCT,S146K,1,2
-4.004,0.6367,AGCTACTTTAGTGCAT,D73H,1,1
-4.004,0.2122,TTCGAAAACCTTTACC,S107D D408M,2,2
-4.005,0.1351,GGTTCTCGTGCACGCC,G352Y,1,1
-4.006,0.2346,CAGGTATAATCGTTTA,A11D K171A,2,2
-4.006,0.2346,CGACAAGACCTGCAAC,T451L,1,2
-4.006,0.07819,GAAATTTATAACAAAA,L431N,1,1
-4.007,0.1087,GTCAATAATTAAACTA,D441L,1,1
-4.007,0.02462,AAGTCTGCAATGAAGA,Y233I,1,1
-4.008,0.2621,CCTACCTTGTGAACCT,T40W A372F,2,2
-4.008,0.2621,TCATGTCCGAAATCAT,P239W,1,1
-4.008,0.08738,TCGTCCATGAATGTAT,L496R,1,1
-4.009,0.165,TACGGAGTATTATAAA,N152Q,1,1
-4.009,0.02073,AGAAGGTGAATAACAG,G463S K503T,2,2
-4.009,0.09481,CACATAATACACGCCC,I236F,1,1
-4.01,0.06651,TAGTCCGCTCAAAGTT,I288M E460G,2,2
-4.01,0.8912,AAACTCTTAACGTTGT,I34F G218C,2,2
-4.01,0.2971,AAATCGATGAAAGACC,A19G,1,1
-4.01,0.1782,ATGAAGTTATTTTTTT,T206Q,1,1
-4.01,0.8912,CTACCACGCATCAGTA,R383P N475P,2,2
-4.01,0.1782,TATAACATCACAGATA,D441V,1,1
-4.011,0.07073,CATTGTGGCTAATACG,G200E,1,1
-4.012,0.07552,CAGACCAAGCCTACAT,V309S,1,1
-4.014,0.1536,AATTTATAATCATCCA,A19K,1,1
-4.014,0.1536,TACGCTATAGAACATA,S400P,1,1
-4.015,0.06457,TCACTCAGAACCCGAA,S95F,1,1
-4.017,0.2345,AAATAAAAGTATCATT,S145D,1,1
-4.018,0.135,ATACTCACTCAGAATA,Q434G,1,1
-4.018,0.4049,ACAAATACAGACATAA,F392S,1,1
-4.018,0.4049,ATGAAAGCAAACATTC,I418R,1,1
-4.018,0.4049,CCACAACTGCAAACCG,N341F,1,1
-4.018,0.05785,GTGTTCTGAACAACCA,E432T,1,1
-4.018,0.4049,TAACGACGACAAGGCA,K315V S442R,2,3
-4.018,0.4049,TATTCGAAAAAATACG,N382K,1,1
-4.02,0.262,AATAGTCTTTTCAAGT,R90K,1,1
-4.02,0.04895,CTCAGGTTTTATTGTA,V130A,1,2
-4.021,0.05366,TAAGCACAAGGTACTA,Q371Y,1,1
-4.021,0.05004,CTTAACAAACATAACC,K50V A113I,2,2
-4.022,0.1272,CCGAAAACAACACATC,,0,0
-4.022,0.04591,GTTAAGTAAGATTCCT,I335A,1,1
-4.024,0.01656,GAATATACATAACTTC,A138K,1,1
-4.024,0.1142,AGAAATGATATGTGGA,V347C D441S,2,2
-4.024,0.4948,CGAAAAGATATTATGA,D441I,1,1
-4.024,0.4948,CTCCTCGAAAGGCTAA,L154H,1,1
-4.025,0.06646,AGAAACCACTACAATA,D225V,1,1
-4.026,0.04498,AGCCAAAAACTATAAA,S247P,1,1
-4.026,0.1781,CAACATCTACTAGTCA,L154C,1,1
-4.028,0.09894,ACAGGCAGAAGTGATG,S198N T318G,2,2
-4.028,0.01979,GACTCAACAGTTGGGT,S149C,1,1
-4.029,0.0685,CTTTAATTCCAAAAAT,Y161V,1,1
-4.029,0.3425,TACTGCCTCCTGTAAC,H435A,1,1
-4.029,0.3425,TGACTAAACAACAGTT,V429A,1,1
-4.03,0.03562,AGTACGGTCTGAACAA,N296A,1,1
-4.03,0.1349,CTCGATGTTGAACAGT,I58S,1,1
-4.031,0.1203,GTTACAAATACCTTTA,S247C,1,1
-4.032,0.02698,TTAATTGCCAAAAGCA,Q311D A364V,2,2
-4.033,0.01631,AAAACATAAAAATTCT,N152E,1,1
-4.033,0.6359,ATTTCAAACTTCATTT,R354F,1,1
-4.034,0.03297,AACATTCAACACAAAT,D241Q,1,1
-4.036,0.4046,GTGAGAACATCTCGAA,V20W E401G,2,2
-4.036,0.4046,TAGAAACAGATTGGTA,,0,0
-4.036,0.4046,TATATGACCATCACTT,I236F,1,1
-4.037,0.2967,GGCAACTAACATAATC,R109H T313S N498G,3,3
-4.039,0.1648,TAGAAACTAGCGAGAT,R361K,1,1
-4.039,0.08726,CTAGACACGACACAAT,W421Q,1,1
-4.04,0.07064,ATCTATTGGAAACCAA,K397P,1,1
-4.041,0.04406,ATTCCTTAGCCAGCCA,N483R A495T,2,2
-4.041,0.07295,ATGAAAATAAGTAACC,I245W,1,1
-4.042,0.09888,AATAAGGTTGCGCAGA,D60F,1,1
-4.042,0.1085,AAGATAGTTCTAAAGC,S265W,1,1
-4.042,0.1534,GATAATATCATACATC,A113T,1,1
-4.042,0.02379,ATTTATAACTAATCGA,R255C,1,1
-4.043,0.01275,GTGGCCCAATTAATCA,P99H,1,1
-4.044,0.3422,CAAGGCAGTGAAACAT,D487F,1,1
-4.044,0.02697,AAAATACAGAAGAACA,S228G,1,2
-4.045,0.07294,ACACTTATCCTGAAAC,,0,0
-4.046,0.09079,AAATTTAAAAAAGATA,D438Q,1,1
-4.046,0.1648,GCACCACCTATATATA,T203M,1,1
-4.046,0.4943,TCCAATTGAAATCCCT,N250A,1,1
-4.046,0.0754,GTGACCCCCTGAGTCA,L151D,1,1
-4.047,0.05113,GATCGGGACTACCCTT,Y412A,1,1
-4.049,0.1534,AAGATCCTGGTGCGCA,H488G,1,1
-4.049,0.1141,TTTAGACCACCCTTTC,R361M E398K,2,2
-4.05,0.07539,TAATCTCAAAATCTTA,D441S,1,1
-4.05,0.8896,GTATCTAACCGGCTAT,K450E,1,1
-4.053,0.1647,TGGCGCCCTTGGGATT,N341T,1,1
-4.054,0.1348,GGATCTTTTCCCACAT,R261Q Y423A,2,2
-4.054,0.04997,CCAAACAGCCTATACC,Q191D,1,1
-4.056,0.1933,CTATCAAGCAAGACAT,D7H P162H E484H,3,3
-4.056,0.03675,TACATCATAGAATTAA,Y302A,1,1
-4.057,0.06091,GCGGCTTTGGTAATTA,P221K,1,1
-4.058,0.08085,AACCCCCTCGCAGCAT,G49D A138C K387T,3,3
-4.058,0.08085,GATGCAACCCACTGCG,S205D,1,1
-4.058,0.1202,TTTTAAATTAAACTCC,Y233C,1,1
-4.058,0.1779,CAAACTTAGCCAGTCG,L496S,1,1
-4.059,0.0988,GTTGACATGGAAAATA,N159C,1,1
-4.059,0.114,GTATAGCACTCTAATA,I226S,1,2
-4.062,0.2117,GTATAAACACACACCG,S312H,1,1
-4.062,0.127,TGGAAACCGAAAAACA,I3T E172K K397L,3,3
-4.062,0.2117,TTTTGCCCTATACTTT,D73N I160S,2,3
-4.063,0.1533,CATTAACCACACACTA,N424T,1,1
-4.063,0.0511,TTATTATCATAGCATG,L381R F392G,2,2
-4.064,0.1933,CAGTGGTGAACTGGCT,V130S,1,1
-4.064,0.1434,GACCAAAAGGACTATA,N126C L439W,2,2
-4.066,0.1347,GAGCAATTTAATCCAC,T313R,1,1
-4.066,0.1347,GTAATCAATAAAAACA,S378T K468E,2,2
-4.067,0.2615,TCTAAAGTGAGCTATA,I252C,1,1
-4.067,0.08715,CTATCCTCAGATTCCA,R499K,1,1
-4.067,0.127,AAGCGCAGACAAGGCA,G286S,1,1
-4.068,0.4938,ACAATATGAATTTTTC,D60N V323T,2,2
-4.068,0.01335,TCTCACGAAACTTTAT,S247C,1,1
-4.069,0.2339,GATACCAGCGGGACAA,V237A Q434T,2,2
-4.069,0.1532,CAAGACACTGAGTAAA,G333T,1,2
-4.069,0.1532,CAGACGCACCAACAGA,S270M,1,1
-4.071,0.03023,TTGGATATCGCTGGAA,P221E,1,1
-4.072,0.04077,TTTCAGCACTATGGGA,K450D,1,1
-4.072,0.1347,TTTGCTCCGACAATAT,E396C,1,1
-4.073,0.1932,ATACGCTATAAATTAC,I418T,1,1
-4.073,0.1932,TTGAAACGCAGTATCC,L59Y I232F,2,2
-4.074,0.1139,AAAACAGATCAAAACA,Q371F,1,1
-4.075,0.1084,TAAAAAAATCTGGATC,D408P,1,1
-4.078,0.09067,AAAGAGGCTACCATTT,P306M,1,1
-4.078,0.04487,TAATGACTTGTTTATA,K310N,1,1
-4.078,0.2613,ATAAGAAGTCTTTACT,I226Q,1,1
-4.078,0.2613,CGCAAATAACTTAATC,E460Q,1,1
-4.078,0.03672,CAGATATATGTATTTC,I236H,1,1
-4.08,0.07529,AGCTACTGCTGACATT,V88A,1,1
-4.08,0.07529,GACATAAATATAAATA,D225N,1,1
-4.08,0.03612,ACCGAATCACTTATCA,D487T,1,2
-4.08,0.2115,AGTATTCAAAAAATGC,E359D R482S,2,2
-4.081,0.1931,AACAAATGCAAAGCAT,S422A M462V,2,2
-4.081,0.1931,ATCATATATGAAAGCA,M168E,1,1
-4.082,0.08381,ACGAATAGGAAAGTTT,V406D,1,1
-4.082,0.1645,GTATAACAATTGCGTG,Q311N,1,1
-4.086,0.01906,CAATAACACGGATAAT,N341L,1,1
-4.086,0.0728,TGAAGCCTAACAATTC,I29R,1,1
-4.087,0.03063,TAGAATACCGACGCAG,D241A,1,1
-4.089,0.1083,AATGTTTTCAAAAGTG,L381I,1,1
-4.089,0.2114,AGACGACATACTGACA,S205E,1,1
-4.089,0.1531,ATATTAGTCTACACCC,D419T,1,1
-4.089,0.6343,CCAACCACTGTGACAA,H435N,1,1
-4.089,0.3416,CTTAATTACACGCACA,F467W,1,1
-4.089,0.296,CTTACCATATGAACTA,S480V,1,2
-4.089,0.6343,CTTTCCGAAAGAGGTT,L381N,1,1
-4.089,0.1776,GAAAATACATTAGAAA,G275A,1,1
-4.089,0.1776,GCCATAATGCTAAGTG,Y308M,1,3
-4.089,0.09447,GGCTTACATAACTACC,D461L,1,1
-4.089,0.1931,GTACCTATTCCACACT,A196C,1,1
-4.089,0.1931,TACCAATAATTCGGTA,G333A,1,1
-4.089,0.4934,TTCAAAATAGTGATAA,G404V,1,1
-4.089,0.6343,TTCGATCTACTGATTT,N357A,1,1
-4.089,0.8881,GTAAAATCCCCCGTAT,K259N,1,1
-4.092,0.01159,AAATTGGGTACAAGAT,P162F,1,1
-4.094,0.09866,AAAAATTATCCGAGTT,P99A,1,1
-4.095,0.12,CAAAACCGAAAAACTT,L244K,1,1
-4.095,0.1268,CACATAACGACAGCCC,V413Y,1,1
-4.097,0.09059,GATATATAGGTGATTT,R109H N246K,2,2
-4.099,0.03061,GAGAGTTAAAGAGAAG,W127I,1,1
-4.099,0.2336,ACGACTGGGGCCTCAT,V406S,1,1
-4.1,0.04772,AAAAGCTTTACTATAG,N341H,1,1
-4.1,0.01842,ACACCTGTTAAATACA,D73N,1,2
-4.1,0.12,AAAGTAATTACAAAGA,E89Q,1,1
-4.101,0.2611,CCTAAACTCTAATCAA,T206M,1,1
-4.101,0.2611,TCACTGCCAAACCGTC,H435V,1,1
-4.101,0.04483,CAATCTGTTCCTAGAT,F174R,1,1
-4.102,0.07044,GTGTATGATGGACAAT,D438M,1,1
-4.102,0.07275,TTAATTACATTATAGT,K397P,1,1
-4.102,0.2959,TCACAAACGTACATTT,E457K,1,2
-4.103,0.04071,ATAACCCATCCTATAA,A163K G386E,2,2
-4.104,0.1644,GAGCACAACCTGGCTT,L428N,1,1
-4.104,0.3413,AAAACAGCAAACTTTA,K326P,1,1
-4.105,0.03927,TACATAAACACGTCAA,T203C,1,2
-4.105,0.02103,TTTATCATAAATGTCA,S247E,1,1
-4.106,0.02083,TCAATTCCAGATAACC,K171N A336T G352D E449K E494M,5,6
-4.107,0.4034,ACAAGTGCCGACGTCT,G275T P293S,2,2
-4.107,0.4034,ACGTTATTAATACCAG,D60M,1,1
-4.107,0.1032,GTCTCTTCAGTAATAA,V182W,1,1
-4.109,0.1138,AACCTATTGCCTTCGA,V323D,1,1
-4.109,0.2335,ATCGTCCTCTGTAATA,T135P I339T,2,2
-4.109,0.2335,GGTGATTAAAAGATAA,N246K Q407N,2,2
-4.11,0.09439,TTGTCAATACAGCCCA,T313R,1,1
-4.111,0.4929,TTAGTGAATGGGTTAT,T416W,1,1
-4.111,0.02185,AATTACCGAAATTATG,T206M,1,2
-4.111,0.07272,ATTCGAGACAACTAAC,S107V L384A E390Y,3,3
-4.112,0.2609,AGAAACACAAAGCCTT,V88T,1,1
-4.112,0.2609,GACTCATCAGGAAAAT,S247F I374L,2,2
-4.112,0.06621,AGTCTCGCTAACATCA,S369M,1,1
-4.112,0.06621,ATCAGGTCATACGATA,T235H,1,1
-4.114,0.06247,TTGCCATTGTTTCCCT,R261E Q394R V402E,3,3
-4.114,0.1431,GACAGTGAGCCTATCT,R499K,1,1
-4.114,0.1431,TCTACTATGAATATTT,E35K I242Q,2,2
-4.114,0.0448,AATTCTAAAACACGTT,S46R H184K,2,2
-4.115,0.09857,ATGCCAGTCCGAAATC,K397E,1,1
-4.115,0.2957,GGGAATTGCCCATAAC,N216M K310E,2,2
-4.115,0.2957,TCACGACTTAAACCTG,N159E,1,1
-4.116,0.06824,CAAGCCGACCAAATCC,K452V,1,1
-4.116,0.03438,ATTACCATTAACGCAC,D186P,1,1
-4.116,0.02478,CCCTCTAATCACTAAT,D241H,1,1
-4.117,0.6336,ATCTCCGAAAGTTCAT,T313K,1,1
-4.117,0.09051,TGAATCAATCCCGGAT,I274W F353Y,2,2
-4.118,0.1643,TATGCTTCTTAGAATT,V323Y,1,1
-4.118,0.08368,AAAGAACATCCCAGAA,N122F V309A,2,2
-4.119,0.3411,CAGTAGCACGACTGTT,L86Y,1,1
-4.119,0.3411,GCTTAGTCTCGATCTA,W343* D408R,2,3
-4.119,0.3411,TTAAACTATCCATATA,A138H N489A,2,2
-4.119,0.09855,TAGCTAATCAATGAAA,H183A,1,1
-4.119,0.05343,ATAATGAAAGCAGAAG,R354S,1,2
-4.119,0.2334,AAACCGAATACATACA,K472S,1,1
-4.119,0.2334,ACAATGCTATGATAAA,N341H,1,1
-4.12,0.04768,TTGTTAAATGGCCCAC,Y100A,1,1
-4.12,0.01887,GCAAGCCAACGTTTTC,D366Q,1,1
-4.12,0.1198,CTCGTTTTTGTATTTC,G333Q,1,1
-4.122,0.1928,AGTGAGACACTAGTCT,R229Q I395Y,2,2
-4.123,0.2608,AATGAACAACTAATGA,T187W,1,1
-4.123,0.2608,GACACATAATCATGAT,S247M,1,1
-4.123,0.1137,TTAAAAAAAGTGGCAC,T235H,1,1
-4.124,0.4031,AGCAGGCGAGTAACGA,V309S,1,1
-4.124,0.4031,CAAGATTTTCCAAACC,Y470L,1,1
-4.124,0.4031,CACCTTGTACACTAGT,I267D,1,1
-4.124,0.05758,GAACACCACTAATACA,R109H N126D,2,2
-4.124,0.4031,GGAAACTAGGCTTCAA,V26T S145R S400R,3,3
-4.125,0.1642,AGTAAAAATAAAAATA,N298M,1,1
-4.126,0.143,GCTAAGACTAAACTTA,I242P,1,1
-4.127,0.01024,AGAGGGGTAGCAGATC,I335M H435Y,2,2
-4.127,0.8866,ATCGTATTCAAACCGT,G333V,1,1
-4.127,0.04222,CTACGCAAGGAAGAAG,G5V S270N,2,2
-4.13,0.1343,CGGAAATCTGAAATCT,T318G,1,1
-4.131,0.1927,GTAACCTCCTCTAAAT,W234T,1,1
-4.131,0.05095,ACAAGCAGATTGAACA,I29M,1,1
-4.131,0.1081,CAAGTAAAAGCAAATC,N158P K315I,2,2
-4.131,0.4925,GTAAACCGGTAGATAC,S146L,1,1
-4.132,0.09045,TTACGCAGCTATCTTG,E403Y,1,1
-4.132,0.01855,ATACAGCAAATTGAGC,Y100H Q356D,2,2
-4.133,0.07776,CTCACGAGATACGCTA,N458V,1,1
-4.133,0.0534,ACGGTTAGACAAATGA,E35W A138G,2,2
-4.134,0.2607,CCAAGTCGTCTGATCA,T318R,1,1
-4.134,0.0197,ATCTTAGAATATTATA,Y412K,1,2
-4.134,0.08058,TATCCTCATTCGTAGT,F258M,1,1
-4.135,0.04665,CTTAACTCACTAGAAC,G463H,1,1
-4.135,0.1198,AGATGCACCCAGTTTA,Y100T,1,1
-4.136,0.1081,AATGTACTCACCCGAA,S156W,1,1
-4.136,0.09044,TTTACCCTCTGAGTAT,R299L K452E,2,2
-4.138,0.1429,ATAGAAATGTACCATT,S422M,1,1
-4.139,0.07774,TAATGAAGGATGACCC,P21R N424A,2,2
-4.14,0.2954,CCCCTCATATTCCGAC,L86F R92M,2,2
-4.14,0.1081,TTTACAGCGGACTGTC,M268G,1,1
-4.141,0.04141,ACTGGTGCGAATCTTA,Y100H I242H,2,2
-4.141,0.4028,TCATAAAGCTTTAAAG,N22I G337S,2,2
-4.143,0.6329,AAATAGATATTACAAA,S107H S480V,2,2
-4.143,0.09041,AGAAAGTAGAGAAATA,D60F,1,1
-4.143,0.211,GATACAAAGTACTGCA,T206K,1,1
-4.145,0.04064,GTACCGATACCACTCA,P227D,1,1
-4.147,0.06814,ATCGGAGGTAGCTTTA,P221D,1,1
-4.147,0.3407,GTGAAACAACGATTAA,A334L,1,1
-4.147,0.3407,TAAATCTTACGGTAGA,W127I,1,2
-4.149,0.04662,AACGTGCCCGTCCTTC,R299T,1,1
-4.149,0.108,ATCCTTGCATCCCGGT,L428N,1,1
-4.15,0.05905,TGTAATGCTTATGCGA,P74A,1,1
-4.15,0.08356,TGACACTGAACAAGTC,E460L,1,1
-4.15,0.1429,ATTCCTTATATTTCGA,K278V K380A,2,3
-4.15,0.1197,AACAAAAGGAAAACAA,D441H,1,1
-4.15,0.05752,ATTTACGGAAGGAGTT,R299H,1,1
-4.151,0.08052,GGATTATTTAATAGAA,R220I P221H,2,2
-4.152,0.02895,GTTCAGACATCGGAGG,R229T,1,1
-4.152,0.2952,ATGAAAGTAATTACAT,V130S,1,1
-4.152,0.2952,CCATACACATTGCCGA,Q210K T313C,2,2
-4.152,0.4921,GAAATAATAATTGGTC,W234T,1,3
-4.152,0.07769,GCCAACATTTATGTCC,K380A,1,1
-4.152,0.4921,TAATGGTACCGCTGAT,H17R,1,1
-4.153,0.01121,CAACAACAAGACCCAA,L71K,1,1
-4.153,0.09422,GCACCACCCGTTATTA,R307K G386E,2,2
-4.155,0.1925,TAAAGCAAGGTCATGT,N296I,1,1
-4.155,0.04299,AGCTTTCCATGTACTA,E35R,1,1
-4.157,0.03232,ATAAAATTAACCCAAC,N152Q,1,1
-4.157,0.04975,CGTAACAGAGCTTTAA,Q191K,1,1
-4.157,0.1771,AAACCGTGAGTCCTCT,F148L,1,1
-4.157,0.1771,ATAAGGGTAAGTTGCT,H435V,1,1
-4.158,0.4025,AAAGCCACAAATATAG,W234C D366N,2,2
-4.158,0.4025,CCACATTCCCTACAAA,Y412D,1,1
-4.158,0.4025,TCGGTACCACCCGAAG,R141C,1,1
-4.159,0.06811,CAGTCAAAATATATTA,Q356G,1,1
-4.159,0.03486,CTCGAGTAAATAGTTC,L118N,1,1
-4.159,0.164,AAACAAAAACATAAAG,S247E,1,1
-4.159,0.164,GAACTCACAAACATAA,R299H,1,1
-4.159,0.1265,CCATCTAACCATCATC,S96P Q356W,2,2
-4.161,0.1527,AGCTACCATGTAACGC,G249S,1,1
-4.161,0.2108,TCATAACTAAAGCAAA,R383P,1,1
-4.162,0.3405,AATGGAAAACCACAAC,I34Y,1,1
-4.163,0.0372,AACTAAACCGGCCCTA,H435M,1,1
-4.164,0.2951,ATTCTGAGAGACTGAA,E460M,1,1
-4.164,0.8852,TGGAAAATTACTTGGA,V204G,1,1
-4.165,0.07765,TTTAAAAACTGAGAAG,N133K,1,1
-4.166,0.2603,AAATCCTCATACAAAT,I274N,1,1
-4.166,0.2603,CCTCCCTCCCAGAAAC,N158C,1,1
-4.167,0.05748,CACAAGAAGAGAATTG,R383W,1,1
-4.168,0.1428,TGAGCAGACTTTGGCT,,0,0
-4.169,0.0354,AGAAGAGTTTCTTAGG,F125I S358A,2,2
-4.169,0.06062,CTCCAACCCATGATTA,D348L E390G,2,2
-4.169,0.09416,AATCCTGTAGTCTAAT,P21R G333Y,2,2
-4.17,0.6322,AAACGGTATAAGCTCC,K131H T318K,2,2
-4.17,0.05747,CATGTTTGTTTAAACA,F195M,1,1
-4.17,0.2107,GATATCCTACCAGCGA,K259G H488A,2,2
-4.17,0.2107,GTAAATGAACAAATCA,N341Y,1,1
-4.17,0.08677,ACGCTATAGCGCTATC,D73L,1,1
-4.171,0.1924,CAAAAGATTCAAAAGT,R150I E398K,2,2
-4.172,0.4916,AATTTGAGCGCGAAAC,M268C,1,1
-4.172,0.4916,ACCGACACACTAAACA,Q132C,1,1
-4.172,0.4916,CACACACAATATTAGA,Y302T,1,1
-4.172,0.07023,CCTAATCCCATGACAC,G49S N285W,2,2
-4.173,0.03183,CGGCTAGTGGGGCCTA,Y412K,1,1
-4.173,0.06807,CCTAGCATCAAAGACC,A113M,1,1
-4.173,0.03657,ACGAATACCATGAGCC,V406A,1,1
-4.173,0.0301,CGCCACGAATAAGTTG,R92Q D438S,2,2
-4.174,0.03986,CAACGTAGACACACAT,A39F,1,1
-4.176,0.1079,TACACAAGAAACAATT,V309M,1,1
-4.176,0.2949,AATATTACCTTACTTC,I236F,1,1
-4.177,0.09028,CTTTGTTTTAATCGAC,P239L,1,1
-4.177,0.03847,CCATAACCAAGACATC,Q191Y,1,1
-4.178,0.04861,CCATTGCACTTCTCAT,P74A,1,1
-4.178,0.2328,AAAGTGGAGACATTTA,I242C S422N,2,3
-4.178,0.04657,GACATTGAAAAACATA,R201N,1,1
-4.178,0.2328,TTCACAAAATGAAGCC,N152Q,1,1
-4.179,0.1769,AATAACATCACACCAA,F332V,1,1
-4.179,0.1769,TAGAAGTGTTGACAAG,D438Q,1,1
-4.179,0.05745,GTAAAACATTGTTTAA,S266D I385R,2,2
-4.18,0.0983,ACATCGCGATAGTAGG,R150P,1,1
-4.182,0.04294,AAGCAGCCCAATCAAA,K452I,1,1
-4.184,0.02891,CCAAAAATTTTAAACA,G16V Q356V,2,2
-4.185,0.1427,AGGCTACAACCTAAAC,N152E,1,1
-4.186,0.1638,TTCCAAAGTACACCGA,R492K,1,1
-4.186,0.1769,TAGAGAGGGTATCAGG,S156I,1,1
-4.186,0.022,CATTATACAATTGGTA,H17K,1,1
-4.187,0.07758,TTGATCGGTCATGGTA,M346F,1,1
-4.188,0.05459,GTAGAAATAAATTAAA,D186F,1,1
-4.188,0.2948,AAAACAATCGAAAAAC,R224L,1,1
-4.19,0.02928,CAGAAACTTCATCAAA,G360D Y423T,2,2
-4.191,0.402,TGTAAACATATAAATA,V213D,1,1
-4.192,0.4912,AATTCGTCTTGAGGTA,S287N,1,1
-4.192,0.09825,CCTCTGATACTATCTT,A69W,1,1
-4.193,0.1768,ATGTAAGAATTATGTA,L70S,1,1
-4.194,0.01086,AAAAAATAACTCGATA,T155I,1,1
-4.194,0.1134,ACGACGTCCCCTCGCC,E460S,1,1
-4.194,0.1922,ACAAGGCAAGATATCT,Y100C,1,1
-4.194,0.1922,ACAGCGATATCCTGAA,E494W,1,1
-4.195,0.09022,AATCTACAGAATACGA,M462W,1,1
-4.195,0.6315,GTGAAATGACCATTCA,S205R,1,1
-4.197,0.1426,CACCGAATAGACACCA,P103T F192E,2,2
-4.197,0.1426,GATTTGTACTTGACTT,H435G,1,1
-4.198,0.26,ATTATATAGAAACAAA,S137I D415Y,2,2
-4.198,0.08667,CCTAGATATTTCACAT,H17K,1,1
-4.199,0.0902,TTCATGAGATCAAAAA,R499K,1,1
-4.199,0.04857,TGCACATAAAAAAGTT,A495H,1,1
-4.199,0.04376,AAAGCCCTTTTTCGAG,Y161K,1,1
-4.2,0.09404,CAGATTACCAACCTCT,L431R,1,1
-4.203,0.1426,TTTCAAGCTTGTGCCA,G362M,1,1
-4.203,0.3399,TCAAACAATGTTATAG,F332M,1,1
-4.204,0.2104,CCACCAAATATTTACC,K450C,1,1
-4.204,0.08338,TTACGATAAGCGGTAC,E426I,1,1
-4.205,0.1263,CCCCACCAAAACACTA,R307P E398K,2,2
-4.206,0.1637,GTGAGAAAGCATCTCA,I274A I502M,2,2
-4.207,0.4017,GTCACGTAATGCATTA,R150F,1,1
-4.207,0.01693,TTATATGTTGGCAATT,D419H,1,1
-4.208,0.09819,AGGTAAATTATTCCCA,L59C,1,1
-4.209,0.2599,ATTACCCGTAACTCCC,Y302R,1,1
-4.209,0.01319,AATCATGCAACAGTCT,F192D,1,1
-4.212,0.2945,AAGCAAGACTAGTTAA,E344R,1,1
-4.212,0.2104,AATTACCACAGATACG,T155C,1,2
-4.212,0.2104,AGCTGAACGTGATCCC,P99G K452R,2,2
-4.212,0.1339,CTCCCTAATAAACCCA,R224Q A476C,2,2
-4.212,0.2945,TGTACATTATCTAAAA,V36T,1,1
-4.212,0.4908,AAACAAAACAAAACGT,Y302R Q327R,2,2
-4.212,0.0775,AGCAACAAATTAGCTA,K380L,1,1
-4.212,0.1636,CTATGAAGTGCATATA,A106S,1,1
-4.214,0.05322,AATCCAGAGCCAAACA,I25L A430F,2,2
-4.215,0.09398,ACGTGAAACTCAGTAC,F448Q,1,1
-4.215,0.06402,TTACAAAACCAATATA,E325F E398K,2,2
-4.215,0.05591,ATAATAAGGAGTCCTC,T206V,1,1
-4.215,0.2325,GGGCTATTTACAACTT,E119G,1,1
-4.217,0.06795,AGTGGAATAATAAAAA,G23R,1,1
-4.217,0.09014,CATAGACCCAACTGTA,N483C,1,1
-4.217,0.192,TAACCTGAAAAATTAC,L316V,1,2
-4.218,0.07011,TAATACAACACGGGAT,N464A,1,1
-4.218,0.04553,GAAATTACCAACTCAT,G360S,1,1
-4.218,0.0244,CAATTCAGATACCCAA,E280K E460I,2,2
-4.22,0.03979,ACTATTAACACCTGTA,G333T,1,1
-4.22,0.04373,GTTGCCGCTGTGCTTA,Q210W,1,1
-4.221,0.1132,GTATTAATGCCACAAA,R33S P99S,2,2
-4.223,0.03908,AATTTTAGTCTCTAAT,S115G F120I S156R,3,3
-4.223,0.04648,TAACAGTATTTAAGTA,I29H,1,1
-4.223,0.4014,AAAAGAAAGTTCTCAG,Q434K,1,1
-4.223,0.4014,CTGACCATATACCCCA,D487P,1,1
-4.224,0.2944,AAACATCACAAATTGA,D375Y,1,1
-4.224,0.2944,AAGAATCAGTTCAGTA,R482N,1,1
-4.224,0.2944,TATATCAGAGATTACG,T436C,1,1
-4.225,0.1635,TTAATCAAGCAATACT,A212T L314C,2,2
-4.225,0.04961,AGGCAAATTCCATTCA,E35G,1,1
-4.226,0.0532,ACAGCATTCCAACTTT,F195Y,1,1
-4.23,0.3396,ATCCTTAGCACCAAAG,N22M,1,1
-4.23,0.1132,ATAGCAGGGCAGACGC,D104T E398K,2,3
-4.231,0.009966,CCCTTCGACTGCGTTC,A425L,1,2
-4.231,0.06589,GACGCACACACGTAAA,N285S G465Y,2,2
-4.232,0.4905,CGACCGAACTTTACCC,L367D,1,1
-4.232,0.1635,TCATCGAACTTTACGA,L314C,1,1
-4.234,0.03976,CTGTACTATGGCAACA,S205E,1,1
-4.235,0.05587,ACACAACCCATTAAAC,L420C,1,2
-4.236,0.8827,AAAGCAACAAAATAAT,T436S,1,1
-4.236,0.8827,AACCGATGGTCAAACA,L157C,1,1
-4.236,0.8827,ACACCAGGTTTAGGAT,K397G,1,1
-4.236,0.8827,ACACGGTGTAAACCAC,S95F T318I G479C,3,3
-4.236,0.8827,GTAACATCGCTTGGCA,N498T,1,1
-4.236,0.8827,TCAATAAAACCGTAGC,W234L,1,1
-4.236,0.1076,CGAAGCACAGCTACAA,W234C,1,1
-4.238,0.1634,ACACACTCGAACCTAC,S114P,1,1
-4.238,0.1634,ATAGTTATATTAAAAT,Q132K,1,1
-4.239,0.4012,CCGAACCGTTATAACG,N382S E432C,2,2
-4.24,0.2596,CACATAAAAGAACAAA,R90K P289N,2,2
-4.24,0.04549,AGTACAAATAACAATT,K207R L409Y,2,2
-4.24,0.01605,CATGGTTAAAACGCCC,N424Y,1,1
-4.24,0.1522,ACAGGTTGGGATATAG,G352M,1,1
-4.24,0.05072,ACTAGCGCACGAGCTA,L431Q,1,1
-4.24,0.1522,TTTAATGAGCCAAAAT,Y412K,1,1
-4.241,0.1261,AAAAGAAGTTAGGTCA,K259D,1,1
-4.241,0.05731,GCAATAATGCACCCAG,L244K Q501M,2,2
-4.242,0.04284,CAAGCCGACATAACGC,Y233W D461N,2,2
-4.243,0.1765,ACTTGAGTGTCAACGC,S270M,1,1
-4.243,0.2322,TCATATCTAATTTACT,D225V,1,1
-4.243,0.09805,CCGTCTAAGAAGATCT,R255C,1,1
-4.245,0.1634,AAAGCGGCAACTATGC,G465Y,1,1
-4.245,0.6303,CTATAACAACCGATGT,D104F E344H,2,2
-4.245,0.6303,TTAAATGCCCGAAATT,,0,0
-4.249,0.1337,CATCATTGCGAGGATA,R109C Q376G,2,2
-4.249,0.05882,GACTAAATCAAAACAT,P221K,1,2
-4.249,0.1764,GTCCGTAAAACCATGC,Y257A H435N,2,2
-4.25,0.2595,AACACTTTCTGCCAAA,N464M,1,1
-4.251,0.1192,TTAATTCTTATTTTAC,H488V,1,1
-4.252,0.2321,CTTTTAATCCGCCGAC,I179A,1,1
-4.253,0.1423,TCTTTACTATACACAA,A430F,1,1
-4.254,0.4009,ATTACTCTAGAAATGA,E426K,1,2
-4.254,0.4009,ATTCTGACGTCAAATG,Q75P,1,1
-4.255,0.1917,GTAACTAGACAAACGC,E457Y,1,1
-4.256,0.05313,CGAATATGAACTCAAC,A425L,1,1
-4.256,0.09,CCATTCCGCGAGTGAC,L496W,1,1
-4.257,0.04282,CCAGTAAGAATCCCAA,I226L,1,1
-4.257,0.3392,TGCACTGCCGCATGGC,S193K,1,1
-4.257,0.02051,AAAATAGGTTAACACC,L381I,1,1
-4.257,0.1633,TAAATCTTACGCCACA,R33I E359W,2,2
-4.259,0.294,GAAACATGGACATAAA,I374D,1,1
-4.259,0.09799,TCGGATTTAAATCTAA,T416W,1,1
-4.259,0.1422,CTTGAAATGAACACAG,Q132N L428R,2,2
-4.26,0.1336,TCCTTTGAATATCTGA,K397I,1,1
-4.261,0.1131,CCGGATTAAATTGGCT,L447V,1,1
-4.262,0.07228,CTATCCAAAGCCAAGA,D366Q,1,1
-4.264,0.152,TTTAAAGTGCCAATCA,K292P,1,1
-4.264,0.1422,GGGAGTTTTAATGCCA,P162G,1,1
-4.267,0.08317,TAACAACAGCTTCACA,S91C,1,1
-4.268,0.05311,CTATAGTTCAAGACTA,T436S,1,1
-4.27,0.232,AACAGAAATAACACGC,H183L,1,1
-4.27,0.8815,ACAACAAAAATGGCAC,Q407P,1,1
-4.27,0.2593,AGATTAACCACACCAT,D474A,1,1
-4.27,0.232,CAGCAAGATACAGAGT,S54A H393I S400E,3,3
-4.27,0.4007,CAGTACTAGACCAACA,D85Y,1,1
-4.27,0.8815,CCATGAAACTTATTAG,T12D,1,1
-4.27,0.1632,CTAATAATTATATTAA,N190L G479T,2,2
-4.27,0.232,CTAGAACCGATACACA,V43L,1,1
-4.27,0.2938,GATAAAACTCATATAA,R354V,1,1
-4.27,0.2593,GTAAAAAACGTTGTAT,H488V,1,1
-4.27,0.6297,TAAATTTAAATAAACC,D438S,1,1
-4.27,0.6297,TCTGATACGTACGCCG,L431E,1,1
-4.27,0.06388,TGTCACGCACAAATTT,M268K S480K,2,2
-4.27,0.6297,TTAATTAATAATAAAC,D68Q S369A,2,2
-4.27,0.09378,TTGTAACTAACATGGC,K82E G200D,2,2
-4.27,0.07733,AACCAATGAATAACAT,G465Y,1,1
-4.27,0.06208,ACAAACTTATTCTGAA,S137N K397P,2,2
-4.27,0.4897,TGACATTCCACACCTG,K310N,1,1
-4.271,0.02772,ACAGTAAATTACAATC,G360S,1,1
-4.273,0.0747,CCAATCAAACTTAGAA,G352M,1,1
-4.273,0.0747,CTGGCGGCCAAAACAT,,0,0
-4.275,0.02408,ACGTTTGGTCAACGAA,E426K,1,1
-4.275,0.1259,AATAAACTAGAGACCG,V182Q E443G,2,2
-4.276,0.08314,ATCAGGAAAGATTTAA,D225T,1,1
-4.277,0.08993,CAGATTAACACTCGAA,R299E,1,1
-4.277,0.1916,GGCATACCATTAATTA,S136V,1,1
-4.277,0.1916,TGCAACACGAATAAAA,L59M T65C K121W,3,3
-4.278,0.1025,TATACAGTATTCACCA,Y98N N433L,2,2
-4.278,0.05184,TCTATACCAAACAGCA,T313V,1,1
-4.278,0.05309,GCTAATGACATTAAGC,K131W,1,1
-4.278,0.1075,CCAAAAAGCAAACGCA,W234* N497R,2,2
-4.28,0.2592,AGACTTTTACATGACG,L194V,1,1
-4.281,0.09374,TAGCCTAGCCATCTCT,H488F,1,1
-4.281,0.04042,AAGATATGGGCATTAA,S422M,1,1
-4.282,0.1075,AAAATTTGGCCCCCAC,L243P D487C,2,2
-4.282,0.1632,ATAATAATAATCCCCA,R224N,1,1
-4.283,0.3389,CAGTCTAACTCACTGA,H183W,1,1
-4.283,0.3389,CCCCAATACAGAAATT,L59H K276E,2,2
-4.285,0.09789,TAACATAATGATAGAA,M168N V413A,2,2
-4.285,0.4005,CAAAGGTACCGTAACA,A138M,1,1
-4.285,0.4005,GTGGTGAAAATAAACT,K397D,1,1
-4.287,0.01027,CTGACTCATTCTCTCA,I48C I260N,2,2
-4.287,0.1519,AACCCTAAACAGCATT,W234V G479D,2,2
-4.287,0.05063,CTTGAACCAATATTCC,T135H Q434K,2,2
-4.287,0.1519,TGACATCATCCATATA,R109L,1,1
-4.287,0.0572,TAGAAAGCAAGAACCA,G23N H488E,2,3
-4.288,0.2318,CATTCTTCTGAAACCG,A11L,1,1
-4.288,0.2318,TACTTCTAGTTTAATT,,0,0
-4.288,0.05873,ATATTATAAATCACTA,K292E,1,1
-4.288,0.04276,ATGCATACGGGCAAGT,I232R,1,1
-4.288,0.06034,TACATACCCCCCAAAA,L427A,1,1
-4.289,0.4894,ATAAATCAGGGGTATG,R222M,1,1
-4.289,0.4894,CGGGAAATTCGAATAT,W421E Q454H,2,2
-4.289,0.4894,GACGGCAAAAATTATA,G129D D441Y,2,2
-4.289,0.4894,GTTAGCGCCCATAGCC,L496K,1,1
-4.289,0.0831,TAAAAATGCTTATGCT,P254M,1,1
-4.29,0.1024,AAGTCAAACACCCTGG,G330C,1,1
-4.29,0.1335,TACAATTGAAGCCCAA,Q371I E401K,2,4
-4.293,0.01625,AGAGAAGGACAATCTC,S205Q,1,1
-4.294,0.6291,GGCAAAATGCGCTAAC,T203N,1,1
-4.294,0.6291,TATGCATATAGCCAAC,P99S Q356G R361I,3,4
-4.294,0.6291,TCACTTCACACAAAAT,,0,0
-4.295,0.1334,TACTCTATTAGCAGTT,D73I,1,1
-4.296,0.3387,TTTCCAGCGACCTGAA,L42R,1,1
-4.296,0.09785,TTTCATACAACTGCCA,Q132C,1,3
-4.296,0.2317,GTTGAAGGGTAAACAA,S146L,1,2
-4.297,0.1761,ACCCAACAAAAACTAA,E359G,1,1
-4.297,0.1761,CAGTAAAATTTCAATC,R299Y,1,1
-4.297,0.04735,TAGGGATCTTTAAACT,D419G,1,1
-4.299,0.1258,ATTCGCTAGAGTCTCA,D60W,1,1
-4.3,0.259,CTAGATAATAATCTTT,D85L,1,1
-4.3,0.08633,CTTGAATCATGTTGTG,K380A,1,1
-4.3,0.05573,AAATTACACGACACAA,R222Y,1,1
-4.3,0.05573,AGGTACGTTAGACATC,S137D H393R,2,2
-4.3,0.1334,AAGACCGTCCATTCAA,A196I,1,1
-4.302,0.2096,GGCTTAAGATATTACG,K380A,1,2
-4.302,0.142,CAAGTAAGCTATTTGC,E426I,1,1
-4.303,0.8804,AAACTAAAGAATATTA,G360S,1,1
-4.303,0.1761,AAATATCTAACAAAAA,G463F,1,1
-4.303,0.8804,CCGTAACCTAATACTT,I335T H435K,2,2
-4.303,0.2935,GATCTATTTTTCGATT,Q164G,1,1
-4.303,0.8804,TACCGGGCATCAACCC,V223K,1,1
-4.303,0.8804,TTTTCCAATCAACACA,Q1A T313M,2,2
-4.305,0.2317,CCGATTATAACAGATT,F338Y,1,1
-4.307,0.1074,TGGGCTCACACTATTA,P99L,1,1
-4.307,0.163,CTATCAAATATCAAAA,N94V P162L,2,3
-4.309,0.3385,ATAACTTTTTCAAATC,N94D S95K,2,2
-4.309,0.3385,ATCCTTAAAATAAACA,T206A,1,1
-4.309,0.1129,CCATATAAACTGGCCA,V347G,1,1
-4.309,0.3385,CCTCCAAGGTAGCATT,D438H,1,1
-4.309,0.05433,GTTTTAAGCAAATGGC,Q211C L427E,2,2
-4.31,0.1334,TTTAAATTGACTTCGC,Q164R,1,1
-4.311,0.1189,AGCCATCATAAAGAAA,N464R,1,1
-4.314,0.1913,TAAGATTCACGAACGA,P324D,1,1
-4.314,0.2316,AGCAAAAGTTACTATA,A11R I481V,2,2
-4.314,0.2316,GATTGAAAAGTACATT,K207Y S422T,2,2
-4.314,0.0557,AGAATATCCGAAACAT,E41Q D408Y,2,3
-4.314,0.09778,CATTTATGTAGCCAAA,H488T,1,1
-4.314,0.2933,TCAAACGATATAATTT,I242P,1,1
-4.314,0.2933,TCCCATTCCCAAATAA,F500H,1,1
-4.316,0.02573,ACTCAATCCACAGTAA,E35F E41D,2,2
-4.318,0.6285,TCAAACAGAAGCCAAT,N341H,1,1
-4.319,0.2588,CATACTGCACTGCGAT,Y412T,1,1
-4.321,0.1913,AGAGGCACCCGAGCCC,S146W N498I,2,2
-4.321,0.3384,ACATTCCTAGTTATGA,T128E,1,1
-4.321,0.3384,AGTCGAAAAAATAATG,Q191D,1,1
-4.321,0.04834,GCCTATAATCCAAAAC,K310N,1,1
-4.322,0.05713,CAAAAATAAAAAATGA,S205I G386E,2,2
-4.322,0.0419,AAACATTTCTCACAAA,D461T,1,1
-4.322,0.1257,AAATACCAATCAGGGA,R224M,1,1
-4.322,0.1257,GCAAGTTTATAGGGCA,I179T,1,1
-4.323,0.2315,ACTTGAACAGAAACAC,W84S,1,1
-4.323,0.06982,TTACTGTACCCACAGG,A365T,1,1
-4.324,0.04942,CGAACCCCTAACAAAA,D271G E460K,2,2
-4.325,0.4887,AAACTTGATTGCGAAA,L420G,1,1
-4.325,0.4887,ACTCACGTCCAAATCG,,0,0
-4.325,0.4887,ATTACAAAGGAATTAC,S228G,1,2
-4.325,0.4887,CAAAATCAGGTTACCT,D77C,1,2
-4.326,0.01938,AATGATCTCCCATATC,D60Y,1,1
-4.326,0.08299,GGGCCTACAATGATTA,L66A,1,1
-4.328,0.06981,ATTAGATATATGAAAT,C14N V20L I437L,3,3
-4.328,0.01461,AGGCAAAATGTTGCAA,V88F,1,1
-4.33,0.3998,CGACGCATTTCCCAAC,H183S,1,1
-4.33,0.1333,TAGAGAATCGTCGAAA,A19Q,1,2
-4.331,0.1629,AACACAGACCCTCTGA,Q191E,1,1
-4.331,0.1629,CAAGCTAATTTTAAAA,S205D,1,1
-4.331,0.1629,CAGTTCCATATTTGCG,L194T,1,1
-4.333,0.01937,CTTAACAGACATAAAA,N133V,1,2
-4.334,0.3382,GAAGCATCTCATAACT,D474H,1,1
-4.334,0.3382,GCGAAACACGATAAGA,G362F,1,2
-4.334,0.3382,TAAGCTAACAATGTGG,E494F,1,1
-4.335,0.06372,CAATAAATACCTCGAA,P99A,1,1
-4.335,0.07208,CAATCACTCTAAAACC,D366C,1,1
-4.336,0.06979,GAAACCCCGTACAGGG,M462W,1,1
-4.336,0.8793,ATATTATTTATTTCTC,D77F P239F,2,2
-4.336,0.8793,CCTACCTAGTACACTA,F467W,1,1
-4.336,0.8793,TAGGAGATTTATTATT,I217K,1,1
-4.339,0.1072,CAAAACTTTCGGGACA,K131F,1,2
-4.339,0.1418,AGATCTCTCCCTCACG,F125I,1,1
-4.34,0.1332,CAAACTAAACACTAAA,D68P,1,1
-4.34,0.0389,ACCGTTACCATTGCTC,R492H,1,1
-4.341,0.628,ACTGTCCTAGATATTA,P306K,1,2
-4.341,0.628,AGTAATAGTATACACA,K131T H488Y,2,3
-4.341,0.628,CATTTTACTACAAAGT,K310R L431Q,2,2
-4.341,0.628,GTGAAGCACAACTGAG,G360S,1,1
-4.341,0.2093,TTGATATAAAACCATG,Q210N A425Y,2,2
-4.342,0.1911,GCCATAACACAGTCTA,H184R,1,1
-4.342,0.1911,TATCCCGAAACAAACA,S247Y,1,1
-4.343,0.05709,ACTACTTAAATCTACT,L496H,1,1
-4.343,0.07206,TAACCGTCGTAATCAG,E494W,1,1
-4.343,0.4884,ATTTAAGAAGGCTGAC,I58R,1,1
-4.343,0.4884,TACTTATCTGAACGTC,G352V,1,1
-4.344,0.1516,TTGCCCCATGCATAAC,R482N,1,1
-4.345,0.06021,CTAACTCAACCGACTC,P4H A69R V406L,3,3
-4.345,0.3996,AAATGAAAGAAAAAAA,L420T,1,1
-4.345,0.1332,AGTAACAAAACAAATC,T436S,1,1
-4.345,0.3996,AGTCCACGCAAGATTC,K189G,1,1
-4.346,0.1256,ATGGCACATTATCCCC,I67A,1,1
-4.346,0.1188,GCGCCATATAGTCATG,S149P,1,1
-4.347,0.1072,AAGTTATAAAACACTA,R222W,1,1
-4.347,0.1072,CAGAACTAGACTCATA,H184W,1,1
-4.348,0.2585,TTAAATCGAAAACATT,D348W Q407R,2,2
-4.348,0.04938,CAAATACCATTCCACG,A495V,1,1
-4.348,0.2313,ATAAAAAACTAAACTA,L194M,1,1
-4.349,0.1911,AAATGAGGAAAGGTTA,Y100G N475W,2,2
-4.35,0.1515,ATTCATCTGGTAAAAT,N8A E457G,2,3
-4.351,0.1022,GTGATCAGCTATAGCT,V402K,1,1
-4.355,0.1417,CTGTCAATACTCTTCT,R141Y F332V,2,2
-4.355,0.1515,CCAAACCAGAGAAAAC,I226A I385A,2,2
-4.356,0.191,CTACGAAAGTGGTCGT,P99H,1,1
-4.357,0.02102,AATATTCCACCGAAGA,T248E M444I,2,2
-4.357,0.0505,AAGAGATCGACTAATT,D77R,1,1
-4.358,0.09763,ACCAAGAACTACACAA,P273S Q363G,2,2
-4.358,0.1071,ACCAGGGCGACATAGT,E460A,1,1
-4.359,0.3379,CTGCATAAACACATAG,D186M,1,1
-4.36,0.1331,CAGGCGATCCAGTACG,H18W A430G,2,2
-4.36,0.3994,CGCAAGAAGAAGAATA,Q454D,1,1
-4.36,0.3994,CGGATATATCTAAATG,I339C,1,1
-4.36,0.3994,TACGGAATATTCCTTC,A364V D487T,2,2
-4.361,0.1515,CCTCAAAAGTATTCAA,E414K L428I,2,2
-4.361,0.4881,AGCATCTGACGAGAAT,L194K L409I,2,2
-4.362,0.05049,CTACACGATCACAATA,K131Y,1,1
-4.364,0.2092,AAACAGTCCACATCAC,I217D,1,1
-4.364,0.6275,GCCCGGTTTTGATATG,W234C T328R,2,3
-4.364,0.6275,TACGGTACTTCTACTT,L194A,1,1
-4.364,0.03405,TCGGCCGCAACAAACG,P293S,1,1
-4.364,0.1331,AGAAAGTAAATACAAT,A317S,1,1
-4.365,0.2312,ACATCATTAAGTTAAT,V323E,1,2
-4.365,0.1417,TTAAACCACCCTGAAT,V309A,1,1
-4.367,0.08963,TCATAATCATTGCCTA,W350F,1,1
-4.368,0.04527,AACCTCCATGAATCAT,P185V,1,2
-4.368,0.8783,AGTTTACGAGAGCACA,T12A Y161K,2,2
-4.368,0.8783,ATAACATTAATACCTC,K380R,1,1
-4.368,0.8783,ATTCTCCCAAGCAAAA,I385C,1,1
-4.368,0.2928,CGATAACGTCCATAGA,R109M,1,1
-4.369,0.1331,CTATTAACAATGTTAT,F448R,1,1
-4.37,0.1417,GACTAGGCACAAGCAC,R229C D366N,2,2
-4.37,0.1417,TCATTTCTGCAAAGTA,T318H,1,1
-4.371,0.3378,ACAGGTATACTTGAAT,D186F D487E,2,2
-4.371,0.3378,AGCAGCGACGGCATAT,F500H,1,1
-4.372,0.1187,CACTAAATGAGACTTA,D487P,1,1
-4.373,0.1255,CTAAGCAATCGTAATT,S96E,1,1
-4.373,0.1626,AAGGCGTAGTTCTACT,R109L,1,1
-4.373,0.2311,TCAACATCATCAAATG,D474A,1,1
-4.374,0.04721,AAGGTACAAGTATATA,I232Y,1,1
-4.374,0.133,GAATACCTTGAAGACT,E35K,1,1
-4.374,0.3991,TAAACCAAGATAGAAA,S193Q,1,1
-4.375,0.1126,CATTCGTTCTAAGAGA,Q371S M462C,2,2
-4.375,0.04028,TCAAAGGAAACCGAGA,V323P,1,1
-4.377,0.1909,TGACTCATTTCACTCA,W234C,1,1
-4.377,0.04621,TCTAATGAATGGAACG,H435G,1,1
-4.377,0.1254,TCTGGCATAAGTGACA,L420A,1,1
-4.379,0.133,AAACTTTTTTTATAAG,R92F G463T,2,3
-4.379,0.4878,AATCAATATCAAATCA,L496Y,1,1
-4.379,0.4878,ACTAGAAACCTCTCAT,R499K,1,2
-4.379,0.4878,CTAAGGATCTAGCAGA,,0,0
-4.379,0.1626,CTTTTTTAACAAGTAA,S480I,1,1
-4.379,0.2927,GACAGTCACCTAAAGA,D241N K452M,2,2
-4.379,0.4878,GGTATAAGAATTCCTA,Y308A,1,1
-4.382,0.231,ACATTCCACCTGACAT,H18Q H184T,2,2
-4.382,0.231,TACAGTCCTACAGGTA,K380A,1,1
-4.382,0.09754,AGCATACAATCAGCAG,E457H,1,1
-4.383,0.3376,GTCTAGCGATTAAGTT,R220I,1,1
-4.384,0.1021,GATCAGAATAAAGGGA,D60P,1,1
-4.384,0.077,GGACCACTTTGGCTAC,S228N,1,1
-4.384,0.09338,ACCGACCCAGTATCCA,R255E,1,1
-4.385,0.1626,TCGGCCCGAAAAATAA,E414K N498V,2,3
-4.385,0.01821,CATCACCTCTCTAACG,S266L K391L,2,2
-4.386,0.09753,ACTTTAAAGCATATCA,N341F,1,1
-4.386,0.09753,CCATACTTAACCTGGA,K368T E410K,2,2
-4.386,0.09753,TGCTAGAGAATCACCC,I274H,1,1
-4.386,0.209,CTAGGCCGTCATGCCC,D186H,1,1
-4.386,0.6269,GTAAAGAGAACAGTGA,D73N,1,1
-4.387,0.06181,GTGCGTAGGAACAAAA,V182H,1,2
-4.387,0.1755,AAGCCCGTAACACAGC,S247N,1,1
-4.387,0.1755,CTTAGAATAAAGCTCT,S247I,1,1
-4.388,0.05287,CGAGTGAACTTCGAAG,L59M T235L,2,2
-4.388,0.3989,TCAAGTTGTGCCTAGA,,0,0
-4.389,0.02022,TTTTTCCTTCTGGTCA,S422Q,1,1
-4.389,0.2925,ATGGCAAATTTTGAGA,K131L,1,1
-4.389,0.2925,GCCAAATCCTGCAACT,L367P,1,1
-4.39,0.02274,ATAGCGAGTTGTATAC,I230T,1,1
-4.39,0.1908,ACTAGCTCACTTAAAT,T235H,1,1
-4.39,0.1908,ATGTACCAGCTTAATT,E401K R405D,2,2
-4.39,0.1908,TTTAATACCAGCAGCG,P306R,1,1
-4.393,0.1755,TAACCCCTCAAGAATA,A138N,1,1
-4.394,0.2089,AACAAGTCTAATACCC,I300Q Q371H,2,2
-4.394,0.07977,GCCTACTCCTATGAAG,I335A,1,1
-4.395,0.1125,ACGGATAAACCAATTA,S422E,1,1
-4.395,0.07697,CAATCACTGTATTGTA,T187I Q434G,2,2
-4.396,0.05698,TGCCAGAAGTACAAAA,Q434M,1,1
-4.397,0.1907,CCAGATTCCAATGTAC,Y302A,1,1
-4.4,0.8773,GAAACCAAAGCCAACC,R92M A212V A253V,3,3
-4.4,0.1253,GAGATTTATTCCGGTT,I339C Q434S,2,2
-4.4,0.8773,GTTTATAACAATCAGC,I34Y,1,2
-4.4,0.07976,TCCCATCGAAGCAAAC,N38F N424S,2,2
-4.4,0.8773,TTAAACAGGGTTTACC,R224M,1,1
-4.4,0.8773,TTCAAAGCATAAAAAC,A138V,1,3
-4.4,0.01883,CACGACTAATCCGAAA,R255P,1,1
-4.403,0.07975,GGCTACCGCTAGTGTG,K452V,1,1
-4.403,0.3987,TGGAAAAAAGAATATT,R229H A430Q,2,2
-4.403,0.3987,TTACTCCAATTAACAG,N190V,1,1
-4.405,0.102,ATAATTACCCCATATA,L154C,1,1
-4.406,0.2308,AAAAGTGATATTTAAT,L15P,1,2
-4.409,0.6265,ATAGCATAAAGATAAT,V88C,1,1
-4.409,0.03685,GCACTAACTCACCAAA,R229Q G386E,2,2
-4.41,0.03624,CTAATATACACTTTAA,N170H,1,1
-4.41,0.1906,AGAGAACTGTCGGGAT,I274V Y491H,2,2
-4.411,0.09329,AGTAATCGGCTCAAGG,K292H G463M,2,2
-4.412,0.2579,AACAAAATACTCCAGC,I395A,1,1
-4.413,0.03508,ACCATTGGCCAGGTAC,D241Q,1,2
-4.413,0.4872,CACAAAAATAAGTCTG,K452I,1,1
-4.413,0.4872,TAAAAATATTAGTGCC,S114P,1,1
-4.413,0.09743,TCATAAAAAAAGAATT,V166A I252C,2,2
-4.416,0.08272,TAACCTAACATAAGAG,A364T M444I,2,2
-4.417,0.3985,AAAAGTTGAAGCCATT,E403R,1,1
-4.418,0.06174,ACGCTCACACATAGTA,T206D,1,1
-4.418,0.1753,CCGAAATTACAAAAAT,G333E,1,1
-4.418,0.03452,TTCCTGCGTAACACTA,P99M Q197V,2,2
-4.419,0.3372,CCCACTCTAGAACCAA,I34D,1,1
-4.419,0.3372,GATCAAGTCAATGATG,D175R,1,1
-4.421,0.2578,ACAGAAAAAATAGTAA,L194N,1,1
-4.421,0.02865,CTTAACCTCCTTGACC,D188-,1,1
-4.422,0.1252,CTTTGAGGCGTTTACC,S54Y E494C,2,2
-4.422,0.0769,AATAACGCTCAGTATA,V406R,1,1
-4.422,0.2307,GCACTTGCACCTTCCT,D419S,1,1
-4.423,0.1124,TAATCGTATGATAAGA,T313W,1,1
-4.423,0.2087,AGGTAAACATGCTGAT,A317S,1,1
-4.426,0.1328,ATAAGCTCTCTAAATA,N38W K140V Q371N,3,3
-4.426,0.1184,AATCCCCTAACTGCAG,S205E,1,1
-4.428,0.0202,TACCCTTAATGGAAAT,H17M G404S,2,2
-4.429,0.05156,CAGAAAAATGCTTTCA,S205D,1,1
-4.43,1.461,AAATAAGTTAACTGAA,T440E,1,1
-4.43,0.8764,AATCAAACGAAAAAAA,I252K,1,1
-4.43,0.1623,ACACGCACTTGTGGCA,N165K W234C,2,2
-4.43,0.1905,ACATAGACAACACATA,V204C,1,1
-4.43,0.626,ATAACCAATACTTTCT,G362E,1,1
-4.43,0.2087,ATCCCTATTGACATAA,E325F,1,1
-4.43,0.1623,ATCTTGAATATATACG,F195Y,1,1
-4.43,0.8764,ATGGTATTTACTTAAC,K310N,1,1
-4.43,0.1252,ATTCAGTCCAATCATT,L314F,1,1
-4.43,0.626,GAATCTGAGAGGATCA,G200S N246T,2,2
-4.43,1.461,GACTCGAACAACAAAT,A425V G463L,2,2
-4.43,0.2578,GCTATTCATAACTATA,A495C,1,1
-4.43,0.3371,GCTGTCTAATCTAAGA,Q197N V490Q,2,2
-4.43,0.626,GTCTTAAACTCAAATG,Y105R,1,2
-4.43,0.4869,TAATTTATAATCAGAA,S136N,1,1
-4.43,0.3371,TATTGAACGTAGAATT,M346W,1,1
-4.43,0.626,TCACATAGCACAAATA,N250T,1,1
-4.43,0.2306,TCCTTTAATTTAGCTA,E119F A373T N483Q,3,4
-4.43,1.461,TGAAAAAAGCACACTT,G129A,1,1
-4.43,0.626,TTCTATCTATGTAGAC,,0,0
-4.434,0.0569,TCACAATGCATATAAC,G5C Q191Y,2,2
-4.436,0.1752,TGGCATGCAAACGCCC,S96P Q210M,2,2
-4.438,0.2086,AAAGAAACCTAGTATA,G360E,1,1
-4.438,0.07182,TAAATCTCGCAAATCT,S378M,1,1
-4.439,0.1252,AAAAAATTATCATCAG,D438G,1,1
-4.439,0.2577,TCCTACTTGTAGAAAA,I202P,1,1
-4.44,0.1413,TACGCATAAACCCTAA,L66A,1,1
-4.44,0.292,CGTATTATCTCTCATT,,0,0
-4.441,0.151,TTCAAAAGCTGAATAT,I374C,1,2
-4.442,0.3369,AAAATGTCCAAAATTA,W127M,1,1
-4.442,0.1752,GACTGGAAAACCCACT,S47N T313R,2,2
-4.444,0.0298,TTACGTCTAACTTACG,N165W N483G,2,2
-4.444,0.05544,GAAATTCAGGTAGTCA,S193N,1,1
-4.444,0.03946,GTATGGTCAGACTATC,L70C,1,1
-4.444,0.3982,ACACGCGCTCAACATA,A364Y,1,1
-4.444,0.1327,CAAAAACTGCATAACC,W350F,1,1
-4.445,0.2086,AGATCAAATCACGTTG,Q454D,1,1
-4.445,0.1413,CAATAGGATCAAACTA,V406S,1,1
-4.445,0.1413,TTATTAACTATAATGA,S247E,1,1
-4.446,0.09318,TATATATCAACTTTCA,D441L,1,1
-4.447,0.4866,AAAAAGGAATACGAAA,R222E,1,1
-4.447,0.4866,AACAATGAAAATGATC,D60P,1,1
-4.447,0.09732,TCGCTTCGGTCTGGCA,G333L,1,1
-4.448,0.2576,AAGAAATCTCTAACCT,E119I F500I,2,2
-4.448,0.2576,AGCCACAAATCTGACA,F353M,1,3
-4.449,0.1752,CGGCAGAGACAGATCA,S96V D441F,2,2
-4.45,0.1123,CTGAGTCAAAGAAAGT,I226R,1,1
-4.451,0.2919,AATGCATCCAATAACT,D461I,1,1
-4.451,0.2919,GTACTACATCCGCTGG,I282K T416A,2,2
-4.451,0.2919,TTAACCATCAGAGGAG,T318H,1,1
-4.451,0.03196,GAAATAACTATTACAG,T235H,1,1
-4.452,0.6255,ATAACCTCAAGGAACC,L427E,1,1
-4.452,0.2085,GAAACCAAATCGCGGA,K453E,1,1
-4.452,0.2085,TACGGTCGAGCTTTAC,Q371L,1,1
-4.453,0.05033,TAAAAAACCTAAATCC,V413D D487S,2,2
-4.453,0.08261,AACCTGTTATGGAAAC,L420E,1,1
-4.453,0.1327,AAAAAGTTGTTAAAAG,A196P,1,1
-4.454,0.3368,CAGAAACTCATTCTGC,I300M,1,1
-4.455,0.0796,CTCCACAACACTACAC,,0,0
-4.456,0.151,TGAAATGTTTTTACGC,L59C K368C,2,2
-4.457,0.1903,ACCACAAGAGCTCGCA,D188K R321T,2,2
-4.457,0.09729,AGAATTTTAATACCAT,L496Q,1,2
-4.458,0.398,AACGACCAAACTTTTC,R354Y,1,2
-4.458,0.0796,GAGTGCGCTTTCCATC,S46W Q371L,2,2
-4.458,0.04707,ATAGCCAAAACTATGG,L111N,1,1
-4.458,0.06735,GTGATGTATTCCTACC,A196P,1,1
-4.459,0.2085,AGGTCCTCTTAACCAA,H488F,1,1
-4.459,0.1412,AATAATCGTTCCTACA,S279P,1,1
-4.46,0.8755,AATCCGGCCTTTAAGT,S205V,1,1
-4.46,0.8755,CAACGGAATTGAAAAA,N498F,1,1
-4.46,0.2918,CCACTAAGCATCTGAT,Q132F D438Y,2,2
-4.46,0.09727,CTCCTCAGACTACATA,H184W,1,2
-4.462,0.2304,AGCTAGTAGATTGGGG,N464F,1,1
-4.463,0.07958,CCTATCCAAGCACCTT,I267Q,1,1
-4.465,0.0554,AAATGGATACTCGATA,N126L K453E,2,2
-4.465,0.3367,TATGATTATGCATATA,G342N,1,1
-4.465,0.3367,TGCACATCACGTACAT,,0,0
-4.466,0.2574,ATTATAAAATCCTTCA,G200R R220T,2,2
-4.466,0.2574,CCTCATTAAATAACCC,R109H N126L,2,2
-4.466,0.06164,ACACAGGCAAATATTC,L427Y,1,1
-4.467,0.1509,AACGGAATAATGAAAT,M268S,1,1
-4.468,0.06532,ACAGACAAACTACCAG,A364Y,1,1
-4.469,0.09311,AACTTCGTTGCCAGCA,D68Q,1,1
-4.469,0.1621,AGTTACACTAAGACTA,Q210W,1,1
-4.469,0.1621,GCAGGCAATAGTGAGG,L496S,1,1
-4.469,0.1903,CTACGTTCTCTCTTCC,E344T,1,1
-4.47,0.2303,ACAGGCCCACATATAC,I214L A317S,2,3
-4.471,0.3978,AATACTAAATGCCAAA,N341D E410K,2,2
-4.473,0.6251,CATTAATCGACCCACG,R354F,1,1
-4.473,0.6251,TAAATCATTCTATTGA,R261L L384A,2,2
-4.474,0.1411,AGGCTAATATTAAAAA,V130M D408F,2,2
-4.474,0.2574,CATTACCACTCAACAA,L428E,1,1
-4.476,0.1326,AGATGAAAGATATGCA,I300E S369Y,2,2
-4.477,0.03616,GTTAGCCAAGAACTAC,R255G,1,1
-4.478,0.2303,GACCCATATACAAACA,I267G,1,1
-4.479,0.1411,ACCCAAAAATACACAT,V204C,1,1
-4.479,0.07171,AAATGTGACAAAACCA,L194S,1,1
-4.48,0.2916,AAGTCGCGAACGTATC,K121N T206R,2,2
-4.48,1.458,AATTAACGAAATCCAA,L151W,1,2
-4.48,0.486,ACAGAATGACACATTG,D375V,1,1
-4.48,0.2916,AGTGAAATTGAATTAA,Q197N,1,1
-4.48,1.458,ATTTCATTCCTCTCCA,D348Q Q407D,2,2
-4.48,1.458,CCTCCATTATTACACC,E396K,1,1
-4.48,1.458,CTAACCATTTACGAGG,,0,0
-4.48,0.2083,CTCTTAACCAATACGG,S146K,1,1
-4.48,0.486,GACCTAGTCCTGGACC,Q210P,1,1
-4.48,1.458,GGGCAAACATTGCTTA,N433M,1,1
-4.48,1.458,TAGTAACCTCAAACAG,E325K I331W,2,2
-4.48,0.2916,TATTTAACTTGAGACA,N458C,1,1
-4.481,0.02897,AGCAAACCCAATACCC,N152E,1,1
-4.481,0.0324,TCACTTCGCAATCGTG,L314V,1,1
-4.482,0.125,ACTCACCATTTAATAT,I232Y,1,1
-4.482,0.04418,GGTAATACTACCAAGA,K450D,1,1
-4.482,0.01096,CTCAATACTACTTTAG,N341T,1,1
-4.483,0.08577,TTTGTTATCTAGGACC,G333L,1,1
-4.483,0.0972,CCGAATACAAATCCTA,,0,0
-4.484,0.0717,CCTATTAATAACGCAG,Q371* A430Y,2,2
-4.485,0.3976,TACGCATTTTACAGGG,R456V,1,1
-4.485,0.3976,TATATCCTTGAGTCCC,G349A,1,1
-4.485,0.2302,CAACGTAAAATGGAGT,Q164G,1,1
-4.485,0.2302,GACCCTCATAGTAGGC,D60Y G386R,2,2
-4.487,0.09719,AACATGACATAAGGAC,R383P,1,1
-4.487,0.06942,TCTACCACAATTCTTT,V182W,1,1
-4.488,0.3364,AGAAAACCCTTAAAGA,M346I,1,1
-4.488,0.3364,ATCACTAACTTAATTA,L194N,1,1
-4.489,0.1901,GTATGTATAATTTGGC,Y233H E398K,2,2
-4.489,0.03016,CTCACCTCCCATTCCT,G129I,1,1
-4.489,0.1017,CAAACACATTGTATTC,D438L,1,1
-4.49,0.8746,AACCTAGTGCAAACGC,D271G,1,1
-4.49,0.1249,TCATTCAGATAATTGG,T117D S199N,2,2
-4.49,0.03443,ACCGAAGAAAAAAACA,S270M,1,1
-4.492,0.03675,CAACCAGAATTGCTAA,C281L R321T S400K,3,3
-4.492,0.2572,GGCCTGCTTTAAACAA,L86F K326R,2,2
-4.492,0.04245,AAAATACTGACCAAGG,Q356G,1,1
-4.493,0.2301,AACTAAAATACCGGAC,Q454W,1,1
-4.494,0.6246,CAGATAGCAATAGGAT,T283H,1,1
-4.494,0.6246,CAGTATACTCACATAA,N190W,1,1
-4.494,0.6246,CTCATATCATATGATA,E340Y,1,1
-4.494,0.6246,GCCAATTGGCTAAAGC,D415N I481V,2,2
-4.495,0.1182,ATCAATATGACAAACT,P289C Q295H,2,2
-4.497,0.141,ATATTTGTAAGGACAG,I29H I374H,2,2
-4.498,0.3974,TAACCAATGACATATA,S228L,1,1
-4.498,0.005776,TAAGCCACCTAATAGG,L431Q,1,1
-4.498,0.03287,ATTAGATAGCAGCCAA,R299L D441F,2,2
-4.498,0.05143,AACCTACAAGTGAAAA,D101S V237T,2,2
-4.499,0.1182,TTATACGCCTCAAAAA,N158I,1,1
-4.499,0.3363,AACAAAAGATATTTCG,G249N,1,1
-4.499,0.3363,CAGCCGGTACTTACTC,I202M,1,1
-4.499,0.06726,TAACAGCCATTGTAAA,D101C,1,1
-4.499,0.03674,TTTATTGCCTATTAAT,I274R,1,1
-4.5,0.2571,AGCATTAGATTACACA,T235G,1,1
-4.5,0.04912,ACCATCTGTCACACTC,D366C,1,1
-4.502,0.01756,TACATACCAACCACAG,N424Y,1,1
-4.505,0.05266,CCGAGCAAGATCTAAT,S9V T235H,2,2
-4.508,0.2081,GATTAGTCAATACGAG,D73Q,1,1
-4.508,0.23,GAACTACTACAGCCTC,S136M,1,1
-4.509,0.038,AATAATTTTCTGAACA,T206I,1,1
-4.51,0.3362,CCATACAAAACAATGG,L86F N341Y,2,2
-4.51,0.3362,TACACCGCAACAACCC,I418K,1,1
-4.51,0.1181,TGAGTACGTCATAGCT,V130N,1,1
-4.511,0.3973,ACAAATCACCAAAAAA,I29R,1,1
-4.512,0.1507,ATAACGTCTCGGCTAA,F87M,1,1
-4.512,0.4855,ACACAACACGGCAATA,D241T,1,1
-4.512,0.4855,TACCAAAAATTCGGCC,N22D Q501D,2,3
-4.513,0.05023,TGCGGGATAAACTTTA,A364L,1,1
-4.514,0.112,GGTCATAATATTAAAC,V182E,1,1
-4.514,0.08244,TAGCAGATAGTCTAAA,G129C,1,1
-4.514,0.04009,GCAGAGTAAACCTCAG,N250Q,1,1
-4.515,0.1248,ATCATTAGATCCCTCA,P74S,1,1
-4.515,0.1248,ATTACACGGAACCATC,A364G,1,1
-4.515,0.6242,CAAGCCAGTAAATAGA,,0,0
-4.515,0.6242,GTGACAGCCAGGAAAA,D438L,1,1
-4.515,0.02933,TGTGGAAGAAATCTAC,P4L A425Y,2,2
-4.516,0.23,TAACATCACACCGTAG,G362S,1,1
-4.517,0.01727,ACTTGTCATCACTCGC,S480V,1,1
-4.517,0.03055,AAAACACAGAAGAACA,S228G,1,1
-4.517,0.257,GAAAGTATTAATTAAA,L496S,1,1
-4.519,0.09709,ATGTAACCTTTCCACC,D441C,1,1
-4.519,0.8738,GATTTCAGCCAACAGA,L70S,1,1
-4.519,0.2913,GTTAGGTGCGTAGAAA,G200E,1,1
-4.519,0.01828,TGATAAAATTCTCCTA,I437C,1,1
-4.521,0.336,ATTGGCTTGATACTTG,S205V,1,1
-4.521,0.336,CAATGAAACGGTAAAT,W127I,1,1
-4.521,0.09295,CTGAGAATGGCTCATC,G352M,1,1
-4.522,0.09708,CAGTAAAACTAGAGGG,V406K,1,1
-4.523,0.2299,TCAACTGGGAACAAGA,D487P,1,1
-4.524,0.3971,GGATCAACAACAGAAT,A364N E414K,2,3
-4.524,0.3971,TTAAGATTACCCGTTA,D225V,1,1
-4.525,0.1409,GAACAGCCACAGTTCC,D104W,1,1
-4.525,0.2569,ATAAATATTTTGGACC,M346I,1,1
-4.527,0.1248,ATCTGTATACCTAAAC,E432T,1,1
-4.527,0.1248,TACCTCGTCAATATAC,L367D,1,1
-4.528,0.4853,CATTCAACACAACTAC,P306N,1,1
-4.528,0.208,CCATCCGTCCTATCAC,L496A,1,1
-4.528,0.4853,GGATCCGGAATGAAAT,I267R,1,1
-4.528,1.456,TTTGTTGCCAACAATA,Y351G,1,1
-4.53,0.1747,CCCACACAAGCAAGCC,G181A E359N,2,2
-4.531,0.1065,TGAGGACATATGGAAA,S137D,1,1
-4.532,0.1899,GGCTCTACCTTACTTG,Q363R,1,1
-4.533,0.08239,ACACTATGATATTTCT,R456F,1,1
-4.533,0.07661,ATTAACCTCATACAAT,I232Y,1,1
-4.533,0.118,CAAGTATTGAAAAAAT,I418N,1,1
-4.535,0.05019,CAAAGGATGCACCAAA,L86T,1,1
-4.535,0.2079,TTTACAAAAAGATTAT,L431H,1,2
-4.536,0.07158,CCCCACCTTATTCTAC,R354F,1,1
-4.536,0.06718,AAAATATGTAGAAAGC,M462W,1,1
-4.537,0.3969,ACAGATTAGAGTCAGA,S205P,1,1
-4.537,0.3969,CATGCAACGTCAAACA,T206M,1,1
-4.537,0.3969,GGATATAAAACTATCT,F500G,1,1
-4.537,0.3969,TGTGTAAGAACTTTTC,P239F N475H,2,2
-4.538,0.2911,ACAAGGGTACCTCAGT,R224M,1,1
-4.538,0.2911,ATAAAGTCCAGTCACC,Q132S K450Y,2,2
-4.538,0.04081,ATACCATACAAAACAG,S146R,1,1
-4.539,0.1617,TCTACTACATGCAAAA,S145N E443K,2,2
-4.539,0.1617,TTTCAATCTATCTTGA,N250F V406Q,2,2
-4.539,0.1408,TTCTGTGTCCATAACC,A364C,1,1
-4.54,0.03732,TAAAAGTTCACATACC,E35K,1,1
-4.541,0.1505,TTTCGAGAAGCCCGAA,G263Y Y491H,2,2
-4.542,0.2079,ATAATAGATACTAGTC,R255E R405Q,2,2
-4.542,0.2079,TACACTTGTCCTAGAC,S146L,1,1
-4.542,0.2079,TTTTATGTAAATCAAA,G249P,1,1
-4.543,0.1119,AGACAGAAATCCACGT,A39T D85T,2,2
-4.543,0.03796,CCACAGACTGTCTGAT,N152T,1,1
-4.543,0.1408,AAGACCAAGTTATCAA,R109S D366N,2,2
-4.544,0.485,AATTCTCTGAAGATAA,L194M,1,1
-4.544,0.1617,AGACTCATTAGCTTTA,N133V,1,1
-4.544,0.485,ATCAATATCTATAACC,N159M F195T,2,2
-4.545,0.1898,TTCCCTACATTCTGCC,S91C,1,1
-4.545,0.07156,AGGCAATTAGAACAAC,D348L,1,1
-4.546,0.2297,AACCGCTAGCAACCAC,A334G,1,1
-4.546,0.05669,CACTAACCTCAATTAA,R255G,1,1
-4.546,0.1505,AATTTAATGACCTATC,E35S K315A,2,2
-4.547,0.873,AAAACAAAATATCGCG,L154C,1,1
-4.547,0.873,AACAATTCGGAAATAC,,0,0
-4.547,0.873,TAGTTTGCCGTTCGCG,D461W,1,1
-4.547,0.291,TCGAACATAGATCACC,R92W E403K,2,3
-4.548,0.1408,CACTCACGCATCACTG,L439W,1,1
-4.548,0.2078,ATGACCATCCGCAAGT,D7I P239H Q434K,3,3
-4.549,0.118,TTAACCGAAAGAAAAC,A11L,1,1
-4.549,0.1015,CCCGAGCGGACATAGC,S369L,1,2
-4.55,0.3968,AGGGACTTGAATCTTT,T12I,1,1
-4.55,0.04796,TAACAGGCTGTACAAT,G362Y,1,1
-4.551,0.1247,GGTACCATTAGCATAC,Q197H E432T,2,2
-4.552,0.1179,AGTTTCGATAAACATA,T167D T485M,2,2
-4.553,0.1746,CCAATGCAGTTTAACA,S146R,1,2
-4.553,0.3357,ATCTCATCAAAATAGC,D60L,1,1
-4.553,0.3357,CGTACCGCAATTCTAA,A69T T155E,2,2
-4.553,0.3357,GTACGAACCTATAACT,S378V,1,1
-4.553,0.3357,TAATGAATGGGTAAAA,A138K,1,2
-4.554,0.1322,GAGGAGACTAGATTAC,N38S D408C,2,2
-4.555,0.01957,TCGTTCATACAGAGCC,E494W,1,1
-4.555,0.2078,AGCACACTTAATAAGG,N246L,1,1
-4.555,0.6234,ATTCAACCCTTATCGA,,0,1
-4.555,0.2078,CAGATACAGCTGGAAG,T313W,1,1
-4.555,0.1015,CTCAGCATCACTTCTT,G463E,1,1
-4.558,0.04078,TCAGTTTAAACTGCAT,E35G N53S,2,2
-4.558,0.1322,GATCAATACAATAACG,D104K Y105D,2,2
-4.558,0.01992,AATACCATCGAACTAG,N483C,1,1
-4.559,0.2567,GACGAAAGGTACTAGA,R229P E426K,2,2
-4.559,0.4848,GGTTCTGACAGAAAAA,S247Y,1,1
-4.559,0.4848,GTTTCATGATATCAAC,I274P,1,1
-4.56,0.05977,TCATACAACAGCAAAA,N298V,1,1
-4.56,0.2296,AAAATCCCATGACCCA,T203I S231N,2,2
-4.562,0.3966,AATTAATAGAGCGACA,T388K A430D,2,2
-4.562,0.3966,ATATCCAACCTAATAT,E432K Q434T,2,2
-4.562,0.3966,TACACAGGAAAATTTA,G352M,1,1
-4.563,0.1246,ATCCTAATTTTTCTCA,A163V R261H T283G,3,3
-4.564,0.3356,TATGGACTATATAACA,L243W,1,1
-4.564,0.3356,TGTAGCGCTTGTCGAT,Q210P,1,1
-4.564,0.04077,GAAATAAGACCTGACC,I179C,1,1
-4.565,0.06144,TTTAAAATCCATCCAC,V130C,1,1
-4.566,0.2908,CAGCCAAACGAATAAC,D408C,1,1
-4.566,0.2908,TTACCTATCCGGACCT,S136H,1,1
-4.567,0.07931,CAAGGAAAGTTACCGA,S442R K453H,2,2
-4.568,0.05665,AAATCCATACCTAAAT,S480V,1,1
-4.569,0.1896,AATTTATACATTTGCC,P239W,1,1
-4.569,0.1896,TGCTTGCACCACCTAT,G249R,1,1
-4.569,0.1745,ACGGACAATTTTACAA,S124L V223G,2,2
-4.569,0.02851,ACAAATCACCCCACTC,G62R V182S K276P,3,3
-4.569,0.08552,ATAGGACTTAAAAACC,V20A,1,1
-4.57,0.07393,TTGCTGCGAAAATGTA,T187R,1,1
-4.571,0.03929,TCTCCAAATCTAGTCT,H488V,1,1
-4.575,1.454,AAAGAAGAAAGATCCA,S149C D419R,2,2
-4.575,0.3965,AATTGAAAAATTATTT,Q164T,1,1
-4.575,0.2907,ACAAAAAAGTAAGAAT,V429C,1,1
-4.575,0.8722,ACTTAACCAATAAAAA,K453E,1,1
-4.575,0.1896,AGACGTCTCTAAAAAA,D186W,1,1
-4.575,0.2907,AGCTGTTACACTTCAA,P169R Q363G,2,2
-4.575,0.3965,CTCCCCTTAGTTTCAG,L59M R361I N464W,3,3
-4.575,0.2565,GGAAACGACAGTGATC,A364G,1,1
-4.575,0.4846,GTCAGATTCTATATAA,N464E,1,1
-4.575,1.454,TTGAAAAAAACTCACA,I377T,1,1
-4.575,0.3355,TTGTTGTGAAATATCC,T206M,1,1
-4.578,0.1064,TTAGCAAGACCAAAGA,P162L A373I,2,2
-4.58,0.1615,CACAACGACAACTCTC,K453E,1,1
-4.581,0.2076,ATTCCCTGTGCGTATC,V223K I339S,2,2
-4.582,0.1118,AAATTCAATGGATATA,A19Y G352Y,2,2
-4.582,0.04791,TGAGTGTCACAGAGAT,V20M N296S,2,2
-4.582,0.03433,CATCATAGCTCCAAAC,L427Y,1,1
-4.584,0.09276,TTTCAAACTACGTGAT,A11N,1,1
-4.585,0.1063,AAATCTGTAAATATTG,N165P,1,1
-4.585,0.03007,GACCCGTAATTGACAA,D73M,1,1
-4.587,0.1895,AAAGATCATTTTTTAT,P239G D408C,2,2
-4.587,0.1895,ACGACTTGTTAAAGAT,L151I,1,1
-4.587,0.1895,CCTCTTTCAGTCTAGC,I214D L439E,2,2
-4.587,0.3963,AGACCACCTTACAGTT,I232C,1,1
-4.59,0.4843,ACTACAATATCGAAAC,S46Q,1,1
-4.591,0.2564,AACCTGTAGAAAAATT,R90T,1,1
-4.592,0.07925,ATGACCTTATAAACCT,G463F,1,1
-4.594,0.6226,AAGTCGACAATAAACT,L59W N389L E398N,3,3
-4.594,0.6226,CTCCGTTAACTTTAGC,Q44K E414H,2,2
-4.595,0.06505,TAACCATATCAAAGAT,S193Q,1,1
-4.596,0.07387,AGAAGATACCGTTCAT,A334S,1,2
-4.599,0.2563,AAGGCAGGACCACCTT,I230F,1,1
-4.599,0.1117,ATGACATTTTGGCCCA,I29R,1,2
-4.6,0.3961,CCTGAAAGGTTGAAGA,I202P,1,1
-4.6,0.04686,AGATAACAACCCAAAA,L59K,1,1
-4.602,0.07922,GCCACACCAAGAGACG,N298W L428I,2,2
-4.602,0.2905,TACTAATTCATGCTAG,Y98E,1,1
-4.602,0.8715,TATGATAAGACTTTGT,,0,0
-4.602,0.1743,TTCTGCTAACAAGCAA,N158P E426W,2,2
-4.603,0.1502,ATCAATTTTTCTGGAC,P324D,1,1
-4.603,0.2293,CAACAAACGATAGAGT,S146K,1,1
-4.604,0.132,TAACAAATTTAAATAC,R109T D366N,2,2
-4.604,0.132,TGCAAAAGATCGTCTT,S156C I282T,2,2
-4.604,0.1894,ATGAACTGCACGACTA,I267Q,1,1
-4.605,0.4841,AAACCTAGCAACATCC,Q75F T485V,2,2
-4.605,0.1614,AGGTATCGAAATCCCT,W234L,1,1
-4.606,0.1245,CAGCATCCAAAACACG,V323D,1,1
-4.606,0.3351,ATAAGGTACGGCCCTC,P293I G386M,2,2
-4.606,0.3351,CCTAATCCATACAACG,T206M,1,1
-4.606,0.3351,GACAATCCCATAGGGT,T117D,1,1
-4.607,0.2563,AACGCTGACACACCTT,I335A,1,1
-4.607,0.08542,GAAATGGTAATAATAA,A425L,1,1
-4.607,0.2563,GGTTTAATAAATTATC,R255W,1,1
-4.607,0.08542,TAATTCATTGCTGATC,I226S,1,1
-4.607,0.2563,TACGTCCACACCAAAG,E460V,1,1
-4.607,0.04895,TTGAGTAAATTAAATT,S247Q,1,1
-4.609,0.09269,TAAAAAATCGTACCGG,N63V S270V,2,3
-4.61,0.1613,AAAATGTGACAGCTAA,N170S G379R,2,2
-4.61,0.1894,AACCCAATTCAAGAAC,S422Q,1,1
-4.61,0.1894,TAATGTGACAATACAA,S219F,1,1
-4.61,0.2293,AAATTCACGAAGACAC,I437C,1,1
-4.61,0.2293,GACTTCCTTATGTTGC,E426K,1,1
-4.61,0.2293,GTTCATGTCAAACATT,Y412N,1,1
-4.61,0.2293,TAGTAGCTACTGATAA,D60C,1,1
-4.611,0.0889,TATTCAGGACCAAAAA,G16S,1,1
-4.611,0.03855,CATTCCACGTATTCGT,V406R,1,1
-4.611,0.0968,TCTTAACATTATCTAC,S231N V413C,2,2
-4.612,0.0792,CAGAGGAACCTTCTTT,N285V Q311E,2,2
-4.612,0.396,CCCTCGAAAAAATTCG,N341W,1,1
-4.613,0.04491,ACTTGGAGGTTTATAT,R229E,1,1
-4.614,0.6222,GAGATAACTGGGTAAA,I245Y,1,1
-4.614,0.6222,TACATCCTTGCTTAAC,L86E A196E,2,2
-4.614,0.2074,TTAAACAACTATCAAA,Q80C R354I,2,2
-4.614,0.05967,TATAAGACAATTGACA,K380R,1,1
-4.616,0.04683,CAGTCAACCAGGGAAT,V130C K315L,2,2
-4.616,0.132,GCTTCCTGTCGCGTGT,T206M,1,1
-4.616,0.1894,CATACGGTGACAAGTA,D241M,1,1
-4.616,0.335,TGAGATCAGAGCAGAA,G16S H184V,2,2
-4.62,1.452,AAAAGTCTGTGGCTGA,G256M D291M,2,2
-4.62,1.452,AATCCCGAAAGATTAC,T416D,1,1
-4.62,1.452,ACTTGGACGGTAAAAA,K310C,1,1
-4.62,0.4839,ATCAACTTGAGATAAG,N158T I260W,2,2
-4.62,0.05006,CTTCACCATCAAATTC,N31* K259L,2,2
-4.62,0.4839,GATTCGTAAAGTAAAC,R405I,1,2
-4.62,1.452,TGGACTCGTAAAACAC,H435N,1,1
-4.622,0.1893,CTCTCAGGATAATTTG,H393K E410K,2,2
-4.622,0.05247,AATACAAAAGGTCCTG,N126K N133G,2,2
-4.622,0.1177,CTCAATTAAACCAATA,F148M,1,1
-4.623,0.1405,ATAAGATTGTTGTAAA,N190S H488Y,2,2
-4.623,0.1117,ATAAAATGAGAAGATT,D60N N475M,2,2
-4.625,0.2292,CTCTCTGCATAACACC,K140A D461Y,2,2
-4.625,0.2292,TTCGACTCAACCGTCC,N341I,1,1
-4.625,0.04398,ATGCTCCAAGTACGAA,T206I,1,1
-4.627,0.04398,CTTGATATCGCATAGC,E359G,1,1
-4.627,0.1116,AATCTACTTCACTATC,N285P,1,1
-4.627,0.3349,TGCTGTACACATACAA,L59N,1,2
-4.628,0.07137,TATAATGAAAACCACG,T30K,1,1
-4.629,0.09675,AAATCTATGCACTAAA,Y100V I236R,2,2
-4.629,0.2902,ATAACAATATAAAATG,Y233I,1,1
-4.629,0.8707,CAACGTTCTTGTCAAC,D186Y,1,1
-4.629,0.2902,CTACCTAACCCCCATC,V406S,1,1
-4.629,0.8707,CTTGGAACTAATATAT,Q164K,1,1
-4.629,0.8707,GACTCTAATGTACCGT,I478W,1,1
-4.629,0.8707,TAAAAAATTCCTATGC,R109W,1,1
-4.629,0.2902,TACTCAGTATAATTTC,S136V,1,1
-4.629,0.1741,TAGGAGAAAAATCTCC,A364M,1,1
-4.632,0.6219,ACCACAAACAATGTCT,S136A,1,1
-4.632,0.6219,GGAGTCGAAAAAACAT,S265W,1,1
-4.633,0.1893,ACAAATAACCAGACTA,N126A A163L Q394V,3,3
-4.635,0.4837,ATATGTCAAAGATAGG,D474C,1,1
-4.635,0.06497,GAATGAACTACACTAG,F258M,1,1
-4.636,0.1404,CACCTAATGAGATGTT,I34D,1,1
-4.636,0.3957,CCATTTCGGGACATAT,N357A,1,1
-4.636,0.3957,GAATAAAATGAAATAT,V182E,1,1
-4.636,0.3957,GCGCCAAAAAAAAAGA,S422M,1,1
-4.637,0.06909,CTCCATTGCCTACATA,S247I,1,1
-4.638,0.2902,ACAAATCAAACCAATA,V20H T187I D375N,3,3
-4.638,0.05244,ACCACAGAACAAACTT,W234N,1,1
-4.638,0.2291,AGAGTTTAAAGATCTC,H488V,1,1
-4.638,0.2291,TGTAAAAAGACAAAGG,R383P,1,1
-4.64,0.02187,ACCCCATTTCCCATAT,D461Q,1,1
-4.642,0.03374,AACTCCTCGAATACTG,E494W,1,1
-4.643,0.05962,TGAATAGAGTATACCA,V130A,1,1
-4.643,0.1061,ACAGTGAGTTAGGTTA,P239L,1,1
-4.645,0.06307,ATATCCATAATTGGTA,L66W,1,1
-4.645,0.1892,CACATACCTTGAAGAT,I34Y,1,1
-4.645,0.03784,TCATTTTAGACCTACA,G249C,1,1
-4.645,0.229,AATCCTATAATGGATG,A364I,1,1
-4.646,0.256,ACCACTACCTTCTGGC,D438L,1,1
-4.646,0.256,ATATTAACAATCGACA,Y423E,1,1
-4.646,0.08881,ACGAGCGCCCACCTAA,F79I F294V,2,2
-4.646,0.2901,CGCAAATAATCCAATC,T485H,1,1
-4.648,0.3956,AAAAATACATGCCCAC,Y302R,1,1
-4.648,0.1404,CATTCTGCGACATACA,S144P P221Q,2,2
-4.65,0.174,ACACCTGTAAGACTAT,A364L,1,1
-4.65,0.174,CCTGGTGTCAAAAACA,P185T,1,1
-4.651,0.05371,TCCGACCGTGAGGACG,P324D,1,1
-4.651,0.6215,TACGACCGATCTATGA,P74R,1,1
-4.654,0.1611,GATGAACTTATGCCAT,L431N,1,1
-4.655,0.8701,AATAGACAATTAAGAT,L496K,1,1
-4.655,0.1243,ACACAAGCCCCTTTCA,P239L,1,1
-4.655,0.29,ATATCTCCCCGAAATG,H355A,1,1
-4.655,0.29,GAGCTTTGCTTGTCTA,N159I,1,1
-4.655,0.8701,GGTTGACGGAACTAAT,M346V,1,2
-4.655,0.8701,TAAATACAGATCACGT,G218D K264Q,2,3
-4.655,0.174,TCCGGAAATGCTGCCA,N158C,1,1
-4.655,0.0791,TTCTAAGTGCATACGT,T318H,1,1
-4.657,0.03425,ACATTCTTCACGCAAA,N152S,1,1
-4.657,0.3346,GAACCCTTTTAGGCAC,R90K H184N,2,2
-4.657,0.3346,TAAGAAAACTTATGCT,K380D,1,1
-4.657,0.09255,AGGATCTAAATAGAGT,F148H K292T,2,2
-4.657,0.2071,GCCCCCTATATTCACA,I230L L428G,2,2
-4.659,0.1012,GACGTCAGAAAAGCCA,Y98H,1,1
-4.659,0.1611,AAGTTCTAGGATCAAA,S279K I335F,2,2
-4.659,0.1611,TCTAATTTTAGCAATT,N152H,1,1
-4.659,0.2289,GATGTACATAACGCAA,S193N,1,1
-4.661,0.09666,GTATGTAACTACTACT,L194K,1,1
-4.661,0.1176,GAGCTATAAGACTAAA,A19H,1,1
-4.664,1.45,AAACGGTCCCAAACAT,M268K,1,1
-4.664,1.45,AACCGGTTTATAATCC,D241H,1,1
-4.664,0.2899,AACTATAACATACTAC,T206D,1,1
-4.664,1.45,AATAATTTAAAGGTGC,A336V D375Y,2,2
-4.664,0.09665,ATGGTCAGGGTCCCTA,H183M,1,1
-4.664,0.4832,ATTACATCCAACTTAG,H184R,1,1
-4.664,1.45,CAAACCCAATTGAAAC,V406D,1,1
-4.664,1.45,CAACACATAGCACTAC,Y412R,1,1
-4.664,0.4832,CTTATTATACTAAAAG,T206I,1,1
-4.664,1.45,TATAACCTGTCAAACC,W84M F174C E410K,3,3
-4.664,1.45,TATATTCATATAGATC,R354E,1,1
-4.664,0.2899,TCAATTGTCACCATTT,T206M,1,2
-4.664,0.03041,TTAAATTCAAAAATAA,S193P,1,1
-4.666,0.1061,ACTTAAGACCAGGAAA,D186V,1,1
-4.667,0.1891,ACTACAAAAGTTACAA,H18P,1,1
-4.668,0.06125,CAGGGATTTTATGACA,R208G P221Q,2,2
-4.669,0.08527,AACAAATGACCAGTTC,P239W,1,1
-4.669,0.2558,GCAAACACAGAGAAGG,I335F,1,1
-4.67,0.2071,AACAAAAGTGAAAGTG,P273T D291Q,2,2
-4.67,0.6212,AACCTTTCCCCTAATG,L194M,1,1
-4.67,0.6212,TATAACATTGTAACAT,N152Q,1,1
-4.67,0.08204,AAATCCATTTGATCAC,D77C,1,1
-4.671,0.1499,CGAGGCACTTCATATA,H355C,1,1
-4.671,0.3953,AATCTCGTGGATGAAA,G404P,1,2
-4.672,0.2899,CACGTATAATTAGCTT,T318R,1,1
-4.672,0.09662,CTACACAATTTATCAT,N464W,1,1
-4.673,0.07128,TTACCCGAACCAAGGA,L86F I335F,2,2
-4.673,0.161,TAACCTAACCCCCGTA,D77P V429S,2,2
-4.675,0.04221,CAAGTTAGATAGAAAA,S231W E426P,2,2
-4.675,0.1317,TGCGATGAGATTATAC,L431Q,1,1
-4.676,0.2557,AGCAAACTTAATCCAG,M346Y,1,1
-4.676,0.2557,CAGGGGCAGATGTACC,N152D,1,1
-4.676,0.2557,CTTAAAGTTGTGGATC,H183C,1,1
-4.677,0.3344,CGAACGTACCTAAATA,G330F,1,1
-4.678,0.483,AAATCATACTTTAAAT,R109D,1,1
-4.678,0.483,CTGACTTCACCTATCC,Y412A,1,1
-4.678,0.483,GGCCGAACGGACCACC,A138E,1,2
-4.678,0.106,AACTCTAATAACTTGC,D441V,1,1
-4.681,0.8694,GAACTTACCCAGATTG,S378W,1,1
-4.681,0.2898,ATCCGCACATTCGCTT,G134S Q191V,2,2
-4.681,0.2898,TCAGACATCCCACAAA,L496R,1,1
-4.683,0.161,AGCAAGATAGTTTGTA,M168E,1,1
-4.683,0.3951,ATCACATTAACATGAA,Y161K,1,1
-4.684,0.189,TCAAGAATTACAATGA,I395Y,1,1
-4.686,0.1402,AAGAAACACCAGATAA,Y412D,1,1
-4.686,0.05645,CCAGGAGGCCCAAAAA,I230T,1,1
-4.687,0.3343,TAACTTTAAAAAGCCC,I245W,1,1
-4.688,0.6209,AAAGATTATACTTAAG,N81S R109H K207Q,3,3
-4.688,0.6209,CAACTCCCCCTACCAA,S136G,1,1
-4.688,0.6209,GAGGTGAAATACAGTG,N126Y T485K,2,2
-4.688,0.6209,GGATACAATAAAACAG,K380M,1,1
-4.688,0.03846,CACTCAAATAGTCAAA,S422Q,1,1
-4.689,0.1175,TCAAGTTCATCTCCAC,A138F,1,1
-4.689,0.2897,TACCCAACGAGCTACT,V406H,1,1
-4.691,0.106,ATAAACCATATAGTCA,P99H,1,1
-4.691,0.1738,GAACTTACTATAATAG,D348Y,1,1
-4.691,0.2556,AATTGATTATAAACAT,R109D,1,1
-4.692,0.4828,CCATTATCACTCACAT,A11V R33T,2,2
-4.692,0.4828,TGTCAAATACTAAACA,P227K W234L,2,2
-4.694,0.07124,GAAGTGGGAGAGGTGG,G142P,1,1
-4.694,0.05235,ATCGATCCTACCACAA,V182N,1,1
-4.696,0.3342,TAGCCATAATTCCTCG,P99M,1,1
-4.696,0.01371,TACGAACGCTCAAAAC,K380A,1,1
-4.697,0.1498,TCTAAGATGTTTTAAA,K380L,1,1
-4.698,0.2897,TACAGTTTAAATAAAG,Q191W,1,1
-4.698,0.2897,TTCCAAATGATATTCC,R456F,1,1
-4.699,0.2556,ACAAGGCAAGTGTCAG,N38K F195I,2,2
-4.699,0.08198,TAGGCTGCTACAACTA,H18S,1,1
-4.7,0.09654,GAACAAACTAACGATC,P306K,1,1
-4.702,0.1401,TCATCACTTTCGGATA,G263R T301E,2,2
-4.706,0.3949,ATGAATATTTTAAAAA,D438F,1,1
-4.706,0.3949,GCACAATCAAGGCAGT,A364G,1,1
-4.706,0.8687,AAGATCTAACAGAACG,S146E,1,1
-4.706,0.6205,ACTTAATTATAAAAGC,L111P,1,1
-4.706,0.8687,ATAACTAACTTAAACC,H183T,1,1
-4.706,0.2286,ATGAATGCTTGAAATG,A11G D175M,2,2
-4.706,1.448,CCATGCAGAACGAATT,A196N,1,1
-4.706,0.4826,CGTTTCATTCTGTATT,E410P,1,1
-4.706,0.07362,GAATTATTGATCTTTA,T318H,1,1
-4.706,0.2555,GAGGATGAAAATTTTA,T128C P273V,2,2
-4.706,0.1498,GCAATCGAGTGCAAAA,Q164W,1,1
-4.706,0.3341,GCAGATGAGCTCTTGA,S137D,1,1
-4.706,1.448,GTAATCATAGGCGGTT,P227T R354T,2,2
-4.706,0.8687,TAAGGATCTTATATTA,I236P,1,2
-4.706,0.08517,TAATCAAATATTTTGG,D441V,1,1
-4.706,0.2068,TTACTTCTTAAAGAGT,V36T,1,1
-4.706,0.2896,TTTAAGATAGTTGATC,V20N L157T,2,3
-4.708,0.05791,TAGAACTCTATGAAGT,N498D,1,1
-4.708,0.06483,AACTGTCCTGTCCAGA,S193D,1,1
-4.71,0.06894,CACTGACGTCTGTACA,P239D,1,1
-4.71,0.02348,CTGTAAACTCGAGTTC,L455I,1,1
-4.711,0.06294,GAAAAATTCAATACCT,H435V,1,1
-4.712,0.2068,TAAAACCTTCAGAAAT,V413Y,1,3
-4.713,0.2555,AACACTGCTTAATCAA,S107M G218C R456E,3,3
-4.714,0.06893,ACCTTTATCTCAGAGG,Y308I,1,1
-4.717,0.0965,CCATAATCATCGATTC,D271F K446Y,2,2
-4.718,0.2068,AAAGAATTTGCTAATG,D241C,1,1
-4.72,0.4824,GCTCCCAATACTTAAA,E89F,1,1
-4.72,0.4824,GGAGTCAATGGGCGAT,M346G,1,1
-4.72,0.4824,TTTATGTGGACCTTTT,I226C,1,1
-4.721,0.2554,TCCTATTATACCCAAT,I395Y,1,1
-4.721,0.04879,ACGTAAATTTGATTAC,F174R Q363M,2,2
-4.723,0.1173,ACAAAACCTTACCAAA,S146F A430G,2,2
-4.724,0.6202,AACTTCAAGCGATCAT,D104V,1,1
-4.724,0.2067,ATAATAACTGTAGCAA,S228N,1,1
-4.724,0.6202,GCAGTTGGGCAAACGT,N53I D271L,2,2
-4.724,0.124,TGCGCCCCGAAAAATG,N165C E359G,2,2
-4.726,0.2285,GACATAGAATTTGCCT,I29H,1,1
-4.727,0.0457,AGTGAGGTGTCCCAGC,Y302A,1,1
-4.727,0.1059,CTCCCACATAAAGAAT,E119G,1,1
-4.728,0.2554,TGCTTCCATAGTTCAA,S193R,1,1
-4.729,0.3946,AATGTAAAAAACAAGA,N53Q N382K N424T,3,4
-4.731,0.8681,AAGCACGTCCAAAAAG,G463W,1,1
-4.731,0.8681,AGAACATATAAAATAA,N246A,1,1
-4.731,0.8681,ATGCTCTGCTTGGATA,F148L,1,1
-4.731,0.8681,CCACAAACCGTTCTAC,I230W Q327R,2,2
-4.731,0.2894,TACACTCTGTGTTGGT,R109H E398K,2,2
-4.731,0.2894,TGGATTCATTTACTTC,I377W,1,1
-4.731,0.8681,TTTACTAATAAAATGA,A253S,1,1
-4.732,0.1113,CCCATCCCGATGATGA,V309A,1,1
-4.732,0.1113,CTATCGACCACATGGA,G303S,1,1
-4.732,0.2284,TAACTAACATGCAGAA,P99Q,1,1
-4.733,0.05229,ACCATATTTCTACTTA,D73Q,1,1
-4.733,0.1887,ATGGTACATGAAGGTA,I274R,1,1
-4.734,0.14,AAGATACGATTATGAC,V413S,1,1
-4.735,0.3339,AAGATATTATAATAAC,D68L,1,1
-4.735,0.3339,CCCAAAGGTCCTATCA,R229A M462K,2,2
-4.735,0.3339,CTCTTTACTAAAACAT,T235M,1,1
-4.736,0.05229,ACAAATATCTCTTGTC,N296I,1,1
-4.736,0.1315,AATTTTCGTCACTATC,W234T,1,1
-4.738,0.03122,TATAAACTTTTACCAA,Q132L L177M,2,2
-4.739,0.2284,AGTTGCAGAATGAGAA,T313I,1,1
-4.74,0.01442,TGTCAAGATACTTACA,R383P,1,1
-4.74,0.3945,GTTTACAAGCACTCCA,T318D,1,1
-4.741,0.124,AAATTGCTCATCAGTG,Q164E,1,1
-4.741,0.124,ACTCCACATGAATCTA,T206I,1,1
-4.741,0.6199,GATGCTCCCGGAGGTT,K121W,1,1
-4.744,0.3338,ATCAACGAATATGTAC,L420A,1,1
-4.744,0.3338,GAAATGTCGATATAAA,H18N,1,1
-4.744,0.3338,TATTTGCCGAGGAGAA,N190T L381G,2,2
-4.746,0.1736,GTAAATACTCCGCAGC,V182H,1,1
-4.747,1.446,AAAAATTAAATGTTCT,A336G,1,2
-4.747,1.446,GAGCTCTAAAGACGTA,G360A,1,1
-4.748,0.05635,AAGCATAAGAAGAACC,N152Q,1,1
-4.749,0.1496,CTCTATTAATTAATTT,L194G,1,1
-4.75,0.09641,ACATAGAAGCACGACT,V309S,1,1
-4.751,0.3944,ATAGATCCATAGGAAA,R456Y,1,1
-4.751,0.3944,GACAAAAAGTTCTAGA,F87L,1,2
-4.752,0.2283,CCGAACAACTTATGCT,K380R,1,1
-4.752,0.2283,GTCAGTTCATAAGTCA,L66W,1,1
-4.752,0.03646,ATACAATCCAAACGGG,T416D,1,1
-4.752,0.1239,CATTAGTGAATCATTG,N382R M444W,2,2
-4.752,0.1009,GTCTATAATACAAACA,I282K,1,1
-4.753,0.3337,TAAAATTTTAATCTAC,,0,0
-4.754,0.03262,TCGAAACATTTTTCCT,P324D,1,1
-4.757,0.2551,AATAAGACACGCCTGA,V88C,1,1
-4.757,0.2551,TCTTTCCTTCACAAAA,S193D F500Y,2,2
-4.757,0.08184,AACCGAAAGAGAACAC,D186W,1,1
-4.759,0.6196,AATGTTATAGAACAAT,L420P,1,1
-4.759,0.6196,TCCACGATGCTCGTTG,E119G,1,1
-4.759,0.009972,GGACTAGCAGATTAAC,D271W G404Y,2,2
-4.76,0.1058,CGGAGCTTTATACAAA,V182E,1,1
-4.76,0.1009,AATGCCTCACTGCAGC,D438S,1,1
-4.761,0.4819,CAAAGACTCTAAAAAG,L496Q,1,1
-4.761,0.4819,GCTGACTTAACTTAGC,D487C,1,1
-4.761,0.4819,GTTAGTTACAGTAAAC,K450D,1,1
-4.761,0.4819,TAAGCCAGCCATGTGC,D186Y,1,1
-4.762,0.3943,ATCATTTGTAAACGTC,L431Q,1,1
-4.762,0.3943,CACCTATCATAACAAA,L431R,1,1
-4.762,0.3943,TTTAAATGTCAAGCTT,P227I,1,2
-4.763,0.3336,AAAACGAGGCGAAGCT,I260P,1,1
-4.763,0.3336,CAGAGGAATTGTTCCT,D68T,1,1
-4.764,0.2282,CACGCCGTCTGTGTAT,Q210W,1,1
-4.765,0.06672,GTGGATTCTTATAATT,A11M,1,1
-4.765,0.1885,TTATTTTTTAAAAGAA,P254M,1,1
-4.766,0.1314,ATCAAAATAATTGTTC,P293V E396G,2,2
-4.768,0.05101,ATCTGCTGCGACTACC,G256I,1,1
-4.769,0.1314,GATAAATTAATGGAAA,T313K,1,1
-4.77,0.03212,TGAATATGCAACCGTA,P74V,1,1
-4.77,0.06472,CCCTCATTTAAAATTC,V323D,1,1
-4.771,0.255,AATTTTATAGCAGATA,A138W,1,1
-4.771,0.255,AGTTAGGAATAGTTAT,P227T,1,1
-4.773,0.3941,ATCGCCCATGGAGTAC,D241H,1,1
-4.774,0.4817,GACGGCCCAGCCTAGT,D186A,1,1
-4.774,0.4817,GCTGTTTTCTAGCAAC,V406C,1,1
-4.774,0.4817,TAAACAACTAAAACGG,S247A E401K H435C,3,3
-4.776,0.08847,AAATAGCCTGAATACT,A69R,1,1
-4.776,0.2064,AATTTATACAAACTAA,R109C,1,1
-4.776,0.6193,CACAATCACGTAATGA,P4S D438F,2,2
-4.776,0.07107,GCTACATTCATATCAA,A336G,1,1
-4.777,0.2282,CGAGGATTATAGAGAC,D186C,1,2
-4.779,0.867,CCTAAGGTTCGGGTGC,T248L,1,1
-4.779,0.867,GTTCATACACCTTAAA,K259E S265I,2,2
-4.779,0.867,TCCTAGCAAAACCTCG,W421E,1,1
-4.78,0.1314,TGTTCGCTGCCCAGAA,Y233V,1,1
-4.782,0.0688,CTACTAAAAAACATTT,L194A,1,1
-4.782,0.2064,TGGACCCTCCTAAACA,H393P,1,1
-4.783,0.2281,GGATTAAATCACGTCC,N165R G275E,2,5
-4.784,0.0688,ATTGGAAAAGTTTCAA,D68Q,1,1
-4.785,0.09631,TTTATGGGCTCAACGA,V309F,1,1
-4.786,0.1884,TTGCAGTAGTTGCTAA,S136Y,1,1
-4.787,1.445,AGATAGCTATGAATAT,S9A H355T,2,2
-4.787,1.445,GCTGCATGCTATCCAA,Y486K,1,1
-4.787,1.445,TTATCCATACAAACTA,A334G,1,1
-4.787,0.09631,AAGCCTCTGAGATGGA,V182H,1,1
-4.787,0.4815,GGAATTACCTGACCCC,R269P,1,1
-4.788,0.1171,CAGGACCAGTACCACA,Y233C,1,1
-4.789,0.2281,AAAGAAAAGTTAATCG,D408P,1,1
-4.789,0.2281,AAATCAAATCCCTCGA,P215D,1,1
-4.789,0.2281,CATGATCTTTATTAAA,V112S,1,1
-4.791,0.1313,GAATCTCATAACTAAA,Y423V,1,1
-4.791,0.1008,CTGCTAAATCAACCCA,A364I,1,1
-4.792,0.07104,CAAAAAAGCATCTTGT,N498D,1,1
-4.793,0.619,AATCATATTAACAATC,T30N K468A,2,3
-4.793,0.619,TCTCATCACAAATTTT,W234K,1,1
-4.794,0.1733,AAAGAAATAACAACTT,H488F,1,1
-4.794,0.1494,CATATACACCAACAGC,P284T Y412N,2,2
-4.794,0.3939,AAAACTTTTTTCATAA,N158C,1,1
-4.794,0.3939,TTATCTTGATAAATCA,T24A T451Q,2,2
-4.795,0.2889,TTGTCAATCCAATGGC,A39V Q501K,2,2
-4.799,0.3333,ATTGGCCTGCATATCT,R299W,1,1
-4.8,0.07601,TTTAAATCTGGAGAGG,E280K D487P,2,3
-4.8,0.1605,TAACAAAGGCCGCATC,G362M,1,1
-4.801,0.07877,TGCCAAAATACTCACA,N424D,1,1
-4.801,0.1171,CATCATCTAGCCACTT,S205I,1,1
-4.802,0.228,TATACATAACTCTAAT,L428N,1,1
-4.803,0.8664,TCCACAACTAATTTAC,C76M,1,1
-4.804,0.03257,CCCTTTAACTCAAAGA,T10H S205E R482I,3,3
-4.805,0.3938,GCAAAACGTAACAAAC,Q173R K276W E494G,3,3
-4.808,0.1397,CAAAAAATAGCACCAG,G129D N152D,2,2
-4.808,0.1733,TAGAGTAAGTCCGGAT,I179F,1,1
-4.808,0.04559,ATGCCGGCAGAAAGAC,R354S,1,1
-4.808,0.1111,GAACCGTTATTCAAAA,D461M,1,1
-4.809,0.07341,ATCAATAAACACTAAA,S156W,1,1
-4.81,0.6187,CAAAAAACATGAACAG,Q434R,1,1
-4.81,0.2062,TAGCTAATGTATCCCT,H435A,1,1
-4.81,0.6187,TCCGATTAAGAAATTA,N81E M346Y,2,2
-4.811,0.09625,ATTCCAGCATTCAGAC,L439H,1,1
-4.811,0.1883,CCCGTTTTAATGCAAC,I282N G360V,2,2
-4.812,0.1056,TAGATTGTCTCATCAA,P227D N498M,2,2
-4.812,0.1732,ACTAAAAAACACTCTT,V88F,1,1
-4.812,0.05775,TCCGTTAGTACCATAG,D419H,1,1
-4.813,0.4812,ATCGTGAGCCGTTCGT,K176A,1,1
-4.813,0.4812,CTTATAAAACCGGTCT,L118N,1,2
-4.814,0.07598,GTAGCATTAGTTTGAA,D60W,1,1
-4.815,0.2062,GCTTGATCAAATAGCC,P293T F392I,2,2
-4.817,0.1732,GACTAAGTATAACTTA,N152E,1,1
-4.817,0.3331,CTTATTTTTTGGCTAG,V112G,1,1
-4.821,0.2062,TTAAACTATACCTGCT,A253V,1,1
-4.821,0.1883,ATGCCATTGGAAACCA,Y98H,1,1
-4.822,0.04204,ATCTAGCCAGACACAT,G181V,1,1
-4.823,0.1312,CATAGGAAACCATTAA,P55M L428E,2,2
-4.826,1.443,AAACCAATTTTGACAA,M320D,1,1
-4.826,0.6185,AAATTATAGAAAATCA,Y98A,1,1
-4.826,0.2547,AATAACCAATCAAAAA,F120M,1,1
-4.826,1.443,ACTAAAAGACACAAAC,R329V,1,1
-4.826,1.443,AGACGGCGGCTCCACC,Y308Q,1,1
-4.826,0.481,AGCCATAATAACCTAC,,0,0
-4.826,1.443,ATTCTCCTAGAGGTGC,I179A,1,1
-4.826,0.3936,ATTTCTCTCTATCTCT,W421Q,1,1
-4.826,1.443,CCACTATGAAAAATCG,F125P,1,1
-4.826,0.8659,GAAAAAGCCCTCCCCT,N126V,1,1
-4.826,0.2062,GAAGCAGTCGCATAAT,D60W R405G,2,2
-4.826,1.443,GTTTGGCTCCATCTGC,A364M,1,1
-4.826,1.443,TAAACAAAAACAACCT,D366C M462I,2,2
-4.826,0.481,TGAAATATTAAGAAGA,S247M,1,1
-4.826,0.6185,TGAGTGAAATAATAAT,L15V E414G,2,2
-4.828,0.06274,TAACCCAAGTCCCAAT,Y491R,1,1
-4.83,0.1312,GACTTGATTTAATCCT,E460S,1,1
-4.83,0.1312,GGAATCATCGGAAGCA,Y308L,1,1
-4.83,0.1396,TTCATCTTCTCGAGGA,D60G E401P,2,2
-4.83,0.07337,CAGCCAAAACAAACTA,D186W,1,1
-4.831,0.04203,TGGAGCAAAGAATACC,T313I,1,1
-4.831,0.02829,AATTAATTGAAAGGGG,Y412L,1,2
-4.831,0.1731,TGTACCACTTGAAAGG,S205E,1,1
-4.832,0.2061,AAAACGTTTATAGAAT,W84Y S279N,2,2
-4.832,0.2061,AATCTAATTCCATAAA,Y161G D461N,2,3
-4.832,0.2061,AGACGAGCATAAAATG,R261F N389I,2,2
-4.832,0.2061,CCTCTCCTAGTTGCAA,T235H,1,1
-4.834,0.05621,GAGTATTGAACGTGTC,K264R A425V,2,2
-4.834,0.2886,GACTAAAAGTATAATC,D85C,1,1
-4.835,0.02655,TACCGGACACTCATTT,S205E,1,1
-4.836,0.1882,AGCATTGAAGACTTAG,H488M,1,1
-4.837,0.3935,ACTTACTTGAATATCA,L496S,1,1
-4.837,0.3935,GTGTAGCTATAACACA,D487S,1,1
-4.837,0.3935,TTTTTTTATCCGCGAA,I374K,1,1
-4.838,0.08486,TTTCTTCAAAATCAGA,L194K,1,1
-4.838,0.1492,GGCCAAGGGTAGCTCT,D104Q D438H,2,2
-4.839,0.4809,AACACAGCGGACCTAC,F500N,1,1
-4.839,0.4809,AGACGTATTGTACGAG,L316I,1,1
-4.839,0.4809,TCAAGTGACTCTGTCA,N159F S265F,2,2
-4.84,0.2546,TTGATAATTGACGTGC,Q210W,1,2
-4.84,0.04654,ATTACGGAGACAAATT,L243W,1,2
-4.841,0.111,CCAAATAGGACTGAAG,T313D,1,1
-4.841,0.1396,TCTCGTTAGAGTCACC,G333V,1,1
-4.843,0.6182,AAATGATCAATTGCAT,Q363A E398K,2,2
-4.843,0.01277,CCCCGCTTTTCACGAA,L439H,1,1
-4.844,0.09616,CAAATGCCTCCAAAGC,R499K,1,1
-4.845,0.08831,AATCATAACTTCACTA,L439H,1,1
-4.847,0.07093,AGAACCCGAATAGATC,G345D K417E,2,2
-4.847,0.3934,AACAAACTTAAATAGC,I242P,1,1
-4.848,0.1396,TTCCTAACAACTTGTA,I267Q,1,1
-4.849,0.8653,GAACGCCAATCCCTCC,S228R,1,1
-4.851,0.1881,ATAAATCATAAAGGAA,N158C,1,1
-4.852,0.4807,AAAATAGAAAATAACT,P185S,1,1
-4.852,0.1396,TCAATAGACGAATTAA,G72A,1,1
-4.853,0.3328,TTACAAGAAGATAATC,A425T,1,1
-4.856,0.2277,GGGAGATTCTTCAGGA,Y412N,1,1
-4.857,0.2884,ACGGAACCGAACATCA,R141K P239E,2,2
-4.857,0.07332,AAGAATAATGATACTG,A430F,1,1
-4.857,0.3932,AAGACAAAACAAGACA,D415F,1,1
-4.857,0.3932,AGAAAAATTTTCACAA,F174A D348W,2,2
-4.857,0.3932,GAGTAAATGCGCCCAA,E89Q,1,1
-4.857,0.3932,TAGACCAAGGCTCATT,Y412A,1,2
-4.858,0.1492,AAATCAAAATTATGTT,V182E,1,1
-4.858,0.1006,TAACAACTCAGGTCAC,R492H,1,1
-4.859,0.6179,CCTTTGCAACTGGTGG,R109I,1,2
-4.859,0.6179,GTTATGCAATCAGATA,A93S,1,1
-4.86,0.2544,ACTACTCAGACAAGCA,P185C,1,1
-4.861,0.1881,TCATGATACTTGCGAA,L86C E280K,2,2
-4.861,0.3327,CCCCAAATCACCTTAC,Y491M,1,1
-4.861,0.3327,CTTAACAAAAAGAAAA,T187V Q371*,2,2
-4.864,1.442,ACTAGGAGCCAATGGC,K292P,1,2
-4.864,1.442,ATAATAAATTAATGAT,D474L,1,1
-4.864,0.4805,ATACTCGGATTCTACC,K238W,1,1
-4.864,1.442,ATCATCAAATAAACCA,V36G A430T,2,2
-4.864,0.4805,CATTGCCAATAAATAG,S228Y,1,1
-4.864,1.442,CTTGAAAATAACAAAC,L496S,1,1
-4.864,1.442,TGTAAATTGATCATAA,W153M,1,1
-4.866,0.2544,TTACATACTCAGGACA,D60M,1,1
-4.868,0.3931,ACATTTTCCTAATTAT,G463C,1,1
-4.868,0.07863,CATATGAGAATGTCCT,Q57W N424Y,2,2
-4.868,0.3931,CGAAAGACACTATGCC,F448K,1,1
-4.868,0.2276,ATTTGTCTCGTACCCC,A113E,1,2
-4.87,0.3326,ATGAAATAGCTAACCC,L151E,1,1
-4.87,0.3326,TTTTTGCAACCCACTA,H488G,1,2
-4.87,0.03896,TACAAGCGTGTCACCG,V102W,1,2
-4.871,0.1006,GTGTCCCTGGCCATTA,M346W,1,1
-4.872,0.8648,AAAGCAAACAAACGGC,,0,0
-4.872,0.8648,CATAGTGATAATCCAT,E359K,1,1
-4.872,0.8648,TAAAAAATCCCTAACA,S96L,1,1
-4.872,0.8648,TGTAACTTTGTAAGCC,L59F R229W,2,2
-4.874,0.1395,TAGAAATCACTGAGAT,S124G I395K,2,2
-4.874,0.2276,AGTTTGCAGCTTACAC,D366C,1,1
-4.875,0.6177,ACTGCAAAATAGAACC,L496R,1,1
-4.875,0.6177,GAGAAACAAAATAGTA,S247P,1,2
-4.876,0.02264,GAAAAAAGGTGAACAC,S205E,1,1
-4.877,0.4804,TCTGTAAAGACAATTA,L194A F467L,2,2
-4.877,0.1601,TGCTCGCCGGTATCCC,Y233I,1,2
-4.877,0.08824,TGGAAGCCTTAAAGCC,D186E,1,1
-4.878,0.1395,GCAGTTCTTTACCAAC,M462W,1,2
-4.878,0.08158,GACGACAAACAATAAA,P185C,1,1
-4.878,0.393,GACCGGTTGAATATGC,I51T N63K A106E,3,3
-4.878,0.393,TTTACTTAAAATAGTT,S136D,1,1
-4.881,0.1729,CTCTATGATCGAAGAT,E172I,1,1
-4.882,0.09198,GTAAAAAAACTCTGCA,N341H,1,1
-4.882,0.05337,CAGTTCAAATGGCAAA,F500I,1,1
-4.884,0.06452,CTCGATAATGACCAGC,L194I,1,1
-4.885,0.1394,AATCGTATAAAACTGT,R201K K315N,2,2
-4.885,0.1601,ATGGGCTAAATTATCG,F192C,1,1
-4.886,0.2275,TATAGACTCCACTTCC,G200V D441A,2,2
-4.887,0.1168,AGGTGATTGATTACAA,L431Q,1,1
-4.888,0.3929,AACAACTAAAATCCAT,E449H,1,1
-4.888,0.3929,ATTTAAACCTTACTTT,Y100N,1,1
-4.888,0.1394,ATATACTAACAAAATA,H355L,1,1
-4.889,0.06264,TAATTGACATCGAATT,G116N,1,1
-4.889,0.1601,CCAACCATGATCTTGC,D186M,1,1
-4.889,0.4802,CGACGCAATGCTGCGG,T318R,1,1
-4.889,0.1601,GGGGCTATATCCCCCA,V182E,1,1
-4.889,0.4802,GTTACATTGATTCACT,V429M,1,1
-4.889,0.03759,CGAACATTTCTACCCC,H435D,1,1
-4.89,0.1168,ACAATCCTCGAAACAT,H435G,1,1
-4.891,0.6174,AAAAGTTCAAGTAGCA,N170K,1,1
-4.891,0.6174,ATAATACTAAATATAG,P227F,1,1
-4.891,0.2058,CATTAATTCTGTATAT,A253V,1,1
-4.891,0.6174,GACAGTCTCCACCGAG,R224F,1,1
-4.892,0.2275,ATCATATAAATAATAG,A138K K310L,2,2
-4.892,0.2275,CCGATACTTCCGGCAC,Q454D,1,1
-4.894,0.8643,AATCCAATTGAATCAT,H18Q Q57T S193F,3,4
-4.894,0.8643,CAGACCCCTGCCCAAC,G249R,1,1
-4.894,0.8643,CGTTTAAATCTTACCA,G465M,1,1
-4.894,0.2881,TTCCATGTCACAATCT,I339Y,1,1
-4.894,0.2881,TTCTAGAACGTAACGA,K176S,1,1
-4.895,0.07085,CGATAAATTCATGTAT,R255E E401T,2,2
-4.895,0.1394,ATAAGAAAGACTAAAA,Q210W,1,1
-4.895,0.05762,CAAGACCAAGATATCA,M444W,1,1
-4.896,0.2058,CAAAAAGATAGATCTA,S369T A425Y,2,2
-4.896,0.1168,TATGCGGTCCCGAGAA,N246L,1,1
-4.897,0.06648,CATAGCATCATCCATG,A253V,1,1
-4.898,0.3928,TAAATCAGAAATGCTC,L194V,1,1
-4.899,0.2542,AAACCTAGAACTACCC,D271N G275E A495V,3,3
-4.901,0.06648,GCAACGCTCGACATTT,E119G,1,1
-4.901,1.44,ATGGCCCATACATAAA,A253G L409R,2,2
-4.901,1.44,ATTCAGCAAAGCTTAC,A113M,1,1
-4.901,0.2058,CAATCTCCAAAAAGTA,L409Y,1,1
-4.901,1.44,GACCATAGCAAAATAG,,0,0
-4.901,0.2881,GCACAATCATAATGAA,W350A,1,1
-4.901,0.2881,GTTACCACATGGGACG,R222W,1,1
-4.901,1.44,TTTAATAGCAATTAGC,G249D,1,1
-4.902,0.01904,TATAATAATCTGAATA,L496S,1,1
-4.905,0.09192,TGGCCATACGATCATA,S205I T485V,2,2
-4.906,0.6172,AAAAACCCGCGAATGT,G200L,1,1
-4.906,0.6172,AAAAGACACAATAGAT,F87L,1,2
-4.906,0.6172,TTACCGCAACTGAGAA,A11L,1,1
-4.908,0.3927,CTAGCGATCAAGAAAC,A253M,1,1
-4.909,0.04966,ACCAACGCCCTCTCAA,Q311E,1,1
-4.909,0.2274,TAGAATACTCAGAAAA,G463M,1,1
-4.91,0.1234,ATTTATTAAAATCAAA,D186C,1,1
-4.91,0.1234,CCCCGTGCCACCGTAG,S270L,1,1
-4.912,0.04854,CGGAATATCTTCATAT,E344H,1,2
-4.912,0.2541,GATCTAAATGGATATT,L194A,1,1
-4.912,0.2541,GTAAAAGAAATACACA,A459V,1,1
-4.913,0.4799,ATGAAAAGTTTCTCCT,S96Q S193N,2,2
-4.913,0.4799,CAGTCGACGATTTAAC,N126F K468T,2,2
-4.913,0.4799,CATGCTAGTATTAATT,K315E,1,1
-4.916,0.8638,ACCACAATCAAAATGC,D441Y G463N,2,2
-4.916,0.8638,CAAACATTTTTCCCTT,G463E,1,1
-4.916,0.04453,AATCTTAAATTAGATG,G362W,1,1
-4.917,0.1393,AAAGGATTAACATCTA,F147Y,1,1
-4.917,0.1167,ACACGTAAAATAAGTA,N246Q,1,1
-4.918,0.3926,TGCATACGATAATACA,S228Q,1,1
-4.918,0.2541,CATGAAAGCTTTCAGA,I232L S369Q,2,2
-4.919,0.1878,TTAAAATATTATATGT,E460G,1,1
-4.92,0.1393,AGAAAAACCAGTGGCG,K453Y,1,1
-4.92,0.2273,AGAGAAGAGCGCCAAA,R499K,1,1
-4.921,0.3322,CAACCATAGATGCACC,I51N K368R,2,2
-4.922,0.6169,GCAAATACAAAATGAC,L70W G275E,2,3
-4.922,0.2056,GCACGGCCTGCACAAC,T128I Y470L,2,2
-4.922,0.6169,GGGATAACGAAGAGTT,T388K S400V,2,2
-4.922,0.6169,TTACGTAAATCAAAGA,P74N,1,1
-4.923,0.2879,CAACATTGCAGATAAT,I29W E457V,2,2
-4.923,0.1878,CCGGTCTATCTCTCCT,F125T D291H,2,2
-4.923,0.1393,TGCTTACGTTCTATTA,E401Q R405L T436S,3,3
-4.925,0.4798,ATAAAAACCGGGCTCC,W180D K411R,2,2
-4.925,0.09596,GATAGACAATTAAGAT,D348L,1,1
-4.927,0.08467,TAGAGGCATATAGATC,R354S,1,1
-4.928,0.3925,CCCACAGTGACATAGA,Q132C,1,2
-4.928,0.3925,GATGGGCTAGAAAGGA,D438S,1,1
-4.928,0.09596,CAACGCATAGACCCTG,T187Y S247Q,2,2
-4.929,0.06643,CAGCCTGGGATCAGCG,Q191D,1,1
-4.929,0.3321,TCCGAGATAATATTTT,N296Q Q434E,2,2
-4.93,0.2878,GAGCTACCCACACACT,S228N,1,1
-4.931,0.08812,CCACGAAACTCTTTGG,S193I,1,1
-4.931,0.08466,CACTCCGAATAGAGTC,L496C,1,1
-4.933,0.1599,GGATTAATCAACCAAG,S247E,1,1
-4.937,0.8634,AATGAACAAGCAAGTA,P239W,1,1
-4.937,0.8634,ACCGAGAGTTGTCCCG,K368Q E443K,2,2
-4.937,0.6167,AGTAATTCGGACACCC,D225H Y257C,2,2
-4.937,0.8634,ATAGAAACATAGTATA,T313C N483V,2,2
-4.937,0.8634,ATATCAATATCTCAAC,S228N,1,1
-4.937,1.439,ATCCTAAATTACAGAG,I331Q,1,2
-4.937,0.3924,CTTCCGCGTAATTTAT,R456W,1,1
-4.937,1.439,GCGGTAATACCACAAA,P254F,1,1
-4.937,1.439,GGAGTGGAACCCTTTA,M268A,1,1
-4.937,0.3924,GGTTTAAATAACTATG,F500H,1,1
-4.937,0.8634,TAAAAACATGGTTTCC,K452W,1,1
-4.937,0.2878,AATGATAAGAAAGGAA,Y233D,1,1
-4.938,0.04191,AACCAATGTTCCTCAA,N464A,1,1
-4.939,0.04744,ACCGGCACCGAGACGC,T235H,1,1
-4.94,0.1233,CATGACTCCCAATGGA,I236H E398K,2,2
-4.941,0.1392,TCGGGCCACAATAACA,P239L,1,1
-4.942,0.1877,GATACAATCCTGCGTG,A365S,1,1
-4.942,0.2055,ACCCACATACGGAAAA,T206K,1,1
-4.942,0.2055,ATAACCAAAGCCAAGC,G463W,1,1
-4.942,0.2055,CAATAACCATAACATT,G142P,1,1
-4.943,0.1167,TAGACCTGCATCTTGA,L496A,1,1
-4.944,0.07076,AGGAATACTTCGACCA,T30K,1,1
-4.946,0.332,AGAAGAAAAAGATCGA,E426K,1,2
-4.946,0.1233,CAATCCCACGTCCGTA,L420E,1,1
-4.949,0.4795,CAGAGAATTAAAGCTA,G116S,1,1
-4.949,0.4795,CTAGTCTCCCATTTGA,R90Q,1,1
-4.953,0.6165,ATTTGATAGTAATAAA,Q164R,1,1
-4.953,0.6165,GCGATGAAATACACCT,L157P L439K,2,3
-4.954,0.2271,CCTGCATTATACCAAA,S91L,1,1
-4.955,0.07074,CCTTCAAATATTCGCT,D186C,1,2
-4.956,0.2538,ATTACACTACAATAAA,V402S,1,1
-4.957,0.3923,GCCCGATACAACCATG,I226Q,1,1
-4.957,0.3923,TAGACGCTCTTAACCT,T416W,1,1
-4.957,0.1598,ACAATACCACGCCAAA,S378V,1,1
-4.958,0.2055,TAACCGGAGTCTTAAC,Q80F N483R,2,2
-4.959,0.8629,AAAAGGATGCAAAAAC,N158S,1,1
-4.959,0.8629,ACACTCGATTACTAAA,G337I T485K,2,2
-4.959,0.1726,CCAGGACATCAAAAGG,I34D,1,1
-4.96,0.00886,GAAGTCCTATTGCCTA,I481P,1,1
-4.961,0.4794,GTTAACGACCTAACCC,I300H S378F,2,2
-4.961,0.4794,TAGAGTTGTCACAATA,E432N,1,1
-4.962,0.06638,CGATGTCATGAATCTC,S115K,1,1
-4.962,0.2538,TTTTGCGCAGCTAAAT,N341T,1,1
-4.963,0.06848,GGAACGAACAGCTTAG,D271V K397N,2,2
-4.963,0.2054,TGAAATTAAGAAACTA,S114E T248S K397G,3,3
-4.965,0.1876,ACAAATAACCATGATG,Y98W E410F,2,2
-4.965,0.1876,TAAAAATGCATGTCCA,L431R,1,1
-4.966,0.2876,TCTAAATCCACTTTCA,P169W E396K,2,2
-4.966,0.3922,ACCTGAACTGTCCATG,P99R D104N,2,2
-4.966,0.3922,AGGAGAAATGCTTGTT,N424Y,1,1
-4.966,0.3922,TTACCGGATACAAGTC,E390D V402C,2,2
-4.968,0.6162,TATTGACAACACGTAC,A334F,1,1
-4.968,0.2537,ATAACCGACATGTACT,V309M,1,1
-4.969,0.1598,TGTAATAAGCCAAGCA,Y412Q,1,1
-4.969,0.06847,CCGAAAAAACTACAGG,G330H,1,1
-4.97,0.3318,ACGGAAATACCGATAT,D241A,1,1
-4.97,0.3318,CTGTTTGCGAGTATCT,H355A,1,1
-4.97,0.04357,TGTTGAATGGACGGTA,Y100R,1,1
-4.971,0.07311,ATTAGATATGAGTCAG,P162C,1,1
-4.971,0.07311,GCCACAATATTTGGAT,D73M,1,1
-4.973,0.1307,AACTCCGCGAACGTGA,D271G N285K,2,2
-4.973,0.4792,AAGGCGTGAGGTGGAG,G200D,1,1
-4.973,1.438,AGACGATAGCCTAACA,,0,0
-4.973,1.438,AGCTAGGAAATCAAAG,A495C,1,1
-4.973,0.4792,ATCCACCTTACTGACA,W350F,1,1
-4.973,1.438,CGCACAAATCCAACTT,T301M,1,1
-4.973,1.438,GACTAATGCGACTATT,F120D L409R,2,2
-4.973,1.438,GCGAGAATACCAATTA,N322W D474N,2,2
-4.973,0.2054,GGAAAAGTCATCTCAG,S205R,1,1
-4.974,0.03817,TTTATGGGACTTAAAT,I374K,1,1
-4.976,0.1307,CAAGGAAAACTAAACA,I395R,1,1
-4.977,0.04739,CAAAACCCCGGCATGC,E457R,1,1
-4.978,0.3317,GCGAAATGAATACGAC,L108V,1,1
-4.979,0.1307,TTCTCTGAAAAATCAT,N424A,1,1
-4.979,0.1725,AGCGAATCTATGATTT,D85C,1,1
-4.979,0.8625,CAAGTGGTAGCAGATT,K397P,1,2
-4.979,0.8625,CTTCTCACTAAATGAA,D461F,1,1
-4.979,0.8625,TGGAATAATCCAGAGC,T301E,1,1
-4.981,0.05907,AACTAGTAGCAATGGG,D60W,1,1
-4.982,0.227,ACAAAACCATAGTGTT,D225T,1,1
-4.982,0.2053,CCAATAACTCTTTTAT,S136T I267S,2,2
-4.983,0.1875,TTCAGTATAATATACT,G16S,1,1
-4.983,0.1875,TTGTCAACTGCACAAG,V413Y,1,1
-4.984,0.4791,AAACGATTGATATCCC,L194R,1,1
-4.984,0.4791,ATAACGGCGCCAGGAA,A364I,1,1
-4.984,0.4791,ATCGTCAACATGACAA,A425L,1,1
-4.984,0.4791,TATACCAATCTCAAAA,E410D,1,1
-4.985,0.088,CTGATAATGCAATCAG,V88A K387R,2,2
-4.985,0.08136,TTGTCCATAAGACCCA,R150W,1,1
-4.985,0.392,AGCCCATACCTTCAAA,K452W,1,1
-4.985,0.07308,CTATATTTCAAAAGCT,L194N,1,1
-4.986,0.3317,TCAAAGGTGTCAGAGC,L194T,1,1
-4.986,0.09582,ATTCAAGAGACCCGGA,R255G,1,1
-4.987,0.2536,AAAGTGCACACCAGAC,I260N,1,1
-4.987,0.2536,CAACAATATAAAGATC,R405C,1,1
-4.987,0.2269,CTACCTCCAGTAGTGA,G23Y,1,1
-4.988,0.1875,CCAAACAATCAATAAA,Q434R,1,1
-4.991,0.1391,GTAGCCTAAACCGAAC,V204S,1,1
-4.992,0.1487,ATCAAGAAGTTGAAGT,L496A,1,1
-4.993,0.05906,ATATAGCACCCACAAC,T235D,1,1
-4.994,0.06248,AACTTCATATTCCTCA,D474A,1,1
-4.994,0.3316,GTATATCCTTTAAAAA,A334C,1,1
-4.994,0.3316,TAGACAAACAATCTAT,N31I G218S,2,2
-4.994,0.3919,TAAATGAAAGGTTCAA,F258M,1,1
-4.996,0.07838,ACAGCTAAATCAGAAG,L86Y,1,1
-4.997,0.2053,AGCGCACCCCCATAGA,N250Y,1,1
-4.997,0.6158,TATTACATCTTATAGC,D68E,1,1
-4.997,0.6158,TCTTTTTTATTACTAA,E494H,1,1
-4.998,0.1306,CTTGATGCATTAAAAG,I179F,1,1
-4.999,0.2536,ACAAGCCTCAACCGCG,R499L,1,1
-5,0.8621,GGATATGAATATTCCG,D438S,1,1
-5,0.8621,TAGCATGAAAGCCAGC,E426Q N464D,2,2
-5,0.8621,TGCTCCAAAACATCAA,N483G,1,1
-5,0.1232,TTCAGATCAAGTTATA,V402S,1,1
-5.001,0.1874,GAGAACCATCCAAATT,V413Y,1,1
-5.002,0.3316,GACGCAAACTTAAATT,S124Y Q434L,2,2
-5.002,0.3316,TAGCCGATCGTATATT,A336S,1,1
-5.004,0.3918,AAATGTGTCCCAATAA,I395P,1,1
-5.004,0.3918,TTGTCTAAATTGTCGG,A113E,1,1
-5.004,0.1724,AGAAACTAGCCAAATT,N458A,1,1
-5.005,0.2535,TAGAGGTTTTATAAAC,T235G,1,2
-5.005,0.1874,TCGATCACATCATCCT,R354E,1,1
-5.006,0.07836,CACACCAGATTTAAAC,A430F,1,1
-5.007,0.4789,ACCCAAAAAAAAACTA,I226E Q376C,2,2
-5.007,0.4789,ACGATCCTAGCAATTG,S369L,1,1
-5.007,1.437,GACTCTTACACATCCT,I236N,1,1
-5.007,1.437,GATAATATAAACTGGA,K446Y,1,1
-5.007,0.4789,GCTGAGAATAAGATGT,Q191T,1,1
-5.007,1.437,TATACAGGCATCACAG,I34D I236G,2,2
-5.008,0.1002,TTTGGTTTGTACTATG,Q132K G379L,2,2
-5.008,0.06246,GTAACATTAGATAAAA,T12M T206D,2,2
-5.009,0.2268,AAAAGAGATATGAAAC,M346W,1,1
-5.011,0.04736,TTCCCGGGTCCCAAAT,V223G,1,1
-5.011,0.1596,AACTACATCACCCAAT,L439E,1,1
-5.011,0.2535,CCTATCTTAAGATTCA,Y412K,1,1
-5.012,0.6156,CTGTAAAATATTTATG,N250M,1,1
-5.013,0.3917,ATGCAGTTAATGATTA,T301F L420S,2,3
-5.013,0.07304,TCTGGTCCTAAACGCG,L86T,1,1
-5.014,0.1051,GAAATCTGATATGACA,D60L,1,1
-5.016,0.1723,CCATATAATAATGAAG,S369V,1,1
-5.017,0.3314,CTAAGGACAAGCAAAT,G362M,1,1
-5.018,0.4787,GCAATACACTTAGTAA,W421N,1,1
-5.018,0.1051,TCACTTGCCCAAAACT,G5N N341T,2,2
-5.02,0.8617,AAAACGCGAAAAAGGC,H488F,1,1
-5.02,0.8617,ATTGAATTAGAACGGA,N8L L367P,2,2
-5.02,0.8617,TAATATAAGAATGAGC,R361P,1,2
-5.02,0.8617,TGTTGCATTAGAACAC,,0,0
-5.02,0.1723,TCGGATATGAGTCCGT,P324D,1,1
-5.021,0.2052,AACGTACTACAAACTT,T12A T30E,2,2
-5.022,0.3916,TATTAACTGCATAGAA,I245A,1,1
-5.023,0.2534,CTATCTTTTAGCAACA,K2I E414F,2,2
-5.025,0.2267,AGGAATCTCCGCAATC,T24G R261A,2,2
-5.025,0.3314,CAATAAATGTCGAAAA,I48R P185N,2,2
-5.026,0.05744,CCAATGATGTACCTCA,P239D,1,1
-5.026,0.1231,AAATACGCTGCTTCCG,P239T D487Y,2,2
-5.026,0.6154,TGATAAATTAACGAAT,G342A,1,1
-5.03,0.1485,AGAACGACGTTTACGA,I202L S442I,2,2
-5.033,0.3313,CTTTACCCAGGTACAC,Q363N,1,1
-5.033,0.3313,TTTCCACAATCAAAGA,L427N,1,2
-5.033,0.1051,AAGTACAGGCTTATGA,V309F,1,1
-5.035,0.2533,CTACCCACCTCTTCCA,V36C,1,1
-5.035,0.07831,ATTCACCCTTTCAAGA,N31I S279H E398K,3,3
-5.035,0.07556,GATGTACGGCAACGAA,R109W,1,1
-5.036,0.2051,AATCATAATGAAATCG,F79I W127L,2,2
-5.036,0.1872,ACCTTGAGATCGCAGA,P221D,1,1
-5.038,0.08789,AAACAACCTGACGACC,R255G,1,1
-5.04,1.435,AAAAACTCTAAAACCA,,0,0
-5.04,1.435,AATACATATATGCCTT,G345Y,1,1
-5.04,1.435,ATAATCCACTAACCCA,A459F,1,1
-5.04,1.435,CCTATGCCTTAAACAG,,0,0
-5.04,0.3915,CGTAATATATTGAACA,R255C E396D,2,3
-5.04,0.6152,GAATGTAAATGAAATA,S219K K503P,2,2
-5.04,0.8613,GTTATCGAAGAGAGAG,P99T N133D,2,3
-5.04,1.435,TGGGTACCGAAAGCAT,H435D,1,1
-5.04,0.2266,TGTACTTCCCGAAAAT,D73Q A196H,2,2
-5.04,0.6152,TTACGAGTATTCACCG,,0,0
-5.043,0.1104,TTGTAGTACGAAAGAG,E119H T485D,2,2
-5.043,0.1164,TCACAACTCCCAGTGC,I58C E484H,2,2
-5.045,0.1872,CAGGCATAATTCGGAA,T416W,1,1
-5.045,0.0545,TATGGCCTCGTCAGCC,L71A,1,1
-5.046,0.2266,AAATAATCAGTAAACG,D73N H488A,2,2
-5.046,0.2533,AACAAGACCTGACGGC,F500V,1,1
-5.047,0.04732,GTGATTACGACAGCTA,C97N,1,1
-5.047,0.287,AAACCAATAATAAATG,R361C,1,1
-5.047,0.287,AACACGTAAAGAAGTT,Q394K E410N,2,3
-5.048,0.02851,TCACTAGTTACATACT,G333T,1,1
-5.048,0.05316,AACAACTTCCATTTAT,T206I,1,1
-5.048,0.04349,CAAGTCGAGGTTGCGC,D419H,1,1
-5.049,0.3914,AGCTCTATGTGACCTA,N322S W421*,2,2
-5.049,0.3914,GGATCTACCTACTTTC,D241M,1,1
-5.05,0.205,CTCCCACATATAACCG,V36A,1,1
-5.05,0.0395,CTCCAATTGAAAAACA,G463D,1,1
-5.051,0.2266,CAAGAATAGCATAATA,S247M,1,1
-5.051,0.0916,ACATGCTAACCAATTC,S422A M462V,2,2
-5.051,0.1595,AGACGTTGCAAACGCG,E35S N296V,2,3
-5.051,0.4784,TTGTATACACCAGTCT,V309A,1,1
-5.055,0.615,ATCATCAATGTAAGAT,H488R,1,1
-5.055,0.205,TTCAACCATTATATAA,D461M,1,1
-5.056,0.3311,TTTCTTACTACGCTAC,,0,0
-5.056,0.07552,CCAACATGACGTAAGA,E41D T235A,2,2
-5.056,0.1389,GATCTCTAGGCATTTA,S137D,1,1
-5.058,0.05449,TAAGCAACCAAAGACT,V413Q,1,1
-5.059,0.1594,ACGGGCTAAGTCAATA,Y257R,1,1
-5.06,0.8609,AAACGTACATGGTTTA,G379R R456K,2,2
-5.06,0.287,AAGAGCCTTATTTTCT,E414K,1,1
-5.06,0.287,AATATTAACACTTGTC,S143A,1,1
-5.06,0.287,CTAGCAAACATACACA,S110P,1,1
-5.06,0.287,GACGTTATAAAGGTAC,T318K,1,1
-5.06,0.8609,TCTCTTAGACATTTTA,K131M T187I,2,2
-5.06,0.8609,TTCACTACTACGACCC,V102S,1,1
-5.062,0.06238,GAATCCATATATTCTC,D366N S378K,2,2
-5.062,0.4782,CACCCACACCTGAATA,L431A,1,1
-5.062,0.4782,TATTAAAACATCGCCG,Y100K,1,1
-5.063,0.3311,CACAGCACCATTGATT,L66A,1,1
-5.063,0.3311,CCTGGAACTAATACGA,N382K Q394R S480R,3,3
-5.063,0.1104,GTCCTAAAGAATTCCA,E426K,1,1
-5.063,0.3311,TGCGAGGGGCACTGAT,D60M,1,1
-5.064,0.2532,TAAACCTCTAACACAT,E460G,1,1
-5.066,0.02079,ACTGATGATAGGATTC,Q191D,1,1
-5.069,0.6148,AAATAAAGACATTCGG,G286S,1,1
-5.069,0.6148,TAAAATAGATCCCTGA,I335W H488N,2,2
-5.069,0.07294,TATCTTTTACCCCCAC,L194S,1,1
-5.07,0.1163,TTCTACAGAGATATGG,F338I,1,1
-5.071,0.331,CAAAAGATTATAACCA,P74I,1,1
-5.071,0.331,TGTAAAATACTAAGAC,I226N,1,1
-5.071,0.07824,TAACCGCTATTGACAG,L66A,1,1
-5.072,0.1721,AATAAAAGAAAGAATA,L66C,1,1
-5.072,0.1721,GGACATTTATGATAGG,R141P,1,1
-5.072,0.1163,GCTTAAGCAAGATATA,L427A,1,1
-5.073,0.04261,TACGGGTTTTAAATCG,G218L F399T,2,2
-5.073,0.2869,AAATCCTCCAACGTTA,I226A,1,1
-5.073,0.2869,ATACGTAATTATTTTC,I282N E398K,2,2
-5.073,0.2869,ATTTCTCGACTCTCAA,I374K,1,1
-5.073,0.2869,GAAATGGTAATAAACA,T167D D441L,2,2
-5.073,1.434,ACCAATCAACATTCCC,Y233W I481D,2,2
-5.073,0.4781,ACTTGAATATGTGACG,N298I,1,1
-5.073,1.434,ATAATTAACAATCAAA,G360Y,1,1
-5.073,1.434,TAAACCGTCATCATAT,T318D,1,1
-5.074,0.1229,CCAAAGGGGTGATTAG,G333Q,1,1
-5.074,0.1484,TCAAGTCATACCACTT,E35R,1,1
-5.075,0.08782,ATCTCTATCTTTGTAT,R224L,1,1
-5.075,0.07293,CAACGACAGGATGACC,E344K G386E,2,2
-5.077,0.06236,AAGTTTTGTTGATGCG,R109M L428N,2,2
-5.08,0.8605,ACGAAAAAAAATATTT,V112T I202T,2,2
-5.08,0.8605,CAAACCAATGTACTTT,I331W,1,1
-5.08,0.8605,TTTAGAGAATACCGAT,D85C R222S,2,2
-5.081,0.1484,GACAGAGTAATTTATA,E494P,1,1
-5.081,0.08118,TCTATCGCGATGCTTG,W127M I260L,2,2
-5.082,0.04435,CATAGTTACTACTATT,E89D,1,1
-5.082,0.6146,CATTTTATTCCCCCTT,Q211H S422E,2,2
-5.084,0.1721,CCTGTTCCACAGTCGA,K453E,1,1
-5.084,0.478,CAACCGCTATATGCTG,Q376E E449F,2,2
-5.084,0.478,GATACGTCCCGGAATA,S205E,1,1
-5.084,0.478,TGTCGGTCATTAGTAA,D60E G129L,2,2
-5.085,0.3911,TCCTAAGTCTAAAACA,T436Q,1,2
-5.086,0.2868,TCTTTCCCATGGCCCA,V323D,1,1
-5.087,0.253,ACACGTTAAACTACAA,S47T Q191V,2,2
-5.087,0.2264,CTCCTCATACAAAATC,Y98C,1,1
-5.087,0.187,ACGTACATGAAAAATA,A39*,1,1
-5.088,0.1304,TTTGAACATCTCATAC,Q191V,1,1
-5.091,0.1229,TTCAATCTTCAGTGAT,Y100K,1,1
-5.092,0.253,TCAAAGTTAATGAATG,V130M I267L,2,2
-5.094,0.391,GTATTCTACACTGACC,A334H E401I,2,2
-5.094,0.391,TGCCACTATATTATGT,R224I R482I,2,2
-5.094,0.0506,ACTCCTCACGGAGATT,L496C,1,1
-5.095,0.4779,CCAGGACAAAGAGACT,Y98D,1,1
-5.096,0.6144,AAAAATGCGTTACTTC,D241H K472E,2,2
-5.096,0.6144,AATAAATCAACGCATA,S146L,1,1
-5.096,0.6144,TATAGACAAATAGAGA,Q371D M462T,2,2
-5.098,0.253,ATTCCAGGTAAGTCAA,N296I,1,1
-5.099,0.8601,AGACTTTGATAAACAG,I335A,1,1
-5.099,0.172,ATGTAATTGAAATTCC,R405V K411N,2,2
-5.1,0.3308,ATATATGCAACGATGT,,0,0
-5.1,0.3308,CTGTAATTCCCGCTGA,H435C,1,1
-5.1,0.3308,TATCATATTGTAATGC,L177P A336G G342V E403G K472R,5,5
-5.1,0.3308,TTCATAATTGTAGTAA,P169F K259F,2,2
-5.101,0.2048,TACTGTTACTACGAAC,G142P,1,1
-5.102,0.2263,AGTGACCTAGGCGCAT,L86N,1,1
-5.102,0.3909,CATCAACTCTTACCGT,G333Q,1,1
-5.103,0.253,TATTCGAAGTGACCCT,R220E,1,1
-5.105,1.433,ACATTTCAACAAAGTA,N250Y,1,1
-5.105,1.433,AGCAATTAATTAATTA,T235H,1,1
-5.105,0.4778,CCAATGCGAAAAACAT,D186V L427G,2,2
-5.105,1.433,CTCACGGCAGGATTCT,P55T G479A,2,2
-5.105,1.433,CTCTTTGACCTAATCG,,0,0
-5.105,0.4778,GAAAATAATCACCTTC,R224P,1,1
-5.105,1.433,GTAGCGCGTAGCCACC,E340V,1,1
-5.105,1.433,TGATTCATAAAATATT,W127M,1,1
-5.108,0.3308,CTGAACATAATACCTG,V130S,1,1
-5.109,0.2529,TTTCATATAGAGTCCA,N341K,1,1
-5.11,0.6142,ACTAACTAACCAAGTA,S193H,1,1
-5.11,0.6142,ATCGGGTCAGACTAAA,V182Y,1,1
-5.11,0.6142,CACAAAGACTCTTCTG,N216V Y412N,2,2
-5.11,0.6142,CATCACACCATATTAT,G330W N424L,2,2
-5.11,0.172,ATGATGAATCATCAAG,L431N,1,1
-5.111,0.3909,ACCACAAGAACAATAA,F195Y,1,1
-5.111,0.07817,ACCTCGTATTTGCTCA,Y302Q,1,1
-5.112,0.1869,AAAAATTCCGCCAAAC,P99V,1,1
-5.112,0.06231,CAACTAAATATCCAGT,Y412Q,1,1
-5.112,0.1387,GTCAGAAACTAGTATA,Q371H,1,1
-5.114,0.172,GATACTACCCAACTAA,Q371Y,1,1
-5.115,0.2529,TCCGTACCCTTGAAGA,A317S,1,1
-5.116,0.4777,AAAACAGGGATCTACT,S369N,1,1
-5.116,0.4777,AACATTGTGATGAAAT,H17K,1,1
-5.116,0.4777,AACCACAAATATAATG,V406D,1,2
-5.116,0.4777,CCACGACCATATGATG,T12M R499K,2,2
-5.117,0.1482,GAAACAACCCCTAAAA,Q407P,1,1
-5.118,0.8598,TAGGGTATTAATAAGA,S145F,1,1
-5.118,0.2866,TGCCGCAACCACCACT,Y423T,1,1
-5.119,0.1387,AATTAAATTGAAAGAG,M462W,1,1
-5.121,0.09146,TTAAAACCCAAAACGA,R255G,1,2
-5.122,0.2262,AAATGTATTGTTTATA,G333T,1,1
-5.122,0.3306,CCTGAACAAGCAGGCA,G72S,1,1
-5.123,0.1592,TTCGGCTCAGCTCAAA,S378V,1,1
-5.123,0.614,AACTGCTAAACGATTA,H18S,1,1
-5.123,0.2047,ACGAGCATGTTAGCCC,P4W T128I E359K,3,3
-5.124,0.04342,GCAGGCCCAACTTTAA,N38V,1,3
-5.125,0.1719,GAGTCAATCTCCGTAC,I226N,1,1
-5.129,0.1162,TATACCAACCCCGTAA,Y100M I300Q,2,2
-5.129,0.1719,CTTTCTAGCAACAGGT,L367D,1,1
-5.131,0.2528,TCCATATATTGGAAGA,H56E,1,1
-5.132,0.2046,TAAGTCATATTAAACC,I335L H488M,2,2
-5.133,0.1592,AAATCCTTATTAATAT,I395R,1,1
-5.134,0.1102,CTATAGATACGTATCA,T235K,1,1
-5.137,0.8594,AAAATTACAATTACAA,K368E S422E,2,2
-5.137,0.8594,ACAACTAAAGTATTTT,F192I E344K,2,2
-5.137,0.4774,TAAGACATCTACCCAT,S205R,1,1
-5.137,0.2262,TTACAGGCTTGGAAGA,L118C,1,1
-5.137,1.432,AAATTACGAACAACAC,E41H,1,1
-5.137,0.3906,ATATCATACAAGCGAA,V43S,1,1
-5.137,0.2528,ATCTTTGAGAATCAGA,,0,0
-5.137,0.3906,GAAAAAAACTTGTACA,,0,0
-5.137,0.6139,TATTAGAACACGTCTA,S143H D186Y,2,2
-5.137,1.432,TTATCCAAAATCTATA,L455Q,1,1
-5.139,0.1048,CACAATATTTTAGTGA,T436S,1,1
-5.141,0.09142,ATACAATCGGATCATG,D85P,1,2
-5.141,0.1102,GCACGCCCTCAAAACA,H488F,1,1
-5.143,0.2864,AAAAAATTGTCAGAAT,P306M,1,1
-5.143,0.2864,TATAATGGGCTAACCA,Q164P,1,1
-5.143,0.2864,TCCTGCAAGATTATAA,E172M E443K,2,2
-5.145,0.05728,CAGCACCCACCAGCGA,F174K,1,1
-5.146,0.08424,CCCCATATAACATTAC,V402R,1,1
-5.146,0.08768,TAATTACTAAGTCTCA,M346I,1,1
-5.147,0.1161,ACACACAATTGCACTC,V130W,1,1
-5.147,0.1591,TAACTATCGAAATTCT,D7F I288S,2,2
-5.148,0.2527,ACACCACAACTGTAGA,E426K,1,1
-5.148,0.06609,TCGTCATACTAATAGC,A113T R222N,2,2
-5.15,0.6137,CGAACGATGAAAATAA,K176L,1,1
-5.153,0.2527,ACATACAGTAGTGTCC,V102W T328E,2,2
-5.153,0.3905,CGCACTCCACAAAATA,R299W,1,1
-5.155,0.1048,AACAAATGCACTTGCA,V309F,1,1
-5.155,0.8591,ATCAGGCCATGACCAA,F195W,1,1
-5.155,0.8591,CCATACCCCCAAAAAA,S422Q,1,1
-5.155,0.8591,TAACTCGCAATGTCTT,Y98E D438N,2,2
-5.155,0.8591,TCTAGCTACGGTCGAT,G465Y,1,1
-5.157,0.4772,CGGCCCTTAAATGATA,L428N,1,1
-5.158,0.05578,TTTAGCAATCCGTCCA,W350G,1,1
-5.158,0.2526,CATAAAAATTGATTGT,I245C,1,1
-5.159,0.08104,TATCCCTGGCCAACGT,S270N,1,1
-5.161,0.05302,AATTCACACTTAAATG,D186F,1,1
-5.161,0.2863,ACCACGATTATCTCAT,A113T,1,1
-5.161,0.2863,TCCTGAATATAATCCA,F448C,1,1
-5.162,0.3904,ATTAAACAATCACGAC,E443K,1,1
-5.162,0.3904,GCCTCTACACCATGAT,S115P,1,1
-5.163,0.05883,CACTAACAATTAAATA,I242P,1,1
-5.165,0.03734,AAAATACCAGTGGCTG,Q210P,1,1
-5.165,0.07808,AAGTTGATCAAAAGAA,L496S,1,1
-5.166,0.04719,AAAATAGTTTCGACAT,D441G,1,1
-5.167,0.1161,TTCCCGACCTAGCAAT,W153* R405T,2,2
-5.167,0.2863,AGGTCGGATCACCAAT,I374K,1,1
-5.167,1.431,ATCTAATTTGGTCCCC,P324M,1,1
-5.167,1.431,CAACACCCCTCATAAC,L70R G337D L428K,3,3
-5.167,0.4771,CAATTACACCGGACGC,S107N T235G,2,2
-5.167,0.4771,TATGACAAGATCTGCA,E460I,1,1
-5.167,0.4771,TTTTATCAGGCGATTT,G5P K380D,2,2
-5.169,0.2526,CCCCTGTGAAAAGATC,M268C,1,1
-5.169,0.07278,CGCCTAGCCTACAATC,A138Q,1,1
-5.172,0.2045,ACTAATTGAAAATGGG,F87M,1,1
-5.173,0.08419,TTAGGACCAAGCAAAG,P4G E401P,2,2
-5.173,0.8587,GTGAAACCTCGAAATA,A495G,1,1
-5.176,0.1227,AATGATATGCAACAAA,I67A,1,1
-5.176,0.6133,GAATATCTGATGCAAT,Q132C,1,1
-5.176,0.6133,GCAGATTAGTCAGAAA,L177F,1,1
-5.178,0.3903,ATACTTGCTAATTGAA,F353M,1,1
-5.178,0.3903,ATTAAACATTAAAACA,I34M N250Y,2,2
-5.179,0.3302,CAATGTATATAAGAAC,H183K,1,1
-5.179,0.03548,ATCACAACGACACACC,V309F,1,1
-5.181,0.148,ATTCATTAAGTAACTA,T65P,1,1
-5.181,0.1227,AGTATCCTAATAACGC,D474M,1,1
-5.182,0.05881,AGATAAGTAGGTCCTC,M346Y,1,1
-5.183,0.07037,TAATAACTTCTGCCAC,Q44K N126R,2,2
-5.185,0.2862,ATCCGGCCTTCCGCAA,T235G,1,1
-5.186,0.3302,AAAGATTACCACCCTA,G23P S369C,2,2
-5.186,0.1226,CACTTCTCGTCATGCA,R299N,1,1
-5.189,0.6132,GGGGCTATAGGACACA,L157V D225I,2,2
-5.189,0.2044,TCACAAAGATTGAACC,P289H I374K,2,2
-5.19,0.2259,ACTATACATTGACAAA,T128N S193H N489Y,3,3
-5.19,0.2525,ACGTACTAACATCCTA,D186L,1,1
-5.19,0.2525,TCCGACATAACCTCAA,T206A,1,1
-5.191,0.8584,ATAATGCAAATCAAAT,I179F,1,1
-5.191,0.8584,CACACTCTATTGACTA,I34A V130T,2,2
-5.191,0.8584,CCTAATGTCATTACTC,T206G N489A,2,2
-5.191,0.8584,CTGATACACCGAGTCA,A425T,1,1
-5.193,0.2044,TGAAAAATCATCCACT,F195Q,1,1
-5.194,0.2259,AACATCATCCACAAGA,Y98M,1,1
-5.194,0.02135,TGATAATAGAATCCCC,Q191K S198M,2,2
-5.195,0.07803,AGATCCAAATGACAGA,A113V,1,1
-5.196,0.2525,TCATTTAAGAACAAAA,D441R,1,1
-5.197,1.43,AGTAAACTCGAAAAAC,P306V,1,1
-5.197,1.43,AGTTAACAACAGAGTT,T318N,1,1
-5.2,0.13,AATGCAATGTGAAACG,D408N I478W D493R,3,3
-5.202,0.613,AGTTGACCTAACATAC,H488C,1,1
-5.205,0.04715,TTTCTAACTAAACCAT,Q371L,1,1
-5.207,0.03606,CACAAAGTTCCTATAC,F195Y,1,1
-5.207,0.4767,ATAAGCTTATGTCCGA,Q1I D241C,2,2
-5.207,0.07272,AACCTAACCCATACCA,Q311E E426F,2,2
-5.208,0.02073,ACTTTGGGTACCATGT,N424D L427V,2,2
-5.209,0.03275,AATTTATACAGTATGG,A138K,1,1
-5.209,0.8581,GACAGACTGAACATAA,F500K,1,1
-5.209,0.8581,TTCTCAGATTACAGTA,I202Q,1,1
-5.213,0.1716,TGATCGTAATAGCCAC,G379D E414K,2,3
-5.213,0.33,AATGATTCTACAACAA,V297S V402W,2,2
-5.214,0.09128,GAAGCAGAAGTAACAT,L439E,1,1
-5.214,0.6129,AATAATAAGCCAAACA,A106R T416F,2,2
-5.215,0.1865,TATACGCGGAAAGAAA,W343V,1,1
-5.217,0.2523,ACAGATTGTCCTATGT,A39M,1,1
-5.217,0.4766,AAAATACCAAATACAA,S136H,1,1
-5.217,0.4766,CTTCTCTAGCCGGACT,T128A R499K,2,2
-5.217,0.066,ACCGATAAATAATACA,R255C,1,1
-5.218,0.01607,AATATCACCCCCAGAA,P324S,1,1
-5.219,0.2043,TATAAAACGCAACAAC,E403G I502V,2,2
-5.219,0.39,ACTAGTAAATAACCTG,S270L,1,1
-5.22,0.08754,TATGAGCATTACCCAT,L367D,1,1
-5.22,0.33,TGCTAAAACGGTACAC,H18N,1,1
-5.221,0.286,TTACTAAAGTGTAATG,E35D S143N A196L,3,3
-5.221,0.08754,TGTCATTTTATATGCA,V20C,1,1
-5.222,0.2523,TGTCCTTAACACTAGC,T440F,1,1
-5.222,0.1226,ACTCCGGGGAGTACTT,E460S,1,1
-5.223,0.06808,ACCCTAGAACTTGGGA,I226H,1,1
-5.223,0.2043,GATGAAGAAGACAACT,H18N,1,1
-5.225,0.09975,GTTGTCAAATTTCTCT,D415Y,1,2
-5.227,0.6127,AATGATAAAACCTACA,D474C,1,1
-5.227,0.6127,AGGAGGTAAACGCTCT,N53I R499K,2,2
-5.227,0.8578,CACCTATCTTCAACAG,G218D I395K,2,2
-5.227,0.8578,CATATAAGCTAATACT,R456F,1,1
-5.227,1.43,CGCGAACCATCCAAAT,G303R,1,1
-5.227,0.8578,CGTAAACACACGGAAA,T206M,1,1
-5.227,1.43,CTAATTATCATAAGAT,K397I,1,1
-5.227,0.07798,CTATATTTAGCGTGTC,N250M,1,1
-5.227,0.8578,CTCTAGCACAATTTTA,C76W,1,1
-5.227,0.3899,CTTACACCACAAAAAA,K380D,1,1
-5.227,1.43,CTTTCCACAATGGATC,L243E N498Q,2,2
-5.227,0.2257,GACACGCCGTTCAGTA,A69R,1,2
-5.227,1.43,TATAGATAGCACCTCA,P324L E432Y,2,2
-5.227,0.0284,TCCTGACATATCAGCA,D77H D415L,2,2
-5.228,0.05875,GACAAACTCCAATATC,V130W,1,1
-5.23,0.1383,CCACGATATGTCCCAT,A106Y P284N,2,2
-5.231,0.2257,ACATGTAAAATATACC,I267E,1,1
-5.232,0.2523,CGCTTCACATTAACGC,D68G E414L,2,2
-5.233,0.1046,ATTAATAAAACGATAC,I232Y,1,1
-5.234,0.3299,CAGTGTACATGCATTC,H183W,1,1
-5.235,0.3898,ACATTTAACATCCAAG,D438G,1,1
-5.235,0.2042,TATTTGACATATAACG,A317G,1,1
-5.237,0.4764,AGCAAAAATAATAATC,P239D,1,1
-5.237,0.4764,TGAAAATTTTTAGATT,T318R,1,1
-5.237,0.4764,TGAAATTGTATTAGTG,L243Y E401F,2,2
-5.238,0.1864,CTTACTCATAGAGACT,N424Y,1,1
-5.238,0.2859,CGCAACCTAAAGATAC,R383W,1,3
-5.239,0.06039,TGAACCATGGTTGCAA,D241A,1,1
-5.239,0.6125,TAGAAACGATAACCCC,V130W,1,1
-5.239,0.2042,ATATCCGCTAGCCCAT,Y412D,1,1
-5.242,0.2522,TGCAATCTTATTCGAG,G23Q N475D,2,2
-5.243,0.3898,AGAACCTTCTGAACGC,N190G,1,1
-5.243,0.1588,AGTATACATATCGGTA,A336G,1,1
-5.244,0.8575,AATCGTCACCCGACGG,G362M,1,1
-5.244,0.8575,ATAACCAGATAAATTT,V223N F500C,2,2
-5.244,0.8575,ATAATAAGACAGTCTA,,0,0
-5.244,0.8575,GACCCAAATAACGCAG,N322L,1,1
-5.244,0.8575,GGACTTTCCCATGTAC,I34M S480V,2,2
-5.244,0.8575,TTATGTCATTATAAAA,D415Q E457K,2,2
-5.245,0.1478,AATAACAATCTCTACA,V406G,1,1
-5.245,0.2256,ATCTACGCAAATAAAG,V130W,1,1
-5.245,0.2256,TGAATTTTAACCGAAC,R109A N190D D291K N497M,4,5
-5.246,0.1864,GTGACCAGCCGTCAAC,V323D,1,1
-5.248,0.1299,ATCTAAGATATAATAA,L496R,1,1
-5.248,0.05873,AGTCCATACAGTGTGT,N165P,1,1
-5.25,0.2858,TAAAGTGTCTAGAACA,N190P,1,2
-5.252,0.6124,AAAAACCACTTAAACA,T235H,1,1
-5.252,0.6124,TGAATTATATGAATAT,D60W,1,1
-5.252,0.6124,TTTAGAATCCTTCATG,I226S,1,1
-5.252,0.2522,GACAAAATTATTGCTT,P306M,1,1
-5.254,0.3297,ACAAAGGGTAACTCCT,G240H E398K,2,2
-5.254,0.06595,TAATATATAGCTTAAA,K453E,1,1
-5.254,0.1478,GGATAAATAGAAAATC,F79V E432N,2,2
-5.255,0.1383,GCACAAAATTAAATGC,I226S,1,1
-5.256,1.429,AAACATACAAATCAAA,S358R,1,1
-5.256,1.429,AAAGACCCCTAACACT,G319I,1,1
-5.256,1.429,ACTAGCCTACAATTGA,K450C,1,1
-5.256,1.429,ATAAACACCCTCATAA,C466V,1,1
-5.256,1.429,CAAACACAATGACTCG,Q44L,1,1
-5.256,1.429,TATCTTACATTTGGAC,Y412W,1,1
-5.256,1.429,TCTATGCGAGACGTGG,F147S R383E,2,2
-5.256,1.429,TCTTATTAAGAAATAA,R229L C473F,2,2
-5.256,0.4763,AAAATTTCGCTGAAAC,V406K,1,1
-5.256,0.4763,TCTTGATCTCTCTAGT,D441R,1,1
-5.257,0.2521,CCCCACATGTAAAACA,P215W,1,1
-5.258,0.1383,GTCATACATCTAAGAG,D438G,1,1
-5.258,0.3897,TAAGGTCCCTGGCATC,K131D,1,1
-5.259,0.05292,AGAATTGTTAAGTTTG,V182N,1,1
-5.259,0.1587,ATAAAGGACAAGTCGT,L194T,1,1
-5.259,0.08404,TAAGTAATGCTCTCTA,D175E D438H,2,2
-5.26,0.2041,AATTATACACAGAGTA,E359C,1,1
-5.261,0.1045,GCATAGTGAATACTGC,L66A V347C,2,2
-5.261,0.8572,AGTACATTCAGATTAA,L15E,1,2
-5.261,0.8572,CGTCTATCACGATGTT,I267R,1,1
-5.261,0.8572,TCTCGATCTAGGTAAA,R329S,1,1
-5.264,0.6122,ACCCCAGGTATATCCG,I226K,1,1
-5.264,0.6122,ATTATTAGTGATCGAG,,0,0
-5.264,0.6122,TCAAGTACCGCAATGC,A93V V237T,2,2
-5.264,0.6122,TGGAAATCAACTAACT,L59N,1,1
-5.267,0.3297,GATGAGAACATGAGAT,F195G,1,1
-5.267,0.2857,GCGATCTAATTGATCT,H183C G345C,2,2
-5.268,0.1714,CTAACCGCCAGCTAAT,I245W,1,1
-5.268,0.1714,GTCTTTACGCTAATAA,D241M,1,1
-5.268,0.1587,TAAGACGAAAAAACCA,D441I,1,1
-5.271,0.06802,TCCAAAGATTTCATCA,V166D,1,1
-5.271,0.1045,GGCCTAACAAGCAAAA,A364L,1,1
-5.272,0.1863,CTGACATACGCACCAT,A253N D474N,2,2
-5.272,0.2521,ATACTTGTCTTGACCA,V323D,1,1
-5.273,0.2857,GATTTACATAAACCCA,R299D,1,1
-5.273,0.3296,GAAAAATTTTGCTACA,L420E,1,1
-5.274,0.3895,ATAATCTGAATCAAAG,H488V,1,1
-5.275,0.4761,AAGTAACGTAAATAGA,,0,0
-5.275,0.1587,CATATCCCATCTTTGA,T206Q,1,1
-5.275,0.4761,TAAACGCACATCAAAA,N341T,1,1
-5.275,0.4761,TCACACACAAGTGAAA,K207C L420T,2,2
-5.276,0.6121,AGAGCGAGGACAAAAC,F332Y,1,1
-5.276,0.6121,TAGTAGTATTAGAATC,P162E,1,1
-5.278,0.8569,AACCATCCCTCTAATT,K207F D271G,2,2
-5.278,0.8569,AATTCAAGCATCATTA,E398K,1,1
-5.278,0.2856,ATAACATAGTCAATTT,T235Y,1,1
-5.278,0.8569,CGAAAATAAAGGAAAT,G116A,1,1
-5.278,0.8569,GTCAAATACTGGTTTA,Q371L,1,1
-5.278,0.8569,GTGGATCCTAGAGAAT,S205K,1,1
-5.278,0.1224,TAAACTTTTATTTCCA,D186C,1,1
-5.278,0.8569,TAACAATACGATATAC,S156P,1,1
-5.278,0.8569,TAGTACATTGTAAAGG,N165P,1,1
-5.281,0.2255,GCTAAGTCATTCAAAG,Q164R,1,1
-5.281,0.3895,CGACTCCGACCACTAC,N6G I260S L431Q,3,3
-5.281,0.3895,TGAAGATTATAACAAG,W350N,1,1
-5.281,0.3895,TGCTGAAATAACCTGA,C305A,1,1
-5.284,1.428,AAATCTCCCTTTTAAA,G5S F174R,2,2
-5.284,1.428,AACCCTAGATATTTAC,M346R,1,1
-5.284,0.476,CCCCTATATACTATAA,I267E,1,1
-5.284,0.204,CCTGATCAAAAAAGTT,D438L,1,1
-5.284,1.428,CTAGATCAAGGGATAA,N170Q,1,1
-5.284,1.428,TAAACTCAAGATACTG,G465H,1,1
-5.284,1.428,TCAAAAATTAATCCAA,D441N,1,1
-5.287,0.1587,CTTATGCGAGAATTTT,K453E,1,1
-5.287,0.252,AGAAAGTGGCAACAAG,A365V,1,1
-5.288,0.612,TAATTATTCATACATA,M268A,1,1
-5.29,0.2254,AGCCATCTGCCTCACA,Y423Q,1,1
-5.29,0.05563,AAGTTGAGGTCCCTTT,I274H,1,1
-5.29,0.1224,AAATGGCTTTAGTAAA,V204C,1,1
-5.291,0.07515,ACCTACCACAACGAAA,W234V,1,1
-5.292,0.204,ATATGAAATTAAGAAT,Y98E,1,2
-5.292,0.09961,TTTAATCTGCTATACC,N498D,1,1
-5.293,0.4759,TCCACAACCTCAACCG,K452V,1,1
-5.295,0.1098,CAACATACTCTACAGG,F147Y,1,1
-5.295,0.8566,AAATATATACAAATGT,I374E T440R,2,2
-5.295,0.8566,AATATTGACAAAGACA,F120L A364S,2,2
-5.295,0.2855,CGAACGGGTTGCATAA,P239F,1,1
-5.295,0.8566,CGACATGATCTAGATT,C76N,1,1
-5.295,0.8566,GAGTTATCCAGATTAA,Y100R,1,1
-5.295,0.2855,GTAACACAATTCGTAT,S287V,1,1
-5.295,0.8566,TATACCATGCACACTA,G249T R269I,2,2
-5.295,0.8566,TATATGCCGCATATAA,K131F,1,1
-5.295,0.8566,TCAAAAATAACCACAT,Q371Y,1,1
-5.296,0.1382,AAGTAAATAGCTGCTA,E460G,1,1
-5.297,0.3894,GCTGCTCCATGTAAAC,V130L K503C,2,2
-5.298,0.1224,TAACCCACGCCAAATG,E460Q,1,1
-5.299,0.3294,ATGAACATAAAATACC,S480V,1,1
-5.3,0.6118,CATTCCTACCTGATGA,E325K D438T,2,2
-5.3,0.6118,TAACTTCCATCCTAAA,T313I,1,1
-5.3,0.1477,AAAAATTGTCAACGTA,V323D,1,1
-5.3,0.04923,AGCAAATTACACCTAT,N341K,1,1
-5.3,0.1477,GAAGGGCATCTCCTCA,I29C A196S D415N,3,4
-5.302,0.1045,ATAGCTATCAATGAAC,Y98N,1,1
-5.303,0.4758,ATGCAAATGTTATAAT,R482N,1,1
-5.303,0.0874,CTTAAAACTCCCGCCT,K238W N475V,2,2
-5.305,0.1862,TAGATTCACGAGACGT,D225R E432T,2,2
-5.305,0.3294,TAACAAAAAATTCCAT,T206V,1,1
-5.306,0.06031,ACTTAAGCTATAAAAC,E449Y,1,1
-5.306,0.09516,TAGCTCATGCGTGACT,Q44R F338Y,2,2
-5.309,0.1586,TCAGTCCCTGACGAGC,N458S,1,1
-5.309,0.1477,GTTCTGATCGAGATAG,Q210P,1,1
-5.312,0.8563,AAAATGAGCGAAATCA,K397E Q501R,2,2
-5.312,1.427,ACTCAGTACAGACTCG,E494R,1,1
-5.312,0.6117,AGTAGATATTAAACAT,P99A,1,1
-5.312,1.427,ATCAACTGAAAACAAT,L194H,1,1
-5.312,1.427,ATTGAAAAAACCAAGT,Y161E Y423R,2,2
-5.312,1.427,CAAAGAATATAATAAC,T436Q,1,1
-5.312,0.8563,CCAAAATAATATTAGG,N250Q,1,1
-5.312,0.2519,GACAAATTCAAAACAT,Y412A,1,1
-5.312,1.427,GCCCACGGTACAAGAA,P254C,1,1
-5.312,1.427,GTTCAAGGATAGAAAT,W153T,1,1
-5.312,0.08738,GTTGTAAATAATCTGC,V182H,1,1
-5.312,1.427,TAACCACCGCAAGATA,F192D,1,1
-5.312,0.6117,TACATACCAAATACGC,E89S,1,1
-5.312,0.8563,TGAAACAGAGAATAAC,A459Y,1,1
-5.312,0.6117,TTGCCTAACTGGGCAG,H184W E484Y,2,2
-5.314,0.1044,ATTCATAAAAGAGGAA,L316W,1,1
-5.314,0.1157,GTAATTCGACCACGTA,G5D G362H,2,2
-5.314,0.04507,TTAGATTGATCTCAGC,E432T,1,1
-5.318,0.1044,ACCTTAGAGACAGTAA,Y423V,1,1
-5.318,0.3293,CCAGAATCAATCCATT,W421V,1,1
-5.318,0.3293,TGATTTGTCAGCCTCC,N126G T206V,2,2
-5.319,0.05285,AACAGGTGTTTCCCAG,G23S I418E,2,3
-5.319,0.1861,CTTATTTATCCGCTTC,D366N Y412E,2,2
-5.32,0.2253,GCAGACTAAAAGGGAC,R492D,1,1
-5.321,0.4757,AAGATAAATGTCGAAC,G129A N296K,2,2
-5.323,0.6115,AATCGATACTTTGACT,E414G D487H,2,2
-5.323,0.6115,TGTGACCAATTGCGAA,E410P,1,1
-5.326,0.06795,GGCCTGGCACGAAGCA,N122S L439H,2,2
-5.327,0.3891,AATATACCTGAATACA,L439R,1,1
-5.327,0.2038,ACCGTGATGATTTCCT,T206Q,1,1
-5.327,0.2038,GTTGCTAGTTAAAGAG,A317N,1,1
-5.327,0.2038,TCAAGCTTTTAACCTT,T187N G249C,2,2
-5.328,0.8561,CTTTAGTCACAAGTAC,W234T,1,1
-5.328,0.08735,CTAAAACTAATCATAC,G129C,1,1
-5.331,0.03856,ACATTAAGCAATCCAT,I58C,1,1
-5.331,0.1712,CGTAACTCCGAAATCG,G200D A373V,2,2
-5.332,0.1297,CACTATAACCCGAACA,K452I,1,1
-5.332,0.09511,CAAGTGAAGAGTCGAC,T436V,1,1
-5.332,0.03722,ATGAACCAAGTAATCC,Y233T,1,1
-5.334,0.2853,AAAATAATTGTTACAT,P4Q S205R,2,2
-5.334,0.3891,ACGAAGAACAACATAA,I226N,1,1
-5.335,0.6114,CCCTTGCCAAAAATAA,N389V,1,1
-5.335,0.1381,TTATACTACATGCGGG,D438L,1,1
-5.336,0.1585,CATGTCCTTGCCAGAG,A11L,1,1
-5.339,0.4755,AAACAATTAAACATCG,P74A,1,1
-5.339,1.426,AAGATTTAAGTTAAAT,M346T,1,1
-5.339,1.426,ACCAACATGGAAGTAT,G360K,1,1
-5.339,1.426,ACTATTTTCTTACTCA,G256I E449*,2,2
-5.339,1.426,ATTAAACTAACTATGG,L177N A272D K387A,3,4
-5.339,1.426,TCGAGTCAGGTAGTGC,A253P,1,1
-5.34,0.1476,TAAAGAAGTTGACACA,A113T A304S,2,3
-5.341,0.389,GTTAGATGATCCGCAT,L447Y K503N,2,2
-5.343,0.3292,ATCCAGACATCCAACA,R405C,1,1
-5.343,0.3292,GAATTTCAGCTCATCT,L194Q,1,1
-5.343,0.3292,TCATTCTTGAGTTCGC,Q164K,1,1
-5.344,0.2853,AACACTCCAAACCATT,Y302A,1,1
-5.344,0.8558,AACCATTTAAAGCACC,A196I,1,1
-5.344,0.2853,ACACAATGGTCGATGT,T203M,1,2
-5.344,0.1712,ACCTTGGTCACATAAG,S137H,1,1
-5.344,0.8558,ACTAGGAACACGGAGT,S247M,1,1
-5.346,0.1044,AGCAAATTACATATTT,I3K V182E,2,2
-5.346,0.2252,ACACAAATGAACATAG,R220E,1,1
-5.348,0.4754,CCGAGTGCAACACCGA,G249D,1,1
-5.348,0.4754,TCATTAACCCAAGCCA,Y423C,1,1
-5.35,0.2852,AAGCAAGCACCTTACA,Q44K L455C,2,2
-5.351,0.186,TTACAGACTCGAATAT,V204S,1,1
-5.355,0.2517,CCACGGAATTGAAAAG,A19Q,1,1
-5.355,0.2517,TAATATCAAACCTTTC,L59S N498Y,2,2
-5.357,0.4753,CCTTGTACACGGACTG,S9R L496Y,2,2
-5.358,0.06385,ATTACCAATAAGAATA,D60W,1,1
-5.358,0.6111,ACAGGATTCGCTAACA,T313R,1,1
-5.358,0.6111,TACCAGATCAACCGCA,N464L,1,1
-5.36,0.8555,CTCTTATTCTTGCATA,G218D G386E,2,3
-5.36,0.8555,GAACGTTTACTCACTA,N152V,1,1
-5.36,0.8555,TATAATACTTAAAAAA,Y98K,1,1
-5.361,0.186,ACCTCTTACCTGTGAT,F79D N341L,2,2
-5.363,0.09948,ATATGATTCTTAATCG,E432I,1,2
-5.363,0.3889,ACTTCCCATTTAATAC,P169R H488Y V490I,3,3
-5.363,0.3889,TATCACCTGAGGTCAG,P221V,1,1
-5.364,0.138,TGATGGAAACACCTAA,V88M S270A,2,2
-5.364,0.09948,AGTTCAGGTCTAATTA,N152Q,1,1
-5.366,1.426,AGCTTAAGACAACATT,C305L,1,1
-5.366,0.4753,CAGAATCGAATGAAAT,,0,0
-5.366,1.426,CCAAATAAAGCTCTCC,Y100E,1,1
-5.366,1.426,CTACGCGCGACCAAAT,C473D,1,1
-5.366,1.426,GCAAAGCGCAGTACGC,D408P,1,1
-5.366,0.4753,TAACAACACCATATAT,P221E,1,1
-5.366,1.426,TACTCGAATAAATAAA,G352H,1,1
-5.369,0.2037,ACAACTATATAACCCA,S137N S378L,2,2
-5.369,0.611,AGCAAGAATGAACTTT,R499Q,1,2
-5.369,0.611,CGCTTGCCGATGGTAG,V406S,1,1
-5.37,0.3888,GTAAAAGACGAACGCG,H184R Y423W,2,2
-5.371,0.06789,CAGAATAACCCAGATG,I374K,1,1
-5.371,0.08728,GTTGTTTTACAATAGG,G218Y A272R L384A,3,3
-5.372,0.1584,CGTAATATCAAATACT,P254M,1,1
-5.373,0.1475,CCAATCCTCACCACTT,N341T,1,1
-5.374,0.329,AACGCGAGTATTAACA,T37A,1,1
-5.374,0.1097,CCGTGGATGGACGGAT,S270L,1,2
-5.374,0.4752,AAAAACTCTTCCGAAA,I179C G345D R405T,3,3
-5.374,0.4752,ACATAATTCCATCGGA,E119G,1,1
-5.375,0.1859,CTATCCCTATAAAGAA,T206M,1,1
-5.375,0.1296,ACTCGTAATGTGTCAT,S480I,1,1
-5.376,0.8553,GCAGTAACATTACGTC,G362W,1,1
-5.376,0.2851,GGCTAAATTAATCAAA,Y98H,1,3
-5.377,0.07503,CTATTATCTACGTTCT,D241C,1,1
-5.377,0.1584,AATTCAATCTCCATCC,T12N G263I,2,2
-5.378,0.04598,TCTGATCCTACTATCC,T206Q,1,1
-5.38,0.2251,GACTTTTTTAGGATTA,S312R M346I,2,2
-5.38,0.3289,ACGCGATGCGACAGCG,K326N D438R,2,2
-5.38,0.03477,CCGCCACCTTAGCATC,N152A,1,1
-5.381,0.6109,ACCATGCTCTCATTCA,D186P,1,1
-5.381,0.6109,GAACTATCCTACGCAA,D419T,1,1
-5.383,0.2515,CATGATTTACGAATCG,G218R D493L,2,2
-5.383,0.4751,ACGAACAGCCTGAACT,V402S,1,1
-5.383,0.4751,TATATGGTGGGTCACT,E494C,1,1
-5.385,0.3887,TTGAATCAAGACCATC,,0,0
-5.386,0.3289,CCAATACCATCTACTA,A373G,1,1
-5.388,0.2036,TTTGAATATAGTGTCC,Q434A,1,1
-5.39,0.1096,AATGCACACAGTGTTC,Y412K,1,1
-5.392,0.855,AGCATCTGAGTTGAAC,R224M,1,1
-5.392,0.855,ATTAACGGACCTCGTA,V36A,1,1
-5.392,0.6108,CATATTTGGTACCCCT,S205V M444I,2,2
-5.392,0.3289,CTAGTCATTACAGTAT,V204I D291W G330S,3,4
-5.392,0.855,CTCTCTTAATCAAACT,D438H,1,1
-5.392,0.855,TCAAACATGCAATGGT,Y412N,1,1
-5.392,0.1583,TTGCAGAAACGGGAAA,P239W,1,1
-5.392,0.3887,AAGGTGCCCGTAAAAA,E344K,1,1
-5.392,0.285,CGCATGGTATTCAGTC,S480I,1,1
-5.392,1.425,CTATAAACCTATTTAA,C477S,1,1
-5.392,0.285,GAGCTTAAACGACTTG,V323P,1,1
-5.392,1.425,GGGGCTTCAATGTGTG,,0,0
-5.392,1.425,TCAAACACCGATCCAC,G352M,1,1
-5.395,0.1474,ATACAGTCATAGAATA,R222W,1,1
-5.395,0.1859,CTCGACCAGGCCCACA,V406D,1,2
-5.396,0.1221,TAGTAATCCCGTACAA,V182N,1,1
-5.397,0.285,AAATATACACTTTCTA,S136L,1,2
-5.397,0.1474,AACTGAGACCACTCTT,S193N,1,1
-5.399,0.3886,TCCTGAATTGTCGCCT,A196V G249C,2,2
-5.401,0.2514,ATTGACAACACACTTA,A113T,1,1
-5.402,0.1379,AATCTAAAGAAATTAA,N298V,1,2
-5.402,0.285,TATTGATGCGATCTGA,I25P A163H Y486I,3,3
-5.403,0.0312,CGTGCACCATTGACCA,V20C,1,1
-5.404,0.3288,GTTGAAGGACTACGAA,L70W,1,1
-5.405,0.1858,AAGAAGATTCTGAAAA,R222W,1,1
-5.406,0.3886,AACCTACAGTATGAAA,R222I H435A,2,2
-5.407,0.06194,AATACAAAATTAACAC,Q164R,1,1
-5.407,0.2035,CTAATCATCTCATCAT,I274G,1,1
-5.407,0.8548,ATCTAATTAATTACCC,A138F,1,1
-5.407,0.8548,CGGGTTTCACTGCAAT,D60L,1,1
-5.407,0.8548,GAAATCACTTGAAGAA,D68Q S265A,2,2
-5.407,0.8548,TAACACAATAAAAGAG,L496N,1,2
-5.409,0.4749,AAATTAAAGCCTCCTA,R208L D225N,2,2
-5.409,0.4749,ATAAAAAATCCCCTAT,L420N,1,1
-5.413,0.1155,CAAAGAACATGAACTC,P324S I331L,2,2
-5.413,0.1474,CCAAGAGTAAAGAAAG,S378I,1,1
-5.416,0.3287,CTCGTCCATTAATATA,A69N K171S,2,2
-5.416,0.3287,TTGTCAAACGCAGGCA,P74C,1,1
-5.416,0.1474,TCATGCTAGACTCCAG,N464W,1,1
-5.416,0.2249,TAATTTTAGCCAAACT,S205E G386R,2,2
-5.418,1.424,AAGCCAAATAAGACTT,S193G F392I E398S,3,3
-5.418,1.424,ATTGAGACCACATGAA,R456D,1,1
-5.418,1.424,TTTAACAAACCTATCT,Y486H,1,1
-5.419,0.1378,AAAAAAGCGCCCCTAA,W127L,1,1
-5.42,0.3885,AAGGTTCCAAAGAGTT,G349R Y412R,2,2
-5.42,0.07769,CCTCTCATGTCAAAAA,N498P,1,1
-5.423,0.8546,TGTAACGATAACTAAG,P74S,1,1
-5.424,0.1096,CTTTCTACCAACGGAA,I242P,1,1
-5.425,0.6104,TAAATTACAAAACATC,R229Q R383K,2,2
-5.426,0.4747,ACCACGTCCACTACAA,P306R,1,1
-5.426,0.4747,GAAAATAACTACCCAA,N246M,1,1
-5.429,0.1858,TTACCAGGGCGTGCAA,L439E,1,1
-5.429,0.1221,TCTCTAATTACACTTC,L427N,1,1
-5.43,0.07768,AAGCAAGACACAATAC,N81K R229I R269K,3,3
-5.432,0.2249,TTACCACAGACGATTA,G463E,1,1
-5.434,0.3884,AATTCTAGGAAGATCA,P227D,1,1
-5.434,0.06376,CCCCAGAAAATCCGAA,D85H C139H,2,2
-5.436,0.6103,ATATCTCACCCATCTG,K411D T485C,2,2
-5.436,0.6103,CAATACCGCGGATCTC,T155G,1,1
-5.436,0.6103,GTCAACTAATCTCCAC,,0,0
-5.438,0.8543,AAAGTCACTAAACGAG,Y351D,1,1
-5.438,0.1709,CAACTTACCACTCGTG,R361G H435G,2,2
-5.438,0.1294,CAGTTTAAAAATTGCC,D101G R383W,2,2
-5.439,0.1042,TAAGCCCAAGAATGAT,I202P,1,1
-5.439,0.3286,GACCAATGGCCACACA,S193D,1,1
-5.439,0.2034,TCCCCCAGATATTACC,T370H,1,1
-5.441,0.3883,TATCATGGACCACCAG,M346I,1,1
-5.441,0.1378,AACTATAACTGAAAAA,I339C,1,1
-5.442,0.2513,AATACAGAGGAGAAAC,Q164W,1,1
-5.443,1.424,AAAAACACTTATCGCA,R92A E457H,2,2
-5.443,1.424,ACATCAGCACTACGGT,N483G,1,1
-5.443,1.424,AGACTCCAAATTTCGG,Y412T,1,1
-5.443,0.2034,ATAGTTAACAACAGAA,S378I,1,1
-5.443,0.2848,ATCTAACAATAAAGTC,S378W H435Q,2,3
-5.443,1.424,ATTCATCCTAGATAAA,W153G,1,1
-5.443,1.424,CAGACCATCTTTGATA,Q311C E398K,2,2
-5.443,0.4746,CTCAATATCACTCAAA,Q454W,1,1
-5.443,1.424,CTGTAGTTCTTGATCC,P74Q,1,2
-5.443,1.424,GAAACACCCCAATAAG,A163S P239Y,2,2
-5.443,1.424,GAATGGGTCTGCAAGA,I481H,1,1
-5.443,1.424,TGTCTAATGTAAATTC,W234V,1,1
-5.443,1.424,TGTCTACACTGATTTA,G142M R492F,2,2
-5.444,0.07493,CAGACCCACGCAAATA,A113E,1,1
-5.445,0.1857,AAATCGTTATAATAGA,L151Y,1,1
-5.447,0.6102,AGCATAAGATTCGTAT,S193N,1,2
-5.447,0.6102,ATTGTAAATTACATCA,A138V,1,1
-5.448,0.1154,TCCTAAACTGGACAGC,K207G G286S,2,2
-5.448,0.1857,TGCATGATTAGCCAAT,T436I,1,1
-5.449,0.1582,TCCTTAATGAACAATC,A138T,1,1
-5.45,0.2034,ATCGAGAACTGACTCT,Q173S V323D,2,2
-5.45,0.03991,ACGATAACTCATTCGA,V182W,1,1
-5.452,0.2248,TTCAAATTTAGTAAAG,P74M E359K,2,3
-5.453,0.8541,AACCAAATGTGAGTTA,D241C,1,1
-5.453,0.8541,GTAACCTTTTTTTTCA,V166Y Q311E,2,2
-5.453,0.8541,TTACATACAAAATGGA,E359K,1,1
-5.454,0.05145,CGAATGCATTGTTATC,S110N I242Y,2,2
-5.454,0.3882,GCCCAATTAAATGTGA,T117A R299D,2,3
-5.456,0.1378,TCTATAAAATCAAACT,R208P N475F,2,2
-5.456,0.3285,CTTTTTAAAAGCAACC,F195I,1,1
-5.457,0.61,AAGCGGGCGCACGACA,L177R,1,1
-5.457,0.61,AATCGTCCATTAAAAG,D487N V490P,2,2
-5.458,0.2847,TGACTGGAGGGCGACA,L177F,1,1
-5.459,0.2512,GAGTACCGAAGGATAC,D438G,1,2
-5.46,0.4745,AAATGGATATGTAAAC,P324S,1,1
-5.46,0.4745,AATACGGCTATACGGA,M346G,1,1
-5.46,0.07764,ACAAGCCATCTCACAA,F195Q,1,1
-5.46,0.1472,AATGCATACTAGTTGT,H18N,1,1
-5.462,0.3285,ATGTTTCAAAGACAAC,W343Y,1,1
-5.462,0.06569,TACGCAGAAAAAACTA,L194A N489Y,2,2
-5.463,0.2847,TGACTATAATGCCCAA,T370G,1,1
-5.464,0.2512,CATCTATTTTACACCT,E119G,1,2
-5.464,0.2247,CTAATAAACATACCCC,I374D,1,1
-5.465,0.1377,TCTAATGCAAATAACT,L316C,1,1
-5.468,0.3284,AAATAATCGATACAAA,R109Y,1,1
-5.468,0.3881,AACATGCACCAGCCGT,T235M,1,1
-5.468,0.1856,AATTCATACGAAGGCA,L70W,1,1
-5.468,0.3881,AGCTTGAGAACTAGTA,Y308M,1,1
-5.468,0.8539,ATATTTAGACTATAAC,G286C,1,1
-5.468,0.3881,CATACCATCTTTCCTT,I274V L496N,2,2
-5.468,0.2247,CGAATCGACTATCTTT,F195N S205I L420R,3,3
-5.468,1.423,GGGACGGATCGTATCC,Q1*,1,1
-5.468,0.8539,TAGAATGTCCCCCTCC,L431R,1,1
-5.468,1.423,TCAATCGGCCGCTATA,R109C,1,1
-5.468,1.423,TGAAATTGCTCCATAA,G249M,1,2
-5.468,0.8539,TGGAGATCTTGTAATA,G61P,1,1
-5.468,0.4744,TTATAAACCCCAGCTT,Y491M,1,1
-5.472,0.2511,ATAAATTCGTAGACTC,D441R,1,1
-5.474,0.3284,TATAGTATCTCCGAGA,R90G,1,1
-5.474,0.3284,TTACTTAGATTTAAGC,D366W,1,1
-5.475,0.1041,ACACGTAAGAAATGTG,Q211A D408C,2,2
-5.476,0.2247,GAGCTGAAAACCGGTA,H18G E390K,2,2
-5.476,0.4743,AAACAGCAAAATGTTG,E410L D419Y,2,2
-5.476,0.4743,ATTAGATCTTTAACGA,R224N,1,1
-5.476,0.4743,TAATATAGGTCAATAA,G181Q A365V,2,2
-5.477,0.2511,CCTTACTTGACACCAA,D104R M462N,2,2
-5.477,0.1856,TGGTATTCACTCAGAC,V36T,1,1
-5.48,0.1154,ACTCATAAGTCATACT,F448Q,1,1
-5.482,0.2033,TGACTAATTTAATATC,Q434R,1,1
-5.483,0.8537,AAATGAACGTCATGGT,R456V,1,1
-5.483,0.8537,AGCGTGCTGTAGCCAA,K368T T451L,2,2
-5.483,0.1707,TAATCTATACCGGGAA,G463W,1,1
-5.483,0.8537,TAGCGATAGAAACTAT,L118I A365K,2,2
-5.483,0.8537,TTATACACCTTCTCTG,G345D R383P,2,2
-5.484,0.4743,AACTTATGACGCCGCA,M346Y,1,1
-5.484,0.4743,AACTTTTGCAACTACT,Y233H G362V,2,2
-5.484,0.4743,AGCCTGCAGTAGAAAT,S369F,1,1
-5.484,0.4743,TTCATCGTACCAGACC,L316W,1,1
-5.485,0.3283,ATTACAGTCACTTAAA,G362M,1,1
-5.485,0.2511,ATCAGATGGTAGACAG,I58S,1,1
-5.485,0.2032,TCCCTACTGGCCAAGC,P227S,1,1
-5.488,0.388,AACCATCCACACTCAA,G463D,1,1
-5.488,0.388,CAATACTTCTGATTTT,F87L,1,1
-5.489,0.6097,GTAAAGCCCTAAAGAT,I245W,1,1
-5.49,0.3283,ACTTACCCTCTAGCAC,W153V,1,1
-5.492,0.04795,AAAACCAGCCCAACAA,F192Y E410K D415N,3,3
-5.492,1.423,AAATAACGACCAGGAG,E89D A365F,2,2
-5.492,1.423,AGTGTGCCTAAGTTCA,S95A I335T,2,2
-5.492,0.2845,TACGTACTAATCCAAC,A138R,1,1
-5.496,0.0908,TTACTCCCTTCAAACA,I274W V406R,2,2
-5.497,0.8535,AATCTCCCGCGGTTAA,D474M,1,1
-5.497,0.8535,ACGCTTTTGTTAAAAT,G23Y S480Y,2,2
-5.497,0.8535,ATATACTTAAATAAAC,Q454D,1,1
-5.499,0.6096,CATTGCATTAAAATAA,Q132L Q173C I418N,3,4
-5.5,0.4741,AACCAACAAGAAAAAG,D32C H435L,2,2
-5.5,0.4741,CCTCAACTACATAATA,N38Q L431Q,2,2
-5.501,0.1219,AATACCACTTCATTAA,,0,0
-5.502,0.3282,AACAAATTCAATTTTG,A317T R482N,2,2
-5.502,0.2845,GCATATCAAAATTATA,L194P,1,1
-5.506,0.2246,GTGTAGACCATTCTGA,P227H F332W,2,2
-5.506,0.04689,ATAGAGAAATCAAAAT,K380D,1,1
-5.508,0.1471,TGTGCTTTAGACGTTT,V43M,1,1
-5.508,0.4741,GAAGTTAGTCACTCAC,G463D,1,1
-5.509,0.1855,ACCACCCAACATAGAG,S205K,1,1
-5.51,0.6095,CTCAAATTCTCTAAGA,S205K,1,1
-5.51,0.6095,GAAAAATACCAACTTG,,0,0
-5.51,0.6095,TGCCATTTGTACCAGT,D474H,1,1
-5.51,0.2245,AGTCCTCAATACCTTA,K380A,1,1
-5.512,0.8533,AATAAATCCGAAACAA,Y233T,1,1
-5.512,0.8533,AATAACAAAAAAGTAA,L420W,1,1
-5.512,0.8533,CCAAACGCATACCGTA,N246M,1,1
-5.512,0.8533,GCACTCCTGCTTGCCC,N190M,1,1
-5.512,0.8533,TGACTCTGGTTACAAA,S115P,1,1
-5.512,0.8533,TTCAAAATCGTAAACA,P99H,1,1
-5.514,0.3878,CACGGTACCGCAACCA,K259D,1,1
-5.515,0.1376,TAACTATTCCGCATAG,L427H,1,1
-5.515,0.2509,CAAGTCTTTCTACGAG,T206V E414S,2,2
-5.516,0.08049,CATTATTACGGTCGAC,P289W L496N,2,2
-5.516,0.474,AAAAGCATTATCAGTT,Q197K E426K,2,2
-5.516,0.474,ACCAAGATAGCAGGTG,E89D,1,1
-5.516,1.422,ACTTAGAGTCGCTATT,Q132C,1,1
-5.516,1.422,CAAGCACAAGAAAGAA,A11M C139M,2,2
-5.516,0.2844,CCAATCCAATTGCTCA,S193L,1,1
-5.516,1.422,CCCCGCATATCCCGAA,W234E L316I,2,2
-5.516,1.422,GCTACTAGAAGTTATC,,0,0
-5.516,1.422,TAACACCCATTAATGA,I339T,1,1
-5.516,1.422,TAACCCTAATATTATT,S209M E398K,2,2
-5.518,0.3281,ACGCACTCCAGAACTC,Y412V,1,1
-5.518,0.3281,CAAAAGACAACGCAAT,F148L,1,1
-5.518,0.1855,TAATAATGTTGGTATA,A425L,1,1
-5.52,0.6094,AAATGACACCGTAAAA,C76I,1,1
-5.52,0.6094,AGCGCAAATGCAACAC,R321T,1,1
-5.522,0.1855,CCGTTAATAGCGGCAA,R141P,1,1
-5.523,0.1471,AACTTTGATTCAAACA,G240R A364G,2,4
-5.524,0.1376,TGAAAGCAAGAAACAC,N458C,1,1
-5.524,0.158,CAAGAAGCACATCGTA,H183M D291N,2,3
-5.525,0.2245,TTTGACTGGTATATGT,Y423Q,1,1
-5.526,0.8531,AAAGAAAACCACATTT,K207N N357T,2,2
-5.526,0.8531,CGAATGCCTCCATCCT,A138R,1,2
-5.527,0.3877,TAAGCACTTTGCCTAT,D441Q,1,1
-5.53,0.6093,AAGTTCCTATGCGAAG,W234I,1,1
-5.53,0.6093,TAACAATAAAGATCTT,T436V,1,1
-5.53,0.6093,TCGATTATCTGGGGTC,S193Q,1,1
-5.531,0.05018,AATGAAACCTGACTAA,T206I,1,1
-5.532,0.4739,TATGCATCGAACCCAG,P74T T328Q,2,2
-5.533,0.2245,TTGTTTAGCAAATTTG,S228K,1,1
-5.534,0.03913,CACTTAGAAAATATGC,S96Y D438A,2,2
-5.536,0.2245,AATGCCACTAGAACAG,S136D,1,1
-5.536,0.2245,CAACCTTTAACCTCTT,I160P K207V,2,2
-5.537,0.1854,GTATGGTATTATGAAT,K391T,1,1
-5.537,0.0414,ACCCGACGAAAACAAA,F148M,1,1
-5.538,0.0618,ATGGGTAACATAGGCT,I58S,1,1
-5.54,0.4738,AAACCGGATCCGATTA,A11L,1,1
-5.54,1.421,AGAATTGTATTTTCCA,G78I C466L,2,2
-5.54,0.2843,CAAAAACCATTAACTA,S270N,1,1
-5.54,1.421,CTATACCTACTTACAA,T451F,1,1
-5.54,0.6092,GGACAATAAGAAACGG,D104N I236N,2,2
-5.54,1.421,GTAAGTTATACTATAG,H471W,1,2
-5.54,1.421,TACAAACGCACGTATT,Q164G,1,1
-5.54,0.4738,TCAAAAAAATTGCCAG,A364I,1,1
-5.54,1.421,TCAATCACAGCAATTT,D225K,1,1
-5.54,1.421,TCCACACTAGGATTTA,I478R,1,1
-5.54,0.6092,TCTATAAAAAATGAGG,E344K,1,1
-5.54,1.421,TGCTCAAAATAAGAAA,N246Y,1,1
-5.54,0.6092,TTCGAATAAATACAGA,T206K,1,1
-5.54,1.421,TTTAACAAATCCAAAC,K264M L428D,2,2
-5.544,0.2244,CATTTAACCAAATTTC,V36C E280R,2,2
-5.545,0.2843,AAAAAACGTAAAAGCC,L496K,1,1
-5.545,0.06006,AAGGCTACGCCCACCC,K380M,1,1
-5.545,0.328,ATTAACTTCATTAAAT,G240V,1,1
-5.547,0.203,TGCCAGACACTGTAAA,E460L,1,1
-5.549,0.1152,AAGAGTTTAGACCTTG,I179F,1,1
-5.55,0.6091,ACTTAAACATACCATC,N298Y K387G,2,2
-5.55,0.6091,CAAAAAGTACATGTTC,D441G,1,1
-5.55,0.6091,TGAACATAGCTAAAGA,R255C,1,1
-5.551,0.328,GGTTAGCCAGGATCAA,D438S,1,1
-5.551,0.328,TACCTAAATGGGTTGA,G16I,1,1
-5.551,0.2244,CTTTCAAATAATCAGT,K380L,1,1
-5.553,0.3876,TTGAATCACCACCAAG,H183S,1,1
-5.554,0.0748,CTTACATAAATGTAGG,E443K,1,1
-5.556,0.4737,AATCTAAACCCTATCT,R383P,1,1
-5.556,0.04685,AACCAAACATAATACC,I395K,1,1
-5.558,0.0907,CTGGCTACAACATCGA,I274G,1,1
-5.559,0.3875,GCTTGTTCTATCCAAT,L381G,1,1
-5.56,0.203,CCCGCAAGTCAAACTA,T301R E443K,2,2
-5.562,0.3279,ACTTACATAAAACAGC,S205E,1,1
-5.562,0.3279,ATGCTAACACCTAACA,Y100R,1,1
-5.562,0.2244,AAAAGCCACGTATACA,V43M D271M,2,2
-5.563,1.421,ATTGATTATTTGTACC,T235G,1,1
-5.563,0.1579,CACGATCCTTAGGTAT,E410K F448I,2,2
-5.563,0.203,CCCCCTTCCAAACCCG,N133V,1,1
-5.563,1.421,GAGTATGCACAGACGT,K380F,1,1
-5.563,1.421,GATAATTAACGCAATG,A430V,1,1
-5.563,1.421,GATATTTGAAATTTGG,G61Y N464I,2,2
-5.563,1.421,GCCTTTTGATAACAGC,F87P S287P,2,2
-5.563,1.421,TATAAGATCATGCCTA,L316S,1,2
-5.563,1.421,TATTAACGTCTTGGCT,E340D G360P,2,3
-5.563,1.421,TGCATCAGTCCTTTTC,,0,0
-5.563,0.4736,TTCAATCCACCCCCAC,G342N,1,1
-5.563,0.2842,TTTTAGACATGCTATC,I335A,1,2
-5.565,0.07478,GCTGTGAAATCTCGCA,I267N,1,1
-5.565,0.2507,ATACTAGCAATCATAA,E426K,1,1
-5.565,0.2507,CAAAAAACCCTTTACT,S124W E443K,2,2
-5.565,0.06558,AATAAACTAAGCTCTA,Y98D,1,1
-5.565,0.3875,ACACCCAGAATAACTC,V204S,1,1
-5.567,0.203,AACACTATAAGGCCTG,L251A,1,1
-5.567,0.3279,CTGCGATACGCTGTAA,A336D,1,1
-5.568,0.8525,ACTTACGCAGTTCCGC,I374C G479V,2,2
-5.568,0.8525,AGGCCTAGGCAAATCA,H183V,1,1
-5.568,0.8525,CATATAATTACAATCT,K238E Y470L,2,2
-5.568,0.8525,CCATAGTATATAAACA,K171W F338Y,2,2
-5.568,0.05536,TCCACTATGGCAATTG,S205K K326N,2,2
-5.57,0.6089,GAAGTCTCATGTAATA,P55C,1,1
-5.57,0.6089,TACAATAAATCGAAGA,S145E,1,1
-5.57,0.6089,TCCTCACGGGAGCGAG,W421E,1,1
-5.571,0.4736,TCACAAATAGCAAGAG,W421V,1,1
-5.571,0.04899,CAGGCTTAGAAATGTG,L71M K140G,2,3
-5.572,0.3875,CGTATCCCTGTTTCAA,S136E,1,1
-5.572,0.3278,ATAACAGAACGAGTAA,L70Q,1,1
-5.572,0.2841,ACTACATTACTTGATA,A69K,1,1
-5.575,0.06987,TCGCCGACAATACCCT,P324S E484N,2,2
-5.577,0.2243,ATAGGCGATACTCATA,L86A,1,1
-5.577,0.2841,GCAATCTCACATATAA,G249V,1,1
-5.577,0.3278,TCTCAAGTACAAATGA,P74T,1,1
-5.58,0.6088,AGCATAACCCTATGTT,E396R,1,1
-5.58,0.6088,ATCCGAGGAGTAGTAT,T155I S480G,2,2
-5.58,0.6088,CCATGAACAATAGAAG,V20E,1,1
-5.58,0.6088,CCGTATATATTCGATC,N152I,1,1
-5.58,0.6088,GACTGACCAATATAAA,N389R,1,2
-5.58,0.6088,TATAGTAAGATAATAA,I437P,1,1
-5.58,0.05682,CTACCTCGATACACAA,V406P,1,1
-5.58,0.06361,CGCCCTCGAATTCTAA,R299L Q434K,2,2
-5.581,0.1578,AACAAATTTGAAACCA,P221Q A365T,2,2
-5.582,0.8523,ATGATCACTGTCCATA,A364E E432*,2,2
-5.582,0.8523,CGTAATCTATAGTACT,R224H,1,1
-5.582,0.8523,TTAAGCTTACTCTCAC,I226K,1,1
-5.582,0.8523,TTTGATCATCACAAGT,A138Q,1,1
-5.586,1.42,AGACATTGATTTGTAA,S205E,1,1
-5.586,1.42,ATACAGCTACTACTAA,L314A,1,1
-5.586,0.1578,CACATAGAGAGACATC,Q75* L151F,2,2
-5.586,1.42,CTACCAACTGCTCCCA,D32I N357C,2,2
-5.586,0.4735,GCTTCCCTACGCGTAT,S228K,1,1
-5.586,0.4735,TAGACAATAATTCAAC,H184R K315L,2,2
-5.586,1.42,TATTAACTCATAAAGC,A196G R201S L447M C477I,4,4
-5.588,0.3278,TATAAAAACTCCGTTC,M320E C473A,2,3
-5.588,0.1093,TATAGTAAAATAATAC,V102L H435K,2,2
-5.589,0.6087,GCAGGAAACGGTCCAA,K380D,1,1
-5.593,0.2029,CAAATTACTTCAACCG,L71F A196V,2,2
-5.593,0.07747,AATAAAAAGCCCAAAA,Q210W,1,1
-5.593,0.3277,TAAAGTAAGAATAAAT,D68G,1,1
-5.594,0.4734,AGACTACATTGTGAAG,I331Q,1,1
-5.594,0.4734,AGGACAGTTCCCATTC,S9R I502K,2,2
-5.595,0.8521,CAGGGACATATATAGA,Q191T,1,1
-5.595,0.8521,CGACATGCAAACGGTC,Y302C,1,1
-5.595,0.1704,TGCCACAACCAAACTG,L86F,1,1
-5.595,0.8521,TTAAGTAAACCGTAGG,H17Y I335F,2,2
-5.596,0.3873,GGATCTCCATGCCCCA,S247Q,1,1
-5.596,0.3873,TAAACGTAGGTACTAT,N133V,1,1
-5.598,0.2242,ATAAAAGCAGTCTGCA,P55Y R224M,2,2
-5.599,0.1291,GATATAGAACCTGGTG,V130C,1,1
-5.599,0.6086,AACACTTTATGCTTCC,T187K,1,1
-5.599,0.6086,GACCTCTTGACCTAAT,K50Q W421*,2,2
-5.601,0.4733,AACTTTTGACTTAGTA,A138V R201M Q311W,3,3
-5.601,0.4733,CCAGGAGACTCTGTTT,M346V,1,1
-5.602,0.08694,CGAATGGAAGTGGGCC,D487W,1,1
-5.603,0.3873,ACATTAAACAAAATAG,H488Y,1,1
-5.603,0.3873,GAATGACGACTACTAA,S270L,1,1
-5.603,0.1217,TTATGAAGTTATTGAC,I226D,1,1
-5.604,0.3277,CCCGTCAAAAGCGTTC,E340Q,1,1
-5.606,0.1704,TATTAACTATCATCCA,Q210P,1,1
-5.609,0.8519,AAACCCACTTCCTATA,S369D N489D,2,2
-5.609,0.8519,AAATACACCTAATCCC,L381R E396Q,2,2
-5.609,1.42,AACAGTTTGATAACTA,Y412Q,1,1
-5.609,0.6085,ACATGAGGTTGTAAAC,Q210P,1,1
-5.609,0.3872,ACCCAGTTGAAATTTG,W153T,1,1
-5.609,1.42,ACTTTGACCCAAAGAA,E426S,1,1
-5.609,1.42,AGAATTTGATTACAGA,L194R,1,1
-5.609,0.6085,AGCTTAGCGCAGCTCT,Y98K,1,1
-5.609,0.284,AGGAGTCATCTTTGTT,G200D R307M,2,2
-5.609,0.6085,ATAATAACAAGTGATC,Y302E,1,1
-5.609,0.8519,ATACATAATCCTTTCT,N22M V406H,2,2
-5.609,0.8519,CAATACTTAATCCCTG,S107T L428N,2,3
-5.609,1.42,CGAACGAGATACAATT,R33C L243E,2,2
-5.609,1.42,TCACTCACCGTTTCAA,T37K R220N,2,2
-5.61,0.08693,GATATAGAATTGGCAC,Y233T,1,1
-5.611,0.1217,CATCTCAAGACTGACC,D68S E398K,2,2
-5.611,0.1217,CCACTATCTTAATTGA,T203M,1,1
-5.613,0.2505,ATCTACCTGTTGAGGA,D225T,1,1
-5.613,0.1374,TCGATAAGAACACTGA,S228V R361T,2,3
-5.613,0.284,CGTTTGACAATTACAA,E35G,1,1
-5.613,0.09905,ATGTTCCTACATAACC,P306M,1,1
-5.614,0.08692,ACATAAATGCAATTTT,T248P,1,1
-5.616,0.2242,AAAGAAAGTCACCATA,Y98A,1,1
-5.618,0.2839,AAAGACTTTTCAAGAC,Y302T,1,1
-5.619,0.05679,GCAAGAACCAGAAAAT,N498D,1,1
-5.621,0.1092,AAACCCATTAAAGAAC,N158C,1,1
-5.621,0.3872,AATTTTGGCCTGATAC,G5C R255C,2,2
-5.622,0.8517,AACTACAATTATCAGC,E359K,1,1
-5.622,0.8517,GAAAAAACGGGAAATA,P239D,1,1
-5.622,0.8517,TAATGTCGCAAATTCC,L496R,1,1
-5.623,0.129,AAGACTAAGATAAGTA,Y100I,1,1
-5.624,0.2505,ACCATCACCACATTTG,T416W,1,1
-5.628,0.6083,AAGTCAAACCCAATAA,T313D,1,1
-5.628,0.2505,ACATTATCTTCCCTCA,N152T,1,1
-5.629,0.07217,ATACTAATTCATACTT,Q434H,1,1
-5.629,0.3276,ATACACATCACAGCTG,A113Q,1,1
-5.631,0.4731,AATTTAACGAAACTAC,D366C,1,1
-5.631,1.419,AGCAAACTTCTTCAAA,E123C,1,1
-5.631,1.419,GACAGATCATTATACT,D375S,1,1
-5.631,1.419,GCACGCCTTGTACAGT,V36Q,1,1
-5.631,1.419,GGCCTGCACGTCATGG,V323D,1,1
-5.631,1.419,GTTCAGAACCCAGACG,G16D,1,1
-5.631,1.419,TAAAAATGTAATCAAC,,0,0
-5.631,1.419,TACCTCTAATTCCGCC,T155P,1,1
-5.632,0.2505,GAGATTCAACGAATTT,A19Q,1,1
-5.634,0.3275,AGTTCCTTGATAAGTC,G129D H184R,2,2
-5.635,0.8516,AAGAAAGCTTAAAACC,P162S,1,1
-5.635,0.8516,AGAACTTCGCAAACGA,A11P R383D,2,2
-5.635,0.8516,ATACAAAAATCTAATT,H435A,1,1
-5.635,0.8516,TATTATATCTCTATCA,K50S K446W,2,2
-5.636,0.2505,CACGAAACTGTTAACA,N290F T451G,2,2
-5.638,0.05832,GGACAATCCATCGATT,V130N,1,1
-5.639,0.3871,ACCAATTTACACAAAA,M320S T440H,2,2
-5.639,0.3871,CCGTTCGAAGACTTCC,K453E,1,1
-5.64,0.2838,CATTACCGATCTCCAT,,0,0
-5.64,0.2838,TACCACAAAGATTAAT,,0,0
-5.64,0.2241,AATTGCATATAAACGG,S54C H488W,2,2
-5.64,0.2241,CATTCAGCAGACATGT,A253T S262I A373T E403I,4,4
-5.644,0.2241,TTTAGATACTATGACC,Q210P,1,2
-5.644,0.2504,CGGTAATGCCGTACCA,L86A,1,2
-5.644,0.2838,GAGCGTAATGAACTAG,R92E T206Q,2,2
-5.644,0.2838,GCAGGTACGTTGTATG,L420S,1,1
-5.644,0.3275,TATTTGGCAACCCGAG,P254R,1,1
-5.645,0.129,TCAATGTGAAAATAAA,L428K,1,1
-5.646,0.473,ACGGAGAATGAAGAAA,V223F A425C,2,2
-5.646,0.473,CAGCCTAATAAGCTGT,E401Y E410K R482K,3,4
-5.647,0.6081,GAAAGTGGCCTCATAA,L447C,1,1
-5.647,0.6081,GCGACTCCTCCAAATC,L420T,1,1
-5.647,0.6081,GGAGTATCTCCTAAGC,Y161G D375R,2,2
-5.647,0.6081,GTAAAAGATTGGTCAT,A69Q,1,1
-5.648,0.1468,GTAATACCGTGATACA,F448S,1,1
-5.648,0.04678,TTGCCCCCCCTGTAGT,P324S,1,1
-5.648,0.8514,ACTCTGTCAATAATAT,G362Y,1,1
-5.648,0.8514,ATTACTAAAGGAAGCG,L151E,1,1
-5.648,0.8514,CTAATTCCCCACGATC,S156F K326R,2,2
-5.649,0.3275,TCAAATACTAAGCAAA,G200D E344G,2,2
-5.652,0.2504,GTTCACCGCAGCGAGT,Y491M,1,1
-5.653,1.419,ATAGGCAATAAGCGTT,L66S E414K,2,2
-5.653,1.419,ATTGACAATGATTAAT,A138T,1,2
-5.653,0.06169,CCAACAACAGGTAACA,Q164G,1,1
-5.653,0.2027,GGGTTAAGCTATGTCT,N250Y,1,1
-5.653,1.419,TAGAAACGAAACCGGA,P21* Y486L,2,2
-5.653,1.419,TCACCAAAAGAGTTCA,F147C,1,1
-5.653,1.419,TCATTGGTGTTGACAA,R492E,1,2
-5.653,1.419,TCTATCTATATTAATA,N126L T451D,2,2
-5.653,1.419,TTAAATTTAAACATAC,G23C L177I,2,2
-5.653,1.419,TTTGGAATCTAACCAC,L108T,1,1
-5.653,0.1373,GACATCATGGTTATAC,V406D,1,1
-5.654,0.09459,TCTCAGGACCAGTTAG,I274G,1,1
-5.656,0.6081,ACATACATACTGTCAT,S247E,1,1
-5.656,0.6081,TAAACCCCTGTACGGT,W234I,1,1
-5.656,0.6081,TTCACAGACATATAGT,A69K,1,1
-5.659,0.1703,TTCAGTAGCGTTAAAA,I374K,1,1
-5.661,0.8512,GTTTCGATTATTAAAA,D291F D438W,2,2
-5.663,0.3869,GAGCAATGTACAAGCA,Q1M P273L I282M,3,3
-5.663,0.2504,TCATCAGCAATTTGAG,E460D,1,1
-5.664,0.09458,AGCAGTCTCATACTTT,L118C,1,1
-5.665,0.608,ACGGTGCTCATAAATT,,0,0
-5.665,0.608,GAACTCGCAATGTATT,W350Y,1,1
-5.665,0.608,GTTCAGTGCCATGTGA,H183W,1,1
-5.665,0.2027,TACATATATTCACAAG,T235K,1,1
-5.665,0.04299,CTCACGTACACTAAAC,L118N,1,1
-5.665,0.1468,TAAGCATATTCATAAA,D241T,1,1
-5.666,0.2837,GAACTAACAAATTACG,E119I L420W,2,2
-5.667,0.4729,AACAGCTAAACAATCC,C52F Y470S,2,2
-5.669,0.3274,AGTTAAACCACCCTAA,E457K,1,1
-5.67,0.2837,CGAAACTTACAACACC,N498D,1,1
-5.674,0.851,AAAACATGCCCACCCA,F147R,1,1
-5.674,1.418,AAGACCTATGAATAAA,P306K,1,1
-5.674,1.418,AATAAACATCTAATTA,Y178T,1,1
-5.674,0.851,AATATACTTGTAATAC,L314F,1,1
-5.674,0.851,AATCTCACAAGAGACC,H183W,1,1
-5.674,0.851,ACTGTATATACTATTA,Y98C,1,1
-5.674,0.6079,AGATACACCGATCACG,Q434D,1,1
-5.674,1.418,CAGATGAGCCTAAATT,V223S G333S,2,2
-5.674,1.418,CCAATTAAACTTGCTT,Y412A,1,1
-5.674,1.418,CGATAAACAACTTTTT,E403K,1,1
-5.674,1.418,CTACAAACGAATGTTT,V88W N190W,2,2
-5.674,0.851,GAACGCTCTCGATGGC,E390K E398K,2,5
-5.674,0.6079,GCACATCCCTCAATGA,I48H N341I,2,2
-5.674,0.3868,GGAATAGATTTTTTTA,Q132N D487K,2,2
-5.674,0.851,GGCCATAAACTGGACG,S369F,1,1
-5.674,0.3273,TAATCATCATTACATT,Y98W,1,1
-5.674,1.418,TACAATAAATATCTGA,L177H I374L,2,2
-5.674,0.3273,TATAACATATTCCTGG,Q197S F500R,2,2
-5.674,1.418,TATTACTAAACGCACC,I374K,1,1
-5.674,0.6079,TCTTAATGATACCATG,D461G,1,1
-5.674,0.6079,TGAGCCCACATCAGTC,G345R,1,1
-5.678,0.2239,ACGACAACATTCACCT,Q211F K310N,2,2
-5.68,0.115,AATAACTAATGAAAAA,M346W,1,1
-5.681,0.05829,ACAACCCGGGATCTGC,V204T Q434A,2,2
-5.683,0.185,AGTTCAGATAAGTTAG,V237L N424Q,2,2
-5.683,0.6078,ACCCTGTAATTATCTA,E460G,1,1
-5.683,0.6078,GGCCGATAATTCTTAT,N341Y E401K M444I,3,3
-5.684,0.3273,TTCTGCTTTAAACTGT,S156P,1,1
-5.685,0.1372,ACGGTCGATAATGAGA,F87V,1,1
-5.686,0.3868,AACAAATGTACGACTC,P284S N483M,2,2
-5.686,0.3868,ACTTATTACTCAGAAA,L439E,1,1
-5.686,0.3868,CAGAGTACAGCGTTAA,D241H,1,1
-5.687,0.0335,AAAAATCTCCGGCCGA,A364L,1,1
-5.687,0.8509,AAAAACCCTCTTAATA,A113T,1,1
-5.687,0.2836,AAGAATTGAAACTTGA,W234L,1,1
-5.687,0.8509,CAAATTCCTACATGAA,P221D,1,1
-5.687,0.8509,CAGCGAGTTCTAGCCG,E396K,1,1
-5.687,0.8509,TTACGATTACAAAAAC,P162H,1,1
-5.688,0.4727,CATAAATAGTAACCGC,D186F,1,1
-5.689,0.3273,ACAATAATACTAATAA,R92C V309S,2,2
-5.689,0.3273,CCGTATATGCTAATTA,I29S A430F,2,2
-5.689,0.3273,GGAGACCAGACACCAG,T206K,1,1
-5.691,0.1372,GCATACTTGAAATTGA,Q132K E359W,2,2
-5.692,0.3867,GAATTTTGACCAAATT,Y233I,1,1
-5.693,0.6077,CAAATTGCCCAAATAA,D77R E414K,2,2
-5.693,0.6077,GCATTAGTTGGAAAGG,V406N,1,1
-5.693,0.6077,TAGACTGACTTGAATT,A93T R499W,2,2
-5.693,0.6077,TCACATACTAATACGT,L15K,1,1
-5.693,0.2502,AAGCAGGGATCGAAAT,K446E,1,1
-5.694,0.3272,ATACAGTTAAGTAACA,Q371M E401K,2,2
-5.696,1.418,AAAAATACATCACAAA,G345S,1,1
-5.696,0.2026,AATTGACCAACAAATT,F332W,1,1
-5.696,1.418,ATAACCCCTATGAGTA,T235R,1,1
-5.696,1.418,ATCCTTTCTATGAAAC,D366I,1,1
-5.696,0.4727,ATTCATTATGTACAAA,D68E E280Q,2,2
-5.696,1.418,CTTACAGAACCCTTCA,N38E F87V,2,3
-5.696,1.418,GACACCGGTCTGACAC,D438H,1,1
-5.696,1.418,TAATAAGTTACTCATT,L194H,1,1
-5.696,1.418,TATTGATAAAACTTTT,R224L,1,1
-5.696,1.418,TGAACGCAATACCAAA,L496R,1,1
-5.696,1.418,TGACAACTAGTACAAC,N152S,1,1
-5.698,0.09893,ACCCTTCTACATATAA,N165P,1,1
-5.7,0.8507,ACGGCCTAATCAATTG,G342C,1,1
-5.7,0.8507,ACTGAAACCCTTAATG,S422M,1,1
-5.7,0.8507,AGTACAGACCGTGAAA,Q434R,1,1
-5.7,0.8507,CTCCGCTGGACAAACA,F448R,1,1
-5.7,0.1701,GGCCAGTACAGCATTC,Q454W,1,1
-5.701,0.1372,ACCTGATAACTGGCCT,S156R K453E,2,2
-5.702,0.6076,CAACAATTACTTAAAA,,0,0
-5.702,0.6076,CGATAATAACGTTGCC,G303A,1,1
-5.703,0.4726,AAGGTGTTTTACGTGT,V406P,1,1
-5.708,0.2025,GACACCCAATCACACA,A334I,1,1
-5.708,0.3272,CGCGCTCGTACATAAA,E325Q T485I,2,2
-5.709,0.3866,TATGCAAAGCTAAAAT,P306V,1,1
-5.711,0.6076,TGGTATAATATATTCT,Q434S D461V Y491K,3,3
-5.712,0.2835,ACCCCCTATCAAATGT,L194C,1,1
-5.712,0.8506,GCATGTCGCCCACTAA,A336Y,1,1
-5.712,0.8506,GTCACACACCCTGATA,Q434R,1,1
-5.713,0.1372,GTAAAATTAAGATTAA,S143Q V406K Q407H,3,3
-5.715,0.3866,GTGCTCTTAATTGATA,S54H Q371F,2,2
-5.716,1.418,AAAACCATCTTAACTG,S146K E396K E398K Y470A,4,5
-5.716,1.418,AATTGGACAAATACAT,D175N P306T G386E,3,3
-5.716,0.2025,ATACAGATACTTTCGG,N424K,1,1
-5.716,1.418,ATATCCTCCCAACTTA,P185T,1,1
-5.716,1.418,CAGCCATGTAAAGTTA,S228N,1,1
-5.716,1.418,CTAACGATTGATTTTA,K238A Y257N,2,2
-5.716,1.418,TAAGATGTACAGCTCA,R383W,1,2
-5.716,1.418,TATAACGTAACTTCAA,C139N,1,1
-5.716,0.2835,TCACCACCCTCTGAAT,Y98A,1,1
-5.716,1.418,TGAATGAAAGTAATTG,L59S K503C,2,2
-5.719,0.6075,CTTAAAGCACGGACAC,F195E,1,1
-5.72,0.05523,ATAACTGTACCCTTTA,R354H,1,1
-5.721,0.2835,CTTAAATTGATGTATG,Y412V,1,1
-5.722,0.0945,TGGAAATTTTCTATAC,I226K,1,1
-5.723,0.2501,AGATAAGCCTTGAAAT,A459V,1,1
-5.723,0.4725,CTCGTTATCTAAACTA,F148L E401D,2,2
-5.725,0.8504,AAAATAGGACCAAATC,F195R,1,1
-5.725,0.8504,TACCTTGCGAAAATCG,S312F G465D,2,2
-5.725,0.2835,GCGTTGACATGGTGCG,E35I T485K,2,4
-5.726,0.2501,CCCACTTTAAACCATA,G352S,1,1
-5.726,0.1466,AATGACTAAACAATCA,K380R,1,1
-5.728,0.3271,CACATTCTATCCATAG,G342C,1,1
-5.728,0.1215,AGTAATTCCACACTAA,Y412Q,1,1
-5.728,0.6074,CTAGGATCGTGACAAA,I226N,1,1
-5.729,0.2835,ACATTGGAAGGCAACA,E460D,1,1
-5.729,0.09449,ACTGGAAACGGCACTT,,0,0
-5.729,0.1372,CCTTCTCCATCTGTTA,W153I,1,1
-5.73,0.4724,AAGATTATTTTCACAG,K315H,1,1
-5.73,0.4724,GTAATACATCAGACCT,A364F,1,1
-5.73,0.4724,TTTAATAAGGCCTTGC,W234V,1,1
-5.732,0.1701,GGAGCCCTCAAGTCAT,T40Y Y351F,2,2
-5.733,0.09046,AATACAGAAAAAGCAA,D441G,1,1
-5.734,0.2025,TATGGACATTTTAAAA,G465S,1,1
-5.735,0.08336,AACATGTATTACCACC,D60L,1,1
-5.737,1.417,ATAGACTAGGCATCTA,E119F L409D,2,2
-5.737,0.4724,ATTCGTACGTCAAATG,F148M,1,1
-5.737,0.6073,CAAAAACCTTACCCAA,L455V,1,1
-5.737,0.8503,CAAAGTCTGTTTCATA,E89L D487H,2,2
-5.737,0.8503,CAACATAAACTATAAA,L420S,1,1
-5.737,1.417,CATAACATACCCAAAG,G330P F500K,2,2
-5.737,1.417,CCGACATTAAGAGAAG,I331W,1,1
-5.737,0.8503,GCCCCTTTACAATATC,G61P,1,1
-5.737,0.8503,GTAACCCCAAATACGA,G78V R456F,2,2
-5.737,0.8503,GTCAAGCACAAAAAGC,L42R Q191L,2,2
-5.737,0.8503,TAAAAGTAACAGCTGA,N246Y,1,1
-5.742,0.327,CTTAGTTAAAAGAGAA,A138H,1,2
-5.742,0.327,GCTTAAATACTACTTA,R383W,1,1
-5.743,0.3865,AGCAAAAGAGGAAAGG,A39H A336G,2,2
-5.743,0.3865,GAGTCAGAACCGCATA,S137D,1,1
-5.744,0.2237,CGACCAGTAATTCTAA,G23F,1,1
-5.744,0.1574,CAATATAATCGATAAA,Q295S,1,1
-5.744,0.4723,GAAACACTTCTTAACT,F195C,1,1
-5.745,0.2834,TACATACGCAGAAACT,D419H,1,1
-5.748,0.109,TTGAAAAGAAACCCTA,D487G,1,1
-5.751,0.4723,AATAGACCAACTGACT,F353M,1,1
-5.751,0.4723,GTCCATTAGGAGATTT,P55C D474N,2,3
-5.753,0.2237,CAATTAACATCCCAAA,H183V,1,1
-5.754,0.3864,ATGCGGCACATGTCAG,P185G,1,1
-5.754,0.3864,TGAGGAATACCACACA,Q191C,1,1
-5.754,0.08334,CCTACGTAAAAAACAC,I335W,1,1
-5.754,0.6072,GGTGATCTGTAACAAT,R329I,1,1
-5.755,0.1371,GACCTCAAACACAGAT,N246G A334G E398K,3,3
-5.756,0.06968,GCGAAATATAATATCC,D60Y S312E,2,2
-5.757,1.417,ACGCTATAAAAAACCA,R499Q,1,1
-5.757,0.2024,ATAGAAGGAGCAACTC,M462K N498Y,2,2
-5.757,1.417,CACAAGATTCCCAGGA,S270Y,1,1
-5.757,1.417,CCAAGCAATAGATTAA,S46A R224L,2,2
-5.757,1.417,CCTCCACCTCAAGTCT,S205N N298P Q501P,3,3
-5.757,1.417,GATAAAAACACCAAAA,A11V Y233S,2,2
-5.757,1.417,GGAATACTAAATATAA,G330I,1,1
-5.757,1.417,GTCAATAGCATAAACG,R329A,1,1
-5.757,1.417,TACTATTCCATTAACC,Y98I T416I E457F A459S,4,5
-5.757,1.417,TCTACAACTAGACAAA,G23Y V323L,2,2
-5.757,1.417,TTGAGTCCATTTTAGG,G303S,1,3
-5.759,0.25,CGGGTTTAATACCTAA,A364E,1,1
-5.759,0.25,TTCTAATCAGATATAA,F195D,1,1
-5.759,0.17,AGGATATTCTGCTCTA,F448C,1,1
-5.759,0.3864,TACTATATTTACGTAA,L194M,1,1
-5.759,0.2237,GAGGCATAACATTACG,Y412L,1,1
-5.761,0.05,CCATCATATGCTATTA,W421Q,1,1
-5.761,0.2833,CTCTGGCCTGTTCAGC,G333Y,1,1
-5.762,0.06159,GTAATGAAAACTCGAA,N152Q,1,1
-5.763,0.6071,TCCATAGAAGAATAAA,I3M Y412N,2,3
-5.763,0.1149,TTTCTACAATATAAAC,N250L,1,1
-5.764,0.4722,CCGAAATCTCTCGAAC,A138D,1,1
-5.764,0.4722,TCAGTTATATTATTAG,Y308A,1,1
-5.765,0.1288,AGGATCGTTCAACTGG,L66W,1,1
-5.766,0.2024,CTTCGAAATTTTATGT,S270I Q501E,2,2
-5.767,0.1214,TGATAAGGCTCTCATA,D77I F467Y,2,2
-5.769,0.1848,GAGACTAAAGTAAGAC,G16M N165I,2,2
-5.769,0.1848,TCCCAGAGGACCCTTG,D438G,1,1
-5.769,0.2237,ACCCTCGTTACGATCA,V323A E398G,2,2
-5.769,0.25,GTAATCAAGTTTATTT,Y161I G240M,2,2
-5.77,0.09882,AGAATATTGACCACTG,N152H,1,1
-5.77,0.3269,GATATAGCCTTGTTAG,S199G L427Y,2,2
-5.77,0.07202,GATAGCTGAACTACCT,V43S,1,1
-5.771,0.1574,CGCCGCATATCTATCC,P162G D438T,2,2
-5.772,0.607,ATATAAAGAATTTATA,W350S A476T,2,2
-5.772,0.607,GTTCAGGTCAATCCAG,V406S,1,1
-5.773,0.1465,TTAATGAATATCTTAA,S193Q,1,1
-5.773,0.8498,ATCACGAACAACAGTT,Y412K,1,1
-5.773,0.8498,GCCAACAACAAAAGAC,R109I,1,1
-5.773,0.8498,TATACGTCACCAACAC,S54D G463D G479M,3,3
-5.773,0.8498,TATTTGGTAGTGCAAA,S91V L427E,2,2
-5.773,0.8498,TCGAACAAAATAATTT,S136F,1,1
-5.776,0.1371,TCATTCACTTAGAACA,D32Y I385W,2,2
-5.777,1.416,AGCTACGCTTAGATGA,G275E L455G,2,2
-5.777,0.4721,AGCTCAAAGAACAGAA,S209Q D461Y,2,3
-5.777,1.416,CAACACGGACAAGGTT,P185W,1,1
-5.777,0.4721,CATTAGCAAACAGTCA,T301E,1,1
-5.777,1.416,GACTGACATAATGTAA,S193Q D348L,2,2
-5.778,0.17,CCCAGTCTCCACTTAA,R354E,1,1
-5.779,0.06158,CTACCCTAGAGCAAAT,G78W D487C,2,2
-5.78,0.607,AAACAAGATAATTCAA,A365D,1,1
-5.78,0.607,GTACTAAGTCAAGTAT,N133I,1,1
-5.781,0.1287,CAATCAATACCTAGAA,N341V,1,1
-5.781,0.1148,CACCCTCAAGCAATAT,D348I E414W,2,2
-5.784,0.4721,CGTCCCTTGAAGATAC,L194F,1,1
-5.784,0.4721,GGCGGTCCACATATAA,L194M R224G,2,2
-5.785,0.1699,AACGCTCACCCCTACC,A138I,1,1
-5.785,0.8497,AAGCAAAAATGTCAAC,Q434K,1,1
-5.785,0.8497,CTTTGTTATATATGCA,K259W,1,2
-5.786,0.3862,AAAAAAGGAACAACTA,Q434R,1,1
-5.788,0.2236,TAATCAATCACAAATA,I226H,1,1
-5.789,0.6069,ATACATAACAAATATG,A253M,1,1
-5.791,0.472,AGCTTCAAAAGAAACC,L194D,1,1
-5.792,0.3862,CGATTACTTATCAATC,P162W,1,2
-5.792,0.3862,CGCTTTCACATACTAA,S156H E414K,2,2
-5.794,0.2499,AACACTCATGAAGCAA,M168Y I385R,2,2
-5.794,0.2499,CTAGCTGTGAGGAACT,Q295F,1,1
-5.797,0.6068,AAAAAGATATGTGGAG,Y412Q,1,1
-5.797,1.416,AAACACATAGACTCAC,R405T,1,1
-5.797,0.2023,AAAGAACCGCATAAAC,I67Y,1,1
-5.797,0.3862,AAATTAAGACGAACCT,A196I E401K,2,2
-5.797,1.416,AATCATATAGACTCGG,L118P M168E,2,2
-5.797,0.6068,ATTCCATCTTACTATA,L86F A495K,2,3
-5.797,1.416,CCAAATACTTGACCGG,V213M G465E,2,2
-5.797,0.6068,GACCAACGTGCGAATA,A334V,1,1
-5.797,1.416,GGACGAACACATAATG,W421L,1,1
-5.797,1.416,GTACCTTATAACCGCA,D68T,1,1
-5.797,1.416,GTGAATACTGTACAAA,F338C,1,2
-5.797,0.1699,TCAAAACGTCATTTCA,,0,0
-5.797,0.8495,TCAACGTGCTCCTTGA,H435K,1,1
-5.797,1.416,TGCGGAAGAACATATA,S47W R329M D408N,3,3
-5.797,0.3862,TTAAACAACGTACCAG,F120M,1,1
-5.8,0.2236,TTACGCACCTCTTATG,L194H,1,1
-5.8,0.03242,ACTGCACTGATGGCAA,V429C,1,1
-5.801,0.1287,ACAGTCTCAACTATCT,K82E V347D,2,2
-5.802,0.1573,GAAAGTCAACTACTAC,I374D,1,1
-5.802,0.06963,CATCTCTGTATCTTAG,I245W,1,1
-5.804,0.2498,TACTTTGCTGATCCGA,A253V,1,1
-5.804,0.1036,CTAACCTGGTACCAGA,N158C,1,1
-5.805,0.2831,AATAAGAGCAGTGTGT,I335W,1,1
-5.805,0.2831,TTGAAGAGTTATAACG,E403R,1,1
-5.806,0.6067,TTCAAGCAATTTAACA,I335M D438K,2,2
-5.806,0.3267,CCTTGCTGAACTGAAC,K380H,1,1
-5.808,0.3861,AAGAATTAATATTATT,V323G,1,1
-5.808,0.07722,TGTTTAGATGGCAGCA,Q371F,1,1
-5.809,0.8494,TGTTGAACCCAATAAC,L154Q,1,1
-5.809,0.8494,TTCATACGCGTTGACA,G303Q,1,1
-5.81,0.2235,TCCTACAAAAATGTTA,E344T E494G,2,2
-5.811,0.3267,CGAATGTGACCGAATG,A138E K380G,2,2
-5.813,0.09437,ATAACAACACGTGCCT,D68Q,1,2
-5.813,0.3861,CGCAGGCCATATCAAT,C52Y D68N,2,2
-5.814,0.6067,CTAGTACATATGACAA,,0,0
-5.817,1.416,AAAAGAATTCTACCCA,L108H,1,1
-5.817,1.416,CATGAAAAATTAAAAT,P162F,1,1
-5.817,0.4718,CCATGAACCAATGAAT,T155W,1,1
-5.817,1.416,GATTAGCATAATAATG,R255G,1,1
-5.817,0.4718,GCGACTTCTTATCGAA,Y178V,1,1
-5.817,1.416,TAATACACTCAACCTC,W153N H355A,2,2
-5.817,1.416,TCAAACTGAAAAATTA,I232H A336S,2,2
-5.817,1.416,TGCTTTATCAATACCA,E123R Q327E,2,2
-5.817,1.416,TTAATAAAGAACAACC,I335Y,1,1
-5.818,0.386,GAGACAACCAATTCCC,K207Y,1,1
-5.82,0.3266,ATTATCTCATTTGATA,I202P,1,1
-5.82,0.3266,CCGCGCCAGAGGATAA,Y98D E494D,2,2
-5.82,0.1089,TAATAAGCATCTATGG,E344K,1,1
-5.821,0.8493,ATAAAACACCAACGTT,L431N,1,1
-5.821,0.8493,CAGATAAACTATGTCC,V102A Y412I,2,2
-5.821,0.8493,GAGATGAATACTACCT,N216H N341F,2,2
-5.821,0.2831,TAGGAAACCGACAAAA,P74Q,1,1
-5.821,0.03758,TATAGTATACCTAACA,H435A N497K,2,2
-5.822,0.6066,ATAGAATGAGTTGTGT,Y491P,1,2
-5.822,0.6066,GAAACGCCCTCGAAAA,F148I,1,2
-5.824,0.01579,GGGATTTACCCTCAAA,C281A T388I,2,2
-5.824,0.3266,AATTGCACCAGTGAAA,E460Q,1,1
-5.824,0.2831,CAATTAGCATACGTAA,Y308R,1,1
-5.83,0.4718,TAGAGGACTTGAACAC,I469Q,1,1
-5.83,0.2022,AATATACGTTAAATTC,L194T D493E,2,2
-5.83,0.6065,ATAGTTTATATAAATC,Y98L,1,1
-5.831,0.137,CACACCACATCACAAT,L420G,1,1
-5.832,0.8491,TTTGACCCAAAGCGTT,A212W,1,1
-5.833,0.3266,GATACTAAAATAAGAT,K450D,1,1
-5.835,0.2497,CCTTACATCCATTTAA,S136K,1,1
-5.835,0.1464,GAAGCCAGGCTTGTTT,D186M,1,1
-5.836,1.415,AAATCCGTAACCCATA,L314F,1,1
-5.836,1.415,AACAGTGCGGACCCGA,F120R,1,1
-5.836,1.415,AATTGAATGAATATTG,Y351S,1,1
-5.836,1.415,ATAAACCTTGCTTGCA,G16C,1,1
-5.836,1.415,CTTAAAAGTGTCTGAA,E398K E443K D487L,3,4
-5.836,1.415,GATAAATAACCATCAC,I236K G342D,2,2
-5.836,1.415,GTTATGAAGTTAGCTA,A19F A373C,2,2
-5.836,1.415,TCGACCATATATAATA,G352P,1,1
-5.836,1.415,TTACTACAATAAATAT,E432G,1,1
-5.836,1.415,TTCAACATACATAAAA,Q164M T167- D408K,3,3
-5.839,0.6065,AAACAGCCAAATTCAG,W234T,1,1
-5.839,0.6065,AAACCCCCTTTGCTGA,L194Q,1,1
-5.839,0.6065,GTTGACGCTGGAATAT,G263E A365T N483W,3,4
-5.842,0.2497,AACCTCTATGTCACAT,S193D,1,1
-5.842,0.4717,ATAATGAAATAATTAC,S247Q,1,1
-5.844,0.849,AGTATACACATACTTT,L59D S262N,2,2
-5.844,0.1213,ATAATATTAAGATCAC,P99H,1,1
-5.845,0.03757,TACCGGAAGAAGTATA,Y423A,1,1
-5.846,0.3265,ATAAAAACCAGTCCTA,T155W,1,1
-5.846,0.3265,CCCATTGACAAAAAGA,F192S N489Q,2,2
-5.847,0.08663,AATTAACTCTTTTACT,C14R S369T,2,3
-5.847,0.6064,ACCAAAACAGAAACTA,G23W,1,1
-5.847,0.283,GTCTACTGAATAAGAA,T248N,1,1
-5.848,0.2497,TAGCTTAACAATACAA,D77C,1,1
-5.849,0.4716,AGTAGATTAGCATTAT,N382K E443K,2,2
-5.849,0.4716,CTGCCGTACACAAAAA,M268T,1,1
-5.85,0.3859,ATACTTATTAGACGAA,L194M,1,1
-5.85,0.1286,TAACAATTAGTTATTT,E494W,1,1
-5.85,0.3859,TAGGTCAAACTGCCAA,G62L P324S,2,2
-5.85,0.1213,ACCAACCCAAATGTAC,N296Y Q371Y,2,2
-5.852,0.06152,TTGCAGGTACTAATAA,S193H,1,1
-5.855,0.8489,AAAACCGACGAAACAT,T65E E414K,2,2
-5.855,0.4716,AACGTCTTACAAATTA,L71T,1,1
-5.855,1.415,AAGTTTAACATAAAAC,W234R,1,1
-5.855,1.415,AATCATCCACAATTGG,A336K R361G,2,3
-5.855,0.3265,ACATCTGTACCCACTT,H183W,1,1
-5.855,0.3265,ATTTACCATAGTTTTT,V204D,1,1
-5.855,0.2497,CACTCCAATAAATTTG,S47N A364E,2,2
-5.855,1.415,CATTGGAGTAAGTACC,L66Q,1,1
-5.855,0.3265,CCTTAACCAACTAAAA,F147P,1,1
-5.855,0.8489,CGGAATTGATTGCGTG,A69D,1,1
-5.855,1.415,CTCAACTATAACTCTT,S107L M346E,2,2
-5.855,1.415,CTTTCAACAAGGACAA,Y98R,1,1
-5.855,0.6063,GAATAACCATCATAAA,E494W,1,1
-5.855,1.415,TAAACTCACGGGCAAA,D241M,1,1
-5.855,0.8489,TAACTAAGCTATCTCG,T206D,1,1
-5.855,0.3265,TCAAAACGGTCCAGAA,S287H,1,1
-5.855,0.6063,TGAAATAGCGAAACGA,A495V,1,1
-5.855,0.3265,TGCGTCATTACCATAA,V429W,1,2
-5.855,1.415,TGGACATCCATAGTAA,C97P,1,1
-5.859,0.1369,GGTGCAACACCTCATA,T10C,1,1
-5.859,0.2829,AGAGCCTAATAAGAAA,V102D,1,1
-5.86,0.06958,GTCGCCACGTTAATCA,R255E,1,1
-5.861,0.4716,ATAAAAAGATAGACAA,H18N K264R,2,2
-5.862,0.1698,TAGTCGCAATGAATGA,G362N,1,1
-5.862,0.2829,GGATCATCCAATTGCC,S136W,1,1
-5.863,0.6063,TTACATTAGAAAATTA,A317I,1,1
-5.863,0.6063,TTTACCAGCACACAAG,P306K,1,1
-5.864,0.1698,TCTTACAAACCTATCA,A138T,1,1
-5.864,0.08007,TCTTCGCCTACCACAG,K207P R361C,2,2
-5.865,0.3858,CCTTATACAATTAAAT,A138V,1,1
-5.866,0.2021,GCTTAAAGTTACACTC,G78D Y161N N296K,3,3
-5.866,0.8487,ATATGCTCTTTTTAAA,Y423M,1,1
-5.867,0.1845,AACAAGTAACGTTGAT,E359G,1,1
-5.868,0.3264,ATTAGCTATATTAACT,G249N,1,2
-5.868,0.1463,GCCAGAAAACAACATA,D77E Y100H,2,2
-5.87,0.2829,TAACGTATACACACGC,F195G,1,2
-5.87,0.3858,CAACCTGTCTACCATT,N152P,1,1
-5.87,0.3858,CCCCTAGATCACGCCA,T235G,1,1
-5.871,0.6062,CAAAACTTTGCCAATG,R141D N483R,2,2
-5.874,1.414,AAACACGCATAAAAGC,T451N,1,1
-5.874,1.414,AATTGCAATGCTTCCA,M268A,1,1
-5.874,0.4715,AGGGTTAAAAGGTAGT,Q371W,1,1
-5.874,1.414,CACACCAAATGATGAA,G134D,1,1
-5.874,0.2021,GTGATAAAGGTATGAC,Q80F V182F,2,2
-5.874,1.414,TACAAGTGCGATATGA,V406S,1,1
-5.874,1.414,TATCGTTTTAAACGTA,E398R,1,1
-5.874,0.0943,TGATAATAAAGAAACC,R499K,1,1
-5.874,0.4715,TTACCATAATTATTTA,L177A,1,1
-5.875,0.0832,GTCGTAGACGTCAAGA,G16S,1,1
-5.875,0.3857,CTGCAAACAACCGAGG,D77N K368C,2,2
-5.876,0.1572,ACCTATAAGCTAAAAA,K310D,1,1
-5.877,0.8486,ACCTCAAAAATGAGAT,L316A,1,1
-5.877,0.8486,ACGGAGTCCATAATCA,L66N,1,1
-5.877,0.8486,GGAACATAAAAAGACC,Y491M,1,2
-5.877,0.8486,TAAAGATGATATACTA,N464I,1,2
-5.877,0.8486,TGTGGATCCAAAGAGT,S247C,1,1
-5.878,0.1147,CAAGGCAGAAAGACCA,N357A,1,1
-5.878,0.06956,ACAACAGGTCTCAACT,D271P H435R,2,2
-5.879,0.2233,AGGTACAATCTGTAAA,R141N V490P,2,2
-5.879,0.6061,AATGCACTTTATAAAA,I29E,1,1
-5.879,0.6061,GAGCCTAACTTATAAA,V112D Y423W,2,2
-5.879,0.6061,GATGATCACTGGCGAA,Q1D G286S,2,2
-5.88,0.4714,TAACCACCGTAAAGTA,S279L E344K F448K,3,3
-5.88,0.1369,TACATTAATTGATCCG,F500G,1,1
-5.88,0.3857,AAAAATGACAATTAGA,S95R P162D,2,2
-5.88,0.3857,AACCAAATTAACCAAA,W180L,1,1
-5.88,0.3857,CTTCCGTACCCACATT,S270L,1,1
-5.881,0.3264,ACATACCATGCTCCTA,D241M,1,1
-5.881,0.2829,TCCCCCACGACACACA,F148M P324H,2,3
-5.885,0.0205,GGATTTCGAAGATTCC,P185V D375Y,2,2
-5.886,0.4714,CCCTCTGATCAGCTTA,D175I T485A,2,2
-5.886,0.4714,CTAACAATACACTGCA,L13P,1,1
-5.886,0.4714,TGAAAAGTTATGCTAG,M268A,1,1
-5.887,0.6061,AAAAAGCACAGTTCTA,G319L,1,1
-5.887,0.6061,TTTACATAATAAACCA,N424H,1,1
-5.888,0.1088,CATAGTCATTTTATTG,L194I R299L,2,2
-5.888,0.1571,ACAACACATATTCAAT,A365T I418F,2,2
-5.888,0.8485,AAAAAAATAATAAGCC,G16Q W180R G240H,3,3
-5.888,0.8485,AAACATCTTACCCTAA,R150N K292E,2,2
-5.888,0.8485,TGAAAACTAACGACTG,L71T,1,1
-5.889,0.1286,CAACAGCTCATAGACT,L59N,1,1
-5.891,0.1147,TTACGTAGATAACATA,E344K,1,1
-5.892,1.414,ATCCAAGGATAATTTT,V36L,1,1
-5.892,0.1571,CGTTGTTTTTCTGTTA,G342A,1,1
-5.892,1.414,TAAAAATGACTTTTCT,L367P,1,1
-5.892,1.414,TACCAGCCTACATAAG,,0,0
-5.892,1.414,TATACTACGGGCAACA,C14E,1,1
-5.892,1.414,TTATCAAAATTAAACT,N250M,1,1
-5.895,0.606,CAACTAACAATTACCC,A138K,1,1
-5.895,0.606,CTGTTCATAAAAGCAT,M168E,1,1
-5.895,0.3856,CAACAAGGATGATCGA,W350M,1,1
-5.895,0.1285,ATGAAGCCAGAACCCA,R405P,1,1
-5.896,0.2828,GGGCGTGAATCCACAA,I202P,1,1
-5.896,0.08004,CCACTAGCTACCTAAC,K176Q,1,2
-5.898,0.3263,TTCACATCCTCCGAAT,Q191C,1,1
-5.899,0.06148,CCATTAATACGGTGCG,N165C R269G G379V,3,3
-5.899,0.8484,AATTCACATCGTTCGA,E460D,1,1
-5.899,0.8484,ACACACCTGCTTACAT,S265G K453Y,2,2
-5.899,0.8484,ACATGAAAAAATCAGA,L431E,1,1
-5.903,0.606,AAACAACGCTTTTATT,A364Y,1,1
-5.903,0.606,ACCAAATAGTTAATTA,L409W,1,1
-5.903,0.202,ATTTGAAACATTTAAG,A364E,1,1
-5.903,0.606,TACCATATCCTTTTAA,D68G Q197F,2,2
-5.903,0.606,TGTTCAATTGCAATGT,,0,0
-5.904,0.02602,TGTCGCAACATCATGA,A495C,1,1
-5.904,0.0404,CTGATTACAGGTAACC,P293N,1,1
-5.904,0.4713,ATTAAAAATGAAAACT,V130W,1,2
-5.904,0.4713,TAATACACAGAGGCCT,K380E,1,1
-5.905,0.202,GAATACCTTAGAGGTA,D241A Q371G,2,2
-5.905,0.3856,AGCCACTTGCCCCGAG,K450D,1,1
-5.909,0.1285,TACAATAGCAAAAACC,G333Q,1,1
-5.91,1.414,AAACAATAATCTAAGA,L70S,1,1
-5.91,1.414,AAAGAATTATCCTTCC,G360D S442N,2,2
-5.91,0.2232,AACCCAGAGGAAGCTC,E460Q,1,1
-5.91,1.414,ACAAAATACAGCGAGT,,0,0
-5.91,1.414,ATGTCCCTGGGAATTC,T30L I377T,2,2
-5.91,0.6059,CAAACATCATCACTGC,R492M,1,1
-5.91,1.414,CACATAATACCGCCAT,P289W H355W,2,2
-5.91,1.414,CACGTAATACTGTTCT,N250Q,1,1
-5.91,1.414,CATGAGAATCCTTTGT,C52M G379D,2,2
-5.91,0.8483,CTATATTTCACAGAAA,K131P,1,1
-5.91,1.414,CTGAGTTAACATAAAC,G72F I502Y,2,2
-5.91,0.6059,GAAACAAATCCGTGCC,Y302C,1,1
-5.91,0.4713,TAACATCTAAAAGACA,E398K W421T,2,2
-5.91,1.414,TACAAGAACAATGTAC,H56D R499K,2,2
-5.91,0.6059,TTGCACACGTGTTCGC,K131W D291N,2,2
-5.914,0.2827,TCATGTTGTAGAGTAA,P227D,1,1
-5.914,0.09863,ATACTCAGAATTTCAT,N53T G333I,2,2
-5.915,0.3855,GACTAGAGTCGACAAA,L154Q,1,1
-5.915,0.09863,TATGGGAACACCAACA,Y302A,1,1
-5.916,0.4712,TGATAGTATCGCGCAA,L194K L428F,2,2
-5.918,0.2019,AGTAATAGAACGGGTA,N250E,1,1
-5.918,0.6058,ATGTATTTAAGCCATC,W234L,1,1
-5.918,0.6058,TCACAAAGTGACGGTA,T370A,1,1
-5.918,0.6058,TTCCTCTCATATTAAA,G342N,1,1
-5.921,0.8481,GAGTTCAATAAGTTAA,Q197K M444V,2,2
-5.922,0.4712,AATCAATTCCCCTAAT,P162I N424V,2,2
-5.922,0.4712,ACCAAATATATTAAAA,N152M,1,1
-5.925,0.2232,CAATCGCCCGCCCTCC,H183K,1,2
-5.927,0.04874,CGCTGAACATTATATT,S205R,1,1
-5.927,0.1844,CTGATAATCTCAACAA,F500Q,1,1
-5.928,1.413,AATTCATCTGAAACAA,Q132C,1,1
-5.928,0.08314,CCTCTCACCTAGAATC,F332P,1,1
-5.928,0.4711,CGACCCTGACCGATGA,K131W,1,1
-5.928,1.413,GATACAGTAAGAGTCA,S95D G200D,2,2
-5.929,0.1844,GCAACCTACTGACGGG,E410G N424I,2,2
-5.931,0.3262,AACACCCTCCTAAGTT,S124C Y308V,2,2
-5.931,0.3262,AGCCATATGAGGTGAA,E403P,1,1
-5.931,0.3262,CCACACCCTATAACTA,D441R,1,1
-5.932,0.1696,AGTCATCCCATACCAT,N152T,1,1
-5.932,0.848,ATCATTCCACAAACCT,T416W,1,1
-5.932,0.848,CTAGTTCTTCAAACCC,I331N,1,1
-5.932,0.848,GAAAGAATAAGAAAGC,I267N,1,1
-5.932,0.848,TCAATAATTATCGAGT,P74M,1,1
-5.933,0.1034,GACAACCGCTTCACTT,,0,0
-5.933,0.1368,CTCAAACAAAAGGAAC,I236P,1,1
-5.934,0.6057,AGCTATACTTCGCCTC,Y423Q,1,1
-5.934,0.6057,ATAAACATCGACCTCG,Q434V,1,1
-5.934,0.6057,GAATAATGCTGCAAAA,F87S L194M R361Q,3,3
-5.934,0.09422,TCCGTAATGGACTCCA,S96P I214Q,2,2
-5.936,0.1462,AATCTAAACTTCTAAT,T318H,1,2
-5.939,0.3261,TAAGAATAGCAATCCC,L314W,1,1
-5.939,0.3261,TCATATCTGATAAGCC,T235K,1,1
-5.939,0.3261,TCGCCATCCGACATTA,S136L,1,2
-5.941,0.1285,TCCAATCAAATACAGG,T318G A476S,2,2
-5.943,0.8479,AAAGGAAAGCTGACTA,N133R,1,1
-5.943,0.8479,ATTTAAATTTAGATCA,P185D,1,1
-5.943,0.8479,GTACAATAATAGTGTC,A93H N250Y,2,3
-5.943,0.1696,TAACAGTCATAGCATA,S145E,1,1
-5.946,1.413,AAGGAAATGAAGTGAA,D175N,1,1
-5.946,1.413,AAGTCTGACAGAAACC,A495M,1,1
-5.946,1.413,ATAATTCATACTACTA,T451P K453C,2,2
-5.946,1.413,CACTCCTATCGTTCCG,A336T,1,1
-5.946,0.471,CCAAACTTCTAAACTG,N246P,1,1
-5.946,0.471,CGCAACTTTACGATAC,E410P,1,1
-5.946,1.413,GAAATACAAGTGACAA,I288P E414G,2,2
-5.946,0.2826,GACTTATTTTTTACAA,F332A,1,1
-5.946,1.413,GATATTTTTATTTAGT,L439R,1,1
-5.946,1.413,GCATAAATGCTGTCAC,D241R,1,1
-5.946,1.413,TAAGGAACAATGTTTC,N152G,1,1
-5.946,1.413,TCGCAAATCTAAACGA,F147N,1,1
-5.946,1.413,TGAACCTGCAGATGAG,E172K F174C H435M,3,3
-5.946,1.413,TTTAGGAAAAGGTTAG,I226A D438S,2,2
-5.949,0.3854,TATGAACAACCCAATA,L194T,1,1
-5.95,0.2826,GAAATAACCTCGGCAA,A19I,1,1
-5.95,0.2826,GAGACCAATGAAACTT,S369R,1,1
-5.953,0.8478,TGAGTAATGTCTGATA,A93D F338L,2,2
-5.954,0.3854,AAATTACAGTACTGTG,N126I K450Y,2,2
-5.954,0.3854,ACCAAGACCCTCCCAC,I29E,1,1
-5.956,0.6055,AACATTAGAACACGGT,M320I,1,1
-5.956,0.6055,AGGTCCTTGCTTTTAG,E401K G465E,2,3
-5.958,0.471,ATTTCTCGATCATGCA,P74Q,1,1
-5.959,0.3853,GTCCTGGATGATTATT,D188C L367P,2,2
-5.96,0.3261,CACAAGCAAAATTTTA,S228G,1,1
-5.96,0.09018,ATACTGCTGATATCTC,R456W,1,1
-5.961,0.2231,ACCTAATCAAAATACC,T30K,1,1
-5.962,0.1462,GAGTACGATCCAAGCC,L194V,1,1
-5.964,1.413,AAAATGAACAACCATA,L243W,1,1
-5.964,1.413,AAATGACAGGTAATAA,Y178E,1,1
-5.964,0.8477,ACAATCTATCAAAGAA,K176Q,1,2
-5.964,1.413,ACCCTCTATTCATGTT,V43T,1,1
-5.964,1.413,AGACTCCATCAACACA,D461G,1,2
-5.964,1.413,ATCTAACTTCTAACTA,G16K,1,1
-5.964,1.413,CTACTATTAACATACT,K189S M346I,2,2
-5.964,0.8477,GAAAGCAATAGAGGCG,M320I,1,2
-5.964,1.413,TAAGCCAATTAAACAC,G78N R329H,2,2
-5.964,1.413,TGACTACATCGTATTA,L420G,1,1
-5.964,0.6055,AGACCAAGTTACGTAA,I226L,1,1
-5.964,0.6055,CACCCTTAAGCGCCCA,N6K,1,1
-5.964,0.6055,GCGGATAAAAGCTACT,S136I Q407T,2,2
-5.964,0.3853,TTAAAGATGAATTATG,S247L K315T,2,2
-5.969,0.0831,TTACGAAATGCGTACT,A138Y,1,1
-5.97,0.4709,GCTCTCTTTCCCAAAT,D438Q,1,1
-5.97,0.4709,TTATAAAGATATTCAA,N170Q,1,1
-5.97,0.2493,TTCGATAACAAGAAGG,I331W,1,1
-5.971,0.2018,CTCCAACGTGCCATAC,E426I,1,1
-5.971,0.6054,GAAACTGAACATATTA,I339A,1,1
-5.972,0.1367,TTATTTATAAGACCCC,N246V E398K,2,2
-5.973,0.3853,AGCAACAATCAAACCT,R499Y,1,1
-5.973,0.3853,CTCTATTACCCGTAAC,R456Y,1,1
-5.974,0.8476,AGTGCAGCATGTTACT,K131F,1,1
-5.979,0.6054,ATAAATAATAACCTCC,Q454H E494M,2,2
-5.979,0.6054,GCAGGTCGACTCAACG,N424T A425S,2,2
-5.98,0.1842,TCGGCACTACCTAAGT,S110Y P239Y,2,2
-5.98,0.326,TGAATATCTCACAAAT,V43Q,1,1
-5.98,0.1461,TCACCAAGAACACTCT,A19T P239L,2,3
-5.981,1.413,AAATAACTATCTGTCG,R109A Y412G,2,2
-5.981,1.413,ACACGAAGATGGACGG,F294Q,1,1
-5.981,1.413,CGAAGAGACCAAGCTA,Y423E,1,1
-5.981,1.413,GCGTTAATCTAAAACC,R141F R482K,2,2
-5.981,1.413,GGTAAATAACAGGCTG,E432A K503N,2,2
-5.981,1.413,TTATAAGCTTAATTAC,Y98M,1,1
-5.983,0.1569,AATACCATAAAAAGAT,S145L V406S,2,2
-5.985,0.8475,ACAACCGTGAAATCGT,V130F G465F,2,2
-5.985,0.8475,CTTTCTCCGCATAATT,V130M,1,1
-5.986,0.6053,AACGGATATCCTCTGC,N152Q,1,1
-5.986,0.6053,AGTACTAAATTAACAC,E344I G404S,2,2
-5.987,0.4708,CAGGAAACAGTTTATA,K380P,1,1
-5.987,0.3852,CAATTTATTATTCAAC,A372Y I377T,2,2
-5.988,0.3259,AAAATGGGTCGTAGGA,S146R,1,1
-5.988,0.2825,AAGAACATCAAGTGCT,L428G,1,1
-5.989,0.1569,TAGAAATGCGTTACTA,S231N E432D,2,2
-5.989,0.1461,AGGAAAGGCACATTTA,G49D S107M W180K,3,3
-5.991,0.223,GAAACTAATTAAACAA,G62D R229E,2,2
-5.992,0.2825,GATAGGCTTACTTTCA,L428N,1,1
-5.992,0.2825,TATTGGTCTACACGAT,S193M,1,1
-5.993,0.4708,GAGCACATTAATTAGT,G303C,1,1
-5.993,0.4708,GCATCAGTAAGTGTTC,L194E,1,1
-5.993,0.6053,CTTACGGGCCATCACG,K259M A336V,2,2
-5.993,0.6053,GTCCAGTTTAACGCTA,S228N,1,1
-5.995,0.8474,AAAAACAATGAACACG,N322R,1,1
-5.995,0.8474,CATCTTTCACGCTAAA,C477F,1,1
-5.995,0.8474,CATTCTCACACTCATA,W350S,1,1
-5.995,0.8474,CGAATAGGAGAAACAA,L439R,1,1
-5.995,0.1695,CGGTTCTTTGAATAGA,V223G,1,1
-5.995,0.8474,GTCCTCAACCAATTAG,F332A,1,1
-5.996,0.3259,ACACAACCTGCTACTT,G16D V88F,2,2
-5.997,0.2492,TCACCATCACATATAC,F147Y,1,1
-5.998,1.412,ACAAATCTTAGAGATA,S137I G181W,2,2
-5.998,1.412,CAGAGCCGCTCAAGTA,N296G I478Y,2,3
-5.998,0.4707,CGACAGAGATAACGTG,A138D,1,1
-5.998,1.412,CTTAACAACTCAAAAA,F147N,1,1
-5.999,0.223,AAATGTAATATACAGT,L409T,1,1
-6.004,0.4707,CTTGTACAATGTATTA,V204Q R354K,2,2
-6.005,0.8473,TCAAAGACTACTAGAG,D104E N424W,2,2
-6.006,0.3851,ATACGCTCATAACGAC,S205D,1,1
-6.006,0.2492,GGCATTTAGTTAACTT,S378V,1,1
-6.008,0.6052,TATGCAAAAAACAAAA,R492K,1,1
-6.009,0.2824,TCCTCCGTATCATAAC,F120G,1,1
-6.009,0.2492,ATGTACACAAATCATG,S378V,1,1
-6.01,0.4707,AATAAATACCAGTACA,Y308T,1,1
-6.01,0.4707,ACATAAATTCATAACT,Y470N,1,1
-6.01,0.4707,CAATTGAGAACCCCGA,T203V,1,1
-6.01,0.4707,GAAAAAACTGATAGTG,V20M D241N,2,2
-6.011,0.3258,AATTTCTGCTAAAAAG,A196P K411A,2,2
-6.013,0.1694,AGTACAATTACAACGG,H184Q L316A,2,2
-6.015,0.8472,AACATCTTCACAACAA,I478E,1,1
-6.015,0.8472,ACGAAATAAGTAAACC,H355I E398K,2,3
-6.015,0.3851,TCCTAGAGAAAACAAC,V204S,1,1
-6.015,4.236,AAAAATTAAGAAAGTT,K264Q,1,1
-6.015,1.412,AAAATATCTACATCAC,A372K T436N,2,2
-6.015,4.236,AAACCAATTTATATCA,C473D,1,1
-6.015,4.236,AAACGAGAATCCTATT,L194G,1,1
-6.015,4.236,AAACTTAATGACAAAT,S312D L428V S480P,3,3
-6.015,4.236,AAAGTCCTATATATTA,Y178G,1,1
-6.015,4.236,AATCTCTAACTACGAC,H183N I260G A317S,3,3
-6.015,1.412,AATTAAATTGCGAGAA,A317M,1,1
-6.015,4.236,ACCATAAACCCATATA,A336L,1,1
-6.015,4.236,ACGCCGCTAAGATCAT,G23C,1,1
-6.015,1.412,ACGTATGTAATATTGT,N158G K176Y,2,3
-6.015,4.236,ACTGGATTCTAGCCTA,I300D S422I,2,3
-6.015,4.236,ACTTTTACACTTTAAA,M346S,1,1
-6.015,4.236,AGAAATACGAAATAAT,P74M,1,1
-6.015,4.236,AGAAGTTTTCAATAAT,T436A,1,1
-6.015,0.6051,AGTTCTTACATGTAAA,L251T,1,1
-6.015,4.236,ATAAACCAATATAATC,L70Q Q363Y G386E,3,3
-6.015,4.236,ATAACTTAACTTAAGG,D241R,1,1
-6.015,4.236,ATACATAATACAAACC,I374Y Q454*,2,2
-6.015,4.236,ATTCATTAAACGAATT,L15T A113T T128I W343*,4,4
-6.015,4.236,ATTTACTAGCACACGC,A11N A212W G404N,3,3
-6.015,4.236,CAAACAGAAGTAATTC,L243S,1,1
-6.015,4.236,CAAACTCTAACCCCCT,A336N,1,1
-6.015,4.236,CCTCATTATTTTACGG,P185H,1,1
-6.015,4.236,CCTGGCCGCCACATTA,E89I,1,1
-6.015,4.236,CGAATCTACTTCACCA,C14Y W153S,2,2
-6.015,4.236,CGTTCTATCAACTGCA,,0,0
-6.015,4.236,CTCACCTAACACCGTC,F148A E398K G465E,3,3
-6.015,4.236,CTTTCAACAAATTTCA,S54R A106T,2,2
-6.015,4.236,CTTTCACAATTTCATA,H488C,1,1
-6.015,4.236,GAAAGTAATGCAATCA,D271H A430E,2,2
-6.015,4.236,GAAATACTTATTAGCT,E426F,1,1
-6.015,4.236,GAACGCGTAAATAGAA,A495V,1,1
-6.015,4.236,GACATTATATATCAGA,L427G,1,1
-6.015,4.236,GACCATGATAAAATCT,G349D,1,1
-6.015,4.236,GATAGTGTAAATGAAA,L151T,1,1
-6.015,1.412,GCTAAATATAATTCCA,D68M I374G,2,2
-6.015,4.236,GTACGAAAGTATAACA,R224V,1,1
-6.015,1.412,GTGTGAAAATGAAAAA,S199T Y351A,2,2
-6.015,1.412,TAAATTATAGTCCACG,L431A,1,1
-6.015,1.412,TAAGTCCAATTGTACA,F195E,1,1
-6.015,4.236,TACAGTTCAGGAGACA,Q173I R299W V309Y,3,3
-6.015,4.236,TCACACTACACAAACC,G134M,1,1
-6.015,4.236,TCATTCTCAAAAATCA,L177R,1,2
-6.015,4.236,TGAACTTGCGGTGATT,A272D N382K Y470H,3,3
-6.015,1.412,TGTTAAAACTTAAGAC,H183E R329K,2,2
-6.015,4.236,TTGTAAACTAACATGA,P185C E443C,2,2
-6.015,1.412,TTTAAGAACTAGATAT,G504C,1,2
-6.018,0.2017,TTAATCACAAGCTATA,N22L I418K,2,2
-6.018,0.2492,GCAATCGAATGAAAAA,L496H,1,1
-6.023,0.3258,TTTCGCCTTAACACGC,S442R K453N,2,2
-6.024,0.146,GGATTAAAATATACTC,T117E A317T T328V,3,3
-6.024,0.06943,CTTTACATATTCCATT,P185C,1,1
-6.025,0.8471,TCTCATTAAAGATTTA,R229A T451N,2,2
-6.026,0.146,AATAAAAGAATACGGT,F500R,1,1
-6.027,0.4706,ATAACAAATCTAAACT,G303S,1,1
-6.027,0.1366,AATCCAACACTACTTG,N133W S205K,2,2
-6.027,0.3258,GATATCAAGCAGCTAC,L194H,1,1
-6.029,0.2823,CTAAAAAAAATACCTG,I226K,1,1
-6.029,0.385,ATACACATCATAAGCC,T155L,1,1
-6.03,0.605,ATCTAAAACAACACCA,S247H,1,1
-6.03,0.605,TTGCCCCAAAGCGACA,L86T,1,2
-6.03,0.077,GTATAAGGACCTCTTG,L243W N475E,2,2
-6.031,0.3258,ACACTAGTAATAATTG,P162D I502Q,2,2
-6.032,1.412,AAATTTGGTAATACTT,F500I,1,1
-6.032,1.412,AGATGAGCAAACAAAT,L496P,1,1
-6.032,1.412,ATAAAAGTCCGGACCA,T440K,1,1
-6.032,1.412,ATTCTGAATTAAAAAA,Y257V G386R,2,2
-6.032,1.412,CCCCTTGAAACCAGAA,I469D,1,1
-6.032,1.412,GACCTAACAAAATAGG,M268P,1,1
-6.032,1.412,GATCTGATGACACCAC,I331D,1,1
-6.032,1.412,GCGTCATATGTTATAC,Q295M E398K,2,4
-6.032,0.2017,TACTATATCAAAGGGA,S205R,1,1
-6.032,1.412,TATAAAATAAGTACAC,L316R,1,3
-6.032,1.412,TTATATTTAAGGACCA,L447G,1,1
-6.033,0.05361,ATTTGTAAATCCAAAC,N389R,1,1
-6.034,0.385,TCTCAAGATTAAGTCT,N246G T485Q,2,2
-6.035,0.847,ACACCGAACAGTTTTT,G218R R255F,2,2
-6.035,0.847,CATTGGTGCGCTACGC,H471F,1,1
-6.038,0.4705,AAACCGTCACAACAAC,N38G E398K,2,2
-6.038,0.4705,CAACGACATGAAATAC,I267N,1,1
-6.039,0.2823,CACCAGAATATAACCG,Y412D,1,1
-6.039,0.2229,ACGATGAAGCGTAAAC,M346I,1,1
-6.04,0.1283,CTAAACACGTAGAAAT,P306K,1,1
-6.042,0.1841,CATTACCATTAATACG,D73I D291N G386E D408N,4,9
-6.042,0.2229,CATATGTATAAATCAA,T65P,1,1
-6.044,0.6049,AATCTGTGAAGAATCT,S149N L496A,2,2
-6.044,0.6049,ACAAACGAAATCTAAC,S96C G200L,2,2
-6.044,0.6049,TCCAAGATTTACATTA,K292E,1,1
-6.044,0.1283,GGGAAGATAACGTTCC,V36C S149G,2,2
-6.045,0.8469,CAGTGATTAAACCTTA,F258M,1,1
-6.045,0.8469,GAACCAATCGTACACC,L420A,1,1
-6.046,0.3257,GGAATCTGAACTCATT,G463Y,1,1
-6.048,0.05499,AACCTATGCAATATAG,G286A,1,1
-6.049,1.411,CTAGCTTAATAATTAT,P74K,1,1
-6.049,1.411,GGTTAAACAAAAAGCA,W350G E403K T440V,3,3
-6.05,0.3257,ATAACTCAGCATTACT,Q295L,1,1
-6.051,0.08302,CACATAGACCTAACAA,G330F,1,1
-6.051,0.6049,ATACAGAGACCTTTAC,I267C A373M,2,2
-6.054,0.3257,AATCTTGAAGAACACA,E403G,1,1
-6.055,0.8468,AACCAAGCACATATAC,A113T,1,1
-6.055,0.8468,AATATAAAGAGAGTAA,F195C,1,1
-6.055,0.8468,AATTTTTCCAGAAATA,Q434R,1,1
-6.055,0.8468,ATGGAATATAAAGAAT,D241K,1,1
-6.055,0.8468,GACAAACAATAACATG,P185T N382W,2,2
-6.055,0.8468,TAAATTAGGAACTTAC,D68M R456N,2,2
-6.055,0.8468,TTAGGAAGAGTCTCAG,,0,0
-6.057,0.2228,TGGCAAACACCTCAAA,V36A S312K,2,2
-6.058,0.6048,CGAAAATGTCCCTCTA,H488I,1,1
-6.058,0.6048,CGAAACCCACTACTTA,G465Y,1,1
-6.058,0.6048,TTATATCGAAAAACAT,L42K A196M E398K,3,3
-6.065,4.233,AAAAAGAGACAAATAA,S422V,1,1
-6.065,1.411,AAAATTAGTACCTAAG,A39M G319D,2,2
-6.065,4.233,AAACTCTCTTATTTTA,A138Y Y351F,2,2
-6.065,1.411,AAAGTGTTACTAGTAG,F87I,1,1
-6.065,4.233,AACCAATCGATGTTAT,N126F W343K,2,2
-6.065,0.8467,AAGTGTCATTGCCCAC,,0,0
-6.065,4.233,ACAAATACTTACAAAT,L455H,1,1
-6.065,0.3848,ACAGGCATGCGCCGAA,G337P,1,1
-6.065,4.233,ACCCCCCAGCACAAAG,T436V,1,1
-6.065,4.233,ACGCTGCTGATTACAT,R90F,1,1
-6.065,4.233,AGAAACTATAGCAACT,G362P,1,1
-6.065,1.411,AGAATACGTTTAACAA,G62R G78S I469H,3,4
-6.065,0.6048,AGCCAATAAAACCCCC,S219W E403K,2,2
-6.065,1.411,AGGCATACAACGGTAA,Y491C,1,1
-6.065,0.6048,ATTAAAGCCACAGGAG,I395R,1,1
-6.065,4.233,ATTATTAAAATAACTA,Q407P,1,1
-6.065,0.3848,CAAAACCTTATGATGC,P239F,1,1
-6.065,4.233,CAAACGGTTCCTGGTC,L316K,1,1
-6.065,4.233,CAAAGTACAGATAACC,V88K S262N,2,2
-6.065,0.3848,CACAACATAGAAAAAC,S265Q L420Q,2,2
-6.065,4.233,CCACTATATCCTACTC,F195G,1,1
-6.065,4.233,CCCAACAATTAATAGT,H183D M268I,2,2
-6.065,4.233,CCTTCACTATCTATTA,V88C,1,1
-6.065,4.233,CGCAAGAAGTTTTATT,W234L,1,1
-6.065,4.233,CTCACTATAGGTGATC,I252Y,1,1
-6.065,1.411,CTTACAGATCAAATAA,Q295V,1,1
-6.065,0.8467,CTTTACATCAGTTTCA,P185E M462V,2,2
-6.065,0.4704,CTTTACTATTTCTAAC,S136G,1,1
-6.065,4.233,GAAAAAAAAGAGTAAG,L316S W343*,2,2
-6.065,4.233,GAATACGTACCACTGG,Y308P,1,1
-6.065,1.411,GAGCTACCGCACAGTC,G303H,1,1
-6.065,4.233,GCACCGCTTTTACAAT,S270R,1,2
-6.065,4.233,GCACTCCTCGAAGCAT,T248F,1,1
-6.065,4.233,GCCCTATTCTTATTGA,N250F P254L,2,2
-6.065,4.233,GCTAGTACCGTCCCAA,G465E,1,1
-6.065,4.233,GGGATAGCCACGTCCC,R150I L496E,2,2
-6.065,4.233,GGTAAACCCGTGAGCA,I34W,1,1
-6.065,4.233,GGTCATAACATAGCCG,E443D,1,1
-6.065,4.233,GTTAACTCGAAATTAT,G303C,1,1
-6.065,4.233,TAAACCACAATAGGCA,A364L,1,1
-6.065,1.411,TAAATTTATTGGAAAG,G342N,1,1
-6.065,0.4704,TAATCCCCAAAATGAG,D101M S422M,2,2
-6.065,4.233,TAGTATATAATCAACG,L251P R261L S266E,3,3
-6.065,4.233,TATATTTCAAAAACGA,W153P S287A,2,2
-6.065,0.4704,TGAGAACGAAAAAACA,Y178V,1,1
-6.065,4.233,TTTCTACAACAAAATA,I481G,1,1
-6.067,0.2016,AATTTCTGTTGAAAGC,F500G,1,1
-6.07,0.2228,TCAACTAAGCTTACAA,F500A,1,1
-6.07,0.2228,TTCAGAAAACACAGAC,V36A,1,1
-6.071,0.249,TAGGCAACATGCCGGT,G333Q,1,1
-6.072,0.6047,GAATCTGAACACATAT,V130N,1,1
-6.072,0.6047,TACCTTTATCTATCGT,E460S,1,1
-6.072,0.6047,TCAAGTACTTCCCTTA,T206M,1,1
-6.075,0.8466,AACCCTGAACCAATAT,S228M K411R,2,2
-6.075,0.8466,GAAGTATACAAATTTG,L496R,1,1
-6.075,0.8466,TAGAGTAAAATTACTC,I437H,1,1
-6.075,0.146,GACACTCATACGTAAC,S287Y,1,1
-6.075,0.2228,ACACGAACTACACATC,N81L L194D,2,2
-6.076,0.4703,AAAGCAAAAGTACCCG,P227D,1,1
-6.076,0.3256,CTTAATAACACTCACA,N165I I217F,2,2
-6.079,0.6047,TTAAGATACATCCTAC,L427Q,1,1
-6.079,0.03618,CCCATGGAAAGCAGAC,M268A,1,2
-6.079,0.249,TACAGCAAAATTCATC,V182W,1,1
-6.081,1.411,AAAAATACAATCAGCT,N296L,1,1
-6.081,1.411,ACATATTTCGCATTAT,Y257A,1,1
-6.081,1.411,CACGGTAACAAAATAT,G218L,1,1
-6.081,1.411,CTTCAATTTAATCGGC,G342A,1,1
-6.081,1.411,TTAGAACTCCTAACCC,H18D D366F,2,3
-6.085,0.8465,CCTAGCCCGAAACACA,D225P,1,2
-6.087,0.4703,ACCAACAGACATCAAT,L367P,1,1
-6.087,0.1365,AACGCTATATTGCATA,L367D,1,1
-6.087,0.3847,CGAATTTAAACGGTCC,P162W G263R,2,2
-6.087,0.3847,GAAACATGATTCTCAC,Y98L,1,1
-6.087,0.3847,TGAGTGTACCGAACGT,R150G N341C,2,2
-6.091,0.2821,CACAGGATGAAATGTA,E325K L427H,2,2
-6.091,0.3255,ACAATTGTACTGAAAT,S209N G303D,2,2
-6.092,0.4702,TGAGGAGTAACACACT,K310D,1,1
-6.092,0.184,GGTCACGATATACATG,S265D,1,1
-6.093,0.6046,TAACAGTTAAAAAAGC,A365L,1,1
-6.097,1.411,CCTTAATTGGTCAACT,F174K V406Q,2,2
-6.097,1.411,CGCGTAATCTGCAAAA,F294V,1,1
-6.097,1.411,TAAAAAGTTTTATCTT,C305Y,1,1
-6.097,1.411,TATAACTACCCATCCA,T203G T436A,2,2
-6.097,1.411,TGCCAGACTGAGACAA,N246I,1,1
-6.1,0.6045,ATAATTAACCCTACGA,D241H,1,1
-6.1,0.6045,ATATTATCTGATATTT,V309L S312L,2,2
-6.101,0.2821,TCAAAGGCAAAACATA,S193P,1,1
-6.102,0.3255,ACTAACAAGTTATACT,L431G,1,1
-6.102,0.3255,TTCACGACTCAGAAGT,V309S,1,1
-6.103,0.4702,AATTTTCACCAAAGAT,A11E,1,1
-6.104,0.8463,ACCAATTCTTGAACTG,Y302* V309M,2,2
-6.104,0.8463,AGGAAGGACGAACAAC,P254D,1,1
-6.104,0.8463,TAGGAAACATATACAA,,0,0
-6.105,0.2489,ACAGCCGGTATTTCGC,L243A,1,1
-6.106,0.1032,ATACAATTAATAGACA,E123Q D366N,2,2
-6.106,0.6045,ACCGGTTTAAGGACTA,D271G,1,1
-6.106,0.6045,GAGAACGAATTTAGAC,S378I,1,1
-6.106,0.6045,TCAGCCTAACAAATAG,N498D,1,1
-6.107,0.2821,CAAACTGGGACTGATT,T313I G479H,2,2
-6.108,0.2489,TACGATTATCAGCCAT,A138Y,1,1
-6.108,0.4701,AGGTTGCGCTCACAGG,I339C,1,1
-6.108,0.4701,TGAGAACACGAACAAT,N341G K380A A476V,3,3
-6.11,0.3255,GCTAGCCTCGTAACAA,S378L,1,1
-6.113,0.8462,AAAAACGTCTAGTCGA,G352H,1,1
-6.113,4.231,AAACAAAACAATAATT,I331D,1,1
-6.113,1.41,AAACAATACGAAAACA,H17K T203C,2,2
-6.113,1.41,AAACTGATTGTCGGCA,V223G,1,1
-6.113,1.41,AAATACGAATCGTGAT,G200D D348I,2,2
-6.113,4.231,AACACCGGAAATCACA,I502C,1,1
-6.113,0.8462,AACCAAGGCATGACCA,G303A,1,1
-6.113,4.231,AAGAGACTCGAGCATA,T248Y,1,1
-6.113,4.231,AATCATAAAAAAGGGA,A69Q,1,1
-6.113,4.231,AATCTATTAGACATAA,S137R D186E,2,2
-6.113,4.231,ACAATTAATCATAACT,Q295Y,1,1
-6.113,0.06132,ACCCAAAATACTGCAC,S270M E410K,2,2
-6.113,4.231,AGAAGATCACTTTATC,T248W,1,1
-6.113,4.231,AGAAGCATAAAAGGAT,P55Q N433E,2,2
-6.113,4.231,ATAGATGGTATGAAAG,F500K,1,1
-6.113,0.8462,ATCGGAACTAGGCTCA,A93T S231L C305G,3,3
-6.113,4.231,ATGATTGAAGCGATAC,F500M,1,1
-6.113,4.231,ATTAACCAGATCCGAT,N170F S265V,2,2
-6.113,0.8462,CAAATAACTCGATAAA,W350M,1,1
-6.113,1.41,CAGACTGAGAGTTCAA,A19T P306M,2,2
-6.113,1.41,CAGTATCACGCGAGGA,H18P G330N,2,2
-6.113,4.231,CATAAACAATGAATCA,D77I Y98* E457K,3,4
-6.113,4.231,CATGACCCCGTGACCC,P254A,1,1
-6.113,4.231,CGAATAAACAATAATA,G249Y,1,1
-6.113,1.41,CGCTTCAATTCTCCCA,I58Y,1,2
-6.113,4.231,CTCAATTAGGCCATAA,L13D W421N,2,2
-6.113,4.231,GAAAGACAACCAGCAA,I230C,1,1
-6.113,4.231,GAGGATAAACCTAGGT,A336T,1,1
-6.113,4.231,GATCATTAATAGAAAC,T203L,1,1
-6.113,4.231,GTATTTTAATACCACG,V43P I395V,2,2
-6.113,4.231,GTGCGAGGCAGAACGA,V182F G319Y,2,2
-6.113,4.231,GTTTGAAACTGTATAA,A253T N322P,2,2
-6.113,4.231,TAAAATAAATTGATAC,T37S,1,1
-6.113,4.231,TAAACTCACAATAGAC,R33K D438L,2,3
-6.113,4.231,TAAAGACCAATTCTAC,C64W E398K,2,2
-6.113,4.231,TACGACGATAGTCAAA,L314D,1,1
-6.113,4.231,TTAAACAAATTCTGTA,S47G D419W,2,2
-6.116,0.2821,GTCAGCCTGTAAAACG,N190M,1,1
-6.117,0.1692,CATTCAAGTTGCATTT,I226S Q501G,2,2
-6.117,0.3846,AATCTCGGTCTGAATC,F500G,1,1
-6.118,0.1459,ACAGTTGATCGAAAAT,E460D,1,1
-6.118,0.4701,TGTTGCCACTTCCGCT,A138V,1,1
-6.119,0.282,ATTGGTTTTCATCTAC,L13Q V26M,2,2
-6.123,0.8461,CAGGTTTAGACCACTT,N246R K259E K450R K452R C473I,5,5
-6.123,0.8461,GATTGCGACAATGAAC,K380R,1,1
-6.124,0.3254,TCCACCGTGCAACTAC,L384Q,1,1
-6.125,0.1839,GTACTTTGTTAAACCA,Y178V,1,1
-6.126,0.282,TTGCCGGACGTAAACA,S199D L431G,2,2
-6.126,0.3846,TATGATAATCCTATAA,L42A S149R,2,2
-6.127,0.6043,GTCTAACCTCGCATTT,Y491L,1,1
-6.129,1.41,AAACCTCTCTCATTTA,N322Y,1,1
-6.129,1.41,AGTTAATTATCTGCCA,G218S A272Q I385E,3,3
-6.129,1.41,ATAAAAGATCCTACAT,W127S,1,3
-6.129,1.41,CATATCTATACAGGAT,D73R,1,1
-6.129,1.41,CGAAGCACCTCACAAC,G345V V429H,2,2
-6.129,1.41,CTATGTGATCCAACTA,G181S,1,1
-6.129,0.08295,AGACTACTCATCAGCT,N133I,1,1
-6.13,0.1839,AGGTCATCAAAAAAGT,V43M,1,1
-6.132,0.846,ACTCGCCACTGAACTG,Q295F,1,1
-6.132,0.846,CGAACTACATTAGCAG,Y412N,1,1
-6.132,0.282,CTCTTGCCTCATTCCA,V213S G342D,2,2
-6.133,0.6043,AAAAGCGACCCCCAAC,H18Y H488G,2,2
-6.133,0.6043,GTTATAAACCTCTGCA,D408Y E432W,2,3
-6.134,0.47,ACTCTAGATAAAACAA,F353M,1,1
-6.135,0.3845,ACTCTGCATACCACTT,V43F S209P,2,2
-6.138,0.282,CAAATCTTTACTCATA,D101C L420V,2,2
-6.138,0.3254,GTCACCTTAAAACTGT,N298V,1,1
-6.139,0.1282,AATACAAGATAATCGG,Y233T,1,1
-6.14,0.6042,AGCATACGTCATCGTT,S270L,1,1
-6.14,0.6042,GCCCATTAAGCGGAAA,A253P,1,1
-6.141,0.8459,TAAAAAGAGTTTGCAC,L111P,1,1
-6.141,0.8459,TAATTCAATGCTTAAC,E35D Y100C,2,2
-6.142,0.3254,CACTGATTGACTTTCA,Y470Q,1,1
-6.144,1.41,AACAATGCACGAACAC,I418G H435N,2,2
-6.144,1.41,ATAAGCGATCTCCTTA,A364H,1,1
-6.144,1.41,CGAAACATATATTGAT,G249R,1,1
-6.144,1.41,GAATTCTAAAAGCAAT,L71A,1,1
-6.144,1.41,GTAAAAAACTTCGAAA,E396*,1,1
-6.144,1.41,TATCACACTAGACATG,G286S I288W,2,2
-6.146,0.02311,CTCCAAAGCCTTCGGG,V102L P185T,2,2
-6.147,0.2014,TAGTCTGTGTGTCTCT,D438G,1,1
-6.147,0.6042,TATTCAAAGAAAAACG,R499K,1,1
-6.147,0.6042,TGTCTCGATACAGTAA,P254S,1,1
-6.148,0.1566,CATCAAGGAACCATTC,S137E A304V,2,2
-6.15,0.4699,CTAGTTCAGTAAGACG,G333H,1,1
-6.151,0.282,AATACCTCCAAAAAAA,L431A,1,1
-6.151,0.282,ACCAACTGGTACAACC,N170Q,1,1
-6.151,0.8458,GTCGTTTGCAGATCCC,Q191P,1,1
-6.151,0.3845,ATCCCGCTTCAGATCG,S193H,1,1
-6.151,0.3845,CAAAGCGTATGTCAAG,H435D E460D,2,2
-6.151,0.3845,CATAACCCGAAAAAAG,T328W E396K,2,2
-6.152,0.1839,ACCTATACAACATCAA,S136H,1,1
-6.153,0.6042,ACATAAAACACAGGTC,D474M,1,1
-6.155,0.1084,AGATTTAAACGAAACC,L420S,1,1
-6.155,0.2014,CATGGATTAATTCCAG,D68E N498S,2,2
-6.156,0.3845,AAGTTCGTGTGTACAC,E83W T318K,2,2
-6.156,0.3253,ATTGTACCAAACTCTA,N250Y I469V,2,2
-6.156,0.3253,TACTAACTTATTCATT,V36M,1,1
-6.157,0.2819,ATAAAGTCAAAGTCGC,F195G,1,1
-6.16,4.229,AAACGGAGCGTTATTA,T436D,1,1
-6.16,4.229,AAACTCTTTTACCACC,H18P,1,1
-6.16,4.229,AAATAATCATAAACAC,L431R,1,1
-6.16,4.229,AACCGTGACCAAACTA,F500P,1,1
-6.16,4.229,AACTAGGTAATAAGTA,A425Q,1,1
-6.16,4.229,AAGATGGCTATGTTAA,G286E,1,1
-6.16,4.229,AAGCTAGAGAAAGAAA,I502Q,1,1
-6.16,4.229,ACCACCGATAAAGGTA,D241R,1,1
-6.16,4.229,AGTTACCAAGCATTGA,F192K G349*,2,2
-6.16,4.229,ATCCAATGACAGCGAA,F294K M346I G349R,3,3
-6.16,0.2488,ATCTCTAACATATCAC,L86S,1,1
-6.16,4.229,CAAGCAGCACGCAAGC,G465W,1,1
-6.16,4.229,CAATTTCACCTTAATA,T416K,1,2
-6.16,0.3253,CACAATTAACGCTAAA,G49D T235H,2,2
-6.16,4.229,CATAAAATCCTTACCC,F147H I374E,2,2
-6.16,4.229,CATATAACTAACGCAC,E340G N341C,2,2
-6.16,0.6041,CATTGCAAATAAAGAA,R329S Q434V,2,2
-6.16,4.229,CCTTAAGAATAAGAAA,S422R,1,1
-6.16,4.229,CTTTAAGTTGCCTCTT,I58F,1,1
-6.16,4.229,GAATTGGCGAAAAGTG,T155C C305Y,2,2
-6.16,1.41,GACCAAGCAAAAGATT,I67S,1,1
-6.16,0.6041,GATAATCCAACACAAA,E494W,1,1
-6.16,4.229,GATCTTAATTAATAAC,F120I,1,1
-6.16,4.229,GCAAACACCTACGCAT,G249K G386R,2,2
-6.16,4.229,GCCGGCTTCTTACCTC,A39K,1,1
-6.16,0.2014,GTCGAAATCACACGAA,S136G,1,1
-6.16,1.41,TAAACCTTTACTAACA,L70A I469H,2,2
-6.16,0.8458,TAAATCAAGAAATACT,Y98N,1,1
-6.16,4.229,TAAATGTTAAGCATAC,N22L E403K,2,3
-6.16,0.4699,TAGAATTTCCACCACT,S144F A373D,2,2
-6.16,4.229,TAGGGTGCGTTACAAT,L428D,1,1
-6.16,4.229,TAGTAATTTCGAACCA,R150K G319D N382I,3,3
-6.16,1.41,TATACAGTGCAGTTGC,F120N,1,1
-6.16,4.229,TATAGTCTAAGACGAA,L108N,1,1
-6.16,1.41,TATGGTCGTCTGATCT,K446E,1,1
-6.16,4.229,TGAATTCAAATGCCCA,A372S C477*,2,2
-6.16,4.229,TGATTATGCAATTGGC,S145C,1,1
-6.16,4.229,TGTGTTCAAACCACTA,T12I Q363R,2,3
-6.16,4.229,TGTTCGGTTTGTGAAA,D85V K310P,2,2
-6.16,4.229,TTATACAGAATACCAT,T206H,1,1
-6.16,1.41,TTTCAACGCTAAACCC,V130N,1,1
-6.161,0.1566,GAACATATAGAACTGC,A11E,1,2
-6.162,0.2226,ACATCACAATTTCCCT,A19T G463A,2,2
-6.163,0.3253,CAGCTGCGCCGAAATA,V20E,1,1
-6.165,0.04547,ACTCGATACTCAAATG,F195Q,1,1
-6.165,0.2487,TAGTAAAAGTTATCAC,N246F,1,1
-6.169,0.8457,TAATGCTTTCGCTTAA,M346W,1,1
-6.169,0.8457,TTCTTATAAATAAACA,L431R,1,3
-6.171,0.1691,TACGAAAAGATACACC,S145E,1,1
-6.172,0.3844,ATCTGTATTCTCGAGC,G142E I502Y,2,2
-6.172,0.3844,CGGAAACATACCATGT,G386E L428E,2,2
-6.172,0.3844,TGCATAATGAAAAACT,I502C,1,1
-6.173,0.604,CCTGAGGAGCGCCTAA,R482C,1,1
-6.173,0.604,TGCTACGTCACCTTTA,R261D E396N G463Y,3,3
-6.174,0.1458,AGAAAGTACATTCCGT,V130H,1,1
-6.175,1.409,ACCCTAGTTAAAACTT,Q210W,1,1
-6.175,1.409,CATTTTAAAAAACATC,K368E S480P,2,2
-6.175,1.409,CGAAAGACGCAACAAT,A364D I502S,2,2
-6.175,1.409,CGGCTACTAAACCAGG,T436E,1,1
-6.175,1.409,GGAACCATTATCTTAT,I67V D241Y,2,2
-6.175,1.409,GTTATAGAACCGAGAA,Q173Y,1,1
-6.175,1.409,TAAATTATTCTATTCT,S149P,1,1
-6.175,1.409,TCAACTAAAAGTGGTT,M168R,1,1
-6.175,1.409,TTACTTGAAGCACACA,Y491K,1,1
-6.175,0.4698,TTATCACCAACTGCAA,H488F,1,1
-6.176,0.3844,GTAGCACGATGCAAAC,W350F E359D,2,2
-6.178,0.8456,CTATTATAAAAATGCC,S369E,1,1
-6.178,0.8456,GAATACCGGTAAAGAA,A373L,1,1
-6.178,0.8456,GCCTCCAAAAGTTAAT,G303A,1,1
-6.179,0.604,CAGCAACGTATACAGT,C305N,1,1
-6.179,0.604,TTAAAAAACGTATGAA,S270L,1,1
-6.184,0.2487,TTTTACAGCTGAGCTA,L316W,1,1
-6.184,0.3252,GACTTAGATAGCAGCT,A138T,1,1
-6.185,0.4697,AAGCGTCAAAATCCGT,A334V,1,1
-6.185,0.4697,ACAATCTTACTATAGA,G463D,1,1
-6.185,0.4697,AGACCAACTTACAAGA,A364H,1,1
-6.186,0.6039,GCTTTAAATTCTGTCC,G465M,1,1
-6.187,0.8455,AAACCACTAAATATAT,L70S,1,1
-6.187,0.8455,ACGGTATATAACATTA,A336T T370Y,2,2
-6.187,0.8455,CGCAATCTTTATACAA,I245A,1,1
-6.187,0.2818,CTTCTGGGTGCGTTTT,A365L,1,1
-6.187,0.8455,TACCCTAAATTCTCTG,N433L,1,1
-6.19,1.409,ACAAGATCACAATAGC,G23K,1,1
-6.19,1.409,ACAATAATATTAACAC,L177R R220M W350*,3,4
-6.19,1.409,ACCTGATCTAACCCTT,F448R,1,1
-6.19,0.4697,ACGCCTAGCCACAATA,Y98D,1,1
-6.19,1.409,ATAAATCGAAAGATAA,G352K,1,1
-6.19,1.409,CATCTGGCAACCATAC,T440N,1,2
-6.19,1.409,GCAAAATAATGGACGA,T203V,1,1
-6.19,1.409,GCACAAAAGCCTCGAC,L15*,1,1
-6.19,1.409,TATGATATTAGCAAAA,G142E A336R,2,2
-6.19,1.409,TGGTCAGCGATACCCC,C281Y Q311H,2,2
-6.19,1.409,TTAAAGACTGAAGCTG,P293H H393I E398Y,3,3
-6.19,1.409,TTCATCGGTACATTTT,R224M,1,1
-6.19,1.409,TTCCAAATAGATTTAA,L409A,1,1
-6.19,1.409,TTTACAGCTATAAAGT,A425T,1,1
-6.191,0.2225,CATATTGCGCGAATAT,K50F P221D E344Q,3,3
-6.191,0.09394,CACTTAAAAAACACAA,Y98V,1,1
-6.191,0.1458,GACTAGCAACTCGCTC,L118C,1,1
-6.192,0.08289,GTAAGCCGTTCTAGTA,A138T,1,1
-6.192,0.6039,ACATAGAAACATATAA,L86Y,1,1
-6.192,0.6039,TCAGATTTCGTGAATC,A93F D441L,2,2
-6.192,0.6039,TCATATCCAATACTTG,I67W,1,1
-6.192,0.6039,TTCGCTTGATCCATTA,D186H,1,1
-6.193,0.2818,TCGGTCAATCATTATA,Q191Y,1,1
-6.193,0.2818,TTATCGGCCTATTCAA,M462H,1,1
-6.194,0.1458,GATCAACTAGGACTGT,I267L S480V,2,2
-6.194,0.2013,TTTTTCAACCACTTAT,L71T,1,1
-6.195,0.1281,GTACGACTAATAAAAC,L409W,1,1
-6.196,0.8454,GGCTGTTACAGTAAAT,A113K,1,1
-6.197,0.3843,TAACGGAGATGCCACT,C305W,1,1
-6.2,0.4697,TGTGTATACCCATCTT,N250M,1,1
-6.2,0.1458,CTGCTCGCATTATCGG,T203M,1,1
-6.205,4.227,AAAAAGCCACGAATTG,E410K A495W,2,2
-6.205,4.227,AAAAAGTTGTGTCCTA,G256E,1,1
-6.205,4.227,AAATAACAAACACTAT,T37P D438E,2,2
-6.205,1.409,AAGCAGCAAAGCACGA,,0,0
-6.205,1.409,AATATGATTCACGCAG,A39Q K411P,2,2
-6.205,4.227,ACCATTCCTACAAAGT,S270R,1,1
-6.205,0.8454,ACGACAACTTTACCGC,H355A,1,1
-6.205,4.227,ACTATCCATGCACTAA,P221D H435R,2,2
-6.205,4.227,ACTATTATTGTACGAA,W153Q,1,1
-6.205,4.227,ACTTTTGACCGTAATT,P227M G360M,2,2
-6.205,4.227,AGATAAATATTTTTAC,T12Y,1,1
-6.205,0.8454,AGGAGCTAATCCAAGA,L427Q,1,1
-6.205,4.227,ATAAATATTTAACAAT,Y98K E172K,2,2
-6.205,1.409,ATAATTAATCAATAAA,A39E A336D,2,2
-6.205,1.409,ATCAAGTGTCTTTATA,G360P,1,1
-6.205,4.227,ATGCACAATTGTGAGA,K380I,1,1
-6.205,4.227,ATTGTGAGATAAGAGA,W180D,1,1
-6.205,4.227,CAAACCTACACACTTG,Y470R,1,1
-6.205,4.227,CAAACTATACATGTAA,E41T Q211N,2,2
-6.205,4.227,CAAAGAACATAAACTA,Y98F R361F,2,2
-6.205,0.8454,CAAATTAATAATGAAA,P55R R354F,2,2
-6.205,4.227,CAATCATTAGAGAAGA,S198Y A365D,2,2
-6.205,4.227,CACAAACCACTATCTA,Y100* I179V N357M,3,3
-6.205,1.409,CACCATTAATTAATAG,E35S C466F,2,2
-6.205,4.227,CATGTCCTTAATCGTA,R492V,1,1
-6.205,4.227,CCAATCACTTAAATGT,I179E,1,1
-6.205,4.227,CCCAAAAGATTCATAA,V323G E410K,2,2
-6.205,4.227,GACGGCTTGCAAACAG,N445P,1,1
-6.205,4.227,GATCCATCATAAACTC,W180N,1,1
-6.205,4.227,GATTATGATTGACATT,S228M,1,1
-6.205,4.227,GCACAACAACTTGTGT,E41V E410W,2,3
-6.205,4.227,GGACGAAACCTGCGTT,G303R E457K,2,2
-6.205,0.8454,GGGCCAACCCTTAGCA,H488T,1,1
-6.205,4.227,GTAACAGTAGCATACG,E432A,1,1
-6.205,4.227,GTATCACAAATAGACA,,0,0
-6.205,4.227,TAACCTCGGACAGAGA,A113W,1,1
-6.205,4.227,TAACGAACCCTCATTC,P74G T451S,2,2
-6.205,0.8454,TACCATAAAGTTATAT,T436C,1,1
-6.205,4.227,TACTTACAATACAGCA,T37* E325M,2,2
-6.205,4.227,TATATATATAACGCCA,E89P,1,1
-6.205,4.227,TATCACACTAAAAGAA,T37Y,1,1
-6.205,4.227,TCACCAATAATTTTAT,Y105N V166K,2,2
-6.205,4.227,TCCCGAGACATGATTG,G200A A334E,2,3
-6.205,1.409,TCCGTTAGAACAATAT,C52T,1,1
-6.205,4.227,TGAACACATAGAAAGT,G129Y V223Y,2,2
-6.205,4.227,TGATCTTCTATCAATG,R482N,1,1
-6.205,4.227,TTACCGAACCATTTTA,D85Y H435Y,2,2
-6.206,0.1142,GGATCTCAAGTAGCAA,D186E,1,1
-6.207,0.2486,ACGGTTAATACCACGT,W421G,1,1
-6.209,0.2013,TACCATAGTCCTTTTC,V43T A272G,2,2
-6.212,0.3251,ATCCGACTTGCTTGGA,S96P,1,1
-6.213,0.2486,ACATCCATTTGATTCC,P239L,1,1
-6.214,0.8453,AACCGCGGACCGACCT,E83G Q173*,2,2
-6.214,0.8453,GTACCAAATACATGAA,N190E,1,1
-6.214,0.8453,TCACTCTCAAGTACAA,T388K I478D,2,2
-6.214,0.8453,TCAGAAAACAGGAAAC,L244P,1,1
-6.214,0.8453,TGACGAAATCGATAAA,L194K,1,1
-6.214,0.2224,TATACCGTCCCACCAA,K380A,1,1
-6.215,0.1363,CATCAAGTTCAGAGCA,T206Q,1,1
-6.218,0.3251,TGTAATCAACATAAAG,L384F E396A,2,3
-6.22,1.409,ACAGAAAAATCTAAGA,Y100Q,1,2
-6.22,0.1565,ACTACAGCTCCAGCAT,I245C,1,1
-6.22,1.409,ACTGGTCATTATTACT,M346I,1,1
-6.22,1.409,CTACAAGACTCCCCAA,P55T E494G,2,2
-6.22,1.409,GACTGCCCCGTCAGTG,E41V,1,1
-6.22,0.4696,GGAAATAACAATATAC,N152T,1,1
-6.22,1.409,TCCTTGAAAATAAGCA,P284N E390H,2,2
-6.22,1.409,TGGATCAACAACATAT,T206R E398K W421*,3,3
-6.22,0.2486,TCCAATTCGATCAGAC,D474M,1,1
-6.221,0.3842,GGTGCTTACAAAAAAA,V406N,1,1
-6.222,0.1837,GATGGACTCTCGAAGT,A138R,1,1
-6.222,0.8452,AACGCGTTTGTCCCCT,Y100S,1,1
-6.222,0.8452,CACCGAGACCAGCTCA,Y470N,1,1
-6.222,0.8452,GTTGACGCGGCATGAG,N458Y,1,1
-6.222,0.8452,TAAGCGTCAAACTTCT,A253D D461C,2,2
-6.222,0.8452,TCCCAAAAATACATTC,T318D,1,1
-6.222,0.8452,TCTTCCTAACATAGTA,F258R,1,1
-6.224,0.6037,GGATAAAGCCCTGTGT,R329H,1,1
-6.224,0.4695,GTACCACTATAGAAAT,K310D,1,1
-6.225,0.1363,GCTTAACTAAAGAAAA,Q164P,1,1
-6.225,0.3842,CTCAGTCTGGTTTTCC,G249C,1,1
-6.225,0.3842,GTCTGCGAGACATGAA,Q311N,1,1
-6.225,0.1281,TATCCCAAATAACTGA,G465S,1,1
-6.225,0.08991,TAGACTAGACACAAAC,Q164P,1,1
-6.226,0.2224,GAAAATTCAATTACGA,H183P D487Q,2,2
-6.228,0.169,TAAATACAAACCTCAA,Q376P,1,1
-6.228,0.2817,ATACGACCAAGAATCT,Y308V,1,1
-6.229,0.3842,TTATGTGCATTGATAA,F148L,1,1
-6.23,0.08286,GTATATAGGCCGTCCA,T10L S270D,2,2
-6.23,0.6037,ACTATAGAAATAATTT,L496C,1,1
-6.23,0.6037,CAACGAGCTCAAAACC,T301M G333C,2,2
-6.23,0.6037,TTACAAACATAGCATC,L42Q,1,1
-6.231,0.8451,CTAACAAGAAAATATA,G62E A212T W343*,3,3
-6.231,0.8451,TATCATCAACACAAAA,Q75C K468E,2,2
-6.231,0.8451,TGATTTTGTATTGTAA,D487C,1,1
-6.233,0.3841,ATTTAATCACGAATCA,F332Y,1,1
-6.234,1.408,AACCATGGTACTTCAA,V213W G330H,2,2
-6.234,0.128,AATTAAAATTCTTTAT,M320L A476R,2,2
-6.234,1.408,ACGTATATAACAAAGC,V88G,1,1
-6.234,0.4695,CCTTAATAGGACTTAC,G116R,1,1
-6.234,1.408,CGTACTTGAGGGTGAA,S265C K452H,2,2
-6.234,0.4695,GATCTTACAGTTTTAA,T155G,1,1
-6.234,1.408,GGACATCGAACCGCGT,T155M,1,2
-6.234,1.408,GTTTCGTAAAATTCAC,N246S,1,1
-6.234,1.408,TTTACAAAATACCAGG,E41Q I242R,2,2
-6.236,0.6036,AACTGCTTCTAAAATC,G465S,1,1
-6.236,0.6036,TGGGTGCCACCCCACG,D7N V413S,2,2
-6.238,0.1457,TAGTATTTTCGACACT,V182T G352I,2,2
-6.239,0.1837,GGTATAAAATCTTAGA,L431E,1,1
-6.24,0.845,AGCCCTTATTAGAAAC,N246L E457K,2,2
-6.24,0.2817,AGGGCTGGTATGACAT,W127C I230N,2,2
-6.24,0.2817,TAGCACAAGATGACAC,Y98N,1,1
-6.24,0.2012,CAACTGACACACAAGA,H56P R220A,2,2
-6.241,0.3841,CAAAAGAACATTCATA,N341I,1,1
-6.242,0.6036,TGCAGCACGCGCCCTA,P239W,1,1
-6.242,0.6036,TTATCTTCACACCACC,F147Y,1,2
-6.247,0.1837,AATTAACACTGACAAT,A163N G263R S266D,3,3
-6.249,4.225,AAACTCCAGAAAATCA,,0,0
-6.249,0.6036,AAAGGAATCGATTTAA,V43P C473H,2,2
-6.249,4.225,AAATTTAAATAACAGT,A19*,1,1
-6.249,4.225,AACGTAATACTTTCTA,I335C G479I,2,2
-6.249,4.225,AAGACAATACTGACAG,N322Q,1,1
-6.249,1.408,AAGAGAAAACTATTAA,F294P,1,1
-6.249,4.225,AAGTACCTACGAGCCT,H488T,1,2
-6.249,1.408,ACAAAATCGTAAATGA,C76I R222N,2,2
-6.249,4.225,ACAATGAATCTATACC,P221T T436Y,2,2
-6.249,4.225,ACACAGTTGTAAGACT,N152K,1,1
-6.249,0.4694,ACATTGTATTGATTAA,N341V,1,1
-6.249,4.225,ACCACGGTACCGATCA,A317V,1,2
-6.249,4.225,ACCATATAAGCTAAGT,T37W V490N,2,2
-6.249,4.225,ACTAACCCTAGAAATA,G78K I377K,2,2
-6.249,4.225,AGAACAGATTTATAGG,S265R E426N,2,2
-6.249,4.225,AGACATCGAAATCACT,D60T D415N E432A,3,4
-6.249,4.225,AGTAATCTTTTGAAAA,W421S,1,1
-6.249,1.408,ATACTGAACAAAGATA,V204C,1,1
-6.249,4.225,ATATAATATGTCAGCA,T187I P227T,2,2
-6.249,0.4694,ATCTCCGACACCACGA,I502Y,1,1
-6.249,1.408,ATTGGATACCAAACTT,L15K,1,1
-6.249,4.225,ATTTAATAGCAAGATA,A334V,1,1
-6.249,4.225,CAAATTGATAGTGTCT,S136I,1,1
-6.249,4.225,CACAAAGCCTGACGCA,C97D,1,1
-6.249,4.225,CATAAGATTATTGACC,L314A,1,1
-6.249,1.408,CATATAAGACGATTAA,L409T,1,1
-6.249,4.225,CGAAATACTCGAGAGA,D441C,1,1
-6.249,0.6036,GACATAACAAAGCCTG,E359C,1,1
-6.249,4.225,GAGACATTTTTCCAAG,R499G,1,1
-6.249,0.4694,GCCGTCCCTAATTGAA,G362V,1,1
-6.249,4.225,GGACAATCCAGGCTCC,V237Q,1,1
-6.249,4.225,GGATCGAACAACAAAG,D68W A425M,2,2
-6.249,4.225,TAAAAAGATCGCACAC,I58W E426W,2,2
-6.249,1.408,TAAATCGAAATTCACA,A317M,1,1
-6.249,4.225,TATAGCCGGCGGATAA,T436D,1,1
-6.249,0.845,TCAAATGTCGGACAGA,Q434R,1,1
-6.249,4.225,TCACAACTTGTTCTGA,V413P,1,1
-6.249,0.2817,TCACCTCAAAGAAATG,S146F D291R,2,2
-6.249,4.225,TCGAATCCCGTACTAA,L15W G349E,2,2
-6.249,0.6036,TCGGATCGGCATATCA,G5M V406S,2,2
-6.249,1.408,TCTGACGTTAACCCCG,Q434V,1,1
-6.249,1.408,TGAATTTGTCTAGGAA,I339A,1,1
-6.249,4.225,TGACTAGGGCCCAAAC,L86E,1,1
-6.249,4.225,TTATCCACTCTCGTAC,C277Y M320L,2,2
-6.249,4.225,TTGTATTCATTAACTC,G72E V166D,2,2
-6.249,4.225,TTTTAGCTCTTGAAGG,L157V H471D,2,2
-6.253,0.1457,GTCATGCATTATGAAT,H183N,1,1
-6.255,0.6035,CTGGGTGAAATTCTAC,T235Y,1,1
-6.255,0.325,CAATCTCATGAATGAG,I274P,1,1
-6.255,0.1363,CTAAGGCAGTTACAGG,I226D,1,1
-6.256,0.384,CACAAGCTGAAATAAT,M168Y S422N,2,3
-6.259,0.08621,ATTTCGTAAAACCTGA,G303S,1,1
-6.26,0.1565,CGTATCCGTATATAGG,D441R,1,2
-6.26,0.1837,AGCATCCATCAGCACA,I48D G345C,2,2
-6.26,0.384,AATTGATTCATAATAT,I274P,1,1
-6.261,0.6035,CTAGCAATCACCAAAA,F125H,1,1
-6.262,0.0595,ATATGATAATTTACAG,T436C,1,1
-6.263,1.408,AAAAGGGAAAAGCTGA,Q210P A253D,2,2
-6.263,1.408,ACGTGCTGAAGACAAG,I202G,1,1
-6.263,1.408,AGAAAAAGGAAAATAA,G218R V297L,2,2
-6.263,1.408,ATTAAAATATATGTAT,V20P F392S,2,2
-6.263,0.4694,ATTCAAAATTGAGAGG,I374T E460Q,2,2
-6.263,1.408,CGAGCCTCTGAACCTA,L154R,1,1
-6.263,1.408,TAAACCTTTCTTGTAC,A373W,1,1
-6.263,1.408,TAAGCCTATATAAACC,L439G,1,1
-6.263,1.408,TCACGACGGGAGATAT,K238C Y486W,2,2
-6.263,1.408,TTATCGATTTCTTACT,S228Q,1,1
-6.263,1.408,TTGACAAGCTACATAT,A11N G360C,2,2
-6.263,1.408,TTTACTCTAATTAAGC,H183D S265T,2,2
-6.264,0.1363,ACCTTCACACCTGTCT,I29R,1,1
-6.264,0.384,GAAGACTAAAATTCCA,G249V,1,1
-6.265,0.2012,TATATTTTTACCCAAT,D487G,1,1
-6.266,0.8448,AAAACTGGTTATCGAC,L428D,1,2
-6.266,0.8448,AACAACATGTGATGAA,,0,0
-6.266,0.8448,CAATAGTATCCCTGAG,R33N G218S G349E,3,3
-6.266,0.8448,GGAGAAGCAACACCTC,E398K N464H,2,2
-6.266,0.8448,TACAATTATGTAAAGA,H18Y Q295K,2,2
-6.266,0.1142,GACCAACTACCGTTTT,I260E,1,1
-6.268,0.3249,AAAACCTGATAAAAGA,G72T,1,1
-6.269,0.103,CAAATCCTATGCCGGA,A138Q,1,1
-6.271,0.2485,TGCAACTACTTCTTAT,H18D R90K,2,2
-6.271,0.2816,CCAGGAGTTTTTCCCT,R150G V237Q,2,2
-6.272,0.3249,GGACCTATCACCACAA,W234E S358P,2,2
-6.272,0.384,AACGTTGCTTTATCTA,G345A,1,1
-6.272,0.384,AATTTAATTTTCAGAA,P254I Q407*,2,2
-6.272,0.384,AGACTAGAGAAACAAA,D241Q,1,1
-6.272,0.384,TTAATCCGCCAAGATA,W234V,1,1
-6.273,0.6034,AGTTAACGTAAAAAGC,S136V G352V,2,2
-6.273,0.2011,TGACTAATAGTATAAG,S193T P306K,2,2
-6.274,0.8448,ATAATCTTAGATAAAA,G116S D441E,2,2
-6.274,0.8448,GCATACACAATTAAAT,K176F,1,1
-6.274,0.2816,GGTCTCTTTACGCGAT,E89Q,1,1
-6.274,0.8448,TTTCCTATAACGTGCA,A93W K278E R299W,3,3
-6.275,0.1456,TTCAAATTAAATAATA,R109Y S114I,2,2
-6.276,0.384,TATAAACGTAACATTT,N464I,1,1
-6.277,1.408,AAACAGGAATAACTTT,P99F,1,1
-6.277,0.4693,AAGAGTTTATTAAAAA,V309S,1,1
-6.277,1.408,AATGATAATATTCCCA,Y178R,1,2
-6.277,0.1083,AATGGAAACATACTCT,T206R,1,1
-6.277,1.408,ATCACCAAAATGAGTA,A106C K315V S422N,3,3
-6.277,1.408,ATCCCTTACGCGCTAT,I3* V204I,2,2
-6.277,1.408,CAACCAACCATACAAA,V43*,1,1
-6.277,1.408,CAGAAAACACATCATG,S378G S422N,2,2
-6.277,1.408,CATAAAGACTTCAAGC,Y486E,1,1
-6.277,1.408,CCATCCGAAAATTTCT,Q75P K121R A476R,3,3
-6.277,1.408,GATCAATGAATTGATG,R229N,1,1
-6.277,1.408,TAAATAAACTGCCTAC,C64W,1,1
-6.278,0.3249,TCATTTTACGTACCAA,V36M S96F,2,2
-6.278,0.128,GCCAAGCGCCATTCGT,N246A,1,1
-6.279,0.6034,GTCAATACTCAGAAAA,S228I,1,1
-6.28,0.384,CTAATTAAAACCTCTA,V413S,1,2
-6.28,0.2816,AACACAAAGACTAAGA,I179F V323I,2,2
-6.28,0.1207,TGCTAAACAACACTAA,Y161H R299D,2,2
-6.282,0.4693,CACTGCGCAACCAATT,I202E F467Y,2,2
-6.283,0.8447,TGCACAGTTTCAGAGC,G349A K387N,2,2
-6.285,0.6033,AAGTAAAACTTACTGC,I335H,1,1
-6.285,0.6033,GCACAAAACTATAACG,D68P,1,1
-6.286,0.4693,GGTCACTACCACTACA,P99L,1,1
-6.289,0.08619,CACTTATCAAAAAACC,S228K,1,1
-6.291,0.4692,AAAAGAACAAAGATAA,P74G,1,2
-6.291,1.408,AAAAGTATAAAAAGCC,Q191L,1,1
-6.291,1.408,AAAATGCTAACTTGCC,N464E,1,1
-6.291,4.223,AAAATTTTTAACCATG,R329Q,1,1
-6.291,4.223,AAACGAGAAAAGACCG,L177P I502D,2,2
-6.291,4.223,AAAGACGAAATTTCAC,H18D T440C,2,3
-6.291,4.223,AAAGCTTTTCACTAAG,L381K T388Y G479R,3,3
-6.291,4.223,AAATACAATTAGAATA,K315E,1,1
-6.291,4.223,AAATTCATAACATTTG,S287Y,1,1
-6.291,4.223,AACACAAACCCCAACA,W84Q,1,1
-6.291,4.223,AACCAAAGAAAAATAC,I67H,1,1
-6.291,1.408,AAGATTTAATGTGCAG,A317G,1,1
-6.291,4.223,AAGGTAATATTAACCA,A163D L177T G218T S266*,4,4
-6.291,0.3249,ACACACAATGGACTTA,T10C D186E,2,2
-6.291,4.223,ACACACACCCCATTAA,A138M E426G,2,2
-6.291,4.223,AGACCACAAACTAACA,I267D,1,2
-6.291,4.223,ATCTCAAATGCCTAGT,H488K,1,1
-6.291,1.408,ATGTTGAACAACCACA,Q434W,1,1
-6.291,4.223,ATTCTTATTTTTGGCT,N357I,1,1
-6.291,4.223,ATTTACAAAACAGATT,G134D,1,1
-6.291,4.223,CACTGTCATGCATATA,T370I,1,1
-6.291,4.223,CCAAACTACAACAGTC,A138L S369Y,2,2
-6.291,4.223,CCAAGGATTAATATCC,I230R,1,1
-6.291,4.223,CCACATATTAACTATG,S287W,1,1
-6.291,4.223,CCCCTACCGTATTAAA,I236D,1,1
-6.291,1.408,CGAATAACTTTTATAG,E340V,1,1
-6.291,4.223,CGCAAATACAGGAACT,H435T,1,1
-6.291,0.8446,CGGATGACCGCAGGAG,G116A,1,1
-6.291,1.408,CTACCTGGAACCAAGT,S95A G386E N424K V429E,4,4
-6.291,4.223,CTGTTTGGTGTTTATA,A317V,1,1
-6.291,4.223,GAAACGCTTAGTATCA,Y257K,1,1
-6.291,4.223,GAAACTACGAAAGCAA,L447A,1,1
-6.291,4.223,GACGCTTCAGTGAGGA,P306L,1,1
-6.291,4.223,GACGGTGGATTGCTGG,L111P,1,2
-6.291,4.223,GACGTTAATATGAAAG,P254W,1,1
-6.291,4.223,GATTTTTGTCAGTCTT,I58H V166I,2,2
-6.291,4.223,GCGAATACCAAATCCT,K121P,1,1
-6.291,4.223,GTAAAATTGGCTTGAT,S265L,1,1
-6.291,4.223,TAAAAATTTTTGTATT,G116V L428D,2,2
-6.291,4.223,TAAAACTAAACTCCAA,K176P R482K,2,2
-6.291,1.408,TAAAACTTTTAGCGGA,L496E,1,1
-6.291,4.223,TAAAATAATATCCAGC,G337V N424I,2,2
-6.291,4.223,TAAACGATCACGACAA,L13D,1,1
-6.291,0.6033,TAAATGTATAACATAA,N246L,1,1
-6.291,1.408,TAACGTCGAACAAAGA,V309Y K417C,2,2
-6.291,4.223,TAACTTTCTCAGAGTA,G345W,1,1
-6.291,4.223,TAATAACCAAACCTAT,R321W F332L,2,2
-6.291,0.8446,TACAATGCTCCGTAGA,L316C,1,1
-6.291,4.223,TAGCAATTTACACCAA,I288P W421*,2,2
-6.291,4.223,TCAATAAATTTATCTT,M444C,1,1
-6.291,4.223,TCCATCAAACCACTAA,Y351F E432G,2,2
-6.291,4.223,TCCGTAACATATAGCC,A11F P306F,2,2
-6.291,4.223,TCTAAAAAAATATTTT,G16Q,1,1
-6.291,4.223,TGTTAGAACGTGAATA,V36R E432S,2,2
-6.291,1.408,TTAAAATCACAATCAT,M346P,1,1
-6.291,4.223,TTATCGTAGTTTCACA,Q454*,1,1
-6.291,4.223,TTATTTCTACGTAAGA,A495L,1,1
-6.291,4.223,TTCCCTCCCCGAAAAA,S193V,1,1
-6.291,4.223,TTTTCAAGATATTGCT,Y491D,1,1
-6.293,0.1564,ATCGCTCCCTGACTGA,I245A,1,1
-6.293,0.1689,AAGCTACAACATACGT,L70S,1,1
-6.293,0.1836,GTTCTGTTCATCGACA,P215A K503C,2,2
-6.296,0.2484,TAATTAGTAAAAACCA,S193L,1,2
-6.297,0.6033,ACCCCTATCCACAATA,Y470Q,1,1
-6.297,0.2011,TTCAATTCCCGGTTAG,N152A,1,1
-6.299,0.3839,ACGTTTGCAACGCCAT,P162K I282D G504V,3,3
-6.299,0.8445,ACCCCAAATAAAATTC,D60R,1,1
-6.299,0.8445,CATATCTACAACAGAC,Y178G,1,1
-6.301,0.3248,ATTATGAACATCAAAA,S96C S369R,2,2
-6.302,0.2222,AACAGCCATTTATCAA,G129D P162C,2,2
-6.302,0.2222,GCCTCATTACAACCCA,I29G,1,1
-6.303,0.6032,GGAGATCAGAACTCAC,D438I,1,1
-6.305,1.407,AAAGTCTGTCAACACT,R109L H183M,2,2
-6.305,1.407,AATATACACACGCATA,W421P,1,1
-6.305,1.407,AGATCCATTCTTATAC,Q57M E89D,2,2
-6.305,1.407,ATTATAAAACACAAAT,W343C,1,1
-6.305,1.407,GCAGCTATAGAATCGT,D241K,1,2
-6.305,0.4692,TATTTACTCATCGACC,K468G,1,1
-6.305,1.407,TTAAGCACCCTAACCC,R499D,1,1
-6.305,1.407,TTACAATTACCCACGT,S110D N298L,2,2
-6.308,0.8445,AAGTTTTTACCAGTGT,P289H G362M,2,2
-6.308,0.8445,CATAATGGTACCTAAG,P306K,1,1
-6.308,0.8445,GCTCGCATCTGTACAA,D186Y,1,1
-6.308,0.8445,GTGAGACTAGGATAAA,L108I Q376D,2,2
-6.308,0.8445,TGAATATATATCTATA,F195R,1,1
-6.309,0.6032,CAGGGTAAATTCCCAC,M346I R405Q,2,2
-6.309,0.6032,GAGTAGCCCTCATGGT,N158C Y178T,2,2
-6.309,0.4691,TAGTTTATACAAGCCA,N250Q,1,1
-6.31,0.3838,TACTCAATATTACATT,N22M E494K,2,2
-6.31,0.3248,ATAACAAAAATTAAAA,G249R,1,1
-6.311,0.2011,TAACTCTGCCGTTTCG,G362H,1,1
-6.313,0.2222,AACCTCAGGGATGGTC,D438Q,1,1
-6.314,0.4691,CTTAATTCAAGCTAGC,A11D A425S,2,2
-6.315,0.6032,TAATAGGTATAGAATC,T117F E398K,2,2
-6.316,0.8444,ATCACCATCAAGGTTT,N8Q Y98H I335D,3,3
-6.316,0.8444,GATAGATTAATACCAA,L194A,1,1
-6.316,0.8444,GCACAAATTCAGAATG,C14Y,1,1
-6.317,0.3838,GCCCATTCATATAATT,F195C,1,1
-6.318,0.2484,GCAACCTGTATTGTAT,A365V,1,2
-6.319,0.2815,AAAACTCAGGCACACA,H355R,1,1
-6.319,1.407,AAAGCTGAATCTTCCA,S124N C473W V490M,3,3
-6.319,1.407,AATTACACATCTAACT,N458D,1,1
-6.319,1.407,AGAGTACTACCGAATA,T37P,1,1
-6.319,1.407,AGCGCCTGTACAAAAT,G116E,1,1
-6.319,1.407,GAACCATTCCTTACCC,E89Q,1,1
-6.319,1.407,GTAAAAACCAGAAGAC,S219H G379D K411E,3,4
-6.319,1.407,GTTAAAACCAGCCCCT,G349K,1,2
-6.319,1.407,TAAAGCATAAATATAC,I58Q,1,1
-6.319,1.407,TACCCTAAACTAGAAG,W343Y,1,1
-6.319,1.407,TATCAGAGTCGAAATA,R329S,1,1
-6.319,1.407,TCCCAAAGAAAAAATT,V406N,1,1
-6.319,1.407,TGCACCAAACGTATTG,H435C,1,1
-6.32,0.3248,CGTATTAGCTTCCCCC,E344R,1,1
-6.321,0.6031,GAGACTCTCAAGTAAT,N341I,1,1
-6.321,0.6031,TTGACTATATACAAGT,S136L,1,1
-6.321,0.3838,GGAGAACAATTAAAAT,L496K,1,1
-6.321,0.2815,ACTAACGAGATTGATA,R92I Y423V,2,2
-6.322,0.1836,TGCACACAGTGTAGGC,S231M W421D,2,2
-6.323,0.4691,AAAATAACAAGGAAAA,L420A,1,1
-6.323,0.4691,AGAGACTACAACCCAA,A69G R499K,2,2
-6.324,0.8443,GCAAACTTAATCCTGC,T206Y,1,1
-6.324,0.8443,TAAAAGGACTAAAATA,E123I,1,1
-6.328,0.4691,TCCAACACTACCAAAA,F500A,1,1
-6.328,0.201,AAATAAGACTCGCTAC,G240C N424S,2,2
-6.329,0.3838,CAACGTAACACTCCTC,S228K,1,3
-6.329,0.1689,TTACAATATTAGAACC,I67Y,1,1
-6.33,0.103,AACACGATTAGTTCCT,F500K,1,1
-6.332,4.221,AAAGAACAAGGTCCTA,L108S,1,1
-6.332,4.221,AAATCTAACACGTAAG,K326D Y491R,2,2
-6.332,4.221,AAATTCCAATCATAAA,N458Q,1,1
-6.332,4.221,AACTGCAGAGCTATAC,L151Y S422N,2,2
-6.332,4.221,AACTTAACACTAAAAC,Y105F V347D,2,2
-6.332,0.6031,AAGTTGAAAAATAACT,T235F,1,1
-6.332,4.221,AATAAACACATCTAAT,A138G F332N,2,2
-6.332,4.221,AATACACCGGCATCTT,,0,0
-6.332,4.221,ACAAAATGCCTACTAC,H471K,1,1
-6.332,4.221,ACAGACGTCACAGCGA,Y105H T436Q,2,3
-6.332,4.221,ACTCAACTACCAATGT,G337D T370H,2,2
-6.332,4.221,ACTGGAATTATAGAAA,F258Q,1,1
-6.332,4.221,AGGCCAAACTGATAAA,D241Y G333T,2,4
-6.332,4.221,AGGCCGAACTCCCTGC,G72K,1,1
-6.332,4.221,ATATTACGGGCGATCC,L15P,1,1
-6.332,1.407,ATCAACCATGATCTTA,M320S,1,1
-6.332,4.221,CAAAGAGAGACATTAA,C64W,1,1
-6.332,4.221,CATCGCTCAGCGATTG,V112W,1,1
-6.332,4.221,CCAAATTACATACAAA,T12W G342Y,2,2
-6.332,0.8443,CCATATGAATCGAGTG,E340H,1,1
-6.332,4.221,CCTAGCACCAGACAGA,,0,0
-6.332,4.221,CGGCACATCTCGAATA,Y105H I252K,2,2
-6.332,1.407,CTACGTATATCTTACA,C473K,1,1
-6.332,1.407,CTGCATCGACAGCACA,L177S,1,1
-6.332,4.221,GAAGTATACGTAACAT,I335Q,1,1
-6.332,4.221,GAATACCACAAATCCC,A334L,1,1
-6.332,4.221,GACCAGTTAAGCTCTA,N322S,1,1
-6.332,1.407,GACGAATAATATCAAT,K176C,1,1
-6.332,4.221,GACTCATTCATTCTAG,C52L,1,1
-6.332,4.221,GATCAGTAAAACCTCA,E449K A459T,2,3
-6.332,0.8443,GATCATTCACTAAACT,M168D,1,1
-6.332,1.407,GCAATCGACTAACCTA,T155R,1,1
-6.332,4.221,GCCCACAGACGCAAAT,K189P,1,1
-6.332,1.407,GCCTTCACTTGATGTT,E432R,1,1
-6.332,4.221,GGACCGGTGTTAGTTT,V413G W421C,2,2
-6.332,4.221,TAAACTGCTCGATGCC,F195D,1,1
-6.332,0.6031,TAACACGGAATACTCT,P99A N489D,2,2
-6.332,4.221,TACAATAACTTCCAGC,G249E,1,1
-6.332,1.407,TATTAAGAGTTCCAAA,A334D H488D,2,2
-6.332,4.221,TCAGTATAATAAATGA,G134F S378K,2,2
-6.332,4.221,TCCGAAACTACGTACA,Y100S,1,1
-6.332,0.8443,TCTCAACTCATAGATT,R299I G333C,2,4
-6.332,4.221,TCTGTAAAAAGCCTTC,D7E T203C,2,2
-6.332,4.221,TGTATCTGGTCAATCT,T283P,1,1
-6.332,1.407,TTAAATACGATTCAAC,V182D,1,1
-6.332,4.221,TTACTCCAACTTCCAA,L151Y,1,1
-6.332,4.221,TTTAAAGCAAAATATC,L154Y,1,1
-6.334,0.1835,TATAAAAACTATTCAG,S228N I374N,2,2
-6.336,0.1835,AGTAGGATTGAAGTAG,F125S,1,1
-6.337,0.2483,TCCATAATATTATGGC,I242E L427H,2,2
-6.34,0.8442,AAGTAAGAAGAGATCG,V20E,1,1
-6.34,0.8442,ACAAATCTTTATCCAA,I335Q,1,1
-6.341,0.469,GCAATAAGCACATAAT,H183G T301I,2,2
-6.341,0.469,TGTTCGAGCCTGGACC,T203V,1,1
-6.343,0.2222,TTATAACCCGGCTTAA,V223P,1,1
-6.343,0.1141,GAAAAATTCCTTAAGC,Q295N R405Y,2,2
-6.344,0.1688,GATGGTAATATCGCAC,N8D G303Y,2,2
-6.344,0.603,AACTATAACATACCAA,H471I,1,1
-6.346,1.407,AATTAATTTCCAGGAT,D32Q G345S,2,2
-6.346,1.407,CCAGTCGAATACATAA,N133V,1,1
-6.346,1.407,GGTATGTATACGTCAT,N341P,1,1
-6.346,1.407,TAAAAAAACTATCAGC,L439K,1,1
-6.346,1.407,TACAAGACTATATAGC,H471F D493P,2,2
-6.346,1.407,TGCATGACCTATAAAA,A212D P215R D461M,3,3
-6.348,0.8441,ACCGAAGCGCCTTACC,R269N G362E,2,2
-6.348,0.8441,ATTAACTAAGTCAATA,G61V G352D,2,2
-6.348,0.8441,TCTAACACTATAGAAA,L428P,1,2
-6.348,0.8441,TTAGAAGGAAAAAACA,R299N,1,1
-6.351,0.3837,TATACCATAACCAACG,W153H,1,1
-6.354,0.3247,ACACTCTAAACAACCT,I202G,1,1
-6.354,0.3247,TTCACGAATTAAAAAA,G345C,1,1
-6.355,0.4689,CAAGGAATTGAGATAT,F448N,1,1
-6.355,0.1082,GTATTATAACTTAAAG,L496S,1,1
-6.355,0.6029,TAACCCTGGGATCTCT,S115K,1,1
-6.356,0.8441,AAGATAAATCCTAAGT,L15Y,1,1
-6.356,0.8441,GGCTAGATTTCCATTA,V182N,1,1
-6.357,0.1141,CACGCCACAAGCAATC,V43S,1,1
-6.359,1.407,ACGTCCCAATGGCTTA,T370Q,1,1
-6.359,1.407,CATCCCGATTGAAAGT,A19G,1,1
-6.359,1.407,GCGCCATATATTTAAA,H17P T155D,2,2
-6.359,1.407,GGAACCCAGTAGTACG,E457* G504H,2,2
-6.359,1.407,TCCTTACCAAAGAATG,T37H,1,2
-6.36,0.3246,CGTGTAATAATGCTAC,Y412I,1,1
-6.361,0.2482,AGTGAACTGTCGACCG,T235W W343F,2,2
-6.361,0.1361,ATATTTACTTCCTATC,V182W,1,1
-6.361,0.6029,AAGTCTTAACTGCTTT,N250A,1,1
-6.361,0.6029,GTTCAGTTAGCCCCTT,L194P,1,1
-6.361,0.1688,ATTATGATCATTAACA,T206D,1,1
-6.362,0.2813,TCAGTGAAAAAATATG,L439D,1,1
-6.363,0.2482,TATTTCGAACTTTCTC,I226A,1,2
-6.363,0.4689,AATATACCCCTACCCT,P74T,1,1
-6.364,0.844,AATAGTCATCTAAGAG,Q211P,1,1
-6.364,0.844,ACCCTTGTTGACAGCG,M462W,1,1
-6.364,0.844,AGGCATACACCGTAAT,L111G,1,1
-6.364,0.844,ATAGCGCAGGCTTAAT,F79R S279K,2,2
-6.364,0.844,CATGCAAAGTTAGATC,Y233T,1,1
-6.364,0.844,CCAAAGAAACAAAGAT,P227H Y257I,2,2
-6.364,0.844,CCCAGTTGCCTTCCTT,Q211W L381P,2,2
-6.364,0.844,GCCAACAAACCGGCTG,I236A L409P,2,2
-6.364,0.844,GTAAAATTTAAACGGA,L108N,1,2
-6.365,0.1455,TGAAGTAAAAATTCGA,T206D,1,1
-6.368,0.4689,ACAAGAAATCATAATA,D7N E359G,2,2
-6.372,0.6028,AAAGCCTTAAGTAAGG,S228C,1,1
-6.372,4.22,AAAGGTCCATGGTTCT,A317W E410G,2,2
-6.372,4.22,AAGCAACCACTAATTA,H184R G360R,2,2
-6.372,4.22,AATCATCGATCTGTAT,Q376P,1,1
-6.372,1.407,AATGGATCATCATTAT,I377A R492S,2,2
-6.372,4.22,ACAAAGCCGGAATTTC,G352T,1,1
-6.372,4.22,ACATGCGACGACCTAC,G256W,1,1
-6.372,4.22,ACGCATCTTTACAAGT,Q173K N190R,2,2
-6.372,4.22,ACTCTTATACACGCAA,G303E,1,1
-6.372,4.22,AGGGTTATACAATGAC,I502N,1,1
-6.372,1.407,AGGTTTAGAAAACTTT,S137H G330D,2,2
-6.372,4.22,AGTAATTGTCAGATAG,G286T,1,1
-6.372,1.407,AGTCCTCCATGTCTGA,K131Q H355L,2,2
-6.372,1.407,ATACTGGCAAATAGAT,S143I C466G,2,2
-6.372,4.22,ATACTGGGCATATAAA,N63R N483R,2,2
-6.372,4.22,ATGGCACAATATCTTT,A11*,1,1
-6.372,4.22,CACAAAGCCAATCATA,G116K,1,1
-6.372,0.844,CACAACCAAGGAATCA,P55A S265L,2,2
-6.372,4.22,CACCACTAGACCATGT,A336D L496S,2,2
-6.372,4.22,CACGAACTAAAATTGG,C52Y I67L,2,3
-6.372,4.22,CATAAATTGTGAATTA,T248M,1,1
-6.372,1.407,CATGATGTACAAGCCC,W180L I478S,2,2
-6.372,4.22,CCACGACTATAGAGTA,L111Q S287D,2,2
-6.372,4.22,CCCATAAAATATAAAC,G181S,1,1
-6.372,1.407,CCCTAAGCAACATCAT,G342P,1,1
-6.372,1.407,CTAACAGTTTTTTGAC,N126A N357D,2,2
-6.372,1.407,CTATAGTTTCCCACCG,Y308K,1,1
-6.372,4.22,CTGAATATGTAGCTAT,F120I,1,2
-6.372,4.22,GAGCCGAGCTTAAAAG,R141G A253V,2,2
-6.372,1.407,GATTTGCCAAAAAGAT,V213S R321W,2,2
-6.372,4.22,GCCTCATAAATAGATG,A39N,1,1
-6.372,4.22,GTAAAATATAACACAC,L194K V347M,2,2
-6.372,0.6028,GTAAGCAAAATATTGC,D366F,1,1
-6.372,0.4689,GTACCTAAACTTAGAG,G116V,1,1
-6.372,4.22,GTGTCAATTCTGCCAG,I377E,1,1
-6.372,4.22,GTTCCTGGGTCGGTCC,G349C,1,1
-6.372,1.407,TAAAATGTATACAAAT,W153R,1,1
-6.372,4.22,TAACAAACAAGGACTT,Q1R S124Q W127C,3,4
-6.372,4.22,TACTCCATCGTAAGTG,S54N L409R,2,2
-6.372,4.22,TCACTCTAATTGAAAT,I274H,1,1
-6.372,4.22,TCCATTACTAAGTCCA,I245D,1,1
-6.372,1.407,TCTTCATACCCCTCCA,A69Q G134N,2,2
-6.372,0.844,TGAATATCTTAGAATT,N458V,1,1
-6.372,4.22,TGACTTAGCAGAACGA,P99Y G330V,2,3
-6.372,1.407,TGAGACACAACGATAT,M444H,1,2
-6.372,4.22,TGCATTGAAAGCAGAC,C52V Y486F E494D,3,4
-6.372,4.22,TGTAAAACAACTATCA,Q363H S422R,2,2
-6.372,4.22,TTACATTATATCTTAC,Y423Q,1,1
-6.372,4.22,TTGGATAAAATAAACA,T65G F353M,2,2
-6.375,0.1563,AATTGATAAAATGGTA,L431M Y470N,2,2
-6.375,0.3246,GGACCTCTTTCTGTAA,S228R,1,2
-6.377,0.4688,CTGTAAAAGTAGCTAT,S193V,1,1
-6.377,0.1688,ACCCGTAGATGACTTA,I502N,1,1
-6.378,0.6028,AAATTCTTTTAAACCA,N170P,1,1
-6.38,0.8439,ATAATAGGTCAGTCTA,G72I,1,1
-6.381,0.4688,GATTTTGGGACCACAT,D487C,1,1
-6.383,0.2221,AAATGCCACTTTCCAT,Y412I,1,2
-6.383,0.2813,AAATTCAGTTCAAACT,Y257D,1,2
-6.383,0.2813,TCTACCAATAACAAAA,A138E,1,1
-6.384,0.6028,AAGAGACCAGACGTAA,A336E,1,2
-6.385,1.406,ACAGCCAATCAATTAA,I34S D271G E398K,3,3
-6.385,1.406,ACCTGCCTCAGTACTT,G249E,1,1
-6.385,1.406,ATCCACATAAACATAC,C14D,1,1
-6.385,1.406,CAACACCATTTATCTA,D104A A495F,2,2
-6.385,1.406,CAAGGAGTCCCTTACG,C139* R307E N475Q,3,3
-6.385,1.406,CGCTCAAACTGAACAC,H183Y,1,1
-6.385,1.406,GTGCAAACTCTAGTTA,P254C,1,1
-6.385,1.406,TTAATACATAGCGAGC,P185T,1,1
-6.387,0.3836,TTGATCCAGGACGTCC,P324S F399L,2,2
-6.388,0.8438,ACAAATCGAACGGGAA,N250C,1,1
-6.388,0.8438,ATTTCAACTCACAATT,G286S,1,1
-6.388,0.8438,GGCAATCATAATACTA,R222W,1,1
-6.388,0.8438,TAACTTAACATTAGAT,W234L T235I,2,2
-6.393,0.2482,CTTACTTCAGCCTCAA,L194S,1,1
-6.394,0.4688,CCATAAAACACAATTA,L70T S137F I226V,3,3
-6.396,0.8438,AAACAGAGAAAGAAAT,N190E,1,2
-6.396,0.3245,TAGAAACTTCAAAAGT,S46N Y412W,2,2
-6.398,0.4687,AGACTATAGTCGTTCT,Y423V,1,1
-6.398,0.4687,ATCAAAGGTGGACCAA,F79W E443K,2,2
-6.398,1.406,ATGCATACTAAAAATA,V182Y,1,1
-6.398,1.406,CAAACAGGAATCAGTA,R499F,1,1
-6.398,1.406,CACAAATGACTCAATT,G134I P162Q,2,2
-6.398,1.406,CCTCATAGTAAACGAC,I267R,1,1
-6.398,0.4687,CTCAGCTAACATTGGG,L194M,1,1
-6.398,1.406,GTCCGAAACATACGTT,R109L,1,1
-6.398,1.406,TAGCTAGTCAGCACAA,Q191I,1,1
-6.398,1.406,TATCATTACAAAACTA,L118N,1,1
-6.398,1.406,TTCACGGATAAAAATA,V406N,1,1
-6.398,1.406,TTGCATATACCTCATC,,0,0
-6.4,0.6027,ACAAACAGATTTACTA,V237M G479L,2,2
-6.401,0.3835,GCAATCGCTAGATCAG,R224L G504N,2,2
-6.401,0.3835,GTACGTCCTTACTTCG,N94M G333C,2,2
-6.403,0.4687,AGATATGAATTTACAA,L59M G360P,2,2
-6.404,0.8437,ACTTAAACACTGTACT,Y178V,1,1
-6.404,0.8437,ATATATGAGCAGTAAA,A138K,1,1
-6.404,0.2481,GTCACTAACTAACCGC,E426C,1,1
-6.406,0.6026,AATCTAGCAGATACAC,L42I E414I,2,2
-6.406,0.6026,TGGACTGAAAACCGCG,D348K,1,1
-6.407,0.1278,TACTAGCCCTCACCAC,G303A,1,2
-6.407,0.4687,ATGATAATATTCTAGA,F392S N497D,2,2
-6.409,0.2009,TATTGTCTCTAGAATC,P306V S400F,2,2
-6.41,0.1455,CTATTACCTAAGAAAT,P306T,1,1
-6.411,4.218,AAAAATGATAAACCAA,Q164R,1,1
-6.411,4.218,AAAAATTTTATACTCC,C305Y T451R,2,2
-6.411,4.218,AAACTCAAACCTAACA,D7*,1,1
-6.411,1.406,AAATCACACACGATCT,R354S,1,1
-6.411,1.406,AACGGAGTTCTATGAA,N190E,1,1
-6.411,1.406,ACAATATATAAATGCG,R361P,1,1
-6.411,4.218,ACCACATATTTAAGCC,L243A,1,1
-6.411,4.218,ACCACGGTGCGAATAA,N133H Y302N,2,2
-6.411,1.406,AGACGAAAACGATGGC,H471L,1,1
-6.411,0.6026,AGCCCAAAATAATAAA,S193H K315V,2,2
-6.411,4.218,AGTAAAATGAATTAAC,A334W,1,1
-6.411,0.6026,AGTTATAGCTATGTTG,G345L,1,1
-6.411,4.218,ATAATGTTGTTTCGAA,,0,0
-6.411,4.218,ATACAAAAAACAAAGA,S287D,1,2
-6.411,4.218,ATTACAGAAATAGAGC,L71Q D175N,2,2
-6.411,4.218,CAAATACTTAAATAAA,A372P,1,1
-6.411,4.218,CAAGGGACATTGTATG,A39T D186C,2,2
-6.411,4.218,CCACACACCCTGCCCA,R255G,1,1
-6.411,4.218,CTTCCCTAATAAAGTC,S193Q,1,1
-6.411,4.218,GAAAATTGCACTATTA,G142V D487N,2,3
-6.411,0.4687,GATAAGCTCATTAAGT,L496D,1,1
-6.411,4.218,GATAGCTATACCAATC,E123L,1,1
-6.411,4.218,GATCCAACTTAAATAT,I478R,1,1
-6.411,4.218,GATCCGGTTTCCAAAT,D408C,1,1
-6.411,4.218,GCGGGCGCAGTGACAA,I478N,1,1
-6.411,4.218,GCTCAAGAAAATCATG,G342H,1,1
-6.411,0.6026,GTAAAAAGTCGAGACA,E460S,1,1
-6.411,0.3835,GTATCTGTAACAAAGA,F258S N497G,2,2
-6.411,4.218,GTATTTCAGTGAAACT,T436K,1,1
-6.411,4.218,TAAAATACGGCCCTTA,G256Y N483E,2,2
-6.411,0.3245,TAACACCCTACACAAA,Q75H A365V,2,2
-6.411,4.218,TAACGAACACGAATAA,G72W K264Y,2,2
-6.411,4.218,TATACACAAATGGACC,G256C,1,1
-6.411,4.218,TCCCTGTTAAGCTTTG,T436Q,1,2
-6.411,4.218,TGAATCACATGATATA,L66R I377A,2,3
-6.411,4.218,TGAGATAAAGAAAAAA,A495V,1,1
-6.411,4.218,TTCATTGTCGCTCAGA,C281P P293H N389I,3,3
-6.411,4.218,TTCCTGGTTTCATGTT,G379Q W421* D438N,3,3
-6.411,1.406,TTCTCGTATGTGCGAT,Y257L,1,1
-6.411,4.218,TTGAATTTCTAAAGAA,S110A F353D,2,2
-6.414,0.0474,AATAATACTCTGTACA,Q197H S228V,2,2
-6.415,0.3835,TCCTCCAATTTAGGTT,I331S,1,1
-6.417,0.6026,CCGATGGACTTCACGT,E41L,1,1
-6.417,0.6026,CTAGTTTTAATACAGG,D60M E398K,2,2
-6.417,0.6026,GATTACACCAAAGTCT,D68N P273Y,2,2
-6.417,0.6026,GCACCTAATTTCGAAC,Y423E,1,1
-6.418,0.1205,TTCCAAATTACTAACA,W421E,1,1
-6.418,0.2481,CTCAATGTATCTCACC,G362H,1,2
-6.419,0.8436,TAAAACAAAAGCAAAA,N464I,1,1
-6.419,0.8436,TTAAAATCTTAGTGAA,L151Y F467D,2,2
-6.42,0.1834,GCTAAAATATCCTTTC,V130N,1,1
-6.42,0.4687,AGCCACGGCTACTTAG,E410P,1,1
-6.42,0.4687,TAATCCTATTTAAAAT,F79G N159R,2,2
-6.42,0.4687,TTCATACGTATTAAGC,S422Q,1,1
-6.42,0.3245,AATAACATATGCCCAT,D474M,1,1
-6.421,0.1082,AGATTAGATTCCCGTA,A19Q,1,1
-6.422,0.6025,TGTCATTGCCCCTAAT,L70W,1,1
-6.423,0.2481,GAACACATGCGCAGTA,N424H,1,1
-6.424,1.406,AAAAATATGATAACAA,E398* Q454*,2,2
-6.424,1.406,AAATATATTAGCGATT,G181P,1,1
-6.424,1.406,CCAACAAATAATCACA,L496C,1,1
-6.424,1.406,GAAACAAATAATGAAG,,0,0
-6.424,1.406,GATGCTCATAAACCGC,G303Q,1,1
-6.424,1.406,GATTCAAGAAATTCTA,K264N P293L,2,2
-6.424,1.406,GTACCCCAACTTAACA,A334E,1,1
-6.424,1.406,GTCAAAGACAAAAAAC,T248P,1,2
-6.424,0.2008,TACCATGAAAATGAGA,P221D,1,1
-6.424,1.406,TAGATTGTACATTTGG,E172V L251P,2,2
-6.424,1.406,TGCCTGATCACAACAA,G256E,1,1
-6.424,1.406,TTACTTAATTATTAAT,D441R,1,1
-6.424,0.2812,TTTTTCTCACCCCAAC,T117F P324S,2,3
-6.426,0.2008,GTAACAAGCCTAAAAG,N165P,1,2
-6.427,0.8435,TATCCAGCAATAGTAA,T40H G404P,2,2
-6.428,0.6025,AACCATCAAAATGAAA,Q44W G463W,2,2
-6.428,0.6025,TAGCTACCGGACTAAA,T313D,1,1
-6.428,0.4686,CAGTGTACATGCACTC,H183W,1,1
-6.431,0.06112,TCTCTCCTGCCAAACG,F148M,1,1
-6.431,0.222,CCTTTGCCTAGTAACA,H183W,1,2
-6.431,0.222,CGACATTATAAATTTA,,0,0
-6.431,0.222,TGTAAAGACGCCAATC,Y98E,1,1
-6.432,0.3244,GATCCTATATTAGAGA,P254M S262I,2,2
-6.433,0.6025,AGCTTACAAAAAGGAT,D186A,1,1
-6.433,0.6025,GAAACACACTATCTCT,D271N E359K,2,2
-6.434,0.2481,AGTAACCCCTATCTTG,Y423A,1,1
-6.434,0.8435,CGTTCACCTCTCCAAA,T206D,1,1
-6.435,0.3244,CTGTGTTTCAAACAAA,Q191V,1,1
-6.435,0.222,AAATTATTGACCAACC,K131P,1,1
-6.437,1.406,AACGTTAGATCAAACG,L381G,1,2
-6.437,0.4686,ACTAATCCCAAACCTC,N298A G342S,2,2
-6.437,1.406,ATTGTAAAAAAGGAAT,Y412I,1,1
-6.437,1.406,CTAGATAGTACAAGCC,F195D,1,1
-6.437,1.406,GTATATGCAACTATAT,Y412K,1,1
-6.437,1.406,TCATATAAAGAAATAC,L108R,1,1
-6.437,1.406,TCTAAAGACCACAATA,T436A,1,1
-6.438,0.3244,GAATAACATAAAAGTC,G360E,1,1
-6.439,0.6025,AATAAACCAATTTAAT,I3C N298L,2,2
-6.439,0.6025,GGGATTAAAAAGTAAA,L177Y,1,1
-6.44,0.1278,GCTGATAAAATGCTAT,P74S K171R,2,2
-6.441,0.4686,ATTGAAACTACACTCA,P74H,1,1
-6.442,0.2811,GAATATCCTTCGGACC,A364H,1,1
-6.442,0.8434,GTCATCGAGCGACTTA,A253D,1,1
-6.442,0.3834,AACATTTAAGTACAAT,D85C D487N,2,2
-6.444,0.6024,GAACTACAGACATATA,T30P,1,1
-6.445,0.1687,CCCCAAAATTGACTAC,E494R,1,1
-6.447,0.2008,ATCGCTTGCTGTCAGA,I179W D415N,2,2
-6.448,0.1833,ATGCTCCTTTATTAGT,S422V K503R,2,2
-6.449,4.217,AAACAACCATAAGGAT,C473G,1,1
-6.449,4.217,AAACGACTAATTGTGA,K176T A253F,2,2
-6.449,4.217,AAATTAAACGCGAAAT,P21G V323M W421L,3,3
-6.449,4.217,AACATAGGATATCCTT,R329Q,1,2
-6.449,0.3833,AAGACCGCAACATGCC,L420G E426*,2,2
-6.449,4.217,AATCCACGAACAACCG,K238D,1,1
-6.449,1.406,AATGCACCCAAGACCC,D85P,1,1
-6.449,4.217,AATTTTCAAATAAATA,P239D,1,1
-6.449,4.217,ACAAACCATACGACCA,S54R G349K,2,2
-6.449,4.217,ACGATGTATCTATATA,L70W S136G,2,2
-6.449,1.406,ATAATTACCACAACTG,C466I,1,1
-6.449,1.406,ATACCTACGCAGGGCA,V43R,1,1
-6.449,4.217,ATATAAACATTACACG,I202W,1,1
-6.449,4.217,ATTATAGAGACACCGC,V43G,1,3
-6.449,4.217,ATTCAAAATTTTTATT,L420Y,1,1
-6.449,0.4685,ATTGCCACTCCTTTCA,V88M S136T,2,2
-6.449,1.406,ATTTAAGGTAAAAGGC,L384S,1,1
-6.449,4.217,CAAAGTTCTTTTTAAA,L409K,1,1
-6.449,4.217,CAATTGCATCAATATC,S228D,1,1
-6.449,4.217,CACAAGGACTTTCGCT,V26T,1,1
-6.449,4.217,CACAGTTAAAATAAAC,Q173G T313W,2,2
-6.449,1.406,CACTAATGTTTGCCAG,C466M,1,1
-6.449,4.217,CCATATACGTTATTCT,G62V F87G,2,2
-6.449,4.217,CCCCGCCCCCCTTCTT,C14D,1,1
-6.449,1.406,CGAACAAATTTAATAT,G333D,1,1
-6.449,4.217,CGAATAGATTGCGACT,R329T,1,1
-6.449,4.217,CGTTAATAGCTTGACC,L314N T485Q,2,2
-6.449,1.406,CTATCATATAGCAAAT,Q57S N458P,2,2
-6.449,1.406,CTCCATCCCAATAAAA,L314Q F500E,2,2
-6.449,1.406,GAAGACTATAACCTGT,Q57M G61D A212F,3,3
-6.449,4.217,GATAATTACCCTTACC,L86G S136F,2,2
-6.449,0.4685,GCAAAACTATAGTAAT,D104I,1,1
-6.449,4.217,GCAAGCCCCATCGGAT,I67D,1,1
-6.449,4.217,GCGACCAAAAAGCATC,N298V,1,2
-6.449,1.406,GCTCCGATAATACAAA,R456Y,1,1
-6.449,4.217,GGTATCGCAATAACAA,A336E,1,2
-6.449,4.217,GTATACCACAAACAAC,G360R,1,1
-6.449,1.406,GTATTAACTCAGCACT,C76W C473G,2,2
-6.449,4.217,GTTTTTATAGTAAGGC,Y233R E410K,2,2
-6.449,4.217,TAAAGAACGTTGCTAA,F258R,1,1
-6.449,0.8434,TAGCTAAATCACGGGT,L194P,1,2
-6.449,4.217,TATACATTCCAATTAC,I252P,1,1
-6.449,4.217,TATATGTATCGATCGT,A495E,1,1
-6.449,1.406,TCTAATAAACAGGTGT,S422K,1,1
-6.449,4.217,TGTACGGATGCACGCG,I469G,1,1
-6.449,1.406,TTAACTCAACTTCCAG,I418P H471P,2,2
-6.449,4.217,TTCACCTACATCCCGA,R361I,1,1
-6.449,0.8434,TTCTCGTACCTTCAAA,L194C,1,1
-6.449,4.217,TTTATTTCTCCAACAT,R222H N464C,2,2
-6.449,4.217,TTTCACAGCGGGGTTA,G16D A317L E410K,3,4
-6.452,0.2811,CTCCTGCTACCACTTC,K140T K259D,2,2
-6.452,0.3244,AATACATACAGAGCAT,N152M,1,1
-6.453,0.2219,TTCAACTAGTAATATA,R201G Q295N,2,2
-6.454,0.248,CCGTAAATGGAATCAC,D186T,1,1
-6.456,0.248,GTGAAAGCTGATACCA,T318D,1,2
-6.457,0.0937,CATGGTACCGACAAAC,C64A,1,1
-6.457,0.1687,GGAGATAATAAATTCA,S95E E432W,2,3
-6.457,0.8433,GGCACTCGTTCAAGAA,L381P,1,1
-6.457,0.8433,TATACCCGAACTCACC,T187M P221W,2,2
-6.458,0.3243,CCGTGGACGTGACTTC,C477L,1,1
-6.458,0.248,ATGATCAATCGCAAGC,Y100E,1,1
-6.459,0.3833,ATTACGTGGGACACAC,K176A,1,1
-6.462,1.405,AAATCACGTCCAAACT,Q80S V237P,2,2
-6.462,1.405,AAATGTCTACCACCTG,Y486C,1,1
-6.462,1.405,ACTCATGAATGTAGCC,Q44R L194W,2,2
-6.462,1.405,ACTCCAGACAATATCA,A19*,1,1
-6.462,1.405,ATAGCCCAAAAAACCA,R499P,1,1
-6.462,1.405,CACTAAAACTTGAGAA,W234Q,1,1
-6.462,1.405,CCCTAAGTCGATTTAA,W234Q,1,1
-6.462,1.405,CCGTACCGCCGTCGTT,A495W,1,1
-6.462,1.405,GGAATTCCTACACAAT,L420W,1,1
-6.462,1.405,TACTTCAATTTGATTG,W127T,1,1
-6.462,1.405,TCAGGCAGTTTGCTGT,S266P,1,1
-6.462,1.405,TCCATAACTACACCTG,L244K,1,1
-6.464,0.8432,CTACAACCAATCAGTA,Y100S,1,1
-6.464,0.8432,TAACCCTATACCCAGG,D225V,1,1
-6.464,0.8432,TTCGCATGCGACACTA,Y178G,1,1
-6.465,0.6023,ATGATCTGTATAAGGA,H355W,1,1
-6.465,0.6023,ATTGGAAAACTCCCAG,A138R,1,1
-6.466,0.4685,GTATGTGGAATTACAA,M346N,1,1
-6.47,0.3833,CTGCAAAACGTTCATA,I437A,1,1
-6.471,0.6023,AGTTACAACTATGAAA,F500G,1,1
-6.472,0.8432,AATAAACAACTAATTA,V406H,1,1
-6.472,0.8432,ACATATCCCTACGAAA,D474I,1,1
-6.472,0.8432,TTCCCTCGGCCCGAGT,S265E,1,1
-6.472,0.3243,CACCTCTGTTAAAAAT,A138L Q327N,2,2
-6.473,0.3833,TAGCGTTTCTCTTTTA,E443R,1,1
-6.474,1.405,ACGAGCACCAGAACCA,,0,0
-6.474,1.405,CAAACAATTAACAATG,Q191Y I232G,2,3
-6.474,1.405,CACTGACTCACTAGCC,I331C G342D,2,2
-6.474,1.405,CATCCAATAAGGAGTA,I58S A365M,2,2
-6.474,1.405,CCTAAAATGAGCATGA,N389F,1,1
-6.474,1.405,TACCAAACCTAGCTAC,T28L R482F,2,2
-6.474,1.405,TGACCTCCGATTATGA,L177T V323E E390V,3,3
-6.474,1.405,TTTGAACATCCCAAGA,H17I K131G,2,2
-6.475,0.3243,CTCCCCAAATGCAGGC,T370A,1,1
-6.475,0.3243,TCACCAGGGTTCAACT,P324S,1,1
-6.478,0.4684,AGGAAGAACAAAGAGT,A365D,1,1
-6.478,0.1833,TAATATTCCCATTGGG,D408M E457Q,2,3
-6.479,0.8431,AAAACAACATCGGTAA,S270N,1,1
-6.479,0.8431,AAAGGTAAGTAAAGCA,L71D,1,1
-6.479,0.8431,CCTTATAGTAGAATTA,Y100K,1,1
-6.479,0.8431,CGATTCCCCAAAAAGA,D291A C466L,2,3
-6.48,0.3832,GTCTTACACTCATACA,A253C,1,1
-6.482,0.4684,GTGAATATACCTCTAA,E396K,1,2
-6.483,0.3832,CTAACCTGTATCACAT,G61R,1,1
-6.483,0.3832,TCATGAAAACTGATAA,E460Q,1,1
-6.486,0.1833,GTCCAAAAAATCCCAA,G362W,1,1
-6.486,4.215,AAAATACTGTTGGTGA,Y412S,1,1
-6.486,4.215,AAACAGAATTAATAGA,L108P,1,1
-6.486,4.215,AAACGTCGCTGTTGAA,R90M,1,1
-6.486,1.405,AAACTCGCTTAAGTAC,L151G,1,1
-6.486,1.405,AAAGTGCTAAAGCATA,D73Y E457K,2,2
-6.486,4.215,AAATAAATCCAACTTA,S270T,1,1
-6.486,4.215,AACATAACTGATTAAA,C64L,1,1
-6.486,4.215,AACATATAGAAAAAAA,C64L,1,1
-6.486,1.405,AACCTCATGACACGAT,F125K,1,1
-6.486,4.215,AATCAGTCAGGGAGTC,L118N,1,1
-6.486,1.405,AATGAAAAGACTCAAA,G342E,1,1
-6.486,4.215,ACAACGTGCCATATTG,Y98S,1,1
-6.486,4.215,ACATAGAAATACAAAA,A317D,1,2
-6.486,4.215,ACCTAGTCATTAATAC,P221A D366M S369P,3,3
-6.486,1.405,ACCTTGAGAACTATAC,V297S,1,1
-6.486,4.215,ACGACGTCACAGTTAA,I252S,1,1
-6.486,4.215,ACGCATGATCTCAAAC,V88G,1,1
-6.486,4.215,ACGGAACGAACGACAC,I288Y,1,1
-6.486,4.215,ACTATAATACTCATTT,W84K,1,1
-6.486,4.215,AGCCCTCATCCTTAAC,R261W V297A,2,2
-6.486,4.215,AGTATACTTTGAAGTC,D32Y V166R K326W,3,3
-6.486,4.215,ATCATAAGCACAAAGC,Q75P E340D E398K,3,4
-6.486,1.405,ATCATCTGAACGATGC,T155R,1,1
-6.486,4.215,ATGCCATACCAATAAA,C139G,1,1
-6.486,1.405,ATGGGAAGAAATTCCC,E340W,1,1
-6.486,4.215,CAAAAAATACGAGAAT,T416H E494Q,2,2
-6.486,4.215,CAAAATGGAAAATAAC,L316S A317V,2,2
-6.486,4.215,CAGACTAAAAAAAGAA,K82C F148K,2,2
-6.486,4.215,CATACTCATAACAATC,L70Q,1,1
-6.486,4.215,CATATGATACTTGCAA,I437E,1,2
-6.486,4.215,CCAAAGAGCTAACCAC,,0,0
-6.486,1.405,CCAACGGCGTGGGCAT,A334D,1,1
-6.486,4.215,CCAAGCATCCAAATAG,G72V V130M R299L,3,3
-6.486,4.215,CGCCCCGCATAAATTA,L42Q,1,1
-6.486,1.405,CTTCATAACCAACGCT,G386R L496P,2,2
-6.486,4.215,GCCATTGACATTAATC,S228I C277I,2,2
-6.486,1.405,GTCACAAGCTATCTTG,E35I A113N,2,2
-6.486,1.405,GTGAAGATAGATAATA,V237R,1,1
-6.486,0.8431,GTTCCCTACACAGTGC,R492V,1,1
-6.486,4.215,TACATGCTTTTACAAA,E41A,1,1
-6.486,4.215,TACGCATTCAGTATTA,I481C,1,1
-6.486,1.405,TCAGAATATGTCGAGC,A212W F332D,2,2
-6.486,1.405,TCATATAAAACTCCTC,C97L,1,1
-6.486,4.215,TGCTTACCAACTTAAT,G465W,1,1
-6.486,0.8431,TTATAAAAAACATCCT,Y351V,1,1
-6.486,4.215,TTTCATTTATACGCCC,E89Q,1,1
-6.486,4.215,TTTTTTTTAAGTGATC,Y308L,1,1
-6.488,0.1686,TAGCCATGATTCATTA,D474M,1,1
-6.488,0.248,GCATCCCCAGACTACC,Y100C,1,1
-6.49,0.1277,GAAAAAAATACTATAA,S228D,1,1
-6.49,0.03218,TAACCCTAAAAATCGA,I339F,1,1
-6.49,0.4684,GACAGTACTTTCATGG,M168K I236W,2,2
-6.494,0.843,ACTAACTAACACAATA,R224V E432K,2,2
-6.494,0.843,ATAACACTCCCATACG,P103R G345Y,2,2
-6.494,0.08602,CGTTCCGCCTCTTCAC,W234K,1,1
-6.497,0.2479,CGAAGCGAAACAAATC,H355A,1,1
-6.498,0.2218,GGATCCGAAGGAATAA,I67V E460S,2,2
-6.498,1.405,AACTATATACCACCCT,G352N,1,1
-6.498,1.405,AATAACATCAAACGCT,Y98Q,1,1
-6.498,0.4683,AGATCAAATAATGCAA,H488C,1,1
-6.498,1.405,CAACAACATTCTAAAA,V26S C281R S400A,3,3
-6.498,1.405,CGAGCCCTATGTACCA,W234*,1,1
-6.498,1.405,GAAACAAACGTTAACA,G337A,1,1
-6.498,0.281,GAATGTTGACGACTAC,S228H,1,1
-6.498,1.405,GTAAACACGGCTTTTA,T12M E35R,2,2
-6.498,1.405,TAATGAGTTTGGCAAC,C97V Y423K,2,2
-6.498,0.4683,TGGCAAAGGGACTATG,K259D,1,1
-6.501,0.843,AAGCTGCATTATTTGA,G345S E403K,2,2
-6.501,0.843,CCAATACTATTAAATA,G218T S266T,2,2
-6.501,0.843,GCATGCAGAAGTAGTC,L431E,1,1
-6.502,0.6021,AATACCAATTCGTTCA,S47A A430T D461M,3,3
-6.502,0.6021,ACGGCCCCCCGCTTTG,G303A,1,1
-6.502,0.6021,ACTTCTTCATTAAACG,Y302P,1,1
-6.502,0.6021,TGATAATTCGTTAAAC,A459W,1,1
-6.502,0.1833,CTGTGAGAGCCCTCTT,I226S,1,1
-6.502,0.4683,AAGTAATCTGATCACC,S156I L157C,2,2
-6.502,0.4683,GAGACATTAGAAACAA,L367P,1,1
-6.503,0.281,TCACACGCACTCGAAT,L194V,1,1
-6.505,0.05774,AAGTATTTGTCTTTTT,Y491M,1,1
-6.506,0.4683,CACATCAGGGATAAAT,L428K,1,1
-6.507,0.6021,ACAATCTCATTACTTT,G134Q,1,1
-6.508,0.8429,CAAAATTGGTAAAACG,W153Y S205N,2,2
-6.508,0.281,CGAATCCAATCCATCA,S270D,1,2
-6.508,0.8429,CTGATCATACTTTAAA,I502P,1,1
-6.508,0.8429,TTATTCTTAAGGTCAA,S143A P185T,2,2
-6.508,0.8429,TTTGACTATATCAGAT,L194Y,1,1
-6.51,0.2479,ATAAAGAGACACTAGC,R456D,1,1
-6.51,0.1832,TTACGTACATACACTA,N152V,1,1
-6.51,1.405,GCCACCGAGATACACG,I58Q E414K,2,2
-6.51,1.405,GCCTGATTCTAATATT,E325S L367P,2,2
-6.51,0.4683,GTATACCAGTAATTAG,S46Y I267N,2,2
-6.51,0.4683,TAACAGGTTCTACGGA,Q164G,1,1
-6.51,1.405,TCAAACATCATACCCA,F120W A317N,2,2
-6.51,1.405,TGACGGATATGCTAAG,S9C L108G,2,2
-6.51,1.405,TTAAAGAGAATAGATT,,0,0
-6.512,0.6021,AATTAAATGACTAAAA,F338H,1,1
-6.512,0.6021,ACATCTACTTCCGATA,T12N H184T,2,3
-6.514,0.3242,ACAAATGTTACGTCCT,A495C,1,1
-6.515,0.8429,AAATAGACACCACATA,N22W L420S E443K,3,3
-6.515,0.8429,AACATTACAAGGAACA,V36E,1,1
-6.515,0.8429,CATATACATCAATCAA,F79C C139* A253Q,3,3
-6.515,0.8429,GTGCACCCTGTCGCAC,G362D D474V,2,2
-6.517,0.602,ATCTCAGAATCCTCAA,L420P,1,1
-6.517,0.602,GTGTCTAGTCATCGAC,G337L L367P,2,2
-6.517,0.602,TCTACAGAAGAAGCTC,A334C,1,1
-6.518,0.4683,AACTACGGATCTCAAA,D186V,1,1
-6.518,0.4683,CGAAGGGCTAAAAGCG,A364L,1,1
-6.518,0.4683,CTCACACTGTATAAAA,P103Y N246Q,2,2
-6.52,0.3242,ATCACCCAAGATTGGG,W421A,1,2
-6.522,1.405,AAAAATAATAATGAGC,I339F,1,1
-6.522,4.214,AAACTAAATTAATAAA,Y491D,1,1
-6.522,4.214,AAAGATACCTTCTTAA,I202D,1,1
-6.522,4.214,AAATAAATTATTCAGA,E123D,1,1
-6.522,1.405,AAATGTAAAATATATA,L243G,1,1
-6.522,1.405,AAGGATCTTCCTTATA,C52R G330D,2,2
-6.522,1.405,AGACAATCTTGAATGC,S369D,1,1
-6.522,4.214,AGACTAACCAACAATC,Y351C,1,1
-6.522,4.214,AGAGCCCTCCTTACCT,S114D A196V,2,3
-6.522,0.8428,AGATGTGCTGAACCAT,N250Q,1,1
-6.522,4.214,AGTTTGCTCAAAAGCG,A39E,1,1
-6.522,4.214,ATAACAAAACCTTTTT,R90L L118P,2,2
-6.522,4.214,ATATGCATTAAGAAAC,G275K D487Y,2,2
-6.522,4.214,ATTACGGAATACACAA,V20D S358Y,2,2
-6.522,4.214,ATTTAGAGCAATTTGA,L496S,1,1
-6.522,4.214,ATTTTATGAACAAACA,C466F,1,1
-6.522,0.8428,CAAAACAGTAAAGTTA,S95I,1,1
-6.522,1.405,CAAAATGAAACCGACA,L42P K326V,2,2
-6.522,4.214,CAAGCATAAACGCGAT,L496D,1,1
-6.522,0.602,CATGGAACTACAGGTG,F338I,1,1
-6.522,4.214,CATTTATTCATACCAG,W343* S369Y R492W,3,3
-6.522,4.214,CCCTATGACAATAATA,L71Q V166N,2,2
-6.522,4.214,CGTCACGATTCTAGCA,R150W,1,1
-6.522,4.214,CTAGGATCGCTCCATA,G49Q L427D,2,2
-6.522,4.214,GAAGTCGTATCAAAGT,G463C,1,1
-6.522,1.405,GATGACTATTTTGAAG,H17T,1,1
-6.522,1.405,GCAATGGAAATCATTC,S265E V429M,2,2
-6.522,0.8428,GCAGTAAAGGTAAAAG,E410P S442G,2,2
-6.522,4.214,GGTCGGCAAAAAAAAG,L381G,1,3
-6.522,4.214,GTAAAGAACTTCAAAC,L13Q,1,1
-6.522,4.214,TAAAACCAGAGCTCAT,T40A T206Q,2,2
-6.522,4.214,TAAATCATAGCAATAT,R361G,1,1
-6.522,0.602,TAACTATCGGGATAGT,P99W,1,1
-6.522,4.214,TACAGCAAATTATTAT,D474Q,1,1
-6.522,0.4682,TATTCAAAACTTCAAA,A253T,1,1
-6.522,4.214,TATTCCAGACAAACCA,E89G G116Q R255T D291N,4,4
-6.522,4.214,TCAAATTTCTCCTGTT,F294K,1,1
-6.522,4.214,TCAATAAAATTTAAAA,V43N A113T E344K,3,3
-6.522,4.214,TGATTATAACATAGTA,V102R,1,1
-6.522,4.214,TGCTTTATAACCCTCA,I252D,1,1
-6.522,4.214,TTAAAAAACAAAAGAT,Q434F,1,1
-6.522,1.405,TTAAAAAACTACTTAA,N38Q T248C,2,2
-6.522,4.214,TTACATTATGAAAATC,I481H,1,1
-6.522,1.405,TTACTGACCTGATCTA,L194I,1,1
-6.522,4.214,TTATTATACATAAGTT,Q407C G465E,2,2
-6.522,4.214,TTCGAAATAGGAAGAC,I67A W421C,2,2
-6.523,0.06108,GGTCCTATAATCTTGC,W421R,1,1
-6.523,0.1139,TTATATGCCCCAAGTA,R229D,1,1
-6.526,0.3831,TGAATTATATCACTGA,M346V,1,1
-6.526,0.4682,TGGTCACACAAACGAG,K380W,1,1
-6.528,0.2218,TTACTATACCCAAACC,T235F,1,1
-6.529,0.3831,ACTTCTGGTAACCCTG,G342A,1,1
-6.529,0.8428,TTTCAAAACTATAGAC,E83D T206D,2,2
-6.53,0.4682,GCCTAATGCGAAGATA,Q311* E340C,2,2
-6.532,0.2809,TTTTTTTACCCATACA,Q191P S247T,2,2
-6.532,0.1139,TACACCCCCTTGATAT,Q164E,1,1
-6.534,1.405,AACTTATAGACCTAAT,G116M,1,1
-6.534,1.405,ACAATAAGTTGGTGGA,S228M,1,1
-6.534,1.405,ACTTATATTCTCATAG,S47F W84* E280V,3,3
-6.534,1.405,ATAAATCTACTATAGA,M268A,1,1
-6.534,1.405,CCTCCAACCAGAAGTT,N152R E457A,2,2
-6.534,1.405,CGAAAAGATACATATA,E35D P293R,2,2
-6.534,1.405,CTAATCTAAGGAATCG,N250M,1,1
-6.534,1.405,CTACTACTAAGTCCCC,,0,0
-6.534,1.405,CTGAAATTTTAAGCTT,T203S I502N,2,2
-6.534,1.405,GCGCAATTCAGAACAA,A11Q G218V T301E,3,3
-6.534,1.405,TTACATACCAAAAAGC,G16C,1,1
-6.534,1.405,TTCCATTATCGAACGA,E340K R405E Q454N,3,3
-6.535,0.2479,TCTAAAACTTACATCC,A106H P306E,2,2
-6.536,0.3241,ACAACGTAGATGCTAA,I339W,1,1
-6.536,0.8427,ATTTGCCTGTGTTAAG,Q434H,1,1
-6.537,0.1028,CAGGTCAGGAGAATCA,A69T L108F,2,2
-6.539,0.3241,GAATGGTACAATGGCT,A138H,1,1
-6.544,0.8427,AAGCCACAAAATAGTG,L316A,1,1
-6.546,1.404,AAACACACCAACACAT,D487Y,1,1
-6.546,1.404,AAGGACGAAACGAGAT,R499E,1,1
-6.546,1.404,ACACTACTTTTAAAAA,T318D,1,1
-6.546,1.404,AGATATGCTAGAGGCC,Q311N,1,1
-6.546,1.404,CAAATTCCCAATAGAC,Q434F,1,1
-6.546,1.404,CTCATTAATAGCCTAC,Y486F,1,1
-6.546,1.404,GCTTTATCCGGCGGGT,,0,0
-6.546,1.404,TCAGACAATAAAATAT,F338Y,1,1
-6.546,1.404,TCCCCAGAAACCCATT,C139F K140A,2,2
-6.546,1.404,TGCAATAAAAAAAACA,F148G,1,1
-6.546,1.404,TTTAATTGAAATTGAT,V130G,1,1
-6.546,1.404,TTTTAGTACCGCGAAC,G249F,1,1
-6.548,0.6019,TATTGGAGAAATTCAG,P306C,1,1
-6.548,0.383,AATCCTTTAAAAAAAT,S193M,1,2
-6.548,0.383,ATGCTAGTAGACTCCC,Y100G,1,1
-6.548,0.383,TATCTAAAAGGACGGC,N31V A212R R229Q,3,3
-6.549,0.1139,ATACGTCACATCCACA,V20W G379A,2,2
-6.55,0.156,AAAAAATAATGCTGCC,G62E G342A,2,2
-6.551,0.8426,ATGAAGGTAACACTAC,S96P,1,1
-6.551,0.8426,CTTATAATACATAAGA,D487C,1,1
-6.551,0.8426,TGCTGTGTACCTATAC,E89W,1,1
-6.551,0.8426,TTAGAGATAATCATTT,T436A,1,1
-6.551,0.8426,TTTGAAAAAAGCTACA,G5S L194K,2,2
-6.552,0.2217,TTATTCAACCTACACC,N152T,1,1
-6.552,0.3241,CAATCCATTTCACCAT,D77V E432F,2,2
-6.553,0.6019,CCTCATGGAGCACTAG,S369Y,1,1
-6.553,0.6019,GCAGTAAATGCCGCAA,L496K,1,1
-6.554,0.4681,ATCCCGCCCATCGGAG,R321Q D415Y,2,2
-6.554,0.383,AAGTCATTCTAAATAA,I288D,1,1
-6.558,4.213,AAAAGCAGTAACAAGT,N170M,1,1
-6.558,4.213,AAAATAAAATTTTCCT,I51W,1,1
-6.558,4.213,AAAATCTCACAATAAA,L194W,1,1
-6.558,4.213,AAACAACCCACACTTG,T24A G218P G362C,3,3
-6.558,4.213,AAACAATTTATAGAAA,L86I I339S,2,2
-6.558,4.213,AAACCAAAAACTTCGA,N424K,1,1
-6.558,4.213,AAACCCCATGACTTCC,D85E G337T,2,2
-6.558,4.213,AAACGACCCACCCACA,T440K,1,1
-6.558,4.213,AAACGCCAGGCAGACT,R92V T313I,2,2
-6.558,4.213,AAATAAGCGAGGTCAA,N246P A365F,2,2
-6.558,1.404,AAATAATCAACCCGCT,K140M F332S,2,2
-6.558,1.404,AACACTGTGTATTATT,H355N,1,1
-6.558,4.213,AACTGCGCGACGAGTC,N357I,1,1
-6.558,4.213,AAGTTGCATTACAAAA,W350T,1,2
-6.558,4.213,AATAATCCAATAAGTC,R354N,1,1
-6.558,4.213,AATCCCTAGGACATAA,G16C G200R,2,3
-6.558,4.213,ACAAACCCTCAACTTC,G16N,1,1
-6.558,4.213,ACAACATAGTGATTAG,N45C G386E K411P,3,4
-6.558,1.404,ACCCTTGCTAGATGTG,M268S,1,1
-6.558,4.213,ACGAAGGTTTACACCA,S287K G479R,2,2
-6.558,4.213,ACTAGCTACATGATAG,P55A A336L,2,2
-6.558,4.213,ATAACAAACAAACCCG,G342T,1,1
-6.558,1.404,ATATATAGGGTTGACC,Y233P,1,1
-6.558,4.213,ATCTAACCGCGAAAAC,G345M,1,1
-6.558,4.213,ATTATTATTATATTAG,L431P,1,1
-6.558,4.213,ATTATTCTAATATCCG,D419Y,1,1
-6.558,4.213,CAAGTTAACCAATAAT,I481D,1,1
-6.558,4.213,CAGTTTACGAGGAAAC,F120G,1,1
-6.558,4.213,CCAAATCCAGCTACGA,D186I G333D,2,2
-6.558,1.404,CCATACTCTCAGGACA,N357Y,1,1
-6.558,4.213,CCCATCAACTCACACT,A19I,1,1
-6.558,4.213,CTACCTCAAAAGTACA,T37G,1,1
-6.558,1.404,CTACTATTCTGTAGCC,P254S,1,1
-6.558,0.8426,CTAGTATCTAATGGTT,D474A,1,1
-6.558,4.213,CTTCGTTATTGTAACA,K121P N424R,2,2
-6.558,4.213,GAAAATCGTATACTAA,F125D,1,1
-6.558,4.213,GAACAATAACCAAGAT,A39I,1,1
-6.558,0.6018,GACAATCTACTACTTC,G142P,1,1
-6.558,4.213,GATATAATTTAACTGT,L108S,1,1
-6.558,4.213,GATCTTAGTGATAGAG,E89R,1,1
-6.558,1.404,GTATCGACTGCTACCA,P324E K380D,2,2
-6.558,1.404,GTGTCTTGTTTTTCCC,K292L,1,1
-6.558,4.213,TAAACGCTGAGATTAT,K503C,1,1
-6.558,0.8426,TATCTCTATAACTTCA,L367D,1,1
-6.558,4.213,TATGGGTCCCCCTGCG,R299N D375C,2,2
-6.558,4.213,TCCTCAAGCCCTTAAA,D101C W421*,2,3
-6.558,4.213,TCTACTTGGAAAGCAG,A373R,1,1
-6.558,1.404,TGAACAGTATCCTTTG,M346R,1,1
-6.558,4.213,TGAGCGAATAAATTAC,D366G,1,1
-6.558,4.213,TGATCTAAAAATAAGC,F120A Q407K,2,2
-6.558,4.213,TGTACTCGAAAACAGC,N53R V130H,2,2
-6.558,4.213,TTCAATATTAACGTTA,S193M,1,1
-6.558,0.8426,TTCCAAATTTAGAAAA,,0,0
-6.558,4.213,TTTCACGTTACTAAAT,N424D,1,1
-6.558,1.404,TTTTAATCAAAACTCA,G337E,1,1
-6.558,0.06687,ACAACCCTATTTAAAT,E443K,1,1
-6.559,0.2217,AAGAATCATAGACATA,E457R,1,1
-6.561,0.4681,ATGAAGACATGGCTCA,D60K,1,3
-6.562,0.2808,TCTATAAACTTTAAGA,K315E,1,2
-6.562,0.6018,TAACGGGATTAAGTTA,F120L G386E,2,3
-6.564,0.383,ACGAATGTGCACTAAC,M320H,1,1
-6.564,0.8425,CCTGAGAAAAAAATAA,E460W,1,1
-6.564,0.8425,TTATAAGCATACTGGC,N190R,1,1
-6.565,0.4681,CCCCAACATAATAGTC,S287E,1,1
-6.567,0.383,AATTCGTATTACTTAA,Q1P I230H,2,2
-6.567,0.383,TCAAACTAACTTCAGG,G333M L439E,2,2
-6.569,1.404,AACAGCAGCTCGTCAC,D291L G319D,2,2
-6.569,0.4681,AGACTGTACCGAGACG,A138Y,1,1
-6.569,1.404,CACAGACAATACGAGT,L431S V490D,2,2
-6.569,1.404,CAGATAACTGCACAGG,Y98V,1,1
-6.569,0.4681,CTAAATCGAATACGGT,D375N E398K,2,2
-6.569,1.404,CTTCGTAAAAATCCTA,E340W,1,1
-6.569,1.404,GGAAACAGGAAAATAA,L455P,1,1
-6.569,1.404,TACAAATATACCCGTA,V130R A272G A336V,3,3
-6.569,1.404,TACACACAAACATGAT,A253Q,1,1
-6.569,1.404,TATTTTTCTAGGAAAT,K82V E89D,2,2
-6.569,1.404,TTTTTGAACTAGCTCT,A317V,1,1
-6.57,0.1359,TCCGAGCATAAAGATG,T65D V166R,2,2
-6.571,0.2006,CGTCAGGCTAGCCTCA,C277Y,1,2
-6.571,0.8425,AAGTAAGAGCACATAC,V130R,1,1
-6.571,0.8425,CATAACGTACTAAAAG,Q295N,1,1
-6.571,0.8425,CCATTACCTCCAATGG,R329P S422V,2,2
-6.577,0.6017,AACCGTAAGAGGAGGC,Y257C I274V K276E N382S E390G K391R K411R R492G I502V,9,11
-6.578,0.1685,ACGGACTTTTCAACCA,S369L,1,1
-6.578,0.8424,ATTACAACATAAATGT,Q75*,1,1
-6.578,0.8424,CCCCTCACCGTTATAA,F332W,1,1
-6.578,0.8424,CGCTTATATACGTGAA,L316W,1,1
-6.58,0.2478,AAGGTGATAACAGTAA,L59G,1,1
-6.58,1.404,AGCTACATGGCCTTTT,G61K,1,1
-6.58,1.404,ATAACATCTTTACCAT,S209P,1,1
-6.58,1.404,CATAATGCGATACAAG,M462G,1,1
-6.58,1.404,CCGATCAGAAGATAAG,V112D,1,2
-6.58,1.404,CTAACGAGAGATGCAC,F148V,1,1
-6.58,1.404,GTGAAAGATTTTTTAT,P99I H355I,2,2
-6.58,1.404,TAGTGATATCACAGAG,P306F,1,1
-6.58,1.404,TATACTTGCACAAACG,L177T S400T,2,2
-6.581,0.2217,AAAATCATATGGATAA,L496A,1,1
-6.583,0.07658,AGACGATCTTTATGAT,T235F,1,1
-6.584,0.468,ATCATACAGGTTATGG,T248A,1,1
-6.584,0.468,CTAACTGAGGTAAATA,L367P E432M,2,2
-6.585,0.8424,TAGGAAACGATCCATA,K391M E398W,2,2
-6.585,0.8424,TGCAGATGTCTCCCAG,W234V,1,1
-6.587,0.08259,TTATGACATAACGATG,R229D,1,1
-6.587,0.07947,ACTTCATTCAAAGCAT,A11E,1,1
-6.587,0.6017,AATAACAGTGATTAGT,D32Q E410P,2,2
-6.589,0.3829,CTATCAGTAGAAACCA,G463D,1,1
-6.589,0.324,CGAAACTTGAGACCAA,F500R,1,1
-6.592,4.212,AAAAAATATGGTTATC,G256V,1,1
-6.592,4.212,AAACGGGTTCAAGCAT,A373D I478H,2,2
-6.592,4.212,AAATAACAATCCCTAA,E460R,1,1
-6.592,1.404,AAATTACAGATTTTTC,R220E,1,1
-6.592,4.212,AAGGGCCCTATAAAAA,H17D Y412C,2,2
-6.592,4.212,AATAAAATATCCTCTA,I217E Q407*,2,2
-6.592,4.212,AATTTTAAACACAACG,W84R,1,1
-6.592,0.2006,ACACATCCCCTGGCAT,G349M,1,1
-6.592,4.212,ACTCAATATGGGTTAA,C14R,1,1
-6.592,4.212,AGACCATAAAAGGCAA,Q295H N498S,2,2
-6.592,4.212,AGAGCAAAAACGACAT,A138P,1,1
-6.592,4.212,AGGTATTCTACTCCAA,Q295N,1,1
-6.592,4.212,ATAAACAGAGAAGAAG,V43Q,1,1
-6.592,4.212,ATAGATCAAACGAAGA,A373G D438A,2,2
-6.592,4.212,ATGTTCATCTTAGATG,I230E,1,1
-6.592,4.212,ATTTTACTCATCTTTG,I67Y,1,1
-6.592,4.212,CAAAACAAAGAAAACT,Q407* L496E,2,2
-6.592,4.212,CAGGAGAAATTCATCA,I469M,1,1
-6.592,4.212,CCTTTAGTAAATTGAA,V88K,1,1
-6.592,4.212,CCTTTTAAATGGAAAA,K176I,1,1
-6.592,4.212,CGAAACAGACCAAACA,W153T A163S A459S,3,3
-6.592,1.404,CTACCTCAAACGAATA,L177Q C281*,2,2
-6.592,4.212,GACTAAAGGACGAGAA,I29H G345Y,2,2
-6.592,4.212,GCAATATTAAGTAATG,I232D,1,1
-6.592,4.212,GGTTAATAAACATTAC,W153C,1,1
-6.592,4.212,GTAAATAGACACATGG,F467K,1,2
-6.592,4.212,TAAACCCTCTAAGTAA,H17S C473P,2,2
-6.592,4.212,TAAACTTGCAGAATAA,M462E E494*,2,2
-6.592,4.212,TAACCAAAGGGAGCAC,G200V,1,1
-6.592,4.212,TAATACTTAAAATCAA,C52R,1,1
-6.592,4.212,TACCCACCCAAAACAC,K2I,1,1
-6.592,4.212,TAGCTTCCTAATTAGA,T248W,1,2
-6.592,0.6017,TAGTCAAAACGCCTTC,P227D,1,1
-6.592,1.404,TATGTCAACCTGTATA,L151R A317V,2,2
-6.592,4.212,TATTCTACTTCAAATT,N357P,1,1
-6.592,0.8423,TCGAAAATAGTGACCT,G342S,1,1
-6.592,4.212,TGACTCCAAACCTCTA,A138I,1,1
-6.592,4.212,TGCTGCACATCCTAAC,G116C,1,1
-6.592,4.212,TGTATACAAACCAGCC,C305W,1,1
-6.592,4.212,TTAAAGTTCCCGCTTT,V102D,1,1
-6.592,4.212,TTACTAACAATTGTAA,Y257L,1,1
-6.592,4.212,TTAGATCAGTTAATCC,N6H Y257L G345D E443T,4,4
-6.592,4.212,TTGGAATTAATTGATA,V112C,1,1
-6.592,4.212,TTTTAAATAAATTTAA,F392S,1,3
-6.596,0.468,GTGAGAATATAGATCA,G62Q I339W,2,2
-6.598,0.3829,GAAAACATATGGTCAC,F332W,1,1
-6.599,0.8423,ATATGGAAGTAAGTTA,T206R,1,1
-6.599,0.8423,TACAATTCTGTTTATT,S46M L455D,2,2
-6.599,0.4679,TAATTCTATAAGGTCC,S378L,1,1
-6.602,0.156,CAACATCTTACCAAGG,E340M,1,1
-6.603,1.404,AGGACCTCCAAAATTC,Q191I G379D,2,2
-6.603,1.404,CAGCATGTTCTTCAGT,C466E,1,1
-6.603,1.404,CGGGATCTTATTGCTA,W153L,1,1
-6.603,1.404,GAAATTTTACTAACGA,I418V E460G,2,2
-6.603,1.404,GAGCGTGACCTTGAAC,E123S,1,1
-6.603,0.2808,TTAGGCTCCAATCTTT,L428N,1,1
-6.604,0.3828,TCATACCATAGTAATA,T24R K368W,2,2
-6.605,0.8423,AGATGTCTTGCACATT,I335D,1,1
-6.605,0.8423,CCTCAAGTTGCTTCCT,T313W,1,1
-6.605,0.8423,TAAGTATTAGCGAAAT,Q363R,1,2
-6.606,0.2477,AAAAACTTCTCTAACG,G303S,1,1
-6.606,0.6016,AGAACAAATCAACCAT,R456Y,1,1
-6.607,0.4679,TATAGTACTGCAGGCA,A459W,1,1
-6.607,0.3828,CCCATGTATAGCGACC,G303S,1,1
-6.609,0.1684,GACGCACTCAGCCCCA,Y98C,1,1
-6.61,0.3828,GTATAAACAAATACAT,S96G V223F D438S,3,3
-6.61,0.3828,GTTACTCCCCGCTTAG,A364H,1,1
-6.611,0.6016,CATAAAACATACCGAA,A365T T485Y,2,2
-6.611,0.6016,CATAATGACAAGATCC,K452I,1,1
-6.612,0.8422,ATGATCTATATAGTCT,A138Y G352L,2,2
-6.612,0.8422,CAGGGGCACTTTCTAA,I481K,1,1
-6.612,0.8422,GACAAGGCTCCGATAA,C277W P293T K391T,3,3
-6.612,0.8422,TTTGTACTGAAATTAT,C277K E396I,2,2
-6.614,1.404,AAAATACTTGTATGTG,M268K,1,1
-6.614,1.404,AATGTCGCAACATAAC,,0,0
-6.614,0.2807,ACATGAAAAGAAATAT,T37A,1,1
-6.614,1.404,AGAAGAGAAAACACCA,F147E,1,2
-6.614,1.404,AGGTCCTGTGGCTAAA,W421N,1,1
-6.614,1.404,ATAAACCGCTACCTAC,Q311G G504I,2,2
-6.614,0.2807,CCCCTTGTATCCCTAA,R261C N341K K387G F392G,4,4
-6.614,1.404,GAACCTCTAACAGCAG,L409G,1,1
-6.614,1.404,GTAACAATTTCCAATG,C466A,1,1
-6.614,1.404,TATGAGCACTTATTGA,A364P,1,1
-6.616,0.6016,CCCGTAAAGTAACGAG,D241T,1,1
-6.619,0.8422,GGAGAGGATCTCATGT,E443K,1,1
-6.62,0.2216,GAATGTCTCTTCACAC,V26S S266F E390C,3,3
-6.621,0.6015,TATCCTATGGAGGGTC,K2V Y423D,2,2
-6.621,0.6015,TCTAGTTTTAGGAACT,R482N,1,1
-6.625,4.211,AAACACTATTACACTC,T318D,1,1
-6.625,4.211,AAACTAATAGTTATAA,P21H V413N,2,2
-6.625,4.211,AACTGAACAAGGCGAC,I377R,1,1
-6.625,0.8421,AAGTCTCGCTTTATTA,I202H,1,1
-6.625,1.404,AATGAGGACACCTCGT,K310C L431Q,2,2
-6.625,4.211,ACACAGCTCCGACAAA,N250K G379D,2,2
-6.625,4.211,ACCACACATTCAACAC,,0,0
-6.625,4.211,AGAGCTAAGTTAAAAA,V102H,1,1
-6.625,0.6015,AGTTCTAGTGTGAGAT,V429S,1,1
-6.625,4.211,ATACGATTAACAAAAT,L42D,1,1
-6.625,4.211,ATACTAACGAGTAGAA,V204W,1,2
-6.625,4.211,ATATTATTGTTCTAAA,Y423D,1,1
-6.625,1.404,ATCATCGTTCCCATAT,I469Q,1,1
-6.625,4.211,ATCTGAAAAAACTAAA,G16A S312Y,2,2
-6.625,4.211,ATCTTGGATTTCCAAA,V429K,1,1
-6.625,4.211,ATTAAACAACTTGAGA,I260D K278R,2,2
-6.625,1.404,ATTAAACTCTCACCAG,G463I,1,1
-6.625,4.211,CAAACTTTAGGACCAC,N190R R307I,2,2
-6.625,4.211,CAAATGCTAACCTATA,,0,0
-6.625,1.404,CAACTAAACTAAGTAA,L71T,1,1
-6.625,4.211,CAATGTACAAAAAACA,S9Y E340L,2,3
-6.625,1.404,CATAATCAAGCTAACC,L66S,1,1
-6.625,4.211,CATGCTAAGCATTTAC,A336N,1,1
-6.625,4.211,CCTAATTTTACATAAA,A334K,1,1
-6.625,4.211,CCTTCAATCCGTCTTG,G349Y,1,1
-6.625,4.211,CGAAGTTTACAAACAC,R499Q,1,1
-6.625,4.211,CTAATGATACCATAAT,T370Y,1,1
-6.625,4.211,CTTTTAACCTGAAGGT,A39V L409G,2,2
-6.625,4.211,GAAATTCAGTGTAGGC,R220Q Y351E A373T,3,4
-6.625,4.211,GAACCGCAAATTCTAA,F353P,1,1
-6.625,4.211,GACAACCATTAACCCT,V43D,1,1
-6.625,4.211,GAGCAGTCTCAGACTT,G337D Y412H,2,3
-6.625,4.211,GCCTGAGAGCATATCA,A495D,1,1
-6.625,4.211,GGATAAAATTTAACCA,N250E E432D,2,2
-6.625,4.211,GTCAGATGAAACCCCA,,0,0
-6.625,1.404,TAAAACTATCAAAGAC,L316W,1,1
-6.625,4.211,TCAAGTGAAGTTAACA,T370N G379S,2,2
-6.625,4.211,TCACAACTAGAGAATA,G256W,1,1
-6.625,4.211,TCGGACCCTAGACCCA,K292I G319D,2,2
-6.625,1.404,TCGGTACAAAAATTGT,I51Y,1,1
-6.625,4.211,TCGTCAGAAAAAAAAA,E401K H471E,2,3
-6.625,1.404,TGACGAATCTTAGTGC,D474Q,1,1
-6.625,4.211,TTAAACGTGAGGAACA,C97S,1,1
-6.625,4.211,TTAAGAAAGACGAGAC,H183Y,1,1
-6.625,0.6015,TTACATAAGAACCAAA,G49D W350F,2,2
-6.625,4.211,TTGAAAGTCCCCATGA,N122R Q295K,2,2
-6.627,0.2216,AGTCATATCAGTATCC,F258D,1,2
-6.627,0.2477,TTCGGTTCTAACACAT,Y412S,1,1
-6.628,0.09792,AATTCACTAGAAAACA,L194E,1,1
-6.632,0.1203,ACAGAAACAATTAAAA,Y178E,1,2
-6.632,0.8421,CAGTTCTTACTGTACT,V204C P254G,2,2
-6.633,0.3239,TTACAACTCTAATGAA,S156G E390K E432I,3,3
-6.636,0.1684,ATGTGGACGACAACGC,D60L,1,1
-6.636,1.403,AGTTCACATAAACTCC,E35G R269K,2,2
-6.636,1.403,ATATCAAACATAGTGT,S422R,1,1
-6.636,1.403,CAAGGAATTCACATAA,I67L K397F,2,2
-6.636,1.403,CTTTTATGTCGATACC,R90E Q295H H435Q,3,3
-6.636,1.403,GAACTTTGTAAGACCT,R405P,1,1
-6.636,1.403,TCGGCCTACCAAATCA,I481D,1,1
-6.636,1.403,TGCTATGATAAGCGTT,T187I S231D,2,2
-6.636,1.403,TTGACCTCCACAACGC,W84H,1,1
-6.636,0.4678,TTTTGACGACGTCGCA,A11T D375P,2,2
-6.637,0.2477,TCTCTCTTATGCATTT,W350E,1,1
-6.638,0.3239,TTTCCAAGATTAAAAC,G249V,1,1
-6.64,0.6014,ACGATACTTTCGTCAA,K2I L428E,2,2
-6.64,0.6014,TATCTGACTGAGGTCC,K310T E403K S422N,3,3
-6.64,0.4678,TTATTGACCCCCCAAA,K176R,1,1
-6.641,0.2005,TCCGAATTGAAGTTGC,D60L,1,1
-6.644,0.6014,ATAATATATCAATATT,G465R,1,1
-6.644,0.6014,TACCCCAATGATTCCA,I25E T283I,2,2
-6.645,0.842,GTATCCCACTCGAAAA,V237S,1,1
-6.647,1.403,AAAAAGGGTATAGCCA,S144D I230H,2,2
-6.647,1.403,AATTAACTCAACAAAA,D366Q,1,1
-6.647,1.403,AGACCTTATATCCCAC,I58R,1,1
-6.647,1.403,AGTATTCGTTATCAAC,G345S L455R,2,2
-6.647,1.403,CAAAAGTCGGAGGTAA,W234C,1,1
-6.647,1.403,CACCGAAAGTCATAAC,C277A I385R R499L,3,3
-6.647,1.403,CATTGGATCGAAATTT,W421F,1,1
-6.647,1.403,CCCAGATATGCCATAA,F500Q,1,1
-6.647,1.403,CCCGAAGTACAGTAGA,F120G,1,1
-6.647,1.403,CCGACCCCTTCACATG,A69C C281F,2,2
-6.647,1.403,TAGTTAGGGGACCTAG,F195D,1,1
-6.647,1.403,TCAGCTAATTCAACAG,G78D I179H,2,3
-6.647,1.403,TTCCATGCATGACCTA,T155M D241Y,2,2
-6.649,0.2476,ATGGGAACCATCGATC,K2Q D73L,2,2
-6.649,0.6014,AAAATCCACCGTGGAG,D441R,1,1
-6.649,0.6014,GAAATATCTTAAACTA,S136Y,1,1
-6.649,0.6014,TCTAAATAGTATCACA,L194I,1,1
-6.649,0.6014,TTCATCGGTATTATTA,Q164E,1,1
-6.652,0.8419,CAATTATACTGTTTTT,G345Y,1,2
-6.652,0.8419,CCAAACAATATAACCA,N133M R222W,2,2
-6.652,0.8419,CCCACAATAAGGCAGA,E35G P254V,2,2
-6.652,0.3827,GGTAAGATACTATGTG,S136A E398K,2,2
-6.652,0.2476,CAATAACGCTAGAATG,L86W E432N,2,2
-6.654,0.6014,CCTCTCTGCCAACATT,H56D M346G,2,2
-6.655,0.3827,ACTTAAAAACTATGCG,I236F,1,1
-6.655,0.3827,TAACTAAAACCATTAT,D348K N497A,2,2
-6.655,0.3827,TGCATCGTAGAAACGG,L70M V406K,2,2
-6.656,0.3238,GTGTCCGGTTCGTTGA,I226D,1,1
-6.656,0.2476,GCTCTTGGTACACGTC,F195Y K397D,2,3
-6.658,4.21,AAAAATGAATACGTAA,R499A,1,1
-6.658,4.21,AAACATATAGGTCTCT,L420T,1,1
-6.658,4.21,AAACGACCCGCAACTT,V36P N341A,2,3
-6.658,4.21,AAACTAACATTGAACG,A365K,1,1
-6.658,0.4677,AAACTTGAGACTGTCA,K2C R321W,2,2
-6.658,4.21,AACTGAGATAGAGTTC,I51W G200D L420K,3,3
-6.658,4.21,AATATAACAACTGTGC,C97E,1,1
-6.658,4.21,AATTGATAAAATACCA,L15R,1,1
-6.658,4.21,ACACTAGGATCAGAAC,V36L,1,1
-6.658,4.21,ACCAAGAGAACCTTAA,G465L,1,1
-6.658,1.403,ACGGACCGGCCAAAAG,N22T L496P,2,2
-6.658,4.21,AGCCAGCAGTAATAAA,A11M P99Q,2,2
-6.658,4.21,ATACTTCACGAAATTG,C473I,1,1
-6.658,1.403,ATATACACAGATAAAA,G362K,1,1
-6.658,4.21,ATATCCATTGTGGAGC,Y98L,1,1
-6.658,4.21,ATATCGTACAAGAAAA,N250L,1,1
-6.658,4.21,ATCTTTACGGCGTCTC,T30P S54Q Q57H,3,3
-6.658,4.21,ATTAACTGTAAATACT,F448K,1,1
-6.658,4.21,ATTGGAAGATCGAAAC,A253R,1,1
-6.658,4.21,CAAAAAACAACCAGAA,N498D,1,1
-6.658,4.21,CAAAAACAGGGAGTAA,D225P,1,1
-6.658,4.21,CAAAAACCTGTGATCT,N322D,1,1
-6.658,4.21,CAAAATTGAGAAGATA,T416Y,1,1
-6.658,4.21,CACACGAACAGTATGT,D241P,1,1
-6.658,4.21,CACAGCAAAATATGAT,Y98F,1,1
-6.658,4.21,CACGAAAGACAGAAAA,L66S,1,1
-6.658,4.21,CAGAGAGCCAATACAC,S193C M462L,2,2
-6.658,1.403,CAGATCTAGTTTGCAC,R90G S312N,2,2
-6.658,4.21,CATCACACCACAGGTC,Y161H R499G,2,2
-6.658,4.21,CATTCAAACCCAGTTT,L42E V297L,2,2
-6.658,4.21,CATTTATAATACCGCA,G352C,1,1
-6.658,4.21,CCATAGAATGAACTGA,V309E,1,1
-6.658,1.403,CCCGTCGACCGGGTTT,C139E G379W,2,2
-6.658,4.21,CCTGCCCTATTATAAA,A304R E398K,2,2
-6.658,4.21,CTGACACTCATAGACA,A138R,1,1
-6.658,4.21,CTTATATACAATCAAA,Y351P,1,1
-6.658,0.3238,GATACAGTTTAAACGC,P273T E359K,2,2
-6.658,4.21,GCGGCACTAACATACC,T203P,1,1
-6.658,4.21,GCTTCGGCTAACACCG,H488K,1,2
-6.658,1.403,GCTTTCATTTATTGAC,C305E,1,1
-6.658,4.21,GTACTTCAAAGAAATA,S480W R482K,2,2
-6.658,1.403,GTATAACGCACGCGGC,E398K E403K L409F,3,6
-6.658,1.403,GTATCAAAAGTAGAAC,W127P I437C,2,3
-6.658,0.8419,GTGTTTAAATTGTGCT,G134D Q376M,2,2
-6.658,4.21,TAAAATTTAAGATTGC,G181V,1,1
-6.658,4.21,TAAACTACAAATTTGT,I67A G330C,2,3
-6.658,1.403,TAAACTGAAGCCAAAA,C473L,1,1
-6.658,0.6014,TAATCCTTATTGCTTA,I502K,1,1
-6.658,4.21,TACAAACAGCAAAGGT,C305I,1,1
-6.658,0.8419,TACAGCGACACATTTA,L316Q,1,1
-6.658,0.8419,TACATACACTGAGCAA,D474M,1,1
-6.658,0.2806,TACGTCATCAGAAGTA,I502W,1,1
-6.658,4.21,TCAACTCAGGTCTTTA,C97T,1,1
-6.658,1.403,TCAAGAATCTACATCT,T440W,1,1
-6.658,4.21,TCAAGCAGAATGTAGA,R141M V406D,2,2
-6.658,4.21,TCAATACCAACGATCA,F120S K131I C466H,3,4
-6.658,4.21,TCTCATAACATTAAAA,I236V E398K D441N,3,4
-6.658,4.21,TGGATGCCCAGGATAT,T248N S279N,2,2
-6.658,4.21,TTAAACATAATAACAC,I232K,1,1
-6.658,1.403,TTAAATTGGTAACTAT,S287P,1,1
-6.658,4.21,TTATAAAATTTTAAAT,V309G D474E,2,2
-6.658,4.21,TTGATCACCTCTCCGT,D241Y,1,1
-6.658,1.403,TTTGCTCGTAAACATA,V43Q L431Q,2,2
-6.661,0.3238,CGCTAGTCCGCAAACA,Q434R,1,1
-6.664,0.3827,GAAATTTAGACCAGAC,R208P K452T,2,2
-6.665,0.8419,GTTAAAGAGTTTAACT,G319Y,1,1
-6.665,0.0473,AAAGCATTGTGACCAA,T206R,1,1
-6.665,0.4677,ATCGAATAATTGCTAT,W180T,1,1
-6.667,0.6013,ATACTAAAACCACTCT,K264F M444I E449K,3,3
-6.669,1.403,AATTTGCTATCCTCAT,N94D Y161P,2,2
-6.669,1.403,ACATCCATTATTGAAT,N464L,1,1
-6.669,1.403,ATCAAGTACAAAGTCT,I377Y,1,1
-6.669,1.403,ATGATAATCATCGAAA,L177P C281T,2,2
-6.669,1.403,CAACAATAAGTAAATG,K2W W343R,2,2
-6.669,1.403,CACCCGAATACGCACT,I288E,1,1
-6.669,1.403,CCCATAAATACATAAA,L409Y,1,1
-6.669,1.403,CTCAAATGTATTCGAC,S193R,1,1
-6.669,1.403,GTCTGGTAATCTCAAA,F147H,1,1
-6.669,1.403,GTTTCAACTTATTAAA,T203V V347Y,2,2
-6.669,1.403,TAGTAAAGAGTCAAAT,G218Q L384A,2,2
-6.669,1.403,TATGTTACTTATATAT,I58S,1,1
-6.669,1.403,TCCCAACCTAAAAATA,N322K,1,1
-6.669,1.403,TGATATACGGATGACA,K176A,1,1
-6.673,0.2806,GCATCCCAAATTCATC,G333N,1,1
-6.68,1.403,AAAGCAAAACAAATTA,I58Q,1,1
-6.68,1.403,AGCGACTCAAACACTA,N126S S369P,2,2
-6.68,1.403,AGTCATATCAAGTCTG,H435K,1,1
-6.68,1.403,CAACAAGAAACTCAAT,K453C,1,1
-6.68,1.403,CTCAAAGCTTCAATGC,V237F D415Y,2,2
-6.68,1.403,GAACAAACTAATATAT,L194V,1,1
-6.68,1.403,GACAAAATACCAATTA,F294Y I437P,2,2
-6.68,1.403,GACCACTAACTTTGAA,S95E T485G,2,2
-6.68,1.403,GCGAAAAAAGAGACCC,N165G A334W,2,2
-6.68,1.403,TACTACTTTGACATCC,F353M I478Y,2,2
-6.68,1.403,TCTTTATAATTTGTAG,F192T,1,1
-6.68,1.403,TTGCCACAAACACAAA,F87S,1,1
-6.68,0.3238,TCTGTATACTGACCGA,L194G,1,1
-6.684,0.8417,CTCCGTACAAGCTATA,K27L R92Y P284L V402P,4,5
-6.684,0.8417,GTCAGGTACGACGGCC,A364D V490I,2,2
-6.684,0.8417,TCTGCGCAGGACCCAA,,0,0
-6.686,0.2004,ATTGACATCCATTAAG,T206R E325S,2,2
-6.686,0.6012,CACCGTTGTTGGTATA,R492K,1,1
-6.687,0.4676,CCCATTATATCCACAT,S136Q,1,1
-6.687,0.4676,TTACACACTGTACGAA,E443K,1,2
-6.687,0.2215,TGTTTACTAAAAACGT,K292D,1,1
-6.688,0.3237,AAAAAATCACAGGCAT,N341K,1,1
-6.688,0.2476,TTCTATACATCCCGTG,K259D,1,1
-6.689,0.1451,TGCTTGTCACAATCAA,Y423A,1,1
-6.69,1.403,AAAAGACACCATTAGA,D186T,1,1
-6.69,4.208,AAACTCGAAACTTTGT,C97E,1,1
-6.69,4.208,AAAGACTAGGAAATAC,T440V,1,1
-6.69,4.208,AAAGTTGTATAGTGAA,S287M,1,1
-6.69,4.208,AAATGGATAACATCTT,P306F,1,2
-6.69,4.208,AAATGTCAAAACCACA,Y491C,1,1
-6.69,4.208,AACCAAACGGTCCTAC,R222P R224T,2,2
-6.69,4.208,AACTACGGATTTCATC,H471A,1,1
-6.69,4.208,AATACCGGACTAACAC,C97Y S136Y,2,2
-6.69,4.208,AATTAATTTGAAGGTA,L59C,1,1
-6.69,1.403,AATTTCCATTGATATA,R150M,1,1
-6.69,4.208,ACAACCCTTCCGTCTT,V43Q K368E,2,2
-6.69,1.403,ACCCCAGAAGACCCAA,N81K Q191I,2,3
-6.69,0.8417,AGAACATCGTCGATAA,N357E,1,1
-6.69,4.208,AGATTAAAGCAGAATT,M444E,1,1
-6.69,4.208,AGCACCAAACCCGTGC,N152V,1,1
-6.69,4.208,AGTCCACAAATGTATC,P4V G333P,2,2
-6.69,4.208,ATAAACTAAGAGTTGA,G319H,1,1
-6.69,4.208,ATCCTTGACTATAAAC,G134K,1,1
-6.69,4.208,ATCGATCGATATCTAA,G286D,1,1
-6.69,4.208,CAAAATTAACGATAGA,R321W,1,1
-6.69,4.208,CAAACATTTCAAATCC,I335C,1,1
-6.69,4.208,CAAACCGAAACCCTTC,F258C,1,1
-6.69,4.208,CAACAAGGTTCGAACT,F125L E443D,2,2
-6.69,1.403,CATAATTGAACCTATC,N133K R482G,2,2
-6.69,4.208,CCGAGTCAATCGAACA,E123T,1,1
-6.69,4.208,CGCAATATACAACAGT,N246S,1,1
-6.69,4.208,CTAGACATGTGATTGG,E123N,1,1
-6.69,1.403,CTGCAAATACCATCAC,,0,0
-6.69,4.208,CTGTTTTGAGAAGGAA,G465Q,1,1
-6.69,4.208,CTTCTAAATTAATGTC,D366P,1,1
-6.69,0.8417,GAACTATCTAAAATCT,T313R,1,1
-6.69,4.208,GACCAAACCCATAATT,Y412Q,1,1
-6.69,1.403,GAGATAGCTTCCACTT,P254W,1,1
-6.69,4.208,GAGCTAATGAGAAAAG,P239W,1,1
-6.69,4.208,GCACTACTGAGTCCAA,M346I R383I F399L,3,3
-6.69,1.403,GCTGAAACTATTTGCG,V26S A272S N389S,3,3
-6.69,4.208,GCTTACGTTTAAAGCA,E460C,1,1
-6.69,1.403,GGATACAACACTATAA,L70R K238C,2,2
-6.69,4.208,GGTCCGCAGGAATAAA,H471P,1,1
-6.69,1.403,GTAACACCGACAAACG,I230P,1,1
-6.69,4.208,GTCCTTATTGGTCCGA,D68L,1,1
-6.69,4.208,GTGACAGCCATACCAA,E35R D175N L431D M444I,4,4
-6.69,4.208,GTGTTGTTTCTGAAAA,A365N,1,1
-6.69,4.208,TAAAATTACCGCACTA,T440H G504V,2,2
-6.69,4.208,TAAAATTATACCAAAG,A334Q,1,1
-6.69,4.208,TAAACGGTAGAATTAG,A317Y,1,1
-6.69,4.208,TAAATGATAGCACAAA,,0,0
-6.69,4.208,TAACGTAGTCCCATAA,R109G,1,1
-6.69,4.208,TAAGCAAATAGTGATC,N190Q S422Y,2,2
-6.69,4.208,TAAGGCTCTTCCAAAA,N458F,1,1
-6.69,4.208,TATAATATTCAAGACG,C52H T313M,2,3
-6.69,4.208,TATAGCAAATAGGAAT,W234*,1,1
-6.69,4.208,TATATTATTTAGAACC,L367N,1,1
-6.69,4.208,TATCAAGACTCTAACT,N322Q,1,1
-6.69,1.403,TCGAAAAAATTTTAAT,K176R,1,1
-6.69,4.208,TCGGATTAAATAAAGT,N190R K238N,2,2
-6.69,4.208,TGGGTACCAACCTCAA,A372F,1,1
-6.69,4.208,TTAAATACTGCAAGAG,S231A H355R,2,2
-6.69,4.208,TTAAATATACCAAAAC,L154K,1,1
-6.69,4.208,TTCCTCCTATCCATCA,G333D V429N,2,2
-6.69,4.208,TTGCCCTATACACAAG,E123W,1,1
-6.69,4.208,TTGTAACGGGGATAAC,G333Q,1,1
-6.695,0.6012,CACTTAGAAATCCTAT,V204W,1,1
-6.695,0.6012,TTAAGTTGCCACTGTA,A113V E280F,2,3
-6.697,0.8417,AAAAACACTCCAAGTT,A365T Q371V,2,2
-6.697,0.2806,AAGAAATTAAAACAGC,V43M,1,1
-6.697,0.8417,TTATACCCAGTAATAA,I252F,1,1
-6.699,0.2215,AAGGAATTGCTTCACA,P99K,1,1
-6.699,0.2805,TTAGTCATACTAATAG,W127V,1,1
-6.699,0.6012,TCCGCTTTTTCTTTGA,E460D,1,1
-6.7,0.3237,ATCTTCCTTTAATACT,V36A,1,1
-6.701,1.403,AACATTGTCAAAAGTG,G61K,1,1
-6.701,1.403,AATGTTTATGCAATTT,R456K E457K N458S,3,3
-6.701,1.403,AGTCATAGCGATGAAT,L71T N483G,2,2
-6.701,1.403,CCGACTGTACTTACTT,T283Y,1,1
-6.701,1.403,GGACACATTTCATACA,K276G Y351G,2,2
-6.701,1.403,TTAGGCGGTTGGAATC,G337W I478L,2,2
-6.702,0.3237,ACCAGCTAAAAGTCTA,S422Y,1,1
-6.703,0.04951,CGCTACAAAAATTCCA,I226R,1,1
-6.703,0.8416,TCTATTGGCATTAGGA,G337Y,1,1
-6.704,0.4676,CACGACCTATTTCCTG,W234N,1,1
-6.705,0.3237,CTTCGCCCACCCGCAT,I202D,1,1
-6.706,0.1137,CCTAAATATACCGCCT,L86C N424I,2,2
-6.707,0.1137,GTAAGATATTGGACTA,I226H,1,1
-6.708,0.4675,CAATAAGTCCAGCCCA,A11G G218I,2,3
-6.708,0.6011,AATCAATAAACAACGT,E390K E398K,2,4
-6.709,0.2215,GTCAAAAAACTACTCT,Q164E,1,1
-6.709,0.8416,AAATATTTGAAGTTCA,S47I V309S,2,2
-6.709,0.8416,TCAAAAGGACACTCAC,R201L G218D,2,2
-6.71,0.3237,AACCCTGACCGTTCAG,S193C Q371K,2,2
-6.711,1.403,AAGCACACTATAAAAA,L66D L108S,2,2
-6.711,1.403,ACTATATAAACATGAG,G349W,1,1
-6.711,1.403,CAATAGCAACACGTAA,N152W N497S,2,2
-6.711,1.403,CAGTACATAAATGCAT,N322V,1,1
-6.711,1.403,GGAAATTATGCAGCAA,A93I L314N,2,2
-6.713,0.6011,GTTCACAATTTTAATT,L66C,1,1
-6.714,0.3237,ATAGGCCAACAGAGGC,E414K L428E,2,2
-6.715,0.8415,CAGCCTAGCGAATCCC,R492D,1,1
-6.715,0.8415,CTGCGACGAACCTCTT,L194G,1,1
-6.715,0.8415,GGGAAATTATTATGAA,R224L,1,1
-6.716,0.2004,ATCATTGGTATCAGGA,G249P,1,1
-6.717,0.2805,GGGATCTCACTTACGA,D186N T235H,2,2
-6.722,1.403,AAACAACCCTGAGATA,I179N,1,1
-6.722,4.207,AAACTAATATCAAAGA,Y351P,1,1
-6.722,4.207,AAAGATCCGAGTTATC,T248M N497A,2,2
-6.722,4.207,AAATAAACTTTAAAGA,C466G,1,1
-6.722,4.207,AAATATAGCAAACTAA,S270I R492Q,2,2
-6.722,4.207,AACAGGAATAACTCTC,T370C,1,1
-6.722,4.207,AACATACTTCAAACCA,Y98G Q501W,2,2
-6.722,1.403,AACCACAGTACGCACT,T155P P306I,2,3
-6.722,4.207,AACCATTTTTTAACAT,M268R,1,1
-6.722,4.207,AAGAAAAAACGTCAAT,L86H,1,1
-6.722,4.207,AAGTTCCTACCCAGGA,Y302E,1,1
-6.722,4.207,AATAAACTCCATAAAG,L316F V429A,2,2
-6.722,4.207,AATAACTTATCCGAGA,L42Y S270R S442A,3,3
-6.722,4.207,AATACTGCCAAGCAAA,N38I W343*,2,2
-6.722,4.207,ACAAACTAGCATATCA,I51N,1,1
-6.722,4.207,ACAACTTTACCATTGC,N458E,1,1
-6.722,1.403,ACAATATCAGATCGAC,A138D,1,1
-6.722,4.207,ACTAACGGCCCTAGAA,N357E,1,1
-6.722,0.8415,ACTATGGTTCAACAAT,A11E,1,1
-6.722,4.207,ACTTAAATGTAAAGTT,A430W I478Q,2,2
-6.722,4.207,AGACAGTAAGCCCTTC,L70P A106Q,2,2
-6.722,4.207,AGATATCGATATACAC,D7A V309P,2,2
-6.722,4.207,AGCATCCTGAATTCAA,T203M,1,1
-6.722,4.207,AGCATTAGATCTTTTA,D175H,1,1
-6.722,0.1683,AGTATCAGATAAAATT,L15H,1,1
-6.722,4.207,ATAAACGAGCAAACAC,N290P G349E,2,2
-6.722,1.403,ATAACCATACCAGGCA,R229I G275E W350*,3,4
-6.722,1.403,ATAATCGAACTTGTTT,W84V,1,2
-6.722,4.207,ATATATCTAAAAATAC,G5V Y178R,2,2
-6.722,4.207,ATCAAGGAGAAGCACC,N63C N246D,2,2
-6.722,4.207,ATGCGCTAAACCATGA,I418K A430T,2,2
-6.722,4.207,ATTTCCATATTTGCAA,Y308S,1,1
-6.722,4.207,CAAATATTTATAGCAT,G345Q,1,1
-6.722,4.207,CAACCTCTGATCCAGA,P254G,1,1
-6.722,4.207,CAAGTTCTAAAGTACT,L59G,1,1
-6.722,4.207,CACATCACTGTTATTT,E340A,1,1
-6.722,4.207,CACCGTTGAAACGCTA,A365H,1,1
-6.722,1.403,CACTTAAAGCAATCAA,S266C P284G,2,2
-6.722,4.207,CCAAGTTTATATACTT,Y486T,1,1
-6.722,4.207,CCGCAAGTCTTGAGTA,L194S,1,1
-6.722,4.207,CCTTATTCATTACCTT,V204E,1,1
-6.722,0.8415,CCTTCCAGATACTCAA,P185G S378H,2,2
-6.722,4.207,CGATAGAAAATCCCAC,F120I,1,1
-6.722,1.403,CTTTTCTATTAAGGAT,V130K,1,1
-6.722,0.8415,GAAAGATCTATATAAT,I331H,1,1
-6.722,4.207,GAACCATACTAAAAGA,T40L N475C,2,2
-6.722,4.207,GAAGCCCCGAATACAA,A495N,1,1
-6.722,4.207,GATACATTGTTAAGTT,E41F,1,1
-6.722,4.207,GATGCCCATAATATAA,P74T Q211P,2,2
-6.722,4.207,GCCATCATTGACAATC,D241G K453S,2,2
-6.722,4.207,GTCATACATGAAACAA,R307K D348P,2,2
-6.722,4.207,GTGCGAAGCTACCACC,G275P,1,1
-6.722,4.207,TAAACAATACTATCAA,S136I E414N,2,2
-6.722,1.403,TAAAGTATGCCGACAT,S47F C139E,2,2
-6.722,4.207,TACAGGAAAATAAATA,W343Q M444I,2,3
-6.722,0.3825,TACATGAGAAAGCATA,I245Y,1,2
-6.722,4.207,TACTGTCCCCTTGATT,G240I,1,2
-6.722,4.207,TAGCATAGCCCTAAAT,L177H,1,1
-6.722,4.207,TAGTTCCAGGAATAGC,L409P,1,1
-6.722,4.207,TATATGAAAACTACAA,N322G,1,1
-6.722,4.207,TATGACATTGGAATTA,T203Y G333H,2,2
-6.722,4.207,TCGATTAAACCGAGAA,Y486P,1,1
-6.722,4.207,TCTCAATGTCAAGAAA,E172N N433T,2,2
-6.722,0.3825,TGAAATTATAATTATC,P185S L431S,2,2
-6.722,4.207,TGAACCGGTCGAACGT,T451P,1,1
-6.722,1.403,TGAGTTTTCCTAGAAT,K2N Y257R,2,2
-6.722,4.207,TGCTGCTTTGAAATTT,T451C,1,1
-6.722,4.207,TGGACAATACTAAATT,L314S,1,1
-6.722,1.403,TTACACAAATATTCTA,D68E N298F,2,2
-6.722,0.8415,TTTATCTAGTAATGTC,S228H,1,1
-6.722,4.207,TTTGATCTAGAAAGAA,G72P,1,1
-6.726,0.0765,CACAAAAAAGAGTCGG,T235G,1,1
-6.728,0.8415,CGGATTAAGAAACAAA,F147L R482W,2,2
-6.728,0.2805,TCATAGCCTGTAGATT,L316C,1,1
-6.729,0.4675,ACCAACGGTAATTTTG,A495L,1,1
-6.729,0.07381,GGTTAGTCTTAACAAA,A113E,1,1
-6.73,0.2805,GTACACTTAGATACCA,R482N,1,1
-6.73,0.601,CCATGTAAAATCTTAA,I469R,1,1
-6.73,0.601,CCCAATTGATTCTAAC,Q210P,1,1
-6.731,0.2214,CAAAGGCACCCCATAA,W421E,1,1
-6.732,1.402,AAGCAAGCCGCATTAT,F195D E344H D415N,3,4
-6.732,1.402,ACTATCCGGAAATTTA,G23*,1,1
-6.732,1.402,AGAACCTATTGTTTCA,I478T,1,1
-6.732,1.402,AGAATGCAAAAATAAT,A253T,1,1
-6.732,1.402,ATGAAAAAAGAGCTAA,E340Q,1,1
-6.732,1.402,CCCTCAATAGTCAACC,S96Y S287W,2,2
-6.732,1.402,CCTTCAAGAACAACAA,D104F G116E G240V E403K,4,4
-6.732,1.402,GAAATACGATGTTTCC,W153I,1,1
-6.732,1.402,GAACCCCAACCCATAC,L151N,1,1
-6.732,1.402,TCACTACATAGAGACG,Q434F,1,1
-6.733,0.3825,AAACAATTTAGAGAAT,H183K,1,1
-6.734,0.3236,TTGCTTACACCTTTCG,E457K,1,1
-6.734,0.8414,GATGTTGGCAGATGCT,S228N I230F,2,2
-6.734,0.8414,GGGGCTATCTACAAAC,E460D,1,1
-6.739,0.1829,CAAGAACCAAAAGGCA,I245A,1,1
-6.739,0.601,GTTTAAAAGCTTTCCG,I202Q,1,1
-6.74,0.8414,ACCCCCCTCCATGTAG,T370R E403K,2,2
-6.74,0.8414,CCATAATGTACAATAC,T283I,1,1
-6.74,0.8414,GCATCATAAAAACGTA,E426C,1,1
-6.742,0.2475,AGTCTGCAAGACTTGT,S228L,1,1
-6.742,1.402,AACCTCATAGTAAACA,S266T P293S A365T Q394*,4,6
-6.742,1.402,AATTACTAGTCAATGC,Y351C,1,1
-6.742,1.402,ACTTCAAATCAAACAA,Y178W,1,1
-6.742,1.402,AGACGTCAAATTATGC,F467E,1,1
-6.742,1.402,ATACTATATATAAGGA,S115N,1,1
-6.742,1.402,CCTAACTTTAGAGATT,R329Q E484R,2,2
-6.742,1.402,GAACCGTTCTCATACC,R329T,1,1
-6.742,1.402,GCCTTCTCGAAATATA,L71A R141T,2,2
-6.742,1.402,TACCCTTACTATGTAA,Q434C,1,1
-6.742,0.4674,TCAAGCGTAGAAATCT,A317H,1,1
-6.742,1.402,TGATCCCGAATGAATT,K27T S266F P284* R321P F399H,5,5
-6.744,0.3824,AGGGTAGGCATATAGA,A11S F195L,2,2
-6.746,0.8413,CGTATCAAAATCCAGA,S369N,1,1
-6.746,0.8413,GAAAACACCTCTTATA,F448E,1,1
-6.746,0.8413,TCAGAAGTATTATTCA,S193M,1,1
-6.747,0.3824,CCAATGACACAGAGTC,M346A,1,1
-6.75,0.3824,AAACTATGCGTCGACT,S228V,1,1
-6.75,0.2804,GTAGGCGATCTGTATT,F125L S262I,2,2
-6.751,0.1829,ACCTACTCATCCAAAT,F195C,1,1
-6.752,4.207,AAAATCTCAAATGACA,D241V,1,1
-6.752,4.207,AAAATGTAAACCCATT,V429H,1,1
-6.752,4.207,AAATCTATGTCAACTT,N250C,1,1
-6.752,4.207,AAGGGGGAATCATTAA,I34G G330T,2,2
-6.752,4.207,AAGTCGAAAAGAGCAT,G72K E340I,2,3
-6.752,4.207,AATAAGCCTCCAAAGG,F353K,1,1
-6.752,4.207,AATACACGACCATTTC,D60W E414K,2,2
-6.752,4.207,AATCACAAAATCTATA,E432K,1,1
-6.752,4.207,ACACCATAGTATATAA,G349I D415N E449K G465E,4,5
-6.752,4.207,ACATAATAAGAACCTA,A138L,1,1
-6.752,4.207,ACCATAATCGCTCGGG,F120L,1,1
-6.752,4.207,ACCGGCAATACAATAT,T283M L381K,2,2
-6.752,1.402,ACGAAGAGTTCATATG,L118P,1,1
-6.752,4.207,ACGCAATACATTTTTT,T318G N483V,2,3
-6.752,4.207,ATAAGATACATGAATG,G249Q,1,1
-6.752,4.207,ATACAAAAAAAAAAAA,R92F E340K R405Q,3,3
-6.752,4.207,ATCGCATATGCGAGCT,Q164E,1,1
-6.752,0.8413,ATCTAACGAAGTTTAT,G134I A430L,2,2
-6.752,4.207,ATCTGAAACCCTGCTT,V36N,1,1
-6.752,4.207,ATGATACATAATGAAT,I502K,1,1
-6.752,4.207,ATGATTCAGAAGCACT,Y100D,1,1
-6.752,4.207,ATTACTTACCCAAAAA,P254L,1,1
-6.752,1.402,CAAAATGATAATTCTT,V102G,1,1
-6.752,4.207,CAAACGTAAATCCATT,V429P,1,1
-6.752,4.207,CAAAGAATTCGTATAC,L427D,1,1
-6.752,4.207,CAACTAGGTAGTATCT,G72S C477W,2,2
-6.752,4.207,CAGTACTTGAACGTTT,R499S,1,1
-6.752,4.207,CAGTTTTCGTAATGTA,R261L C277* F332L I502W,4,4
-6.752,1.402,CATGGTCATCCTGGTA,F120S T440R,2,2
-6.752,1.402,CATTCTGTCAATCATA,I502W,1,1
-6.752,4.207,CCTACCACATGGGAAT,Y308R,1,1
-6.752,4.207,CCTATCGCGCAACGGC,G333K,1,1
-6.752,4.207,CCTTAGCTCGAATCAA,E344C I502T,2,2
-6.752,4.207,CGGCGGATGACGAGAA,D419F E460K,2,2
-6.752,0.6009,CTGGGCCATAAGTCAA,Y233V H488Y,2,2
-6.752,4.207,CTTTCGACCGCACCCA,L177E,1,1
-6.752,1.402,GAAAGTGACAACTTTA,F500R,1,1
-6.752,4.207,GAAGTTCTCGTGCTCG,W350*,1,1
-6.752,1.402,GAATGGCACACAAGTT,T370M,1,1
-6.752,4.207,GGCAAACAATAATAAA,C139R M320N,2,2
-6.752,4.207,GGCATCATATATTTGA,L316S,1,1
-6.752,4.207,GGTCAACGTATCAGGT,C466M,1,1
-6.752,4.207,GTAAACCAGCACGAAC,I437P,1,1
-6.752,4.207,GTGTGACTGTACTCCA,Y491M,1,1
-6.752,4.207,TAAAAGATATGATACT,E35Y G345D,2,2
-6.752,4.207,TAAAGACCCTTACTCT,G249E,1,1
-6.752,1.402,TAACAATAGTGGATTC,F294G,1,1
-6.752,4.207,TAATCCTCCTACTGGC,N483V,1,1
-6.752,4.207,TCAATATACGCATAAA,G352D,1,1
-6.752,0.8413,TCACAGTTCGAGGAGA,L194E,1,1
-6.752,4.207,TCCAAATATAGAGACT,D68V,1,1
-6.752,4.207,TCCACCGCTCAAGGAA,,0,1
-6.752,4.207,TCTCAACAGCACTCTT,F258A,1,1
-6.752,0.3236,TGTAAACAATAAATCA,S115D,1,1
-6.752,4.207,TTCACAATTACATAAT,W180T,1,1
-6.752,4.207,TTTAACTAGTTTACTT,Y308W M444I,2,2
-6.758,0.8413,ATAGCCCGTCAAACAA,D85P,1,1
-6.758,0.2804,ATCTTCACACAGGACT,I245Y,1,1
-6.759,0.1357,ATACATGCATGTTCTA,F195G,1,1
-6.761,0.3824,ACTCAACAGAAGTTAT,T235R,1,1
-6.761,0.3824,CTAGTTTTGTAAAACA,R109M D175Q,2,2
-6.761,0.3824,TTATGGAGTCTCATGC,I288S G386E,2,2
-6.762,1.402,ACAAATGCTATTCATA,A459F,1,1
-6.762,1.402,ACACACATTTAAAACA,G362T,1,1
-6.762,1.402,ATCCGGATCGCCAAAT,F332W,1,1
-6.762,1.402,CATTGATTAAGATCGC,Y100H Q173W,2,2
-6.763,0.3824,CCATTAGGTGTCTGGG,T206D,1,1
-6.764,0.8412,AAAACATTGAATAACA,L316C,1,1
-6.764,0.8412,ATGAAAAACTCAGAGT,L316R,1,1
-6.764,0.8412,CACTCGGCACAATTTT,D7Q A336V,2,2
-6.766,0.3235,TATTTCCTAATTCATA,L496S,1,1
-6.769,0.3235,GCCAGACCATTCGAAC,T37F,1,1
-6.77,0.6009,AACAAAGAACATCTTA,E340Y,1,1
-6.77,0.6009,TGATTGTTTCGAAAAC,E432I,1,1
-6.77,0.8412,CATCGATAACAGTTAT,N458G,1,1
-6.77,0.8412,CTAAATCAATAGCGTC,G181Y Q363C,2,2
-6.77,0.8412,TACTAGGCATTGACTG,W343A,1,1
-6.771,0.2214,ACTCAGGCTATTTCAC,N152M,1,1
-6.772,1.402,ATACTCTCCAGACACG,A336D,1,1
-6.772,1.402,ATATTTCAAATGCATG,A113E,1,1
-6.772,1.402,ATGACAAACTGAAAGA,T436Q,1,1
-6.772,1.402,CGGTCAGTATCTCATT,F125V,1,1
-6.772,1.402,CTCTTGCCGCTGAAAC,D188Q W421S,2,2
-6.772,1.402,TACCACCAAGGGCACA,I245D,1,1
-6.772,1.402,TTAAGCTGCCGGGAGA,Y302Q,1,1
-6.772,1.402,TTACCCCCGTACTTGG,Q407R I481C,2,2
-6.772,1.402,TTGCAGACGTCACGAA,L154W,1,1
-6.773,0.2214,ACTTGAGCTTGAATCG,W234N,1,1
-6.773,0.3235,TACTTAGAATGACATC,L194V,1,1
-6.774,0.6008,CGATGATTTGAACTTA,G360H,1,1
-6.775,0.2474,TTGATTATGTGGTTCA,G116R,1,1
-6.776,0.8412,AAACATAGACAACACT,D415M K450E,2,2
-6.776,0.8412,ACACAGCTAATAATCT,Y98C,1,1
-6.776,0.8412,ATTTACATAAATCTAC,C97G N475K,2,2
-6.776,0.8412,CCAAACTACAGCATTC,S228R,1,1
-6.777,0.3823,CAACTTAGGTATCCGA,Y105I A317D,2,2
-6.778,0.3235,ATGAAATCACCTATCA,G129C F392*,2,2
-6.778,0.6008,CTTCCGGGCGACATGA,R492H R499I,2,2
-6.779,0.4673,TATCGTCAGAACACAG,G218T,1,1
-6.78,0.1682,GGTCACCTCTACACCC,N389Y,1,1
-6.78,0.3235,ATGCAACCAATTAAAC,A253D,1,1
-6.782,4.206,AAACACATAAAACGGA,Y423R,1,1
-6.782,4.206,AAACAGAATAACAATC,G286I,1,1
-6.782,4.206,AACAGAATTACCTTTC,L71A W84E,2,2
-6.782,4.206,AACTAAATTTTATAGA,,0,0
-6.782,4.206,AACTAATTTCGGGTAC,T485P,1,1
-6.782,4.206,AATAACTAACTGTTAA,M346D H435W,2,2
-6.782,4.206,AATCAATACAAAAAAT,F148P N322A,2,2
-6.782,4.206,AATGCTTTGATAAACA,M320T,1,1
-6.782,1.402,ACATGTTATCATATCT,K82R V309P,2,2
-6.782,4.206,ACCTTCATACAAACTA,D271C,1,1
-6.782,4.206,AGACATTAGCAAGACA,D241A G362D,2,2
-6.782,4.206,AGCGACTGTCTCATCA,T10Q L177E F392G,3,3
-6.782,4.206,AGGTCCGCACAATGTT,S46R G386R E414G,3,3
-6.782,4.206,ATAGCTGAGAATCATA,Q173F Y412N,2,2
-6.782,4.206,ATATTATGAAGTTTGA,R109P,1,1
-6.782,4.206,ATTAACACTAAAACTA,F192S,1,1
-6.782,4.206,CAAACAATCAATATCA,,0,1
-6.782,4.206,CACCATAAACAGTAGT,N38D L154A G386E,3,4
-6.782,4.206,CATCGTGGATCATCCC,,0,0
-6.782,1.402,CATGATAATAGTCGTA,V204E,1,1
-6.782,1.402,CATGATCGACTCAACG,D186K,1,1
-6.782,4.206,CATTCTCTAACTCTTC,A212T H471L,2,2
-6.782,1.402,CCCTCCAGGTGTATCC,K176E,1,1
-6.782,4.206,CCTAGATCCCGACAAA,V204W,1,1
-6.782,4.206,CGCCTGCGGCAGAATT,D7L A336T,2,2
-6.782,4.206,CTAAAAGAGTGGGGTA,W84* T416F,2,2
-6.782,0.8411,CTCTCATCCAACTCCG,R222P D461K,2,2
-6.782,4.206,GAAAACCCCAATTCTC,Q311N,1,1
-6.782,1.402,GAAATCACAGTAACTC,I437T,1,1
-6.782,1.402,GAACATCATCCTCAAT,I331T F338R,2,2
-6.782,4.206,GAGGGTAAAGAAGACG,K171T A334T,2,2
-6.782,4.206,GATAAAACAAGTTTTG,,0,0
-6.782,4.206,GCATTGGATATCTCGA,F294G,1,1
-6.782,4.206,GCCGCTGCTTACACGA,I232Q,1,1
-6.782,4.206,GCTAAACACCTGTAGC,C76R A317F,2,3
-6.782,4.206,GCTATACGGAAACTCT,L108K,1,1
-6.782,4.206,GCTCAATCACGTCGAA,V323G,1,1
-6.782,4.206,GGAACACATTAAATAA,V26P N246K,2,2
-6.782,4.206,GGCACGAACATGAATC,T318F,1,1
-6.782,1.402,TAAAATAGCATACTCA,G333C,1,1
-6.782,4.206,TAAAGTAAACTAAGTC,I282C E460H,2,2
-6.782,4.206,TAAATAAGTCTACTAA,G61Y A69S Q356L,3,3
-6.782,4.206,TAAGTGAAGGGTCGGT,S136E,1,1
-6.782,4.206,TACAAAAACATGATAA,K131R A425D,2,2
-6.782,4.206,TAGAGGTTCACGCGAT,A196I H488C,2,2
-6.782,4.206,TATAATTCCTTATTCT,K176V,1,1
-6.782,4.206,TATTGCGTAACTAAAG,L151A,1,1
-6.782,4.206,TCAAACGATTACTCCG,D366H T440Y,2,2
-6.782,4.206,TCATAACCATGTGTCT,P55V,1,1
-6.782,4.206,TCATAATAGTCACTAC,C14F G49E,2,2
-6.782,4.206,TGCCGTCATACACAAC,L70W,1,1
-6.782,4.206,TTCCGGTAGCCTAAAA,T318H,1,1
-6.782,4.206,TTGATGATTATAGACG,I377A,1,1
-6.782,4.206,TTGCGTCCCGATCTAA,N170C G333S W421K,3,3
-6.785,0.3823,TTAAAGTGGATCACAT,G78M E83D G249K,3,3
-6.788,0.2474,TACATTTAGTAGTATG,V204Y,1,1
-6.788,0.8411,AACCCACTAATAATAT,L71R,1,1
-6.788,0.8411,AATCATGTGATACTAA,A495R,1,1
-6.789,0.4673,ATTTCCCGAATAAAAT,F174L E432Y,2,2
-6.791,0.6008,CTAGCCACCAAAAGTC,W153I,1,1
-6.792,0.2213,CTATCCCAATGTAGTC,G249V N489C,2,2
-6.792,0.4673,ACCAGCACTGCGACCG,F332P,1,1
-6.792,1.402,GAACATTGTGGCACTC,F174P,1,1
-6.792,1.402,GTGATAACTTCACATA,Y302C,1,1
-6.792,1.402,TGCGCACAAAAGTAGG,A317Q,1,1
-6.794,0.3235,CAATAAATATGCAAAA,G16S Y161F,2,2
-6.794,0.8411,AAATCCGGTAGACAAA,G342S,1,1
-6.794,0.8411,AACAAAATACATTTAG,F79R A495V,2,2
-6.794,0.8411,CCGTATAATGACTACT,D241M,1,1
-6.796,0.08582,GGAAAATTAAACATGG,H183W,1,1
-6.799,0.3823,GTTAAGTCAAAGACTT,A334F,1,1
-6.799,0.4672,GGACTCGCACAATTCT,K176S,1,1
-6.799,0.4672,TCAGATCAAACATGTG,K131W P169T,2,3
-6.799,0.6007,AGTAAGTACATCGTTC,Y423Q,1,2
-6.799,0.6007,CACTTGAACGTATACA,T235K N498M,2,2
-6.8,0.841,AAGTCCGAATAACAAA,G16S V43K Y491W,3,3
-6.8,0.2803,TAGTCTATAGCTCATT,V237M L367R,2,2
-6.802,1.402,ACAGCACGAATTGAAA,I331D,1,1
-6.802,1.402,ATATGTACCCAAAAAA,N170G,1,1
-6.802,1.402,ATCATGACATAATCAT,V223P E410Q,2,2
-6.802,1.402,CAAGCCAAATTTACAA,G303Q,1,1
-6.802,1.402,GCTACAACTAATAAAA,Y423K,1,1
-6.802,0.4672,GGATAAGAAACTGTCC,R261A P293H S400A,3,3
-6.802,1.402,TCTAAGATACGGCTCG,V237D,1,1
-6.802,1.402,TGCTGACAAGAACAAT,N6Q F332K F353A,3,3
-6.802,1.402,TTTTATGAACCTTGAG,M168G,1,1
-6.803,0.2474,CTAGAAGGCCTGGCTC,I339A,1,1
-6.806,0.841,AAATTATAAAATTAAT,L108N K292F,2,2
-6.806,0.841,ACTAAAGTTAGAAAGA,S287H,1,1
-6.806,0.841,TATACAATAACCTTAA,L194F,1,1
-6.807,0.3823,ACAGACTGGTGTCCAT,D441I,1,1
-6.808,0.6007,GATTGAAATCATTAAT,C64L,1,1
-6.808,0.6007,TCAGAGGGGTACGAAA,L409W,1,1
-6.812,1.402,AAAAACCAAACCCATC,T12G,1,1
-6.812,0.2803,AAAAATTTCATCGACA,E426C,1,1
-6.812,4.205,AAAAGACAAAGAAACT,L13P,1,1
-6.812,4.205,AAAATAACATCGAATG,V237G,1,1
-6.812,1.402,AAACAGGAACGAAATA,T451F,1,1
-6.812,4.205,AACACTTTTCCACATT,T30V C477M,2,2
-6.812,1.402,AACAGCAAATCTAGAT,G78V L108G,2,2
-6.812,4.205,AACTTCCAATACAACT,L151G S265R,2,2
-6.812,4.205,AAGAAATAACTGTTTA,G142W V413N,2,2
-6.812,4.205,AAGACTCCATAATAAA,S193V,1,1
-6.812,4.205,AAGAGTAATGAAATAA,C477R,1,1
-6.812,4.205,AAGTAAAGCCTCTTAA,K176G T436Y,2,2
-6.812,1.402,AATCTCCAACCCCAAA,N246I,1,1
-6.812,0.841,ACCCATAGGTTAAATA,S369R,1,1
-6.812,1.402,ACCTTGGTCCGGGTCT,Q454D,1,1
-6.812,4.205,ACTAACTCACGGATCC,C139F,1,1
-6.812,0.841,ACTATCGACATTGCAA,C76H V429C,2,2
-6.812,4.205,AGATTTACACCATAAA,C305S,1,1
-6.812,4.205,ATAAAAAATTTAGCAT,L439G,1,1
-6.812,4.205,ATAAATTAAGCTATTC,R329E,1,1
-6.812,4.205,ATTAGAAACAGTAGAT,T128C K472L,2,2
-6.812,4.205,ATTATCATATAAGATC,M346Y Q376*,2,2
-6.812,0.841,ATTCACACTGCTTTTA,I226T,1,1
-6.812,4.205,ATTTGTACCCCGTAAT,F148M,1,1
-6.812,0.841,CAAAATATACGCAAAT,F125E Q407*,2,3
-6.812,4.205,CAAACGGGTCGTAAGA,C466P,1,1
-6.812,4.205,CAATAGGCAAGCCAAA,D104I,1,1
-6.812,4.205,CAGAAAGAAAGATCAC,S144M Y423P,2,2
-6.812,1.402,CCCCACATCTAAAAAC,G319D,1,1
-6.812,1.402,CCTACGGTCCTTCCAT,G463C,1,1
-6.812,4.205,CTACGAGCTAACACAT,V26M M444E,2,2
-6.812,4.205,CTCACCCTATTTAGAA,M268A,1,2
-6.812,4.205,CTCAGAATAGTACAAA,W84C Q197P,2,2
-6.812,1.402,GACTCCTGGTCCACAC,G319E,1,1
-6.812,4.205,GAGAGAGCGATAATAG,N458Q,1,1
-6.812,4.205,GCCTTGGAAAATCAAC,K326F Q434R,2,2
-6.812,1.402,GCTTTTACCTTTAGGA,F79V Q311N,2,2
-6.812,4.205,GGCACACGAGCATAAC,W421K,1,1
-6.812,4.205,GGGAATAATCCGTAAA,,0,0
-6.812,4.205,TAACTCTAAACACATA,T203I G275R,2,2
-6.812,4.205,TACAAACCTAAAAAAT,W84M,1,1
-6.812,4.205,TCGAATACCACAAACT,M346T,1,1
-6.812,1.402,TGCTTTGATTCACAAA,L59S G62E D348N,3,6
-6.812,4.205,TTAATCCATTCAAATT,A113P R220L,2,2
-6.812,1.402,TTCCTGGACGGACAGT,K397P,1,1
-6.812,1.402,TTCTAATACCCGGCAT,D408K E410*,2,2
-6.814,0.2803,CGTTTTTCATCGCCAA,W127M,1,1
-6.814,0.3234,AAGATAAAATTCTCTA,V102K L314Q,2,2
-6.814,0.3822,ATCCACCCCAACCATG,L439A D441Y,2,2
-6.818,0.8409,ACTTTAATACCCAACA,I25W L177S S266P T283L,4,4
-6.818,0.8409,AGGCAAACACGAACAG,G62N D366H,2,2
-6.818,0.8409,ATAGTAGTTAATCACC,V43A,1,1
-6.818,0.8409,TCCTAATATGTGTCCC,V102F E398K,2,2
-6.82,0.3822,ACCTCCTCACTGACGG,I230C,1,1
-6.82,0.6007,CACACAAAAGTGAATC,W127V,1,1
-6.82,0.6007,TAATTGGTCTCATTCA,T203M,1,1
-6.822,1.402,ATAACAAACACATTAC,S137E D438F,2,2
-6.822,1.402,CACAAAATATGATGTA,I335T,1,1
-6.822,1.402,GTTTAGAGGTAATTTC,R499H,1,1
-6.822,1.402,GTTTGCACTTACGGTA,I437P,1,1
-6.822,1.402,TGGAGAAATATTTCAC,G360M,1,1
-6.822,0.4672,GCCAAAATCTCCAACC,G218S R261Y C281P,3,3
-6.822,0.3822,CCCAGAGACCCGAAAA,T416W,1,1
-6.825,0.3822,GAACAAATTCGTCTAA,P74T,1,1
-6.828,0.6006,AAGAAAGGTGGATGCC,L496A,1,1
-6.831,1.401,AGAACATACCCAAAAA,S422P,1,1
-6.831,1.401,CATATGCTGTTGCAAC,T117G E457Y,2,2
-6.831,1.401,CCTAAATTCTTCCCAA,A334I T416A,2,2
-6.831,1.401,TACACAGACAGCCCAA,Y491C Q501W,2,2
-6.831,1.401,TCCTAGTAAATAATGC,F467R,1,1
-6.832,0.2473,TACCCGTCGCTACGTA,E119S L367M G463C,3,3
-6.834,0.2473,AAATAATTTAGGACAT,S193E,1,1
-6.835,0.8408,ACAACCTTCCTTCTCC,K397E S422N,2,2
-6.835,0.8408,TCTCCAGAGAGTACGA,M320D,1,1
-6.835,0.8408,TTGCTATGTAAAATGT,T370F,1,1
-6.836,0.1356,CCCCAAAGGAGTATCA,T451Q,1,1
-6.84,0.1557,TTATTGCCAGCCGGTT,F338Y,1,1
-6.841,4.204,AAAACAAATGCCCAAT,F258K,1,1
-6.841,4.204,AAAACTATAAACTCAA,S205G Y351I,2,2
-6.841,4.204,AAACTTTCCTGAGAAC,G72W,1,1
-6.841,4.204,AACGTCAGCGCAAGAA,T155N L420E,2,2
-6.841,1.401,AAGAAAAAGTGAATTA,I339Q,1,1
-6.841,1.401,AAGAAACAACAAAAGA,V130F M444H,2,2
-6.841,4.204,AATAGACAACATAGGC,M320G,1,1
-6.841,4.204,AATCCTAAAATACAAC,Y486S,1,1
-6.841,0.8408,AATGTAAAACAATGCA,W421E,1,1
-6.841,4.204,AATTGATTACAGAAAA,S422R,1,1
-6.841,4.204,AGATCATACTCTACCC,G345F,1,1
-6.841,4.204,AGCACTAAACGAATCA,S228C,1,1
-6.841,4.204,AGTAACATGATATTTC,I34G,1,1
-6.841,4.204,ATAAAATAAGTAATAA,S47V R499I,2,2
-6.841,4.204,ATAGAACGCAATAGAA,A19G D101L K397D,3,3
-6.841,1.401,CAACCCACTAATAGCA,M346E,1,1
-6.841,4.204,CAATAAGCAATCTGGC,G303D,1,1
-6.841,4.204,CACCAAAGACAAACCT,W421C,1,1
-6.841,1.401,CATGCTGCTAAAGTAA,F338A,1,1
-6.841,4.204,CCAAAACAAATATCCT,P169S Y257M,2,2
-6.841,4.204,CCACGCAGATATAATA,D461G,1,1
-6.841,4.204,CCCCTACAAACTAAGA,L194E W421*,2,2
-6.841,4.204,CCTATAATAGCCAGGA,A334E,1,1
-6.841,1.401,CCTATATAAAACAAAT,D438R,1,1
-6.841,4.204,CCTATTACGACGTGAC,S115Y M462Y,2,2
-6.841,4.204,CCTTATCTTATGAAAT,M320E Q376K,2,2
-6.841,4.204,CTCTAACCAATTCCAA,G504C,1,1
-6.841,4.204,CTCTCAGATGAAAGTG,L15H I217A Q356P,3,3
-6.841,4.204,GAAACTGCAATCACAT,A138R,1,1
-6.841,4.204,GACCCGTGGGTATCAA,L420D,1,1
-6.841,4.204,GAGATTTTAATACAAA,L177T P293F L384V E401K V402R,5,5
-6.841,4.204,GATTTAACGAAGATCT,E35F D474P,2,2
-6.841,4.204,GCAAAAAATAATCAAA,T440R,1,1
-6.841,1.401,GCAACACAGCTGTCCC,P162D M346H,2,2
-6.841,4.204,GCACAATAAGACACGT,H18E,1,1
-6.841,4.204,GGAAATCATTTGTTCA,G360C A365V,2,2
-6.841,4.204,GGGTCCATAACCACGA,G249L,1,1
-6.841,4.204,GGTGCACTGTCAAAAC,M444K,1,2
-6.841,4.204,TAAACAATTATCCAAC,I469R,1,1
-6.841,4.204,TAAATTATCCCTAATT,S143I E432C,2,2
-6.841,1.401,TAACAAACTTAGACCA,N6Q S136D,2,2
-6.841,4.204,TAACACTCATGTAATT,N126E G349V,2,2
-6.841,1.401,TAACATCAAATACATT,F353D,1,1
-6.841,1.401,TAAGGGTAATACACTA,C473F,1,1
-6.841,4.204,TAATGATTCTTTTATA,I232K,1,1
-6.841,4.204,TACCTGTTTTAATAAA,,0,0
-6.841,4.204,TAGCAGATAAAGAGAA,R492Q,1,1
-6.841,0.8408,TATAGAACCAAGTAGG,L367P,1,1
-6.841,4.204,TCAAACAATCTCCAAA,T30V S265P D474I,3,3
-6.841,1.401,TCAATTAAGAAAACTT,N424H,1,1
-6.841,1.401,TCCATACACCATGCGC,N152W,1,1
-6.841,4.204,TGCAGTATTCATTTAA,L86G,1,1
-6.841,1.401,TTAAACACTAGAAACT,I437W,1,1
-6.841,4.204,TTATAAAATAGTCTTA,G360H L420Y,2,2
-6.841,4.204,TTCAAAATTCTCTAAC,K189Y D415S,2,2
-6.841,4.204,TTCAGGACGTCCAGTC,N433W D438E,2,2
-6.841,4.204,TTCCGATAACAGCTAA,R224Y T440N,2,2
-6.841,4.204,TTTTGAGATTTCAATT,G16P R269I,2,2
-6.844,0.4671,AACGAAACAGAAGGAG,G303A,1,1
-6.846,0.1274,CCAGATTAACAAAAGA,K391T,1,1
-6.846,0.8408,TGTATCAACCCTAATC,L177C E280D S400P,3,3
-6.846,0.8408,TTTTTAATAAATATCT,N250D,1,1
-6.848,0.3822,AAATACGCTGACTTAA,R329Y,1,1
-6.85,1.401,AAAGGTTACGCGCCCA,E280K Y412V,2,3
-6.85,1.401,ACTCATAATCTATCTA,L154P D441T,2,2
-6.85,1.401,ATTACTTAGCCCCACC,G142R I226L,2,2
-6.85,1.401,CCACAACCTAATACAG,W153P,1,1
-6.85,1.401,CCGATCTTAACTGAGC,A138P T328I,2,2
-6.85,1.401,GAAACTCGGATACGCG,I179D,1,1
-6.85,1.401,GATAGCAATATAACCT,P74H,1,1
-6.85,1.401,GCTATAGGAGGAACAT,D438L,1,1
-6.85,1.401,TCCAAATCACAATTAC,A459W,1,1
-6.85,1.401,TGAATACACATATTAA,W153S,1,1
-6.852,0.3234,AACATAAATTTTAAGC,W153R,1,1
-6.852,0.8407,ACAGTTACTTACGCGA,W350Y,1,1
-6.852,0.2473,GTCCTAGAATTATTAT,I179Q,1,1
-6.853,0.4671,AGTGATATAAAATAAC,W153I,1,1
-6.857,0.6005,ACATGCTCCTAACTAA,G352D,1,1
-6.857,0.6005,GATACCAGTCGCTAAT,L66P Y351V,2,2
-6.857,0.6005,TAACCCGGGGAGGATT,Y351E,1,1
-6.86,1.401,AAAAGCTCTGTACCGG,N94V I502H,2,2
-6.86,1.401,AAACACGACTCTCGGC,L66Q G129R,2,2
-6.86,1.401,AATGAATTAGACTAAG,V88Q,1,1
-6.86,1.401,AGTCCCGTAAAGATAA,E89W Q191C,2,2
-6.86,1.401,ATCTCCCAAATCTATT,I202E,1,1
-6.86,1.401,GGATATAAGAAACAAA,Y98W,1,1
-6.86,1.401,GTTTAGTACGCCCATA,D441R,1,1
-6.86,1.401,TAAACTGAATTTCCAC,A39K,1,1
-6.86,1.401,TAAGCCCCCACTCTTT,T370N,1,1
-6.86,0.467,TAGAGCTTGAGGAAAA,I282C N424W,2,2
-6.86,1.401,TGACAGTAAGTGCTAA,V43G,1,1
-6.861,0.6005,GATCGACAATAATACC,I202Y,1,1
-6.863,0.467,TCGGTCCCATATCCGA,K503C,1,1
-6.863,0.8407,TCGATATGTAATATCC,D101V G352S,2,2
-6.865,0.6005,CGTAATCAGTGACACA,S228V E449V,2,2
-6.866,0.2473,AATAATAGCCGCATTG,S198N I502T,2,2
-6.868,0.1827,TCAGATTAATGCGCGT,S193E,1,1
-6.869,4.203,AAAAAGAAGAGCAGAA,F500V,1,1
-6.869,4.203,AAAACAAATACTCTTA,I300L G465R,2,2
-6.869,4.203,AAAAGACAGTTCAAAA,S270Q,1,1
-6.869,4.203,AAACAAACGACTAAAA,G319R,1,1
-6.869,4.203,AAATCAATAAGAAACT,T128A F353C,2,2
-6.869,4.203,AAGGCGACTCAGGTTT,G352R,1,1
-6.869,4.203,AATACATCCCTCTTAA,F87P,1,1
-6.869,1.401,AATATACTCCAACAAT,Y302G,1,1
-6.869,4.203,AATATATGATCATACA,,0,0
-6.869,4.203,AATTGAGTCAAGTGAG,L13N F500D,2,2
-6.869,4.203,ACAAACTCACAAAAAA,T30W A138D,2,2
-6.869,1.401,ACACATCTGCGCAGTC,S279Y E449P,2,2
-6.869,4.203,ACACATGACATTCATT,L59F P254L,2,2
-6.869,4.203,ACACCAGTCATTAAGT,Q164H K238D,2,2
-6.869,4.203,ACAGTACTCTCACAAT,F258E,1,1
-6.869,1.401,ACTCTGATCTTACGAA,C52L,1,1
-6.869,4.203,AGACGGCATATTGTAT,T10W,1,1
-6.869,4.203,AGAGAATAGAATAGTT,I34G,1,1
-6.869,4.203,AGATCTACTTAGAGCA,D85Y E172F S266P M444G,4,4
-6.869,4.203,AGTTACTATATCACTA,N341L,1,1
-6.869,4.203,ATAAACAATTACTTAA,,0,0
-6.869,4.203,ATAAGAACAGGAAAGC,G181I,1,1
-6.869,4.203,ATCATTCAGAACAGTT,A19R W153A,2,2
-6.869,4.203,ATGATACTATAGGCTT,F258K,1,1
-6.869,4.203,CAAACTGAACATCAGA,F500G,1,1
-6.869,4.203,CAAGACCGATTACTAA,N246L K411E,2,2
-6.869,4.203,CAATACCCTCTCTGCA,Q295I,1,1
-6.869,4.203,CACGGAAATCTTCAAA,A317T R456A,2,2
-6.869,4.203,CACTGAGCGTTTATAA,I226T,1,1
-6.869,4.203,CATAGATAAAATTCTA,A334T,1,1
-6.869,4.203,CCCCTCACACCTGCGC,G181Y,1,1
-6.869,4.203,CCCCTTTTCAGCTCTC,W350L,1,1
-6.869,4.203,CCCTAGATGTGATACA,I58L W343N,2,2
-6.869,4.203,CCGAAACAGGGCCTTC,R269K I339A E414K,3,4
-6.869,4.203,CGGATTCTATCGCTAT,F125A,1,1
-6.869,4.203,CGGTTGCTTATAAATG,S149Y G319D,2,2
-6.869,4.203,CGTAAGCTCAAACTGT,I252H R354T,2,3
-6.869,4.203,CGTTTTAACTAATAGT,R329W,1,1
-6.869,4.203,CTAACTAACTCTACAA,W180C,1,1
-6.869,0.8406,CTTCAACCTATTGAAT,P185E M462V,2,2
-6.869,4.203,CTTTTGCACAAGTCAA,N246T,1,1
-6.869,4.203,GAATGTGCTAGGGATG,I242H G319S,2,2
-6.869,4.203,GCGCGCGACCTCAATG,R229Q N250E,2,2
-6.869,1.401,GGAGCCAAAACTATAG,V204H,1,1
-6.869,4.203,GGTTTACACAAAGGAA,D291G T440I,2,2
-6.869,4.203,TAAACTGGCACCCGTA,A373Q,1,1
-6.869,4.203,TAAGCAACGATAAGAA,R261N P284*,2,2
-6.869,4.203,TACCGTCTCACTATGC,D77N T117H,2,2
-6.869,4.203,TCAACTAACTCCTTTT,,0,0
-6.869,4.203,TCAGGCATTCATTCCC,A19L,1,1
-6.869,1.401,TCGAAAAGCCCACTAA,L194R,1,1
-6.869,1.401,TCGCCAACACATTTAA,F353K,1,1
-6.869,4.203,TCTTGACATACCCCAC,H435T,1,1
-6.869,4.203,TTACAACCATTAATGA,T206N E403K,2,2
-6.869,4.203,TTCCATTGAAAACACC,Y178C,1,1
-6.869,4.203,TTTTACAAATTGTTCA,C97H,1,1
-6.869,0.8406,TTTTCTACTAAATCTC,S270L,1,1
-6.869,4.203,TTTTGGGTTTCCCAAA,V182P,1,1
-6.871,0.3233,AACCCAACATTGTGGA,R109Y E340K,2,2
-6.873,0.2001,ATCCTCTGTTGAGCAA,D186F,1,1
-6.873,0.6004,CCTAAGTCTCTGATAG,Y98N,1,1
-6.873,0.3233,TCATTCCTACAGTTAA,A425V,1,1
-6.875,0.8406,CGATCTAAGAGAGTAT,D438K,1,1
-6.875,0.1827,GAAACAGCCTTCGACT,G463D,1,1
-6.875,0.467,AACCATACTACCAAGC,D60Y,1,1
-6.877,0.6004,AAGCTAGAATATTTCA,L439G,1,1
-6.878,1.401,AAACCAATAAAAACCA,L177T S266T C281K K387N,4,4
-6.878,1.401,AAATTACAAAGTTTAA,E460D,1,1
-6.878,1.401,AACTCTATTACCTCGC,L13* A372P,2,2
-6.878,1.401,ATACAATGTCATAAAA,Q164D,1,1
-6.878,0.467,CACTTTTTTTCGAAAA,A11G S205H,2,2
-6.878,1.401,CATTGAGCCAGTCTCC,N246I,1,1
-6.878,1.401,CGGTACACTATCAAAT,P254Q,1,1
-6.878,1.401,TAGGCCATAAGTACAA,K50N N250F,2,2
-6.878,1.401,TGCTGGTATCATACAC,Y178R,1,1
-6.878,1.401,TGTGGATAAACCATTA,D366A E443K,2,2
-6.878,1.401,TTAATATCGTAACGGC,L177Y S400L,2,2
-6.88,0.8406,ATTAGCGCGTCCCATT,S136D N464D,2,2
-6.88,0.8406,GAATGAACTACGTGCC,K50N T235K,2,2
-6.88,0.8406,GCAGTTTGAACTGCTC,P221V,1,1
-6.881,0.1681,ACGCACCAATATGCTA,V213L N464L,2,2
-6.881,0.467,ACCAAAGCCTCACTAC,S199I G333R,2,2
-6.885,0.2212,AGCATACTAGTCTTAA,L177P G218L,2,2
-6.886,0.8405,AAAACATAACTAGGAT,I377C E484K,2,2
-6.886,0.8405,AATTGAACTTAATCCT,Y423E,1,1
-6.886,0.8405,GCAACTCAGGCAAACA,I339W,1,1
-6.886,0.8405,TTAACCACATTACACT,P74R,1,1
-6.888,1.401,AAACTCAGATATGAAG,L111P G386E,2,2
-6.888,1.401,ACAACCTTCATAAAAC,W350L,1,1
-6.888,0.467,ACACATAACCTATACA,L496N,1,1
-6.888,1.401,AGCCTTGTTAATATTG,N165V L409F,2,2
-6.888,1.401,ATGAAATCACGTTAAA,P293S T370R,2,2
-6.888,1.401,CACAAACACAGCTCCG,C305L,1,1
-6.888,1.401,CCAAACATGTAGGAGA,G16L,1,1
-6.888,1.401,CGGCCCAGATAACAAT,L151P,1,1
-6.888,1.401,CTACCCTTTTTCCCAT,F332G,1,1
-6.888,1.401,CTCTTAGGTAACCCGT,G352I,1,1
-6.888,1.401,GTTAAAAAAAGCTCCA,H17P,1,1
-6.888,0.467,TCTATATCGCTAGCTA,T135H S149T A459D,3,3
-6.889,0.6004,ACGATTAAGGTTTTGA,S247P E426K,2,2
-6.891,0.467,CATCAATGCTGTCACG,V130W,1,1
-6.891,0.8405,CTAATTTCAAACAGGA,F500Q,1,1
-6.891,0.8405,GCCGATCTAATTTCCA,N250M,1,1
-6.892,0.09339,CTTCAATGACCTCTTG,V43M,1,1
-6.892,0.2472,AATTTAAGTCTCGAGA,V36A,1,1
-6.893,0.6004,GAATTTGTGCGAACTC,K176Y,1,1
-6.894,0.382,AAATGTTCAAAAACGT,Y233V,1,1
-6.895,0.07641,GGCAAGACCGTACCAC,L194D,1,1
-6.895,0.2001,TAATAAATGTTTATCT,F192T,1,1
-6.897,4.202,AAAAGCTCCCATAGTC,G134I,1,1
-6.897,4.202,AAAATCTCTCACACTA,I214M Y423*,2,2
-6.897,4.202,AAACTCTGTAATGATG,L86R,1,1
-6.897,4.202,AAGCCTCGGTACACAA,R354G,1,1
-6.897,4.202,AATAAACTAGCAGCAC,L118Q,1,1
-6.897,0.8405,AATAATAAAACAGCAT,Y302D T318K E432G,3,3
-6.897,4.202,AATAATATCCTACAAA,,0,0
-6.897,4.202,AATACCCCACACAATG,G345L,1,1
-6.897,4.202,AATATCAACTAGGGAT,W84R,1,1
-6.897,4.202,ACAAAAATAATCAAAG,F353N,1,1
-6.897,4.202,ACAAAAATGAAATTTT,F353T,1,1
-6.897,4.202,ACCTAAAAATCTATGT,G129I R220L,2,2
-6.897,4.202,AGACGCCTACTCACTC,G286H,1,1
-6.897,1.401,AGATAACCACAATCAA,N322S,1,1
-6.897,4.202,AGCTGCGTTATCTCTG,T248Q,1,1
-6.897,4.202,AGGCTGGAATAAACTC,F294G,1,2
-6.897,4.202,ATAATTATCGATAACA,L151N K503E,2,2
-6.897,4.202,ATCGTTTTAAAGTATT,C473S,1,1
-6.897,4.202,ATGAGGATTTCGAGAT,E398K E401K,2,3
-6.897,0.8405,ATGATCTATATCTCAT,D186A,1,1
-6.897,4.202,ATGCCCTGACTCAATT,M444Q,1,1
-6.897,4.202,CAAAGCAAATTATGCA,N322F M444I,2,4
-6.897,4.202,CAACATAAATATCCTT,M268E,1,1
-6.897,4.202,CAAGCCACCTAAAACA,G303A Q371P,2,2
-6.897,0.8405,CATATACAGCCACTTT,F332C,1,1
-6.897,1.401,CATGACCCCTAAAATA,N152S,1,1
-6.897,4.202,CCAATATATTACCATA,N170P,1,1
-6.897,4.202,CCAATATTGCACTATC,D438S,1,1
-6.897,4.202,CCCATAGATTTGATAA,L108R,1,1
-6.897,4.202,CCCTATTACATAATAT,P239H G319D,2,2
-6.897,4.202,CTAATAACCATAACAG,D60R Q363R,2,2
-6.897,4.202,CTAATATAGAAAATCA,I478H,1,1
-6.897,4.202,CTACAAGCGTACGAAA,W421*,1,1
-6.897,0.8405,CTAGAGGGCTGATTGC,L455D,1,1
-6.897,4.202,CTCTTACAATTTTCAC,L439P,1,2
-6.897,4.202,CTTCAATCGAATAAAC,L71Y,1,1
-6.897,4.202,CTTGAAGTTGCATTTA,L15*,1,1
-6.897,4.202,GAAAACCATAACCTGG,D7*,1,1
-6.897,4.202,GAACAATTTCAAATGT,I232G,1,1
-6.897,4.202,GAACACAAGACAAAAG,G286E,1,1
-6.897,4.202,GAACCGTCAGAGCAGA,L316E,1,1
-6.897,4.202,GACACCTTTCTAAGCA,E123H,1,1
-6.897,4.202,GACGGAAGACCCCAGT,G249W,1,1
-6.897,4.202,GCAATCATACAAAGCG,G61C,1,1
-6.897,4.202,GCACTAAAGACAGGTT,F448D,1,1
-6.897,4.202,GCATTTGACTAGAAAA,R208P K292H,2,2
-6.897,4.202,GCGATTTAATATCCTG,N322I E457I,2,2
-6.897,4.202,GGATCCAAGAACAACA,Y98M Y486G,2,2
-6.897,4.202,GTAAGAGTCTGCATGT,S193H,1,1
-6.897,4.202,GTAGTACAACCACGAG,L316E,1,1
-6.897,0.8405,GTATACCCTATAAATC,G23V,1,1
-6.897,4.202,GTCGAACGTCAAAACC,G286I,1,1
-6.897,1.401,GTGAACGGTGGCGTAA,A304T D441H,2,2
-6.897,4.202,TAAATAATAGAACGTT,T451Q,1,1
-6.897,4.202,TACGGTAAAAAAAAAA,K131V R456T,2,2
-6.897,4.202,TAGAAGCCCTAAGTTA,,0,0
-6.897,0.8405,TATAGTACCTCGACAG,H435P,1,1
-6.897,0.2001,TATATAACCCCTTGCA,A138F,1,1
-6.897,1.401,TATATGACAGAGTATA,V130H,1,1
-6.897,4.202,TCAAACTGACACACAA,I478G,1,1
-6.897,4.202,TCACAGATCAGAGACC,C277T I385K,2,3
-6.897,0.8405,TCATACCACTTCTCCC,I179C,1,1
-6.897,4.202,TCCATATTACGTCCAA,G386E Y412D,2,2
-6.897,4.202,TCGGTGACCAAGATAA,T10V R224A S231I,3,3
-6.897,4.202,TCTCAAGCTGAGCCTA,H355L,1,2
-6.897,4.202,TTACTATAAATAAATA,T187E N322Y,2,2
-6.897,4.202,TTCAGTATGGTTCGCA,L251K,1,1
-6.897,0.4669,TTGATAATTAAAATAC,R33K P185E,2,2
-6.9,0.4669,TCGATTAAATGAACCC,G116Q,1,1
-6.901,0.6003,TAAGTACCGTGGCACA,P185Q,1,1
-6.902,0.382,CGATTGGGCAGAGCGA,Y98S,1,1
-6.903,0.3232,GACGAAAAAATAATTA,N159C S228N,2,2
-6.906,1.401,AAACAAAATAAGATTC,R229E,1,2
-6.906,1.401,ATAGGTACCGAAAGGT,I179Y T248E,2,2
-6.906,1.401,CTACAACAATGCAATG,P99L Q356I,2,2
-6.906,1.401,GAGTTGATAGAATAGA,C97F,1,1
-6.907,0.382,GTTATATAAGATCTCA,N433K,1,1
-6.907,0.3232,AGAGTATTCCACTCAG,E432V,1,1
-6.908,0.6003,TAGCACCACAAAAGGA,D366Q,1,2
-6.91,0.1827,TAGCAGAAATGTACTG,V204E,1,1
-6.911,0.3232,TAACATTATATATTAA,S54W E443K,2,2
-6.912,0.4669,GCTAATTTTCCCACCA,F448N A476T,2,2
-6.912,0.4669,GGGTCATTGGCCCGTA,G78K A138R,2,2
-6.912,0.6003,AACTCTAGACTGTGTG,Q197K R329M,2,2
-6.912,0.6003,AATCGGGTCTATTATA,T128D M320E G337V,3,3
-6.912,0.6003,TTAACTACTCTACATC,T128I W234*,2,2
-6.913,0.8404,CACAAAATTGACACTA,T248Y G386R,2,2
-6.913,0.8404,CCTCATAGTACTCTCT,L42Y,1,2
-6.913,0.8404,GTTTACAGACACAATT,I437E,1,1
-6.913,0.8404,TCTCATCTACACCGTG,A138V I226G,2,2
-6.913,0.1273,GAGGGCGGGAACAATC,W234N,1,1
-6.915,1.401,AAACAAATGTGTACAT,L455P,1,1
-6.915,1.401,AGTATAGTATATCCTG,C466V,1,1
-6.915,1.401,ATACCGACTAAAACCA,N322K,1,1
-6.915,1.401,ATTTGATGTTTATTTA,G72I,1,1
-6.915,1.401,TCCAATTTACCACAGA,A495D,1,1
-6.916,0.6003,AGGAGTCATCAGGATA,R229Q N341K,2,2
-6.917,0.382,TCAAAATAAGAAAACT,A138N,1,1
-6.918,0.4669,AGTGTCTCCTCCCCCA,W180K T436I,2,3
-6.919,0.8404,ACACACATATTCTATA,N31Q S231P,2,2
-6.919,0.8404,CTTCATCATTAATGTT,R90G,1,1
-6.92,0.2801,TATAAGCCCTTTTTCG,R150W,1,1
-6.921,0.382,CTATACGTACGACGAA,G249V,1,1
-6.922,0.3232,TAGTGAAGCCACTGAC,S287H,1,1
-6.922,0.2801,GCCGAAAACATCCCTA,S115D,1,1
-6.924,4.202,AAACTATAATCCAAAA,F125G,1,1
-6.924,4.202,AAACTTTACCATGTAC,H18P,1,1
-6.924,4.202,AAAGTAAATCAAGAAT,T37* V182M,2,2
-6.924,4.202,AACAAACTTCGCTGGT,,0,0
-6.924,4.202,AACGGTAATAGTGTAA,F192R,1,1
-6.924,4.202,AACTAGTATCAAAAAA,Y308E,1,1
-6.924,4.202,AAGAAGGTCTATAAGA,E457K,1,1
-6.924,0.8403,AAGAATCTATTACGAA,P324S,1,1
-6.924,4.202,AAGAGTTATATAACAC,C281P,1,1
-6.924,1.401,AATAAGTGTCCCGTAA,H488W,1,1
-6.924,4.202,AATCACAAAACATAGA,A459P,1,2
-6.924,4.202,AATCGCATACTTAATT,G61L F338S,2,2
-6.924,4.202,AATGCCTGAGCAGCAT,C14G,1,1
-6.924,4.202,AATTATATTCCAAAAA,L71C,1,1
-6.924,4.202,ACAAAGTCATAAAGGA,G342S,1,1
-6.924,4.202,ACACTCAAAGTGGTTT,F147I N382E,2,2
-6.924,4.202,ACCACAAAAAACGCAA,P4I D271N R321E,3,6
-6.924,4.202,ACCACTTAAACTATAG,S115P G349P,2,2
-6.924,4.202,ACTAACACAGCTAGAG,G249P,1,1
-6.924,0.8403,ACTAGTCTACGCGCAT,T117I Y470T,2,2
-6.924,4.202,AGACACGCTTAGACAA,Y351N,1,1
-6.924,4.202,AGATGACGCTAAAGAC,G303D,1,1
-6.924,1.401,ATAAGTCACAACCGTT,G23D A138H,2,2
-6.924,4.202,ATAGCCCAAATCTATG,G61W,1,1
-6.924,4.202,ATATACATACAAAATA,C64H K276P,2,2
-6.924,4.202,ATATATTGAAAAGAAA,F338H,1,1
-6.924,4.202,ATGAATAGAACAATTT,R255L,1,1
-6.924,0.8403,CAAAGATAGTTTTGTC,F448N,1,1
-6.924,4.202,CAACACATGAAGAAAC,F120G,1,1
-6.924,4.202,CAAGAAAACAACCAGC,F147L,1,1
-6.924,1.401,CACAATCAGGTCTGTG,C52T,1,1
-6.924,4.202,CACAATTATTACTAAC,I377W,1,1
-6.924,1.401,CATATCTGGTTCGCAA,D60Y,1,1
-6.924,0.4669,CATTAAAACCAGTTCG,I502N,1,1
-6.924,4.202,CCAAGCGCACCTAAAA,I418P,1,1
-6.924,0.6002,CCAGAGCCGATTCTGA,A365K,1,1
-6.924,4.202,CCTTGCCCACTTTTTT,N190F,1,1
-6.924,1.401,CGAAAACCTCAGCATA,G362T,1,1
-6.924,4.202,CTAATGGCACTGCTAA,N298P,1,1
-6.924,4.202,CTTCCCGTCCAACCAA,V43S N296T,2,2
-6.924,4.202,GACACAACGATGCAAG,I481Q,1,1
-6.924,4.202,GACTATTAGCTTACAA,T12S M444I,2,2
-6.924,4.202,GACTTGTCAGCGACTA,T155M,1,1
-6.924,4.202,GATAGTAACTGAGAGA,V166G T440P,2,2
-6.924,4.202,GATATCAGAATCATAA,T203I,1,2
-6.924,4.202,GCAACCAACCGCGAAT,L243P,1,1
-6.924,4.202,GCAAGGTAAAAATTTA,W421A,1,1
-6.924,4.202,GCATGTCCACAATTAT,F338C,1,1
-6.924,4.202,GGACTACAACTTACGT,I288K,1,1
-6.924,0.8403,GGGCCTCCCATCATCC,S193E I282V,2,2
-6.924,4.202,GTAGGAGAATTTTATC,F467S,1,1
-6.924,1.401,GTTATAGTGAAATAAC,C281P,1,1
-6.924,4.202,GTTTTCAAAGCCCAGC,D419M,1,1
-6.924,4.202,TAACTACTAGACGCCA,A495R,1,1
-6.924,4.202,TACAGACTACGTAAAA,L431P,1,1
-6.924,4.202,TACATTAGCTTATTAA,,0,0
-6.924,4.202,TAGCAAAGCCCTAGTA,F353S,1,1
-6.924,4.202,TATCGGGTCCATTGAT,T12A N285M,2,3
-6.924,1.401,TCAAAGACAAAAAATC,A495G,1,1
-6.924,4.202,TCAAATCCTGTACTAA,F148V H184D G263E E398K E414K,5,7
-6.924,4.202,TCAATAATTCCAAAAT,C473Q,1,1
-6.924,0.4669,TCCAAGCTAAATAATG,G352P,1,2
-6.924,1.401,TCTGTATAAATTCCTG,P306W,1,1
-6.924,4.202,TGCAAACGACCTAAGC,N250D,1,1
-6.924,4.202,TGTTTTCATATATAGC,L71Y D438V,2,2
-6.924,4.202,TTACTTACTCGTATCA,G349E I481D,2,3
-6.924,4.202,TTAGATGACAATTCCC,D60H A253V,2,2
-6.924,4.202,TTAGTAGTAAGACTAG,D419H,1,2
-6.924,4.202,TTCAGCCCCGACTATG,Q356C N424K,2,2
-6.924,4.202,TTTCAAAAGACCACCC,I300P,1,1
-6.929,0.07371,TGGATAGTAGGCACAA,F338I,1,1
-6.929,0.8403,ACACGAACATGAGAAC,G61W,1,1
-6.93,0.4668,TTCACACTTCTCTGTA,L118R,1,1
-6.931,0.12,CAGGTAATGAGTAGTG,M346Y,1,1
-6.932,0.6002,ACAGTTCTTAAAATCT,W234K,1,1
-6.932,0.6002,CCACCAATATTAACCC,T440Q,1,1
-6.933,1.4,AACCAATCAAAAATAA,L427R,1,1
-6.933,1.4,AATAATTCAAAAGTAG,T436A,1,1
-6.933,1.4,ATTTGCTCTGATCAAC,F125N Q295N,2,2
-6.933,1.4,CAAATGATCTATTGTT,F258S Q407N,2,2
-6.933,1.4,CCCATATGTAGCTCCT,G319I,1,1
-6.933,0.2801,CGTACGGACCTACACT,R33F G463D,2,2
-6.933,1.4,GAACAATTCTATGACG,F195L,1,3
-6.933,1.4,GATCACAATGGTGCTT,E410P,1,1
-6.933,1.4,TATAATATATATATGT,T10D L381P,2,2
-6.933,1.4,TGACCCCGGGAATGGA,D186F,1,1
-6.933,0.2471,CAGCGATAGAATCATA,Y302C,1,2
-6.935,0.8403,AAAAATTGTTCATAAT,K292D,1,1
-6.935,0.8403,ACGTATGGAATGTCCA,G360P,1,1
-6.935,0.8403,ACTACTTTCTGACATC,N152T,1,1
-6.935,0.8403,AGGATAAAAACAAACA,I395P,1,1
-6.935,0.8403,CCACCGTGTTGCTCAA,D461K,1,1
-6.935,0.8403,TACATTGCACAGAATT,Q80H G465R,2,2
-6.935,0.8403,TATATGATATTTAGAA,S228E,1,1
-6.936,0.4668,GGCCAAAGCTAGACTC,L427Y A459T,2,2
-6.936,0.3819,AACATGGAAACTATAA,L428N,1,1
-6.939,0.3819,GCATACTACACTCTTA,A19I,1,1
-6.94,0.8402,GAGTAAACAACACCAA,T416N W421L,2,2
-6.942,0.2001,AAAAACACCCCGTTAA,A163S T313L,2,2
-6.942,1.4,ATTACCATTCCTCAAA,H355N,1,1
-6.942,1.4,CAATCTCGAAATTTCT,V43R,1,1
-6.942,1.4,CCAATTGACCTAAAAT,A365Q,1,1
-6.942,1.4,GACATATCGTTCACCG,Y178T,1,1
-6.942,1.4,GCTTCCAAAGAACTTT,W153R,1,1
-6.942,1.4,TAACTATATGCTCGAC,A364M,1,1
-6.942,1.4,TCAAGGTTCATGATCC,G23T,1,1
-6.942,1.4,TTAATATGAGTACACG,I331Q,1,1
-6.942,1.4,TTTACGTTGACCTAAA,Q44P,1,1
-6.943,0.3819,ACGAAACATGACTCCA,I335W,1,1
-6.945,0.8402,ACGAATCTCGTCGGAT,G142* N382L,2,2
-6.945,0.8402,ACTTATAGTGCGTCGA,L42E,1,1
-6.945,0.2801,CGTTTAAATTATAGGG,E325K G504C,2,2
-6.947,0.6001,CATAAACCGCAAAATT,A163S I274N L367M S400M,4,4
-6.949,0.2801,AATCCTATTCACTTAC,T248C,1,1
-6.951,4.201,AAAAATCCATTAACGG,Y308E,1,1
-6.951,4.201,AAAACATAAATTGAGA,A365L,1,1
-6.951,4.201,AAAATTATTAACAATT,T10E W343* E414K,3,4
-6.951,4.201,AAATAGGCTTCACTAG,T451D,1,2
-6.951,4.201,AAATGAAATGAATAAA,L314T,1,1
-6.951,4.201,AAATTCTAAGATTTTT,M320S,1,1
-6.951,4.201,AACAAAATCAGCAAAA,V182F E340L,2,2
-6.951,4.201,AACACCACCAACATTC,D85A N458W,2,2
-6.951,4.201,AACCAACACCATCAAC,I437R,1,1
-6.951,4.201,AACCTTGCAAACAAAT,M320H K326N,2,2
-6.951,4.201,AACGAGGGTTAAGAAC,I377K,1,1
-6.951,4.201,ACAAAATTTCTAAAAC,N53P,1,1
-6.951,4.201,ACAACTAAGAACCTGG,C52G H471D,2,2
-6.951,4.201,ACACGATCATGCACCA,M268I W421R,2,2
-6.951,4.201,ACCCACACACGGTCAT,T248R,1,2
-6.951,4.201,ACTGCATCTGAACGAT,L427M,1,1
-6.951,4.201,ACTTAATAGTCTTCGA,G463D,1,1
-6.951,4.201,AGAAGACCCATATCAA,H18D,1,1
-6.951,4.201,AGACTACATATCACCT,C477H,1,2
-6.951,0.4668,AGAGCTTATCGATCTG,G23R E484L,2,2
-6.951,4.201,AGAGTCAAAGCAGATA,S193W C473E,2,2
-6.951,4.201,AGCCTGGTTAGTAACT,S193Q,1,1
-6.951,1.4,AGCGAGTGTGACAAAT,Q295W,1,1
-6.951,4.201,AGTAGTTCTTAATGCG,I335K E410K,2,2
-6.951,4.201,AGTATATTTATATACC,I437K,1,1
-6.951,4.201,ATTACGAACAAACTAA,N81V K176W,2,2
-6.951,4.201,ATTTAACTAATTCAAT,M346T,1,1
-6.951,4.201,CAAAATAATTCCAAGT,G342N,1,1
-6.951,4.201,CAAACAAAAAACAACT,C14I,1,2
-6.951,4.201,CAACCCTCAACGAGAA,A113D T370R,2,2
-6.951,1.4,CAAGTAAAACACATTT,Q434R,1,1
-6.951,4.201,CACCATTTAAGTATGC,G240I,1,1
-6.951,1.4,CACTACTTAGAAAAAA,L71H,1,1
-6.951,4.201,CCCCGGCACCATTTTA,P74C C477I,2,3
-6.951,0.8402,CGACTACCGTTTGCCC,A317V,1,1
-6.951,4.201,CGATTCACATAGACAA,V429P,1,1
-6.951,4.201,CGATTGTAGGACAAGT,I252H K380T,2,2
-6.951,4.201,CTACGAATTATATTGC,W127R,1,2
-6.951,1.4,CTATTTTTTCAATTCA,K189S W350T,2,3
-6.951,4.201,CTGAAAGTACTAGCGT,Y257L,1,1
-6.951,4.201,GAGTACTGATGGTCAA,D73Y,1,1
-6.951,4.201,GATAATCAAAAACATA,,0,0
-6.951,4.201,GGATATTAACAGTAGC,V36A,1,1
-6.951,4.201,GTCTGCCCCAAATATA,C52D R499L,2,2
-6.951,1.4,GTGTCGCGTAACCATT,G240P D241Y,2,2
-6.951,4.201,TAAAATTACACTAGCA,G16H,1,1
-6.951,1.4,TAACAATTAAGGAAAA,D366H L496W,2,2
-6.951,4.201,TAACAGGAACCGAGAA,T440Q,1,1
-6.951,4.201,TAAGATATAAACCGCT,F338I G352C H355W,3,3
-6.951,4.201,TACCTCTAACGAAATA,E432R,1,1
-6.951,1.4,TATCTATAACTGCCTG,N81D N246D,2,2
-6.951,4.201,TCATTACCATAATCAA,C466N,1,1
-6.951,4.201,TGAACGAGTCGTAAGA,Q295F,1,1
-6.951,4.201,TGCTAACAAATCTTCA,A317G,1,1
-6.951,4.201,TGCTGTGCCCCTGGTA,W343* V429M R456K M462I,4,6
-6.951,4.201,TTAAAGATTCCGTCAA,F258P,1,1
-6.951,4.201,TTAGAATACTAGGTGC,F147C,1,1
-6.951,4.201,TTATTTATTTAAATAC,W180C G181N,2,2
-6.951,4.201,TTCCCCAACATTAAGA,M320S,1,1
-6.951,4.201,TTGATCACGAACCACA,S209N W343* I469Q,3,3
-6.954,0.4668,TACAAATCAAATTAAA,S247H,1,1
-6.954,0.2801,ACCAGTCCAAACCTGT,G23Y,1,1
-6.955,0.3819,GGTTCAGTGTTTCGAT,L439D,1,2
-6.956,0.8402,AAAAACAACATTACAA,P169C K315Q A425V,3,3
-6.956,0.8402,CACCAGCACGCCATAA,K27L L384S F392C E398S,4,4
-6.956,0.8402,GCGCCTTGGAACGGCC,V43L S422I E443K,3,3
-6.958,0.2801,AACTCACGCACCAGCA,K259D,1,1
-6.958,0.6001,ACTAACAACCTAGAAA,A365L,1,1
-6.958,0.2471,AAGTTAGCGCCCTCTA,L157H Y423C,2,2
-6.959,1.4,AAAACCATCGATCCTC,G330T,1,1
-6.959,1.4,ATAATTCACTATGATC,I481T,1,1
-6.959,1.4,CAACTAATTTAAAATA,L194Q,1,1
-6.959,1.4,CCTCGAGAACCTTGAC,N6F Q434H,2,2
-6.959,1.4,CTAGTCCGTACAGCCC,P185L,1,1
-6.959,1.4,GCACCTTTGCCAATCG,L194D,1,1
-6.959,1.4,TCAATGTAACGGGAAA,I34P,1,1
-6.959,1.4,TCTAGAGTTAACTATA,G465K,1,1
-6.961,0.8401,AAGACCCAACACTATC,C76A,1,1
-6.961,0.8401,AATTACATAAAATTAA,I377Y,1,1
-6.961,0.8401,TAAAAATAATAGATAT,I202P,1,1
-6.961,0.8401,TAAAACGTCCAATTTG,T248L,1,1
-6.961,0.8401,TATAACACCAACATTG,G362H,1,1
-6.962,0.6001,AAGTTGCAAATCTTCC,A317V,1,1
-6.962,0.6001,ACATTTTAACACTCAA,D348K G404S,2,2
-6.962,0.6001,ATATTTAAAAATAACT,A19H G379A,2,2
-6.962,0.6001,ATCGCTTCAACCTAAA,M444G,1,1
-6.965,0.3819,ACGCCATCGTCCCTGG,Y98I A196G,2,2
-6.966,0.6001,ACAAGGAACCTAATAC,I478E,1,1
-6.966,0.6001,AGAAATACAATAACTC,L409S,1,1
-6.966,0.6001,TGTATTGACATAACAC,E432K,1,1
-6.966,0.1556,GGGGGAAGATTATGCC,G218D D348Q,2,2
-6.966,0.8401,CCTTTATGAACAAAGC,F148H,1,1
-6.966,0.8401,GCACTGCAACAATCCT,I267N,1,1
-6.968,1.4,AAAATCTTAAAGACTT,A113R S114I,2,2
-6.968,1.4,AAAATGATAATAAAAA,G61M,1,1
-6.968,1.4,AACCAGCCAAAATAGA,G319V G362C,2,2
-6.968,1.4,AAGCCCATAAGCCCCT,C52Q,1,1
-6.968,1.4,AATTCATTAATAAGAC,R141W I339C,2,5
-6.968,1.4,ATAGTGATGATATTCA,I339G,1,1
-6.968,1.4,CCACGTACGGATAAAT,F148N,1,1
-6.968,1.4,CTAAACCAGAGGGAAC,G256H,1,1
-6.968,1.4,GCAAACACATAAATAG,F79G H471K,2,2
-6.968,1.4,TGTTTGATACGTCACT,F294S,1,1
-6.969,0.6001,TGCAACTCGACCATTA,E443R,1,1
-6.971,0.1448,ACCAAGCTCTACATCC,T10C Q75P,2,2
-6.971,0.3231,ATACCTCAATAGGTAA,L431G,1,1
-6.971,0.12,ATTTTTATCAAAATAA,S136Y,1,1
-6.972,0.8401,ACATTTGACAACTTAT,P99F,1,1
-6.972,0.8401,GAAGAGAATGACCTCG,A336T,1,1
-6.972,0.168,GTGAAAAAAACCCTGG,L384H V402S,2,2
-6.972,0.8401,TCAAGAAATGAAAACT,D186E,1,1
-6.975,0.3231,TTCCCGAAAGTATTCA,G218L T283R F392G,3,3
-6.975,0.2471,TCAGTGCCAAACCAAT,S95E E443K,2,2
-6.977,1.4,AAAATAGTGAAACAAA,G116Q,1,1
-6.977,4.2,AAACGTTCAAACGAAT,Q327R A336T,2,2
-6.977,4.2,AAACTTAACCGACGCA,A459W,1,1
-6.977,4.2,AAAGATACTGATAGCA,L420D,1,1
-6.977,4.2,AAATACTTCTAATTAT,D487G,1,1
-6.977,4.2,AAGAATCTAAAAAACG,P99D,1,1
-6.977,1.4,AAGTCAGTAAAGTGCA,Y178G,1,1
-6.977,4.2,ACAATCAAAACTCAAA,I437A,1,1
-6.977,4.2,ACACACACCTCTGACA,C64R L381V,2,3
-6.977,4.2,ACACTATACCTAGCCG,T451P,1,1
-6.977,4.2,ACTAACTCAGATCTTA,T235E Y257M,2,2
-6.977,1.4,ATATAACAAACGAACA,T248N,1,1
-6.977,0.4667,ATCCACTACCATTACC,V102F A138I,2,2
-6.977,4.2,ATCCATATACAATAAC,G49Q A365W,2,2
-6.977,4.2,ATCTCTCTTTTCTAAA,M268P L381Y S400Y,3,3
-6.977,4.2,ATCTTATATCAACCCA,V323G,1,2
-6.977,4.2,ATGATATGTGCACACA,A163Q L177C C281P,3,3
-6.977,4.2,ATGTTCATGAATATTA,Y98N S199R E457A,3,3
-6.977,1.4,CAAAGCAGTTCACTGC,L455Q,1,1
-6.977,4.2,CAAATGCCTATAGATT,D186N C477G,2,2
-6.977,4.2,CACACTTTGTAAAGAA,H471D,1,1
-6.977,1.4,CACCAACTAGCAAAAT,G303H,1,1
-6.977,1.4,CACCACTTTAACCCAT,E123L,1,1
-6.977,4.2,CAGTGAATCAGTAGGA,A113G N424R,2,2
-6.977,4.2,CCATAAAACAAATTCT,A336T Y470S,2,2
-6.977,4.2,CCCTTCCCGCTAAACA,A336T,1,2
-6.977,4.2,CCTTAACCAGACAACC,L314Q,1,1
-6.977,4.2,CCTTGTTCCAATAGAA,A163P V297K E398K,3,3
-6.977,0.4667,CGAACACCTCAGATTC,F148M,1,1
-6.977,4.2,CGATGGTGACCAAAAA,C97P V490R,2,2
-6.977,1.4,CTCACACCCCAGTCTG,I67G,1,1
-6.977,4.2,CTGTACAGGATATTAT,,0,0
-6.977,4.2,GAAATTACCAACCAAG,F258D,1,1
-6.977,4.2,GACGACGACTCATTTA,A138L,1,1
-6.977,4.2,GAGTAACATCGCTGTA,R201G G349D,2,2
-6.977,1.4,GCAAGAGAAGTAAGAG,V429R,1,1
-6.977,4.2,GGATGATTTAAACAAG,F353G,1,1
-6.977,4.2,GGGTAACTCTGCCGGA,H183Y,1,1
-6.977,1.4,GTACAAAAAGCTCTTA,C139Y,1,1
-6.977,4.2,GTAGAGCAATAATCTC,F195K,1,1
-6.977,4.2,TAAAAATCCATCTACT,L177M S270L,2,2
-6.977,4.2,TAAACAGGGTTCAAAT,L15F S247P,2,2
-6.977,4.2,TACCGGCACAAATGGT,I339G,1,1
-6.977,4.2,TACCTATAGACTAAGT,H355W,1,1
-6.977,4.2,TAGGTCTACACTCAAC,I335Q,1,1
-6.977,4.2,TATCGTTCATAATTAC,Q394I,1,1
-6.977,4.2,TCAGCTGGCTATAGAA,L108S,1,2
-6.977,4.2,TCCAAGATTAATAGAC,Y486L,1,1
-6.977,4.2,TCCTCCTACAAAATCA,N250A N298K,2,2
-6.977,1.4,TCGGAAATGAGAAAAA,N250P,1,1
-6.977,4.2,TCTACACGCAACTAAC,L157P E410K R492G,3,3
-6.977,4.2,TCTTCAAAACTGACCG,A113W,1,1
-6.977,1.4,TGTATTCACTGAAATG,I67N,1,1
-6.977,4.2,TTCTCGACGTGAAATA,T24P V297C I377E,3,3
-6.977,4.2,TTGTTCCGAAATAATG,V102L E443K,2,2
-6.98,0.4667,AAGCAGTATTCTCCCA,K387G E398Y,2,2
-6.982,0.84,TGCCCTAGACAAACAA,I252F,1,1
-6.984,0.6,ACACAGTCACTTTATA,T440E,1,1
-6.984,0.6,GCAAGACAGGCATTTT,Q211P,1,1
-6.986,1.4,AAACTCGAAAAATCGC,A334Q,1,1
-6.986,0.4667,AAGACAACTATTCTAT,N152E,1,1
-6.986,1.4,AAGCAAAGATAATTAT,I58E A212L,2,2
-6.986,1.4,AGTCACTTTCAAAATG,A317Y V490G,2,2
-6.986,1.4,ATGAAGACAAACTACA,I274K,1,1
-6.986,1.4,CAAAATGGTAAGGTGT,C305S,1,1
-6.986,1.4,CCCTAGATACGGTAAT,W153* N165S,2,2
-6.986,1.4,CCCTCACATGATTTAG,G249E,1,1
-6.986,1.4,CCGCTGGGATCGAAGA,G61V E457M,2,2
-6.986,1.4,CTATTATACTTCTGCT,Q1*,1,1
-6.986,1.4,CTCTTTAAAGGTACAA,A334H,1,1
-6.986,1.4,GCAAAGCTAAATCGTA,I478K,1,1
-6.986,0.1448,GACGCAATAAACCCCA,P284H,1,1
-6.987,0.84,CAATCGTTACTATAAC,N45K A113V,2,2
-6.987,0.84,CTATGTAATGAAATCC,A113V,1,1
-6.989,0.28,TTCAAACCTAATAGAA,P293N V402Y,2,2
-6.991,0.28,CAGATTCTCTAATATA,M346P,1,1
-6.991,0.3818,ATAAGGCAACAAAAGT,N246H,1,1
-6.991,0.4667,ATGATAATCCGGTTAG,K310V H355Q,2,2
-6.992,0.6,AAATTGGATCACCGAA,D73G Q311*,2,2
-6.992,0.6,CCAGATGTGTGAATAA,I478C,1,1
-6.992,0.6,CTAAAACAATGGAATA,I288E,1,1
-6.992,0.84,AAAATTTAAAACCCCC,I288D,1,1
-6.992,0.84,AATATGACTCTCATAA,D441H,1,1
-6.992,0.84,TGATACAGAATTTTCA,G256K,1,1
-6.993,0.3231,CCTACACATGATGGAA,S124N L316C,2,2
-6.994,1.4,AAATAGACATCATGAG,G129P,1,1
-6.994,1.4,AAATCATCAAGACCGA,N170G,1,1
-6.994,1.4,ACCTGTAAAGCAGCTC,Q295C,1,1
-6.994,1.4,AGACCCGGCATTAATG,S205I,1,1
-6.994,1.4,ATCGCTAACAAAGAAT,C305M,1,1
-6.994,1.4,ATTCGACGCACAAGTT,T318A E401K V490P,3,3
-6.994,1.4,CTTGGATTACCTACCA,F258G,1,1
-6.995,0.247,CACATTAAATCTAAAA,R150P D291N,2,2
-6.995,0.12,CCCGTTTCTCCCAAAC,H183W,1,1
-6.996,0.3818,GATTTGTAACGCTTCC,G330F,1,1
-6.997,0.4666,ATACGGCACAAGCCTT,K380W,1,1
-6.997,0.4666,TGATAGTCCCGAAAAC,Q164K,1,1
-6.998,0.8399,AATGTATGAACACACC,L455V,1,1
-6.998,0.8399,CAAAATGATTCCAATA,V429Y,1,1
-7.003,4.2,AAAATAGCCTACTGTT,I245R,1,1
-7.003,4.2,AAATCAATTCTGATAA,N152I,1,1
-7.003,4.2,AACCTGGATATAAATA,L455W,1,1
-7.003,4.2,AACGAGGTACCCCGTG,P221H C281*,2,2
-7.003,4.2,AATGGAGAATTCAATA,V20E K315R Q327* E401K,4,4
-7.003,4.2,ACAAACAAAAAACAAT,T65W L243Q,2,3
-7.003,1.4,ACAAACTGCAATACGA,A113L,1,1
-7.003,4.2,ACACAATTATTAAATA,I252T,1,1
-7.003,4.2,ACCGCAACTAAAAAGA,P55W L177P T283N,3,3
-7.003,4.2,ACCTGGAACTCAATCT,L427Y,1,1
-7.003,0.8399,ACGCACAAATTTACCA,F332R,1,1
-7.003,4.2,ACTTCATCATTAAGAT,Y308R V429M,2,3
-7.003,4.2,ATAAATACCAGAACTG,R90I P227S,2,2
-7.003,4.2,ATACAGTAGCTAATCA,L314W,1,1
-7.003,4.2,ATATAAACTAACCACC,N170P,1,2
-7.003,4.2,ATCTCTATGCAGAGCA,E89T,1,1
-7.003,4.2,ATGACATAAACATGAA,A425E,1,1
-7.003,4.2,ATGGATAAGCTATTAA,L86P V490N,2,2
-7.003,4.2,ATGTGATATTTAAACC,D68F,1,1
-7.003,4.2,CAAATCAATGAAAAAA,H18N,1,1
-7.003,4.2,CACGAAAGACTGTCCG,I58R R354H,2,3
-7.003,1.4,CCAAGAACAGTAATTT,I481C,1,1
-7.003,4.2,CCACGGAGAGGGACTG,G16L I377K,2,2
-7.003,1.4,CCCCTACATCCAAAGG,Y98I,1,1
-7.003,4.2,CCTTTAATAGCCCAAA,G349E,1,1
-7.003,4.2,CGTTCTTTGAATAAAA,N22Q A336R,2,2
-7.003,4.2,CGTTGCATAAAAACTA,P221D,1,1
-7.003,4.2,CTATCCATCATAGTCC,G240P,1,1
-7.003,4.2,CTGAATCGAGCCATTA,P306H,1,1
-7.003,4.2,CTTCCATATTCCGAAA,P239R F448G Q454R,3,3
-7.003,4.2,GAATACGTTTTAATAA,,0,0
-7.003,4.2,GAATGATAGATAATGT,L194E,1,1
-7.003,4.2,GCTACCATTGAGGCAC,G49H G342C,2,2
-7.003,1.4,GGGAAGATATTGGTTA,V36W Q80W,2,2
-7.003,4.2,GGGTAAAATCGTACAG,N133I,1,1
-7.003,4.2,GTAACATCCACGACCT,G286F,1,1
-7.003,4.2,GTTCTGAATTATCAAT,T370H,1,1
-7.003,4.2,GTTGAAGACCCGTAAC,N433F,1,1
-7.003,4.2,TAAAAATAAGCAGTAC,A495R,1,1
-7.003,0.3818,TAACACAAGTGCTGAA,L71T,1,1
-7.003,4.2,TAACCACGTACTCCCA,S145R N250D,2,2
-7.003,1.4,TAATGTCCCATGATAC,N458P,1,1
-7.003,4.2,TACGACGCCTACCTTA,L59E S199N D419V,3,3
-7.003,4.2,TAGCCATAAATTTTTT,G61N,1,1
-7.003,4.2,TATAAGGTTAGCTCAA,R492Q,1,2
-7.003,4.2,TATCTACCCCAGAGTA,S149N N296I,2,3
-7.003,4.2,TATTCATATATTCATG,R90V,1,1
-7.003,4.2,TCAACCAATTTCTGAC,E123T,1,1
-7.003,4.2,TGAGAAACAAAGGCTT,A317P,1,1
-7.003,1.4,TGCAAGAGCCTCAACA,D60N K82F I437E,3,3
-7.003,4.2,TGGGTACGTACCATCC,W84A,1,1
-7.004,0.28,ATAAGGGAACCCAATA,P55N G249C,2,2
-7.007,0.3818,ATTTCTTTTATTAAAA,H435C,1,1
-7.008,0.8399,AATATACTAGTGCCTC,I478S,1,1
-7.008,0.8399,ATATTAAACTAAAATA,P221M V429R,2,2
-7.01,0.5999,AGGAACCATGATAGTT,N152S,1,1
-7.011,1.4,AAAAGTTAGCCCACAA,N357R,1,1
-7.011,1.4,AACAGATACTTCACCA,S47T G72E K450P,3,3
-7.011,1.4,AATCCAAAACAAAAAA,Y98T,1,1
-7.011,0.4666,ACAATGCAGGAAATAA,N250K,1,1
-7.011,1.4,ATATACCTTCATCAAA,P55W N298C,2,3
-7.011,1.4,CGACACTGATCAAGCA,F332H,1,1
-7.011,1.4,GGGGAAAATTAATCTG,T370F,1,1
-7.011,1.4,TAAGACTACACACATG,S9I A365F,2,2
-7.011,1.4,TAGGCGTACGCATATC,T283P R321V,2,2
-7.011,1.4,TATATTAGTACCCCTA,G72L,1,1
-7.011,1.4,TGAATTTCTTAATAGT,C64M K411L,2,2
-7.011,1.4,TGACCAAAGATTAACC,L177P E390M,2,2
-7.011,1.4,TGGGCTCCAACCTATA,L108N T436M,2,2
-7.012,0.323,TGATTAACATTTGACC,N22H R329L,2,2
-7.013,0.8399,CCATCTCGACACCCAC,V204E R482M,2,2
-7.013,0.8399,TCCGAAACCACCGTCA,,0,0
-7.014,0.4666,AAGGAAACCTGTCCTA,Y423Q,1,1
-7.014,0.4666,CCCAAAGTAGAGGAAA,L194S,1,1
-7.017,0.4666,ATCACAAGTCATATGA,G342N,1,1
-7.02,1.4,AAAACCTTCTCGTAAG,P74R,1,1
-7.02,1.4,AAAAGTATGTAGTATC,A39E E41*,2,2
-7.02,1.4,AACATGCATAGTAACA,P293G,1,1
-7.02,1.4,ACAGGCAGTTTATATA,A196V N322Y,2,2
-7.02,1.4,ATTTAAAAACATAGTC,N464R,1,1
-7.02,1.4,GGTTTCCTAAATAGAT,I34W K380Y,2,2
-7.02,1.4,GTAATGCTGGACTGCA,L447E,1,2
-7.02,1.4,TTGTGATTTAAAACCT,Y100L G349*,2,2
-7.02,1.4,TTGTGTGTTACTGGTA,L70P I260F Y423H,3,3
-7.02,1.4,TTTTAATTACCGACCA,G181S K411D,2,2
-7.021,0.5999,ATTAAAACCCATACCG,N63T G345D,2,3
-7.022,0.1448,GCATACACCGCTATTC,A372D K380C,2,2
-7.022,0.1555,CCAGGAATCACCACTA,P185S,1,1
-7.022,0.4666,GTCTACAAAAAGACAA,N152T,1,1
-7.023,0.8398,CGCCCGTTGATAAAAG,S136W,1,1
-7.024,0.247,CGAATTTACAGATTCC,C305V,1,1
-7.024,0.1448,ATAAATATAATCTCAC,G342R,1,1
-7.024,0.1555,TAGAAATAATAGACAC,P99V E449K,2,3
-7.025,0.4666,TCACTAGAATTTCCCA,P74G,1,1
-7.026,0.323,TAACATCATGTCCTGG,A138E,1,1
-7.028,1.4,AAAAAGGACACGTTTA,L455H,1,1
-7.028,4.199,AAAATTTAAACATAAC,L314N,1,2
-7.028,4.199,AAACACTAGGAATTCT,E340D,1,1
-7.028,4.199,AAACGGTTCATAATAC,A495I,1,1
-7.028,4.199,AACAAACGTCCCGATC,A212K L314P,2,2
-7.028,4.199,AACATGGTCCAGTTCA,G303D,1,1
-7.028,0.5998,AACGAATTAGGCCGTC,L409H,1,1
-7.028,4.199,AAGATTTAACAAACAC,N63K A495R,2,2
-7.028,4.199,AAGGAAAGTACAGAAC,D60R,1,1
-7.028,1.4,ACATATCTACTGGGAA,E89C,1,1
-7.028,4.199,ACATGCTTTCTTGTAA,,0,0
-7.028,4.199,ACCAAACGTAAAGTAC,A334F,1,3
-7.028,4.199,ACCAGCGTCGGGGATA,P221F R456I,2,2
-7.028,4.199,ACCAGTAAATACTCTT,L409R,1,1
-7.028,4.199,ACCTAAAACAGATATA,Q57* G78L,2,2
-7.028,4.199,AGAACTGACTCATCAG,D438H,1,1
-7.028,1.4,AGCAATCCAAACACTG,C76H,1,1
-7.028,4.199,AGCTACTGCAATGATG,L428N,1,1
-7.028,4.199,AGGATCCACACCCCGT,P185H N489D,2,2
-7.028,4.199,ATAAACAGAGCCTGGA,G352V,1,1
-7.028,1.4,ATAAATTTCCGGAGCC,G360I,1,1
-7.028,4.199,ATAAGACTATGCCCTT,G78D T313W,2,2
-7.028,4.199,ATACTTTACACTGACA,R329Y,1,2
-7.028,4.199,ATCCGTACTTAACGAC,N322R,1,1
-7.028,4.199,ATGGAGCATACATCTC,,0,0
-7.028,4.199,ATTTTTACATTCAACC,K238V L316P,2,2
-7.028,1.4,CAAACAAAGGAACATC,A459Y,1,1
-7.028,4.199,CAAAGAACCATATACA,,0,0
-7.028,4.199,CACTAACCCTATAATA,S231G T313L,2,2
-7.028,1.4,CATCTACACACTCACA,A364T Y486W,2,2
-7.028,1.4,CATTAGCAAGCTCGTC,G16I K292G,2,2
-7.028,4.199,CCGAACAGACCCAAAA,L108S,1,2
-7.028,1.4,CCTGGCCACTCCAAAT,I245E,1,1
-7.028,4.199,CGTTATATTGTCTAAA,K468P,1,1
-7.028,4.199,CTCATATATCCAACCA,V413R,1,1
-7.028,4.199,CTTATAACTCGTCAAC,G319M,1,1
-7.028,4.199,GATTAACGAGTGGGCA,I274D L455S,2,2
-7.028,4.199,GATTTAAGTAATGCCC,P215L S400A E443K,3,3
-7.028,4.199,GCTGAACATAAAATTG,V413D,1,1
-7.028,4.199,GGGTGTGGAGAACGAA,C52G,1,1
-7.028,4.199,GGTATTACAACAAAAC,V102Q,1,2
-7.028,4.199,GTATAAAGACCTCTTC,G249H,1,1
-7.028,4.199,GTGACCTCTTACGAAC,G240V P306V,2,2
-7.028,4.199,GTTGAATATTGTACAA,W350R,1,1
-7.028,4.199,TACCAAGAATCAGAAG,T313I,1,1
-7.028,4.199,TACCGGAGATAATAGA,K380P,1,1
-7.028,0.5998,TAGACTGCGTGCCGAA,Y470D,1,1
-7.028,4.199,TATAATTATATTACCT,H183N,1,1
-7.028,1.4,TATCGATGAGGTTTCT,I282R,1,1
-7.028,4.199,TATTAACTGAAGCGTC,T440P,1,1
-7.028,4.199,TCAACTTCATGAATAA,G181W,1,1
-7.028,4.199,TGAAAAAAAATACGTC,V237K,1,1
-7.028,4.199,TGACAATGATTCTTGC,A69G L111F N483K,3,3
-7.028,4.199,TGAGCCAAATATAAAC,H184Y M320I,2,2
-7.028,4.199,TGCAAAAGATAAAGGT,F294I,1,1
-7.028,4.199,TGTGATCATGCCAAGA,I34R,1,1
-7.028,4.199,TGTTTTTATAAACTAA,H435C,1,1
-7.028,1.4,TTAAAACAACCTCTGT,N322E,1,1
-7.028,4.199,TTAGAGCATTAGGAAA,Q210P,1,1
-7.028,4.199,TTGAAATCTCATACTG,L111I Y257R,2,2
-7.028,4.199,TTGACAACGCGGCCGT,H17*,1,1
-7.028,4.199,TTGCCAAAGAATCGCA,L420N A425V,2,3
-7.028,4.199,TTTTTAAACAGATCCC,W350N,1,1
-7.03,0.3817,TAAACCGTCCTTCATA,T248E,1,1
-7.031,0.4665,CTTACTTCACACAAGT,E340K,1,1
-7.031,0.4665,GAATCATGCACGAGAG,L71D Q210C,2,2
-7.032,0.323,CTCGTAATACTAACCC,L111W L243R,2,2
-7.033,0.8398,CTTGATGGCTTAAGCA,I232P,1,1
-7.033,0.8398,GACTCACACACTTATA,G240V,1,1
-7.033,0.8398,TAAGACGAAGTTGCGT,G349Q,1,1
-7.036,1.4,AATTTTATTTATGACG,F125H,1,1
-7.036,1.4,ATTATTGCATAAACCA,T248L G404D,2,2
-7.036,1.4,CAACACAAACTAAAAA,G61Y,1,1
-7.036,1.4,CAGACAGGTTTCCTAA,N133D P306E,2,2
-7.036,1.4,CGCTTTCGACGAGAAA,I179K,1,1
-7.036,0.4665,GCATGTAACTTAAACT,T318K T485Q,2,2
-7.038,0.8397,TCATAAGGTACAATTT,E398K D487S,2,3
-7.038,0.8397,TGCGAGACACTTCATT,I339P,1,1
-7.038,0.8397,TTGTCAACAAATGATA,E414N,1,1
-7.039,0.5998,TTTAACAATGGCAGCT,N246M,1,1
-7.039,0.3817,AGTCCCTCAACGATCT,E340M,1,1
-7.04,0.2799,GACGACTAGTCAAATA,A425V,1,1
-7.042,0.3817,AAGTGCATAAATACAC,F195D,1,1
-7.042,0.3817,CCAAATTATAGCCTTA,S9T S136N,2,2
-7.042,0.5998,GACTCTGACGTCTTGA,A19G,1,1
-7.042,0.5998,GTTTGATTAATTCGAC,D438R,1,1
-7.042,0.221,CAAGCATCAACATAAA,V182Y I418A,2,3
-7.043,0.8397,TACGTGCGCATGCTAA,M444D,1,1
-7.043,0.8397,TCTTCCCAAGCGGCTC,R492I,1,1
-7.045,1.4,AACGATAATACCCCTT,N170Q,1,1
-7.045,0.4665,ACCTGAGAACCATCGA,S136I R307Y,2,2
-7.045,1.4,CCATTGATTACCAAGG,F148G,1,1
-7.045,1.4,GAGGACGAGTGAGCAG,I331E,1,1
-7.045,1.4,GATATTGTCTAAGTCG,I339M N458T,2,2
-7.045,1.4,GGTTCGATTACTAAAA,A495W,1,1
-7.046,0.5998,GAGCGAACTTAACAAG,C52T H184Y,2,2
-7.048,0.221,GAAACTCGGAAAAAGC,L316N,1,1
-7.048,0.8397,AAAAAGCTGGACCTAA,R220I R222C,2,3
-7.048,0.8397,AAACAACCACCTCCTC,L70R L427A,2,2
-7.048,0.8397,AATTAAAAAATTAAAA,G72Y Y423N D438N,3,3
-7.048,0.8397,ATACGGACATTCCAAT,E172* S231M,2,2
-7.048,0.8397,ATATTATAAACTAATA,I481D,1,1
-7.048,0.3817,ATCTCGACAAAATAAC,D101N E410K W421* C473S,4,4
-7.048,0.3817,GGTCTCTGAGAAAATG,N296I,1,1
-7.051,0.3817,CCGGTGCCTTATGCCA,E414P,1,1
-7.053,0.8397,AAATTACCTAGCGATT,L314P Q454A,2,2
-7.053,1.399,AAGTCCGATTACAGAG,S270Y,1,1
-7.053,1.399,AATGATCTCACAGCCG,R33*,1,1
-7.053,1.399,ATATAACACTATAAAC,G362R,1,1
-7.053,1.399,ATCAAGGTTACCTAAA,G249E,1,1
-7.053,1.399,ATTAATTGTAATCCAA,V204C,1,1
-7.053,0.8397,CAACAACATGCTCAAA,W234R,1,1
-7.053,1.399,CAATTATTAAACAACC,A495R,1,1
-7.053,1.399,CACGAGTTAAATCGAA,L15F,1,1
-7.053,1.399,CCAGCCCATGAGCAAG,P306T C477F,2,2
-7.053,1.399,CTACAAGATAAAGGCG,F147T,1,1
-7.053,1.399,GAACGGTTTGTCCAAG,F148S,1,1
-7.053,1.399,GTTATACTCTAGCCGT,D487C,1,1
-7.053,1.399,TAACCTTACATACAAT,N31D N246T,2,2
-7.053,0.8397,TCTCCGGGTCCAATAA,L439E,1,1
-7.053,1.399,TTAGCAAAAACATACA,Y412C,1,2
-7.053,4.198,AAAAGATCAAGACACC,C76S Y98M,2,2
-7.053,4.198,AAACGCCCTACCCTTT,T440I,1,1
-7.053,4.198,AAAGTGATTCCACATA,Y470R,1,1
-7.053,4.198,AAATAAAGAAATCATA,Y257M,1,1
-7.053,4.198,AAATTAGTTCCCAGAT,K292Y L439T,2,2
-7.053,4.198,AAATTTGGGACAACAC,D366W,1,1
-7.053,4.198,AAATTTTCATAATGCT,G16D I339Y,2,2
-7.053,4.198,AACGCCCAGGTCACTA,S287L,1,2
-7.053,4.198,AACTCGTATATTTTAA,Y308G,1,1
-7.053,4.198,AAGTGCTCCATGTTTA,H17S,1,1
-7.053,4.198,AATAAACAACACCACA,G360V,1,1
-7.053,4.198,AATGACGACAGACGCT,S270E,1,1
-7.053,4.198,ACAAAACAATGACAAA,G134D V213H N497I,3,3
-7.053,4.198,ACAAAAGTCACTCCTG,G61N,1,1
-7.053,4.198,ACAACAAATAAAGAAG,R329V,1,1
-7.053,4.198,ACACACATACTTATTT,I274C E432K,2,2
-7.053,4.198,ACGAGAGACTTTTGGA,D461K,1,1
-7.053,4.198,ATAAATCAAATATAAA,F353S,1,1
-7.053,4.198,ATCACTAGAAACCCTA,V297K K417E,2,3
-7.053,4.198,ATCGATAGCTAAACTT,L70Q,1,1
-7.053,4.198,ATGCATCAATATTGAA,V102K F353C,2,2
-7.053,4.198,ATTGTTAGACCAGAAA,N250L,1,1
-7.053,4.198,CACAATCACAAAGGCT,D104I N158S,2,3
-7.053,4.198,CACGTCCATCTCCTAA,T451D,1,1
-7.053,4.198,CAGCTTCAAGAACGTG,A364Q,1,1
-7.053,4.198,CAGTACCTAACCAACT,N126K Y486C,2,2
-7.053,4.198,CCTATCGTTTTAAAAG,F467D,1,1
-7.053,4.198,CGAAAGCAAAAGATCC,L177T T451M,2,2
-7.053,4.198,CTAAATTTGAGTAATA,S115L G200E,2,2
-7.053,4.198,CTCTACATAAAACACC,K264E A373D,2,2
-7.053,4.198,CTGAACTGAGAAAGAA,L66P L111E S422R,3,3
-7.053,4.198,CTTGACACATAACCAC,R499A,1,1
-7.053,4.198,GACCACGCCACCAACA,S228L,1,1
-7.053,4.198,GCAGAGCTAAAAACTA,T440N,1,3
-7.053,4.198,GCGTCAGACCACTTGC,R255P,1,1
-7.053,4.198,GGACCACTGAAGAACA,T40G,1,1
-7.053,4.198,GGGAAACTCGAATAAC,Y161W Q191L,2,2
-7.053,4.198,GTCATCCCACAATATA,W127K R299P,2,2
-7.053,4.198,GTCGCTTTCATAGACA,S146R,1,1
-7.053,4.198,TAAATTACTCTCAATT,P293R T388G,2,2
-7.053,4.198,TACCCCAGATGAATAT,R492Q,1,1
-7.053,4.198,TCATCGAGCTGCAAAA,L71K,1,2
-7.053,4.198,TCTAGAAAAACCTATA,P254L,1,1
-7.053,4.198,TCTCACGAAAATTTTA,D73N I252N E398K H471V,4,4
-7.053,4.198,TCTGATTTCGAAAAGA,A39T L314P A336E E443K,4,4
-7.053,4.198,TGACTTGATTGAAATC,G116V,1,1
-7.053,4.198,TGATGGTACATATCAA,Y308P,1,1
-7.053,4.198,TGCAATATCGAATCGA,N464E,1,1
-7.053,4.198,TGCACTAACTAAACTA,Q57A L66P,2,2
-7.053,4.198,TGCCGATTGACGTTGC,H17L C473L,2,2
-7.053,4.198,TGGTCCTCTTCGCCCC,G134F,1,1
-7.053,4.198,TGTATGATTATAATGC,I469Y,1,1
-7.053,4.198,TGTGAAGCCGGACCAG,F353G,1,1
-7.053,4.198,TTAAAATTAAGCACTT,W421I,1,1
-7.053,4.198,TTAATCAGTAAATTAA,E35D G249E,2,2
-7.053,4.198,TTATCCAATACGCGCT,G72Q,1,1
-7.053,4.198,TTCTGTTAGGAGTCCA,Y100K,1,1
-7.056,0.4665,CCTTACATGACGTCAA,G465K,1,1
-7.056,0.5997,ACCATGCCGTGGCCGT,D73R,1,1
-7.056,0.5997,TACAATCACGAACGTT,N458C,1,1
-7.058,0.8396,AAAAAATCACAGACCA,T65P,1,1
-7.058,0.8396,GTAGAATTTCATTTCA,N38D D241M,2,2
-7.06,0.3817,CACAATTCCCGAATCC,G386E E410K K503W,3,3
-7.061,1.399,AACAATCGTGAGTCTA,I236P,1,1
-7.061,1.399,CAACCGAGTAAATAAC,I67W,1,1
-7.061,1.399,CATCTAAGTAAATATT,W343S,1,2
-7.061,1.399,CTAACTAACTAGTTCC,G303P,1,1
-7.061,1.399,CTACGGTGCTCCTTTC,Q434I,1,1
-7.061,1.399,GCACAATAATTAGGCA,Q191*,1,1
-7.061,1.399,GGGAATACAACCTATT,I339W,1,1
-7.061,1.399,TAAATAAAAACAATAT,D73Y,1,1
-7.061,0.2799,TAATAACCGATCCACA,Q1L G360S,2,2
-7.061,1.399,TCAGGAAAGATAAATT,D241P,1,1
-7.061,1.399,TTAATGGTCTAGGACG,N296R E398K,2,2
-7.061,1.399,TTTATAATAAAACAGT,G342N,1,1
-7.062,0.3816,TATGATGCAATAATCT,N158S V406G,2,2
-7.063,0.1272,GAGTAAGATCCATCCA,I29N D271S,2,2
-7.063,0.8396,ATTGCCTTAATCCATA,A336V,1,1
-7.064,0.3229,ACAAATTATAAATATT,L316H V402M,2,2
-7.065,0.1999,TACAATGAAGCGCTAC,D474R,1,1
-7.066,0.4664,TATACCCATCTACCGA,R307I R492M,2,2
-7.066,0.4664,TGGTACACAAAAACTA,A39T V204L,2,2
-7.068,0.8396,GAAAATCATAAACCCA,F294S,1,1
-7.068,0.8396,TCAAGATCCTTCTTAA,D415N R492C,2,2
-7.069,1.399,AAGAAGACGTCCTGTT,T65V E457K,2,2
-7.069,0.4664,AATTTTTGATTTTTTA,Q173T L316A,2,2
-7.069,0.4664,ATACCTTCTATCTAGA,L367P,1,1
-7.069,1.399,GCACAACAAGGCACTA,L243N,1,1
-7.069,1.399,GGACATAGCTATTCTA,C64S P169S,2,2
-7.069,1.399,TATTGAGCGCGAACGT,N250E,1,2
-7.069,1.399,TGAATGTTCAAATTGC,E123C,1,1
-7.069,1.399,TTATAACGCAAAAAAC,D73Y,1,1
-7.069,0.1354,CTAAAAAGCCTATATC,G330D,1,1
-7.072,0.1825,GCATCACACCAAAAAG,G249P,1,1
-7.072,0.8396,AAGCACATGTAGTATA,N152I,1,1
-7.072,0.8396,CATACATCGTAGAATT,C97T,1,1
-7.072,0.2799,CCATTCAATTGACTGA,Y257M,1,1
-7.072,0.8396,CTCTCAAGACTCTAAT,K380E,1,1
-7.073,0.3816,CATAAAGTGCAAGTCA,P221V,1,1
-7.077,4.198,AAAAAAGAATAAAAAG,R220Q G386E E398K,3,3
-7.077,4.198,AAAAACAGCAGGGAAG,,0,0
-7.077,4.198,AAAACTCTAACTCGGA,D32E L316P,2,2
-7.077,4.198,AAAAGCAAATAGAAGA,G345K E443K,2,2
-7.077,4.198,AAAATAAATTCAGATA,W234T,1,1
-7.077,4.198,AAAATGAAAAAAAATA,N458F,1,1
-7.077,4.198,AAAATTTAACAAAATG,S219D R224I,2,2
-7.077,4.198,AAATAGTTGCTGTGAC,D104K D461T,2,3
-7.077,4.198,AACATTCTCGAATATA,,0,0
-7.077,4.198,AACCGGTAAGTAGATT,P284H A430W,2,2
-7.077,4.198,AACCTATCAATCTAAA,A253W D415N,2,2
-7.077,4.198,AACTAAGCTATCTTTT,Q434F,1,1
-7.077,1.399,AAGAACCGTAATGTAC,D348R,1,1
-7.077,4.198,AAGTTATGAACCAAAT,S9*,1,1
-7.077,1.399,AATAATCCTGGCCTGA,C64N,1,1
-7.077,4.198,AATACCACAACCCTAA,Y178L,1,1
-7.077,4.198,AATAGAAATGGAGAAA,G349D,1,2
-7.077,4.198,AATATTTGCTTTCCTA,I335D G342C,2,2
-7.077,4.198,AATTCTAACCATTTAA,S228G,1,1
-7.077,1.399,ACCATACCCTTAAAAT,K2R I469K,2,2
-7.077,4.198,ACTTCAAATTTCTCAG,L15H,1,1
-7.077,1.399,AGCTTCTAAGGGAGTG,E340F,1,1
-7.077,4.198,AGGTCCACTCATATAA,V130L G303S,2,2
-7.077,4.198,AGTAATACATGAACCA,Y257I,1,2
-7.077,4.198,AGTACTAACCACATTC,G333H,1,1
-7.077,1.399,AGTCGTAGTTTATCAT,T235P,1,1
-7.077,4.198,AGTGAGAGTTTTCTCT,L71N,1,1
-7.077,4.198,ATAAGAATTAATTAAT,F195D,1,1
-7.077,4.198,ATCAACGAAATGATAT,F332E,1,1
-7.077,1.399,ATCCCAAAACATAATT,G345D E443Q,2,2
-7.077,4.198,ATTCAAGGACACACAA,Y178P,1,1
-7.077,0.8395,CAAATTGTCTCCGAAT,C64K S209D,2,2
-7.077,4.198,CACACCCGTTTTTCAT,E414P,1,1
-7.077,4.198,CACATCTACACACATA,N445P,1,1
-7.077,4.198,CAGATTCTCCTGTTTA,L427D,1,1
-7.077,4.198,CAGGCCCCTACTAATC,R255Y I418W,2,4
-7.077,4.198,CAGTCACCCTCTAACG,F125E I232N E396K E414K,4,5
-7.077,4.198,CATTAAAAGAGCCGTA,D241L,1,1
-7.077,4.198,CCAGATTTTTAAACCA,L157E I331N,2,2
-7.077,4.198,CCCATATTCAAACTAT,G5V C305R V490I,3,3
-7.077,4.198,CCCCGAAACGGATGAC,D366W,1,1
-7.077,0.3816,CCCGATACTATATCAC,A459M,1,1
-7.077,4.198,CGGATTTTAATGCATT,L42Y G349Y,2,2
-7.077,4.198,CGTAATAATACACAGA,Y423G,1,1
-7.077,4.198,CTATATTAGTTGCTTT,R261L S266W L384K Q394R,4,5
-7.077,4.198,CTATGATATCCTAACC,,0,0
-7.077,4.198,CTCTTAAAATTATGAC,A364E,1,1
-7.077,1.399,CTTGAACCCAAATAAC,R492S,1,1
-7.077,1.399,GAAACCTATACAATCT,G286H,1,1
-7.077,4.198,GAAATGTGAGCATTCA,P99E R499V,2,3
-7.077,4.198,GAACTAACAGAGCACA,V36L D85T,2,2
-7.077,4.198,GAATAATCCAAACATA,Y105Q G116F,2,2
-7.077,4.198,GATATATAAACTTACT,Y161A T328A V406A,3,3
-7.077,4.198,GCAAAACCTGTAGACT,I469Q,1,1
-7.077,4.198,GCAGAGTTAAACCAAC,C97A C466- F467- K468- I469- Y470- H471- K472-,8,8
-7.077,4.198,GCGAACAACCGTAAAA,L13P F338V,2,2
-7.077,4.198,GGGCCACTTAAGTCCC,,0,0
-7.077,0.8395,GTACAATATGGTTTTT,M320N,1,1
-7.077,4.198,GTCTGCCCTCAGAAAA,T313K I469C,2,3
-7.077,1.399,GTGCTCCACTGGAAGT,I478T,1,1
-7.077,4.198,GTGGCCTTTCTCAACG,L71R,1,1
-7.077,4.198,GTTGATGACCCAATAC,G319N,1,1
-7.077,4.198,TAAAACGAATACCTAT,N170W Q197R V204A S205C T206W K207L S209L Q210V Q211L A212T,10,11
-7.077,4.198,TAAACTGGTTAACAAA,N322M,1,1
-7.077,4.198,TAGCCCATTTACGATG,S270D,1,1
-7.077,4.198,TATAGATAACGAATTA,T206K,1,1
-7.077,4.198,TATATCCGCTTCACCT,Q363H N433Y,2,2
-7.077,4.198,TATCATCATATGCAAT,F338N H355W,2,2
-7.077,4.198,TATCCTATCGCACTCC,L151R C466Y,2,2
-7.077,1.399,TATTTACTGAAGATTG,S136F,1,2
-7.077,4.198,TCACTCGTGAGGCACC,K207P C466D,2,2
-7.077,4.198,TCCACTATATACGTTA,I230E,1,1
-7.077,1.399,TCCCGCAACAAAATAG,C305Y K503P,2,2
-7.077,4.198,TCTCAATATGACCACT,W127D,1,1
-7.077,4.198,TGAAATGTTGTGCCTT,L71W,1,1
-7.077,4.198,TGAGAAAAGCTTTCCA,F332E,1,1
-7.077,4.198,TGCGATCCACGAATAC,A163P R321A Q434R N497S,4,4
-7.077,4.198,TTAATATATTTAACTT,H471W,1,1
-7.077,4.198,TTATCTAGACCGAAAA,Y100A D441N,2,2
-7.077,4.198,TTGTTCTCAATAAGAC,A138D V413H,2,2
-7.079,0.3816,AGGAGAACGTGTAAAA,A163E I385C,2,2
-7.081,0.5997,TATTGACAGTTATTTA,S228L,1,1
-7.082,0.8395,AAGAACGAGTCTATTT,M168Q R499I,2,2
-7.082,0.8395,GAAGAAGCTACAACTT,R109P,1,2
-7.083,0.4664,AATATCACCAACATCA,G360I R482D,2,2
-7.085,1.399,AAAGAACATACTTAGT,P254H M320D,2,2
-7.085,1.399,AAAGTAGAATCACAAA,F500P,1,1
-7.085,1.399,AGTTAATAACAAAAAT,Y98F S107V R255Y R299Q,4,5
-7.085,1.399,ATCACTCTAATGATAT,A163L C281V L384M,3,4
-7.085,0.4664,ATTAGAAAGAAAACTA,G16N P324W,2,3
-7.085,1.399,CTATTTAAAGCAAAGA,S287W,1,2
-7.085,1.399,GAGCTATCTACAAACT,S115R L420R,2,2
-7.085,1.399,GAGGCTTTGACTTGGA,I179E,1,1
-7.085,1.399,GTTAAATTCTCACGAA,I478Y,1,1
-7.085,1.399,TGAATCGTATCAAAAC,P293G,1,1
-7.085,1.399,TGCAAATCCAGAATCC,F148S E449Q,2,2
-7.085,1.399,TTGGTAGTAATAACAA,T436K,1,1
-7.085,1.399,TTTTGGCCCATTCATA,P306D,1,1
-7.087,0.8395,AATCTATCCACTGCTG,N298Q Y423S,2,2
-7.087,0.8395,CGATCACGTAGTTAAG,D474L,1,1
-7.087,0.8395,TTTTGCTCTACATGAA,D68L,1,1
-7.088,0.5996,AAACACCTTCGTGTAT,A11L,1,1
-7.088,0.5996,TCAAAACATCCCTACA,Y423A,1,1
-7.092,0.8395,CTACTACTGCTAACAC,L15G S266M,2,2
-7.092,0.8395,TAACTTGCCAGTAGAT,G333A,1,1
-7.093,1.399,AAAAAACTTACATCTT,L71A F467G,2,2
-7.093,1.399,AAAGACAAAGGAGCTT,S228E,1,1
-7.093,1.399,AGAAAATCCTAACCCT,A163T G218T L381G,3,3
-7.093,1.399,AGCCCAATATGAATCC,C52Q,1,1
-7.093,1.399,CCATAACACCTCATAT,F338Y,1,1
-7.093,0.4664,GGACGTAATTAAAACA,R222W L251M,2,2
-7.093,1.399,TAAATATACGATGTTA,E432I,1,1
-7.093,1.399,TCATTTGATGCGACTA,G352R,1,1
-7.093,1.399,TGATCTGATCCCCCAA,A253D Q407V,2,2
-7.093,1.399,TTACTATCGATAACGC,E41T V213E,2,2
-7.094,0.3229,CGCCAAAGGTTCCCCG,P185W,1,1
-7.095,0.1679,TATGCTTATTTTACCG,A253V,1,1
-7.097,0.8395,AACCTCAATTAACTAA,Q191L,1,1
-7.097,0.8395,AATCCACAAAACTCTG,Q407R N458E,2,2
-7.097,0.3816,AAAATAGTACGAATGG,G23Y,1,1
-7.098,0.5996,TAGAAAAATTTTAATA,S193E,1,1
-7.098,0.2798,AAAATATACAGCAACA,V413Y,1,2
-7.101,4.197,AAAAAGAAAAAATTAG,C281A,1,1
-7.101,4.197,AAAAATCTTGCAAAAT,N152G,1,1
-7.101,4.197,AAACACACAAACACCT,I179D,1,2
-7.101,4.197,AAACCCCTTATATAAA,S137D,1,1
-7.101,1.399,AAACCTGAGGTTCACG,K176E P324W,2,2
-7.101,4.197,AAACTCAACTCTTTGC,G345V,1,2
-7.101,4.197,AACAATCAACTAGTTA,G345Y G465M,2,2
-7.101,0.8394,AACACCAAACAGGCCC,I267D,1,1
-7.101,4.197,AACGGTCATAATGCGC,A253C,1,1
-7.101,4.197,AAGGTTTAGGCTGAAA,R492H,1,1
-7.101,4.197,AATAAGTCTCTACCAA,V20L D60I,2,2
-7.101,4.197,AATTATTACCAGAAAG,V43M,1,1
-7.101,4.197,AATTATTAGGATTTTC,A19I,1,1
-7.101,4.197,AATTGAAAAACGAAGC,R229Q K315T,2,2
-7.101,4.197,ACATCAAATCCAGACA,,0,0
-7.101,4.197,ACTACGTAAGAACAAA,L15Q,1,1
-7.101,4.197,AGCAATTGTTCTACTG,V237E,1,1
-7.101,4.197,AGCGTCCTTCTGGATC,Y98R,1,1
-7.101,4.197,AGCTAGAACTATACCT,P306L,1,3
-7.101,4.197,AGTAAAAACGGATGTC,D225Q L409K,2,2
-7.101,4.197,AGTAAATAAATATACC,P4F A19Q,2,2
-7.101,4.197,ATCATAAATGCATCCT,C64R S156Y,2,2
-7.101,4.197,ATGTAAATACTAAATA,S369Y N458M,2,2
-7.101,4.197,CAAAAAACATTGTAAC,W84C N152W,2,2
-7.101,4.197,CAAAAAGAATTCAAGA,L194Y,1,1
-7.101,1.399,CAACCGACGAAAGGAC,P293S N433V,2,2
-7.101,4.197,CAATCCAAACCTTAGG,I267Y Q434*,2,2
-7.101,4.197,CACAAAACATGCAACT,R329S E396G,2,2
-7.101,4.197,CACGAGTACTGGAAGA,E119F I230F,2,2
-7.101,4.197,CAGATACCGAATCCCG,W84G,1,1
-7.101,0.8394,CAGGACGAGCAATCCA,T206Y,1,1
-7.101,0.8394,CCAACGGCTTACCAGG,L420W,1,1
-7.101,4.197,CCATAAACCATCATAA,F448S,1,1
-7.101,4.197,CCGTCGATGATCCACT,M320W,1,1
-7.101,4.197,CCTAACGATATACCTA,E35K D419K,2,2
-7.101,4.197,CCTCCATTTCGAGCAC,C305G,1,1
-7.101,4.197,CGGTACATATTAAATG,L420G,1,1
-7.101,4.197,CTAACGAAACATCAAC,V20N Y233N,2,2
-7.101,4.197,CTAGAGAAAAGATTAA,F392W E398K,2,3
-7.101,4.197,CTAGAGCATACCCATC,N458E,1,1
-7.101,4.197,CTAGCGCAGAGGTTCG,I288H,1,1
-7.101,4.197,CTGACCGTCACCAATA,C64K,1,1
-7.101,4.197,CTTTCGCGAATCATCG,G61R,1,1
-7.101,4.197,GAACTAGTTAACCCAG,L420R,1,1
-7.101,0.8394,GAGCGGGTGTTTCAAT,F147R,1,1
-7.101,4.197,GGAAGAAGTAACACAC,E340R,1,1
-7.101,4.197,GGACACTAGTCGACAA,L151Q,1,1
-7.101,4.197,GTAAGATCAAATGTCC,F332Q,1,1
-7.101,4.197,GTCGGCGTAAATACCG,N322E,1,1
-7.101,4.197,GTGAAAATAATTTAAG,I58N,1,1
-7.101,4.197,TAAAGAATCGTTCAAC,A364E I469R,2,2
-7.101,4.197,TAAATAACTATAGAAA,L455P,1,1
-7.101,4.197,TAACGATGTCCATCTG,I252R,1,1
-7.101,4.197,TAATCATAATGTTAAA,F87N T370A,2,2
-7.101,4.197,TAATGTTATAACTAGC,V323G,1,1
-7.101,4.197,TAATTACGATGTAATA,N170T,1,1
-7.101,4.197,TCAACGTAAAAAAGGA,F147I,1,1
-7.101,4.197,TCATAAGACCTCGTTA,G72H,1,1
-7.101,4.197,TGACAAAGCTAAGACG,E123M,1,1
-7.101,0.4664,TGATCCCAGTACCCCA,M268A,1,1
-7.101,4.197,TGCTCTCTTTTTATGA,G319M,1,1
-7.101,1.399,TTATGCCAATAATGTC,E280A G352M,2,2
-7.101,4.197,TTCCATACCCTCATTG,H56E,1,1
-7.101,4.197,TTGTTGCGGCCAAATT,T248D K452C,2,2
-7.106,0.8394,AAATACTCCATATAAA,A163S D474C,2,2
-7.106,0.8394,AACAAGACAACATGAT,N31K L118C,2,2
-7.108,0.5996,CTGAACTTAACTGAAT,G349C,1,1
-7.108,0.5996,GAAGAAATAAATAGAA,R229K W234C,2,2
-7.109,1.399,ACATGTATATCCATTC,E325H N458K,2,2
-7.109,1.399,ACCCTTCTTTACTCCA,A317F,1,1
-7.109,1.399,AGCACAATTCAAAACC,W343N E403L,2,3
-7.109,0.4663,CCAAAAGTCAAAGTTC,S228D,1,1
-7.109,1.399,CCGGCTACGCCATTAC,V130G,1,1
-7.109,1.399,GAAACAACAACAAACC,V112A F294C,2,3
-7.109,1.399,TCACGCAATCCAATTA,P185F,1,1
-7.109,1.399,TCCGAATGGTTGATAT,I437Q,1,1
-7.109,1.399,TGTTGTAAGTATCTTC,K452D,1,1
-7.109,1.399,TTCAACCAGCAATCCT,T206R,1,1
-7.109,1.399,TTTCCTGCGCCACTAG,F258A,1,1
-7.111,0.8394,AGGATACCTTCAATCA,G78W L496A,2,2
-7.111,0.8394,ATATACATCTAGAAGT,G23S T128Y R321L T388Q,4,4
-7.111,0.8394,CATCGCATAAAAGCCG,V429S,1,1
-7.111,0.8394,CGACCGTAGTACTCAG,D474Y,1,1
-7.112,0.5996,CCACCGCTATAACTAT,L455G,1,1
-7.114,0.3815,TAGATAAGGTAAAATT,Y308M E398K,2,2
-7.115,0.4663,GAAAAACGATTGACAT,G330E,1,1
-7.116,0.8394,AAAATCAAAAAATGGT,I252T,1,1
-7.116,0.3228,ATCCCCACACTGCCAA,K326Q G333C,2,2
-7.117,1.399,AAAGAGACAAGGAAAT,P185Y D419N W421*,3,3
-7.117,1.399,AGAACAGCTTCAAATG,L431R,1,1
-7.117,1.399,CCCAAATACACTAATA,G23M,1,1
-7.117,1.399,GATCATACCAAACCAT,I202G V323A,2,2
-7.117,1.399,GCACCACATTACTTCA,S219T Q407R G465R,3,3
-7.117,1.399,GTATTTAACTGATTCA,T248F,1,1
-7.117,1.399,TAAATAGGAGCTATAG,C14T,1,1
-7.117,1.399,TAACAAACAGAACTCA,G129S I245N,2,2
-7.117,1.399,TACGCTAACAACATCA,I3*,1,1
-7.121,0.2469,CCACCCGACACATACA,N322Q,1,1
-7.122,0.5995,AGACATCCCCTAAAGA,G349I,1,1
-7.122,0.5995,CCCCAATAAATCTTCA,A373L,1,1
-7.122,0.2798,TGACTCAATTGAATCA,H488L,1,1
-7.122,0.4663,CCTTTGCCTTACACAT,S136E,1,1
-7.124,0.1679,TCCAAATCCCGCACCA,P239W,1,1
-7.124,0.1272,CAAGTCTATAGATATG,G342S K468I,2,2
-7.125,4.197,AAACCCCAAAAGACCA,H471M,1,1
-7.125,4.197,AAACTTAGAAATTAGG,L384P V402G,2,3
-7.125,4.197,AAATAGAATCCCAATT,D186V,1,1
-7.125,4.197,AAATGTCACGCCGTTA,C139M R141I,2,2
-7.125,4.197,AAATTAAAGAACATTA,L86G I260K,2,2
-7.125,0.4663,AAATTTTACTCTCCCT,L151Q Q295R,2,2
-7.125,0.4663,AACCATACCCATGACC,P254A,1,1
-7.125,4.197,AACTAAAACAATAGTA,E35*,1,1
-7.125,1.399,AACTCTAAAAATATTG,I245P,1,1
-7.125,4.197,AAGGTTATAATCTAAA,M444H,1,1
-7.125,4.197,AATTCATAGCACAGCT,V26L,1,2
-7.125,4.197,ACCAAAATAATGGCCC,N357V,1,1
-7.125,0.8393,ACCAAAGCCAGAAATA,M320W,1,1
-7.125,4.197,ACCAATGATCGAGCTC,V112I N464R,2,2
-7.125,4.197,ACGCAAGCCAACTTTA,L367P,1,1
-7.125,4.197,ACGCTTTTTAAGACTA,A19H F467Y,2,2
-7.125,4.197,ACGGTATTTGTCTCCA,E340C,1,1
-7.125,4.197,AGACAGAGGTAACCGG,L157N E280D E410P,3,4
-7.125,4.197,AGGCCCCATGAATCAA,A365E,1,1
-7.125,4.197,AGTAGAAAACTATACT,D60P,1,1
-7.125,1.399,AGTCCACACTACCAGA,L244S E414K,2,2
-7.125,0.8393,ATAAATAAACTAATTG,F500S,1,1
-7.125,4.197,ATACATGCCCACCAAA,A495G,1,1
-7.125,4.197,ATAGGCGAACCCCCGT,Y486V,1,1
-7.125,4.197,ATCATAATTACATATC,S145V G349K,2,2
-7.125,4.197,ATGGTAACACCTAAAT,P306W,1,1
-7.125,4.197,ATTAAAAGTAGTATCT,K259C,1,1
-7.125,4.197,ATTAACTCAAACAATT,,0,0
-7.125,1.399,ATTATCCAATTAATGA,G319M,1,1
-7.125,4.197,ATTTACTTGAACGTTC,L409G,1,1
-7.125,1.399,CAACCGATACTAAACC,G62I L367W E396K,3,3
-7.125,4.197,CACTAATCAATCCGAA,E41A G504D,2,2
-7.125,4.197,CATTAACAGGCACTCA,T12P,1,1
-7.125,4.197,CCAGCTAAAAGGTAAT,V413E,1,1
-7.125,4.197,CCAGTCGGAATAAAAA,N53L I236G,2,2
-7.125,0.5995,CCTTTACCCGTTAAAC,I51N,1,1
-7.125,1.399,CGAATGTCACAAACTG,I245Y G330S,2,2
-7.125,4.197,CGCAAGAATCACATAT,A365G E410K,2,2
-7.125,4.197,CGTAAACGACCACTGC,S149N G342H,2,2
-7.125,4.197,CGTTGCCGTTCACCCC,D175W,1,1
-7.125,4.197,CTAAACTTCTGTCATA,T451E,1,1
-7.125,4.197,CTAACAAACCAATATA,F87N T155A,2,2
-7.125,4.197,CTACATTTAATACTAA,T135I R255P,2,2
-7.125,4.197,CTACTTAGGTTCTCAT,K176V S209R,2,3
-7.125,1.399,CTCAAAGTACTTCTAC,R224I,1,1
-7.125,4.197,CTGCAAGACCGTGCAC,A163E L177R,2,2
-7.125,0.8393,CTTGAAAATTAAACAT,N190K A253K,2,2
-7.125,0.8393,GAACATGATTAACCTA,R499H,1,1
-7.125,4.197,GAACCAAGAAAAAGTC,I377Y,1,1
-7.125,1.399,GATAAAAATATATTAA,E398K W421M,2,3
-7.125,4.197,GATTAAAATCGATGAC,A113T M462T,2,2
-7.125,4.197,GCCTGAAGTGAATAGA,C52K W421S,2,2
-7.125,4.197,GGCACTACCCCTCCCA,N170P,1,2
-7.125,4.197,GGCTTGTAACCATAGA,K121S C277Y,2,2
-7.125,4.197,GTACTATAACAAACCC,G200C R255S,2,2
-7.125,4.197,GTATCATGAGCCTAAG,G240S,1,1
-7.125,4.197,GTGCATACCGAGGACA,V20K D68W,2,2
-7.125,4.197,TAAAATAATTAAGGAT,W84L,1,1
-7.125,4.197,TAAACCCACACAGCAA,C139Q C466E,2,2
-7.125,4.197,TAACTCTTCATCTCGG,A317S Q356*,2,2
-7.125,4.197,TAATATGGTCCAACTC,I179Y,1,1
-7.125,4.197,TAATCCTTCACAAATG,E35K R492G,2,2
-7.125,4.197,TACCCTATGAAAAAAC,F87H,1,1
-7.125,1.399,TACTGACTAATAACGC,V102G,1,1
-7.125,4.197,TCAAGAAGCATACAAA,E396K Y486A,2,2
-7.125,4.197,TCTTCTTAGATCTTCA,N250I,1,1
-7.125,4.197,TGAAAAAAGAGCTTTA,E460W,1,1
-7.125,4.197,TGAGAGTCGATAGAGA,F120V,1,1
-7.125,4.197,TTAATTTCACCAAAGA,C52D,1,1
-7.125,1.399,TTGCATTTGAAAAGGA,A336Y,1,1
-7.125,4.197,TTGTTATAAAACATGC,W153I N382D,2,2
-7.125,4.197,TTTTTTCCATAACTAG,H18P,1,1
-7.126,0.1825,AGTATACGCTAACATT,T155I F195T,2,2
-7.128,0.5995,ATTTTCATAATACCCG,A19M I245A,2,2
-7.13,0.8393,CCTTCATTCAAACGGG,F120I L151D,2,2
-7.13,0.8393,CTCGCTTTATTTCAAG,I214E A495R,2,2
-7.132,0.2468,AATAAAAATAAGGGTA,L384T H393V,2,2
-7.133,1.399,AAACAAAGTAAGGTAC,D474Q,1,1
-7.133,1.399,AAATACCACGGAAGGG,,0,0
-7.133,1.399,AACAAGCCGAGAGAGA,E403K Y423I,2,2
-7.133,1.399,AAGTCTAAATATAATA,A317D,1,1
-7.133,1.399,AGAACCGGAATCCCAA,V182I E398K E410K,3,3
-7.133,1.399,TAAGACGCTGATAATC,R90Y E325R,2,2
-7.133,1.399,TTAAACTTAAAGTAAA,S193C,1,1
-7.134,0.8393,ACGTATTGGAGAGACT,S199R T203M D348Y,3,3
-7.134,0.8393,CAAATATACCGGGCAC,G49E S369R,2,2
-7.134,0.8393,GAAAATTCAATCTTAA,L15F,1,1
-7.136,0.1134,ACCCATCCCTCTCTCT,S137D D175Y,2,2
-7.138,0.3815,CATACGTCATACCCTT,I331Y,1,1
-7.139,0.8393,AAAATCAAATGAGTGC,S287L,1,1
-7.139,0.8393,GAAAGGTCTAGAATCA,I202E,1,1
-7.141,1.399,ACACATTAAATACACA,I437D,1,1
-7.141,1.399,ACATAATCCTTGTAGC,H183D,1,1
-7.141,1.399,ATATATTATATAACAC,H488K,1,1
-7.141,1.399,CTTATAAATCATGAAT,S231V L251P,2,2
-7.141,1.399,GCTCAGTAAAATGCAC,Y486P,1,1
-7.141,1.399,GGAGTCCCGCACAGCC,F338R,1,1
-7.141,1.399,GGTATTTCCGAGCTCA,N190K,1,1
-7.141,1.399,TCCTCTTCCACATGCG,G319D W343C,2,2
-7.141,1.399,TTTCCATAACCTACGA,Y351V,1,1
-7.142,0.3815,ACTTGCAAAGAAAAAG,G330M,1,1
-7.143,0.3228,TAGCACAGTAACATAC,E457K,1,1
-7.143,0.4662,AATATATGCCAGCAAA,T248N P324Q,2,2
-7.143,0.4662,ACATAAAAGACGCGAC,L194D,1,1
-7.144,0.2468,CCTCTTATACGTATCC,I245A,1,1
-7.146,0.4662,TAGCACATCTCCACAG,A495G,1,1
-7.148,4.196,AAAAACACTAGGTAAA,C64* M168A,2,2
-7.148,4.196,AAAAACAGAAGGCCAT,F147S E401D,2,3
-7.148,0.8392,AAAAAGCATAATCAAA,A39N,1,1
-7.148,4.196,AAACACTTGTATCCAT,F174Q M444I,2,3
-7.148,1.399,AAACATCACCTCAACA,G16S S231Y,2,2
-7.148,4.196,AAACATTTTACGGTTT,I502S,1,1
-7.148,4.196,AAAGTCTAATCGTATA,S95F L431D,2,2
-7.148,4.196,AACATAATAATTTATT,L108G,1,1
-7.148,4.196,AACCTTGTTTTATGAT,G349E L455S,2,2
-7.148,4.196,AACTCATGTAAAACTT,G465N,1,1
-7.148,4.196,AAGAGAGCTAGTCATC,G116E,1,1
-7.148,4.196,AAGAGTGCCAAAATTT,V43S,1,1
-7.148,4.196,AAGTTCAACTTTCTAC,G342E,1,1
-7.148,4.196,AATAACATCGACATGA,N458G,1,1
-7.148,4.196,AATATCTATACCCATA,L70R,1,1
-7.148,4.196,ACTTAAAAAATCCCAA,G345W,1,1
-7.148,4.196,AGAACTCTAAATAAAT,K238Y N458P,2,2
-7.148,4.196,AGCTCATGTCGAGTTA,Q295P,1,1
-7.148,4.196,AGTACGAGGCCCCGTG,E41C K452H,2,2
-7.148,4.196,AGTTAGTAGTAAATTC,N81M D175Y,2,3
-7.148,4.196,ATAACCTAGATCGTAT,W234* G463S,2,2
-7.148,4.196,ATCATGACAGGATCAT,G249R I481F,2,2
-7.148,4.196,ATCTACAACGACTATA,C281Q H393I,2,2
-7.148,4.196,ATTAACAGTTAAACAC,L157V P324S,2,3
-7.148,4.196,CAACCCTTTATTTGAA,H471E,1,1
-7.148,4.196,CAATGTCAGAGTACAC,L194R L243F,2,2
-7.148,4.196,CACCTCCATTATCTCA,,0,1
-7.148,4.196,CAGTAACTTATATCCT,T248F,1,1
-7.148,4.196,CAGTATACAAAACAAA,S136P,1,1
-7.148,4.196,CCCTGAACCCACAAAT,T318P,1,1
-7.148,4.196,CCTACTAGCCTGCCAG,Y257V,1,1
-7.148,4.196,CGATTGATATCCATTA,H184G Y308L,2,2
-7.148,1.399,CTAGAAATATGCGATA,G465E,1,1
-7.148,4.196,CTATTACCTGAATTCA,N298R,1,1
-7.148,4.196,CTCCAACATTAAATCT,A39I M320T E403K,3,3
-7.148,0.8392,CTGGATAAACACAAAT,A113T G249C,2,2
-7.148,4.196,GAACCACGAATAGCTT,I377G,1,1
-7.148,1.399,GATTGAGTTCAAGAAA,C14M,1,1
-7.148,0.8392,GCACAATGAATCCCCA,N458V,1,1
-7.148,4.196,GCTTTGATCAGTTCAC,H471C,1,1
-7.148,4.196,GGCCTCTGAGATGTAA,G345P,1,1
-7.148,4.196,TAACCCAGTATGTCGC,W127S,1,1
-7.148,4.196,TAGTACAACCAACATG,A39T S47E,2,2
-7.148,4.196,TATATATGTAAAATTC,I179Y Q295A,2,2
-7.148,4.196,TATTAAACGATAATCA,W127A,1,1
-7.148,4.196,TCAAACATATAATCCA,E41S S193D,2,2
-7.148,4.196,TCAAATAACACCTCTC,N298M N341I,2,2
-7.148,4.196,TCAACACGTATAACTT,T155M,1,1
-7.148,0.5994,TCATATCAAGAATGAC,G16H F500S,2,2
-7.148,4.196,TGACAATCTTGCAACT,S228E,1,2
-7.148,4.196,TGCTAACTTATAAGAT,Q434M,1,1
-7.148,4.196,TTATATACAACCAGCA,V88A G134S,2,2
-7.148,4.196,TTCGCGGTAATACCAG,A19I,1,1
-7.148,1.399,TTGGTTTATAGAAAAA,E359S,1,1
-7.148,4.196,TTTCCAGATCTAGGGC,G256K,1,1
-7.148,4.196,TTTCTATTCAGCAATT,F332A I395N,2,2
-7.15,0.3228,CTGATTAAATACATCA,L71A S124N D415H,3,3
-7.152,0.5994,TAAGAAGTGATAGTTC,G360N,1,1
-7.153,0.1998,ACTGTGCACTCCATAC,G386R E414K V429I,3,3
-7.153,0.8392,TTTTATCCGATCGCAA,I230T,1,1
-7.155,0.3814,CAAAAAACCATGCACA,T65S G463E,2,2
-7.156,1.399,AATACCTAAAGTAATA,I282K L431I,2,2
-7.156,1.399,AATATGATTCATAGTT,L431D,1,1
-7.156,1.399,AGAAAGTGACCATCCC,L154E E172D Q173K,3,3
-7.156,1.399,ATAACAAAGACAGAAC,P99R,1,1
-7.156,1.399,ATTACCTTTAGAAAGA,F148T,1,1
-7.156,1.399,CTCCGGGGATCTACAA,A334V,1,1
-7.156,1.399,GAAATAAAGCTAAAAA,A334V,1,1
-7.156,0.4662,TAAGCTATACATTTTC,A69K,1,1
-7.156,1.399,TAATTCGCAAAGAAAC,I67K,1,1
-7.156,1.399,TACGAATCACCTATAG,L59G R208Q,2,2
-7.156,1.399,TTATTTCACTCTGTCT,L194R K453S,2,2
-7.157,0.8392,AATAACCTACATAACC,G337E,1,1
-7.157,0.8392,TCTCAATGAATGGCAG,K503C,1,1
-7.158,0.5994,ACACATGAACTAAATC,C97F L384V,2,3
-7.158,0.5994,TTAGAATTAATTAAAA,V297E A365V,2,2
-7.16,0.1554,CACGATGCAGAATAAA,D474M,1,1
-7.161,0.4662,AGTTTAAAACACCGGT,V112L M444A,2,2
-7.161,0.4662,TTGTCTATCGAGAATA,D408N N498D,2,3
-7.162,0.8391,AGTGCCTCGCCATGAC,A106I R220P,2,2
-7.162,0.1353,TAAGGAGAATATTCTA,Y423E,1,1
-7.164,1.399,ACGGTATCCAAACGTA,T436F,1,1
-7.164,1.399,AGATCTAAGGACGGTC,P185L,1,2
-7.164,1.399,ATAGGTGATCTCCCCC,N45I L314R,2,3
-7.164,1.399,CAAAACAGATCAAACG,L71K,1,1
-7.164,1.399,CTTAAATATTAAACTC,N250L,1,1
-7.164,1.399,GTAAAATCGGCCACAA,V102G,1,1
-7.164,1.399,TAAGGCTGGATGTATT,T451G,1,1
-7.164,1.399,TAATAACACAAACGAT,A196T N341I,2,2
-7.164,1.399,TCCATTGAATATACTA,E340A,1,1
-7.164,1.399,TTATTGAACAGTAATT,E344K,1,1
-7.164,1.399,TTTAAGATCAAAGAAA,D441K,1,1
-7.167,0.8391,ACCGGGTTGGTATCTT,I331G,1,2
-7.167,0.8391,ATACCGGGACTAATAA,F192S T328D V490E,3,3
-7.167,0.8391,ATTCAGGATGCAAACT,G386E E457K N475Q,3,4
-7.167,0.3814,CACTAACAGCGACGAC,R229N,1,1
-7.167,0.3814,TTCGTATTCATCTTTA,D60Q R201C,2,2
-7.168,0.3227,TTTTTGATTCAATGTG,A373D,1,1
-7.171,0.8391,AAAAAATATAGAGATT,L154R Q327*,2,2
-7.171,4.196,AAAAAGATTTAGCTTA,F120G L194C,2,2
-7.171,4.196,AAAACACACAACCTAA,G72H,1,1
-7.171,4.196,AAAACATAAAAAGCTT,T40Y F338C,2,2
-7.171,4.196,AAAAGGAAGGATAAAC,P74Q,1,1
-7.171,4.196,AAACAAACAGAAGAAG,E432*,1,1
-7.171,4.196,AAACAACTACACGAGT,T12G,1,1
-7.171,4.196,AAAGTCGTAACTAACA,L420W,1,1
-7.171,4.196,AAGTATGACACCCTTC,S270H,1,1
-7.171,1.399,ACCTGCATTCCATACT,Y423P,1,1
-7.171,4.196,ACCTTATGTCCACGCC,L157W T248W,2,2
-7.171,4.196,ACGCGACTTTAGAGAA,L157I M444I,2,2
-7.171,1.399,ACTATGAAAAAATCGA,I252P K292G,2,2
-7.171,4.196,ACTCCCTACAACTGAC,H355W,1,1
-7.171,4.196,ACTCTCTGTTTTACAA,V413K,1,1
-7.171,4.196,AGAATCATATTCTTTC,N458T,1,1
-7.171,4.196,AGAGTTTACAAAGTCT,T12G W421*,2,3
-7.171,4.196,AGCATGAATCCGATCA,N246T,1,1
-7.171,1.399,AGTCGAGCACCAACCC,S205P,1,2
-7.171,4.196,ATAAATATGGCCAAGA,Y178C,1,1
-7.171,4.196,ATAACAAACCCGGTAT,W343R,1,1
-7.171,4.196,ATAATATCACCTTTGA,L455V,1,1
-7.171,4.196,ATACAGTATTTCCAAT,N445S I469G,2,3
-7.171,4.196,ATACGCCATACCAGAA,W180K,1,1
-7.171,0.8391,ATAGGATAACATATTT,G142P L251P,2,2
-7.171,4.196,ATCTAAACACAGAAAA,F87Q V237L N464Y I481V,4,4
-7.171,4.196,ATGCTCCACTAATATA,D419I,1,1
-7.171,1.399,ATTTTGACCGAATAGA,V88N,1,1
-7.171,4.196,CAAAAAATGTATGATA,L13Y,1,1
-7.171,4.196,CAAAACTCACAGTCCA,R361C,1,1
-7.171,4.196,CAAACTAGTTAATACG,I437N,1,1
-7.171,4.196,CAAATAATAGAAAAAA,T155I N158C,2,2
-7.171,4.196,CACTGGATTTCCAATT,A163D L177G L384T V402R,4,5
-7.171,1.399,CATGATAGCGAGACAC,I502Q,1,1
-7.171,1.399,CCCAATAAGCCACCTA,G16S T128S,2,2
-7.171,4.196,CCCGCCAATACCTATA,M168G,1,1
-7.171,4.196,CGAACACTCGCACGAA,G360W,1,1
-7.171,1.399,CGAATCAGAGCTCCAG,V102I C139R,2,2
-7.171,4.196,GAAATAATAAATCGAA,T65N F148S,2,2
-7.171,0.8391,GAATTAACAATATACA,L157C L420S,2,2
-7.171,0.8391,GAATTGTGAAAAGTGA,M168E,1,1
-7.171,4.196,GAGTTACTGAACAAGG,W350D,1,1
-7.171,4.196,GATGATGTATATTATT,P74M,1,1
-7.171,4.196,GCATGTAACCGTTGTC,A39I I481E,2,2
-7.171,4.196,GCCTTCAACTTCGTTG,G16Y,1,1
-7.171,4.196,GGATGTTTCTCATGAG,G5H G23V,2,2
-7.171,4.196,GGTTTATTTAGAATTA,R329M E414K,2,2
-7.171,4.196,GTCATAATACCGAGAC,E89I,1,1
-7.171,4.196,TAAATCATGAATCAGC,R255N I437A,2,2
-7.171,4.196,TAACAATTTCATTCCC,Q173I G345S,2,2
-7.171,4.196,TAACACAGATTCTTAT,S279T T440H,2,2
-7.171,4.196,TATAACAGTCAATATT,,0,0
-7.171,4.196,TATACATACATAACTT,I58Q,1,1
-7.171,4.196,TATTGTTCAATTCCCT,N357M,1,1
-7.171,1.399,TCCTAAGTTTAATTAT,N433R,1,1
-7.171,4.196,TCGCAAACAATAATCA,L409N,1,1
-7.171,4.196,TCTACAGTTTAGACTA,L439G,1,1
-7.171,4.196,TCTCGCAGGAACCACC,T370I,1,1
-7.171,4.196,TCTGACGTTAGCAACA,G319R,1,1
-7.171,0.1998,TGCGTACATACAAGCA,I202Y,1,1
-7.171,4.196,TGCGTCAAACTTTTAA,Q363K,1,1
-7.171,1.399,TGGAAATGAACCGTCG,Q191C,1,1
-7.171,4.196,TGGAATTACAAACCAA,L15F,1,1
-7.171,4.196,TGGACCTTCCAATATT,H184P,1,1
-7.171,4.196,TTAATATCGCTATCCC,I469T,1,2
-7.171,4.196,TTACCGAACGTCATGC,C52I,1,1
-7.171,4.196,TTAGCTACTGAAACAA,S228K,1,1
-7.171,4.196,TTATTGAACTATTTTT,Q44T E494K,2,2
-7.171,4.196,TTCATACTCGTGACAT,G349R,1,1
-7.171,4.196,TTGTCTTATCAGTTTT,Y423P,1,1
-7.171,4.196,TTTGACCCAAAAGAAA,L455K,1,1
-7.174,0.5993,CTACAAATTTACAGAA,T235N E398K,2,2
-7.176,0.8391,AAATTCAATCATAACA,T40G,1,1
-7.176,0.8391,GTTAAAGAATACATCA,L243W P254L,2,2
-7.177,0.3814,TAATCAGAAATATACA,I267E,1,1
-7.178,0.5993,TTTTTGGTCTACGAAT,W127H,1,1
-7.179,1.398,AAGCTAAAATTCGCTG,V413Y,1,1
-7.179,1.398,AGCTATTTGACTATCC,Y100D,1,1
-7.179,1.398,AGTTCATCAACACCCA,P185L,1,1
-7.179,1.398,ATCAGAGTTAAATAAC,H355D,1,2
-7.179,1.398,CCTGACTTTTCACCTA,L66T R255K,2,2
-7.179,1.398,GTAACTCGAGAACCAT,I274D,1,1
-7.179,1.398,GTTGACCCATTAACGA,F195K,1,1
-7.179,1.398,TAGTTACTAACGTTTT,I245S,1,1
-7.179,1.398,TTACTTACGAATTCGG,V43S D408N,2,2
-7.18,0.8391,CCGCACTCAATTTGTC,S137D,1,1
-7.18,0.8391,CGCGAAAAACGACTTA,Y470E,1,1
-7.18,0.8391,CTCAGCGATCGACAAA,V102C F500G,2,2
-7.181,0.5993,ACCCTTAAGATCAAAA,Y302Q E325K,2,2
-7.182,0.2797,CACCAAGCTCCATTAA,L151H,1,1
-7.183,0.3227,ATGCGCTTGAAAAAGA,N165P,1,1
-7.183,0.3227,CGCTACACATCACTCA,Y308T,1,1
-7.184,0.5993,AAAAACTCATCAGGAA,G319P,1,1
-7.184,0.5993,AAGAGAGAATCTTTTG,A373L N424V,2,2
-7.184,0.5993,AGATTAACGACTAATT,H471G,1,2
-7.185,0.839,ACAGACGCGTACCAAG,S205Q K238E,2,2
-7.185,0.839,ATCTCCAATTAATCGA,L177S,1,1
-7.185,0.839,TTCCATTGGATGACCA,N152T,1,1
-7.186,1.398,AAAGAATTATAAAAGT,I288S,1,1
-7.186,1.398,AGGATGTATCACATTG,D73H V309W,2,2
-7.186,1.398,ATTGACCAAACAATAA,W180Q,1,1
-7.186,1.398,ATTTACATTTAACACC,G249P,1,1
-7.186,1.398,CAACAAAATTGTCAAA,A459R,1,1
-7.186,1.398,GCATATGTGCATAGTC,N298T E414K,2,2
-7.186,1.398,GTGATACTAGAAGAAG,I217N Y308G,2,2
-7.186,1.398,TTCATTACGAGACTCT,N81V D291G D474C,3,3
-7.187,0.1447,CTAAACCGTAATTCAG,A459Y,1,2
-7.187,0.5993,CCGGGGTAGATAGATG,F87L C139P,2,2
-7.188,0.2797,CCACAGAGTCATAAAA,E340L,1,1
-7.188,0.2797,GAATTATCCCTCCAAT,I232C,1,1
-7.189,0.3227,GAGTCATACAGGGAAT,G116K,1,1
-7.189,0.839,ATAGACAAAGAGTAGA,I51Q V323P,2,2
-7.189,0.839,CTTTGGGCTGACACCG,Y470A,1,1
-7.189,0.839,GTCAACGATCCCATCA,R224Y G342S,2,2
-7.189,0.839,TGCCCACCCCAAAACA,I502H,1,1
-7.189,0.839,TTCTCATCGTTACAAT,A317G,1,1
-7.19,0.3814,AATATATGTCTTTCTA,D474M,1,1
-7.19,0.3814,CAAATATGACAAATGA,Q1*,1,1
-7.19,0.5993,ACGAATAGTTGAGCGA,Y233R G465R,2,2
-7.19,0.5993,GATAGGCTTTTCAGAG,G78L I502Q,2,2
-7.194,4.195,AAAAAGTAGTTATCCC,A69F H488L,2,2
-7.194,4.195,AAAACTTAGATAATAA,T37* C277Y,2,2
-7.194,4.195,AAACTTTAATGACCTA,I58T C305R A317K,3,3
-7.194,4.195,AAAGAACAACCACACA,I34G,1,1
-7.194,4.195,AACCACGGTAAACGAC,T451D,1,1
-7.194,4.195,AACCTAAAAATGAGTC,F338K,1,1
-7.194,1.398,AAGAAGAGACTCACTA,F258S,1,1
-7.194,4.195,AATATGCATATAGAAC,M320Y,1,1
-7.194,4.195,AATCAATGAAACTACA,I288G R299W,2,2
-7.194,4.195,AATCGGACGTGCCACA,F258S E280L,2,2
-7.194,4.195,AATCTACTATCAATAA,A336E,1,1
-7.194,4.195,AATGAACGTATACGCA,G362V,1,1
-7.194,0.2468,ACAACACGATCAGTAA,D348K,1,1
-7.194,4.195,ACAAGCAATATCCACA,P74D,1,1
-7.194,4.195,ACCTTCGCTCAAAACT,L151G,1,1
-7.194,4.195,ACGTTCGACAGATTGA,H435M E443*,2,2
-7.194,4.195,ACTACTATCGCCAATA,K292T Y491R,2,3
-7.194,4.195,AGAACATACTGAATGA,P162F,1,1
-7.194,4.195,AGAATCTGTACTTAGT,A334T,1,1
-7.194,4.195,AGATAAGTCACGTCGT,N81K K310P A334V,3,3
-7.194,4.195,ATACCATTCATCATAA,L71P S124R,2,2
-7.194,4.195,ATACTAATATTCCTGA,N170T,1,1
-7.194,1.398,ATATGAAAATAAGGCA,I245Q,1,1
-7.194,4.195,ATCGCTGACATTAGCT,S205R,1,1
-7.194,4.195,ATCTTCATTGAAGAGA,N424K,1,1
-7.194,4.195,ATGAATAATTTCCAAA,T206A,1,1
-7.194,4.195,ATGACTGAAATAATAA,P103T V182K,2,2
-7.194,4.195,ATTCACATTACAGAAA,Y412V,1,1
-7.194,4.195,CAAAAGGCAAAGATTC,L367N,1,1
-7.194,1.398,CAAATGCACATTCCCA,S146I,1,1
-7.194,4.195,CAATCCCCAATAAATC,L66E I217N,2,2
-7.194,4.195,CAGCCCAAAGCATATA,F353G E410K,2,2
-7.194,4.195,CAGCTCAAGGGTCCAC,Q356*,1,1
-7.194,4.195,CAGTTTCAAAATTTTT,R220E,1,1
-7.194,4.195,CCAAAAGAAAAATGCT,F87P,1,1
-7.194,4.195,CCATGCGAACCCAAAT,S143W N498P,2,2
-7.194,4.195,CCTTAAACACGCCGAA,K450P,1,1
-7.194,4.195,CGACAAATGAAAATCA,S270L,1,1
-7.194,4.195,CGCCAATTTTAAACAC,E41R S136R,2,2
-7.194,4.195,CGGCAAGCAAGTACAA,S136I,1,2
-7.194,1.398,CGGGATGCTGAGAAGT,I502N,1,1
-7.194,4.195,CTTTTGTCAGCGATAA,N357V,1,1
-7.194,1.398,GAAAGCTATTCAAACC,G319D,1,1
-7.194,4.195,GAAAGTCAAATAATCC,G61W,1,1
-7.194,4.195,GAATGCCACAACACTA,I288D,1,1
-7.194,4.195,GACAGTATAACCATAC,T313P,1,1
-7.194,4.195,GATAAGTTTTTTAAAA,I51S,1,1
-7.194,4.195,GATATACCGCCATGTA,H471T,1,1
-7.194,4.195,GGTATACGTAAATCTA,C477N,1,1
-7.194,4.195,GTATAAATAAGAGGAA,C14T T318K,2,2
-7.194,1.398,TAAACGCATTACAAGA,E432K,1,1
-7.194,4.195,TAAGATTAAGTCCTAC,A373Y,1,1
-7.194,4.195,TAATAAACAAACCTAT,S9D K452P,2,2
-7.194,0.839,TAATTACAATCGGTGT,N296I,1,1
-7.194,4.195,TACTCACTCTCAAATG,Y98F,1,1
-7.194,4.195,TGCAGAGAGCCCATGT,E344K E432R,2,2
-7.194,4.195,TGGCTGATAAACTAAA,N298P,1,1
-7.194,4.195,TGGGGATACGTGATTT,M320D,1,1
-7.194,1.398,TTAATGTAGCCATTTT,L384S,1,1
-7.194,1.398,TTAGGAAAACTGATAC,V26G H393P E398I,3,3
-7.194,4.195,TTTCTGTAACCGGTAG,P103L L420A,2,2
-7.196,0.3814,CTTCGTTTACTCACTC,N152L,1,1
-7.198,0.1678,GCGAGTTTTTAACGTA,Q173* M268G,2,2
-7.198,0.839,GTTTAATAAGAGAACG,F467N,1,1
-7.198,0.839,TTTATACAAATTTAAC,D186C,1,1
-7.201,1.398,ACATTGTAGTTAACTA,T318H,1,1
-7.201,1.398,ACTAGGCTAACATGTT,I331C,1,1
-7.201,1.398,AGTTCAGGAATACTCC,A113R D419R,2,3
-7.201,1.398,ATAAAGCTCACCTTTT,R261S P284H F399G,3,3
-7.201,0.4661,TTCAACGACTCCGCAT,N190W,1,1
-7.206,0.2797,ACCCCGACCTAAACGA,F500V,1,1
-7.206,0.3227,CACACAACTGCAACCT,C76N,1,1
-7.206,0.4661,CGGGAATTAATCCAAA,A69Q L439C,2,2
-7.207,0.8389,CAAAGATCTTTTATTA,I252H,1,1
-7.207,0.8389,GATATGAAGAACAGAT,L108N,1,1
-7.209,1.398,AAAGAATTAACTGTTT,T203V,1,1
-7.209,1.398,ATCGAAGCAATAGACA,S136E G342K,2,2
-7.209,1.398,ATTCTACTATATATAC,N190H,1,1
-7.209,1.398,CCGTACCGATGTCCAA,L409E,1,1
-7.209,1.398,TTCGTCTCTGAATCCT,S136E G345D,2,2
-7.209,1.398,TTCTAAAAGAAATGCC,C277F R321M,2,2
-7.209,1.398,TTTTCCGCTTCAATTG,G286E,1,1
-7.209,0.1824,AAGTCATGGACCGGTT,W127M,1,1
-7.211,0.4661,ACAAAAATCTCAAAAC,N152T,1,1
-7.211,0.8389,GATCACAAATTGAACA,F448S,1,1
-7.214,0.3813,CCACTCGTCATACTAT,E340K T416Q,2,2
-7.214,0.3227,GATCAGCGAAAAAACA,A138D,1,1
-7.216,4.195,AAACCACTCAAGTAAA,R492H,1,1
-7.216,4.195,AAACTCAGTCGAAGAA,E340F,1,1
-7.216,4.195,AACCCAAAAATGCTAT,A138V N433Q,2,2
-7.216,4.195,AAGACCCTTGGCAAAG,V112E,1,1
-7.216,4.195,AAGCCGAAAATTTAAC,A373F,1,1
-7.216,4.195,AAGTATATTTTAATAA,K238A,1,1
-7.216,4.195,AATAAGGAACACACGA,V402*,1,1
-7.216,4.195,AATACTCTAATGTAGC,P239L S378F,2,2
-7.216,4.195,ACACATCTAACGGTAT,G181D,1,1
-7.216,0.8389,ACCCCTCCAATCAGAT,N250M,1,1
-7.216,4.195,ACCTATTAACACGACC,A196D T313W,2,2
-7.216,0.4661,ACGAGACAAAAGGACA,I230R H471I,2,2
-7.216,4.195,AGCCCTACAACAAACA,P254S,1,1
-7.216,0.5992,AGCTAGCTAAATACTA,L177R R261*,2,2
-7.216,4.195,AGGAGTTCAAATGACC,V204R,1,1
-7.216,1.398,AGTACCTTATCCCGAC,S136H,1,1
-7.216,4.195,ATAAAATCTTATGCGA,F500C,1,1
-7.216,4.195,ATAACACGACACACCC,G72* D188P,2,2
-7.216,4.195,ATAATTCAAGAACATG,G337D,1,2
-7.216,4.195,ATACAAACCCTTTAAT,P254N,1,1
-7.216,4.195,ATACCTTGTAAATGCA,K472T C477F,2,2
-7.216,4.195,ATACTGCAAACAAATC,A334I,1,1
-7.216,4.195,ATTAAGACTGAGACAG,N170P,1,1
-7.216,4.195,CAAAACCCAAGAGCCC,A304K K315E N498P,3,3
-7.216,4.195,CAATTATAGCGGATGC,A336E,1,1
-7.216,4.195,CACCCATCAATTTTAC,T155D R255L,2,2
-7.216,4.195,CACGGTTTTATGCTAA,G142H P293F N424D,3,3
-7.216,4.195,CAGACGTCCTCGAAAA,I502F,1,1
-7.216,4.195,CAGAGTAAAACTAATA,M444R,1,1
-7.216,4.195,CAGTGCAAATAAACAA,V429Q,1,1
-7.216,4.195,CATGGCAGACGAAAAA,E35V K292G,2,2
-7.216,0.8389,CCGAAATTGCTATATG,S287V,1,1
-7.216,4.195,CCTATAACAATACAAT,F294S Q434-,2,2
-7.216,4.195,CGAAGACATTGTATAA,P185S,1,1
-7.216,4.195,CGATGACGCCTCGCAA,N250W,1,1
-7.216,4.195,CTAGGATTGTGGGCAC,W127H,1,1
-7.216,0.8389,CTGAGGGAAGAAAAGG,A138W,1,1
-7.216,4.195,CTTCCAATATTGAATA,,0,0
-7.216,4.195,GAAATGAGTAAATGCT,M462G,1,1
-7.216,4.195,GAACTCTCCTATAGCT,V204S,1,1
-7.216,4.195,GACTCGCATTAAAATT,C64L,1,1
-7.216,4.195,GATTACCGTTCAGGGA,C14V,1,1
-7.216,4.195,GCAAAATATACCGATA,F258C,1,1
-7.216,4.195,GCCCAATAAACAAGTG,T370C,1,1
-7.216,4.195,GCGAGAAATTAGTCAA,L251P,1,2
-7.216,4.195,GCTTAACGCCAATACA,D68H,1,1
-7.216,4.195,GGATTAGAAAACGGAG,K264E G286K,2,2
-7.216,4.195,GGATTTTCGTATAAAC,G319H,1,1
-7.216,4.195,GGGGCCAAGGATAAAC,T30L N159V,2,2
-7.216,4.195,GTTAGAGTACCGGTAT,R329F,1,1
-7.216,4.195,TAAAATCTCATCAAGC,G16D,1,1
-7.216,0.8389,TACATATCACGAGATA,S287F D487N,2,2
-7.216,4.195,TAGTCCTAAAATAAGA,N133L G240L,2,2
-7.216,4.195,TCTCAACTCCTATTTT,W84Q,1,1
-7.216,4.195,TTAAAATTGGGTAATC,R109F,1,1
-7.216,4.195,TTATACTTATATCACC,N483C,1,1
-7.216,4.195,TTATATCGAACAATTA,G134D G349A,2,2
-7.216,4.195,TTCACCCCCCCAGTAT,N159K,1,2
-7.216,0.3227,TTTACAAGCGATAAAT,A495G,1,1
-7.216,4.195,TTTATACAAAATATAT,P254Q,1,1
-7.216,4.195,TTTGGATACAGATTAT,Y302S,1,1
-7.22,0.8389,GAGTCACTCACAAACT,F120R,1,1
-7.22,0.8389,TACTTTTATTCTATCT,P215S Y412T,2,2
-7.222,0.5992,CATATTATAATCCGCA,E89S F332A,2,2
-7.222,0.1997,CCAAAAAATCCAATGA,C64Q L496N,2,2
-7.223,0.466,AGACGCCGAGCATTAA,A253M,1,3
-7.223,0.466,ATAACGACCATGAGCA,L314E,1,1
-7.223,1.398,CGATGCATATCACAAG,N464C,1,1
-7.224,0.3813,CGTTACTAAATCTATG,F195D,1,1
-7.225,0.8389,ACCCAATTAACACATA,A19T E344F,2,2
-7.225,0.8389,ACTTACACAACAGGAC,R492L,1,1
-7.225,0.8389,GTCATCCGATATTATT,W343* N464W,2,2
-7.225,0.8389,GTCCCCCTAAGATCCA,L381R,1,2
-7.225,0.8389,TTCAAAAATCAAGAGT,G319F,1,1
-7.225,0.5992,ATTTTCATAAATGCTA,C52F,1,1
-7.228,0.466,GAAATGAAACGACGTG,S136E L244M,2,2
-7.229,0.8388,AAACCACCAACTACCC,I48M S358Y E359*,3,3
-7.229,0.8388,ATTGTTAAAATAATAC,N190P,1,1
-7.229,0.8388,TCACATCCTCAACCTA,P74E,1,1
-7.23,0.3813,TGATATTTCTATCGGT,A364Q,1,1
-7.23,1.398,AAAATATATAATGCAT,D32K L409P,2,2
-7.23,1.398,AAATCGGTCTCTTAGA,E414K R492I,2,2
-7.23,1.398,AAGATAGCGATGCCTG,V36L M444R,2,2
-7.23,1.398,AAGCATTTCCCAACGG,,0,0
-7.23,1.398,ACCATTTTAAGAATAT,S287P,1,1
-7.23,1.398,CGTCAGCTATTAGTTG,N322S,1,1
-7.23,1.398,CGTTAGCGTCATATCG,K140D,1,1
-7.23,1.398,GATTCATACAAAAGAT,I58K,1,1
-7.23,1.398,TACCTAATAATACAAG,Q57D R261S A272M V297S,4,4
-7.23,0.466,TGAAATCCTATATATT,S270Y H488V,2,2
-7.232,0.5992,AATAATATCCAAGACC,Q434H,1,1
-7.232,0.3813,TTTTGCCCAAAACATT,D73N Q363R,2,2
-7.233,0.8388,GAAACGGGCATCCGGA,V102Y,1,1
-7.233,0.8388,GTACTGCTCCTAGCTA,E123T,1,1
-7.236,0.3813,CTCTATTAAGTATCAA,K176L,1,1
-7.236,0.2796,AAAATAACATAGTCAC,K176R,1,1
-7.238,4.194,AAACAAACATAATCGA,L86E I242V,2,2
-7.238,4.194,AAATATAACTAACTTT,L15W,1,1
-7.238,4.194,AACAAATGAAATAAAC,N190H,1,1
-7.238,4.194,AACCCGGTACAAAAAT,D419W,1,1
-7.238,4.194,AAGAAATATTCAATGA,F332K E449V,2,2
-7.238,4.194,AAGAGGACAATCCCCT,F120S,1,1
-7.238,4.194,AAGATATGACACAACC,N498D,1,1
-7.238,4.194,AATAATAAAAGATAGA,C97H S480D,2,2
-7.238,4.194,AATACCCTACTGGCCT,S110R I226E,2,2
-7.238,4.194,AATGTATCTATATGCA,Y100K,1,1
-7.238,4.194,ACAAACTACGACTATA,W343H,1,1
-7.238,1.398,ACCAAAGTGTGACGGT,I217H P324S,2,2
-7.238,1.398,ACCGTCAAAATATAAA,H56A A459M,2,2
-7.238,4.194,ACGAAGGGATAGACAT,G362K,1,1
-7.238,4.194,ACGCATTAGGCGTAAT,K171S G463D,2,2
-7.238,4.194,ACTAAAGCCAAACTGG,V204P,1,1
-7.238,0.1678,ACTGCCGGACAGATGA,S228E,1,1
-7.238,4.194,ACTTCTCCAGTTGACC,Y308K,1,1
-7.238,4.194,AGAATCCCGTTAGCAA,N53K W343S,2,2
-7.238,4.194,ATAAAATAGTAATAAA,L71A Q434A,2,2
-7.238,4.194,ATCTATTACAGAAATC,Q295D,1,1
-7.238,4.194,ATTAGATCATCTGTTC,,0,0
-7.238,4.194,CAAAAGACAACTAACC,N433Q,1,1
-7.238,4.194,CAAAAGCAAATATAGA,A373K,1,1
-7.238,4.194,CAAAATAGGTTCGTAG,L42H,1,1
-7.238,1.398,CAACAAACTGTGCCAC,W234L,1,1
-7.238,4.194,CAAGACGAAAACGGCA,T248G,1,1
-7.238,4.194,CAGAAAAAATACACGA,K450E,1,1
-7.238,4.194,CAGAACGGTAAATGGA,C64G Y257F,2,3
-7.238,0.8388,CAGCTGGACATATACT,G303S,1,1
-7.238,4.194,CCAATCAATTACACTA,L420A,1,1
-7.238,4.194,CCGAACTACTAGCAAC,I245E,1,1
-7.238,4.194,CGTAATGACACCTATC,I395P,1,1
-7.238,4.194,CTAACACATGGTCCGC,V182E G275N,2,2
-7.238,4.194,CTAAGTAATGAAAGAA,F87S F353Y,2,2
-7.238,4.194,CTACATAATAATGGTC,W84T,1,1
-7.238,4.194,GACATACCACCACTGT,L243W,1,1
-7.238,4.194,GATATTGCACATAACC,K171F G362K,2,2
-7.238,4.194,GATTGAGATCTTTACC,T37W,1,1
-7.238,0.8388,GCCTAAAGTGCAAGTA,G330L,1,1
-7.238,4.194,GGAGCGTCAGACTAAC,G62D D85L,2,2
-7.238,4.194,GTAAAAATGACCTCCG,E340D,1,1
-7.238,4.194,GTCTTTTGTTAGCGGT,,0,0
-7.238,4.194,TAAACCGTTTCTACCA,A113W,1,1
-7.238,4.194,TAAATCTAAATTAGGT,V223A G362Q,2,2
-7.238,4.194,TAACAGAATAAACGCG,F147P,1,1
-7.238,4.194,TAACGAGCTTAAGGAG,K264C L439K,2,2
-7.238,4.194,TAATTAACATCTATCA,D186E,1,1
-7.238,4.194,TACCCAGTGTTGTGCA,W343E,1,2
-7.238,4.194,TAGCATTGAACTTCGA,H17I,1,1
-7.238,4.194,TATGTGAGTCTCCAAA,N126L M320T,2,2
-7.238,4.194,TCACCGACACTTTAAG,S54D I502N,2,2
-7.238,4.194,TGCACCACGTTAGGAA,I202F,1,1
-7.238,4.194,TGCCTTCCGACACTCG,I335H,1,2
-7.238,4.194,TTAAAAATTCAGCAAA,G330E N341C,2,2
-7.241,0.5991,TAGTGAAACAGATACA,V323C L439P,2,2
-7.242,0.8388,TTATAATAAGTGGAAA,T248N,1,1
-7.243,0.466,ACAAAAACTGGCTAGA,E401K A425I,2,2
-7.245,1.398,AAACTTAGCAATATAA,Y257K,1,1
-7.245,1.398,AAGAAAAATACTATTC,W84* R299W W421*,3,4
-7.245,1.398,AAGCTAAATCCCAAAC,L70H,1,1
-7.245,1.398,GGAAGAAGACCACTTA,A11R,1,1
-7.245,1.398,GTACGGCCGGCGTTAG,T436K,1,1
-7.245,1.398,TATAAAAGCGCCAGAA,L71P G319Q Y412H,3,3
-7.245,1.398,TTTACGTGGAAGATCT,G349V,1,1
-7.247,0.5991,CTAATGCCCGAGTAAG,F338I,1,1
-7.247,0.5991,CTTCACTGATTCTCAT,F195L,1,1
-7.251,0.3226,TTAGCGTAACATTTTC,G256A,1,1
-7.252,1.398,ATCCGGGAGCAAAATG,A317V,1,1
-7.252,1.398,CACAACTATATAAGGA,V182W,1,1
-7.252,0.2796,CACAAGGACCTATACA,E398K L427G,2,3
-7.252,1.398,CCTAATTACCCCAGAC,I252Y,1,1
-7.252,0.2796,CTCTGATCAATTCATT,T235F,1,1
-7.252,1.398,TTCCGGAAGCGCAAGA,G249M,1,1
-7.252,1.398,TTTGAAAAGATCAGTT,W234D,1,1
-7.252,0.466,ATGTAAATCCACACAA,I267N,1,1
-7.253,0.2467,TATAGTGCTCACACTT,P162C,1,2
-7.253,0.1677,ACGGTATCTCTTTAAA,L194A,1,1
-7.255,0.2796,AGTAACCGACTTATAT,C305T,1,1
-7.257,0.466,TAGAAAAACTGCTGGA,A11G R383I,2,2
-7.257,0.1823,AAATCCCTCCCTCTGT,V406P,1,1
-7.259,4.194,AAAATAACAATACCAT,V102W,1,1
-7.259,4.194,AAAATTAACAAACCTC,E359K,1,1
-7.259,4.194,AAACAACCAATTACCC,Q376D,1,1
-7.259,4.194,AAACAGTTAATTCTAT,V204K,1,1
-7.259,0.8387,AACTCAACAGATTATC,V429K,1,1
-7.259,4.194,AATAAAACAAATCTAA,F195L,1,2
-7.259,0.5991,AATCTCTGTTATTACT,Y423I,1,1
-7.259,4.194,AATCTTGAAAATTACT,Q75* M346G,2,2
-7.259,0.5991,ACACAGACGTAATATT,A336L,1,1
-7.259,4.194,ACTAACACCTAGAGAA,L154Q,1,1
-7.259,4.194,ACTACCCTTTTATAAA,N133C,1,1
-7.259,4.194,AGAAACACCAAACGCT,L243S G256C,2,2
-7.259,4.194,AGAAGCCACCATAGAA,F147R Q376P,2,2
-7.259,4.194,AGAGAACGTACTCACT,H435P,1,1
-7.259,4.194,AGAGATAACACAGGTG,V402M E460K,2,2
-7.259,1.398,AGCCTAAGTATTAAGC,G330M,1,1
-7.259,4.194,ATAAATCCAAACTCTC,S247P,1,1
-7.259,4.194,ATAAGTATTACAAATG,T40P D186G,2,2
-7.259,4.194,ATACACTTAATCCACG,A317Y,1,1
-7.259,4.194,ATTAAGTGGGCACATG,A425K,1,1
-7.259,4.194,CAAAAACCGAACAAGG,G256Q,1,1
-7.259,1.398,CAATTCTACGTAAATA,N246I,1,1
-7.259,4.194,CAGTGACATAATATAA,A364D,1,1
-7.259,4.194,CATTGCGTTACAAAGT,C14T,1,1
-7.259,4.194,CCACTAATTATACAAA,V406D,1,1
-7.259,4.194,CCCCTAAAAACAACAA,Y491K,1,1
-7.259,4.194,CCGAATATACAGTATA,,0,0
-7.259,4.194,CTACAAACTTAAACAG,N165R D291N G386E,3,5
-7.259,4.194,GAATAACAGAGCCAGT,D366Y R499C,2,2
-7.259,4.194,GCATGATATTCTGGAT,K315E,1,1
-7.259,4.194,GCTAGTTCGAGTTTGC,,0,0
-7.259,4.194,GTGAACTCGACGAAAC,M346V,1,1
-7.259,4.194,GTTTAATACAAACCGA,G360Y,1,1
-7.259,4.194,TAAAAACTAGACTAGT,P227W G360A,2,2
-7.259,4.194,TAAAGATCATTAGCCA,G360F E403K,2,2
-7.259,4.194,TAAGATAAGTTAGTTA,T370G,1,1
-7.259,4.194,TACACTCACCTGATAC,S144Y W234*,2,3
-7.259,4.194,TATATAGTTATCTATA,G72M,1,1
-7.259,4.194,TATGTTGCCCACAAGT,N246C,1,1
-7.259,4.194,TCAACGTACCAAAATA,S115E,1,1
-7.259,4.194,TCCAGAGCTTGCCATC,R90A G360S,2,2
-7.259,4.194,TCTGAAAAGAGTGACT,A39W,1,1
-7.259,4.194,TGAAACGCCACCTTAC,A253F A459F,2,2
-7.259,4.194,TGCTAACGAAACTTAT,Y470A,1,1
-7.259,1.398,TGCTAGATTACTCAGA,F500N,1,1
-7.259,4.194,TTGCTACCAGACATAA,Y491S,1,1
-7.259,4.194,TTGGGATGTATTTACC,G303C,1,1
-7.259,4.194,TTTAAACACAAATGAC,D474W,1,1
-7.259,4.194,TTTTTTAGATATTGCA,C64H,1,1
-7.26,0.1353,TGACCCGTACCCCAAG,K121P,1,2
-7.261,0.1823,TCATCCATTCAAAATA,P273I S369E,2,2
-7.262,0.5991,CCAATAGTAACAAACA,W421G,1,1
-7.263,0.3226,GTAACAACAAAACAAT,A93E I230S,2,2
-7.264,0.8387,AAAGTGTTCTATTGAT,F147H A196T A430W,3,3
-7.264,0.8387,CACATATACCCATACT,C466K,1,1
-7.266,1.398,AATAAATTATATAACA,I232W,1,1
-7.266,1.398,AATAGGCTAGTAACCA,V237S,1,1
-7.266,1.398,CCAAAAACTTCGCCCA,N152Y,1,1
-7.266,1.398,CTATTTACTACACATT,V309M E432K,2,2
-7.266,1.398,CTGGTCAAAATATGCC,A364Y K503N,2,2
-7.266,1.398,CTTCACAAATCTATCA,L455T,1,1
-7.266,1.398,GCGTTCCGTCTTAAAT,R456I,1,1
-7.268,0.5991,CCCCTGACCATACACT,S228Y,1,1
-7.271,0.2467,AGTACGACATCACCCA,D175Y G404H A495D,3,3
-7.271,0.3226,GGCGGCTCAATCAATT,L70W,1,1
-7.271,0.599,ACAGCACTGCTAAAAG,I58D,1,1
-7.271,0.599,CCTAGTAATACACAGT,I226K,1,1
-7.271,0.599,TCACATTACTAATATC,I502K,1,1
-7.272,0.8387,ACACACGAACGTTAAA,T203I E403D,2,2
-7.272,0.8387,ATACAATTAAATTTTT,G218L W343K,2,2
-7.272,0.3226,TTACCCACGGCTTAAA,F467T,1,1
-7.273,1.398,AAACAACGTAGATGAA,W421L,1,1
-7.273,1.398,AAACATTAATATTAGC,N81R C466M,2,3
-7.273,1.398,AATTAAAATCCCAAAT,C466Y N483M,2,2
-7.273,1.398,CCCAATTTAGTAAAAG,P55N P254L,2,2
-7.273,0.2796,CGCACAACCCGATTCA,C139R N296E,2,2
-7.273,1.398,CTGACGAGACAAAAAT,P324E,1,1
-7.273,1.398,GTTCTAACACACTACC,L151H,1,1
-7.273,1.398,TATAGATAGCTCTAAC,A19E E494*,2,2
-7.273,1.398,TCTTATACTAATTTGT,I331W,1,1
-7.276,0.4659,GAGAAAACCACCAGTC,L194V,1,1
-7.276,0.8386,ACTAACAAATGGGCGC,W421Q,1,1
-7.276,0.8386,CTGTACACTGAATCCG,D348R,1,1
-7.276,0.8386,TTGAATTTCTTATATT,H56G G72R G345S,3,3
-7.279,0.3812,TCACACAATATTTAAA,Y491S,1,1
-7.28,0.1271,TTTAAGAGACTAAATC,K259D,1,1
-7.28,4.193,AAATGTGAACTCTATA,P74I,1,1
-7.28,4.193,AACAAAGTCCTATAAC,E359R,1,1
-7.28,4.193,AACAGTTATCCCCGTA,L151N,1,1
-7.28,4.193,AACATCAGAATCGATA,V130P R307K,2,2
-7.28,4.193,AAGTGTTAGAGCTTAA,H17*,1,1
-7.28,4.193,AATGTGAATCTGCAAA,I179Q L427D,2,2
-7.28,4.193,ACAAATCGGCATGGTC,E35L L420H,2,2
-7.28,0.8386,ACAATAAACACGACCG,G249R F332K,2,2
-7.28,4.193,ACACCCCAAACTTATT,F120N,1,1
-7.28,4.193,ACATTAAGATCTTGGG,F467E,1,1
-7.28,4.193,ACCAACTAACGTACGG,D291N D415N E449K T485G,4,4
-7.28,0.8386,ACTACTAAAATACAAT,S378L,1,1
-7.28,0.8386,AGAAAATAACAGAGTG,A138E,1,1
-7.28,4.193,AGAAACAGCCGGTCTG,S144Q G465R,2,2
-7.28,1.398,AGACCCACGAATTAGT,I502A,1,1
-7.28,4.193,AGACGTACCCTAACCC,I478G,1,1
-7.28,4.193,AGACTTAACAAATTTA,S270P,1,1
-7.28,4.193,AGTATCAAATCATAAC,G345W H488N,2,4
-7.28,4.193,ATAATAAATGTGTAAA,E414H L431P,2,2
-7.28,4.193,ATAGTAATTTTCACAG,Y486G,1,1
-7.28,4.193,ATCAGTATCACACGGA,G345K,1,1
-7.28,4.193,ATGGAACCGAGCGGAG,A365V,1,1
-7.28,4.193,ATGTACGTAGAATAAA,S143V E359S,2,2
-7.28,4.193,ATTAAACCACTAGATC,V182P,1,1
-7.28,4.193,ATTTTACTCATAAAAT,A372P,1,1
-7.28,4.193,CAATTCACTTTATCGA,L194G E398K,2,2
-7.28,1.398,CACATAAACTACCTAC,F148Q,1,1
-7.28,4.193,CACTAAATATAAATGA,A425G,1,1
-7.28,4.193,CACTACAACATCCTTC,E123I,1,1
-7.28,4.193,CAGATGTTATTTTCGC,V36Y,1,1
-7.28,4.193,CCTAAATTCAAAGTAC,S91W S193V,2,2
-7.28,4.193,CCTCACGCGTGCCCAA,G181M,1,1
-7.28,1.398,CTAAACTGGCAACCGA,F125Y W343A,2,2
-7.28,4.193,CTAAGGTAAACAGACC,E123G Y486Q,2,2
-7.28,4.193,CTAATCCTATAAATCA,P55R R354S,2,2
-7.28,0.8386,CTAATGAACTCCTCCC,C277W V402R,2,2
-7.28,4.193,CTAATTATACAAACTA,A138T Q501K,2,2
-7.28,4.193,CTATAACATAATGTAT,E460N,1,1
-7.28,4.193,GAAAGTGTAGAACCTA,K176P H488S,2,2
-7.28,4.193,GAACCTTAACAGAATT,I335Y,1,1
-7.28,4.193,GACCAACTGAAATCCC,,0,0
-7.28,4.193,GACCCAGACCCGTATG,W350* E410K I469A,3,3
-7.28,0.8386,GAGAAACGAAAAAACT,T283F E390I,2,2
-7.28,4.193,GAGAGTAAAGCGCTTA,E89W Q173S,2,2
-7.28,4.193,GATAAAAAAACAGCCC,F148C,1,1
-7.28,1.398,GATAAAAGACAACATG,S136I,1,1
-7.28,1.398,GATCGTAACCCAATAT,G345Y,1,1
-7.28,4.193,GCCCAAAGGAACCATC,E414K R456T,2,2
-7.28,4.193,GCTTTGCCATAATAAA,G360A,1,1
-7.28,4.193,GGACAAGCTACCACAA,N445W,1,1
-7.28,4.193,GGATGGGCATCCCCTA,F500E,1,1
-7.28,4.193,GTAAACTAAGGCTCGT,Y423Q R499K,2,2
-7.28,4.193,GTACTACACACCATGG,L154A,1,1
-7.28,4.193,GTCATCCCTAGTGCTA,N458S,1,1
-7.28,0.8386,GTCATCGTTTCCAACC,V130W,1,1
-7.28,4.193,GTCCATGCACATCGTT,G218V T283P P293F R321*,4,4
-7.28,4.193,GTTAAGGATATGTCAC,G129I N285C,2,2
-7.28,4.193,GTTTTGTATAATCTTC,L66D A69S,2,2
-7.28,4.193,TAAACCAGGATCAAAT,I335S,1,1
-7.28,4.193,TACACAAAATAACCAC,R33E F338E,2,2
-7.28,4.193,TCAACCACCTAAAGAA,G23M,1,1
-7.28,4.193,TCAATTGCCCCAAAAC,S136W,1,1
-7.28,4.193,TCATTTGTGGCGCAAA,N433L,1,1
-7.28,4.193,TCCTGATCACTTTAGC,V20H L314F,2,2
-7.28,4.193,TCTGCAGATGAGCGAC,L316S,1,1
-7.28,4.193,TCTGCCCTAGCTTTTA,G463E,1,1
-7.28,1.398,TTAAAGGATAATGAAG,Q164R,1,1
-7.28,4.193,TTAATCGTTAATAGGC,Q57P Q295L,2,2
-7.28,4.193,TTACAATAGCTCTCTC,G337C,1,2
-7.28,4.193,TTACACACCAACGGAT,S266R V297Q A459Q,3,3
-7.28,4.193,TTATATATCGAATTTG,S287D,1,1
-7.28,4.193,TTATCAAAAAAAAGAC,A113W,1,1
-7.28,0.8386,TTCAACAAACGGGACA,E344K,1,1
-7.28,1.398,TTGCAATTATTCAGAC,Q327K C473Y,2,2
-7.283,0.4659,CACCTAAAGGCATATG,G352V,1,1
-7.283,0.4659,TGAATTAAATTTATAA,I502C,1,1
-7.284,0.599,CAAAGCACAAAATCGA,H488C,1,1
-7.284,0.599,TTAAAAGATCGTTGCA,W350Y,1,1
-7.284,0.1997,TTGCAGAAAGTAATCG,L111T I274C,2,2
-7.284,0.1271,AAGCTCGCCGAATTAT,S136K,1,1
-7.285,0.8386,CATAGTCAGCCCAACA,T206E,1,1
-7.285,0.8386,GGAATCAAAACAAAAG,H471F,1,1
-7.285,0.8386,GTCATACTCCTTCAAA,Q44R W343*,2,2
-7.285,0.8386,TGCCAACATGTCTATA,A336F,1,1
-7.285,0.4659,CGTTCAAAGAAGTGAC,S228K,1,1
-7.287,0.599,AATAATCATCCCAGAT,S136F,1,1
-7.288,1.398,AAAATCTCCTCCGACA,I274K E410K L427S,3,3
-7.288,1.398,AAACACTACAAAAAAA,F87V,1,1
-7.288,1.398,AACACACAAGAATCGA,V130P,1,1
-7.288,1.398,AATGCTTAAAATCCAC,E123A,1,1
-7.288,1.398,CTATTCGAAATGTACA,L455Q,1,1
-7.288,1.398,GCTTAACCGCGTGAAT,G116V I502V,2,2
-7.288,1.398,GGCTTAGGTAATACAG,V36F A196D,2,2
-7.288,1.398,TCACCCTCTGTGAAAT,I274V G465E,2,2
-7.288,1.398,TGGATTTCGCTTTCGT,C305V A336T,2,2
-7.288,1.398,TTCTGTCAAATACTAG,E344R,1,1
-7.29,0.3225,GTTTCCTTCAAGGACT,N22H Q363*,2,2
-7.292,0.1677,ACATACGCATTCAAAA,E443R,1,1
-7.292,0.1997,CGCTAAATCAACAGCA,G181S,1,1
-7.292,0.599,TCTTCACGACCATACT,S369N,1,1
-7.294,0.1353,AAGGTATTACGAACAG,D68Y M168V,2,2
-7.294,1.398,AAGTCAATAACATCCC,C97I,1,1
-7.294,1.398,ACATATTCCCTAGCGG,E325N D348Y,2,2
-7.294,1.398,AGAACTGAGAAACAAA,I230W,1,1
-7.294,1.398,AGAGTCAATTTTAGTG,I469C,1,1
-7.294,1.398,ATCTAAGAACAAACCC,K2D A373F,2,2
-7.294,1.398,CAAGATGACCAATTCG,S136I A138S G200C,3,3
-7.294,1.398,GACTGTATTATTATTG,H184P,1,1
-7.294,1.398,GACTTGGCAAGATCTC,C52H Q434R,2,3
-7.294,1.398,TGTATATAACATTCAT,L108P D291F,2,2
-7.295,0.599,AAACCCGGCTACCAGT,L108E,1,1
-7.295,0.599,CATGGGCAACGCACTA,N298K A304S,2,3
-7.296,0.3812,GTATGTTGCTAATCCC,Y257Q,1,1
-7.297,0.8386,ATATAATCTGAACCAC,F195G,1,1
-7.297,0.2795,CAGCTATCTATTTTTA,N357W,1,1
-7.297,0.8386,CCGTATACCATAAAAA,L316K,1,1
-7.297,0.8386,TAATATTGCCTACCTG,N433W,1,1
-7.297,0.8386,TCAATGTCATACCAAC,A317Y E403A,2,2
-7.298,0.3812,CAATAAATTATAAACA,Q356N,1,1
-7.298,0.599,ACTTAAAAGAGTTCAG,F332N,1,1
-7.301,4.193,AAACTCATAGTCTATG,V88S,1,1
-7.301,4.193,AAATAAAGGTATAGAA,S228I R229G,2,2
-7.301,4.193,AACACTCTAGTCCCTT,Y178G A365P,2,2
-7.301,4.193,AAGAAACAATAACCTG,L151E,1,1
-7.301,4.193,AAGAGATAATTGCTAT,Q164W,1,1
-7.301,4.193,AATGAACATTCACACA,A138H R482K,2,3
-7.301,4.193,AATGCTCGCCGTGCCC,L70E W343L,2,2
-7.301,4.193,AATGTAAACCTATAAC,I34F N322V,2,3
-7.301,4.193,ACAACTAGAAAACGCG,V237D,1,1
-7.301,1.398,ACCAGCTGTAAGCGAC,I502Q,1,1
-7.301,4.193,ACCTCGTACAATTAGG,G72W,1,1
-7.301,4.193,AGAACTTTAACGTAAA,G61S,1,1
-7.301,1.398,AGAATCCGGCTTAATC,G23K S46R,2,2
-7.301,1.398,ATAACATTTCTAACAC,V413R,1,1
-7.301,4.193,ATAACTAACCAGACAA,I179R,1,1
-7.301,4.193,ATAAGAATGAAATAGT,T206A A334W,2,4
-7.301,4.193,ATAATCAACTAATCAC,L194I A495C,2,3
-7.301,4.193,ATACCCTGCAAGAACG,I377E,1,1
-7.301,4.193,ATACGTACACCAATTT,N170K,1,1
-7.301,4.193,ATCATACTTTTGCAAA,I335T T436A,2,2
-7.301,4.193,ATCTACTCTACGAATA,L154R,1,1
-7.301,4.193,ATTAACCAACTAAATA,D85P I331Q E403G,3,3
-7.301,4.193,CAAACCATCCTTGGTC,L13M D32Q D408V,3,3
-7.301,4.193,CAAATACGCGCACAAC,Y98G,1,1
-7.301,4.193,CAAGAAGCTTTAAACT,G256Q,1,1
-7.301,4.193,CAATGGACCACCATAC,N165A L496Y,2,2
-7.301,4.193,CACTTCAACAATAAGT,A113M R405N,2,2
-7.301,4.193,CAGGACATATGCTTTG,W153Q,1,1
-7.301,4.193,CCAGTGTAAGATTTAT,L314R,1,1
-7.301,4.193,CCCACCATTAAATAAA,N81I T416K,2,2
-7.301,4.193,CGGTATAACCGGTGTA,Y486W,1,1
-7.301,4.193,CTTAATAGAGACTAAA,E359I Q363H,2,2
-7.301,4.193,CTTAATTATTGCTGCA,L118Q,1,1
-7.301,1.398,CTTACACACAATCTAG,L108N,1,1
-7.301,4.193,CTTCCGCTAATACAAT,W84E,1,1
-7.301,0.8385,CTTGCACCCACGTAGG,A253P,1,1
-7.301,4.193,GAAAGAAAAGTTCCTA,A138T,1,1
-7.301,4.193,GAATAAACCAGAAGAA,A336T,1,1
-7.301,4.193,GAATCACCGAAAATGG,N357P,1,1
-7.301,4.193,GACACGTCTTAAATGA,S96N M346P,2,2
-7.301,0.2466,GACTAAAATCTTCACT,A19I,1,2
-7.301,4.193,GCACAGAGTTGCTAGT,D73N I179P,2,2
-7.301,1.398,GCAGGTAACTCTCTCG,H17P,1,1
-7.301,4.193,GCCAATGTATAAGCAA,V182M Y491N,2,2
-7.301,4.193,GGATACTACAGCTTAA,F147N,1,1
-7.301,1.398,GGCGAGTAAGAATATC,W350A,1,1
-7.301,4.193,GGTCGAACAAGTCCCA,P74V G349L,2,2
-7.301,1.398,GTAAGTAACAATTACA,G72E,1,1
-7.301,4.193,GTGTATGAAATGAACT,S145T I385R H393G M444I,4,4
-7.301,4.193,TAAAATAATAGAAATT,K50M I232N,2,2
-7.301,4.193,TAAACAATTAGACTCT,A253E,1,1
-7.301,4.193,TAAAGCTTACACCCAC,S279I,1,1
-7.301,4.193,TAAATAATATGATACT,K176E,1,1
-7.301,4.193,TACATTAAAGCAAAGT,S156R C305K,2,2
-7.301,4.193,TACTTCCCCTTGACGC,S270M,1,1
-7.301,4.193,TATGAACCAGCAAGCG,N246V,1,1
-7.301,4.193,TCAAATGTTCCATCCA,K452P,1,1
-7.301,4.193,TCAACGAAAACTGGAA,I34K,1,1
-7.301,4.193,TCACCAAATCAACCCA,Y178I,1,1
-7.301,4.193,TCGCTAAAAACGATAG,F120A,1,1
-7.301,4.193,TCGTAGAAACCAATGT,A365F,1,1
-7.301,4.193,TGACTATAGAGAAGCT,G249D N497G G504C,3,3
-7.301,0.599,TGCAGGCTTTAGTGTA,I267D,1,1
-7.301,4.193,TGTCTGATAAGACATG,T128K S231K G319D,3,3
-7.301,4.193,TTAAAATAATCCCGAA,T370M,1,1
-7.301,4.193,TTGCACAACGAACATC,I245K,1,1
-7.303,0.3812,CCATGTTAATCGATTC,C76S T187V,2,2
-7.304,0.5989,TATAAAGAATATAAAA,S422M,1,1
-7.305,0.3225,GTTACTGCCAGGGAGC,G330D,1,1
-7.305,0.1352,TTGATACGCACCGTAA,L154C,1,1
-7.306,0.8385,CAACTTTATCATAATC,C97K,1,1
-7.306,0.8385,GAATGTCCAAAAATGG,H183K,1,1
-7.306,0.8385,GTATAGGTACGTAATT,L316Q R405C,2,2
-7.306,0.8385,TAAAAATTATAGGTGT,I67Y V323L,2,2
-7.308,1.398,AAATATTAGAAATGGG,G319T,1,1
-7.308,1.398,AATAATTTAAAGGTCA,V309M E410V,2,2
-7.308,1.398,AATATATTGTATATAC,A336N,1,1
-7.308,1.398,AATCCAAAAGTTCATA,V429P,1,1
-7.308,1.398,AGACATGGAGCTCCAT,V43P,1,1
-7.308,1.398,AGTTAAGACAGCACGA,H488L,1,2
-7.308,1.398,ATTCTTGACGAAATAA,G337L,1,1
-7.308,1.398,CACAAGAATATAAAAA,I232P,1,1
-7.308,1.398,CTAAATTATCATACAA,I331D,1,1
-7.308,1.398,CTGTAATATTTGTTTA,C14I S422T,2,2
-7.308,1.398,TACGATTTCACGTTTG,D348M R354I,2,2
-7.31,0.8385,CTCTTCATAAACATCT,I288E,1,1
-7.31,0.8385,GATTTTAAATCTCGCT,G256V R261W,2,2
-7.31,0.8385,TAAACAATCTCCCAAT,G16A,1,1
-7.311,0.4658,CGTCTGCAGGTAATAA,A93W I331R,2,2
-7.313,0.1996,ACACATAATCAAGACA,P99K,1,1
-7.313,0.5989,TCCATCAAACAAACCC,P239W E484N,2,2
-7.315,1.397,AAAGTCATCTTTATTC,W153L Y233W,2,2
-7.315,1.397,AGATAGGACCGTAAGT,K315D,1,1
-7.315,1.397,GAGTAACCCAATATCA,E340K A364K,2,3
-7.315,1.397,TATCCCTTTCCAATAA,G72C L496I,2,2
-7.315,1.397,TGAGTCCCGAAAAGTT,D487G,1,1
-7.315,1.397,TTTCATTGTATTACTT,K131Y S136I,2,2
-7.317,0.2207,CCATTCCGTCACAAGG,G360E,1,1
-7.318,0.8385,GGGGTGGAGGCAAATA,M268A G345H,2,2
-7.318,0.8385,TAATAATCACCCAAAC,N464H H471N,2,2
-7.319,0.3225,CAGAAGTACTGAGAGA,H355E,1,1
-7.319,0.2795,CCTATACACTAATTAG,K315E,1,1
-7.322,4.192,AAACAACCGCCCATAG,,0,0
-7.322,4.192,AAACTATAGATAATTA,L243K L496N,2,2
-7.322,4.192,AAACTATCGACGCGAC,V429Y,1,1
-7.322,4.192,AAAGAACTTCCAATGA,G72C S219D,2,2
-7.322,4.192,AAAGAGATCCGTTTAC,W234P,1,1
-7.322,4.192,AACAAAACGATAGTGA,T155K,1,1
-7.322,4.192,AACGCATCACTCAGAG,,0,0
-7.322,4.192,AACTTTAAAGCAATGC,C477Y,1,1
-7.322,4.192,AAGTTAAAGTACATCA,F353S,1,1
-7.322,1.397,AATGAATTATAAGTGA,C76N D487N,2,2
-7.322,4.192,AATTCAGCTTACTGTA,R456P,1,1
-7.322,4.192,ACAAACTCTCGTATCA,D438G,1,1
-7.322,4.192,ACAAGACATACTAAGA,I331N,1,1
-7.322,1.397,ACAGTAATCCTCAAAA,A334N,1,1
-7.322,4.192,ACCAAACCAAAGCCAT,G181N,1,1
-7.322,4.192,ACGCCAATACCTTCAA,G286M,1,1
-7.322,4.192,ACTTTGTTAGATAACC,I236Y,1,1
-7.322,4.192,AGATAATTAACTATTC,W350G,1,1
-7.322,0.8385,AGTGGGACCCGATCTG,R492H,1,1
-7.322,4.192,ATAAAAGTTCCCTTCC,P103S C139N,2,2
-7.322,4.192,ATACAAAAGAGCTAAT,G465Q,1,1
-7.322,4.192,ATTATAGCTATATCCT,G360H,1,1
-7.322,4.192,ATTGACAATAATGAAC,W84E,1,1
-7.322,1.397,ATTGTGATGACATATG,A459L,1,2
-7.322,4.192,CAAAGAATCTATTTAC,C14F G240P,2,2
-7.322,1.397,CAACCGAACCCACTCA,A495I,1,1
-7.322,1.397,CAACTTTGAACCAATT,R329D,1,1
-7.322,4.192,CAGTAATTACCGGCCC,C466K,1,1
-7.322,4.192,CATTAACAAAGAGATG,N322G D415N,2,2
-7.322,4.192,CATTCTACTCATACTT,G16E,1,1
-7.322,4.192,CCACAACACGAACGAC,F195G,1,1
-7.322,4.192,CCTATGAGACATCGTA,V130N,1,1
-7.322,4.192,CGAGTGACATCAATAA,L496S,1,1
-7.322,4.192,CGCATAATTCGAAACT,I179D,1,1
-7.322,4.192,CGCTGTTGCCCGCTGC,N81L A317Q,2,2
-7.322,4.192,CGTCCAAGAGATACCT,N458E,1,1
-7.322,4.192,CGTCGCCATTCCCTCA,C97A Q434L,2,2
-7.322,4.192,CTACACGTAATAGCCA,T248N,1,1
-7.322,4.192,CTATAGTTGCATGCAA,V182N Q454A,2,2
-7.322,4.192,CTCAGGATGAGTGTAT,K50Y Y178R,2,2
-7.322,4.192,CTCCCAATCCTATCAG,Q407* D419M,2,2
-7.322,1.397,CTGAATACTATGAATT,H471Q,1,1
-7.322,4.192,CTGACCTCGCACACCT,G5M L409Q,2,2
-7.322,1.397,CTTTTTAACTAAATCA,W421C,1,1
-7.322,4.192,GAAATCATTTAGAAGC,A334H,1,1
-7.322,4.192,GAATATATCCATTATC,C76* K453E,2,2
-7.322,4.192,GAATGGCAAAGATAAA,V20E E410K,2,3
-7.322,4.192,GACATAATAGAGAAAA,V36H,1,1
-7.322,1.397,GAGCAAAGTACTTTAA,P254K P306S,2,2
-7.322,4.192,GAGTGAAACAAAGAAA,S480P,1,1
-7.322,4.192,GATACCCTAACTCAAT,D461G,1,1
-7.322,4.192,GATGCGTACTGTTTTC,L409G,1,1
-7.322,4.192,GCGTCCTCAAACTCGC,Y351H Y423S,2,4
-7.322,4.192,GCTACACAGGTAAACC,W84K,1,1
-7.322,4.192,GCTAGTCTCAAAGAAA,P162T D175W,2,2
-7.322,4.192,GGAGAATGCTCGAAAA,S270P,1,1
-7.322,4.192,GGAGACATAAACACAA,G249K,1,1
-7.322,4.192,GGTCTGCGAACTAAAT,L86N,1,1
-7.322,1.397,GTATACATAGAATAAG,I288W,1,2
-7.322,1.397,GTCAGGACGTCAACAT,W84L Q371N,2,2
-7.322,4.192,GTCTCGTTAGGATTAA,L154N A212W,2,2
-7.322,4.192,GTTAATCTTAATACGA,E89D R92E Q356*,3,3
-7.322,4.192,TAAAAAAAATCCCGTC,V309M W343*,2,2
-7.322,4.192,TAAACTATCAACTACT,G345V,1,1
-7.322,4.192,TAAAGGTTACAAAGAT,N246L,1,1
-7.322,4.192,TACACCTACTTAGCAT,Q311N D474G,2,2
-7.322,4.192,TACATTTGCTAAATAA,F338S,1,1
-7.322,4.192,TACGTCTAACAAGCAA,L66C I478G,2,2
-7.322,1.397,TAGTGACTATACATAA,I502Q,1,1
-7.322,4.192,TATATGTTGTAACCTT,W234Q,1,1
-7.322,4.192,TCAGTTAGATGCTGGA,V237G,1,1
-7.322,4.192,TGAATGAATTACAGAA,,0,0
-7.322,4.192,TTAACTCACATCAAAC,R499L,1,1
-7.322,4.192,TTATATCGCAAGAACT,T37S,1,1
-7.322,4.192,TTATCACTGAAAAAAG,G345L,1,2
-7.325,0.5989,TACTCGCTACATAATC,G330V,1,1
-7.325,0.5989,TTCACTAATCACCAGC,W153H,1,1
-7.325,0.1996,ATACACCCAGCTGGAC,I202W,1,1
-7.325,0.0791,GCCCACCGTATTCTCT,A113E,1,1
-7.326,0.8384,CACGAAATAGAAAAAA,N38V,1,1
-7.326,0.8384,GGTAATTACGGACAGC,G349F,1,1
-7.328,0.3811,CTTCGGTTTTTTCAGT,Y98L,1,2
-7.328,0.3225,TTCAACAACTATAACA,Y423E,1,1
-7.329,1.397,AAACATCTCCTCGCAC,F353C,1,1
-7.329,1.397,ACATAAGATATGGACT,G286R Q407C,2,2
-7.329,1.397,ATTATAGCTTTATGAA,I179N G249C L316R,3,3
-7.329,1.397,ATTCTCCTCATATCAT,Y351Q,1,1
-7.329,1.397,CAATCCTAAATGGTTT,W153Q,1,1
-7.329,1.397,CCAAACCAGTGCTGCC,C14Q G362D,2,2
-7.329,1.397,CCGCGGATAGGCAAGA,V429E,1,1
-7.329,1.397,TAGACTCTACCATCTC,C97E,1,1
-7.329,1.397,TATACATTCTAGCCTG,T37* N285K,2,2
-7.33,0.8384,TTATTACACGCAACAA,M346H,1,1
-7.332,0.2206,AAAAAGCGCTACATTT,I34D G330N,2,2
-7.333,0.3225,CATAAATAACAACGGC,A317I,1,1
-7.333,0.4658,CAATATCAATCCCGTA,G345Q,1,1
-7.334,0.5989,CCGGTGTTAAACAAAA,E89M,1,1
-7.334,0.8384,AACCATAATAAGAATG,D366Q,1,1
-7.334,0.8384,ACTAACACATAAATGG,L15N,1,1
-7.334,0.8384,ATCAATCTAACCAATT,G362V,1,1
-7.335,0.2206,TAGAACGATCATATAC,G465S,1,1
-7.336,1.397,ATCGTAACACAGCACT,I226H,1,1
-7.336,1.397,CAAGATACTCTATATG,S228V Q376W,2,2
-7.336,1.397,CGCGACACATTCAGAG,N458W,1,1
-7.336,1.397,GAAAAGCTCTTCTGAC,P254A,1,1
-7.336,1.397,TCCGTGCTAAAAGATG,N433Q,1,1
-7.336,0.1352,CATACACCTTCATGAA,V406D,1,1
-7.337,0.5989,AATTCAAATTTATTCG,Y100N,1,1
-7.338,0.4658,ACAAATGAAAACAAAA,A93Y N190Y,2,2
-7.338,0.8384,CAACAAAAATATTGGA,I3P S266P S279M,3,3
-7.338,0.8384,CCCTTCCTAATGAAAA,K368I K450M,2,2
-7.339,0.3811,CAGTACTCATATTATA,G286T,1,1
-7.339,0.5988,TCGTCATCGCAGTGCT,V309M E325T,2,2
-7.339,0.5988,TCTTATATTACAAATT,F120T,1,1
-7.342,4.192,AAAAATGTAGGCCAAT,A425R,1,1
-7.342,1.397,AAAACCCATAACAGGA,Y486S,1,1
-7.342,4.192,AAACAAAGCCTGATGT,A364G S480P,2,2
-7.342,4.192,AAAGAAAAACCAAAAC,N458E,1,1
-7.342,4.192,AAGAACTTGCACTATA,T10I L154D A425T,3,3
-7.342,4.192,AATAACATTGCATTAT,,0,0
-7.342,4.192,AATACGGTACCCTATT,L194D,1,1
-7.342,1.397,AATACTAAATGAGTCA,R220E,1,1
-7.342,4.192,AATTAATATTTCTTGA,E401K C466G,2,2
-7.342,4.192,AATTGCTAAGATAAAA,P221E I300S,2,2
-7.342,4.192,ACATCTTTAATAAGTT,E403K T436I E443K,3,3
-7.342,4.192,ACCGGAAGAGAAGCCA,T128V W343*,2,2
-7.342,4.192,ACGGTGACATAGCAAT,A138C A163T L177H D271N V402L M444I,6,7
-7.342,4.192,ACTCGAACTCTATTAT,Q173* Q197P,2,2
-7.342,4.192,AGAAACAAATCCGTAT,L151D S422N,2,2
-7.342,4.192,AGAATACAAGATATTA,W84I,1,1
-7.342,4.192,AGACGAAGTAAAATCC,C305K,1,2
-7.342,4.192,AGAGTCTAGCTATAAG,S193E,1,1
-7.342,1.397,AGGTACACCTCATTGA,K171E R492E,2,3
-7.342,4.192,ATATCAGAGAATAGAG,A253C,1,1
-7.342,4.192,ATCAGTATTAAACGCC,E432K,1,1
-7.342,1.397,ATCTATTACACCTAAC,L409G,1,1
-7.342,4.192,ATTACAATCCTAGAAA,R109L N475C,2,2
-7.342,4.192,ATTACATGAGGTCCCT,T28Y G275F C305I,3,3
-7.342,4.192,ATTTTATTTAACTGTT,N296Q W421P,2,2
-7.342,4.192,CAAACTCTTTGATACT,G116C,1,1
-7.342,4.192,CAAATCGTCAAAAACC,P227S Y308K,2,2
-7.342,4.192,CATAAATTTAACAAAT,L13K,1,1
-7.342,4.192,CATCAATATAATAAAT,L194C,1,1
-7.342,4.192,CCAATATATGAATAAC,I245P,1,1
-7.342,4.192,CCACATCAGTAGACCC,G286S,1,1
-7.342,1.397,CCGTTACTATCCACGC,L86F,1,1
-7.342,4.192,CCTCCATCTACATTCC,L420Y,1,1
-7.342,4.192,CGACACCCTCATCCAA,T436M,1,1
-7.342,1.397,CGATGAACCTATTCGG,S136I,1,1
-7.342,1.397,CGATGTGCATAAATCT,H18G L66G,2,2
-7.342,4.192,CGCAAGTCGATCCATA,R90M,1,1
-7.342,4.192,CTATCCTAAGTTAACA,G116E R361I E398K E401K,4,5
-7.342,4.192,CTTAAAATGTGGTGTA,M320R K503A,2,2
-7.342,4.192,CTTCAACCAAAAGTTC,N170K,1,1
-7.342,1.397,CTTCATTAAATAATAA,E443K,1,1
-7.342,4.192,CTTCCGATACTTTATC,D68P,1,1
-7.342,4.192,GAATTAAAGACCTAGT,S228F,1,1
-7.342,4.192,GACGATAAACTCTACC,N433M,1,1
-7.342,4.192,GAGCTCATAACTTAAA,N81D G181P,2,2
-7.342,1.397,GATATATACGAAACTT,S193E,1,1
-7.342,4.192,GATCTCACTTAAATTC,V413D,1,1
-7.342,1.397,GATTTATCAATTATGA,D73N Y486Q,2,2
-7.342,1.397,GCGACGTCCCGATAAA,Y100N,1,1
-7.342,4.192,GCGGAATTAACCCGGT,A459Y,1,1
-7.342,4.192,GCTCAAACCAAACAGA,G319H,1,1
-7.342,1.397,GGCCGTCTTAGATCCT,V130P D291N,2,2
-7.342,4.192,GGGTTCCCGTTGGATC,I478S,1,1
-7.342,1.397,GGTTCGGATATCCACA,G463D,1,1
-7.342,4.192,GTAAGCATTCTATTTA,V429R,1,1
-7.342,1.397,GTGCGACCATCATAGA,A253M,1,3
-7.342,1.397,TAAAGCATGCACAAGC,C477D,1,1
-7.342,0.8384,TACATTCATAATTAGG,N250L,1,1
-7.342,4.192,TACCGGAAATCCCTAA,T37N G286C,2,2
-7.342,4.192,TACGAGAGCTTATTGG,G303V,1,1
-7.342,1.397,TAGGAGCCATTTCTCT,P99H S107R R499G,3,3
-7.342,0.8384,TATATGAAAAGAACAA,I160E T440V,2,2
-7.342,4.192,TATTAAGTAGAAGCTG,W343Y,1,1
-7.342,4.192,TCAAAAGAACGTGTAA,N246C,1,1
-7.342,4.192,TCAACCATTCAAACTC,C281T T388L Q394M V402E,4,4
-7.342,4.192,TCATCTTTATACAAAA,H488I,1,1
-7.342,4.192,TCCCCTGTATACGAAC,L409G,1,3
-7.342,4.192,TCGAAGACCCGCACCT,V309D,1,1
-7.342,4.192,TCGACGTCACGAATAC,I230S,1,1
-7.342,0.5988,TCTGTACAAAAAAACG,F174D G349C,2,2
-7.342,4.192,TCTTGGGTTTATAGTG,S265I,1,1
-7.342,4.192,TGCATCCGAGTCTACC,H355N,1,1
-7.342,0.5988,TTAAGATAATCCCCAG,I252G,1,1
-7.342,4.192,TTACAAACGAACTATT,G249E,1,1
-7.346,0.8384,TACATCTTACGCAGCC,N38Q S287W,2,2
-7.349,1.397,AAGATAAGAAAGGAGA,F87P E401A,2,2
-7.349,1.397,ATTAAGAACTAGCCTA,I437W,1,1
-7.349,1.397,CATAAATCAACCACCT,N322L,1,1
-7.349,1.397,GAAGCTAACCTAGCAT,H17W,1,1
-7.349,1.397,TAGTTCAAACCCACCC,L151R E410K,2,2
-7.349,1.397,TCTCTACGTTTTATTA,N322C,1,1
-7.35,0.3811,ACCTGAACTTGAAATG,Y100R,1,1
-7.35,0.8383,TTTGGGGTACACCAGA,M320Y,1,1
-7.351,0.5988,CACACACTATGTAAGC,K380I,1,1
-7.351,0.3811,GAAATATAGCCGCAAG,I230F E398K,2,2
-7.354,0.8383,CAACCAACTTGGCTTC,R141P,1,1
-7.354,0.8383,CTAACTGTCATCAATT,K326Q I374C,2,2
-7.354,0.8383,TAAACAAATTACCAGC,G61A R109C E123*,3,3
-7.354,0.8383,TATCAGACCACATAGA,L70N D271G,2,2
-7.356,1.397,AAATGACTCTCAACCC,L194R H471N,2,2
-7.356,1.397,ACCCCAAAAAGTGACA,A253L,1,1
-7.356,1.397,CTCAAAGAATCGCATA,L244H E443K,2,2
-7.356,1.397,TACTGAAGCTGCCTTG,E89M,1,1
-7.357,0.2206,CTATATCCAGATGCCC,I226P,1,1
-7.358,0.4657,CCCTGCCGATATTCGA,I202Q,1,1
-7.358,0.8383,GAGAGGGAATATACCA,P254V,1,1
-7.362,4.191,AAAACGCTTAAACAAA,L177A R321S F392L,3,3
-7.362,0.8383,AAAATTCCTATTCTTG,K2Y A336V,2,2
-7.362,1.397,AAACTTACTTATCTAA,Y161C N433C,2,2
-7.362,4.191,AAACTTTATACTTTAG,T436Q,1,1
-7.362,4.191,AAATGATCAGAAGCTA,T40- P227R,2,3
-7.362,4.191,AACACTTGTCCATATT,G249L F353Q,2,2
-7.362,4.191,AACAGTCGTCCTAATT,S136A,1,1
-7.362,4.191,AACCTCAACACAACCA,L367P T451E,2,2
-7.362,1.397,AAGCCATTAGCTTTCA,F353C,1,1
-7.362,4.191,AAGGTAACGAACTTGA,T248W N489C,2,2
-7.362,4.191,AATAACACTAACTATT,V166G K452V,2,2
-7.362,4.191,AATAATCACTACCAAA,L111R P306Y,2,2
-7.362,0.8383,AATAGAAATAATCAAT,G249R,1,1
-7.362,4.191,AATCCCGACGTAAAAT,R499E,1,1
-7.362,4.191,ACAAAAGACAGGATCA,S46V L316E,2,2
-7.362,4.191,ACAAAATAGTACATTC,C76A,1,1
-7.362,1.397,ACCAAAGCAAGGTGGA,C14Y,1,2
-7.362,4.191,ACCTAGCATGTCCATT,S114C E401K E432W,3,3
-7.362,4.191,AGATCGATTATGACTT,R150F V213L,2,2
-7.362,4.191,AGTCCCCTCCCTGATC,M444C E449*,2,3
-7.362,4.191,AGTTGCTAAACACATA,,0,0
-7.362,4.191,ATAATGCAGATACAAA,C52Q,1,1
-7.362,4.191,ATACGATACCCGATCG,W234R R299G,2,2
-7.362,0.8383,ATATACAGACATTAAA,Y98D,1,1
-7.362,0.381,ATCAAACAAAAGCTTC,W343E,1,1
-7.362,4.191,ATCTAGATATTAATAA,P103E Y178I,2,2
-7.362,4.191,ATGACGATCATAAACA,I202Y,1,1
-7.362,4.191,CAAAATTAAAGTAATA,I377P,1,1
-7.362,0.8383,CAACAATCGACCGAGC,A459N,1,1
-7.362,0.8383,CAACCAGATTACACTT,Y100E E426Y,2,2
-7.362,4.191,CAAGAAAACTAAGTGC,M462R,1,1
-7.362,1.397,CAGGAAATAATGAAAC,Y486A,1,2
-7.362,4.191,CATGTGCTCACGATTG,D366F,1,1
-7.362,4.191,CCATTATTTTAAAGCG,C139I,1,1
-7.362,4.191,CCTGTCTCACATTTGA,H18G I374V,2,2
-7.362,4.191,CTAATGTAAATAGCCC,F338Q,1,1
-7.362,4.191,CTATACCTTCATCAGA,A113I,1,1
-7.362,4.191,CTGGTTTACCCCCAGT,F353T,1,1
-7.362,4.191,GAAACAAGAGATCCCT,Q44F Q434K,2,2
-7.362,4.191,GAATCTAAAATCCAAC,Y257D,1,1
-7.362,4.191,GACGTTAGATAGCACT,N31P,1,1
-7.362,4.191,GAGAAGACCACCATTC,Y308R I502E,2,2
-7.362,4.191,GAGTCAAGCCAACATC,V36Y,1,1
-7.362,4.191,GCTAGACATTTAACAC,K292Q T301N,2,2
-7.362,4.191,GCTTATAGTTGTATTT,F448G,1,1
-7.362,1.397,GGCACCATTACAACAA,A106V Q295S,2,3
-7.362,4.191,GGTCATGCGGATACAT,,0,0
-7.362,4.191,GTAAACCTTTTAAAAA,N165I H471R,2,2
-7.362,4.191,GTTTACTCAAGATAAT,T155K,1,1
-7.362,4.191,TAAACTCGGCCGTTAT,E432I,1,1
-7.362,4.191,TAGGATCGATATAACA,L108G,1,1
-7.362,4.191,TATAGCATCAGGAACG,N170H Q407C,2,2
-7.362,4.191,TATTGAATCCTGGGCA,A336C,1,1
-7.362,4.191,TCAAACGGTCCTGATC,Y308K,1,1
-7.362,1.397,TCTTCCTGTTAGTTTA,A138K,1,1
-7.362,0.2466,TGAATAACAATGGTAA,N190K,1,1
-7.362,4.191,TGCTCCACGATATCAA,I202W,1,1
-7.362,4.191,TTAACCCATGGAATAG,T187S G256L,2,2
-7.362,4.191,TTACAGCTGTAATACA,V182R,1,1
-7.362,4.191,TTAGACGGCCATCCAC,L70S,1,2
-7.362,4.191,TTCAACGCACACCCCA,N152R,1,1
-7.362,4.191,TTGATAAATAAATACG,A365N,1,1
-7.362,4.191,TTGCCTAAAATAAATT,L151P,1,2
-7.362,4.191,TTTTGATATTCCATTT,A317L V413N M444I,3,5
-7.364,0.2466,ATTCTGCCTTGAGTAA,G342N,1,1
-7.364,0.2206,CCATACTATCCTGGAG,L455W,1,1
-7.366,0.381,TTCACTAGAATTTCAT,W153V,1,1
-7.366,0.8383,AATCACACTGCACCCT,R261K C281P V297R A495Q,4,4
-7.366,0.8383,ACAGCATGATTGTAAC,Y178K D366E,2,2
-7.366,0.8383,AGCTTCGTAAAAAATC,T155W,1,1
-7.366,0.8383,ATGGTCAGTATTTAGT,L367P,1,1
-7.366,0.8383,TTCAAGACGACATCCA,I245W,1,1
-7.368,0.381,CGCACAGATTGAACCA,A253T,1,1
-7.368,0.381,TAAACAACAATAGTTC,I179W,1,1
-7.369,1.397,AATAAACCCCACACTG,W421G,1,1
-7.369,1.397,AATCAGATAGCACTAC,T30N P99L R201F,3,3
-7.369,1.397,ACAGAAGGTCAAATAT,C477E,1,1
-7.369,1.397,ACCAGATAACTAGAAA,A19K N322K,2,2
-7.369,1.397,AGTCTCATCACGATAC,R492M,1,1
-7.369,1.397,CCTATATTCATCTACC,A336D,1,1
-7.369,1.397,TACCATCAGAAGTAAT,S124H I274E Y423D,3,3
-7.37,0.8383,GACCCACTTTAACATC,D366L,1,1
-7.373,0.1996,AACTTTGTCGGACGCA,A364H,1,1
-7.374,0.8382,TATGTCTTATTCCAGA,W421H,1,1
-7.376,1.397,ATAGATACACGGAGAA,C466A,1,1
-7.376,1.397,ATTTTTAATCAAGTAA,I502S,1,1
-7.376,0.4657,TAAGAAGAGGCAGACT,L431R,1,1
-7.376,1.397,TCGCATGCAATAGGTT,F258A,1,1
-7.377,0.5987,TAAAACCCTCAAGCAG,A163D C281T,2,2
-7.377,0.1996,AACGGGGCAGTTAGAG,A138Y,1,1
-7.378,0.2465,TGAGAATTTAACAATG,D419M,1,1
-7.378,0.8382,ATGCAACACACCCATA,N298R,1,1
-7.378,0.8382,TGGGACTAAATACATG,Q44*,1,1
-7.379,0.5987,TTACTAGCATATAATA,F195L,1,1
-7.38,0.2794,AATTACGGAAACGGCT,G16F,1,1
-7.382,4.191,AAAAGCTGACTTAAGA,C477F,1,1
-7.382,4.191,AAAATCCTGACTTTAA,C477G,1,1
-7.382,4.191,AAACAACAGTAACATA,F195D,1,1
-7.382,4.191,AAACCTTGACGAATAG,G330W A430G,2,2
-7.382,4.191,AAATACGTCCTCCTGA,I179D W180L L455V,3,3
-7.382,4.191,AAATTGTCAACGAAGA,W153V,1,1
-7.382,4.191,AAGAAGGAGGAAGGGT,M320W,1,1
-7.382,4.191,AAGTCTTATGGAGCCC,L111V T167M V309A,3,3
-7.382,1.397,AAGTGCCAAGATTTAA,Y308G,1,1
-7.382,1.397,AATATTTATGCACAGA,S146Y K450F,2,2
-7.382,4.191,ACACACTTCTACTAGA,I226D,1,1
-7.382,1.397,ACTAAGATGTGCTTTA,S205V I437Q,2,2
-7.382,4.191,ACTAGCACTCCAATGG,I34P,1,1
-7.382,4.191,ACTCCAACATTAAACA,I252T,1,1
-7.382,4.191,AGAAAAAGTAATTACA,W180Q R269K,2,2
-7.382,4.191,AGACAGCGAATATGGC,L409P,1,1
-7.382,4.191,AGACGCTGGGAGTTAA,R141P A459D,2,2
-7.382,4.191,AGACGTACCAAAAGAA,W180V,1,1
-7.382,4.191,AGCGCTTCAACATCTA,Y486K,1,1
-7.382,4.191,AGCTTTGAATCATGAG,F353A,1,1
-7.382,4.191,ATCACAATCTAACAAC,M268A,1,2
-7.382,4.191,ATGAAATCCACCCTCC,P55D V309G,2,2
-7.382,4.191,ATGAGTATAAAATGTA,F500R,1,1
-7.382,4.191,ATTAGACGAAAATGTC,G78F R499G,2,2
-7.382,4.191,ATTATAAATTGTACAA,A317N,1,1
-7.382,0.8382,ATTCCTTCAAAGCTAA,L42Y,1,1
-7.382,1.397,ATTGCGTAAGGGATCT,L455D,1,2
-7.382,4.191,ATTGTATTCCAAACAA,V223P,1,1
-7.382,4.191,ATTTATACCCCATGAT,K27E G330Y,2,2
-7.382,4.191,ATTTATGTATAATTAA,I331Y,1,1
-7.382,4.191,CAAAGGTAAAAACACA,A39M A106I,2,2
-7.382,4.191,CAAGTATAGTGGTACT,A317Y,1,1
-7.382,1.397,CAGACATTATCTGGAT,F258R,1,1
-7.382,4.191,CAGTTTACAATAAAAG,Q80M N152I,2,2
-7.382,1.397,CCACCAATAAACAGAA,E426R A430V,2,2
-7.382,1.397,CCATATACTAAGGTTG,Y178K,1,1
-7.382,4.191,CCGAGTCAAGAAAACC,L86P E494Y,2,2
-7.382,4.191,CCTATAACATGCTTCA,M346Q,1,1
-7.382,4.191,CGAACTATCGATTACA,G61M L177K,2,3
-7.382,4.191,CGCACATCTACTCAAA,V237S,1,1
-7.382,4.191,CGTCATTGCCATTCTA,A163R L177R,2,3
-7.382,4.191,CTAAAAATCCAGAACT,I252Y G330F G349E,3,3
-7.382,4.191,CTAAAGAACGGTTTTA,A334V,1,1
-7.382,4.191,CTCAGTCAAACCCGCT,Y98T,1,1
-7.382,4.191,CTCGGGGGAACTGACA,E410K C473R,2,3
-7.382,4.191,CTGCCCATTGTTCGCA,S287E,1,1
-7.382,4.191,GAGACCGAAATCTGCG,,0,0
-7.382,1.397,GATAAGAAAATTTACA,I217Y V223A,2,2
-7.382,4.191,GCATCAACAACAATTG,A336T E484G,2,2
-7.382,4.191,GCTAACAGCAAACAAG,K27*,1,1
-7.382,4.191,GCTATACCTACTTACT,H471R,1,1
-7.382,4.191,GCTGTCCATAAAACTA,S47E W153R,2,2
-7.382,4.191,GGGATGTAAACTAAAC,Y178G,1,1
-7.382,4.191,GGTTGTGCTAACAATA,L13E,1,1
-7.382,4.191,GTAACTTCGAAACTAA,A106M E457K,2,2
-7.382,0.8382,TAAAAACTAAGTGCTT,T28M L384R E398C,3,3
-7.382,4.191,TAAAATATTACCATAA,V88A G360M,2,2
-7.382,1.397,TAACGATCTCTGCCAC,D188Y H488T,2,2
-7.382,4.191,TACATATTGTAAAAAC,Q210P G349R,2,2
-7.382,4.191,TACCTAAATAGAACCA,R109F N382Y,2,2
-7.382,4.191,TACGTTTTACACGTTA,D60W,1,1
-7.382,4.191,TCACTAATTGTTAGCT,N31K W153H,2,2
-7.382,4.191,TCCGTCTCTAATATGT,W343Q,1,1
-7.382,4.191,TCTAGTAATTATATCA,H18F C277G R307K,3,3
-7.382,4.191,TCTGTTTCAACACTAA,C14H N158R,2,2
-7.382,4.191,TCTTCCAAGGAGCAGA,V406D N464D H471Y,3,3
-7.382,4.191,TGTAAAAGTACCATTC,Q191V,1,1
-7.382,4.191,TGTTCCTTTATAAAAC,D461K,1,1
-7.382,4.191,TGTTTACTGACTCATA,C305D G342D L427R,3,4
-7.382,1.397,TTAAAGAAAACAGACC,V223G Y423S,2,2
-7.382,4.191,TTATGGGCGCAATACC,V223T V297C V402A,3,4
-7.382,4.191,TTCACGATGAGAAAGC,G200K E457K,2,2
-7.382,4.191,TTCTTACAGTTCCGAA,N458H,1,1
-7.382,4.191,TTTAATTCAAGAATCA,N322V,1,1
-7.386,0.8382,CCCAAAATAATCGGAT,E460D,1,1
-7.388,0.3224,CGAATTTACCGACAAA,S228C R405Q,2,3
-7.389,1.397,AATCGAATTAATTCGG,C14S G256C G386E,3,3
-7.389,1.397,ACCAACTAGCAATATA,H17I H488N,2,2
-7.389,1.397,ACCGTGCCAAAGAGCA,G360R,1,1
-7.389,1.397,ATACAAAATTACAACA,I288E,1,1
-7.389,1.397,CAAACAACATTAATGA,A495W,1,1
-7.389,1.397,CAACACGCGATTGCAC,S312K R492I,2,2
-7.389,1.397,CCACCCTAAGCAAACT,D60A R492H,2,3
-7.389,1.397,TCTCTAAATGGGACAC,C281Q,1,1
-7.389,1.397,TCTCTGCCAAAGAAAG,N433F R456M,2,2
-7.389,1.397,TGATAAATACTATAGT,E390G F399P,2,2
-7.389,0.4657,TTTCATGACTCCCATC,M320R V429D,2,2
-7.389,0.381,AGTTCATCCATCGATA,A19G Q197K V204C,3,3
-7.39,0.8382,TCATAAAAGCAACGAG,L15K,1,1
-7.391,0.4657,AAAACCATCTATAAAC,D241L,1,1
-7.393,0.4657,GCCTGCAATTTAATTG,P55H A365I,2,2
-7.394,0.8382,AACCTACACAGGTTGC,A425V,1,1
-7.394,0.8382,CAAAAGAATTCAATCA,H17E,1,1
-7.394,0.1996,TTAGGATTAGGTTCTA,S247P,1,1
-7.395,1.397,AAATATTTTGATAAGT,L66R,1,1
-7.395,1.397,AAATTGTCGCAGACAC,C64Y I282H,2,2
-7.395,1.397,AACTTAACTTCACTAA,G303K,1,1
-7.395,1.397,ACACCTCATTGATATT,A163P L177T S266Y G386C,4,4
-7.395,1.397,AGGTGTCCTCCAGATT,L151C,1,1
-7.395,1.397,ATAATTTAAAAACAAC,I437D,1,1
-7.395,1.397,ATATAAACCCATTTCG,G342E,1,1
-7.395,1.397,GAACAGTGAACATCAA,P254S,1,1
-7.395,1.397,TTACAGAATATTGGAA,C277Y I339D,2,2
-7.395,1.397,TTACATGGATTCTGGG,M268S,1,2
-7.395,1.397,TTCTGTAAGTGAATAA,N246G,1,2
-7.395,1.397,TTTAGTATAAATCCGT,Q295R V406C,2,2
-7.396,0.5987,ACAAAACTGATACAAC,K292S A336T,2,2
-7.396,0.2794,CAGAGTTATACTGGCG,G362N,1,1
-7.398,0.8382,CAGTTATACTGAATGA,L409R,1,1
-7.398,0.1996,ATGCTAAAAGATTCAT,F338V,1,1
-7.399,0.1075,TCACAACTCAAATACA,L431G,1,1
-7.402,4.191,AAAATATATCTAAACT,A495E,1,1
-7.402,4.191,AAAGAAAATTGAAAGC,G303D,1,1
-7.402,4.191,AAAGGCAGAAAATAAA,P185L,1,1
-7.402,4.191,AAATAAACATAGAATA,L314Y,1,1
-7.402,4.191,AACGAATGTCGATTCG,T37N S107Y K310A,3,3
-7.402,4.191,AACTAGACATAAATAA,Q311P F353C,2,2
-7.402,4.191,AAGCTCTATCAACTAT,S146F T206E,2,2
-7.402,1.397,AAGGTCAAATTAACTC,V297A L447D,2,2
-7.402,4.191,AATTTGATTTTCCCTT,T451Q,1,1
-7.402,1.397,ACAAAAAACATCTTCT,W234* L496C,2,2
-7.402,4.191,ACAAAACAAGTATTCC,I377W,1,1
-7.402,4.191,ACCAAGTTCTTGTAAA,K2E S137G I232A,3,3
-7.402,1.397,ACGCTATATCGATTCC,Y178K,1,1
-7.402,4.191,ACGGTAATACCTCATA,G303D,1,1
-7.402,4.191,ACTAAGCGTCTACAAA,G116M,1,1
-7.402,0.2465,AGCGTCTGAGCCAAAA,S193R,1,1
-7.402,4.191,AGGACATATATCGAAA,,0,0
-7.402,1.397,ATAAATGCAGATTGGT,N433I,1,1
-7.402,4.191,ATACAGACCCCGTGGC,I202M,1,2
-7.402,4.191,ATAGTTTTAACGAAAA,L15S,1,1
-7.402,0.8381,ATATCAATAAATATTA,L314G,1,1
-7.402,4.191,ATGAATAAGACAAAAG,W84C,1,1
-7.402,4.191,ATGCTCCTTAGCAATA,S369L,1,1
-7.402,4.191,ATTAAATACAAAATCA,A163L S266M,2,3
-7.402,4.191,ATTACGGTATCCCTAC,L420H,1,2
-7.402,4.191,ATTGCTTTTACTCCAC,S193R,1,1
-7.402,4.191,CAAAAAGGCCACCAAC,G360H,1,1
-7.402,4.191,CAACAAAAATTTCCGT,H435C,1,1
-7.402,4.191,CAAGTAAAGTATAACC,G218V E460N,2,2
-7.402,4.191,CATAAAAAACCCAGAT,Y178A,1,1
-7.402,1.397,CATCCAAATTAGCATG,I245R,1,1
-7.402,4.191,CATCTAGTTGATGGCA,G330H A365L,2,2
-7.402,4.191,CATGAAAATAAACTAC,G352E E396K,2,2
-7.402,4.191,CCAAATAAACTTATTA,G116V,1,1
-7.402,4.191,CCATAATACATCTCGA,W350* G504A,2,2
-7.402,4.191,CCATATTGTCATAACC,E449K C473A,2,2
-7.402,4.191,CCTGAAAACTAATACA,T40K N298Q F500Q,3,4
-7.402,4.191,CGCAAGAGTCTTCAAC,Q295M W350*,2,2
-7.402,4.191,CGCTTCCTATACTCAT,N250D,1,2
-7.402,4.191,CTCACTAAATAAAAAA,H471D,1,1
-7.402,4.191,CTGATAGAATAAGACT,R90P,1,1
-7.402,4.191,CTGGATAAGTAAAACA,S287W,1,1
-7.402,4.191,GAAAGGATGTCATAAA,,0,1
-7.402,4.191,GAATAGTCATACTCTT,G134K,1,1
-7.402,4.191,GAATCTAGAATACCAC,R33M C97F,2,2
-7.402,4.191,GAGACCTCGTTAAGAT,G23F,1,1
-7.402,4.191,GCATACAGATTGCGAA,,0,0
-7.402,4.191,GCCAACAGTGTGACGG,F87S,1,1
-7.402,4.191,GCGCAACAAGGTACCT,T40F A364Y,2,2
-7.402,4.191,GCTACCCTAAGCTATT,A113Y,1,1
-7.402,4.191,GGGTATCACTGAAGAA,F195T Q197* N475Q,3,3
-7.402,4.191,GTAGAACAACCATTAA,I179Q,1,1
-7.402,4.191,GTAGAATCCCGGGTTA,F353K,1,1
-7.402,4.191,TAAAGCGTTTAAACTA,E41K S149W D461N,3,3
-7.402,4.191,TAAATGATCTCACTAT,D60R,1,1
-7.402,1.397,TAAATTCAAAATAAGA,R492Q,1,1
-7.402,4.191,TAATGTTGTACTCCTA,Q197W K397Q,2,2
-7.402,4.191,TACGCTGTGCCCACCA,M346K,1,1
-7.402,1.397,TACTCAACGAGAATTA,C477A,1,1
-7.402,4.191,TAGAATCTAGTATCAA,N322K,1,2
-7.402,4.191,TATAACATCTATGAAT,M320I,1,1
-7.402,0.8381,TCCACAATAATACTCT,S228Y,1,1
-7.402,4.191,TCTCACTTTTGAAGAT,A336G,1,1
-7.402,4.191,TGAAAAATTGGCTAGC,Q295K,1,1
-7.402,4.191,TTCAAACCCTCAAAAA,W350S,1,1
-7.402,4.191,TTCTTGGAGCATTAAT,M444H,1,1
-7.402,1.397,TTTAAAAAACATAACA,K380T,1,1
-7.402,1.397,TTTAGCAAAATGAATT,T451N,1,1
-7.402,4.191,TTTAGCCCGTTGTCCT,C97P,1,1
-7.402,4.191,TTTATTTGAGCGAAAA,Y486H,1,1
-7.405,0.1996,AGTCATCAGAGACCTC,A495C,1,1
-7.406,0.8381,AGTTCGTACGGGGTCC,P74Q T436V,2,2
-7.408,1.397,AAAAGAAATCAAATAG,I331H Q501S,2,2
-7.408,1.397,AACATGACAGGATAAA,T203L G349A,2,2
-7.408,1.397,ATAAAAAGCGCCGATG,T318P,1,1
-7.408,1.397,CACTACAACTGATAAA,Y161R N298T,2,2
-7.408,1.397,GCACTAAAGCTATGAA,H183G,1,1
-7.408,1.397,GTACATAGAGGTGTAG,A334Q,1,1
-7.408,1.397,TGATCAATGCTTCAAT,G345Q,1,1
-7.409,0.8381,ATACATACTACCTCCA,Q211P,1,1
-7.409,0.2794,TTATCAAAATCACAGT,G333D,1,1
-7.41,0.5986,AATTCTAGCCAAATAA,H18F G465E,2,2
-7.41,0.5986,ACTTGTAAAGGACGAG,Y98A M462I,2,2
-7.41,0.5986,ATATAAACTTTAAAAG,Y351T,1,1
-7.41,0.5986,TAAAAACCCACGTCTA,I226W,1,1
-7.41,0.4656,ATGTAAAGCGCATAAG,L13Q,1,1
-7.41,0.4656,CATTGATTCTGACAGC,E359S,1,1
-7.414,1.397,AAAGATTCCCAAAATA,L66D,1,1
-7.414,1.397,AAGAGAACCTAACTAA,H17T,1,1
-7.414,1.397,AATATTATCGATATGA,S287R,1,1
-7.414,0.4656,ACATATATCGCAAATC,L194R,1,1
-7.414,1.397,ACCCTACTGCCTATCA,P21*,1,1
-7.414,1.397,AGCTCTTACTGCTTAT,R222K R492S,2,2
-7.414,1.397,ATTGACATTCGTGTTG,G303S,1,1
-7.414,1.397,CAATAACATTAACCTC,V429H,1,1
-7.414,1.397,CCAGCTCTGCATGTTT,Y98Q,1,1
-7.414,1.397,GACTTTGCGTCACCCA,Q295Y,1,1
-7.414,1.397,TTTGACAAAAACCAAA,A272V P293* V402G,3,3
-7.417,0.8381,AATACACTTAAAAACT,G16D,1,1
-7.417,0.8381,AGACGTGATCAAATTA,T12P,1,1
-7.417,0.8381,GACAATATAAAATAAC,F353D,1,2
-7.419,0.4656,AACAGCACCCTCTCAC,A365V,1,1
-7.421,4.19,AAACCGTAATGATGAA,C64F I202D,2,2
-7.421,4.19,AAAGACTCGTTTTGAA,P227D,1,1
-7.421,4.19,AAGATTGTCTCATACC,S369W,1,1
-7.421,4.19,AATAAAGTTACAAAAA,I331T G479S,2,2
-7.421,4.19,AATAGTATTACCAACC,,0,0
-7.421,4.19,AATGTATTGCTATTAA,Y178N,1,1
-7.421,4.19,ACAACGGACACTGGAA,I478E,1,1
-7.421,4.19,ACAAGTAGCGAACAAC,L177H T283R A336V V402R,4,4
-7.421,4.19,ACAGCAAATTCATCCA,L66Y I469Q,2,2
-7.421,4.19,ACATTTTCTACCCCAG,E432G,1,1
-7.421,4.19,ACGAGAGTAGCAAATA,G61C I377R,2,2
-7.421,4.19,AGACTAACTGCCCAGA,G345W,1,1
-7.421,1.397,AGACTATTTCACACAG,I67G F332L,2,4
-7.421,4.19,AGTCATCTTTTTCAAC,V36A,1,1
-7.421,4.19,ATAATTTATTTTAAAC,H471R,1,1
-7.421,4.19,ATACAAACTATTCACC,D68V,1,1
-7.421,4.19,ATCAGAGCGTGGAAAA,D104M C277G,2,2
-7.421,1.397,ATCCTAATCATTTGCC,K310Q Y351C,2,2
-7.421,4.19,ATGCGAACATTCGTCA,E35N L316S,2,2
-7.421,4.19,ATTTATATCCCATTGA,S228E,1,1
-7.421,1.397,CAAAAAGTATCAAAAT,T440W,1,1
-7.421,4.19,CAAATCTATTGCATAT,Q295V,1,1
-7.421,4.19,CAACTGCCAGTAACCC,C139R,1,1
-7.421,4.19,CAAGCAGAGATATAAC,L108H,1,1
-7.421,4.19,CAATATAAATTAGCCG,Y491T,1,1
-7.421,4.19,CCAAGAGAAATTAAGA,G337R,1,1
-7.421,4.19,CCAGATATTAAAAAGA,D7* S358T,2,2
-7.421,4.19,CCGCTCTCAAGCAAAA,C97F,1,1
-7.421,4.19,CCGGCCATCAAACCTT,L108Y,1,1
-7.421,4.19,CGCAAAACACGTAGTT,G330C,1,1
-7.421,4.19,CGCAAAATCCAGAAAA,N152F,1,1
-7.421,4.19,CGGCACCAAAGACTAA,P74H E83K,2,2
-7.421,4.19,CGTTAGCTTCATTCGT,F353D,1,1
-7.421,4.19,CTAATTTAAACTTCAC,A373Y,1,1
-7.421,4.19,CTATCATCAAAATTAT,I29*,1,1
-7.421,4.19,CTTCAATACAACAAGA,G337I,1,1
-7.421,4.19,GAATTTTCAGAGCGAC,C305R,1,1
-7.421,4.19,GACACGTGGTCACGAC,I232A,1,1
-7.421,0.3809,GAGATTTTATGGTTTT,I236P,1,1
-7.421,1.397,GAGTGTAAAAATAACA,I437R,1,1
-7.421,4.19,GATAAAACTGGTCAAC,I252A E398K,2,2
-7.421,4.19,GATCAAAACATTTCCA,E325I E410K,2,2
-7.421,0.8381,GATTTCATACGTAATA,G72D,1,1
-7.421,4.19,GCAATGTATGTGAGTA,C305K,1,1
-7.421,4.19,GCAGCAGAATTGGCAC,N31*,1,1
-7.421,4.19,GCTCGAAATTAGACGA,D188Q L455K,2,2
-7.421,4.19,GTAATAAATCTATAAA,C14M,1,1
-7.421,4.19,GTCTGTAATACCGAAA,L13W,1,1
-7.421,4.19,GTTTAAAATCACACGA,D188G L367P,2,2
-7.421,4.19,TAAAAAATACAACTAA,V429Q,1,1
-7.421,4.19,TAAGAGCCCATTAGGG,I481A,1,1
-7.421,4.19,TAATTTATACTCAATT,V36Q A495M,2,2
-7.421,4.19,TACCCGCACAGTTTGA,R222G Q434F,2,2
-7.421,1.397,TAGCAATCTGCCACAA,N158L Q210N W234R G345D,4,4
-7.421,4.19,TAGTCGCGATACTAGT,F294I,1,1
-7.421,4.19,TATAAGCCAGGTCCAC,S219W,1,1
-7.421,4.19,TATAATGAACCAAATT,V26Y A163H G218C C277W,4,4
-7.421,4.19,TATTATAGATAAGATA,G275K W421*,2,3
-7.421,1.397,TCAAAACCAAAACCAA,G330R,1,1
-7.421,4.19,TCACCATTCCAATCAA,R329A,1,1
-7.421,1.397,TCATTAGCTACATTAA,G303A,1,1
-7.421,4.19,TCGCCCAAGCAACGCC,A196M C473S,2,2
-7.421,4.19,TCGTCACATAAGAAAA,G249Q K326F,2,2
-7.421,4.19,TCTCCTCTTGTATCGA,E403K V406H,2,2
-7.421,4.19,TCTCTAACAAACAAAT,T235H L455E,2,2
-7.421,4.19,TGAAACGGTATGGACC,I335S,1,1
-7.421,4.19,TGATTAATAAAACTAG,W84H,1,1
-7.421,4.19,TGGTATGCCAATTTAA,Y412F,1,1
-7.421,4.19,TGTGGTGGTAGTAACT,D186N I331G,2,2
-7.421,4.19,TTAAATTAGACAACAA,P284D,1,1
-7.421,4.19,TTAAGAGCAGCCCAAA,S219C E401K E414K,3,3
-7.421,4.19,TTAATACAAGAATAGT,C281F,1,1
-7.421,4.19,TTATAAATAATAACTA,E340A,1,1
-7.421,4.19,TTGCTAGTCAACTAAC,N170Y R456Q,2,2
-7.421,4.19,TTTAAACGAAGTTAGA,D438C,1,1
-7.421,4.19,TTTAAACTCTAATGAT,C466F,1,1
-7.425,0.838,ACTTACAAGTGCACAC,,0,0
-7.426,0.5986,CCGCTACGCATCCGAG,L66Y,1,1
-7.426,0.5986,TATTGAAGCAAAACAC,C305I,1,1
-7.427,1.397,AAACGCTTAGAGGTCC,K176G Q327K,2,3
-7.427,1.397,AAATAAACCCTACAAT,V88H,1,1
-7.427,1.397,ACTTCGGTCGCAAAAG,E340R,1,1
-7.427,1.397,AGCATATGATATATAC,D419Y,1,1
-7.427,1.397,ATCTACATGTACGAGT,K140E I288S,2,2
-7.427,1.397,CACCAAAACCAAACTC,K140F E340K,2,3
-7.427,1.397,CTCTGTTACCGTATAC,P185D,1,1
-7.427,1.397,TAACCCCTGGAATATA,S144N A459M,2,2
-7.427,1.397,TATAAACGAAATATAC,E41H,1,1
-7.427,1.397,TATACAATATAATTTT,F120C,1,1
-7.427,1.397,TTTTCCAAATTTAGCA,W343A,1,1
-7.428,0.2465,TAACAACAGTCTTTAG,L151T F338V,2,2
-7.428,0.838,GCCCTAAGGACACAGA,H184Q Q191H,2,3
-7.428,0.838,GTACCTTGACGAGTAA,P185F,1,1
-7.428,0.838,TCCTACAAAACTAGAT,D487G,1,1
-7.429,0.5986,CATTAAATACAGACGC,S219F A365E,2,2
-7.429,0.5986,CCTTAATTAAAATTAA,I395P,1,1
-7.429,0.4656,CCATAATCCGAATCTC,N424R,1,1
-7.43,0.3223,AATCACATTACCCTCG,Q80I D419T,2,2
-7.432,0.2793,CGAACACGCGTCCTTG,I202Q,1,1
-7.433,0.1552,CATGACTCGATCCTTA,A69K,1,1
-7.434,1.397,ACTATCTAAAAAACCA,E340D,1,1
-7.434,1.397,CATTACATCAACTGCT,G319D A372D,2,2
-7.434,1.397,CATTCAACGCGATTAG,F500S,1,1
-7.434,1.397,GTGTGATTGCAAAATA,A163V K411N D461V,3,3
-7.434,1.397,TAGAAACATTATAATG,Q295S,1,1
-7.434,1.397,TAGGTTCCAATAGCAG,F338S,1,1
-7.436,0.838,GTTAGGCAAACACAGT,R224W D441V,2,2
-7.436,0.838,TAACTCTATATACATA,R329Q,1,1
-7.438,0.3809,ACTTACTCCTTACAAT,T451N,1,1
-7.44,4.19,AAAAGCCTCAATAGTC,R329L,1,1
-7.44,4.19,AAACAATTCTTTTACT,K2W I481M,2,2
-7.44,4.19,AAACCTTGCTTTGATT,W421*,1,1
-7.44,4.19,AAACGGAGCTAGCATG,G16C F120D,2,2
-7.44,4.19,AAAGAAAATGGCCAGC,G256D,1,1
-7.44,4.19,AAAGACAATTGGTACG,R456P,1,1
-7.44,4.19,AAAGATCCATAAAACT,H18A M268G,2,2
-7.44,4.19,AAGGAATCTATGGATT,I67H D85E P239L,3,3
-7.44,4.19,AATATTAAGGAGATTT,H18R I232P,2,2
-7.44,4.19,AATCTCGAACAACCTA,C281Y Y423W,2,2
-7.44,1.397,AATCTGTCTGCCCAAA,D188N I377W,2,2
-7.44,4.19,AATTACTAAATAATAA,A336Q,1,1
-7.44,4.19,ACAACGAATAACGATT,N190E,1,1
-7.44,4.19,ACCCAAACCATACTCC,F500E,1,1
-7.44,4.19,ACCTACTATTAGATTA,F467P,1,1
-7.44,4.19,ACGAACAACCCTATCA,L496P,1,1
-7.44,4.19,ACGCTCCACATCTCCT,A373T D487H,2,2
-7.44,4.19,ACGGAGCAATTTCGTA,I335P,1,1
-7.44,4.19,ACGGCATATCCCAATG,K452P,1,1
-7.44,4.19,ACTATCGGTCACATAA,E123L F399K,2,2
-7.44,4.19,ACTCCAAGACGGGCAA,W234V,1,2
-7.44,4.19,ACTCCAGGTCTCGTCG,S47A I481R,2,2
-7.44,4.19,ACTGACTAGATATAAC,H18D,1,1
-7.44,4.19,AGAGAAAAAACAAAAG,G134P,1,1
-7.44,4.19,AGCCGACGTAGCATTA,N170L,1,1
-7.44,1.397,AGGAATGATTATCACA,I469S,1,1
-7.44,4.19,ATAACAATTGTGAACA,L455H,1,1
-7.44,1.397,ATAACTTAGGCTAACA,L66Q,1,1
-7.44,4.19,ATCTCCCATCCCCAAA,Q1L N357D,2,2
-7.44,4.19,ATTTCAACTAATTACG,L314Q,1,2
-7.44,4.19,ATTTGCCTTTCCAAAA,M320V,1,1
-7.44,4.19,CACTGCTGGAGCCCAA,L42H,1,1
-7.44,4.19,CCAGCCTCACCATGGA,D474Q,1,1
-7.44,4.19,CCGACACACCGAATGT,A253Q L431P,2,2
-7.44,4.19,CCTCAAACATTAGCGT,A364W Y423K,2,2
-7.44,4.19,CTAGTAACACTACTAA,,0,0
-7.44,0.1552,CTCTGAGAGTAATAGC,P185G,1,2
-7.44,4.19,CTGGACTTCTACTAAT,Q1T P185F,2,2
-7.44,4.19,GAAAGAATCAATATTC,F120Q,1,1
-7.44,4.19,GAAGTGAGTGCACCAA,I58W,1,1
-7.44,4.19,GATAACAATCACCCTT,F147A,1,1
-7.44,4.19,GCAACCTTGCTTTATG,D68Y Q363*,2,2
-7.44,4.19,GCGCAGAATATTAAAA,L118E,1,1
-7.44,0.3223,GGAGAATGCAGGCACT,I267E,1,1
-7.44,1.397,GGATTTAAGCAAGCTA,H183L L427G,2,2
-7.44,4.19,GTTGACTTAATTTATA,E403K V413D,2,2
-7.44,4.19,TAAAGGACTTTCTTAC,G342W E344K,2,3
-7.44,4.19,TAGGAACCGAATACCA,L314F,1,1
-7.44,1.397,TATAACGGATATCGAT,V297S,1,1
-7.44,4.19,TGAATAGACAACGCCC,R354D,1,1
-7.44,4.19,TGAATTTTTCCCAGCC,S270R,1,1
-7.44,4.19,TGCCATTTCCAAAGAA,G303H,1,1
-7.44,1.397,TGCGCCAATCGACATA,K82F W421Q,2,2
-7.44,4.19,TGGTGGAACGAAAACA,F294C,1,1
-7.44,4.19,TTACCTGTATAGGTAT,T37R R383S W421*,3,3
-7.441,0.3223,CATGTCAAGACCGACT,C477T,1,1
-7.441,0.3223,TCTAAAAGGAATGAAA,S205D,1,1
-7.443,0.5986,ATGAATAAATAGTTAC,G240P,1,2
-7.444,0.838,AAAAAAGATGCGGAAA,H183G,1,1
-7.444,0.4655,CCCACAACCATCCCTA,G303A,1,1
-7.444,0.4655,TGTTCGTTTAACTGCA,I502- K503-,2,2
-7.445,0.5986,CTTGCTCAGACTATCA,I502P,1,1
-7.445,0.5986,GAAACGAATAAACTCT,N298I,1,1
-7.446,1.397,AAAAATACTTAAGCAT,L177P P293T V402Q,3,3
-7.446,1.397,ACCACGTAAAGATACC,R229P E280- C281- I282- T283-,5,5
-7.446,1.397,CAGACACTAATATTGC,Q327F C466V,2,3
-7.446,1.397,GGCCTCGGTTAAAGCT,E340Q,1,1
-7.446,1.397,TTATACTCCCGCACAA,C305M,1,1
-7.446,1.397,TTGTTCCCGTAGTAAC,V88N F392Y,2,2
-7.447,0.838,ATAAAAAGGCGAGAGT,K176Q,1,1
-7.449,0.3223,CCGCTAACTAGTGTGG,G345L,1,1
-7.451,0.5985,AGCTTAAAGGTACACA,C64L S143F,2,2
-7.451,0.5985,ATCCAAACGATATAAC,C466E,1,1
-7.451,0.8379,AATTGACATAAACCAG,S115A T313I,2,2
-7.451,0.8379,AGAAAACGCTATGAGA,P239F R321W S358T,3,3
-7.451,0.8379,CATCAATAAAGTAAAC,I51N V490Q,2,2
-7.452,1.397,AACGGAAACAGACAGG,M320N,1,1
-7.452,1.397,AATTTCAAGTATGAAA,V43N A69T N170R,3,3
-7.452,1.397,ACCCTGGTTGACAAAC,L59G,1,1
-7.452,1.397,GTGACCGGAATTGACA,T440W,1,1
-7.452,1.397,TTCTATCTCCTCAAAT,P99Y,1,1
-7.453,0.5985,TAAGAACACTAGCAAA,G303S,1,1
-7.455,0.8379,ATAATAAGTGACATGC,L420H,1,1
-7.455,0.8379,CACAAATTAGTGCTTA,V237S,1,3
-7.459,4.19,AAAAAATATTCTAACA,P74C E410Q,2,2
-7.459,4.19,AAAAACAACCCTATTA,I245Q,1,1
-7.459,1.397,AAAACACTGATACCTG,L86P D493R,2,3
-7.459,4.19,AAAACGTAGCCATTCA,A253K,1,1
-7.459,4.19,AAACACCCTGGTGCTA,E123I,1,1
-7.459,4.19,AAACTTCAAAACATCT,L13P A372R,2,2
-7.459,1.397,AAATCGAGCAATGAAC,T248D,1,1
-7.459,4.19,AAATTAATGAAATTAG,S287H,1,1
-7.459,0.3809,AACAGCTAAGAGAACT,L194G,1,1
-7.459,4.19,AACCACTTTCATAATA,V36D,1,1
-7.459,4.19,AACCCACAACGAACAC,W421K,1,1
-7.459,4.19,AACGCAAAAATTCTAA,I502G,1,1
-7.459,4.19,AACGGAAAATACAATT,F148Y E432N,2,2
-7.459,4.19,AAGAAACAAAAACCAA,G256Y,1,1
-7.459,4.19,AAGACAATTCCCATTT,A39W,1,1
-7.459,4.19,AAGGCCGACATTCATG,F195E,1,1
-7.459,4.19,AATGAATCTGTAATGG,T440K,1,1
-7.459,4.19,ACAAAGACGAATGGTG,A304H E432K G465R,3,3
-7.459,4.19,ACCATTAAAGAATTAC,I67Q,1,1
-7.459,4.19,ACTCCAGTAGCAACCT,I481F,1,1
-7.459,4.19,AGAAAAATCGACTTCT,N433A,1,1
-7.459,1.397,AGAATAAATCAAATCC,C305H,1,1
-7.459,4.19,AGACATCATTAAATGA,H183L S209N W343*,3,3
-7.459,4.19,AGCAACAGACACTTTG,S287D E403K,2,2
-7.459,1.397,AGTAGTTGGTAAATTC,T206Y E484K,2,2
-7.459,4.19,AGTGAACTATTCATAC,V26E,1,1
-7.459,4.19,ATAAACCACACAGCCT,L15Y,1,1
-7.459,4.19,ATAAATTAATTACACA,C97R Q371Y,2,3
-7.459,1.397,ATATGAATAGAATAGA,W153L G465E,2,2
-7.459,4.19,ATGTAGACCGTAAGTA,F332V E390K G465E,3,3
-7.459,0.3809,ATTGCTCGCTCATCTG,I267H E443K,2,2
-7.459,1.397,ATTGGGAATCTTATCA,G303N,1,2
-7.459,4.19,CAAAAAATATTAACAT,V237M,1,1
-7.459,4.19,CACAGAAATCTCTCTC,A317L E426K,2,2
-7.459,1.397,CACTTCTTCAACTTAG,E432K C466H,2,2
-7.459,4.19,CAGCTTCGACTTACTA,T436P,1,1
-7.459,1.397,CAGTTGGTCGGTCTAT,G49D D366F,2,2
-7.459,4.19,CATAAAGCTAGGATAA,G303A,1,1
-7.459,1.397,CATCACAACTTAACGT,E35T E396K,2,2
-7.459,4.19,CCAATCACCCAAAAAC,Y423S,1,1
-7.459,1.397,CCACACTACCAAACAT,P4I Y100Q,2,2
-7.459,4.19,CCAGAACAGTAATAAA,K176M,1,1
-7.459,4.19,CCCACAAACGGTAATG,F125K,1,1
-7.459,4.19,CCTTACACTACTACAT,V323G G345D,2,2
-7.459,4.19,CGTCTAATTTAAATAT,A365W,1,1
-7.459,4.19,CTAACAAAACCCTAAG,K27R A272T C281M F392P,4,5
-7.459,4.19,CTACATAAGGTCTAAT,I267K,1,1
-7.459,4.19,CTGCAGCCATTAGACT,N433R,1,1
-7.459,1.397,CTGCCAATGCGTCTGA,C305Q,1,1
-7.459,4.19,CTGTGTTAGTACTGCT,,0,0
-7.459,4.19,CTTTCAACCCTATGGA,L409S,1,1
-7.459,1.397,GAATACATTAAAGCTA,R456P,1,1
-7.459,4.19,GACACATAAATGCTAA,L409R,1,1
-7.459,4.19,GAGATAATTCTCCCAT,M320W,1,1
-7.459,4.19,GATTTAATCATTGAGA,V237N,1,1
-7.459,4.19,GCTAAAAATCTAAGTT,G62* S480L,2,2
-7.459,4.19,GCTAGAACAACAGATT,D438N,1,1
-7.459,4.19,GCTGCATTCTAGCACA,V43H,1,1
-7.459,4.19,GGCCGAACGTTCGTCA,F195C,1,1
-7.459,4.19,GTAAACCATAAGGACA,A334H,1,1
-7.459,1.397,GTAAATTAAATATTAT,I245E,1,1
-7.459,4.19,GTTTCAAACGGAAGTC,I34M G360C,2,2
-7.459,0.5985,TAAAAAACCTACCAAC,V237S,1,1
-7.459,4.19,TAAACCACATCACAAG,D291N G345S D461H,3,3
-7.459,4.19,TAAAGTATAACAGTGA,R220E,1,1
-7.459,4.19,TAAGTACCAACCCAAT,P99F E398K E410K Y470V,4,4
-7.459,4.19,TACAACGACTAAAAAC,Q371P,1,1
-7.459,1.397,TACCAATACGAAACAC,E340W,1,1
-7.459,4.19,TACTATCACACACCTG,R201K I202Q,2,2
-7.459,4.19,TAGATAGGGTATTCAC,E460Y,1,1
-7.459,4.19,TATAGGATAGTCTTAC,A373W,1,1
-7.459,4.19,TATCGAGAACAAAAAT,V102F R405G,2,2
-7.459,4.19,TATCGCTATGACTTAC,V43H I395N,2,3
-7.459,4.19,TATCTCATAAAATATC,S54P,1,1
-7.459,4.19,TCCGTATCCTTTATAA,F338H,1,1
-7.459,4.19,TCCTATCCCTATGAAT,P185R A425G Q454*,3,3
-7.459,4.19,TCTTACAGTCCCAGAG,P254E,1,1
-7.459,4.19,TGACATATACAGATTC,V309K M320I,2,2
-7.459,4.19,TTAAATGTATACGCTA,G349E,1,3
-7.459,4.19,TTAATGGAGATCAACG,L455Q,1,1
-7.459,0.4655,TTCAAGTGGAACCATA,L431R,1,1
-7.459,4.19,TTCTCACGTAAACAAA,M320K,1,1
-7.459,4.19,TTTCGACTTAAACGAT,,0,0
-7.461,0.4655,CATGTTAAACCAATAA,Y308E E460K,2,3
-7.461,0.4655,CTTAACCATATCACAG,H435N D438G,2,2
-7.465,1.396,AATTTGATATCAAGTA,N250D,1,1
-7.465,1.396,ACTTGTACATAACACA,T436A,1,1
-7.465,1.396,AGGACACTTAGCATCG,,0,1
-7.465,1.396,ATAGAGGTAACATGTA,M320A,1,1
-7.465,1.396,ATCAGACACCCTAAGA,G286V,1,1
-7.465,1.396,ATTGCTGTATTTATCA,I282V S422I,2,2
-7.465,1.396,CTGTCCAGCTAAATAG,T436D,1,1
-7.465,1.396,GAATAAAAGACTATGT,Q295A,1,1
-7.465,1.396,GACCTTATCTGAAGCC,A253E,1,2
-7.465,1.396,TAGAGTCGTACGTACC,F120A,1,1
-7.465,1.396,TCCACATTTCAAAACT,I437W,1,1
-7.465,1.396,TGTACGCGGTGTCAGA,M268I W350I,2,2
-7.467,0.5985,ATGCTCTCTAGTACGT,G345F,1,1
-7.467,0.5985,ATTACCCCAGTCAATA,A11Q,1,1
-7.467,0.4655,AGAAAATGTATAGATT,N38P,1,3
-7.467,0.4655,CCTCTGCAATAAACCT,F87R Q501V,2,2
-7.469,0.5985,AAGACCACATCAAAGT,Y308C R361F,2,2
-7.469,0.5985,CGATTCTTCCATAATT,G16N K292W,2,2
-7.47,0.8379,ATACGTTTCTGATGCC,N133V,1,1
-7.47,0.8379,CTATCAATAACCACGC,Y98T,1,1
-7.47,0.8379,GAGCATGAGTCTACGT,G49D G333D,2,2
-7.47,0.3223,CACTTACAAGATAGGC,A19I K468V,2,2
-7.471,1.396,AGCCACATATACGTAC,N94M Y423D,2,2
-7.471,1.396,ATCACATCACTCACTA,P185V F332P,2,2
-7.471,1.396,ATCATCATGTGCTTTT,K176F,1,1
-7.471,1.396,CAAACCCACCACAACT,A113N,1,1
-7.471,1.396,CTCTATAAATCTCAAA,R92L N122V E457K,3,3
-7.471,1.396,GATCACCCAGTCGTAG,E89K S199G,2,2
-7.471,1.396,GTGATACGCTGGACCA,A69D,1,1
-7.471,1.396,TAAATAAAATTCAAAC,L151M D461G,2,2
-7.471,1.396,TAATTAAAACACGAGA,T24A G78T A163V V297A,4,4
-7.471,1.396,TCCAATCCTTTAAAAA,G342Y,1,1
-7.472,0.5985,GTTGTAGTTAAGACTA,I29E K417A,2,2
-7.473,0.8379,ACTTTGAAATGTATCT,Q191C,1,1
-7.474,0.3223,TGCCCTGAATTGACAA,M346S,1,1
-7.474,0.5985,ATATCCGAACTGTAGA,E460W,1,1
-7.477,4.189,AAAAAATAATTAAAAT,G16W,1,1
-7.477,4.189,AAACAACATTTTCAGG,W84A T416C,2,3
-7.477,4.189,AAACAACTGAGAAACA,C52H R354K,2,2
-7.477,4.189,AAACTGACGGCCTTTA,G256K,1,1
-7.477,4.189,AAAGTGTTCATATGTT,P185C,1,1
-7.477,4.189,AACATCGTATCGCGCT,P284V L381G S400I D408Y,4,4
-7.477,4.189,AACCACTAGCGACTAC,E484P,1,1
-7.477,4.189,AACCGCTGAACTTGGG,E35V V36Y A425V,3,3
-7.477,4.189,AACGGTACAAGATTCA,T235Y,1,1
-7.477,4.189,AAGAACAAAACAACTG,A163C T283F L384R,3,3
-7.477,1.396,AAGATCCGATGAACCC,V112W,1,1
-7.477,0.5985,AAGTTAGCAGGTAATC,F125D Q210Y,2,2
-7.477,4.189,AATGGCTAAGAGACGG,T37Q D461M,2,2
-7.477,4.189,AATTAGAAAGGAAAAA,,0,0
-7.477,4.189,ACAAATACACACTAAC,E426K,1,1
-7.477,1.396,ACGTGATTTGACGCTA,G256D,1,1
-7.477,4.189,ACTAATACATTTGTTC,E89* D487N,2,2
-7.477,4.189,AGCCCCCCACACAAGG,I230Y,1,1
-7.477,4.189,AGCCTTCATGTAATAA,A334K,1,1
-7.477,4.189,AGTAGAAGATAGAGTC,L59G,1,1
-7.477,4.189,AGTTAACGTGGAGGTG,E123D K276P,2,2
-7.477,4.189,ATAAACAACACAACCA,T40P P239S,2,2
-7.477,4.189,ATACAGGTATCGACTC,V402*,1,1
-7.477,4.189,ATATAGCAAAACCATT,C14R,1,1
-7.477,4.189,ATATAGTTCACACAAC,Y491V,1,1
-7.477,4.189,ATCACAGCTTTAATAC,W153S W343L,2,2
-7.477,1.396,ATCCGGAAATAGCACC,A11S G360C,2,2
-7.477,4.189,ATTATATTCACTAACT,S54L R492S,2,2
-7.477,4.189,ATTTCGGATCGTTCGT,A317W A373R C473M,3,4
-7.477,4.189,CACAACCACAAATGAG,R33L Y308D,2,2
-7.477,4.189,CATCTTTAAAACGAGA,W343C,1,1
-7.477,4.189,CCAAGCGAATCTACTG,,0,0
-7.477,4.189,CCAATTTCAGAGTACT,D7Y T30K S145I,3,3
-7.477,4.189,CCAGCAATTCAAAATA,S228E,1,1
-7.477,4.189,CGGTAAAACACTTACC,E340P,1,1
-7.477,4.189,CTACACCCCACACGTC,T451R,1,1
-7.477,4.189,CTGAAGCGCATCCTTA,A113D N122T,2,2
-7.477,4.189,CTGTAACCCACTAAAA,L108R,1,1
-7.477,4.189,CTTCGAAACTAAACTG,F79N S198N G333S A365T,4,4
-7.477,4.189,GAAACCAATGGCCCCG,W127C,1,1
-7.477,4.189,GAACTAACCACCAAAT,L151N,1,1
-7.477,4.189,GAATCTAGAGTAAGTT,Y470D,1,1
-7.477,4.189,GAGTGTAAAAAAGTAA,P74H,1,1
-7.477,4.189,GATCTGAATCAAAGCA,E123T,1,1
-7.477,4.189,GATTGATATAGCGCTA,C52V S378F,2,2
-7.477,4.189,GTCAACTACAATAATA,G16C V43Q,2,2
-7.477,4.189,GTCCACCTCAAACCTA,L409G,1,1
-7.477,4.189,GTGTGAAATCAAATAA,A163L T283R G386V,3,3
-7.477,4.189,GTGTGGATATAAATAC,R354G,1,1
-7.477,4.189,GTTCCCACCTCAAGAT,K50Q T440D,2,2
-7.477,4.189,TAAATGCGTAAACCAT,L42H,1,1
-7.477,4.189,TAACTCCCTTTAATTC,T283V L384A N389Y,3,3
-7.477,4.189,TAATGTCTCAATACTA,V36A E344K,2,2
-7.477,4.189,TACAAGACCCGCTTAA,G72M,1,1
-7.477,0.8379,TACACCGATATGGTAT,A106T L108H,2,2
-7.477,1.396,TACAGAACATGCAAAA,I232A,1,2
-7.477,4.189,TATATGCTAACTGTAT,T12F C305M,2,2
-7.477,4.189,TATCGATCGGAAACCT,,0,0
-7.477,4.189,TCATTATTAACCTAAC,N322V D438N,2,2
-7.477,4.189,TCCACCGCTTATTAAA,S193K,1,2
-7.477,4.189,TCGCATTAATACAGTA,G142P,1,1
-7.477,4.189,TCGTAAACATGTTGCT,L409G,1,2
-7.477,4.189,TGACACAAGAAGTAAA,A495M,1,2
-7.477,4.189,TGCCACCCATAATCAC,A253V E401K,2,2
-7.477,4.189,TGTTTAGAATATTACA,F294S,1,1
-7.477,4.189,TTAGGCCGATGATAGA,V223C R229L,2,2
-7.477,4.189,TTAGGTTCAACGCTTG,,0,0
-7.477,1.396,TTATATAACTCAAACA,L108R N497E,2,2
-7.477,4.189,TTATTAAGCAGATCTT,P306H,1,1
-7.477,4.189,TTCCATATCCGATATC,C305W,1,1
-7.477,4.189,TTCTTATGGAAAAGTC,L66K,1,1
-7.477,4.189,TTTACCCCTAAAACTA,S199A P221V,2,3
-7.477,4.189,TTTATCCTACTCCTCA,G249Q E443W,2,2
-7.478,0.2793,CGACAACTGCCAAGCC,T248N R255V,2,2
-7.478,0.2793,CTAAGTACTCAACAAT,F332W,1,1
-7.48,0.3808,GATACACGGAACTAGC,I252S,1,1
-7.481,0.8378,CAAATGAGGAACCTCA,I245K,1,1
-7.481,0.8378,CTGCTAAAGAAATTAC,C473A,1,1
-7.483,1.396,AACCCAACTGGTACCA,H17T L427H,2,2
-7.483,1.396,AATATCAACATGCTAT,D348H E403K,2,2
-7.483,1.396,ACTTATTCTAGATACG,G465H,1,1
-7.483,1.396,AGAAGCGCCGCTCAGG,G49I G134S,2,2
-7.483,0.4655,ATTCGACACCCATCAC,Q311R L316Q E432V,3,4
-7.483,1.396,CAAACCTGCCGCTCTG,T203N D438Q,2,2
-7.483,1.396,CGCAATTCTCACTAAA,A317G,1,1
-7.483,1.396,CTATTATAGCAGAGCT,P306T G479C,2,2
-7.483,1.396,CTCCTCTTTATAGTGA,N45Y L314V,2,2
-7.483,1.396,GCTGCATAACTAAATA,D60R,1,1
-7.483,1.396,TCAAAAGCAACCTAAG,W343*,1,1
-7.483,1.396,TTAGACCTATCGATAC,H17P,1,1
-7.484,0.1676,CATCACGTTAAAATAA,V237K,1,1
-7.484,0.3808,GGAGCAAGGAGAACAT,R492G,1,1
-7.484,0.8378,AAAAACTTTCATAGAA,S266P C277Y T388Y,3,3
-7.484,0.8378,AACTTAAGGAACTGAC,R329I,1,1
-7.484,0.8378,GAAGATACCATCGATT,K2H S193D,2,2
-7.485,0.5984,CAACATCAGATCTGCT,R224Q F258L,2,2
-7.485,0.4655,CACTATACAATAATTA,H488Q L496W,2,2
-7.488,0.5984,TAAATAGTTAACCAAT,N126T A196N,2,2
-7.488,0.8378,AAATAATTAGAGTCCT,F500H,1,1
-7.488,0.8378,CCGATCTGTGTTAAAT,E41P,1,2
-7.489,1.396,ATAACTTTCGACAACA,A163M C281A E396W,3,3
-7.489,1.396,ATATAGAATTAAATCG,R354N,1,1
-7.489,1.396,ATCCACATAGATACTA,E123M,1,1
-7.489,0.4654,CATCCCACTATAGACA,N464E,1,1
-7.489,1.396,CCACATAGAATATAAG,S228E,1,1
-7.489,1.396,GTTCATTAGAAGATTC,G72M,1,1
-7.489,1.396,TATATGAACTACAAGT,G349A,1,1
-7.489,1.396,TGGATTCGATAAAATA,H355W,1,1
-7.49,0.5984,ACTTCTCTAATGGAAT,I202G,1,1
-7.49,0.5984,AGCATTCACAGAATAA,T10I L367P,2,2
-7.492,0.8378,AGTTACAAACTTTGTT,D68E A317E V490C,3,3
-7.493,0.5984,CAACCTATTAACCACG,T283P W421T,2,2
-7.494,0.3808,ATACCTCAACTTATTT,H17L,1,1
-7.495,4.189,AAAAGGTTCTTCAGTT,C14A T187C D271E,3,3
-7.495,1.396,AAAATTCAGAGTTTAT,G23L,1,1
-7.495,4.189,AAACTCTACACTCACG,H17E,1,1
-7.495,4.189,AAACTCTTAATAGAAT,S287I,1,1
-7.495,4.189,AAAGCACAAATAGTGT,E410K E449K I481G,3,4
-7.495,4.189,AAAGCATCCATAGCAA,T370M,1,1
-7.495,4.189,AAAGCTCTTCAGCCAG,Q356P,1,1
-7.495,4.189,AACATCGTAAGAAATC,S231G T301D,2,2
-7.495,4.189,AATCATCATTACTTTT,D474Q,1,1
-7.495,4.189,AATTCCAGACAGAATG,Y161T I478G,2,2
-7.495,4.189,ACAACATTACCAGCAT,H355R,1,1
-7.495,4.189,ACCGCACCCAAGAAAC,P74T S270R,2,2
-7.495,1.396,ACGTAAAACTGAACAA,L118P Q173H G465R,3,4
-7.495,1.396,ACTTATTATTAAATTA,W343T,1,1
-7.495,4.189,AGACATTGGATGAGAG,N165S E340K G362M,3,3
-7.495,4.189,AGCTGACCCTTGGCTC,N22H G23C,2,2
-7.495,1.396,AGGCCGCCCGGAGGTA,N8C E460L,2,2
-7.495,4.189,AGGTGGCAAAGAATCT,E443H I481C,2,2
-7.495,4.189,AGTCGGTTACTGATAA,A39E,1,1
-7.495,4.189,ATAGAGCAGTCCAAAA,H18D L194P,2,2
-7.495,1.396,ATAGGGTTACTCTGTA,Y412D,1,1
-7.495,4.189,ATATACAATTATAATT,P254G,1,1
-7.495,4.189,ATCAAAACAAAGACTG,A113N,1,1
-7.495,4.189,ATCCAATCGACTTCAA,G218N R321S,2,2
-7.495,0.5984,ATGTTAAAGATCATGA,G463D,1,1
-7.495,4.189,CAAACATTTCTGAAAT,M346Q,1,1
-7.495,4.189,CAAATAGTCGAAGTGG,C466A,1,1
-7.495,1.396,CAAGACGTTAAACAAA,Y105H W153T,2,2
-7.495,4.189,CAATGCACTCTACTCA,L439N,1,1
-7.495,4.189,CATGAATTATGTATAC,W421G,1,1
-7.495,4.189,CATTACTGAACGAGCA,S124M S369D,2,2
-7.495,4.189,CCAGGTATAATACAAT,I282P,1,1
-7.495,1.396,CCATGGGAGATATGTA,D271K Y470R,2,2
-7.495,4.189,CCGGCGCCCTTCCACT,D271N E398K E410K E460Q G463V,5,5
-7.495,0.8378,CGATGGTAGAATTAAG,A212K K310P,2,2
-7.495,1.396,CGTAACAGAAATGAGA,L151W,1,1
-7.495,0.8378,CTAAACAAAATTACCA,S369R,1,2
-7.495,4.189,GAAAAATAAGAGACAA,Y308S T388I,2,2
-7.495,4.189,GAACATATGGAAGATT,,0,0
-7.495,4.189,GAAGTACCTTGAATCG,L118K,1,1
-7.495,4.189,GACAACCAATAGCAAG,G72D,1,1
-7.495,4.189,GACACCTCATGAAACA,D7N T12G E460V,3,3
-7.495,4.189,GACTCCATGCCCCGTC,A425P,1,1
-7.495,1.396,GCCATAGAAAGATACT,Q210T Q363R,2,2
-7.495,4.189,GCCTTGGTTGACGGCC,K176Y,1,1
-7.495,4.189,GGCCTTAAGATTCTTA,C477M,1,1
-7.495,4.189,GGCGCTTAATTAAAAC,V429R,1,1
-7.495,4.189,GTACAACATATATTAA,R109P,1,1
-7.495,4.189,GTACGCGATAAGACAC,Q191K D419I,2,2
-7.495,4.189,GTCACGGTAAAACGAC,W343*,1,2
-7.495,4.189,GTCCCACAACCGAGCT,R255G,1,1
-7.495,4.189,TAAACGAATCAAGCAG,S149K G249- N250- L251- I252- A253- P254- R255-,8,9
-7.495,4.189,TAAACTATCCCACAAT,P273W D474Y,2,2
-7.495,4.189,TAAATTCACTACTGAT,Q44R G256V G330Q E443K,4,4
-7.495,4.189,TAACAAGATCAGTATA,V237M E484T,2,2
-7.495,4.189,TAATATGAAGTATCAC,G249Y,1,1
-7.495,4.189,TAATCGTACCAAAGGA,T436G,1,1
-7.495,4.189,TAATGACCCTTTGTAG,K27W T388G V402G,3,3
-7.495,4.189,TCACGAGCGGTTATGA,Q454P,1,1
-7.495,0.4654,TCCTTAACCTGATCGA,N246M,1,1
-7.495,4.189,TCGATCCTCAGTCAAA,V130K,1,2
-7.495,4.189,TCTCGAAACCCTTCCG,V102P T451P,2,2
-7.495,4.189,TGATAATCATCAACGT,Y257M,1,1
-7.495,4.189,TGCGCTGTAAACACAC,C466E,1,1
-7.495,4.189,TGGGTAAATATTGCTA,I226V S228I G379V,3,3
-7.495,4.189,TGGTAAAAAAATGCAA,L66K I377G,2,2
-7.495,4.189,TGTACAAATCCGAGTT,V102D,1,1
-7.495,4.189,TTATATTGCACCCCAA,D438S,1,1
-7.495,4.189,TTGGTAGTCACACTCC,Q164D G286S,2,3
-7.497,0.4654,TTACCATTCTGTATAA,G62Q T451E,2,2
-7.498,0.2793,TGCATAGTAAAAATTC,P221V,1,1
-7.498,0.5984,ATTGATACCGATTTAA,G349R,1,1
-7.501,0.5984,CATCAAACTCAAGGAA,C473S,1,1
-7.501,0.5984,CTATGACGGTAGTAAA,S270N,1,1
-7.501,0.5984,GTACGATGTTGAGTAA,I202H A495M,2,2
-7.501,1.396,ACGCAAGAGAATTCTA,Y100E I226V T440I,3,3
-7.501,1.396,AGCTCTTGCAAATACC,I226L,1,1
-7.501,1.396,AGTATAGATCACTAGC,V36D,1,1
-7.501,1.396,GAAGACATAACGCTAA,P99L K397F,2,2
-7.501,1.396,GTACACTCCCATATGT,F338C D375I,2,2
-7.501,1.396,TATCCTCACCAGACGA,F195L,1,1
-7.501,1.396,TCCGGCAGAAAAATCT,W153E,1,2
-7.502,0.2205,CGCAAATTAGGCAAAT,A336T Y351E,2,2
-7.503,0.8378,CAATAATTTATTAACA,L420Y,1,1
-7.506,0.1995,GTATGTATAGAATAAT,N152K,1,1
-7.506,0.8377,TAGGCTAAACTGTCTC,A334V S422V,2,2
-7.507,1.396,ACAATTATACTAACAC,V36G,1,1
-7.507,1.396,ACCCGATACGGCCACT,A39L,1,1
-7.507,1.396,CAACCAACACCATGTA,F148T,1,1
-7.507,1.396,CTATGTTAATCTCTGA,L455Y,1,1
-7.507,1.396,GTACAATTGTGTAAAG,E35S Q363L,2,2
-7.507,1.396,TAGTATAACAAATATA,I335T,1,1
-7.507,1.396,TCCAACTACACATTAT,E398K D415R,2,3
-7.507,1.396,TCCCAACCCAACACTA,D419Y,1,1
-7.509,0.3222,ACAGATTGGATAAAAA,A253V,1,1
-7.509,0.4654,TCACCAATGCGGCTAC,E359R,1,1
-7.51,0.8377,AACTACAGTCACGCGT,S287L,1,1
-7.51,0.8377,AATATCAACAACAAAG,G249M,1,1
-7.51,0.8377,ACTTTTGACCAAAATC,H183D,1,1
-7.51,0.8377,GAAATCGTATAGCATT,Y257L,1,2
-7.511,0.5984,AAAGAGATAGCTAACA,H18N,1,1
-7.511,0.5984,GTATGCCAAGTGTGCA,D438R,1,1
-7.513,4.189,AAAACATTAATTATAT,V223L N433C,2,2
-7.513,4.189,AAAATACCTAAGACGG,I339R V406M,2,2
-7.513,4.189,AAACGTACTGAGTTTA,M346Q,1,1
-7.513,4.189,AAATATTACAGCACAC,F258D,1,1
-7.513,4.189,AACTTCCACATATTCC,I260E K468I,2,2
-7.513,4.189,AACTTTGAATTCAGGA,V88E,1,1
-7.513,4.189,AAGTACCTAAGGATCA,Y351C,1,1
-7.513,1.396,AATAGTAACTATACAA,L59D L111G,2,2
-7.513,1.396,AATCAAACCAAAAGAC,C305Y E414V,2,2
-7.513,1.396,AATCATGGAAGCATCA,L151H,1,1
-7.513,4.189,AATTACAAATCCTCTC,L177H L381T,2,2
-7.513,4.189,ACAGAAAGCCAAACAC,C473M,1,1
-7.513,4.189,ACCGATTTTTGCCCCA,L13N D419W,2,2
-7.513,4.189,ACGCAAGGTCGATAAA,Y302T,1,1
-7.513,4.189,ACTGACATTCGTGAAT,F399L G465W,2,2
-7.513,4.189,AGATCATGTTAAATAA,F353V,1,1
-7.513,4.189,AGATGTTTCTTAATAC,N357H,1,2
-7.513,1.396,AGCTCCATTGTCACCT,N152V,1,2
-7.513,4.189,ATAAAATTCTCTCCCC,G16V Y98E,2,2
-7.513,0.8377,ATATAACTACTAATTC,G23D G62D P103C,3,3
-7.513,4.189,ATTACACAGTAACAAA,P4Y C76G,2,2
-7.513,4.189,ATTATCCCCGGAGCCT,Y351R,1,1
-7.513,1.396,ATTTGAAAGCCAAGAT,Y351L,1,1
-7.513,1.396,CACATTATAACGTAAA,T440P,1,1
-7.513,1.396,CATTTAATATGGTGAC,V43R,1,1
-7.513,4.189,CCTTAAAAGTTACAAG,T206M E410Y,2,2
-7.513,4.189,CGAAGTACAGCCGACT,L59G,1,1
-7.513,4.189,CGACCAATAGAAAAAG,G240S R354E,2,2
-7.513,4.189,CTGATGTGACCTTCTA,I339W,1,1
-7.513,4.189,CTTGACATACAAATTC,D375V R383I E484K,3,3
-7.513,4.189,GAACTGGCTAGAAAAT,T12G,1,1
-7.513,4.189,GAAGAAAAATCTAAAC,C466T,1,2
-7.513,4.189,GAATCAGTAAATAGGC,R456K C473M,2,2
-7.513,4.189,GACCGTAAAGAACTAC,Y486R,1,1
-7.513,4.189,GAGACAGGCTTAGATT,G362H S422I,2,2
-7.513,4.189,GAGCAGCACCATTTAA,F148Q,1,2
-7.513,4.189,GAGGATCGATTTAGAG,E89D,1,1
-7.513,4.189,GCAAACAATTGCTTAG,G342Y,1,1
-7.513,4.189,GCAACACGACCCTCAT,L118E D241V,2,2
-7.513,4.189,GCACAAAACCACTAGC,L70E L431Q,2,2
-7.513,4.189,GGCCCGGACGAAGACT,N31K W234* H355C,3,3
-7.513,4.189,TAAACACAAACTAACG,G61D E460G,2,2
-7.513,4.189,TAACGAATCCATTACC,M320N,1,1
-7.513,4.189,TAAGAACTGAGAACTG,I245H,1,1
-7.513,4.189,TAATCCTTACGAAGCT,G142* I202V,2,2
-7.513,4.189,TACAGGAACAGTTCTC,C466T,1,1
-7.513,1.396,TACATCTAACAAATAC,Y98N S247E,2,2
-7.513,4.189,TAGTTCGGGCATATCA,E340G M444I,2,2
-7.513,4.189,TATAAATTGGCCTAAC,F294N,1,1
-7.513,4.189,TCAAAAACAAACCGTC,G342E,1,1
-7.513,4.189,TCAAACAGGTAAACAA,G218R,1,1
-7.513,4.189,TCACAAATTAATACTC,W153E,1,1
-7.513,1.396,TCCAATACTGTTCAAG,E396K,1,2
-7.513,1.396,TCGCTTCAAGTATTTT,A334R,1,1
-7.513,4.189,TGAACCAGAAAAATTG,T283P P293H R321M K387E K391S,5,5
-7.513,4.189,TGAGTGCAATTCCAGT,A495E,1,1
-7.513,4.189,TGCACAGAATCATTCA,S228R,1,1
-7.513,4.189,TGGATTCTGATTGAAA,P169L F195D,2,2
-7.513,4.189,TTAACGAGACTGCTCA,V36N,1,1
-7.513,0.8377,TTAGTGACTGTAAGAG,H56M I331G,2,2
-7.513,4.189,TTATATAGTCCACAAA,G249Y M462V,2,2
-7.513,4.189,TTATGTTACGTTAATT,S136V,1,1
-7.513,4.189,TTGGTAAGAGAGTCAA,R220Q N433T,2,2
-7.515,0.2464,AGCATCATGTGAAAAA,T203L P324S W343*,3,3
-7.517,0.8377,ATGATGGCAACACTTC,N296L,1,1
-7.517,0.8377,TTCTTAAGCTCTAAAT,T318P,1,1
-7.518,0.5984,GCCGAATCTTTAATCA,G249L,1,1
-7.518,0.5984,GTAATCAATTAATACA,W234E,1,1
-7.519,0.3222,TCATTACGGATGCAAG,G504C,1,1
-7.519,1.396,ATTATATGATCAACTA,R499G,1,1
-7.519,1.396,CATATAATATCAACCC,D348P,1,1
-7.519,1.396,CCCAAGAAAGTGGCTA,V413G,1,1
-7.519,1.396,CTACAGAAAAAAACAG,G61D Q191F,2,2
-7.519,1.396,TAAAATACCAGTCAAG,T318P,1,1
-7.521,0.8377,ATATAACATCAATTAT,L316W,1,1
-7.521,0.8377,CCGAAGAAAACAAATC,T451G,1,1
-7.521,0.8377,GTGCAAAATAAGTACA,L314D,1,1
-7.521,0.8377,TTCTAATCCCAACAAA,I339C,1,1
-7.521,0.4654,GTCCAACCATATTTCA,V237S,1,1
-7.521,0.4654,TTCTGTCATAATACAC,R329H,1,1
-7.524,0.2464,CACCGGGGATGATTTC,G465K,1,1
-7.524,0.8377,CTCATTATGCTGATAT,A106S L108S S219P,3,3
-7.525,0.1821,ATCAGGTTCTGCATCC,P221V,1,2
-7.525,1.396,AACCTGTCTGCTAAAT,V26T,1,1
-7.525,1.396,ACACAGTTCACGGTCT,G463D,1,1
-7.525,0.4654,AGAAATGTTATCTTTA,T436N,1,1
-7.525,1.396,ATCCAATGAAACACTC,I502Y,1,1
-7.525,1.396,CTATAGTCTGTAGATA,S247K,1,1
-7.525,1.396,TAGATGAGTGACTGAG,P306W,1,1
-7.527,0.4654,ATGAGTATAATAGAGA,E398* L431W,2,2
-7.528,0.8377,GTGATGTACAACGCGA,L71I G360V,2,2
-7.528,0.8377,TCCTCTAATACCAGGA,Y423M,1,1
-7.528,0.3222,GAGTTTCATGTGGAAA,S146I,1,1
-7.531,4.188,AAAAAATGTATATAAC,V182D,1,1
-7.531,4.188,AAAATACAAAAGGAGT,W350M,1,1
-7.531,4.188,AAAATATTGGTAACTG,R90S W421R,2,2
-7.531,4.188,AAAATTGACATAGCAG,P55K C277Y Y491E,3,3
-7.531,4.188,AAACACACAGAATCCG,I58F,1,2
-7.531,4.188,AAACATCATTGACCAA,I252H,1,1
-7.531,4.188,AAATTGATGAATAATA,S228R E432D,2,2
-7.531,4.188,AACTCTAACCTTCGTT,E89C H183Y,2,2
-7.531,4.188,AACTTGACCATCCCAA,A69L G345R,2,2
-7.531,4.188,AAGACGGAAACACAAA,Y308A,1,1
-7.531,4.188,AAGGTTGATCAGGTCT,A39D,1,1
-7.531,4.188,AATCGAACACTTGTAC,T37W,1,1
-7.531,4.188,AATTTTTCCAAACACA,I377Q,1,1
-7.531,1.396,ACAATCACCAAGAACC,L243R,1,1
-7.531,4.188,ACACTCACCCTAATAA,W153C,1,1
-7.531,4.188,ACCATTCATAATGGTT,Y178E,1,1
-7.531,1.396,ACCTGATTTCGATTAG,I288Q,1,1
-7.531,0.3808,ACTGATAATAATACAT,E403M E410K,2,2
-7.531,4.188,AGACTAAATTCCCTTA,T65D G286V,2,3
-7.531,4.188,AGACTTGGTCATATGG,C473M,1,1
-7.531,4.188,AGATCTTCATAGCCCA,L455T,1,1
-7.531,4.188,AGCAAAGCGGACAAAA,I502F,1,1
-7.531,4.188,ATAGATTAATCCGAAC,N322D,1,1
-7.531,4.188,ATATATCGAACTATCG,G72W,1,1
-7.531,4.188,ATATTCTTGCTCGAAA,E426P,1,2
-7.531,4.188,ATCACATAGGACCCAA,L15Y,1,2
-7.531,4.188,ATCGAGTGTCATAAAG,Y423T,1,1
-7.531,4.188,ATTCAGAGCTAGCTAA,V213R W234L,2,2
-7.531,4.188,ATTTAAACAAAGTCTA,L42N,1,1
-7.531,4.188,ATTTTATATAGGATTC,R229N,1,1
-7.531,4.188,CAAATCCTGATCAACA,M268P,1,1
-7.531,0.8377,CACAATTGTTCGCCAA,G330V,1,1
-7.531,4.188,CATTCATACCAGCTAT,C473G,1,4
-7.531,4.188,CCAATTAACCCACAAC,C14S I202N,2,2
-7.531,0.4654,CCACAAAACGAGCTTG,A19P K131M,2,2
-7.531,4.188,CCATAATTTAGATTTT,D32K E325C,2,2
-7.531,4.188,CCCGAAAGACATCTCT,A495W,1,1
-7.531,4.188,CCTCATCAGAAAAATT,C76L,1,1
-7.531,1.396,CGCCGTTCGTAATGAA,L177H Q394T,2,2
-7.531,4.188,CTATTACGGTTAACCA,G116F,1,1
-7.531,1.396,CTTTCTGTGGCTACCA,V43R,1,2
-7.531,4.188,GAATAGAGCAATTCGA,K176A G386E,2,4
-7.531,4.188,GACACTAGAACTAAAA,Y470I,1,1
-7.531,4.188,GAGCGGACTTTAATTC,N322Y,1,1
-7.531,4.188,GCAATTCCATTAATCC,S270I L428Q E443K,3,3
-7.531,4.188,GCGGGCAACTTCCTAC,W421K,1,1
-7.531,1.396,GGATAATTAATACGAT,N6S N433D,2,3
-7.531,4.188,GTCATAGCCACAATAT,G134M,1,1
-7.531,4.188,GTCCGAGGGGATCAAC,G134S,1,1
-7.531,1.396,GTGGTCCCACTTATGG,F294G,1,1
-7.531,4.188,GTTAAATCTAATTTTC,G256L,1,1
-7.531,4.188,TAAAAAACAGACACAC,L420H,1,1
-7.531,4.188,TAAAACGATGCGAATT,V130P,1,1
-7.531,4.188,TATTCCATGAATGATA,I226L,1,2
-7.531,4.188,TCATAACGCATTAAAC,H17E S312G E410K,3,3
-7.531,4.188,TCATAGTAAAAAATCC,P284T A317N,2,3
-7.531,4.188,TCGATTGCATCGGTCA,W180K,1,1
-7.531,1.396,TTAAAATCAGAACTGG,Q295Y,1,2
-7.531,4.188,TTCACAGGCAATTCCT,G360A,1,1
-7.531,4.188,TTCGTAATAAAAGTAC,V43I W180S L439Q,3,3
-7.531,4.188,TTGTATTAATAAATAG,A196N,1,1
-7.531,4.188,TTGTGAACACGACCCT,N170P,1,1
-7.531,4.188,TTTAAATATGTAAGGA,W84A,1,1
-7.535,0.8376,AGGAGACACCGTTAAG,I481T,1,1
-7.535,0.4654,ATTGCAAGCATACAAC,C52F W234Q,2,2
-7.535,0.3222,ATCTAAAAGGCCCATG,Y302S,1,1
-7.536,0.2792,ATGTATTTCCCTATCA,G330E D415Y,2,2
-7.537,1.396,AAAATTCTTAACATTG,H435T,1,1
-7.537,1.396,AATAACCACCCCATAC,T155H N433C,2,2
-7.537,1.396,ACGCACTAAAACGTAA,R329N,1,1
-7.537,1.396,AGAAAGCACCCCAATA,G116E,1,1
-7.537,1.396,AGTAACTTCTAAAATA,A334T L428T,2,2
-7.537,1.396,ATTACTAACTTAAGTT,Y486S,1,1
-7.537,1.396,GACACGCACAACATTA,A272S G337C,2,2
-7.537,1.396,TCCAAAAAAAACGTGG,R499A,1,1
-7.538,0.8376,CTGAAGACTTAAGAAG,Q356P,1,1
-7.538,0.8376,GTATTGACTCAGTAGA,T30Q G352F,2,2
-7.539,0.3807,CATCTAAATCCATAGA,L42N,1,1
-7.54,0.1269,GTTTTATCAATCCCCT,F500S,1,1
-7.541,0.4653,GAACGAAAAGCAACTG,C14A E83W,2,2
-7.542,0.8376,TATTAATGAGCCAAAA,P21L G319I,2,2
-7.543,1.396,ACCCCGCCCACTAGAT,L86R,1,1
-7.543,1.396,CCCTAACAGATGGCCC,H17I R307Y,2,3
-7.543,1.396,CGGTGAGGAGGATAAG,E432G,1,1
-7.543,1.396,GCCCAACTAGGCTTAA,L154C M444I,2,2
-7.543,1.396,TCTATAGTCTGCAGTC,V130E M444I D487T,3,3
-7.543,1.396,TTCATGCTATAAACTA,F148T,1,1
-7.544,0.5983,ATCTTGAAATCTTGTA,S115P,1,1
-7.545,0.8376,TGAAGGCACCCCGCAG,V237R,1,1
-7.548,0.1444,GAAATCAAACAACATT,V309P,1,1
-7.548,0.1675,TAGAAGCGGAAGATCT,W350C,1,1
-7.549,4.188,AAAATAATCGGTAAAA,F294V,1,1
-7.549,4.188,AAAATTACCAAAAGCT,H471T,1,1
-7.549,4.188,AAAATTCACTATACAA,F148C,1,1
-7.549,4.188,AAACGCGATCCGGAAT,G134N N433F,2,2
-7.549,4.188,AAAGCGAAACAGTATT,G218M S400*,2,2
-7.549,4.188,AACGTTTTAGTAATGT,I226F,1,1
-7.549,4.188,AACTCAGGTAATTAGG,N250D,1,1
-7.549,1.396,AATACCACATTAGTTA,C139G,1,1
-7.549,4.188,AATCGCTACATAGAGA,G16Y,1,1
-7.549,1.396,ACATTATCACTAAGAT,D68Y,1,1
-7.549,4.188,ACGCTAATACTCTCAA,C466M,1,1
-7.549,0.8376,ACGTCCTTATCATGTA,L71R,1,1
-7.549,4.188,ACTACACACATTCTCT,W343V,1,2
-7.549,0.2464,AGAAATAATACAGGTG,S270L,1,1
-7.549,0.4653,AGAGAAAAAACTTAAT,L86N,1,1
-7.549,0.8376,AGGAAACATATATCAC,K176A,1,1
-7.549,4.188,AGGAGCTCGTTTTCGC,I377S,1,1
-7.549,4.188,ATAATCGTCATGCAAC,C14P,1,1
-7.549,4.188,ATAGATAAGACTAATA,S287W,1,1
-7.549,1.396,ATCACAGGAAAGGTTT,R499K,1,1
-7.549,4.188,ATCATGTTTTTCGCCC,L86D,1,1
-7.549,4.188,ATCCTACCTGATGGGG,I58D,1,1
-7.549,4.188,ATCGAGCTTTAATTAA,Y100N,1,1
-7.549,4.188,ATCGCCATTTCAAATA,E89S,1,1
-7.549,4.188,ATCGTTATGAGAATCA,D419V,1,1
-7.549,4.188,ATTACGTTCAAAAAGA,I67W,1,1
-7.549,4.188,ATTCTAACAGAAACAA,F195K,1,1
-7.549,4.188,ATTTATTTCAAAATAA,N158L W343C,2,2
-7.549,4.188,CAATGAAAAGCAGGGT,P254V,1,1
-7.549,0.5983,CACGTCCGCCACAAAA,C139Y N497G,2,2
-7.549,4.188,CAGACACACCATCACT,F338S,1,1
-7.549,4.188,CAGTTCAAAGACAAAT,G116T,1,1
-7.549,4.188,CATTATAACCAAAAAA,A69L P254M,2,2
-7.549,4.188,CCAAACTTTGGTCTGT,C76T T416R,2,2
-7.549,4.188,CCACCAAAAATAAACA,N190W,1,1
-7.549,4.188,CCACCCGGTTGTACAT,L427P,1,1
-7.549,4.188,CGCTAGAAATGCCACC,V112W,1,1
-7.549,4.188,CGTTTACAAATTACAT,V309Q,1,1
-7.549,4.188,CTCCGTATTTATTTAA,R33S S193K,2,2
-7.549,4.188,CTCGCTAAATGACTTT,R109C R141E,2,2
-7.549,4.188,CTCTGCTCAACCCGGA,,0,0
-7.549,4.188,CTTAAACGCGTAACTA,S136M,1,1
-7.549,4.188,CTTTATATAGATGATC,G72E P239C,2,2
-7.549,4.188,GAATTGAACGCAACTA,C139N A317F G319V,3,3
-7.549,4.188,GATGTTAAAGATAGAG,M346D,1,1
-7.549,4.188,GCTTCAAAACCGATCA,W350K,1,1
-7.549,4.188,GGAACTTAAAATAAAA,I267P,1,1
-7.549,1.396,GGACATAACATATAGT,S137I N152Y,2,2
-7.549,4.188,GGCCGCCATGAACTAC,M168D,1,1
-7.549,4.188,GTCAACAACCATAGAG,F353Q,1,1
-7.549,4.188,GTCATCCACTCTATTA,G504C,1,1
-7.549,1.396,GTGCAGACTTTTTTCT,D438G,1,1
-7.549,4.188,GTGCGTAATGGATAGA,Q363K,1,1
-7.549,4.188,GTGTTACTAGAGGTAA,P4G Q295V,2,2
-7.549,1.396,TAACTCCGTAACTGAT,K176G,1,2
-7.549,4.188,TAATGCTCAAGAGGCT,V130D,1,1
-7.549,4.188,TACAAACCATAACCTG,W343A,1,1
-7.549,4.188,TACCACAAGTAACTAA,F148N,1,1
-7.549,4.188,TATCACTGTGTCGGCG,G330M,1,1
-7.549,1.396,TATTTAAAATAGCTGA,C305R,1,1
-7.549,4.188,TCAATCAGTGCAGTCC,M346Q,1,1
-7.549,1.396,TCATACTAATTATTGC,E123V,1,1
-7.549,4.188,TCATACTGCTTCACCA,P215T E426S,2,2
-7.549,4.188,TCATTAACTGTAAAAT,Q295K,1,2
-7.549,4.188,TCTACATGCAAACATG,S46K R499A,2,2
-7.549,4.188,TGTTAGATAATCCTTT,A19I,1,1
-7.549,4.188,TTAATCAGAAGTTGCT,W127Q G200T,2,2
-7.549,4.188,TTACTTGGACTCGAAC,I288R,1,1
-7.549,4.188,TTCCATGGACATTAAA,Y423P,1,1
-7.549,4.188,TTCTTAATCTAACGTC,G349W,1,1
-7.549,4.188,TTGTATGTAATTTCTT,E35W Y302R,2,2
-7.549,4.188,TTTCGGAGTAGTCTCA,T40G,1,1
-7.549,4.188,TTTGATCTTCATATTC,I202E,1,1
-7.552,0.1132,CAAAAGAATATAAAAA,Y302S,1,2
-7.552,0.8376,ATAGGAAAGCTTTAAT,L70D,1,1
-7.553,0.3221,GTATTGCAACGTGATA,S156Y L243V,2,2
-7.554,0.5983,CGCAAAACACCTCCTC,D73Q S262W,2,2
-7.555,1.396,AATAGTAGAAAAGCAC,A196G L428D,2,2
-7.555,1.396,ACCACTCAGTTACCCT,C64S M268K,2,2
-7.555,1.396,CCCAACCCTACCACCA,C52M,1,1
-7.555,1.396,CTTTTAAACATGTAAC,L314T,1,1
-7.555,1.396,GGCTGCACTGTATGAG,S149P S247E,2,2
-7.555,1.396,TTTAATTTACGACAGA,D366Y,1,1
-7.555,0.3221,GCTAAACCCCCTCTAA,G134F,1,1
-7.556,0.8376,ATGGTATACAACCCTA,V429Q,1,1
-7.558,0.3807,CAAACATAATCTGTAA,Y98F R482F,2,2
-7.558,0.4653,TACGTTTATTCTCAAA,T65P L431Y,2,2
-7.559,0.8376,AATTTCTCAGACATCC,S228V,1,1
-7.56,1.396,AAATTAAAGAAATTCA,N190C,1,1
-7.56,1.396,AATCAAACTTCTAACG,H183E,1,1
-7.56,1.396,ACATTTAAACCAATTC,I58Y,1,1
-7.56,1.396,ATGAATTGTCCCAGAC,A113K T206E,2,2
-7.56,1.396,CCTCTTATTAGAGCTC,F174L I478D,2,2
-7.56,1.396,GGATTAAGCCCGCACT,W421A,1,1
-7.56,1.396,GGATTACATACCATAT,P306I,1,1
-7.56,1.396,TAACTCAAAAAAAGCT,F353K,1,1
-7.56,1.396,TTTTTACAAAATAAAA,T440W,1,1
-7.562,0.4653,ATTTTCACCAAATTAT,A138D,1,1
-7.563,0.8375,ATACATTCTCACGCCC,Q132W R307Y K452L,3,3
-7.565,0.2463,CAGAACAAGAAGGTGC,S422V,1,1
-7.566,4.188,AAAGAATACCACTAAC,,0,0
-7.566,4.188,AAATAATCCAAATAGC,Y98E Q197K,2,2
-7.566,4.188,AAATGAGTTTTAACTA,L194K H471F,2,2
-7.566,1.396,AACGATGGATAAGTAA,W343* Q454P,2,3
-7.566,1.396,AAGATAAATACAGGTT,W180S G275* N498Y,3,3
-7.566,1.396,AAGTAAAAGTCTAACA,H17*,1,1
-7.566,4.188,AATAAAGTCACTTTAG,S287L,1,1
-7.566,4.188,AATATTTTTTTGGAAA,E35K S369R,2,2
-7.566,4.188,AATCCTAATTCACTCT,F174A L314P,2,2
-7.566,1.396,AATGGAGCACACAACC,R269Q L427E,2,2
-7.566,4.188,ACAAACTGAACTACCA,R456P,1,1
-7.566,4.188,ACAATATTGCTCTTTA,D225P,1,1
-7.566,4.188,ACATTCAGGCTAAGAC,M268I N285S E401K E403K E432K,5,5
-7.566,4.188,ACGCTAGTTCTGATAT,W343* E401W,2,2
-7.566,4.188,ACGTACCAAAAATAAA,P239Q S270R,2,2
-7.566,4.188,ACTAATTATGAACAGC,N8S R329V,2,2
-7.566,1.396,ACTCAAATAAACCGAT,Y178W,1,1
-7.566,4.188,AGATATCCTATAGAGA,Y302E,1,1
-7.566,4.188,AGCACCTAATGTAACA,G362C,1,1
-7.566,4.188,AGTATCAAGACGGTTT,A334E,1,1
-7.566,4.188,AGTGGAAAAGCAGAAA,I34G,1,1
-7.566,4.188,AGTGTAAGATCGATTG,D366T,1,1
-7.566,4.188,AGTTCCAATATTTGCA,L409E,1,1
-7.566,4.188,ATACCTGTGCTAATGC,I232D,1,1
-7.566,4.188,ATACGATGAGTCTCAC,S96Q Q311*,2,2
-7.566,4.188,ATATAACTAGAATGTC,M320N,1,1
-7.566,1.396,ATGAGATACCAAACCG,L66S,1,1
-7.566,4.188,CAATCTTTAATATGTT,G345Q,1,1
-7.566,4.188,CACGTTTTTAGCTCTC,I478S,1,1
-7.566,4.188,CAGCAGACAGACATAA,G16P,1,1
-7.566,1.396,CCACGCGATTACATAA,G134L N159V,2,2
-7.566,4.188,CCCAAACAGTAAACAT,Y351S,1,1
-7.566,4.188,CGACTGTCACCAGTAT,P254L,1,1
-7.566,4.188,CGCAAATGTGCTTGAG,E460Y,1,1
-7.566,0.8375,CGCCCTTTCACAATTC,D348K,1,1
-7.566,4.188,CTAAACCTACAAACAC,A459D,1,1
-7.566,4.188,CTAAAGCACAAAATTT,I214L I331Q,2,2
-7.566,4.188,CTATACCACATGCCGA,V309L,1,1
-7.566,1.396,CTGAAATCAGAACACC,G333H,1,1
-7.566,4.188,CTGATTGGTAACCACT,L455Y,1,1
-7.566,4.188,CTTTTCAAACGTCGTA,N94R I232P,2,3
-7.566,4.188,GACAATCGAGTCTTAC,K140C A373G,2,2
-7.566,4.188,GAGAGGGCATAAAAAC,V182K,1,1
-7.566,4.188,GAGGAACGTGAGAATC,A253L,1,1
-7.566,4.188,GCTGTCACGCAATACT,W343F W350L,2,2
-7.566,1.396,GGGAACTATAGGTACT,S270E,1,1
-7.566,4.188,GGGATAGTAAAATATA,R269Y Y486R,2,2
-7.566,4.188,GTCCACTCATAATAAT,F120L,1,1
-7.566,4.188,GTGCAAGTTCCGTGGA,G134W,1,1
-7.566,4.188,GTTTCCAACGATACAA,N170V,1,2
-7.566,4.188,TAAACGTATGTTAACG,C97N,1,1
-7.566,4.188,TAAATAGCTCTATAAT,S262M A364C,2,2
-7.566,4.188,TAACACCGATACGAAG,W127S,1,1
-7.566,4.188,TAACAGAACTGTACCA,Y351M,1,1
-7.566,4.188,TAACGTCCAAACAAAG,H18E G142W,2,2
-7.566,4.188,TACTGGGTCTATATAC,G23K,1,1
-7.566,4.188,TAGAGTCCAATAATAT,G345A,1,1
-7.566,4.188,TCACTGAATATTGATA,N63F V213R G465E,3,3
-7.566,4.188,TCTGTTATAAGAGTTC,N424H,1,1
-7.566,4.188,TGGCCTGTAGCTACAA,E89W,1,2
-7.566,1.396,TGTCCGCCCCTTTTAC,N152K D461P,2,2
-7.566,4.188,TTATAAAAACCATAAA,T436W,1,1
-7.566,4.188,TTCAGACGTCAAACGG,E340K L428E,2,2
-7.566,1.396,TTCATTTGAACGAAGC,L86Q,1,1
-7.566,4.188,TTTAACAGATAAAATG,G352V,1,1
-7.566,4.188,TTTAATATCAAATCAG,Q356L,1,1
-7.566,4.188,TTTAGTAGTAAGTAGC,G61T,1,1
-7.566,4.188,TTTATAACACAAAAGC,N190W,1,1
-7.566,4.188,TTTGATTCATATCTAA,S47I P324T,2,2
-7.568,0.4653,ACTCTAGAACCCCTCA,F448S,1,1
-7.569,0.5982,ATAATTTCCATCCTAG,Y486K,1,1
-7.57,0.8375,TATAGCATGAAAACAA,P254E,1,1
-7.57,0.8375,TGAAGCGCTAACTATT,G116N,1,1
-7.572,1.396,CCAAGCATCTTCATAA,A212P I236E,2,2
-7.572,1.396,CCTATTAATGCTGACC,,0,0
-7.572,1.396,GCTTTTTCCAACGCTA,H18G V406L,2,2
-7.573,0.3221,CCCCCAAACATATAGT,N250Q,1,1
-7.573,0.8375,AAGTTAATTATATGGA,T28R L381P,2,2
-7.573,0.8375,ATGTTCATAGTCGAAA,I481M,1,1
-7.574,0.5982,TTCACTAACGAGCACC,N22W C97*,2,2
-7.576,0.4653,ATGCCAAGAAAGTAAC,V204H,1,1
-7.576,0.8375,AGAGAAACGATCCAAA,E426R,1,1
-7.576,0.8375,CATACCACAGCCTCAA,N458R,1,1
-7.578,1.396,AAAACAGAATTTGCAA,F195C L455M,2,2
-7.578,1.396,AAAATTCGTGTACCCA,F294V,1,1
-7.578,1.396,AAAGAGCCCTTTAGCC,C97Y,1,1
-7.578,1.396,AAAGGAAGAGCCAAAA,I339C,1,1
-7.578,1.396,ATATGATAATGGTAAA,L15W,1,1
-7.578,1.396,CAGGGTAACTAACTGC,A163F S266K C281P,3,3
-7.578,1.396,CATATTTAGAATTTTG,F87H,1,1
-7.578,1.396,CCTTAGAATCGACAAA,W350K,1,1
-7.578,1.396,GAAAAATGGACAAGAT,G352S,1,1
-7.578,1.396,TAACACACGTAAGACA,E457K,1,1
-7.578,1.396,TATCTTTAGAAGATGA,N341Y,1,1
-7.578,0.5982,TAAAGCTTCTGGGAAT,G129P,1,1
-7.58,0.4653,GGTCACTGTACACATG,N250K,1,1
-7.58,0.8375,AATACTACCATGAATT,Y302S,1,1
-7.58,0.8375,ACCGCTTATGATAAGA,R492G,1,1
-7.58,0.8375,AGAACCACGAACCAAA,P99L N489H V490L,3,3
-7.583,4.187,AAAAACGAAATACTAA,T301N P306T,2,2
-7.583,4.187,AAAATAAACTACTGAA,G465Q,1,1
-7.583,4.187,AAACGATTGTATAAAA,I34T Q191*,2,2
-7.583,0.3221,AAAGCATACTCACTGA,G349Q E398K,2,2
-7.583,4.187,AAAGCTGCTCCACAGA,A334P,1,1
-7.583,4.187,AAATCTTTGAAACGTT,P254R,1,1
-7.583,4.187,AACAATCGCACTAAGG,V102Y,1,1
-7.583,4.187,AACTCCATATGAAAGA,N53L L431D,2,2
-7.583,4.187,AAGCTTTAGTAAACGA,R492T,1,1
-7.583,4.187,AAGGCAAACAGCAGTT,A253D,1,1
-7.583,4.187,ACAAGATTATGATACA,I252G,1,1
-7.583,4.187,ACCTAAATTCGTAAAA,I339E,1,1
-7.583,4.187,AGTCAAACTTAAACGG,E89D,1,1
-7.583,4.187,ATAAACACAAATATAA,K315D,1,1
-7.583,4.187,ATAAACGTAAAATCCT,G49A L316P,2,2
-7.583,1.396,ATACAACCAGGTGGGC,A138D,1,1
-7.583,4.187,ATAGTACATCAAATAA,L86S Q164K,2,2
-7.583,4.187,ATATAACGTATTTGCG,G181D,1,1
-7.583,4.187,ATATAGTATAGAATCA,C14H,1,1
-7.583,4.187,ATCAATCTAAACAATA,V43D,1,1
-7.583,4.187,ATCTCGAACGAGCCAA,L15F,1,1
-7.583,1.396,ATGATCCCTAGGCACC,V43L Q311P,2,2
-7.583,4.187,CAACATACAAAATGAT,P99H V429Q,2,2
-7.583,4.187,CAACTATAACCAGAAA,L496G,1,1
-7.583,4.187,CAATAGCAAACTATCT,I437R,1,1
-7.583,4.187,CACTCAGGGACAAACA,L13P,1,1
-7.583,1.396,CAGAAGTTTACCCGTC,H355G,1,1
-7.583,1.396,CAGGGGACTCCCATTG,G337S G504E,2,2
-7.583,4.187,CATACAAGAATCTGAT,Y351K,1,1
-7.583,4.187,CATACCATTTCAAAGA,V102I G200D W421S,3,3
-7.583,4.187,CATATTATGGAGAAAA,D438N,1,1
-7.583,4.187,CATTGTTGCCTAGACA,I25A Q371W,2,2
-7.583,4.187,CATTTGCTATAATTAA,S205Q A317V,2,2
-7.583,4.187,CCCACAAACAAAAAGC,T117N S422Q L431P,3,3
-7.583,1.396,CCCCTATACTAATAGT,T318F W343*,2,3
-7.583,4.187,CCCTTTATCCTTTAAA,I58W,1,1
-7.583,4.187,CCGATTAGACTCATAT,G23K L194K,2,2
-7.583,4.187,CCGCGGATCAAAGGAA,D241P D291S,2,2
-7.583,4.187,CCTAGATAAATTTTTG,T40R M346K,2,2
-7.583,4.187,CCTATGAAACAAAGAA,V429W,1,1
-7.583,4.187,CCTATTGTACATAAGA,C52F,1,1
-7.583,1.396,CCTTCTAACTTGAACC,G465K,1,1
-7.583,4.187,CGATAAACGCAGTTGA,Q1* I502H,2,2
-7.583,4.187,CTAAAATACCACCTTA,T440V,1,2
-7.583,0.4653,CTCCAGTAGAGACCCC,K27N G218P,2,3
-7.583,4.187,CTTCAAGAGAGAAGTT,N322D,1,1
-7.583,4.187,CTTTAAATCTTTACCT,A317W,1,1
-7.583,4.187,CTTTGCTGACAAGGGC,L409Q,1,1
-7.583,1.396,GAAAAGGAATTTACCA,P169M L314C,2,4
-7.583,4.187,GAAACGAAAACTATCA,R307E R383Y,2,2
-7.583,4.187,GCAATTATCACTGAGA,T37I N464L,2,2
-7.583,4.187,GCACACGCTGTTCAAA,T440V,1,1
-7.583,4.187,GGACTACGTCTTAAGA,T436C,1,1
-7.583,4.187,GGCGCACGCGCGCTGA,N433E,1,1
-7.583,4.187,GTCAACATTAGTTAGA,M268K,1,1
-7.583,4.187,GTGCTGAATGTCCCCT,F467N,1,1
-7.583,4.187,GTTGAATAAAGTAAAA,N122S F467N,2,2
-7.583,0.5982,TACCATTAACATTAAC,L243C,1,1
-7.583,4.187,TACTAGACCGCTCTAT,D348N,1,1
-7.583,4.187,TAGCTAATATCGGTCC,E432K,1,1
-7.583,4.187,TATAAAATAAAAAGAA,G333D A373W,2,2
-7.583,4.187,TATATAGCCTTGTAGG,N357F,1,1
-7.583,4.187,TATATGTGAAAAAACA,Q501I,1,1
-7.583,4.187,TATCTCAGTAATACTC,G249V,1,1
-7.583,4.187,TATTACAGACAATATC,N126V T451P,2,2
-7.583,4.187,TCAGACAACTATACCG,L177H N424M,2,2
-7.583,4.187,TCAGACGCCAGCGATA,S369P,1,1
-7.583,4.187,TCTACCATCGAGATGA,L194P,1,1
-7.583,4.187,TCTCTACTAAAAACAA,A365W,1,1
-7.583,1.396,TCTGGCAAAATCATAC,E123C M268I,2,2
-7.583,4.187,TCTGTTTATGAAACCA,F294C,1,1
-7.583,4.187,TGGAAAAACAGTGTAA,G23I,1,1
-7.583,4.187,TGTCTAACCATACCAT,I437W,1,1
-7.583,4.187,TTAACAGGTTATTTTC,T416H,1,1
-7.583,4.187,TTTATGCAAGACCAAC,S136N S156N,2,2
-7.583,4.187,TTTGAAACCCTCTAAC,C76I C281Y E449N,3,4
-7.584,0.2204,AGGTCGTATAAAATGG,A317M T318K,2,2
-7.586,0.5982,AATGGAATACACATTT,Q376P,1,1
-7.586,0.2204,ACAATCGCCTACTCTG,L177Q V297N,2,3
-7.587,0.8375,ACTCGTAATCAATACC,C76R,1,1
-7.587,0.8375,CTATGAAATATCTTAA,D461G,1,1
-7.588,0.1551,ATCCACAGTATAATTA,F79T F294Q,2,2
-7.588,0.5982,GCCCAAAATGATAACA,P55H T155Q K452G,3,3
-7.589,1.396,ACTATATTCCAACGAC,G349A,1,1
-7.589,1.396,AGAGTGAGACGACAAC,N246D,1,1
-7.589,1.396,CATCACGGTCTAATTA,T30Q D101N L409P Q434C,4,4
-7.589,1.396,GATTAAAGCAGTCCGC,F148A,1,1
-7.589,1.396,GTGCATCAACATAAAG,S270R,1,1
-7.589,1.396,TAATGGAACTGATTTG,S144W L439K,2,3
-7.589,1.396,TCTTAGGTTAATCCTC,L496D,1,1
-7.589,1.396,TTACCTATGTCAGATT,S265K R492K,2,2
-7.59,0.8375,TCTTACTATTAACAAT,C64W D77N G386R,3,3
-7.593,0.4652,CCAATCACTGAACTTG,,0,0
-7.593,0.5982,AGCGATTAGACTATCT,N170A,1,1
-7.593,0.2204,GACAAAGAAGGCAATG,V130K,1,1
-7.594,0.8374,CTCAGCCGGGATAACA,Q164L I339G,2,2
-7.595,1.396,ATATGAAACTTTGACC,Y233D R299E,2,2
-7.595,1.396,ATCCCTAGTAATTAAA,T370L,1,1
-7.595,1.396,CAATTCTACCAGTAAG,V26L K503R,2,2
-7.595,1.396,GTGCTTAGACATTCCC,F294E,1,1
-7.595,1.396,TATCTTTTCTGAACGG,C64T,1,1
-7.595,1.396,TATTGTATACAGCACC,Y233P,1,2
-7.595,1.396,TTCTACCAGGAAAAAA,Y351I,1,1
-7.596,0.3807,AGAGTGTACTTTAAAA,I29E,1,1
-7.597,0.8374,CGAGAGTATGATATCC,V130F,1,1
-7.597,0.8374,TCTACCATATTCAGAA,F120P,1,1
-7.598,0.2204,AGAAATAAGACAACAC,T203R Q434H,2,2
-7.599,0.2204,TTATAATACATAAAAA,Y423C,1,1
-7.6,4.187,AAAAAGAACGCAATAT,A334Q,1,1
-7.6,4.187,AAAATATGAGAGTCAA,T37Y M462D,2,2
-7.6,4.187,AAACAATACCACGACA,G333K D348N,2,3
-7.6,4.187,AAAGCTCTCGGAGAAA,G256N,1,1
-7.6,4.187,AAATCACCAACTAACT,G61L N322K,2,2
-7.6,4.187,AAATCTAGCCCTAGGA,T206Q I481Q,2,2
-7.6,4.187,AAATTGTAGAGCATAA,K380M,1,1
-7.6,4.187,AACAAATACCGTCAAC,Y100N,1,1
-7.6,4.187,AATAAAGATTATTTCA,S107G N322P,2,2
-7.6,4.187,AATCTTCTTAAAACAG,G72P,1,1
-7.6,4.187,AATGCTAAAGAATGAA,G342F,1,1
-7.6,4.187,AATTCATCCTTCGCTC,,0,0
-7.6,1.396,ACAAAACACAAGCTAC,E41K L70D,2,2
-7.6,4.187,ACAATGCGCTCAAAAA,V413G,1,1
-7.6,4.187,ACACAATAACCGCGAC,L86W,1,1
-7.6,4.187,ACAGTAAAACGGTACA,T436R,1,1
-7.6,1.396,ACATGCCTTTTAAACT,W153A,1,1
-7.6,4.187,ACCCTTACTCATGTTA,Y470C,1,1
-7.6,4.187,ACTAAGACAACATAAT,W84L G362R,2,2
-7.6,4.187,ACTTAACCACACCCTT,T416P,1,1
-7.6,4.187,ACTTTTGACCACTAAA,Y412A,1,1
-7.6,4.187,AGACGCAAAGACCAAT,G72M,1,1
-7.6,1.396,AGCCAGTGTCTATCAG,N250V,1,1
-7.6,4.187,AGGCAAACAGAATACA,C466S,1,1
-7.6,4.187,AGTAGGTTCTAAGCGT,P185W D487A,2,2
-7.6,4.187,ATAAGCAATAGAAGCC,G465E,1,1
-7.6,1.396,ATGACCCCTTGCACTT,Q80* S219Y E340W,3,3
-7.6,4.187,ATGTACTAAATGTAAC,Q376P,1,1
-7.6,1.396,ATTTCTTTACATAATA,Y257G,1,1
-7.6,4.187,CAAAACTCCTAAACGC,,0,0
-7.6,4.187,CAAATAGCCCTAACTA,L427Y,1,1
-7.6,4.187,CAGATTACAGAAACAC,Q164W N322K,2,2
-7.6,4.187,CATATTTGCAATAGAG,R321W,1,1
-7.6,4.187,CCAAGAAATCAAATAG,G23K,1,1
-7.6,4.187,CCAGAAACCGTAAAAT,G303P,1,1
-7.6,4.187,CCCTACCTCGCCTATA,P74V G78C,2,2
-7.6,4.187,CCCTCAGAAAATATGC,Q57N S149W R321Q,3,3
-7.6,4.187,CCGTTCCTTGGTACGG,C97W,1,1
-7.6,4.187,CCTCTTGGTACAATGC,K2L K450C,2,2
-7.6,0.3806,CCTTTAACTTACAGTT,A11F,1,1
-7.6,1.396,CGAAAAAACAACCGAT,H471L,1,1
-7.6,4.187,CGTCAAAATAAGAAAA,I502W,1,1
-7.6,4.187,CTAAACTAATTATTAA,N298R,1,1
-7.6,4.187,CTCAACGGTCCCATTG,L316W,1,2
-7.6,4.187,CTTAATAAAAGCCCCG,A253Q,1,1
-7.6,4.187,CTTCGCCTCACACCAA,A93C A459S G465*,3,3
-7.6,4.187,GAAAAATCTATACAGA,G16M Q57H Q191L,3,3
-7.6,4.187,GAGGAGCAGGAATAGT,S209F I339H,2,2
-7.6,4.187,GATAACAACTGTATTT,G218R T451C,2,2
-7.6,1.396,GCACTCAAACCACGAA,S114R D186M,2,2
-7.6,4.187,GCATCCTGCCCTCAGG,T451Q,1,1
-7.6,4.187,GCCCAACGATCAATAA,C473H,1,1
-7.6,1.396,GGAGTAACATGCTATC,G23E,1,1
-7.6,4.187,GGATCATCCTTTGAGA,N322K K411I,2,2
-7.6,4.187,GGATTGTAAAATATCT,E89K,1,1
-7.6,4.187,GTACAAATTGTATTAA,W153H E449K,2,2
-7.6,4.187,GTACAATTTTTTGAGG,C466E,1,1
-7.6,4.187,GTAGAGGTTAATTAAG,H355P,1,1
-7.6,4.187,GTGCTAAGAAAAAACA,I481K,1,1
-7.6,4.187,GTTACACAAATTGCCG,A365R,1,1
-7.6,4.187,GTTTACTAACCCAAGG,S266P D375V,2,2
-7.6,4.187,TAAAGTAAATACGCTC,R141H E443K,2,2
-7.6,4.187,TATATTTAATTGGAAT,V237F,1,1
-7.6,4.187,TCATCCATTAAGATGC,L42P,1,1
-7.6,4.187,TCTAGAATAAATAATA,N433Y,1,1
-7.6,4.187,TCTCCCACACTAAACA,R329E,1,2
-7.6,1.396,TCTTAAACTTACAAAA,V413S,1,1
-7.6,1.396,TGAATTTATCGTGACG,C52M,1,1
-7.6,4.187,TGATCAGTTCAATACT,L244P N246S,2,2
-7.6,4.187,TGATCGCGAAAAAACA,L177E K397T,2,2
-7.6,1.396,TGTTTTAGACCGCCAA,I377G,1,1
-7.6,4.187,TTAACCTTTCAAACAC,N298Q L431P,2,2
-7.6,4.187,TTCATGTATGCGTCGG,M444Q,1,1
-7.6,1.396,TTCCAAAGGCTAACTC,Q1E I282P,2,2
-7.6,4.187,TTCTCAAACACCACTG,V20K R329H,2,2
-7.6,4.187,TTTGCCGCCTCAACAA,T436G,1,1
-7.605,0.5981,ACTGACACGAGCACAT,P185L,1,1
-7.606,1.396,ATGAATATATATACAA,V102G,1,1
-7.606,1.396,CTCCTTACACCAAAAA,S114P R456K,2,2
-7.606,1.396,GCCACATTTCCTATCA,N250L,1,1
-7.606,1.396,TCTTAACTTGACGGGG,G286V,1,1
-7.606,1.396,TTAAATAATGACAAAA,P254G,1,1
-7.607,0.8374,TAAACTAATATTATTT,F258C,1,1
-7.61,0.8374,GCCTGATGTCAACAAT,V237K,1,1
-7.612,1.396,AAGAAAGTACTCTGCC,G345Y D348E,2,2
-7.612,1.396,AGACCGATATAAATTT,L314R,1,1
-7.612,0.4652,AGACTATAATGAGCAA,F332S K472M,2,2
-7.612,1.396,ATATGTCTCGTTATAG,R261* V297T,2,2
-7.612,1.396,ATTGAAATAACGTGAG,C76E K450C,2,2
-7.612,1.396,CTCTAAAATGGCCTGA,H17* S369L,2,2
-7.612,1.396,GCGAGTGTAAAAAAAA,G116R V429H,2,2
-7.612,1.396,TACCGGAGAAAAATAG,Y491D,1,1
-7.612,1.396,TATGGAGACAATACAC,P239W E344* K380E,3,3
-7.612,1.396,TCACTAAAAAACTTAA,H18E,1,1
-7.612,1.396,TGCCTGATTGCTTCAA,D474R,1,1
-7.614,0.8374,AACCCATACGTATCCC,C64G,1,1
-7.614,0.8374,AGACAACGAAGATAAA,S136M,1,1
-7.616,0.3806,AAGGACCCAATTTAAA,F338I,1,1
-7.616,0.1675,TTAATCTTTTAGGAAA,Y308D,1,1
-7.617,4.187,AAAAAAACCACTACAT,W343M,1,1
-7.617,4.187,AAACAACATAAATACA,S193M,1,1
-7.617,4.187,AACACATAAATTCCAG,C97M,1,1
-7.617,4.187,AACCTATGTACACATA,G352S,1,2
-7.617,4.187,AAGGCCGCAATACATA,G330D K397P,2,2
-7.617,1.396,AATACGAAGCCAAACA,S137R P293E,2,3
-7.617,4.187,AATGCCCATGAGTAAA,E484P,1,1
-7.617,4.187,AATTTTCAAAACCTAA,N483C,1,1
-7.617,4.187,ACAACGAACATCCAAA,I67E,1,1
-7.617,4.187,ACACTCAATACTTCGG,S9C C305R,2,2
-7.617,4.187,ACCTTACGGATAGACG,E41K D60N D77N L111Y W234* G275R D375N G386R D415N E432K D438N D441N,12,15
-7.617,0.5981,ACGAGGATCAAAACTG,T187P,1,1
-7.617,4.187,ACTAAACATCCTAATT,G286E,1,1
-7.617,0.8374,AGAACAAGTAAATTCT,F87Y F120H R499T,3,3
-7.617,4.187,AGAGGTATCACACAAC,L42N Q371K E414K,3,3
-7.617,0.3221,AGATATCATTGACCTA,A253I,1,1
-7.617,4.187,AGCGATTGGAGGAACG,E41F,1,1
-7.617,4.187,AGTCTAACATAAATTG,Q371W,1,3
-7.617,4.187,ATAATCATTGATATAT,I267D,1,1
-7.617,0.2463,ATATACCAAAAGTAGT,P221V,1,1
-7.617,0.3221,ATGCTGCTACTGCGAG,Q363K,1,1
-7.617,4.187,ATTAATAAACTCCCGC,E123G G256H,2,2
-7.617,4.187,CAAAGCAAATTTAAAC,I377W,1,1
-7.617,4.187,CAAATACAAGTTACGT,T248K,1,1
-7.617,4.187,CAACAATACGATCCCT,D419I,1,1
-7.617,4.187,CAACGTATCAAATTCT,I335H,1,1
-7.617,4.187,CACCATATCCGACCTC,W84C Q311G,2,2
-7.617,4.187,CAGCAAACATATTGAA,G16H F448D,2,2
-7.617,4.187,CATGATAATTGTTAAA,G61W,1,1
-7.617,4.187,CCTTATAGACGTACGG,C97K,1,1
-7.617,1.396,CCTTCAATAGGTGTTA,T370M,1,1
-7.617,1.396,CGCTGCATTCACTCTC,Q80T G286T,2,2
-7.617,4.187,CGGTCATCGTACTTCC,I202P,1,1
-7.617,4.187,CTAAAAACTTCGTGCC,I179N,1,1
-7.617,4.187,CTCGGCTACCATCTGT,Y302C,1,1
-7.617,4.187,GAAACCACTACGAAAT,A253C,1,1
-7.617,4.187,GAAAGACGTCAAAGTA,Y412I Q501G,2,2
-7.617,4.187,GACTTAGTTACTACAA,I34R C139Y,2,2
-7.617,1.396,GACTTGACTATTGATT,T436M,1,1
-7.617,4.187,GATGCAAAGACCACAT,S270M F467H,2,2
-7.617,1.396,GGAATAATTATACAAA,G349S,1,1
-7.617,4.187,GGACAATATTAACACC,I230Y,1,1
-7.617,0.8374,GGTTCCTCTTACTTTA,I58E,1,1
-7.617,4.187,GTCTGCCGTCACTAGA,W350A,1,1
-7.617,4.187,GTTATGCTAGTCACAC,I437E,1,1
-7.617,4.187,GTTGGTTACTAAACTG,,0,0
-7.617,1.396,GTTTAATAACATGCAT,P324L M346T,2,2
-7.617,4.187,TAAAAAACTCAACATA,L154C D441R,2,4
-7.617,1.396,TAAAATGCCAGTTCGC,P99W R354A F500W,3,3
-7.617,4.187,TAAGAAACTACCGGGC,S228D,1,1
-7.617,4.187,TAATGTAGAAATCGAG,A495N,1,1
-7.617,4.187,TAGAACTTCGAACAGA,N170A,1,1
-7.617,4.187,TAGCAAAGCTCTTACT,I437E,1,1
-7.617,0.4652,TAGGCATGACGATATG,F332Y,1,2
-7.617,4.187,TATAGACATATCAAAT,A253P,1,1
-7.617,4.187,TATATACTCAACTGAA,H488G,1,1
-7.617,4.187,TATTCCTAGTATGAAC,A334P,1,1
-7.617,4.187,TCATCATTGACCTTAT,T10P Q376M F500P,3,4
-7.617,4.187,TCGAGTTCCATTCAAA,N94M P185S,2,2
-7.617,4.187,TCTCCCGGAGTAAACA,P254G,1,1
-7.617,4.187,TGCAATTTAACACAAA,S149P I282N,2,2
-7.617,4.187,TGGGTCCACAGTGGGG,Y308I,1,1
-7.617,4.187,TGGTGTCATCAACGAG,E340F,1,1
-7.617,4.187,TTAAAGCTAGCAGAGA,V102K,1,1
-7.617,4.187,TTATATGCAAAATGTA,E359K,1,1
-7.617,4.187,TTGTTCCAAATAAACC,Q434P,1,1
-7.617,4.187,TTTACGACCCTTGTCC,R33N N464P,2,2
-7.617,4.187,TTTTAGATAGATCGAC,R220P,1,1
-7.619,0.4652,CGCAGTTATACGAATA,I202P,1,1
-7.62,0.2204,TGTACATAATCTTCTA,A113D,1,1
-7.623,1.396,AACACCAGACGACACT,C305R R361K,2,2
-7.623,1.396,ATAAAAGGTAGATTTA,Y98D,1,1
-7.623,1.396,ATGTAGAAGTATGGTA,F87W T370Q,2,2
-7.623,1.396,ATTTTGTCAGCAATCA,N433Y,1,1
-7.623,1.396,GTGATCTTTGTGTAAC,A425H,1,1
-7.623,1.396,TAAAATATACAAACAC,G319R,1,1
-7.623,1.396,TAGAATCTAGAAGAAT,L431G,1,1
-7.623,1.396,TGAACGGCCATCAAAC,I34F Q191D,2,2
-7.624,0.8373,AGCTATTGGAATTACG,M444S,1,1
-7.624,0.8373,CCAAGTAAATTTTTTC,A495Y,1,1
-7.624,0.4652,AATTACCAACATATTC,P4G N8K H393I,3,3
-7.627,0.8373,ACTCCTAATTCTTAAG,I58N L420S,2,2
-7.627,0.8373,CAATGTGAAACTATAT,A253H,1,1
-7.627,0.8373,CGCAACACTCTGTAAA,S205K,1,1
-7.628,1.396,AATGCACACTAATTAT,P21Y Q371D,2,2
-7.628,1.396,ACCTGCAATCCAGCAA,L314E,1,1
-7.628,1.396,AGCGGTCGAACTAGGG,C14G S144R,2,2
-7.628,1.396,AGGTCCACTACATTAA,T248D,1,1
-7.628,0.4652,AGTGTAAATACAACAA,T416R,1,1
-7.628,1.396,ATGAGTGAATCATCAG,A495D,1,1
-7.628,1.396,ATTATCGAGCCGGCGC,R499H,1,1
-7.628,1.396,ATTTGGTTTTATCAAC,R492L,1,1
-7.628,1.396,CGAGCCCGACCTACAG,I67H L118P K453P,3,3
-7.628,0.2791,GTCGGCGTTAAAATGT,F148I,1,1
-7.628,1.396,TCAATTACATTGATCA,E460K,1,1
-7.628,1.396,TCGTCTTCGATCCACC,E340K,1,1
-7.628,1.396,TGAACCGTTGACTAGT,P324T,1,1
-7.628,1.396,TTGGCGTATCCTGATA,N298L,1,1
-7.628,1.396,TTGTACTTCCATAAAA,P221V,1,1
-7.63,0.8373,AACGATGAACCCGACT,A317T,1,1
-7.631,0.3806,AATTGTTTACATACTA,M268S,1,1
-7.634,4.187,AAATAGGAGCGAAGAC,N433M,1,1
-7.634,4.187,AAATGATACAAATGGA,P293E,1,1
-7.634,4.187,AACATATCTAATTCCT,G116T,1,1
-7.634,4.187,AACCAAGGAATGGATC,W84E G303W,2,2
-7.634,1.396,AACGCCAGAATAAACA,A364Q,1,1
-7.634,4.187,AACGTATCAGTGCATT,F500A,1,1
-7.634,4.187,AAGATTTTTATCTTAG,G360D,1,1
-7.634,4.187,AATAAGGAGCATGAAT,V204N N498T,2,2
-7.634,4.187,AATAAGTAACGATCAC,F195C,1,2
-7.634,4.187,AATAAGTTTGACTGTA,E123K A430V,2,2
-7.634,4.187,AATGAAAGAAAGCACT,Q295D T370H,2,2
-7.634,4.187,AATGAATTTAATAGAT,C52D,1,1
-7.634,0.8373,AATTTAACCAGGTGGC,L447C,1,1
-7.634,4.187,ACAAAATAAATAACAC,D68C,1,1
-7.634,4.187,ACACAAATATCCACGA,P254H L420S,2,2
-7.634,4.187,ACACGTATGTGTGAAC,D419P,1,2
-7.634,4.187,ACCCCTGCTTGAGCCT,I374P,1,1
-7.634,4.187,ACCTTTCAAATCAGAA,N424R,1,1
-7.634,1.396,ACTAGACGACCTATTA,N322S E426D,2,2
-7.634,4.187,AGAACTACAAGATAAG,I226N,1,1
-7.634,4.187,AGAATTCTTCACTTAT,Q75R L316R,2,2
-7.634,4.187,AGAGTTATATGGCGAA,Y178V N424Y,2,2
-7.634,1.396,ATAGCAACAAATATAT,G256V A476V,2,2
-7.634,4.187,ATATGATTCAATTCAC,P284T V297E,2,2
-7.634,4.187,ATCATAGTCGTCCCAA,G16V D461N,2,2
-7.634,4.187,ATCCAAAAAATGAATA,Y98R V406C,2,2
-7.634,4.187,ATCTGATAAAAAAGTC,S115I M268A,2,2
-7.634,4.187,ATTGCAATACAATAAC,V43F,1,1
-7.634,4.187,ATTGCTACGAATCACA,V309H,1,1
-7.634,4.187,CAAAGGAACTATTCTA,S124N L177P R261H,3,4
-7.634,4.187,CAAGTGTCTGAATTAT,V36E,1,1
-7.634,4.187,CAATTAAAACTTCTAG,C97A F338K,2,2
-7.634,4.187,CACCAAATAATCCGGT,N190C,1,1
-7.634,4.187,CATATCGAATCAAACA,R150I Y470E,2,2
-7.634,4.187,CCCTTCCATACCGGGG,P306L,1,2
-7.634,4.187,CCGCTTACCTACCTTA,C76Y,1,1
-7.634,1.396,CTATACAAATCTTATT,T248Q,1,1
-7.634,1.396,CTATAGCGGGACCAGT,E89F F294K,2,2
-7.634,4.187,CTATTTAAGTAATCTC,L66N I242R,2,2
-7.634,4.187,CTCCACCATATAAAAT,N250W,1,1
-7.634,1.396,CTTTCACCAATTTGCC,D68Y,1,1
-7.634,0.8373,GAAAAAACAGTAGATT,V182I R499H,2,2
-7.634,4.187,GAAAGGACAAGCATAC,V429D E443K,2,2
-7.634,4.187,GAACTTGAAACAATTC,G362H,1,2
-7.634,4.187,GAAGAAAACAGGCCTC,L151A,1,1
-7.634,4.187,GAATACGTAACATACA,T388Y E398*,2,2
-7.634,4.187,GAATACGTCACACATG,V237M G463A,2,2
-7.634,1.396,GACACGAGGGACATAA,V413Q,1,1
-7.634,4.187,GACTTTCGCATCTCCC,S219K W234*,2,2
-7.634,4.187,GATAATAGTCTTACAA,I469Y,1,1
-7.634,4.187,GCAAATTGTCCACCCA,,0,0
-7.634,4.187,GGAGATACAAACTGAG,F448G,1,1
-7.634,4.187,GGAGTTAACAAACTCT,G342C,1,1
-7.634,1.396,GTACGTAGCGTAAATA,A69Q H183D,2,2
-7.634,4.187,GTGCCTAATAAAACAA,I339N,1,1
-7.634,4.187,GTTAATATTCTCCCTA,W343*,1,1
-7.634,4.187,TAAACGCAGTAAACCA,C305A,1,1
-7.634,4.187,TAAATCAACAGTCTAA,T206M A334P,2,2
-7.634,4.187,TAACAATATAAAGTTA,V223P,1,1
-7.634,4.187,TAACATTTACTATTAG,H18Y K450D,2,2
-7.634,4.187,TAATTAACTGGCAATA,K50E R492N,2,2
-7.634,1.396,TACCAATCCAGAAAAT,G61D,1,2
-7.634,4.187,TATGACGCAAAATAAT,A253M D487G,2,2
-7.634,4.187,TCAAAAGGCCAGTATT,K380W K468E,2,2
-7.634,4.187,TCACCCCATTAGAGCC,M346E A430H,2,2
-7.634,4.187,TCGGGTCAATCACAAA,C277S W350R F392S N475A,4,4
-7.634,4.187,TCTTATAGCCATTGTG,I288S,1,1
-7.634,4.187,TGAGAACATCAGCACG,T248V,1,1
-7.634,4.187,TGTCTATACAAGGTGT,Y257M,1,1
-7.634,4.187,TTACAAACTAGTGAAA,G330Q,1,1
-7.634,4.187,TTATATACAGCTACAT,E89R,1,1
-7.634,4.187,TTTTATGAACTGCGAT,S247P G362D H471R,3,3
-7.638,0.5981,ACCCGTGAGACAACTA,D68N S146E,2,2
-7.639,1.395,AAATACACTGCTATTA,A39C I282T S312F,3,4
-7.639,1.395,AATAAAAAACTATCAA,R90P,1,1
-7.639,1.395,ATAAACGGATCACTGA,Q211P,1,1
-7.639,1.395,CTACTCGAATCAACTC,D104P,1,1
-7.639,1.395,GGTCTTAGTGTTGCAA,S209F A272V G345H,3,3
-7.639,1.395,GGTTAATAACACATAC,L439N,1,1
-7.639,1.395,TACAGTATTGCTATGT,T28S A163T L177T P293V M320I,5,5
-7.64,0.8373,TCAGAACTAAAACTAA,D474I,1,1
-7.64,0.8373,TCTCCCGTTGCTCTCT,S228D,1,1
-7.641,0.2791,TAGAGATCGATATTCT,G349A,1,1
-7.643,0.4652,AATGAATAACACTACA,N81M D438C,2,2
-7.644,0.8373,GACCAGATCTTTTTAA,S136P,1,1
-7.644,0.2791,GCGTAATATTCTACAT,N357F,1,1
-7.644,0.1994,ATAAACACAGACCACA,H183E,1,1
-7.644,0.08544,TCAAGCGAGCCAAAGG,N246M,1,1
-7.645,1.395,AAGATTTAGTTATAAT,R255P,1,1
-7.645,1.395,ATGATATAATTGTATA,S287K,1,1
-7.645,1.395,CTAGAATTATTATCCT,L439E,1,1
-7.645,1.395,GCGGCAGCCCAAACGT,A364P,1,1
-7.645,1.395,GGTAGCGAAAATGCTT,G404K I437F,2,2
-7.645,1.395,GTACACATTAGCTTAG,S422V,1,1
-7.645,0.4652,TAAGACGTTGATGGAT,G362L,1,1
-7.645,1.395,TAATTTATTTGAAAAT,K380R,1,1
-7.645,1.395,TCTGTCGTCTAATCAA,V182A S287E E494P,3,3
-7.645,1.395,TGCCCTTTCATTGACA,I252H,1,1
-7.648,0.4651,CTATCGAAAAGAGTTC,S262Y R354G,2,2
-7.65,4.186,AAACTTGTAATCCTGG,K176C,1,1
-7.65,1.395,AACTAAACGACTCTGC,F174C E390K C473Y,3,4
-7.65,4.186,AACTACATAGACATTA,F353K,1,1
-7.65,4.186,AACTCGTCTTAAAGTT,I288R,1,1
-7.65,4.186,AAGAACAACAAATCAA,Y486H,1,2
-7.65,4.186,AAGGAAAAAAGAACCG,T128H Y257D,2,2
-7.65,4.186,AAGTGCTTCTTAGTAC,I437G,1,1
-7.65,4.186,AATATTTCACGCCTAA,T436E,1,1
-7.65,4.186,AATCATTATAGGGTTC,R109P,1,1
-7.65,4.186,AATGAAAGAGAGCATA,D474Y,1,1
-7.65,4.186,ACACAATATTTTAACC,G345I,1,1
-7.65,4.186,ACCCCGTTCGTAAACA,H183Y,1,1
-7.65,1.395,ACTATTAAGTCACATG,I335E,1,1
-7.65,4.186,ACTATTACTGTAATAC,R499N,1,1
-7.65,4.186,ACTGACTTGCCGAGAA,G256D Q407E,2,3
-7.65,4.186,AGAAAATGCCTTCTAA,S422I,1,1
-7.65,0.322,AGAAATAAATCATAGT,F195L,1,1
-7.65,4.186,AGAATAAGTTATAGAA,E410M,1,1
-7.65,4.186,AGACGAAGATACACTT,F258D D461W,2,2
-7.65,4.186,AGTATGGATACATTGA,G249D E410N,2,2
-7.65,4.186,AGTGAGTGGCGAGGGA,I58W G342V,2,2
-7.65,4.186,AGTTCCTAAGCCCCCT,H183G,1,1
-7.65,4.186,ATAATCACATTTATTA,N357K,1,2
-7.65,4.186,ATCACATGTATAAAGT,H355P,1,1
-7.65,4.186,ATCACCAGAAAACCTG,Y412G,1,1
-7.65,4.186,ATCACTATACTATCCA,S287F,1,1
-7.65,4.186,ATCATTAGGAATCGAC,D104R S422N,2,2
-7.65,4.186,ATCTTTACCAGATACC,F258G,1,1
-7.65,4.186,ATGATGTCTCAAGCGC,,0,0
-7.65,4.186,ATTAAGCTTATACTGC,Y486V,1,1
-7.65,4.186,ATTGATAATATAATAC,A253V,1,1
-7.65,4.186,CAAAAAAAACTTTAGT,L42Y,1,1
-7.65,4.186,CAACATAGGATGACTC,I226N T283H,2,2
-7.65,4.186,CACAAACACTGTTGAA,L151K,1,1
-7.65,4.186,CAGCGCCCAGATAACG,G330S,1,1
-7.65,4.186,CCCAACAAGCTATTCG,C305K,1,1
-7.65,4.186,CCTACTAGGCACATGA,A253N,1,1
-7.65,4.186,CGGAGAATAAGTATAA,S136E,1,1
-7.65,4.186,CGGGACCGCAAGACAA,T206M E494H,2,2
-7.65,4.186,CTAAACTGGCGAAACC,,0,0
-7.65,4.186,CTAGACCTGGATAATC,L314W,1,1
-7.65,4.186,CTCGACCGAATCCTAT,I339Y,1,1
-7.65,4.186,CTTCATAGATAACTAC,I29P Y308C,2,2
-7.65,4.186,GAAACATTTCAAATTA,I245H,1,1
-7.65,4.186,GACAAATCCGCACAAA,C76F G465V,2,2
-7.65,1.395,GATCGTAGAAGGAATA,L42R,1,1
-7.65,4.186,GATGGCAACAAGAATT,N152R Y412F,2,2
-7.65,4.186,GATTCGTACAAATCAA,A365R,1,1
-7.65,4.186,GCAAAATAAACACAGC,Q44P,1,1
-7.65,4.186,GCAAAGATGAAAATGG,L316F Y351*,2,2
-7.65,4.186,GCCAATAAGCTAGAGC,V88H,1,1
-7.65,4.186,GTAAACTTTCAAGACA,C64N,1,1
-7.65,4.186,GTTTTTCAATCGCAAA,L431P,1,1
-7.65,4.186,TAATATAAATCACGCA,A69E,1,1
-7.65,4.186,TACAATAAATAAAATA,R255G H471F,2,2
-7.65,1.395,TACATGATCAATGACA,T451W,1,1
-7.65,4.186,TACGAAATATCAAACC,G349V,1,1
-7.65,1.395,TATACAATACATTTCG,I502H,1,1
-7.65,4.186,TATAGAGTACACGTCA,E89H S270N,2,3
-7.65,4.186,TATATCAAACTCTCAA,G333S L367D,2,2
-7.65,1.395,TATCCTCTTGTCCACC,S312R C477T,2,2
-7.65,4.186,TATTAGCCAAACATCC,I179C,1,1
-7.65,4.186,TCAAATATTTCGTTAC,P254H,1,1
-7.65,4.186,TCGAAGCTGTTAGAGA,V130P,1,1
-7.65,4.186,TCGGTACCCCAAGGAT,S136Q G352D,2,2
-7.65,4.186,TGAAATCGGTAGCAAA,Q434N,1,1
-7.65,4.186,TGGAGGTGTTTCAAAT,E340I,1,1
-7.65,4.186,TTACAAATTAATTATA,G337A,1,1
-7.65,4.186,TTACAGATCAAGAGAA,S156W M268R,2,3
-7.65,4.186,TTGAGTTCGTTGACAT,G352S,1,1
-7.65,4.186,TTGTTTATTAGATAAG,C64I,1,1
-7.65,1.395,TTTCCTCACTCCTCTA,K278C G349E K472V,3,4
-7.65,4.186,TTTCTAAGCGTATACT,G286R,1,1
-7.65,4.186,TTTGCGAGCAAATCGT,I58H,1,1
-7.65,0.2791,TTTTCTTTTCCCGATG,F195L,1,1
-7.652,0.4651,CCCGCAACAAACATAT,T436N,1,1
-7.653,0.8372,CGAGAAGGTTTTCAGG,G333W,1,1
-7.653,0.8372,CTCCTTTGGTCCAAAT,H17I V323W,2,2
-7.655,1.395,ATTAGTCTCATAATAT,N31D I335D,2,2
-7.655,1.395,ATTGACAAAAAGGTAA,F338N,1,1
-7.655,1.395,CACCAATCTTGACTCT,G181P,1,1
-7.655,1.395,GTATAGGGCACAGTTC,L42R,1,1
-7.655,1.395,TTATTTTTAGATCAAA,D419R,1,1
-7.657,0.8372,ATATACCATATAAAAT,I48W N246T,2,2
-7.657,0.8372,GAGCCAGAATAAGGTA,A163T Q295V,2,2
-7.657,0.8372,TAATAAAAAAAAATAA,G349S,1,1
-7.659,0.2791,TAAGACTGACATTAAG,V237W,1,1
-7.661,1.395,AAGATAAATGCTCGAG,G116W S219Y,2,2
-7.661,1.395,AGCCTCTAATAATTCA,T248M,1,1
-7.661,1.395,CCTAGCCATTTTTAGC,G256E,1,1
-7.661,1.395,CGTCAATTTTGTACCC,D366L,1,1
-7.661,1.395,CTATTCCTCATGTGAC,L13R I469M,2,2
-7.661,1.395,CTTACTAATCCACAAC,W234Q,1,1
-7.661,1.395,CTTCCCGAATTCCACA,A19I P273S,2,2
-7.661,1.395,GAAGTCGAAAATAGCA,M346N K450S,2,2
-7.661,1.395,GACGTTTTGATAACAA,V20D G463A,2,2
-7.661,1.395,GATAAGCGACTCCATA,I288W,1,1
-7.661,1.395,TCAGTATACGTATATG,F147N M346K,2,2
-7.661,1.395,TCGAAGCAATTTATTT,I282G,1,1
-7.662,0.598,AAAATCAAGGGCCATC,W350I,1,1
-7.662,0.598,AAATGATATTAACAAA,H184Q Y486S,2,2
-7.662,0.3806,AAAAGTCTGTCTCGTC,S136C,1,1
-7.663,0.4651,AAATTCAATATGCTTG,F332W,1,1
-7.663,0.8372,CATAGCATACAATATG,I374D,1,1
-7.664,0.598,GTAGTTAGAAACAACT,P74S S198N,2,2
-7.666,4.186,AAAATCAAATAGGTTA,N190R,1,2
-7.666,4.186,AAACTTGTGTACATAC,K452P,1,1
-7.666,4.186,AAAGGAAAAAATAATC,G249D S480K,2,2
-7.666,4.186,AAAGGCAGTCACAGAA,H355Q,1,1
-7.666,4.186,AAATGGTTAATATTTT,,0,0
-7.666,4.186,AAATTAAAGATATACT,I179Y,1,1
-7.666,4.186,AACGATAATTTGCCTA,S115P,1,1
-7.666,4.186,AACTAAATTCTAACAA,A39W Q57* G379D,3,3
-7.666,4.186,AAGTAGTCTTGACCTA,F448G,1,1
-7.666,1.395,AATATTCAGCTGAGTA,C97N,1,1
-7.666,4.186,AATCACCACACAGCCC,D101N E123K K278C N382P M444I,5,5
-7.666,4.186,AATTCTGATATGCATT,L316R S369L A495P,3,3
-7.666,4.186,AATTGCATATAACTAA,E426* L427W,2,2
-7.666,4.186,AATTTCAGATTGTAAT,G23T,1,2
-7.666,4.186,ACAAAAATGCAAACAT,S107F Y470N,2,2
-7.666,4.186,ACAACAAGATAACATT,G319C,1,1
-7.666,4.186,ACCGTTAACTCAAGAC,Q57H K176C,2,2
-7.666,4.186,ACGCTTTGACAAATAA,L177A S262M,2,2
-7.666,4.186,AGAACAACACACATGT,V413D,1,1
-7.666,4.186,AGAGCGTTATGATATG,F353M T485K,2,2
-7.666,4.186,ATAACAACAAAAATAA,T301A T440Y,2,2
-7.666,4.186,ATAATGAAATCGCCCA,E340Q,1,1
-7.666,4.186,ATGATGACACAACAAG,S231R A364D,2,2
-7.666,4.186,ATGGCCAGCCATCCGA,L71H,1,1
-7.666,4.186,ATTATCAAACCTGGCA,Y178G,1,1
-7.666,4.186,ATTATTCAATTACAAT,D60S W234C,2,2
-7.666,4.186,CAAAACGGAAAATAAC,P74R R229L,2,2
-7.666,4.186,CAAACCATACAATTAC,G360R,1,1
-7.666,1.395,CACAGTATTCACGCGG,W153E,1,1
-7.666,4.186,CAGCTATCGTAACAAA,S95P C477Y,2,2
-7.666,4.186,CCAGACACCATCCTGG,R224I N445K,2,2
-7.666,4.186,CCAGGAATTAAATGAA,C64G D487H,2,3
-7.666,4.186,CCGTCACCCTGCCCAA,E123V,1,1
-7.666,4.186,CCTTATAGTAAAAGGA,G330S,1,1
-7.666,4.186,CGAATTCCAACCTAAA,P306T,1,1
-7.666,1.395,CGACGAAACTCCCACC,F258R,1,1
-7.666,4.186,CTAAGAGTATTGGTAA,L496C,1,2
-7.666,4.186,CTCATCAATTTGAAAC,L409S M444I,2,3
-7.666,4.186,CTCTCAATAGCTAAAA,E89A,1,1
-7.666,4.186,GAAAACATACCGACAT,N250K,1,1
-7.666,4.186,GAAGCCGGTCATAAAC,R222D Y351I,2,2
-7.666,4.186,GACATCAACCATATAA,G23R,1,1
-7.666,4.186,GATACGATCCATGACC,I481H,1,1
-7.666,4.186,GATATAAGGGCGGTTT,E89P,1,2
-7.666,4.186,GCAGACACAACATTGT,F174M G249Q,2,2
-7.666,0.8372,GCCCGCATTGAAACTG,V88M S143C T440P,3,3
-7.666,4.186,GGCAAAATCAGCGACC,S46T S266K L381S,3,3
-7.666,4.186,GGGCACATTAACCATT,L66S,1,1
-7.666,4.186,GTATAACTAGACATCG,S137A W350P,2,2
-7.666,4.186,GTCTTACGAGAACATA,I58E,1,1
-7.666,4.186,TAAACACCGCCCTGAC,A19*,1,1
-7.666,4.186,TAAATTATTAAACTAA,L409S,1,1
-7.666,4.186,TAAGACGCAATAACAC,I67P,1,1
-7.666,4.186,TACACATGCTTCAACC,F148N,1,1
-7.666,4.186,TACATAATAAGATATT,G330R,1,1
-7.666,4.186,TACTGGGAATGCATAC,W343V,1,1
-7.666,4.186,TATAAAGCTCTAAGAT,G134Y,1,1
-7.666,4.186,TATACGAACAAACGTT,Y178S Q371*,2,3
-7.666,4.186,TATGTCCAACTAACAT,E340Y E390K E410K G465E K468W,5,10
-7.666,4.186,TCAAGGTTAACCTCGT,K310D K452I,2,2
-7.666,4.186,TCACGCTCGTCCCTCC,F87E R90K R456F,3,3
-7.666,4.186,TCACGGGCGTTGCTGC,V112M V309E,2,2
-7.666,4.186,TCGACAATGTAAAAAT,G349A,1,1
-7.666,1.395,TCTCAAATACAACCTT,L86Y,1,1
-7.666,4.186,TGACTCGAAAACAACC,F120I,1,1
-7.666,4.186,TGCAGAATATCAGTAA,A253F,1,1
-7.666,4.186,TGCTTATTATTCACTC,Q295C,1,1
-7.666,1.395,TGTAACTAACATTACC,I437E,1,1
-7.666,4.186,TTCCCCCCGTAAACCA,G181V,1,1
-7.669,0.598,AAAACTTAGTGACCTA,Y257V,1,1
-7.669,0.3805,TTATAAAAAACACACA,Q295L,1,1
-7.67,0.8372,CAATCGATAAACATAA,Y98R,1,1
-7.67,0.8372,CTGTTAACAAAAAAAG,V112W,1,1
-7.671,0.3805,GCCCACTTCACTTCGC,R220F M346I,2,3
-7.671,0.598,TATATCAATAACATAA,I481G,1,1
-7.671,0.598,TATCTTTGACTAAAAA,P55C L431R,2,2
-7.671,0.1268,ACAACTAAAAATTGGC,P254K,1,2
-7.672,1.395,AATCACGTATTTACAT,Y486W,1,1
-7.672,1.395,AATCCATATTGGAATA,V182R,1,1
-7.672,1.395,AATTAAAATCATAAGC,P306W,1,1
-7.672,1.395,GCAGAATGAGAAAGCT,C52E,1,1
-7.672,1.395,TCCCAATAAGCTAACT,W343Q,1,1
-7.672,1.395,TCCTTCATGGCAGGAA,L409K,1,1
-7.672,1.395,TGCATAGTTAGCAGTA,I226E,1,1
-7.672,1.395,TTAATCATACACCTCT,A11S D348S,2,2
-7.672,0.2791,TTCAATTCCATTCTCA,E340L,1,1
-7.673,0.8372,ACGCATCTGAAAACAT,I29Y H488P,2,2
-7.673,0.8372,TCCGTAATTACATAAT,L108R,1,1
-7.675,0.598,ATGGACCTCTTGAGTC,N246F,1,1
-7.676,0.8372,ATCTAATAAATATGTA,F294G,1,1
-7.676,0.8372,CGATAATTTGATTGAG,H17N Y302F,2,2
-7.676,0.8372,TAACAACTAAGAAATA,L13M V413W,2,2
-7.677,1.395,AATACCTAAAATATTT,W234* N298E,2,2
-7.677,1.395,AATATAAATTATTACT,S287H,1,1
-7.677,1.395,ACGTAAATTTCTTAAT,L428M L496P,2,2
-7.677,1.395,ATCGCCAAAAGAAAAC,N152Y,1,1
-7.677,1.395,GCAGACTAAATAAGCA,L71P N322W,2,2
-7.677,0.322,AAAAAAAACTACTTCA,R150P D441W,2,2
-7.678,0.598,CTTAATACTTCAATTG,I226T,1,1
-7.679,0.8372,CCAAAATAACACTTCA,Y308T,1,2
-7.682,4.186,AAAACCAACTGATGAC,K121G G465R,2,3
-7.682,4.186,AAACAACCGAAAACAT,N489P,1,1
-7.682,4.186,AAACCCATGACAAAAT,C76V Q210*,2,2
-7.682,4.186,AAAGGAGCCATTCGGA,C97* R150G,2,2
-7.682,4.186,AACGCCGGCCAGCCCA,L314S,1,1
-7.682,4.186,AAGAAGACTGACTTAC,D415N H435V,2,4
-7.682,4.186,AAGCGTCAGGAGCATC,G352D,1,1
-7.682,1.395,AATCCTAGCCAGTATT,D366M,1,1
-7.682,4.186,AATCTAGACAAAACAT,W350P,1,1
-7.682,4.186,AATTGGATAAAAAATG,D68V,1,2
-7.682,0.8371,ACAAGATCCAGTAAGT,D32Q L431D,2,2
-7.682,4.186,ACAATAGTTGCGTAGC,E41G,1,1
-7.682,4.186,ACACAGAGAATAGTGG,L13H,1,1
-7.682,4.186,ACACATTAATTCAGAT,D241E F332H,2,2
-7.682,1.395,ACATTAACTAGTCAAA,M268R T313D D487A,3,3
-7.682,4.186,ACCCGCAAAATGTACT,K176T,1,1
-7.682,4.186,ACCTAACATTCTAATC,I232E,1,1
-7.682,4.186,ACCTATGAAGCTGGCT,A69E,1,2
-7.682,4.186,ACTACTTTACCACCAT,L194R,1,1
-7.682,4.186,ACTCAAAAAACCATCA,E123I,1,1
-7.682,4.186,AGAGAGTAAATGGGCA,Y491E,1,1
-7.682,4.186,ATAAATTACATAGAGA,N433R,1,1
-7.682,4.186,ATATACTCAAAATAAA,S136Y,1,1
-7.682,1.395,ATTTAAGAAAATAAAT,K450P,1,2
-7.682,4.186,CAAAGCTGAATATCAA,C305Y L431R,2,2
-7.682,4.186,CAAGACACCCTCTCTG,K292G Y486C,2,2
-7.682,4.186,CACGTCGGAAAGTTAC,C76E,1,1
-7.682,4.186,CATGCAATCTAAAGTA,V43Q,1,1
-7.682,4.186,CCAAGGAATGGATTTC,N246S S279W,2,3
-7.682,4.186,CCTACTCAAATCAGGA,N357V,1,1
-7.682,4.186,CTAAATCTAACTTTAT,I288G,1,1
-7.682,4.186,CTAACCTATAAAATCA,G49D I230H,2,2
-7.682,1.395,CTATAGTAAAGTAACC,F332N,1,1
-7.682,4.186,CTCAGAATAAACATTC,,0,0
-7.682,4.186,CTCAGTTCACAAATCA,E426R,1,1
-7.682,4.186,CTGCAATACTAAAGCT,E119P,1,1
-7.682,1.395,CTTAGATACTAGAATC,N250W,1,1
-7.682,4.186,GACAGCCCGATGAAAA,D32T E172K G349E,3,3
-7.682,4.186,GACGCTAGATTACGTA,N246Q,1,1
-7.682,4.186,GAGCCCGCATTCACAA,I282G,1,1
-7.682,4.186,GATAGAAGCCTTAAGA,T451N,1,1
-7.682,4.186,GCATCAATTAATACAC,A138E,1,2
-7.682,1.395,GCCACAAACTAAACGT,I339Y,1,1
-7.682,4.186,GCTACCACAAATTCAA,F120V T440A,2,2
-7.682,4.186,GGAAAGTCCTAGGCTG,F79P H183D H435Y,3,3
-7.682,4.186,GGCCAACCCTAAAACA,L15T V429D,2,2
-7.682,4.186,GGTAAAACCTTCCCAA,D188G A495I,2,2
-7.682,4.186,GGTAGTAATCGAACTA,V309N,1,1
-7.682,4.186,GTCTAACGCCTGAAAA,I232L L314R,2,2
-7.682,4.186,GTGTCGGCTCCCACGA,F353G,1,1
-7.682,4.186,GTTTCCCAAACAGCAC,W343Q,1,1
-7.682,4.186,TACTCAGCACGACAAC,M346G,1,3
-7.682,4.186,TAGAGCCCATAAATTT,F500R,1,1
-7.682,4.186,TATAGACTGTATCTAG,K140D Y302H,2,2
-7.682,4.186,TATCATCCTCTCGTTC,G286D,1,2
-7.682,4.186,TATGTCAAGTATTCAA,Y351I,1,1
-7.682,4.186,TCAAAAATCCGCGATC,W180V,1,1
-7.682,4.186,TCGAATATCGCCAATA,G129V K450D,2,3
-7.682,4.186,TCGTTAAAAACTGGAA,R90E,1,1
-7.682,4.186,TCTAACAGACAGAACA,L316K,1,1
-7.682,4.186,TCTCCCGTGTCTGGAC,H56E P284I N389L,3,3
-7.682,0.8371,TGACTATAAGTTAAAG,S156Y R299L,2,2
-7.682,1.395,TGGAATCAAACTTATG,P293S Q394S E398W V402L,4,4
-7.682,4.186,TGGACAATTTACATTA,I58H,1,1
-7.682,1.395,TGGACGATATTACCCA,C97P T370Q,2,2
-7.682,4.186,TTACTCTCCCTGAAGT,N190S C477A,2,2
-7.682,4.186,TTGTGATAATTTCGAA,F353L,1,1
-7.682,4.186,TTTCCAAAAACAAGGA,R261Q P284H P293T,3,3
-7.682,0.2462,TTTCCGTTAACTCATC,D241N D474T,2,2
-7.684,0.3805,CACCACACACTATTCA,I288W,1,1
-7.685,0.8371,ATAGCTTTTCCTATAA,I245R,1,1
-7.686,0.4651,CCTGAGTGTTCTGTCC,E41G,1,1
-7.688,1.395,ACATCTAGAGTCCCCA,C139M,1,2
-7.688,1.395,ACGATTTAAGAAATAA,K238N A334T,2,2
-7.688,1.395,CAATAAGACCCTATTT,F148V K264Q,2,2
-7.688,1.395,GTAGCCGTTTATAAGG,E280V N433C,2,2
-7.688,1.395,TATAACCTAGCATTCC,I3L G463C,2,2
-7.688,1.395,TATACGTCAGGACCAC,I51C I300G,2,2
-7.689,0.8371,AATAACATACTTGTAC,G181Y,1,1
-7.689,0.8371,ACACGGATCAACTTAA,T318I N433V,2,2
-7.69,0.279,TAAAAAGGCATCTACA,S198C L367P,2,2
-7.692,0.8371,AGAATTTCGCAGATAA,N152P,1,1
-7.692,0.8371,GTTGTCCATATGCGAA,I202K E410Y,2,2
-7.693,0.4651,AAAACATAAGAATGAC,G16V V413E,2,2
-7.693,1.395,AAGATATGCCACCCAA,G23N K468L,2,2
-7.693,1.395,ACAAAACCATTTACTA,H183N,1,1
-7.693,1.395,ATGCCCCTCGATAACG,N458T,1,1
-7.693,1.395,CAAAATAACAAAGTTT,R329Y,1,1
-7.693,1.395,CATGGAAATAAAGTTA,G303V,1,2
-7.693,1.395,GAAATATATAACTAAA,E340D,1,1
-7.693,1.395,GACGCTTTAAAAAGAA,L42W,1,1
-7.693,1.395,TACAAACTAACCAAAG,I67C,1,1
-7.693,1.395,TATAACTGGTCAAAAG,K276D G337D,2,2
-7.696,0.4651,AACTAAATACATCTAT,G129C E432W N433T,3,3
-7.698,4.185,AAACAACAACCAATAA,N458D,1,1
-7.698,4.185,AAACCGCAACAAAAAA,D188F Q407*,2,2
-7.698,4.185,AAAGCGAAGAATATCA,N6Q H435T,2,2
-7.698,4.185,AAATTGATGAAGAAAA,N165A E426V,2,2
-7.698,4.185,AACTAAAACACAGAAA,S91Y L316A,2,2
-7.698,4.185,AACTAATATATAAAAG,F294G,1,1
-7.698,4.185,AAGTAATCATTCGCGA,I29E F148S,2,2
-7.698,4.185,AATACAGTCCTTCCGA,S265D,1,1
-7.698,4.185,ACAATGGCAAGTGCAA,D438Y S442I,2,2
-7.698,4.185,ACATATACGAAGACAT,D60K,1,1
-7.698,4.185,ACCCGAACCGACTAGC,S270D,1,2
-7.698,4.185,ACCTTCATAAAAAACT,F147I P169C,2,2
-7.698,4.185,ACTTGATGGCTCAACA,G5K,1,1
-7.698,4.185,AGCGAAACAAATGGTC,K259V,1,1
-7.698,4.185,AGGCTATACGAACACA,W343D,1,1
-7.698,1.395,AGTAAAAAGATATTAT,V130F,1,1
-7.698,4.185,ATAAAACAACGCACGT,I48Q Q295R,2,2
-7.698,4.185,ATAAGACGCAAATTCC,Q44K Y308R,2,2
-7.698,4.185,ATACAGATGGTACAAA,L243G,1,1
-7.698,4.185,ATCAAGATTGCATAAC,E41K G286W,2,2
-7.698,4.185,ATCCGACCAGCTGAAG,L15E I335W,2,2
-7.698,4.185,ATGCAAGAGAATGTTT,C97A,1,1
-7.698,4.185,CAATATACATCTCATT,F258D,1,1
-7.698,4.185,CACCCCACCAATTGAC,G333C,1,1
-7.698,4.185,CACCTCCTAGAATTAC,K176D G200V,2,2
-7.698,0.8371,CACTTTACATATCGAA,F467C,1,1
-7.698,4.185,CATGCTGCCTACAAAT,Q173V F294V,2,2
-7.698,4.185,CCAATTGTCTAAACAG,D60Y V102A E280K,3,4
-7.698,4.185,CCGCCAAGGAGCCGTC,Y351R,1,1
-7.698,4.185,CTAACAGAATAGGGCA,Y178V,1,3
-7.698,4.185,CTAACTCCGCATTAGT,F467H,1,2
-7.698,4.185,CTAATAATAGCTGCAA,N190P,1,1
-7.698,4.185,CTACTGTGCTAACCAT,N8K K50C S422F,3,3
-7.698,4.185,CTATTCACATTCCCAA,T187I L194Q I335F V406N,4,4
-7.698,4.185,CTCATACCATCAAATC,G319L,1,2
-7.698,4.185,CTTAATCCCTTCTTGA,,0,0
-7.698,4.185,CTTTTACGTATTCTAA,A336Y,1,1
-7.698,4.185,GCATTACCATTAACCT,W421Q,1,1
-7.698,4.185,GCCTGTATTTGTTATC,S136N G263P,2,2
-7.698,4.185,GGACCCATTTAGAAAC,R201N G286H,2,2
-7.698,4.185,GGGATTCAGTTACAAT,I335Y,1,1
-7.698,4.185,GTAAACAAAAGCCCAA,A317S E410K,2,2
-7.698,4.185,GTACCCACTTCTTTGT,Y423D,1,1
-7.698,4.185,TAAGATCTATTTTATT,C14F,1,1
-7.698,4.185,TATATTAGGTTGTACA,A11I N483Q,2,2
-7.698,4.185,TATCCACCAATTCAAA,L13H Y233L,2,2
-7.698,4.185,TCAACACATACGTATG,C52G,1,1
-7.698,4.185,TCACTAAATCCACTGT,V112W,1,1
-7.698,4.185,TCCAAATGTACCGTAA,G362P,1,1
-7.698,4.185,TCGTTATGGCCTGATA,G129P,1,1
-7.698,4.185,TCTAGACGAACTTGCC,G181V,1,1
-7.698,4.185,TGCTAGGCCTTATAGC,I51G S422N,2,2
-7.698,4.185,TTACCAATATCGGACA,S9M F353R,2,2
-7.698,4.185,TTCTTTCCAAACAAAA,N296L,1,1
-7.7,0.4651,CGACTACTACGTTTAC,Y98Q,1,1
-7.7,0.5979,ATAAATAGTGTGAAGC,G49C C52F,2,2
-7.702,0.2462,TTTAGAAGTTGAAAAT,E89D,1,1
-7.703,0.5979,AACAGCGGCGATCCAA,R329K L367P,2,2
-7.703,1.395,AATTAAAAGTTACAAC,L420D,1,1
-7.703,1.395,AATTAGATGCGGCTTA,L431R,1,1
-7.703,1.395,AGAGTTTATTAATTTC,P74E,1,1
-7.703,1.395,CATAACAAATGAGTAG,R492N,1,1
-7.703,1.395,GAGTTACGATATTGCA,N290Y V309M E432V,3,3
-7.703,1.395,GTTGGCGTAATAATAC,I245G,1,1
-7.703,1.395,TAAAGAATGCTTGAAA,L243G,1,2
-7.703,1.395,TCGATATCAACCGATA,G16W,1,1
-7.703,1.395,TGGATGCAATACCTAT,D85K C139H,2,2
-7.703,1.395,TTATCTATGGGTTAAT,G142E C281Y,2,2
-7.704,0.8371,ACCATACCAAGATCTA,A364R,1,1
-7.704,0.8371,TCCAGTTAGCGATATA,T301H E359K,2,2
-7.704,0.8371,TCCCCTCAATATAAAG,L177P C277G,2,2
-7.705,0.5979,ACTTTTAGTGAAAAAT,E123D,1,1
-7.708,0.8371,ATCACCGACAGTAAAA,I274G,1,1
-7.709,1.395,AATTACCGTTGTAAAA,C64M C97A,2,2
-7.709,1.395,ATTGCTCCGATACTAT,N31L D241Y,2,2
-7.709,1.395,CTTTACACAATTACAA,L316K,1,2
-7.709,1.395,GTAAAATTCGAGAATA,S247R,1,1
-7.709,0.5979,CCAGATAACAACTAAC,C76I V182H,2,2
-7.709,0.5979,TTATATTACAGTATTG,D487G,1,1
-7.71,0.182,CGGTTGGACTAGTAGC,F120M,1,1
-7.711,0.8371,AGTATTAAAGTTATGA,P239W,1,1
-7.711,0.8371,GCCTGGTCATAAAAAC,G116Q F148L,2,2
-7.711,0.3805,TGCTAACACTAAGGCA,W153A,1,1
-7.713,0.3219,GCAAAGAAGTTTCAAA,A11W S110D,2,2
-7.714,4.185,AAAAAAATACTAGTTT,I58N,1,1
-7.714,4.185,AAATAAAACAAGGGCA,G5E G116R,2,2
-7.714,0.465,AACAAACTTGCCCATT,I202W,1,1
-7.714,4.185,AACTAATCGAATACAG,E83N W180*,2,2
-7.714,4.185,AACTATAAATTGATAT,L194R,1,1
-7.714,4.185,AATTTAAAACGCTACA,C64R,1,1
-7.714,1.395,ACATCACCTGTTTGTA,D366L L428P,2,2
-7.714,4.185,ACATTAACCGCATACG,G249M,1,1
-7.714,4.185,ACATTGCAATAACAGT,T155H L496C,2,2
-7.714,4.185,ACCCACAAATACAATC,H18P,1,1
-7.714,4.185,AGCCAATGCATGAACC,L108S N290E,2,2
-7.714,4.185,AGTTTAAAGCATAACA,Q197M M268I E396K,3,5
-7.714,4.185,ATAAGCCCCCGTATGA,I51T H184I,2,2
-7.714,4.185,ATCAAAAGCATGAATC,C64N,1,1
-7.714,4.185,ATCAACCATGTGCGAA,F332A,1,2
-7.714,1.395,ATGAAGAAAAATTAAA,D438P,1,1
-7.714,4.185,ATGGAAATGAGTTGGA,V237F,1,1
-7.714,1.395,ATGGTGGTAAAAACTC,C305M G386R,2,2
-7.714,4.185,ATTAATTGAACAAAAG,G61Q,1,1
-7.714,4.185,ATTTGGACATAGACTT,L108M Y412L,2,2
-7.714,4.185,CAAAATAAATATGTAC,S146P,1,1
-7.714,4.185,CAACATCTTTTAAACT,I51G C466M,2,2
-7.714,4.185,CAACGACGGCAATTTT,S47D Y412D,2,2
-7.714,4.185,CAAGAGCTCTTTGAAA,H183R,1,1
-7.714,4.185,CAAGTACTTCTTATTC,E340T,1,1
-7.714,4.185,CAATAGTAGTAGAAAT,L13P W153C,2,2
-7.714,4.185,CACAAACAGTAACCAT,L243S,1,1
-7.714,4.185,CAGTAATCCCTAGGTA,S265Q D408N E457K,3,4
-7.714,4.185,CAGTTATACCACTTTT,I51Q L157H,2,2
-7.714,4.185,CATACTGACCAACTTA,V88K,1,1
-7.714,4.185,CATATTGAAAAAACCT,C52A L496V,2,2
-7.714,4.185,CATTATTTTTAAAAAA,A19E N126D,2,2
-7.714,1.395,CATTCATAATGACATT,F87A,1,1
-7.714,4.185,CCCCTGCTTACTCATT,R492P,1,1
-7.714,4.185,CCCGGTGGTATTAAGG,N322V,1,1
-7.714,4.185,CCGCACAATGTCTTCA,F332Q,1,1
-7.714,4.185,CGAAAGAAGAAATGGA,G342W,1,2
-7.714,4.185,CGAACTAATACTAAAT,K450P,1,1
-7.714,4.185,CGAAGAGATTAATCAG,G134Q,1,1
-7.714,4.185,CTCTTATAAACTATGT,L420W E457K,2,2
-7.714,4.185,CTGATCATACCCCACT,I335S,1,1
-7.714,4.185,CTGTATGTATCGATTT,L447A,1,1
-7.714,4.185,GAACTCAAAAGTTCAA,M168I L316K,2,2
-7.714,4.185,GAAGCAGGAGTATATC,A253K,1,1
-7.714,4.185,GAATCTATCTCAACAT,N322T N498A,2,2
-7.714,4.185,GCCACTAATGGGTCCC,C97R,1,1
-7.714,4.185,GCGGGACATTCCGTTA,L151Q,1,1
-7.714,4.185,GCGTGAAACAATACTA,K380R D487T,2,2
-7.714,4.185,GTAAACAAAATGTCAG,G134R W421*,2,2
-7.714,4.185,GTAACGTCTCTACTTC,K176V,1,1
-7.714,1.395,TAAAATAAGATAGACC,N357E,1,1
-7.714,4.185,TAAACATAAAAATCTT,I502F,1,1
-7.714,4.185,TAAGTACTGCCGATCA,W343P,1,1
-7.714,4.185,TAGTACCTCCTGTAAA,,0,0
-7.714,4.185,TATAAATTCCTTACCT,W180A,1,2
-7.714,4.185,TCCAGCCAATTTTCAA,I58H N483R,2,2
-7.714,4.185,TCCGTTAATTCACGAT,L118P Q132H G342I,3,3
-7.714,4.185,TCGGAAACTCTAGGAG,M320T K326N,2,2
-7.714,4.185,TCTAATATATACATGA,V237D,1,2
-7.714,4.185,TGAATTACCATATTAG,A430N,1,1
-7.714,0.837,TGTATTCCCGTGAGCA,L66N,1,1
-7.714,4.185,TTAAATGGATAAAAAC,S144G F338V,2,2
-7.714,1.395,TTAACATAAAAGACTT,N45Q L243D,2,2
-7.714,4.185,TTGTAATGAATATGTT,G61H F332Q,2,2
-7.714,4.185,TTTAAAAAAGACTACA,R90P,1,1
-7.714,4.185,TTTCCGTATCCAATAA,W127R I236T,2,2
-7.714,4.185,TTTCGTATAGTAACTG,P306E E410M,2,2
-7.717,0.837,AAGATCGCTCGCTTTA,H435P,1,1
-7.717,0.837,AATATACAATAGAACA,D366R,1,2
-7.719,1.395,AAAATCGACCACTAAC,F195R,1,1
-7.719,1.395,AACGCAAAAACAACAA,D241P,1,1
-7.719,1.395,AAGGCACATCAACCCA,N433V,1,1
-7.719,1.395,CACAAATAAAGCCTCC,D474K,1,1
-7.719,1.395,CCTATGATACCATAAA,I502T,1,1
-7.719,1.395,CTATGCTTATGAACAC,P185T W343H,2,2
-7.719,1.395,TCACTGAACTGGTATG,G303V,1,1
-7.72,0.837,ATTTGTAAACTCGCCA,W350L,1,1
-7.72,0.837,CACAACAAGTCTGAAC,N53D G504C,2,2
-7.723,0.837,AATGAATAAGGTATCT,T248A,1,1
-7.723,0.837,TTAAACAACTTAACAT,F79C F120L S422Q,3,3
-7.724,1.395,AATGTAAAATTAAGAA,G319F,1,1
-7.724,1.395,ACACAGATTGTTATTC,W343* N464R,2,2
-7.724,1.395,ACACTCAGACGGAAAT,V102Q,1,1
-7.724,1.395,CAACATGTTACACAGA,F338H,1,1
-7.724,1.395,CATGTTCAAAACAGTA,P99E V102L,2,2
-7.724,1.395,CTGAACAACGCTGCCA,N357R,1,1
-7.724,1.395,GGAATTTAACAAGCGC,D419F,1,1
-7.725,0.5979,CAAATTATATTTTGGA,G116R F448W,2,2
-7.725,0.5979,CCCATGTTATACAGAA,Q1D N464C,2,2
-7.726,0.837,TTCGTCCTTGCAAAAA,Q75M L367P,2,2
-7.727,0.5979,CACAATCATGATAAAA,I481S,1,1
-7.728,0.465,ACTTTAAAGTTAATTC,I202D,1,1
-7.729,4.185,AAAGAACTTATTACTT,L194A,1,1
-7.729,4.185,AAATAATCATCCAACT,L15W,1,1
-7.729,4.185,AACCTCCTCCGGAAAA,C76Y,1,1
-7.729,4.185,AACTAATGAGACAAAC,I58Y,1,1
-7.729,4.185,AACTAGATCCCAACTC,N170S Q311N,2,2
-7.729,4.185,AACTCCGCGAAAAAGC,G181T,1,1
-7.729,4.185,AACTCTGGTATAATAT,G116E Q311F,2,3
-7.729,0.5979,AAGGGGAATGCGCCAA,P74T S209A,2,2
-7.729,1.395,AATAACACATTGCGTT,W180S,1,1
-7.729,0.837,AATAGAAACCATGGAA,V20P A317R,2,2
-7.729,4.185,AATCTCACAATTATCA,W84* G386E T436D,3,4
-7.729,4.185,AATTTATTAATCCTTA,A430P,1,1
-7.729,4.185,ACAATGATCCACTCAG,W350L F399S,2,2
-7.729,0.3805,ACACTTTCACTCTTGT,I245E,1,1
-7.729,4.185,ACCGGACTGAAATAAA,F294S,1,1
-7.729,4.185,ACCTAGAAGTGGAATA,W180K D291N,2,2
-7.729,4.185,AGTAACAGTCGCATAT,S422W,1,2
-7.729,4.185,AGTCCTATTTAATGTT,L177C V297G A364V T388* F399S,5,5
-7.729,4.185,AGTGACAGACAATTGG,F353K G504V,2,2
-7.729,4.185,AGTTAAAAATGTAAAA,Q454P,1,1
-7.729,4.185,ATAAATCGTGCTCATC,G319V,1,1
-7.729,4.185,ATAACGCGTAAACACC,L154K,1,1
-7.729,4.185,ATACACCGATATGAAA,G286Q,1,1
-7.729,4.185,ATAGTTTAACTTAAGA,C97A,1,1
-7.729,4.185,ATGTAAGATCCATAGA,S96N Y308N E410K,3,3
-7.729,4.185,ATTATTTTACACTAAC,V88H,1,1
-7.729,4.185,ATTGTAAGTTAATTGA,S136N G349W,2,2
-7.729,4.185,CAACTAAGAAGAAAAA,Y491M,1,2
-7.729,4.185,CACACCAGACTTCAAC,E460T,1,1
-7.729,4.185,CACTTATTGCTATAGG,I202E,1,1
-7.729,1.395,CAGAATCAAGGTCAAA,N250L,1,1
-7.729,4.185,CAGTACCCGCTACCAC,N322F I502N,2,2
-7.729,4.185,CATCCTACTGGGGCTC,L243D,1,1
-7.729,4.185,CATTACAGAAGACGTC,F294G,1,1
-7.729,4.185,CCATGGACTAACTGTT,L177E G386F,2,2
-7.729,0.837,CCGCATAAATAATCTA,N170D,1,1
-7.729,4.185,CGAAAAACCTCCACAA,I282E,1,1
-7.729,4.185,CTCATAACGTGCAGTC,P306I,1,2
-7.729,4.185,CTCATAATTCTTAAAA,A365N,1,1
-7.729,4.185,CTGACGCGTTGACCCA,G16K,1,1
-7.729,4.185,GAAAAAGTTACAGGAC,P293E,1,1
-7.729,4.185,GACCGCTTACAGAACA,C97F,1,1
-7.729,0.837,GAGCCAACTCAGTTTT,L177K E396R,2,2
-7.729,4.185,GCCAAACACATGCTAT,E89K,1,1
-7.729,4.185,GCCACTCCAACAACCA,H18N S262L E398K,3,3
-7.729,1.395,GCCCACTAGAAGACAA,I339K,1,1
-7.729,4.185,GGTTCCAGATTTGCCA,R492W,1,1
-7.729,4.185,GTACAAACATAAGATC,C139W,1,1
-7.729,4.185,GTATCATACAATAAAT,S228H Y486*,2,2
-7.729,4.185,GTATGAGCTGATGACC,H18V K468E N483D D487N,4,4
-7.729,4.185,GTCACCCGCAAAGACC,S228M,1,1
-7.729,1.395,GTCATACATTACACAA,T37R,1,1
-7.729,4.185,GTTAAATTGAAGCGTA,L409K,1,1
-7.729,4.185,TAACACACTCCGAAGA,C466N,1,1
-7.729,1.395,TAATTGACGTTATTCA,G49F G319C,2,2
-7.729,4.185,TACTTTTATGGTCTTC,L316N,1,1
-7.729,4.185,TATCAAAAAACTAATA,S265I,1,1
-7.729,1.395,TATTAGTTAATGTTCA,C64G,1,1
-7.729,4.185,TCAACCATTATACTAG,M346H,1,1
-7.729,4.185,TCAGATTATAAGCTGA,G256Q Y412C,2,2
-7.729,4.185,TCTTTCCCAACATATT,I230D,1,1
-7.729,4.185,TGAAATAAATAAACTC,D366V,1,1
-7.729,4.185,TGCCCAATGTAGGCTG,D474V,1,1
-7.729,4.185,TGCTTCCCCGTAATAA,G349C,1,1
-7.729,4.185,TGGATAATCAAAAATT,I179H A317L,2,2
-7.729,4.185,TGGCAACAATGATGCG,C305F,1,1
-7.729,4.185,TGGTACATTTATATCA,T318D,1,1
-7.729,4.185,TTAACTTATAAAATGG,W180D,1,1
-7.729,4.185,TTAGTATGTATCTCAT,H18K P185H,2,2
-7.729,4.185,TTATTCACACGCCTGA,C14F,1,1
-7.729,4.185,TTCACATTATTCACTA,I437F,1,1
-7.729,4.185,TTTAACTAAAGATAAC,D73Q,1,1
-7.732,0.837,CCATTCATGACTAAAA,A19L G303M,2,2
-7.733,0.3219,ACGTAACTTTAAGATT,P239W A304W,2,2
-7.734,1.395,AGTTATTGCTTTATCA,R208W A364E,2,2
-7.734,1.395,CCGCAAATCTCGAATA,Y302G,1,1
-7.734,1.395,GAATCTTTCACAAATG,F332W,1,1
-7.734,1.395,GACTTTATGTCCATAC,N433Q,1,1
-7.734,1.395,TAATTATACCAAGAAA,S115P N389D,2,2
-7.734,1.395,TACAAATTAAAAGCGT,R229P,1,1
-7.734,1.395,TAGTTTTCAGGTAAAT,T206Y L243K,2,2
-7.734,1.395,TCAAAGAAATACGAAC,A336T,1,1
-7.734,1.395,TCACACCCATTCCTCT,T155M,1,1
-7.736,0.3804,CACCAATTAAAAAGTA,A495G,1,1
-7.738,0.3219,AAAATCGTACGACGAC,M268P,1,1
-7.738,0.5978,CACACATATTGCTCAC,K2D F79E I377D,3,3
-7.739,0.837,ATAATCAAGCATTACT,D68F S265I,2,2
-7.739,0.837,TACTAAAGTCTCAGAT,T37N G465R,2,2
-7.74,1.395,AAATTATCATCTCCTT,D419W,1,1
-7.74,1.395,AATGCGATTAATTCAA,D188E E432P,2,2
-7.74,1.395,CAGGGACTACAAATAC,K176E E457Y,2,2
-7.74,0.465,GTTCGAGCCACACGAA,L455H,1,1
-7.74,1.395,TAAATAAAACTTAACA,E172Q Y486P,2,2
-7.745,4.185,AAAATATGTGTTGAAA,G330Y,1,1
-7.745,4.185,AAAATTAAACTTTCCG,G72L E484M,2,2
-7.745,4.185,AAACCCACACAATATA,G49S L455V,2,2
-7.745,4.185,AAAGGCATGACTTCAA,F353I,1,1
-7.745,4.185,AACAAGATGTTTCCTT,I226T A336D D375N,3,3
-7.745,4.185,AACAGTAGGACAGATA,E89W N464F,2,2
-7.745,4.185,AACGAGCGAAACCCTA,G181Q,1,1
-7.745,4.185,AACTTTCGTAAAAGTA,L177C H355Q,2,2
-7.745,4.185,AAGAGTCATGCAAACA,I335S,1,1
-7.745,4.185,AATGACTGCGATAATA,R208D W421*,2,2
-7.745,4.185,AATTTGACAACGATAT,V237Y,1,1
-7.745,4.185,ACAACTTGGTTAATTT,Y233P,1,1
-7.745,4.185,ACACGAATAAGTTCAA,P74M,1,1
-7.745,4.185,ACAGGAACTGGGAATC,T370Y,1,1
-7.745,4.185,ACCAAAAAGCATAATT,L86A,1,1
-7.745,4.185,ACCATATATAATCGTC,V297G R405Q,2,2
-7.745,4.185,ACGTGACAATAATGTA,A163S I300P L409M,3,3
-7.745,4.185,AGACACTGACGTCGTT,L314G,1,1
-7.745,4.185,AGACCCAAAATCGATA,D415P,1,1
-7.745,4.185,AGAGAATTGAGGTCCT,A336V,1,1
-7.745,4.185,AGATAAGCAGGAGGGA,D366V,1,1
-7.745,4.185,AGGTTTAAATTACATA,A336S Q434*,2,2
-7.745,4.185,ATAAGTAAACATATCA,W153A,1,1
-7.745,4.185,ATATAATATCCTCACC,Q407P,1,1
-7.745,4.185,ATATGATTATAACTAA,I51Q A212V E398K,3,3
-7.745,4.185,ATGGAATGAGCCCATC,D7* D348N E432S,3,3
-7.745,4.185,ATTAAAGTACCTACCA,L70G Q407E,2,2
-7.745,4.185,ATTAATGACGCAAAAC,M268A,1,1
-7.745,4.185,ATTCAAAATTAGATAC,I226W N424W,2,2
-7.745,4.185,ATTTGGAAAATTTGGA,V36E D188Y,2,2
-7.745,4.185,CAAGTAGCCAACGTTT,C97T A163V,2,2
-7.745,4.185,CACCGGAGCATAGCTA,S124N L439P,2,2
-7.745,4.185,CAGTAACATAACCGAT,V309E E398K,2,2
-7.745,4.185,CATAAAAGCCGATGAA,V112R M444I,2,2
-7.745,4.185,CATAAAATCATCAAAG,K380R,1,1
-7.745,4.185,CCATACATGCGCCTGG,S95C L409A,2,2
-7.745,4.185,CCCAAATGATCATTCA,T37S,1,1
-7.745,4.185,CCTCGTTATATTCAAA,T370H,1,1
-7.745,4.185,CCTCTATTGAATAACC,K176F L431P,2,2
-7.745,4.185,CGAAGAAGCTCAAGCA,K121H K368H G463C,3,3
-7.745,4.185,CGCTCATGGACTGAAA,F338D,1,1
-7.745,4.185,CTACTGCAATATACTA,E41* K278G,2,2
-7.745,4.185,CTAGCCAGCCCCAGTA,W343V,1,1
-7.745,4.185,CTATGTACTACAACCT,I67P,1,1
-7.745,4.185,CTCCTTCTAGCGCAGT,A336R,1,1
-7.745,4.185,CTCTTATACCAACTTA,P254G,1,1
-7.745,4.185,CTGTTACAATCGTATA,D241W,1,1
-7.745,4.185,GCTCCCTGATAAACCT,C52T G218S D348M,3,3
-7.745,4.185,GGACTCATCCCACACT,T248D,1,1
-7.745,4.185,GTCCTCCAGCAAGAGC,A495T,1,1
-7.745,4.185,GTTCGAACCGTCGCTA,C277I P284V,2,2
-7.745,4.185,TAATTACTACTTACAA,I51E E426D,2,2
-7.745,4.185,TACAATTTTCGCACAA,I29D P221T S312R,3,3
-7.745,4.185,TACTAAACATAGATCC,A317T,1,1
-7.745,4.185,TACTAAGAACATTTGG,W234P,1,1
-7.745,4.185,TAGAATAAAATCAACA,S107R N357Y,2,2
-7.745,4.185,TATACTTATATATATG,W180V N341D,2,2
-7.745,4.185,TATTATTTAATTTGAC,,0,0
-7.745,4.185,TGAATCTAATAAATGA,D68H,1,1
-7.745,4.185,TTAAAGCTATACCTGT,R261I P284G,2,2
-7.745,4.185,TTAAATCAGCACGAGT,N38H M320A,2,2
-7.745,4.185,TTCTATTCTTAAATAA,I418P,1,1
-7.745,4.185,TTGAACAAAAACAAAA,R329P,1,1
-7.745,4.185,TTGCTGACCATAGACA,R92V W127R Q501A,3,3
-7.745,4.185,TTTAAAAGATAATACA,G16A S209M,2,2
-7.745,4.185,TTTATTTTCATAATCT,D73G Q75H V429L,3,4
-7.745,1.395,ATTGATCCACCAAAAG,D7I I252R,2,2
-7.745,0.837,CCTGTTGACGAACAAA,D487G,1,1
-7.745,1.395,CCTTACTAGTAACAAC,P254Y,1,1
-7.745,1.395,CGTTTTATCTGCGTGA,L71K,1,1
-7.745,1.395,GAACAAGTTTTCTCGC,V413Q,1,1
-7.745,0.837,GCGACAATGTCCTATC,C305F S480W,2,2
-7.745,0.837,TACTGAACAAGACAAT,F467N Q501R,2,2
-7.745,1.395,TCAAAAAAGTATAATG,Y486I,1,1
-7.745,1.395,TCTTATGAATTGTATC,I245E,1,1
-7.747,0.5978,ATGGCCCCAAATGGTG,N81R Y470D,2,2
-7.748,0.8369,ATTTTAAAATTTTTCA,F448N,1,1
-7.748,0.8369,GCAGAACTGTTACAAA,N464P,1,1
-7.75,1.395,AAAGGATGCGATTGGC,L118C D348H,2,2
-7.75,1.395,ACTTCCGTAAATTGTT,F120T N285P,2,2
-7.75,1.395,ACTTTGCCAACTTCTG,S193V,1,1
-7.75,1.395,AGTGATACAATACACA,F467S,1,1
-7.75,1.395,ATGCGATATAAAAAAA,G61M,1,1
-7.75,1.395,CCGTCAAGATATTTCC,A93T H355P,2,2
-7.754,0.8369,ATACGAGAAAGGAACT,L15K,1,1
-7.754,0.8369,CCGACTACAATCATTT,I469G,1,1
-7.755,1.395,ACTAATGACCTAAGGA,W153L,1,1
-7.755,0.465,ATGTGTACGCGACATG,V204D,1,1
-7.755,1.395,CAATATCAGAAGTTTG,L66H V490Q,2,2
-7.755,1.395,GAAAACTTTTGTTATT,I245H,1,1
-7.755,0.465,GACAGCTACCTATGAA,F120L,1,1
-7.755,1.395,GACAGTACGGGAAATT,S46K T167A G386E E414G,4,5
-7.756,0.1993,GCCTTAATAGACTATC,G386C E396K,2,2
-7.757,0.465,CCGACCATGAAAACCT,A495M,1,1
-7.76,4.185,AAAGAAAAATCATCAT,Q356N,1,1
-7.76,4.185,AAAGGGGAACCAGGCA,T318K L439Q,2,2
-7.76,4.185,AAATGAATAAGAATGC,K176D,1,1
-7.76,4.185,AACTGTCTTTCAAACT,I202E,1,1
-7.76,0.3219,AAGACGCTCTACTTAA,G181S T248S,2,2
-7.76,0.4649,AAGACTGTTGAGCGTA,L86G,1,1
-7.76,4.185,AAGTGGAGGAATTACC,M462W,1,1
-7.76,4.185,ACATACGACTTGCCCT,G116E P324I,2,2
-7.76,4.185,ACCTACTCTTATGAGT,A317L,1,1
-7.76,1.395,ACCTCTAGATCGGACT,P221V,1,1
-7.76,4.185,ACTATGTCAATAATCT,W350N,1,2
-7.76,4.185,ACTCCGTTCACCTAAT,A334E,1,1
-7.76,1.395,AGAATACTATGTACAT,I502R,1,2
-7.76,4.185,AGGACCGTGAACGACG,F125D,1,2
-7.76,4.185,AGTGTTAGGAAAAAGA,L86P,1,1
-7.76,4.185,ATAATCAAACCAACAT,A11S N322W,2,2
-7.76,4.185,CAAATATGTAACAATT,L316Q,1,1
-7.76,4.185,CACCCTTATCCATAAA,G345P,1,1
-7.76,4.185,CACTACCTTAATTAAC,G116R K207D,2,2
-7.76,4.185,CAGTCCAACCCCGTAT,F87P L177P,2,2
-7.76,4.185,CATCACATGCCAAACC,S54D A317D A373S I502D,4,4
-7.76,4.185,CATGATTACATGTAAT,K391*,1,1
-7.76,4.185,CCCTTAGCTAACAGCT,D441F,1,1
-7.76,4.185,CCGATCCTACAGAAAG,S136I,1,1
-7.76,4.185,CCGATGAAAGCAAAAA,N170F,1,1
-7.76,4.185,CGAAATGTATGTACCT,E359T,1,1
-7.76,4.185,CGTAACACAAACTGAT,A364W,1,1
-7.76,4.185,CGTATGCTGCGAACTG,V309P,1,1
-7.76,1.395,CTACTTCTATACTCAA,F87K N298S,2,2
-7.76,4.185,CTAGAGTAAACTACCA,T416P,1,2
-7.76,4.185,CTGTTTAAAGACAAAG,G72V,1,1
-7.76,4.185,GACCATATATAACACA,M320S A365T,2,2
-7.76,4.185,GAGAATCGTAAACCGA,D419L,1,1
-7.76,4.185,GATTACCCCTGAAGAA,G116F S358V,2,2
-7.76,4.185,GGTTAATATGTGTTGA,F467C,1,1
-7.76,4.185,GTAAGATACATTGATG,N152S S279N,2,2
-7.76,4.185,GTAAGTATCGATTATA,T451K,1,1
-7.76,4.185,GTCGAATTAGTATGAA,L66N E449G,2,2
-7.76,1.395,GTCTTTTACACTACTT,N322L,1,1
-7.76,4.185,TAACCCAAAAATAGTA,S143A L439D,2,2
-7.76,4.185,TAAGAACAAGCATCAC,N298R,1,1
-7.76,4.185,TAATTCCAAGACTAAA,P254H,1,1
-7.76,4.185,TAATTCCACTAAAGTC,S96L G116R,2,2
-7.76,4.185,TACCCCGAACGCATCT,Q80R A364E,2,2
-7.76,4.185,TATCCAGGCACCGTAG,A212V E340C,2,2
-7.76,4.185,TCCAATAATATCAAAA,V26L C277D P284F N389V,4,4
-7.76,4.185,TCCAATGCACCTAGCG,A425V,1,1
-7.76,4.185,TCCTCATATCCATCTA,Y412V,1,1
-7.76,4.185,TGTATAACAAAAAAAT,G349A,1,1
-7.76,4.185,TTAATCCATCATCGAT,A459N,1,1
-7.76,4.185,TTAATTGGTGCAAGAA,V43E,1,1
-7.76,0.8369,TTATTTCCACCTATCA,Y302T,1,1
-7.76,4.185,TTGAGGATGTCATAAA,N22S K292E N458W,3,3
-7.76,4.185,TTTAGTGGTTCAAATA,I34Y,1,1
-7.76,4.185,TTTTAACATTTTATTG,S270E,1,2
-7.76,4.185,TTTTACCAGACTTTAA,I481G,1,1
-7.76,4.185,TTTTTCCCCTGTTTAC,V36A,1,1
-7.765,1.395,AAAATATTTCCCAAGA,C64A,1,1
-7.765,1.395,ACGGTCTCTACCTCAC,V88A S312K,2,2
-7.765,1.395,AGTCCAAACCCAGGTG,Y178K,1,1
-7.765,1.395,ATAAATTCACCTAGAT,Q44Y S54I H355G,3,3
-7.765,1.395,ATCATATGGCGTTATT,I339T L428G,2,2
-7.765,1.395,ATCTTCAATAAGACAT,S287M Q295H,2,2
-7.765,1.395,CATGTTCATTTGAACC,G256Y,1,1
-7.765,1.395,CTAACCATGGTGTACA,G116R,1,1
-7.765,1.395,TAAATGCTGCAACGAT,H471N,1,1
-7.765,1.395,TACCAACTAAATCGAG,R499K,1,1
-7.765,1.395,TCAATTATAATCACAC,F500S,1,1
-7.765,1.395,TGATTTTTCCATGGAG,L66Y,1,1
-7.765,1.395,TTAACATTTCATGGGA,D68Y,1,1
-7.765,1.395,TTTACAATACTTGATA,N170A E443N,2,2
-7.766,0.8369,AGATGAATGAAGCCGT,I502G,1,1
-7.766,0.8369,ATTAGAAAATACACTA,G249I,1,1
-7.767,0.3804,ATACATACAAGCCCGA,Y470A,1,1
-7.769,0.8369,TGACCATCACATAAGA,N38K D77E C97R,3,3
-7.769,0.8369,TTGCTCAAACAGTGGT,T203V,1,1
-7.77,1.395,AATTTTACATCCCACA,H471N,1,1
-7.77,1.395,ACAAAACTGCATCACT,G78P A336T,2,2
-7.77,1.395,ATGACATATCCACCTG,C466L,1,1
-7.77,1.395,CATTATTATGCCACAT,F467P,1,2
-7.77,1.395,TCCCTAATAACATAAC,W421P,1,1
-7.77,1.395,TCTCCGTCGTTAAACC,G72W F87L,2,2
-7.771,0.5978,AGACACAAGAGCAGCC,T370Q E414K,2,2
-7.771,0.279,CGCACAACACGTAATA,A19I,1,1
-7.772,0.4649,ATAGTAGAACGCTTGA,P185Q,1,1
-7.772,0.279,ATGGCATAGATCCCAC,T155I E414K K417C,3,3
-7.772,0.8369,CAAGTTACACATCTCA,D186T,1,1
-7.772,0.8369,CCACTTAGTAATTAAC,L316C,1,1
-7.773,0.1993,AAAACTCACACTTACC,Y257I E457K,2,2
-7.773,0.5978,ATATAAGTTAAATTGA,E410P,1,1
-7.773,0.5978,CACCCAAATAAGGCGA,P103G G352D,2,2
-7.775,0.8369,TTCGTAAATTTCATAT,L420Y,1,1
-7.775,4.184,AAAAAGCTACCATTCA,Q363K,1,1
-7.775,4.184,AAAACCAGGAACACAA,G181T F500Q,2,2
-7.775,4.184,AAACAAATTGCCAAAA,N458T,1,2
-7.775,4.184,AAATTAAAACAAGAGG,C64E,1,1
-7.775,4.184,AACCACAGTCGCCCTA,G345Q,1,1
-7.775,4.184,AACCGACCGTCCCCTA,K259R G463D,2,2
-7.775,4.184,AACCTCCTCCATCTAG,H355R,1,1
-7.775,4.184,AAGAAACTAAGTACAT,F294K,1,1
-7.775,4.184,AAGCAGTCGTATTGTC,R321K L384S E398*,3,3
-7.775,4.184,AAGTGCTAATTGATGA,A373E,1,2
-7.775,4.184,AATCAACCTCAGTCAG,R492K,1,2
-7.775,4.184,ACAAACAATCACGCAT,Q1E D366M,2,2
-7.775,1.395,ACAACAGATCACATCA,C305W T440K,2,2
-7.775,4.184,ACAAGCCTACCATTCC,W180N,1,1
-7.775,4.184,ACAATGATATCGATAC,A113E E172K R482C,3,3
-7.775,4.184,ACATCTTGTACAAACC,C97W,1,1
-7.775,4.184,ACTTACTTATAACCCT,D85V Y178C,2,2
-7.775,1.395,ACTTATTGATCCTCAA,C139P,1,1
-7.775,4.184,AGATGGTTACAATTCG,V36L,1,1
-7.775,4.184,AGCATTTAAATCAACA,T248F,1,1
-7.775,4.184,AGGCCTATCATGACTT,I502K,1,1
-7.775,4.184,AGTAGCTTAATGTGTA,C281D R321K L384G,3,4
-7.775,4.184,ATAATAAATCCTTCAC,E401K I502T,2,3
-7.775,4.184,ATATTACGTCGCAATT,G337Q,1,1
-7.775,4.184,ATCAAAATGAAGTCCT,T248C,1,2
-7.775,4.184,ATGCTCTTCATTATAG,I339W,1,1
-7.775,1.395,ATTGCACTTTCGCATT,Y491Q R499I,2,2
-7.775,4.184,CAAGAGCAGCGACTAA,A336T,1,3
-7.775,4.184,CAAGTAAGGTTACCAC,,0,0
-7.775,1.395,CAATTACTCTAACCCC,L427K,1,1
-7.775,4.184,CAATTATGGCAAAAAA,H17V E359R,2,2
-7.775,4.184,CACTGAACACGAATAA,P221W W343*,2,2
-7.775,4.184,CATAACGACCTCTGAA,G286W N464T,2,2
-7.775,4.184,CATCTAACAATAAGAC,D419K,1,1
-7.775,4.184,CATTTCTAAGGATCTA,I252E,1,2
-7.775,1.395,CCAAATCATTGTGTTA,T37E,1,1
-7.775,4.184,CCATACGTTAACTGTA,G319H,1,1
-7.775,4.184,CCCCAATCAATACGCT,G360F,1,1
-7.775,4.184,CTAAGTAAATTGTTTC,F192G A334C,2,2
-7.775,4.184,CTAATGTAAGAAAACC,E89I,1,1
-7.775,4.184,CTACTCCACTCACACG,T235V F467T,2,2
-7.775,4.184,CTGCAGCCCAAGAGCG,N170L C477F,2,2
-7.775,4.184,GAAAGCACATCTAGCA,G23D S378F,2,2
-7.775,4.184,GAAGAAAAAGCATAAA,G23N,1,1
-7.775,4.184,GAATAGCAGACTAATG,A253P,1,1
-7.775,4.184,GACCCATGTAATCCGC,,0,0
-7.775,4.184,GACTCATACCACCTCT,D241K,1,1
-7.775,4.184,GAGGTGCCGCTCATCA,A19L G349E E432K Q434*,4,4
-7.775,4.184,GATCCTCCCACGACAC,T135I A459I,2,3
-7.775,4.184,GATTAAATAGCAAAAA,A39P,1,1
-7.775,4.184,GATTTGAGTTAAGGAA,N31H V182Y,2,3
-7.775,4.184,GCTTCACTTGATATTT,G249D,1,2
-7.775,4.184,GGATACATAAATTCAT,P185F,1,1
-7.775,1.395,GTATAACATGACCAAC,M444T,1,2
-7.775,4.184,GTCTCAGAAATAAATA,L66P S442N,2,2
-7.775,4.184,GTCTTTATACAACTCT,C473E,1,1
-7.775,4.184,GTGCGAAGAAGTTTGA,T370W,1,1
-7.775,4.184,TAAAAGTGGGAAATAA,D474V,1,1
-7.775,1.395,TACCAACTATTGCTTA,Y178R,1,1
-7.775,4.184,TATATTCACCTCCCAA,N165T T206M,2,2
-7.775,4.184,TATTTCACATTGCCGT,G72L,1,1
-7.775,4.184,TCACTATGGACTAAAC,F147A A212L,2,2
-7.775,4.184,TCCATACCCGAGTACC,I478N,1,1
-7.775,4.184,TCCCTAAAGGCTCAAC,,0,0
-7.775,4.184,TCGAAACGAACTGACC,T37R S231M,2,2
-7.775,4.184,TGATATATTCCACACG,D241Y,1,1
-7.775,4.184,TGATCGGTAAAAATAG,G303K,1,1
-7.775,4.184,TGGAAACTGATATCAA,W153M,1,1
-7.775,4.184,TGTATTATTCTGAAGA,P289D R361C,2,3
-7.775,4.184,TTAACGATATCATCAC,L71N,1,1
-7.775,4.184,TTACAGTCAGACGGGA,D408V,1,1
-7.775,4.184,TTATTTAGAGAAATTC,L439P,1,1
-7.775,4.184,TTCGAAAAGACGGCCT,F332D,1,1
-7.775,4.184,TTGGACATAGTTAAAT,,0,0
-7.775,4.184,TTGTTCTATGTAGCAT,E403K K453V A495D,3,3
-7.775,4.184,TTTTACTATCAAGGTT,P293G G362C,2,2
-7.776,0.1819,TAATCAGCCCTTAGGC,I230W,1,1
-7.777,0.1131,ACCGCAATTCTAACTT,P74S,1,1
-7.779,0.5978,CACCAACGACCAAGTT,P103K N190W,2,2
-7.779,0.5978,CTTTTGCGATCTGCAC,E41S G129S,2,2
-7.78,1.395,ACTTTTGTTGATATGG,K453G G465R,2,2
-7.78,1.395,ATAGATACTTGAGACA,N152F,1,1
-7.78,1.395,ATGGACACACTCAACA,N433T,1,2
-7.78,1.395,CAGCCCACTCATGTGC,V297G E398T,2,2
-7.78,1.395,CATTTTGATTAGTAAA,F174E A253V S262D,3,3
-7.78,1.395,CTCATCAGACAGACCA,E35D G61Q,2,2
-7.78,1.395,CTCTACTAGAAAGATA,V204G,1,1
-7.78,1.395,GTTTAAAACAAGCATA,E398K L447A,2,2
-7.78,1.395,TACATAAGGTGTACCA,V43Q R269M I478V,3,3
-7.78,1.395,TTTATTGCAAATTTTT,A317Q,1,1
-7.781,0.8368,AGAAAGGTGTCTTGTA,F258P,1,1
-7.781,0.8368,AGACGATTCACCAAAC,G116R R499Q,2,2
-7.783,0.5977,TCGAAATGACGCCACG,G249I,1,1
-7.784,0.8368,TAAGCGTACAAGGCTC,C14M L439M,2,2
-7.785,1.395,AAAAATATAAATACAA,G286K,1,1
-7.785,1.395,AAATTTCAATCAAACG,H18D,1,1
-7.785,1.395,ATTGCCCCTACTTCGG,N190W,1,1
-7.785,1.395,CACACATCAAGTTCAA,A113Y,1,1
-7.785,1.395,CTTACTCAATAAGTCA,D85P,1,1
-7.785,1.395,GAAGGAACATGAACAA,T370G,1,1
-7.785,1.395,GATTTTGTCGCACCCA,E89H,1,1
-7.785,1.395,GGGTCTCTCTAACAGC,K315D,1,1
-7.785,1.395,TGAATACATTACGCAG,C97G,1,1
-7.787,0.8368,ACATCATCCCGGTCCA,A163* I385L E396K,3,3
-7.787,0.8368,ATCGACCCTCGAGGGT,E89T,1,1
-7.79,4.184,AAAAAGGAAAATTATT,P239W,1,1
-7.79,4.184,AAAACTATGAGCAGAG,C305S,1,1
-7.79,1.395,AAAAGTTAATGAAAGA,F258K,1,1
-7.79,4.184,AAATATAAAATAGGAA,K82F Y308A,2,2
-7.79,4.184,AACACAGATCACAACA,,0,0
-7.79,4.184,AACACCAAATACCTAC,D68W,1,1
-7.79,4.184,AACCATATAGCATTTA,,0,0
-7.79,4.184,AACCGCAGTCAACTAC,E340D,1,1
-7.79,1.395,AACGAAAAGCTAATTC,D474R,1,1
-7.79,4.184,AAGGAAATGCCGGAAA,L314F,1,1
-7.79,4.184,AATATTCTTATATAGC,R90V,1,1
-7.79,4.184,AATCCAAATTCTCGGC,Q191*,1,3
-7.79,4.184,AATCCTTGGTAACCTA,I339H,1,1
-7.79,1.395,AATCTGATCATATGAT,W153C,1,1
-7.79,1.395,AATGAAGTAATGTTAG,I502N,1,1
-7.79,4.184,ACAATAAGACAAATAG,W421R Y486M,2,2
-7.79,4.184,ACACAGATCGAGAACC,A93W L111P,2,2
-7.79,4.184,ACCAACATCCACCAGT,G330Q,1,1
-7.79,4.184,ACTAAACTATGTTAGA,G23T A364I N475S,3,3
-7.79,4.184,AGACAAAATTGCTACC,F148S,1,1
-7.79,4.184,AGACCTGCCCTAATAA,A69P,1,1
-7.79,4.184,AGAGAACAATCTATTT,F353Q,1,1
-7.79,4.184,AGATATAAAGCTTAGC,,0,0
-7.79,4.184,AGGAGTGAACCACTTG,N152L,1,1
-7.79,4.184,ATAATCAATGAACATA,F148L,1,1
-7.79,4.184,ATAATCTTCGCCAAAT,G337H,1,1
-7.79,4.184,ATATATTGTGTACACC,K131M T328I Y491E,3,3
-7.79,4.184,ATGTATCTATTATGTC,W343Q,1,2
-7.79,4.184,ATTTCCTTTTATACGA,V88K,1,1
-7.79,4.184,CAAAGAAAGAAAGCCA,Q394C D474N N497P,3,4
-7.79,4.184,CAAATATAAGAACTCT,E426A E484*,2,2
-7.79,4.184,CAACTGATCCCTCTGA,G61Q,1,1
-7.79,1.395,CAATGTAAAGCAAACG,P185E,1,1
-7.79,4.184,CACGCAACTCAACAAG,W84C N94D T313S,3,3
-7.79,4.184,CATAGTAATCTACATA,N389R E398R,2,2
-7.79,1.395,CATATTCAAAATCGCT,S369P,1,1
-7.79,4.184,CATATTCTTTCCAATA,I58Y,1,1
-7.79,4.184,CATTCCCCGACCGGCT,A373K,1,1
-7.79,4.184,CCCCCACGACCAAAAA,S193C,1,1
-7.79,4.184,CCCTACACAAACCATA,G337Y,1,1
-7.79,4.184,CGATGAGCTGGATTTG,T370W,1,1
-7.79,4.184,CGGAATCGGTAGATCG,C473R,1,1
-7.79,4.184,CTATATATGAGGACCG,F338C,1,1
-7.79,4.184,CTATGCGAAATTCCCC,F294D,1,1
-7.79,4.184,CTCGCAATACCTTCTA,A364R,1,1
-7.79,4.184,CTGTCCCACTAATAAA,W421R,1,1
-7.79,4.184,GAAATGCGTTAGAACA,E340F,1,1
-7.79,4.184,GACACTACTAACCACT,A19E S209N,2,2
-7.79,4.184,GACATATTATAAAAAC,I67N H488K,2,3
-7.79,4.184,GACCAAAGATACTGAT,Q376P,1,1
-7.79,4.184,GACCAACGAAAAAATA,T10I W234D,2,2
-7.79,1.395,GATATTTAAGACTACT,L42R F448K,2,2
-7.79,4.184,GATTCACAGCTTATAT,E359S E410K,2,2
-7.79,4.184,GATTGATAAGACTTGA,V237M D438P,2,2
-7.79,4.184,GATTTATGTGAAAGTA,N152R,1,1
-7.79,4.184,GCAAGGTCAGCCACTG,N152G,1,1
-7.79,4.184,GCATAGACGGGAAATA,F332P,1,1
-7.79,4.184,GCTAATAAACACGGAA,G360S,1,1
-7.79,0.8368,GGATTAGACCCTAACA,K176L,1,1
-7.79,4.184,GGGCAGACCAGAGCCT,I29H K140N P273H,3,3
-7.79,4.184,GGTAACTAAATCATAC,G181C,1,1
-7.79,4.184,GGTCACTTGCTTAGTG,S265V,1,1
-7.79,4.184,GTTAATGTAATTAAAA,C64E T451V,2,2
-7.79,4.184,GTTACCTGTTAATCGA,S193H T248I,2,2
-7.79,4.184,GTTTATCTTTACTTAC,V112K,1,1
-7.79,4.184,TAAAAAGACATAATGA,E89W,1,1
-7.79,4.184,TAATACAAATATATAC,S137P,1,1
-7.79,1.395,TAGCATCCATCGTAAC,G275V E280K D291N G337S,4,4
-7.79,4.184,TAGTTTAATAGGTAGG,A11M K310E,2,2
-7.79,4.184,TATCAGACAATATTGG,A93I I252E,2,2
-7.79,4.184,TCAAACCAACAGGTTC,Q434T D493Y,2,2
-7.79,4.184,TCCCTGGAATTGGTGA,M320H,1,1
-7.79,4.184,TGAAACTGAACACAAA,S143L F294V,2,2
-7.79,4.184,TGCTGCATACCCTGCA,R482K,1,2
-7.79,4.184,TGGAACCAGCAATAAG,I51P,1,1
-7.79,4.184,TGGCACAAACGCAAAA,D101N G352V,2,2
-7.79,4.184,TGTCCACATACATTGA,F500D,1,1
-7.79,4.184,TTAACGACTTGACACC,R33D V237G N489S,3,3
-7.79,4.184,TTACGAAAAGACAAAT,,0,0
-7.79,4.184,TTCAGAGAACTGGTAT,E89R E344*,2,3
-7.79,4.184,TTCTACACGTAGAATC,H435E H471Q D487N,3,3
-7.79,4.184,TTCTATCCGCAGAAAC,G463D,1,1
-7.79,4.184,TTTAAAACTACTGGGC,A19D,1,1
-7.792,0.5977,ACCATAACAGCAAAAA,G23H,1,1
-7.793,0.8368,ACAAATAGGAAGGACC,E398K R499Y,2,2
-7.793,0.8368,CCAATCCAGTGACAAA,K171V R329D,2,2
-7.793,0.8368,CTTAAGTCTGCCCACG,C139D,1,1
-7.793,0.8368,TAGCAAAAACCAAGAT,W153T K453V,2,2
-7.795,1.395,CGAGAACTCAGAACTC,L316G,1,1
-7.795,1.395,GATTATAGGATCACAG,N250K,1,1
-7.795,1.395,GGGCACAATCCCCAAT,R354E,1,1
-7.795,1.395,GGGTAAAATAATGAAG,Y308G,1,1
-7.795,1.395,TCTCCCTGAACGACTA,V36M,1,1
-7.795,1.395,TGAACAACCAAAGCTA,S54P,1,1
-7.796,0.8368,AAGTACTAAAATGCAA,L420Y,1,1
-7.796,0.8368,TTTCGAAGTTTTCCCG,G249L T328I,2,2
-7.799,0.8368,AGAAAACAAACTCAAT,G345R,1,1
-7.799,0.8368,CTAACACATACCCCCA,G342N,1,1
-7.799,0.8368,TCAGACTAACTATCGA,D68W I331W,2,2
-7.8,1.395,AAGCTTTTTGCTCCGG,F79Q R492G,2,2
-7.8,1.395,AGATGGTACACCATTG,H17T G337S D438C,3,3
-7.8,1.395,ATCGTTTCTCTATCAC,I339R,1,1
-7.8,1.395,CCAGGCATATCACAGA,R329S G349V,2,2
-7.8,1.395,GCGCCGAATCATCGAC,G16E Q191P,2,2
-7.8,1.395,GCTATCCAAGACTTCG,A336R,1,1
-7.8,1.395,TATGGAATAGTAGAGA,K171C G240M,2,3
-7.8,1.395,TTTTCATCAGAATAGA,A495N,1,1
-7.8,0.1819,GTAGCGCACTGTCTAG,F294V,1,1
-7.802,0.8368,AGCTGACCACTGATTC,G249Y,1,2
-7.802,0.8368,CCTCTCCAACTCCCTA,N53Y L71H Q407D,3,3
-7.802,0.8368,TCAATTAGCTCAACCC,F192L K276L E443K,3,5
-7.802,0.8368,TTATGGCGTAAACGTC,G342V M346I,2,2
-7.805,0.8368,AATAAATTCTAATAAC,,0,0
-7.805,1.395,ACACCCTCAGAGAAGG,A317K,1,1
-7.805,1.395,CATAAATTGAAGACCT,Q311D N475M,2,2
-7.805,1.395,CCATTGTCATGGCAAG,G218L P284H E396G V402R,4,4
-7.805,1.395,TACTACGGTACATTAT,M320R,1,1
-7.805,1.395,TGTACCCTTCATTAAA,R229Q S287Y,2,3
-7.805,4.184,AAAAGGTTAAACCATG,S145P V204P,2,2
-7.805,4.184,AAACCATACCCGTCTA,G61S I179T,2,3
-7.805,4.184,AACAATCGGACCATAT,Y302S,1,1
-7.805,4.184,AACCCAATAGTGAAAA,Y308D E410K,2,2
-7.805,4.184,AAGACATAACCTTGCA,H56N R222*,2,2
-7.805,4.184,AAGCTGCGTCAATAAA,V88I G286L,2,2
-7.805,4.184,AATCACTAAACTATAC,Q197T S270D E396K,3,3
-7.805,4.184,AATGAATATATCAACA,I67H,1,1
-7.805,4.184,AATTGCTCACGCAAAA,A69D,1,1
-7.805,4.184,ACAAACTATTTTCCCA,L314K,1,1
-7.805,4.184,ACTCAACCTTTTATAG,G352H,1,1
-7.805,4.184,AGAAATGGAACAAAGG,F500Q,1,1
-7.805,4.184,AGTTCTAAATCATATA,V43E C52F,2,2
-7.805,4.184,ATAAATATTTCCCAAT,C14I,1,1
-7.805,4.184,ATCACATCATTATCTA,E89S,1,2
-7.805,4.184,ATCGTTATTACGCATT,G181F,1,1
-7.805,4.184,ATCTCGCTTGACCCAA,R354G,1,1
-7.805,4.184,ATCTGGTCTCGAAGCC,N170L E457F,2,2
-7.805,4.184,ATGCCGAACAAATCAT,R492W,1,1
-7.805,4.184,CAAAGAGGAAACTTAA,A253M,1,1
-7.805,4.184,CACCCTATAACCGTAA,G72V,1,1
-7.805,4.184,CATGGAGTTCATAGAG,R492Q,1,1
-7.805,4.184,CATTCGGATCTTCGAT,H355P,1,1
-7.805,4.184,CGAATATATACAATAT,A317F,1,1
-7.805,4.184,CGATTTGCGTAGAATA,R456D,1,1
-7.805,4.184,CGCATAACCCAAGACT,S54I A365M,2,2
-7.805,4.184,CTACATACTTAAACAG,G333H,1,1
-7.805,4.184,CTAGAAGGTGTTAAGA,V36T,1,2
-7.805,4.184,CTATTCTAAATATACA,I245F D366Y,2,2
-7.805,4.184,GAACTTAGACTATAGG,G256I,1,1
-7.805,4.184,GAGCTGGAAAACAGAC,D438R,1,1
-7.805,4.184,GCACTACGGACAATTA,G349V,1,1
-7.805,4.184,GCCGGCTCGTAATTAG,D186W L367P,2,2
-7.805,4.184,GCTGAAACTGTAAAAC,R220E,1,1
-7.805,4.184,GGCCCCAGGTATCTAA,P254W,1,1
-7.805,4.184,GGCCCCTCTTTCGTTA,L244P,1,1
-7.805,4.184,GTAAAATTCTCTCCTT,F148V,1,1
-7.805,4.184,GTAACAGATGTATTGT,Y98G T485A,2,2
-7.805,4.184,GTGAACTTAACGGTGC,L154N Q407L,2,2
-7.805,4.184,GTTAACAGGCACATTA,P254A,1,1
-7.805,4.184,GTTATGAAATACAAAT,K121R G286I,2,2
-7.805,4.184,GTTATGATGTAATTCG,A113R V347D,2,2
-7.805,4.184,TAAGATGACATTAATA,A425E,1,1
-7.805,4.184,TACCCTAGCGATGTCA,N246H,1,1
-7.805,4.184,TACCGACGAAAGGGGT,N159A L428P N483S,3,3
-7.805,4.184,TAGGTTGGTGATAGAT,S209W S369D,2,2
-7.805,4.184,TCAAACACCTCAAACC,L151H,1,1
-7.805,4.184,TCGTCTTCCCCCAGAG,I288S,1,1
-7.805,4.184,TCTGTACGCACTACAC,L314R,1,1
-7.805,4.184,TGAAGAGGTTATACAG,M168I F195R,2,2
-7.805,4.184,TGCTCAAATCTTCATA,M462D,1,1
-7.805,4.184,TTCAATGACTAACACA,G61I T436G,2,2
-7.805,4.184,TTCCTGAGCAGCATAT,D175N Q197W I469E K503*,4,4
-7.805,4.184,TTGATGAGCGTAGAAA,P306V A336V D441V,3,3
-7.805,4.184,TTTGTCTATTAGAGGA,L177Y I385P F399H,3,4
-7.807,0.1992,GAGGATCCTGATCATC,E89T,1,1
-7.807,0.8368,ATCTCAAACTCAAAAA,I242E K310E L314W,3,3
-7.809,0.5977,TTAAGTATATATGTGA,S270L,1,1
-7.809,1.395,CCAGTAATTAAATAAA,P254V,1,1
-7.809,1.395,CGAGCTCATAGGAACC,I58W,1,1
-7.809,1.395,TAGTACCGCGTTATAC,E89Y F192L,2,2
-7.809,1.395,TGCCCTTAAAATAAAA,T37Y,1,1
-7.811,0.5977,GAAAAGACTTATGTAG,M346A,1,1
-7.813,0.4649,AAAATTCCATAACAGC,N170A,1,2
-7.813,0.8367,TATGACGTGATTCGTA,,0,0
-7.814,1.395,ATATCACAATAAAAAA,N190H,1,2
-7.814,1.395,ATATTAAAACTGTAAA,N246E D348N,2,2
-7.814,1.395,ATATTCAAATACCATC,D419M,1,1
-7.814,1.395,ATTGAACCTAAAGCTC,R321Q L381A F392Q,3,3
-7.814,1.395,CTCAGACCTAACAGGC,G333R,1,1
-7.814,1.395,CTTCATCGAACGAACC,L243D,1,1
-7.814,1.395,GTCAACTCACAATGCT,V429Y,1,1
-7.815,0.3803,AAAGTTGAGATCGAAC,N246M,1,1
-7.817,0.5977,AACACAACTGGCCTGA,P293K R321V G386A,3,3
-7.817,0.5977,GGTCAAATGATACAGA,W421N,1,1
-7.819,4.184,AAAATAAGTCCTACGG,Y412L,1,1
-7.819,4.184,AAACAACAATAACAAG,R141P,1,1
-7.819,1.395,AAACTTGTGATTTACG,F148P,1,1
-7.819,4.184,AAATACTGATCCTATC,T12K Q75T E359T,3,3
-7.819,4.184,AACTTCCGCACAACCC,G286E,1,1
-7.819,4.184,AAGCGAAACTGAGCAG,W234* P239K I502H,3,3
-7.819,4.184,AATAAAGGGTAATAGA,C97Q D175V,2,2
-7.819,4.184,AATAGACTCTAACGAT,F120G T370E,2,2
-7.819,4.184,AATTAAGTAAACACTC,I288Q,1,1
-7.819,4.184,ACACTATGTGATACCA,A113I,1,1
-7.819,4.184,ACTAAATCTATTCGTA,G23W,1,2
-7.819,4.184,AGGAAGCAATTTTAAC,S136V,1,1
-7.819,4.184,AGGACAGTACTACATC,R220- P221- K310D,3,3
-7.819,4.184,AGTGAGGACAGTCCGT,A19G,1,1
-7.819,4.184,ATAAATACGGGAATCT,Y351I,1,1
-7.819,4.184,ATCCTAAACAACTGTA,C14I,1,1
-7.819,4.184,ATGCACCTACAATTTA,G330I,1,1
-7.819,4.184,ATTGCTCCTAATCGTT,W127* G275L L455W,3,3
-7.819,4.184,CAAAGAAAACCCTCAA,E460R,1,1
-7.819,4.184,CAACGGCAAATTAACC,Q295A,1,1
-7.819,4.184,CACAACCACACGGACG,,0,0
-7.819,1.395,CACCCAAAAAGCATTA,L66N,1,1
-7.819,1.395,CACCCGGAGCAAAGTA,H183R,1,1
-7.819,1.395,CACGACCAAAGGAACT,P254V R255K,2,2
-7.819,4.184,CACGCTGAACAAAAAT,F120G,1,1
-7.819,4.184,CATAAAAAGTCATACA,D438P,1,1
-7.819,4.184,CATTATTATGTTAAAT,S270E V490I,2,2
-7.819,4.184,CCAAACAGCCTTACAA,,0,0
-7.819,4.184,CCACAATGAATAACTT,S144Q I335D L496P,3,3
-7.819,4.184,CCACTTCAGGTAACCT,V237K,1,1
-7.819,4.184,CCTATACACCAAACAA,G23V,1,1
-7.819,0.8367,CGCAACGTAAATGATA,Q1H G256L,2,2
-7.819,4.184,CGCGTTCCATCTCCAC,A373H,1,1
-7.819,4.184,CGTTAAAAATCTAAAA,V43F,1,1
-7.819,1.395,CTACACTTCTGAAAAA,E119N I339K R482K,3,3
-7.819,4.184,CTCACCCAATAAAGCT,Q295G,1,1
-7.819,4.184,CTCCGACATTCCATTT,T206P,1,1
-7.819,4.184,CTTAACTACTAATGGT,S107N D415P,2,3
-7.819,4.184,CTTCAATAAAATTTAA,L455R,1,1
-7.819,4.184,GAACCCTTGAACTTCC,P254F,1,1
-7.819,4.184,GAAGTAAAACATATTT,G303A,1,1
-7.819,4.184,GAATTGTAAAACAGTT,Y491G,1,1
-7.819,4.184,GACTTTGCGTTTAAGA,E89D Q501C,2,2
-7.819,4.184,GAGAAATTCCGTATAC,V36Q,1,1
-7.819,1.395,GAGCCCAAAGCAATAC,I377F,1,1
-7.819,4.184,GCAAATATCATAAGAT,C14Y,1,1
-7.819,4.184,GCAACAAACATTCAAC,S266*,1,1
-7.819,4.184,GCATAGAATTTATTTG,V26* C281W E390*,3,3
-7.819,4.184,GCTTCACTCTAAAACA,T40G,1,2
-7.819,4.184,GGACTTAAATTATTAA,S247T G249D D366K,3,3
-7.819,4.184,GGATACAGTTCACTAA,T436K,1,2
-7.819,4.184,GTATCAAGTTATGACC,Y412D,1,1
-7.819,4.184,GTCCAATCCAAAAAGC,H17R G240V,2,2
-7.819,4.184,GTCCCCACCGCTGGTT,C64G G303W,2,2
-7.819,4.184,GTGGAAACATCACTCA,I502A,1,1
-7.819,4.184,TAAAACTAATAATTAA,A11H,1,1
-7.819,4.184,TAACTGTTCCAAGCAC,G345D N458P,2,2
-7.819,4.184,TAATCCAAAAAAATTT,V102R,1,1
-7.819,4.184,TACCAAATATCCGAAA,A373Q,1,1
-7.819,4.184,TACCCAATCTCAGATG,T451N,1,1
-7.819,4.184,TACTAGTAAATAAATA,T370D,1,1
-7.819,4.184,TACTGACAACCAAAAC,,0,0
-7.819,4.184,TATGGTTTAGAGACAG,W421M,1,1
-7.819,4.184,TATTTATAACCCCTAT,R261L G360T,2,2
-7.819,4.184,TCAATAAAAGATCACA,A113D,1,1
-7.819,4.184,TCAGTACGATTATGTC,Y178C,1,1
-7.819,0.3803,TCATCGAAATTCCAAC,Q191P,1,1
-7.819,4.184,TCGAAACGAATTCACG,G303N,1,1
-7.819,4.184,TGATAAACAAACGCCA,G352Q,1,1
-7.819,4.184,TGCACTGATGAGCCTT,M444T,1,1
-7.819,4.184,TGCCAACTTATGAGTT,T248R,1,1
-7.819,4.184,TGCGAAATAAAGAACG,A93P N190V Q434R,3,3
-7.819,4.184,TTATTTACAAGATCGA,P221V F338Q,2,2
-7.819,4.184,TTCAGATTTACTAATA,S96G G330D,2,2
-7.819,4.184,TTCCTATAAAAAGAGT,I58Q,1,1
-7.819,4.184,TTGTAGTGTCTAATAA,Y178K,1,1
-7.819,4.184,TTTAGAGCCACGAATC,T485P,1,1
-7.824,1.395,ACCCAATAGGTAGCAG,D101P,1,1
-7.824,1.395,AGATTCATCGACAGAT,M444I H488S,2,2
-7.824,1.395,CATTTACAACACAAAA,R499N,1,1
-7.824,1.395,CTTTAAGACTTAATAG,G61S G275C,2,2
-7.824,1.395,GAAACAAACCACAGCC,T436F Q501*,2,2
-7.824,1.395,GAGTATCCATTCGGAC,Q434I,1,1
-7.824,1.395,TAAAGACAAAGAAACT,P55C N483H,2,2
-7.824,1.395,TAGAAAGCGAATGTCA,R492P,1,1
-7.824,1.395,TCAGAGTTAAACCAAA,H17W N250V,2,2
-7.827,0.4648,ATTACGTTCGGGATCA,W350Y,1,1
-7.827,0.5976,ATGGATGTATATTCCC,L439K,1,1
-7.828,0.8367,CTCAATTCCTTATAAA,V406P,1,1
-7.829,1.395,AAAAAACCGCCTATAC,I288N,1,1
-7.829,1.395,AAAATATATTGAACAT,S136W,1,1
-7.829,1.395,AAAGAGCTATACACTA,L86D,1,1
-7.829,1.395,AACTCAAAATTCCGAT,Q454V F500G,2,2
-7.829,1.395,ACCTCTTGCCAAAAAC,E41S,1,1
-7.829,1.395,CCCTTGTAACCAAAAA,D461K,1,1
-7.829,1.395,GAGTAGCTCACGCATC,T40N D175N W343*,3,4
-7.829,1.395,TATAGAAAAGCCACAT,Y98C,1,1
-7.829,1.395,TCTTCACCATAATCCT,A69Y A138F,2,2
-7.829,1.395,TGCTCAAAGATTTACA,T235Y,1,1
-7.831,0.8367,GTAGAAAAAAAATATT,I252P,1,1
-7.831,0.8367,TCACTATTATTTTTAC,W234N,1,1
-7.832,0.1673,ACAACTAAGTATATAG,F500R,1,1
-7.832,0.3218,ATCACTCTCTTATACA,N6Y S136N T440W,3,3
-7.833,0.2789,CAAGCCTCTGTATATA,G256K,1,1
-7.834,4.183,AAAAACAATACCCCAA,E89S,1,1
-7.834,1.394,AAAAACATAATGCATA,S279H G349R,2,2
-7.834,0.5976,AAAAACCAAAAACAAG,G349V,1,1
-7.834,4.183,AAAACACAAGAGTTTT,T37*,1,1
-7.834,4.183,AAAACTTTACAACCAA,Y308M C477Y,2,2
-7.834,4.183,AAAAGATAAAAAAATA,T248I,1,1
-7.834,4.183,AAAATGGGATAACATA,Q327*,1,1
-7.834,4.183,AAAGCTCACACCGATC,L316I F392L L409P A459V Q501V,5,5
-7.834,4.183,AACAGACCAAAGTATC,H17D,1,1
-7.834,4.183,AAGGTATACATCGTAA,S193I,1,1
-7.834,4.183,AATCAAATAATGCAAA,G61L G62R,2,2
-7.834,4.183,AATCCACGAAGCACCG,A163* L177V S266A C281N P293S E390V,6,6
-7.834,4.183,AATGAGCTTATTATTA,I51H,1,1
-7.834,4.183,ACAAACTTACTTCGAG,G249I V429M,2,2
-7.834,4.183,ACAACTATGACCAAAA,P284K K391D,2,3
-7.834,4.183,ACCCAGATATATCTTA,N322K,1,1
-7.834,4.183,ACTAGAAGGGGGCAAC,G319Y,1,1
-7.834,4.183,ACTGGCCATAAGGCCA,A163* P284H L384V F399L,4,5
-7.834,4.183,AGAATACACCCTAGCT,I34W,1,1
-7.834,4.183,AGCACCAGAGATAAAA,T436C,1,1
-7.834,1.394,AGGGTATAAGACGACC,G23K,1,1
-7.834,4.183,ATAATGTAATACGGAA,T235G A317V Q434P,3,3
-7.834,4.183,ATACTACACAGTATAA,L177C,1,1
-7.834,4.183,ATACTGCGAAACGGAG,G249V,1,1
-7.834,4.183,ATATACAACATAGAAA,G345T E443K,2,4
-7.834,4.183,ATCATGTCACAAATTA,L86P Q211N,2,3
-7.834,4.183,ATTCACAAGATGTGGA,A364P,1,1
-7.834,1.394,ATTCAGACAAAGATGT,D474V,1,1
-7.834,4.183,ATTCTTTAATACGCTC,F332K,1,1
-7.834,4.183,ATTGCCGATTGCCATT,C473K,1,1
-7.834,4.183,CAAAACACATTCAGCC,T370P,1,1
-7.834,4.183,CAAGAAAGTACTTTCT,D85N A334T,2,2
-7.834,4.183,CAGATACGATAAAGAC,P254H,1,1
-7.834,4.183,CATTCGCCACACAATA,V112N G352D,2,2
-7.834,1.394,CCAAAAAACTTTTGAC,A459E,1,1
-7.834,4.183,CCAGTATTATATTTTA,T451E,1,1
-7.834,4.183,CCATCAACTTGATATC,S146Y D487C,2,2
-7.834,0.8367,CCGTTCACTGGCTGAA,E123Y N498K,2,2
-7.834,4.183,CCTCAAAGAATTCAAT,L15W,1,1
-7.834,4.183,CGACTATAACATTTAA,A336H D474E,2,2
-7.834,4.183,CGCAATATTGTCCAAA,G330K,1,1
-7.834,4.183,CGCATCCGATGTTATA,A19Y E410K,2,2
-7.834,4.183,CGCTACACTTGCACCC,T283R L381S G386R,3,3
-7.834,4.183,CGGAAGGACTTAAAGC,Q173H G345Q,2,2
-7.834,4.183,CTAAATAAGATAATAG,C76V,1,1
-7.834,4.183,CTAAATATTATACTAA,R456D,1,1
-7.834,4.183,CTAGTTTCCAAAAAAA,A39T N94Q Q376D,3,3
-7.834,4.183,CTATACCCATCTGGCA,C52W,1,1
-7.834,4.183,CTCCAAACAATGTATT,I481G,1,1
-7.834,1.394,CTTCGATACCAATAAG,A113P,1,1
-7.834,4.183,GAAATTCTCGTAAGAC,V43F R492I,2,2
-7.834,4.183,GACCACAGAGGATTGA,S231P,1,1
-7.834,4.183,GATACAATGGAGATTC,L108Y,1,1
-7.834,4.183,GATACGACAAATATTC,I3*,1,1
-7.834,4.183,GCGAGACTAATAAAAC,G49D L108D F332R,3,3
-7.834,4.183,GCTCAGAAGTTCGCCA,L409P,1,1
-7.834,4.183,GGATCACAAACGATTT,I437E,1,1
-7.834,1.394,GTGACCAAGATGAGAC,A317T,1,1
-7.834,4.183,GTGTATTATTGGAACG,Y178L,1,1
-7.834,1.394,TAAAGTGTTGACAAGA,W84* L314F,2,2
-7.834,4.183,TACAAAAGGCTATGCA,K176V,1,1
-7.834,4.183,TACCCACCCCCAAAGC,,0,0
-7.834,4.183,TATGTATATTAAGTTT,G116W I252M,2,2
-7.834,4.183,TCAAATTTTGTATGGT,C466I,1,1
-7.834,1.394,TCATAAAACAAAAATT,T40P M268L,2,2
-7.834,4.183,TCGTGCAAGAAGAATT,T155M,1,1
-7.834,4.183,TCTTAACCTTGAATCC,C477V,1,1
-7.834,4.183,TGACAGCAAAAGGCAT,G16W,1,1
-7.834,4.183,TGATCCGCGACAAAAA,D188C W421*,2,4
-7.834,4.183,TTACGAACTTCCCTTT,C14G L316R,2,2
-7.834,4.183,TTAGTAACCCAGTCTG,N246T,1,1
-7.834,4.183,TTCAACAGTCATGCTC,C473L,1,1
-7.834,4.183,TTGTAAAATAAGTCTC,T436M,1,1
-7.836,0.8367,TTAGCTATGCGTTTTC,Y351W Q434W,2,2
-7.838,1.394,AAGAGAATAACTTACC,P239W E457K,2,3
-7.838,1.394,ACAGAGCTCAAAACAT,N483P,1,1
-7.838,1.394,ATCTTTGTTATCAGAC,G72W P74S L427A,3,3
-7.838,1.394,CAAGGAAAGTTAATAA,I502K,1,1
-7.838,1.394,CTACATACTTTTAAAA,S54N N250I,2,2
-7.838,1.394,CTCGTCTGATCAACAC,N22P,1,1
-7.838,0.4648,GAAGCGGGATTTTCTG,N497P,1,1
-7.838,1.394,TTATTAATACTAAAAA,C97A,1,1
-7.839,0.3218,ATATAACCTCTAAGGC,D60G L409W,2,2
-7.843,0.3803,ATTCAGAAATGCTACT,I67Y,1,1
-7.843,1.394,AAAGCTGATTAAAAAT,P99F I214T,2,3
-7.843,1.394,AGCACGCCAACACAAC,G142I T485W,2,2
-7.843,1.394,GAAATTGAATGAAAAA,Y233P,1,1
-7.843,1.394,GCACTGTAAAAGGCAC,Y100C G360D,2,2
-7.844,0.5976,ACTACCTCAAAGATTA,N464P,1,1
-7.848,4.183,AAACGCTAACTAGATA,N22Q Q173K L420G,3,3
-7.848,4.183,AAACTGCTCTAGAAAG,W234I,1,1
-7.848,4.183,AAATTATCTACATAAC,C14P I339M,2,2
-7.848,0.8366,AACATGAAACGACAAA,V102Q,1,2
-7.848,4.183,AAGACCTAGAAGCAAA,L86P S369P,2,2
-7.848,4.183,AAGAGTTCTATCATTT,C64S,1,1
-7.848,4.183,AAGATAAAAGCGAAAC,C52D V406I,2,2
-7.848,4.183,AAGTCTATCCATAGTG,D225T,1,2
-7.848,0.8366,AATATATTCATAAAAA,G249P,1,1
-7.848,4.183,AATTGAGATATACAAG,W343V,1,1
-7.848,4.183,AATTTTATAGCTATCT,G134K,1,1
-7.848,4.183,ACAAATCTGAAAATAG,F148E,1,1
-7.848,4.183,ACATGTACATCCCCCA,F294A,1,2
-7.848,4.183,ACGACGAACTTAATCT,H435S,1,1
-7.848,4.183,ACGCAAGTAACTTCTG,Y423K,1,1
-7.848,4.183,AGACTTCGAGAGTGAA,W234K,1,1
-7.848,4.183,AGTAAGCTATGACTGT,G72L,1,1
-7.848,4.183,ATCATGGCATTGCATT,A495D,1,1
-7.848,4.183,ATCTGAATGGGTCTAA,R492V,1,1
-7.848,1.394,ATTCCATTTACGCAAC,W421Y,1,1
-7.848,1.394,CAATTTCAAAACGAAG,V130G L243R,2,2
-7.848,4.183,CACCAGCAACAAACAG,K259Q L384Q,2,2
-7.848,4.183,CCAAACAAAACCCCGC,I252T,1,1
-7.848,1.394,CCACCCGACACATCAG,I58Y D415K,2,2
-7.848,4.183,CCATATAACAAGCCAA,F120Q,1,1
-7.848,4.183,CCATGTATTAATAGAA,T440P,1,1
-7.848,4.183,CCCACACGGGCTCAAA,E460R,1,1
-7.848,4.183,CCCTCGACAGCAAAAC,C281Y,1,1
-7.848,4.183,CCTTCAAGCGAATAGA,Q44P,1,1
-7.848,4.183,CGGTGACCTCGATCTA,I51P,1,1
-7.848,4.183,CTAACTCAAAAGGAAC,G362I,1,1
-7.848,4.183,CTACACGTCACAAAAG,W343*,1,1
-7.848,4.183,CTTGGGTATAATACAT,E432*,1,1
-7.848,4.183,GAAAAAAGTAGCAAAC,L66T M462Y,2,2
-7.848,4.183,GAACAATTGTCAACTT,W421R,1,1
-7.848,4.183,GAGACATTAATCACCC,R222S N483I,2,2
-7.848,1.394,GAGTAAAATTGTGCAA,D474Q,1,1
-7.848,4.183,GATCATACACAACAGA,L314S,1,2
-7.848,4.183,GCCCCATTTAAATATA,V413T G465R,2,2
-7.848,4.183,GCCTAAGTAAGTAAAA,C477F,1,1
-7.848,4.183,GTACTGCAATGCAATT,N357R,1,1
-7.848,4.183,GTATCTCATAGTACGG,W343I,1,1
-7.848,4.183,GTCAAGAAGTGATATA,Y302G,1,1
-7.848,1.394,GTTAGAGAAACAGAAA,D68R,1,1
-7.848,4.183,GTTTAGAACACCCGCG,L314A,1,1
-7.848,4.183,TAAAAAAAGTAATCAT,P239F T436L,2,2
-7.848,4.183,TAAAGAGAAAGTCCAA,S136K,1,1
-7.848,4.183,TAATAACATTCATACA,L70N,1,1
-7.848,4.183,TAATGAAAAAGAACCA,S144E R499E,2,2
-7.848,1.394,TACAAGAAAAAGCACC,E460D,1,1
-7.848,4.183,TAGTACCAACATAACA,E41K N298F,2,2
-7.848,1.394,TATACAGCATGGTAAC,A163I L177H,2,2
-7.848,4.183,TATGTAACCCTGAATA,L42G,1,1
-7.848,4.183,TCATACCGCTACCCAC,D104M C477E,2,2
-7.848,4.183,TCATGAATGGCTAACA,A336R,1,1
-7.848,1.394,TCCTCAGCTAACATAG,Q371P,1,1
-7.848,4.183,TCTAAGATAAAACTGC,I395D W421*,2,2
-7.848,4.183,TCTTAAAAAAAAAGAA,G404K I437N,2,2
-7.848,4.183,TGAACCATACTGTGTA,I481D,1,1
-7.848,4.183,TGACAAAAATAAGCGC,Y486R,1,1
-7.848,4.183,TGCAATGCTCAAGACG,G286E,1,1
-7.848,4.183,TTAATGAATGCACAAC,F148H D419Y,2,2
-7.848,4.183,TTTATACTCATGACAG,N246Q V297M T485I,3,3
-7.85,0.5976,AACATCCATATGAAAT,A317D P324W E398K,3,4
-7.852,0.5976,GACCGTAGATAGTGAA,C281W V297L,2,2
-7.853,1.394,AAAAACATTCCACAAC,G330T,1,1
-7.853,1.394,AAGATTCTGTTGGACA,A459M,1,1
-7.853,0.4648,CATATGGGTATACACA,G303L,1,1
-7.853,1.394,CTTAATATAATGTGGA,I245R,1,1
-7.853,1.394,GATTATTTTGTGACAA,N458V,1,1
-7.853,1.394,TTAAAACATACCAAGG,N126C I282E,2,2
-7.853,0.8366,ACCGCGACAGCATTGA,Y100C C305Y,2,2
-7.853,0.8366,CCCTTAGAACAAATGT,K50W T155A I385R K391G,4,4
-7.856,0.8366,AACAAACAACCATCAA,L177C,1,1
-7.856,0.8366,TCGCAATTTCCTATGC,L13P T313V,2,2
-7.856,0.8366,TTGGTTACCCCGCAGT,E460P,1,1
-7.857,1.394,AGTTGTTACCGCGCCG,G319L,1,1
-7.857,1.394,ATTTTGCCGCTTCGGC,F87H,1,1
-7.857,1.394,CGTTATAATGCACTAA,Q132V E390K E396K D415N,4,6
-7.857,1.394,GAGAAAAGGACATACC,A19V F125E,2,2
-7.857,1.394,GATCATCGATTGGTCC,V309E,1,1
-7.857,1.394,TACATAATCCACGAAT,L13H,1,1
-7.857,1.394,TCATGGCAAAACAATT,R141H L194H,2,2
-7.857,1.394,TCGGCTATAGAGAATT,V26M,1,2
-7.86,0.2789,ATTAAAACACTGCATA,W350H,1,1
-7.862,4.183,AAACGGAATAAAAAAT,T436D,1,1
-7.862,4.183,AAATTAGTCACAGCAG,R109F K278D,2,2
-7.862,4.183,AACAGGTAGACTATCT,G333R N433M,2,2
-7.862,4.183,AACATTTTCGAACTTC,I236E E340K,2,2
-7.862,4.183,AAGTTAAAAAGTGGAT,Q80S,1,1
-7.862,4.183,AAGTTAATTGTATGGA,H17P,1,1
-7.862,4.183,AATAGCACTCTTTAAG,C64D C473M,2,2
-7.862,4.183,ACAACCGGCACAAACA,G319V,1,1
-7.862,4.183,ACAAGAATAAAAGAAT,F87Q,1,1
-7.862,4.183,ACACAGGCAATTCAAG,S193R,1,1
-7.862,4.183,ACCACCACAAACATGC,V102Y G240Y,2,2
-7.862,4.183,ACCTTCACATAAACAC,A69M N170-,2,3
-7.862,1.394,ACGAAAACAGCATTAA,V413D,1,1
-7.862,4.183,ACTCTTAATATTAGAT,G249V,1,1
-7.862,4.183,AGAATCGAAAATTACA,R499F,1,1
-7.862,4.183,AGCCAGGATTTAACTA,L42W,1,1
-7.862,4.183,ATAAAGCAACCTTAAA,F258S,1,1
-7.862,4.183,ATATCAGAAAGAAACA,C466T,1,1
-7.862,4.183,ATCAACGAGGCACATC,L151S,1,1
-7.862,0.8366,ATGCATGGATACGCCA,I469T,1,1
-7.862,4.183,ATTAGGTCCTAACCAA,N290F G303D N498Y,3,3
-7.862,1.394,ATTTTAGATGAATCTG,R224P,1,1
-7.862,4.183,CACAGACAAATCAATG,G286M,1,1
-7.862,4.183,CATAAGACTTAAAATA,E35W N126G L409P,3,4
-7.862,1.394,CCCAAATGGACACAAG,G352R,1,1
-7.862,1.394,CCGAAGGGCGATAAAA,L177* C281A,2,2
-7.862,4.183,CCGAGCAATATACACC,T436Q,1,1
-7.862,1.394,CGACCTAATAGTGACA,T28L A163I V297P E390G,4,4
-7.862,1.394,CGGACGTATCTTCACT,T370E,1,1
-7.862,4.183,CGGATGCAAACTGGTT,G303V,1,1
-7.862,1.394,CTACATATCGAATAAC,D415P,1,1
-7.862,4.183,CTCAAGATCAAGAAAT,L455Y,1,1
-7.862,4.183,CTCCATACGAAACTCG,G62V I179Q,2,2
-7.862,1.394,CTGACGCTATCAAGCT,D366Q,1,1
-7.862,4.183,CTTTAATACCTGTTTG,A317E,1,1
-7.862,4.183,CTTTCGCCACAAAAGG,A372T Y486T,2,2
-7.862,4.183,GAACTCATGACGTTAC,P185L,1,1
-7.862,4.183,GACCGTCTCCCGTATT,C466G,1,1
-7.862,4.183,GACTGGATAACGAGCC,L86E E426M,2,2
-7.862,4.183,GATCAAGATCATCTTA,E41K,1,1
-7.862,4.183,GATCTCGGCACCTATA,N357A,1,1
-7.862,4.183,GCATCTTAGTATTAGC,R220G P324E,2,2
-7.862,4.183,GCTGTGGCACCAACTC,Q434W,1,1
-7.862,4.183,GGTACAACACCGAATA,,0,0
-7.862,4.183,TAAAAAGACACAGCAG,C466Q,1,1
-7.862,4.183,TAACACGGCATAGACA,L194Q,1,1
-7.862,4.183,TAAGATCAAAAATCTA,G134N Q356E,2,2
-7.862,4.183,TAGACTAAAGTTCAGG,T40C K292D,2,2
-7.862,4.183,TAGTACATTTGATTTC,C281F K468F,2,2
-7.862,4.183,TATCTAAAGTCTACCT,Y302S,1,1
-7.862,4.183,TATGCGTATCAATATA,L447M R456C,2,2
-7.862,4.183,TCACCGCGTAAAATAA,A93D S480I,2,2
-7.862,4.183,TCATAGATATAGTGGT,C97A W234*,2,2
-7.862,4.183,TCCTACGGCACGATAG,P254Q,1,1
-7.862,4.183,TCCTCAACAACTGTCT,T206E,1,1
-7.862,4.183,TGAACAAATAAAGGTT,A39E,1,1
-7.862,4.183,TGATACGTATTATAAC,Y412Q,1,1
-7.862,4.183,TGATCTAAACTTGAAG,K264L,1,1
-7.862,4.183,TGCTAGAGAACGATAA,N8K K259R I437G,3,3
-7.862,4.183,TGTAAGTTCTATCTCC,D438N,1,1
-7.862,4.183,TGTCACCCTTCAAGGA,H355R,1,1
-7.862,4.183,TTAAGCCCACTAGCAA,T370R,1,1
-7.862,4.183,TTACGGGGCCTGGCTA,G349H,1,1
-7.862,4.183,TTAGTAACCGACGGTA,G362R,1,1
-7.862,4.183,TTCCGATACAAACAAT,Q295G R405Q,2,2
-7.862,4.183,TTGACAATAGAAGCAT,K176N,1,2
-7.862,4.183,TTTATAAGCCTGAGAT,H393N M462R,2,2
-7.866,0.2789,ACCACCACACTCAAAC,M444A,1,1
-7.866,0.5976,CTTTTAACTAGATCAC,H17P,1,1
-7.867,1.394,CCCTTCAATGTCGAAA,T28L R261L G379D E390K,4,5
-7.867,0.4648,CTCGGAGACGCAACTA,D419M,1,1
-7.867,1.394,GAACCCCGCATGTCCA,Y308K,1,1
-7.867,1.394,GGAGCTTCCAATAAAT,I51H,1,1
-7.867,1.394,TTTCCCCTATAGAAAT,S54P R456T,2,3
-7.868,0.8366,CTCAACAGCAGATTGG,P306I,1,1
-7.868,0.3218,ACACATAATGATGTAA,S228K,1,1
-7.87,0.5976,AAGTAAGCGATTTACA,A253N,1,1
-7.87,0.8366,ATCGAGTAAGATAACG,K259D,1,1
-7.87,0.1819,GAAGTATACATCTTAG,Y178F,1,2
-7.871,1.394,AAACCTACGAGGTGTG,K2W D60N L431K,3,4
-7.871,1.394,TTAACTCTTCCTAGAT,T155R,1,1
-7.873,0.8366,ACAATTGCGAAACAGT,L409G,1,1
-7.873,0.8366,CTCTCCAACTCGCATT,G72M,1,1
-7.874,0.4648,GCGATATCCAGCAACA,R329T,1,1
-7.876,4.183,AAAAATCATGTCACGA,A334E,1,1
-7.876,4.183,AAAAATTAAAATGTGT,I226G C281Y,2,2
-7.876,4.183,AAAACACCCAACGACT,E414N,1,1
-7.876,4.183,AAAGACACAAAAGGAA,I335Y,1,1
-7.876,4.183,AAATACAAGTCAAAAA,F332N,1,1
-7.876,4.183,AAATTAACAAGAACTA,A365Q K453C,2,2
-7.876,4.183,AACCAAAGCCGAAACA,N298P,1,1
-7.876,4.183,AAGATAACTACTCCCT,I267K,1,1
-7.876,4.183,AAGCAAAACGAAACCA,S270D,1,1
-7.876,4.183,AATAATTTTAGACTCA,I58D,1,1
-7.876,4.183,AATAGTCTGGAAAACA,Y302E,1,1
-7.876,4.183,ACATAGAACGAAAACC,T248Y,1,1
-7.876,1.394,ACCAACCAAAATACCT,G465P,1,1
-7.876,4.183,ACGCCTCAACCGCTAT,L427D,1,1
-7.876,4.183,AGATTGGTACTACTCT,P239W,1,1
-7.876,1.394,AGCATACCACAATATA,V26C G256F,2,2
-7.876,4.183,AGCGGTGAAAAGCTGG,P103C I232A,2,3
-7.876,4.183,AGGAACGGACTAAACG,P273S Q407*,2,3
-7.876,4.183,AGGAACTTTCAAATGT,P254D,1,1
-7.876,1.394,AGGCACTAGTTCTAGA,L177P G218L W234*,3,3
-7.876,4.183,AGTAGCGAGAATTGAA,P99L K176Q,2,2
-7.876,4.183,AGTCGATATCAATGAA,W421*,1,1
-7.876,4.183,ATAATACAAGCCATCT,C76F L194H,2,2
-7.876,1.394,ATATGTGAATACTAAA,C64K,1,1
-7.876,4.183,ATCAACATTGCTCAAT,G256E,1,1
-7.876,1.394,ATCTAAGATTAACCGA,R90M V413S,2,2
-7.876,4.183,ATTACATACTCATCAC,G345Q,1,1
-7.876,4.183,ATTTTACCATGTGCAT,A365Q,1,1
-7.876,4.183,CAAACAACTTAATAGA,Q211G A336T,2,2
-7.876,4.183,CAAGACTACCTTACTT,,0,0
-7.876,4.183,CACCTTGTGAACAAAT,Y423E,1,1
-7.876,4.183,CAGATTCATGGCCTAA,N424W,1,1
-7.876,4.183,CAGCTTTTAGCAAAAG,V204R,1,1
-7.876,4.183,CCACTATTCTCCGCAT,L118H,1,1
-7.876,4.183,CCGAAAATCTCCGTAC,G360D,1,1
-7.876,4.183,CTACCAGCGTGAAATC,G352T R456G,2,2
-7.876,4.183,CTAGACTTGAGCTCCA,W84M,1,1
-7.876,1.394,CTATGTAATAAACTCA,G256E,1,1
-7.876,4.183,CTGTACGAATTTCGCA,Y351D,1,1
-7.876,1.394,GAAAAATTACCCAAAA,F294S I437L,2,2
-7.876,4.183,GAAAGAAAAAATTACT,A364H,1,1
-7.876,4.183,GACATAGTTAAAAAAA,T416P,1,1
-7.876,4.183,GACCATTCTCCAAGAA,W343M,1,1
-7.876,4.183,GATTCATAAAACTATC,Q191F K417Y,2,2
-7.876,4.183,GGAAACGACATTAGAC,Y486Q,1,1
-7.876,1.394,GGTTTCACCTACACTT,N170D,1,1
-7.876,4.183,GTGCAAACTCTTTTTA,E443P,1,1
-7.876,4.183,GTGGCCATGGACCTCG,Q164*,1,1
-7.876,1.394,GTTAACGATTGATGAA,R109I A373R,2,2
-7.876,4.183,TAACTCGATTAACAAA,T436K,1,1
-7.876,4.183,TACCATTACTCGTAAA,I374D,1,1
-7.876,4.183,TACGAATAGCAAAATA,Q173M M346Q,2,2
-7.876,4.183,TACGACGATCAGTAGC,K27R L108N,2,2
-7.876,4.183,TACTCAAACCTACAAT,D348L G349A,2,2
-7.876,4.183,TACTTTGACTACGAAA,V88K,1,1
-7.876,4.183,TATGCGCTAAAAAATG,D241V,1,1
-7.876,4.183,TATTCGCGTTTTGAAG,K176V,1,1
-7.876,4.183,TCAACATAATATTGGC,Y100E Q501R,2,2
-7.876,4.183,TCAGAATCATAAATCC,E123T,1,1
-7.876,4.183,TCAGTCTGGTCCCAGA,E123R,1,2
-7.876,4.183,TCCCAATAGAGCCCTA,L409Q,1,1
-7.876,0.8366,TCCCTACTCAAAACAA,L194W S358Q,2,3
-7.876,4.183,TCTTAGATACTAATAA,L455W,1,1
-7.876,4.183,TGGTTTAGTTGATATA,G61C,1,1
-7.876,4.183,TGTATAATAAGCCTAG,W343*,1,1
-7.876,4.183,TGTCCGATAAACTACT,D60L G463V,2,2
-7.876,4.183,TGTGCTAGATCTAAGT,A334H,1,1
-7.876,4.183,TTCATTGAATATATAA,L409G,1,1
-7.876,4.183,TTTGAACCAAATAATT,S228M,1,1
-7.878,0.4648,TAATTAAAACGCAACC,A138Y,1,1
-7.878,0.3803,CATAAAGTACATTTTA,G330Y,1,1
-7.879,0.8366,AACAGAACAGACCACC,K452D,1,1
-7.879,0.8366,AGATGCAAGAATGATC,D366L,1,1
-7.88,0.5975,TTTTTTGGACAACCCA,D487G,1,1
-7.881,1.394,ACACAATCTCGCTTTC,C76K,1,1
-7.881,1.394,ATAACGGTCAACGACA,H17L,1,1
-7.881,1.394,CTGAAAGACATTCAAA,D241L,1,1
-7.881,1.394,CTTAGAAACAGAAAGA,S228L,1,1
-7.881,1.394,TAGTCAACCAGAACCA,,0,0
-7.882,0.8366,AAATCTATTGACTAAG,I335M G342V,2,2
-7.882,0.8366,TCTCAAGACACTTGCT,Y486W,1,1
-7.884,0.4648,AATTGACTAGCGACAT,L118E N445D,2,2
-7.885,1.394,ATGAAATTACGGTCAG,Y486G,1,1
-7.885,1.394,CCAAACACGAAAAAGT,Y98S M346Q,2,2
-7.885,1.394,CTGTACCAAATTAGAG,L108A,1,1
-7.885,1.394,TGGTTATGTGATATTG,V204D D487P,2,2
-7.887,0.4647,TTCCACTAAGTCACAA,C97P,1,2
-7.887,0.8365,GTGATTCCCAGATTCA,E460P,1,1
-7.888,0.5975,ATCTTTTTATGCTATC,S137E G345L,2,3
-7.888,0.5975,TAATTAGTTGCTAACA,V130G I214E,2,2
-7.89,4.183,AAAAAAAAACAAACCA,G23E,1,1
-7.89,4.183,AAACGGCAACGTACAA,L66N I418N,2,2
-7.89,4.183,AACAAATATAGACGAC,F148M R361H,2,2
-7.89,4.183,AATACCATAGAATAGA,S270P,1,1
-7.89,4.183,AATAGATAGAGCGATT,H18C,1,1
-7.89,4.183,AATCGACTTCTAGACT,A196V G352D,2,3
-7.89,4.183,AATTAAAACAGAGCTC,N458Q,1,1
-7.89,4.183,ACAATCACGAGAATAT,K292E G465E,2,2
-7.89,4.183,ACACAAGTGAGCCTAA,K452D,1,1
-7.89,4.183,ACATACTGGCACATAT,S228V,1,1
-7.89,4.183,ACATTCCTATTGGACA,W180T,1,1
-7.89,4.183,ACTCGCACATTAAAAC,T313K,1,1
-7.89,4.183,ACTGCGGCCCCGCGGC,C14Y Y161G,2,2
-7.89,4.183,ACTTAGCCACAAAAAC,T10E D186A,2,3
-7.89,4.183,AGCAACCGAGAACTTC,P306T,1,1
-7.89,4.183,AGGCAAAAACTTCACG,D73Q G275E,2,2
-7.89,1.394,ATAAATCAACCCGCAT,L111G,1,1
-7.89,4.183,ATATATCACAACCAGT,F148T,1,1
-7.89,4.183,ATCCAAACAATACACA,A317N,1,1
-7.89,4.183,ATCCTAATACATCAAC,M168G,1,1
-7.89,4.183,ATCTTGACGCATAATT,D68P P254H,2,2
-7.89,4.183,ATTAGACGCGTTTCAC,R321W L428T,2,2
-7.89,0.8365,ATTCCTTATATCAACA,W421V,1,1
-7.89,4.183,CAAGTAAAAACAAAAG,H471G,1,1
-7.89,4.183,CCAGGTATCCAGAAGA,T155R S231R,2,2
-7.89,4.183,CCCAAACCACACGAAT,T155R,1,1
-7.89,4.183,CCCAAAGACTAGCTCG,A365L,1,1
-7.89,1.394,CGAAAACCATAAAATA,H17I,1,1
-7.89,4.183,CTATTCAAACCCAACA,Q80* L455K,2,2
-7.89,4.183,CTCAAGAAACTAGATT,N133L N341H,2,2
-7.89,4.183,CTTACTTTACCAACCA,A212G K380D,2,2
-7.89,4.183,GAAAAGATAAATGCCA,V26* N126M G349S,3,3
-7.89,4.183,GAACGACATTTACCAA,G465S,1,1
-7.89,4.183,GAATACTCTAAAATAA,P185H W343A K503V,3,3
-7.89,4.183,GAATATACAGTGTAAT,W343R L409M,2,2
-7.89,4.183,GACTCCTATCAATACA,W421S,1,1
-7.89,1.394,GCCGAAACTACTACTC,A11K N285L P289S,3,3
-7.89,4.183,GCTCCCCGGAATAAGA,C477I,1,1
-7.89,4.183,GGATATTGCGCAAACG,R90M,1,1
-7.89,1.394,GTCAAACACAGCTCAC,P254V,1,1
-7.89,4.183,GTCACCCTCATAATCC,S145H C473L,2,2
-7.89,4.183,TAAACCATCCCATTCT,F125I Y470E,2,2
-7.89,4.183,TAAATTTACTACAGCG,F353T,1,1
-7.89,0.8365,TAACTAAACCAAGCAA,S47F E325*,2,2
-7.89,4.183,TAAGATAAGAACCAAG,N53P T451D,2,3
-7.89,4.183,TATATCAAACGATTTA,S422W,1,1
-7.89,4.183,TCAATTTCTAAATTAT,K131P,1,1
-7.89,4.183,TCACCACTATCATGTA,I214F C466F,2,3
-7.89,4.183,TCCTATTTTATATCAA,Q197K D241P,2,2
-7.89,4.183,TCGCACAGTATAAACG,Q44W N433K,2,2
-7.89,1.394,TCGCATGAGAATTGCC,K207Y D438N,2,2
-7.89,4.183,TCTCCCCAAAGAGTAT,W153E,1,1
-7.89,4.183,TCTCCTACCTGTTAAG,I230S,1,1
-7.89,4.183,TGAAAATTATATTCAG,C139R C281G,2,2
-7.89,4.183,TGATTTCAACCATTTG,W127D,1,1
-7.89,4.183,TGCCTCAGGAAAACTC,G200Y E426C,2,2
-7.89,4.183,TGGGGAAATTACTACC,Y486R,1,1
-7.89,1.394,TTACCCTAGCTGAGAA,E123R,1,1
-7.89,4.183,TTCAATTGTTATCACC,G362R,1,1
-7.89,4.183,TTCTGAATGAATCATC,W350E E401V,2,2
-7.89,4.183,TTGGTTCAAGCAGTCG,T206P T313E,2,2
-7.89,4.183,TTTAGAACCATTATAT,V204P,1,1
-7.89,4.183,TTTCAATAAGGTAATA,F120P,1,1
-7.89,4.183,TTTTGATGGTTATGAA,I331G,1,1
-7.891,0.246,AAATCACACGAAAATT,K176L,1,1
-7.891,0.4647,AATGCATAATTAAGAA,F258D,1,2
-7.893,0.4647,CCGATTTATCATTATT,N126R W127R,2,2
-7.894,1.394,AACAATATTTTACCCA,Q363P,1,1
-7.894,1.394,AATAAGACGGCATACC,P227Y V309N,2,2
-7.894,1.394,AATGAAGCGTATCAAT,D438P,1,1
-7.894,1.394,CTACCTATACCCAGCC,G360E Y412F,2,3
-7.894,1.394,TATACTGAGCTAAAAA,F87N,1,1
-7.894,1.394,TCGTAAAAGTAGCACC,A364H,1,1
-7.895,0.8365,CAACATAAGTGAATTA,G49W H471Y,2,2
-7.895,0.8365,GGCGTGAACTAAATCA,D419K G465E,2,2
-7.896,0.5975,AAACGTTAAATGCAAT,F338A M462I,2,2
-7.898,0.5975,CATCACTCTCTAAACA,A19E I252N,2,2
-7.898,0.8365,GCAGAATTTTAAAACA,Q1* G504V,2,3
-7.899,1.394,AAGAGGATCATGAAAA,F294I,1,1
-7.899,1.394,ACCGAACAGAACCAGA,W153Q,1,1
-7.899,1.394,AGATAAACATAATTTT,R499F,1,1
-7.9,0.5975,GTCGTTCCCTAAATCA,C64Q E449R,2,2
-7.901,0.8365,GTTCATACTCCTACTT,S287L,1,1
-7.904,4.182,AAACATAAGTTCGATT,W84G,1,1
-7.904,4.182,AAACTAACATAATACT,F125C G263V,2,2
-7.904,4.182,AACAAGAATTCAATCC,G142* N322S,2,2
-7.904,4.182,AATGAGAAAGACAACT,I274D,1,1
-7.904,4.182,ACACTGTTATAAAAAT,P185R,1,2
-7.904,4.182,ACAGAATTTGTCAAAC,G360C,1,1
-7.904,4.182,ACAGATCTACATCACA,I437T,1,1
-7.904,4.182,ACATTCAATTGATCCT,N357Y,1,1
-7.904,4.182,ACCGACTTATCCTCAG,F332N,1,1
-7.904,4.182,ACCGTTAGCTAAATAG,H471Y,1,1
-7.904,4.182,ACGAACGTGCTACTCT,A106V W127* N216M,3,4
-7.904,4.182,AGAATGTATTCGCAAC,Y308N,1,1
-7.904,4.182,ATAATTTTAAATCATC,E280I H471K,2,2
-7.904,4.182,ATATAAAAAAAAACTA,L15*,1,1
-7.904,4.182,ATATAATCTAGCACAG,D348R E410K,2,2
-7.904,4.182,ATCTAAAAGTACAACG,T37R,1,1
-7.904,4.182,ATTATCAAACGTAACT,N170Q,1,1
-7.904,4.182,ATTTCGTTAATTCCGC,V43M,1,1
-7.904,4.182,ATTTCGTTACGCAACA,N6R G286D E344K,3,3
-7.904,4.182,ATTTTAAAAAGACTAA,S95V G386E L409P,3,3
-7.904,4.182,CAAAAAGCTTTCTCCC,T248A,1,1
-7.904,4.182,CAAAGAACTATGAACT,F125S S199K,2,2
-7.904,4.182,CAACTAACACCTGGTA,Q434V,1,2
-7.904,4.182,CACAAAAATAACAAGA,L13P C466L,2,2
-7.904,4.182,CACCAGAAAATGACTA,G349Y,1,1
-7.904,4.182,CATACCCCAATCGAAG,L13H,1,1
-7.904,4.182,CCACATATACAGATTA,C139Q,1,1
-7.904,4.182,CCACCTCTCACTAATC,I202P,1,1
-7.904,4.182,CCGGCTGGAATAACAT,Y257I,1,1
-7.904,4.182,CCGTCGACTCGATATT,C64I K453N,2,2
-7.904,0.8365,CGCCTTTAGACACTTA,T24N R90K C466A,3,3
-7.904,4.182,CGGCCGAAGACAACAT,D291Y F294Q,2,2
-7.904,4.182,CTAAATCTCAACACGT,T187K P221H,2,2
-7.904,4.182,CTAAGAAAAATAAGAG,I252D,1,1
-7.904,4.182,CTATAAACTAAAGAAT,A373E,1,1
-7.904,4.182,CTCTATATACACTAAC,I245H,1,1
-7.904,4.182,CTTTCTCACGATCGTC,D85W Q295R R321W,3,3
-7.904,4.182,GACTATCCGCCAAAAA,W180A,1,1
-7.904,4.182,GCCAACGTATATTAAT,S107Q G352E,2,2
-7.904,4.182,GTAATAGTGTAAAAAA,G463F,1,1
-7.904,4.182,GTAATTTAATACAACC,I331H,1,1
-7.904,4.182,GTACGTTATAAACACA,F448E,1,1
-7.904,4.182,GTATAACTCATACACG,V237F,1,1
-7.904,4.182,GTATTCAAATATTGGC,D366T,1,1
-7.904,4.182,GTCCCCCATTAGACAA,K176G,1,1
-7.904,4.182,TAAAAATTATTTAGAG,T206W,1,1
-7.904,4.182,TAAAATGGACTAAACG,N250W,1,1
-7.904,4.182,TAATGGTTCCTTTGAT,A364K,1,1
-7.904,4.182,TACAATAGTTATAACA,L13E,1,1
-7.904,0.8365,TAGAAATAGCAACCAT,M168F A425D,2,2
-7.904,4.182,TATGAAAAGACTTGCT,N458M,1,1
-7.904,4.182,TCCCTCCATGCGCTTA,M268A,1,1
-7.904,4.182,TCTCAGAACACCAAAA,S54H L496C,2,2
-7.904,4.182,TCTCCTCACCAGGATA,G256L,1,1
-7.904,4.182,TGCCTTCAACCACTAG,F467S,1,1
-7.904,4.182,TTCCTACCCTCACATA,S115F P254L,2,2
-7.904,1.394,ACTGTAGCATCAAAAT,E89H,1,1
-7.906,0.5975,TCACGTCGTCGGGGAT,V223H A365Y,2,3
-7.906,0.8365,AAGGTAAAACCAAAAA,F147A,1,1
-7.906,0.8365,AGTTTCTTCAATTAGA,D77S G303R,2,2
-7.906,0.8365,ATCCTATCACCAATAA,F332E I481R,2,2
-7.906,0.8365,CGCACGTAACATATCA,F125S,1,1
-7.906,0.8365,TAAGAATCATAAAACT,F332E,1,1
-7.907,0.3217,ACTGAAAACCTTAAAC,K380T,1,1
-7.907,0.1992,ATAAAACTAATATAAG,R90W,1,1
-7.907,0.3802,ACTTAGATCCTGCGTC,E426S,1,1
-7.907,0.3802,GACAAACAAAATTACA,T206G P306N,2,2
-7.907,0.5975,GGAAAATGACACCTAT,N38I V166K,2,3
-7.908,1.394,AATAAGACAGCAACGA,K121- N122-,2,2
-7.908,1.394,AATGCGTTTTCATATT,V112R,1,1
-7.908,1.394,AGAATGCTAAATAGAA,L86R,1,1
-7.908,1.394,AGACTAGGACTGAAAA,L70Q Q454M,2,2
-7.908,1.394,CATTGGTCGCCAACGA,I51W,1,1
-7.908,1.394,CTAGTAAAGGCCAGAG,V429E,1,1
-7.908,1.394,TATCGCCCTATACAGC,Y302P,1,1
-7.908,1.394,TCACCTCCAAATGGCA,H18C,1,1
-7.908,0.2788,TGCTCAGAAGATCACA,G134T,1,1
-7.909,0.3217,TTAGTATTAACAACAT,Y98S,1,1
-7.909,0.8365,CAAAAAGTAACTGGCA,G465C,1,1
-7.909,0.5975,ATCTTGCAGATTACCC,I51N,1,1
-7.91,0.4647,GCAGTCTTCAGTAAAC,I478Q,1,1
-7.91,0.2788,TACCTACACCACTAAG,G61S D188C,2,2
-7.911,0.3217,AGCGGTAAATAAATTC,G49K S136W,2,2
-7.913,1.394,ACAACCACAAGATCAA,L66R G504R,2,2
-7.913,1.394,CAAAAAAAACAGTACA,G16N Q394A,2,2
-7.913,1.394,CTAAAGTTTAAATGCC,N170E,1,1
-7.913,1.394,CTAGAACAGCCGAAGG,R329S,1,1
-7.913,1.394,GTAATACTGAGCTTGA,C139D N498F,2,2
-7.913,0.4647,TAACTGCTCTGCGCAC,I202W A212V,2,2
-7.913,1.394,TCAGCGGGAAAAGGCT,E123K,1,1
-7.913,0.5975,CAACATAGTTCAACAA,L431K S442N K503F,3,3
-7.914,0.2788,TAAAATAATGTCGCTA,S110N L244R A476E,3,3
-7.915,0.3802,TACCACTTGTAAGATA,I51C,1,1
-7.917,4.182,AAAAGTTAAAAAGCAC,R141F F353R G386R,3,3
-7.917,0.8365,AAAATATAATCAAACT,C305S,1,1
-7.917,4.182,AAACAGAACAATTAAT,N246H,1,1
-7.917,4.182,AAACCTGAAAGTATCA,V112R,1,1
-7.917,4.182,AAAGCATTCGTTATCA,G61I,1,1
-7.917,4.182,AAAGCCAATATTTCAA,G16S,1,1
-7.917,4.182,AAATGAAAGAAAATCC,W234H,1,1
-7.917,4.182,AACTACACTAATAAAA,N190H,1,1
-7.917,4.182,AACTCCAACCTTAACA,I288R,1,2
-7.917,4.182,AATACAACGCCAGTAA,E401K E414K,2,2
-7.917,4.182,AATATAATACTTACCA,L177T S266K P284R T388H,4,4
-7.917,4.182,ACAATAAGAATCTTAT,N53M N489P,2,2
-7.917,4.182,ACACCCCAAAACACTG,L86E,1,1
-7.917,4.182,ACCAAAGGAGAAAATA,V36M,1,1
-7.917,4.182,ACCTTACTACCCTTAT,N357E,1,1
-7.917,4.182,AGAACTGTAATCGCAA,L177H P293S N389I V402H,4,5
-7.917,4.182,AGAAGTAAAGCAACTT,Y423N,1,1
-7.917,4.182,AGGGTATAGCGTACCT,D241V,1,1
-7.917,4.182,AGTTGACAATATTACA,E89Y,1,1
-7.917,4.182,ATCAACCTGGTATAAG,L151S,1,1
-7.917,4.182,ATCAATCCGAACACAC,W350*,1,1
-7.917,4.182,ATCTCGCGAGTATAAA,S115N C281D R354N,3,3
-7.917,4.182,ATTCCTATCTACAGAA,P74R,1,1
-7.917,4.182,CAAAGACAAAAACCTT,E460F,1,1
-7.917,4.182,CAAAGCCATTTCTCAC,C64G,1,1
-7.917,4.182,CAATAACGCTAAATAA,S95Q L439Q M462N,3,3
-7.917,1.394,CAATTAATTTAATTGA,W350M,1,1
-7.917,4.182,CACCATCTAACACGCA,R208C L496R,2,2
-7.917,1.394,CATAGTGAAAGTCATC,A253W,1,1
-7.917,4.182,CATTTTCTTTTATATA,G286V,1,1
-7.917,1.394,CGCCCCACACATTCAA,M346K,1,1
-7.917,4.182,CGTAAATATGCAAGCT,A39*,1,1
-7.917,4.182,CGTAAATGATACTACT,P284* S422R,2,2
-7.917,4.182,CGTATTGTCTGTTAAA,W127G E280M,2,2
-7.917,4.182,CTAAAAAGTTACGAAT,I58N,1,1
-7.917,4.182,CTTAACTAACCCTCTA,C139T,1,1
-7.917,4.182,CTTATATAGAAAAACT,R499V,1,1
-7.917,4.182,CTTTCTATAAACCATT,G360Q,1,1
-7.917,4.182,GAACATATATTTGCTA,F467K,1,1
-7.917,4.182,GAAGCACTGGTTACTC,H488V,1,1
-7.917,4.182,GAGTGAATGAACTTTC,V26K G218L T283S V297R V402G R492G,6,6
-7.917,4.182,GCACCTAGCAAATACC,N22W A317R,2,2
-7.917,1.394,GCATCGCTTCATAATT,F258E Q407*,2,2
-7.917,4.182,GCATCTTCAAATAGAG,,0,0
-7.917,4.182,GCCGATAATAGGAATC,F258S,1,1
-7.917,4.182,GCCTTCACCGGAATCG,G286S G360K,2,2
-7.917,4.182,GTATTCGAAATAAAGG,C281T P293L L384Q V402R,4,4
-7.917,4.182,GTCAATACCATAAGGT,T370F,1,1
-7.917,1.394,GTGCCATTAAAACTTA,N322D V406P,2,2
-7.917,4.182,TAAACCGTCTATTGAC,R299W C305F,2,2
-7.917,4.182,TACAATGTACAAACAA,T436Q,1,1
-7.917,4.182,TACCAAGAACTGGAGA,I242P,1,1
-7.917,4.182,TAGGGTGAAGACTAAA,S193R R321G,2,2
-7.917,4.182,TATAAATGCCCCACTC,T436G,1,1
-7.917,4.182,TATGAGATGCCATATA,L13R I217C,2,2
-7.917,1.394,TGACTCATACTCCTAA,I67W,1,1
-7.917,4.182,TGCATCGAAGAAATTC,G200M E449G,2,2
-7.917,4.182,TTACTAGAATCGCTGA,A495Q,1,2
-7.917,4.182,TTAGACACCAGACAGA,A11L E457K,2,2
-7.917,4.182,TTGGCGCTATAGAGAC,L108Y,1,1
-7.918,0.3802,CCCGAACTTCATTTGA,S228Y,1,1
-7.919,0.5975,TTAGGAATTCTAACAT,E460K,1,1
-7.922,1.394,CTAAAAAAAAAACCGC,F353I E414P,2,2
-7.922,1.394,CTAAGAATTATAACAC,D101I W343Q,2,2
-7.922,1.394,CTAAGGCACCTATTAA,E123C,1,1
-7.922,1.394,GATATAACAATGCAGA,S369N,1,1
-7.922,1.394,TTAGGCGTAGTATATA,E340S,1,1
-7.922,0.3802,ATAACCCATAACACCT,F332N,1,1
-7.923,0.2788,CCGAACGCTGACCCCA,R201V T203P,2,2
-7.925,0.3217,CCATATACACTAAGTA,T283I Q394H,2,3
-7.926,1.394,ACATAAGGTATGTTAA,Q295L,1,1
-7.926,1.394,ATCCAGCCAGGTCGAT,L177A A272R T283S Q394D,4,4
-7.926,1.394,TAAAGGACTGTCCACA,T248H,1,1
-7.926,0.4647,CACATCATCGCATCCA,G345S,1,1
-7.927,0.5975,TGATTAAGAAAAGTAG,L15R,1,1
-7.928,0.3217,TATCGGAGGAACGACT,D73N V112R,2,2
-7.928,0.8364,AACCCTAGATTCCCTT,L157P A372P,2,2
-7.929,0.5974,CTACTATTGAAGTAAT,A212V P289S S369E,3,3
-7.931,4.182,AAAACCAGTTTCCACA,C64P A69S,2,2
-7.931,1.394,AAAACCATATGAGTTA,N45E F258C,2,2
-7.931,4.182,AACAAGATGTCCAAAG,I202W T485Q,2,2
-7.931,0.4647,AACACTGCACATGAAT,V204M R220C,2,2
-7.931,4.182,AAGTCTATACCCGTGA,Y98C,1,1
-7.931,1.394,AATCATAGCCTGCTGA,G345N,1,1
-7.931,4.182,AATCGGTAGCACTTTT,D366R,1,1
-7.931,4.182,ACAACACTAAATACCC,G352P,1,1
-7.931,4.182,ACCACACCTGCTTCCC,,0,0
-7.931,4.182,ACCCCTGCATAACGCA,F148R,1,1
-7.931,4.182,ACCTCATATTAGTATA,F148S,1,2
-7.931,4.182,AGAGTAACCCGCATTT,V413Y,1,1
-7.931,4.182,AGATAAACTGCCTGGT,C473G,1,1
-7.931,1.394,AGCCAAGAAAATACTT,K176V E410N,2,2
-7.931,4.182,AGTAAATATAAATGGA,,0,0
-7.931,4.182,ATAAGTAATCGTAGTG,T248G,1,1
-7.931,0.5974,ATATACCACTTCCTGA,V36R A495R,2,2
-7.931,4.182,ATATTAGAAATTTTTA,G181S I214K,2,2
-7.931,4.182,ATGATTTGCCCTGGAA,L367V Y470K,2,2
-7.931,4.182,ATGCAAACGTGTGGGA,I282D,1,1
-7.931,4.182,ATTATTGGACCCTAAA,I377H,1,2
-7.931,4.182,ATTCAGAAACGATTCC,I502E,1,1
-7.931,4.182,CAAAGGAGATTAAGTT,G61I,1,1
-7.931,4.182,CAACTAACATAGGAAT,I67G Q371H,2,2
-7.931,4.182,CAAGAATCAAATTACA,,0,0
-7.931,4.182,CACAAAGATATTTAGG,S110G H488G,2,2
-7.931,4.182,CACCACAAATTAAATG,C52V,1,1
-7.931,4.182,CAGCCACGCGACATGT,Y491D,1,1
-7.931,4.182,CCAACATGATAAAAAA,G181N,1,1
-7.931,1.394,CCAATGTCGACACCAA,A113F,1,1
-7.931,4.182,CCTTAATAGAGCCCTG,T12A S422N,2,2
-7.931,4.182,CGCAACCGATGCACGC,G303C,1,1
-7.931,4.182,CGGTAATTTTTATATA,A212T G218D W421T,3,3
-7.931,4.182,CTACAGCTAAATAGGA,P254I,1,1
-7.931,4.182,GACGTCCAGAACTTTG,G275R N285F G465R,3,4
-7.931,4.182,GAGTAGACATCACTTA,Y470G,1,1
-7.931,4.182,GGATTCAATAAATCGT,I274Y T485C,2,2
-7.931,4.182,GTAAAATCTAACTACT,I437E,1,1
-7.931,4.182,GTAAGGCATTTCGATT,C64Q S422A,2,2
-7.931,0.8364,GTATTTGAGTTGAAAT,N31G Y351I N464K,3,3
-7.931,4.182,GTCTGTGAACCCAACT,F87G,1,1
-7.931,4.182,GTTTTGTTAGTACCCT,K468D,1,1
-7.931,4.182,TAAAGTGCTCTAATAA,F147N,1,1
-7.931,4.182,TAACACCTCAATCAGA,V36R,1,1
-7.931,4.182,TAAGAAATTAGGAACG,G181F V182I,2,2
-7.931,4.182,TAAGGAAATTGCTTGC,G345P Q454S,2,2
-7.931,4.182,TACAGCTTAAACTCAG,N464P,1,1
-7.931,4.182,TACCTTTCCACGTACT,V112Y,1,1
-7.931,4.182,TACGAGAAGAAAAAAT,W343Q,1,1
-7.931,4.182,TAGATACCTCAAATCT,S145V F467A,2,2
-7.931,0.8364,TAGCTCGGACCCGGCA,R150E,1,1
-7.931,4.182,TAGTCTATAAAACAAC,V429Y,1,2
-7.931,1.394,TATTTAAGCTTAATTC,W421A,1,1
-7.931,1.394,TCACCGAAAAACAATG,L194P,1,1
-7.931,4.182,TCCAATGATTAATATA,L447K,1,1
-7.931,4.182,TCCTATTAAAAATCTC,G286Q,1,1
-7.931,4.182,TGAAATAAGCCCACCC,R329P,1,1
-7.931,4.182,TGCCTACGCACAGTCA,G256R,1,1
-7.931,4.182,TGCCTCACCCTGTTAG,C477S,1,1
-7.931,4.182,TGCCTGATCTCTTAAG,Q434I,1,1
-7.931,4.182,TGGACGTTACAGATGT,G181T,1,2
-7.931,0.8364,TGTTTACCTCGGTACC,Q371W,1,1
-7.931,1.394,TTACAGCAGGACATCC,I252K K452F,2,2
-7.931,4.182,TTCCTACCTTGATTAA,L42Q,1,1
-7.931,4.182,TTGGAAAGCAACAGAA,E123H,1,1
-7.931,4.182,TTTTGAAAAAGCATAT,N341K,1,1
-7.933,0.5974,GACTTAATCCACCTGG,A39I,1,1
-7.935,1.394,ATGATGGCCCTACTGG,A253F T370K,2,3
-7.935,1.394,ATTTCAAACCATAGTT,C466M,1,1
-7.935,1.394,CGTTTTAGCTTGATCT,A373Y,1,1
-7.935,1.394,GTAGCCTCAGTTTGAA,P254V,1,1
-7.935,0.4647,TTTCATCACTATTCTA,Y351Q,1,2
-7.936,0.8364,AATTACTAATCTGAGT,G362L K417P,2,2
-7.936,0.8364,GTAAATTCTGTTCTTC,L108R,1,1
-7.936,0.5974,AGTAAATCCAATACCA,A69D,1,1
-7.938,0.5974,TTATGAACAGAACTTA,T235R,1,1
-7.939,0.8364,AACAGAATCTTGCAGG,I226M G345C,2,2
-7.94,1.394,ACTAGCAGTAACATTA,I245D,1,1
-7.94,1.394,CACAAAAAACGTAACC,C277Y F294T,2,2
-7.94,1.394,CGAGCAATAGGTACCT,T313G S422N,2,2
-7.94,1.394,TAGTATACAAAACAAA,Y98W,1,1
-7.94,1.394,TATAAGTACATTATTT,S287V,1,1
-7.94,0.5974,TCTTCGATGCTAAGCG,G181P,1,1
-7.941,0.2788,TACCCTATCTACCAAT,R90A,1,1
-7.942,0.5974,CACAAATCTTATAACA,T37A P289F,2,2
-7.943,0.4647,GGAAGTCACAAAGCGA,S146P,1,1
-7.944,4.182,AAAACAATAAATGAAG,L381S L427P,2,2
-7.944,1.394,AAAACCATCACTAATA,P99R,1,1
-7.944,4.182,AAAATTAAAAGTCCCG,V223D N464V,2,2
-7.944,4.182,AAACAACTGATGAACT,V130Y,1,1
-7.944,1.394,AACAAAAACTACAACC,W84M,1,1
-7.944,4.182,AACTCATACCCGAAGA,T10I L15M N296K,3,3
-7.944,4.182,AATAAATACCAACCCT,I437A,1,1
-7.944,4.182,AATCATGAGTGCCCCG,T436G,1,1
-7.944,1.394,AATCGGAAGAGTTCTA,A39M,1,1
-7.944,4.182,AATTAGTAATATCTAT,F448T,1,1
-7.944,4.182,ACAACCCACAATAAAC,W153P,1,1
-7.944,4.182,ACACAATTTAATAGAT,V102M I481W,2,2
-7.944,4.182,ACACAGGTATGAGAAC,,0,0
-7.944,1.394,ACATGCTGTCGAGAGG,D241W,1,1
-7.944,4.182,ACCTCTTTAAAACTAG,H488I,1,1
-7.944,4.182,ACCTGACGAGTCGCCT,M346I K452T G504D,3,3
-7.944,4.182,ACGAAGCCACTATTGG,W153R S156G,2,2
-7.944,4.182,ACTCAAAAGTGAAAAA,G23F F125L,2,2
-7.944,4.182,ACTTAAATCCCAGTCC,G286S T313W,2,2
-7.944,4.182,AGCACATCATGCAATG,T12G,1,1
-7.944,4.182,AGCAGTTCGCCATACT,P185F,1,1
-7.944,4.182,AGGAGCAGGTCAATCC,L409G,1,1
-7.944,4.182,AGGGATCACAAAATGG,R224D N424W,2,2
-7.944,4.182,AGGTACATCTACTACT,V130F,1,1
-7.944,4.182,ATAAACGAGCGGATGA,H183C D419M,2,2
-7.944,4.182,ATAATTACAAGAAAAT,G465V,1,1
-7.944,4.182,ATACTATTCTAACAAT,E325K K450W,2,2
-7.944,4.182,ATAGAGTTAATCAACA,A334D,1,1
-7.944,4.182,ATAGTAAGCATTTAAG,,0,0
-7.944,4.182,ATTAAAAATATAATAG,I58F,1,1
-7.944,4.182,CAAGAGCCTTTATCAC,I230Y,1,1
-7.944,4.182,CACTAAGAATATAACA,C76W,1,1
-7.944,4.182,CAGCGTTAACAGTAAC,G116T H184T,2,2
-7.944,1.394,CAGTAACTATCCTGTA,S287E,1,1
-7.944,4.182,CCAATCAGAACCAGTG,R90F A212R,2,2
-7.944,4.182,CCACCCTTTTCAAACC,N158K G360D,2,2
-7.944,4.182,CCGACGTTGCTATCTT,S279D E340D,2,2
-7.944,4.182,CGAAGAGTGCACACAA,N250C,1,1
-7.944,4.182,CGCTTAACCGCAAACA,Q197P L420H,2,2
-7.944,4.182,CGGGGGTTCCCAGTTT,S422Y,1,1
-7.944,4.182,CTCGAAGAGATACCTA,F147R,1,1
-7.944,1.394,GAGACCTTAATAAAAG,E398K E410K D493V,3,4
-7.944,4.182,GATAATCTGCTACTGA,L71W,1,1
-7.944,4.182,GATTAAGGGATACACC,W84C,1,1
-7.944,4.182,GCGAATGTGTCAAAAC,S219K G352A,2,2
-7.944,4.182,GTGCCTACTGTGTCAT,G116N,1,1
-7.944,4.182,TAAAGAATATTGCAAA,T248P,1,1
-7.944,4.182,TAAAGTATAACTAACA,S266P,1,1
-7.944,4.182,TAAGAGTAATTCAAAA,C97M,1,1
-7.944,4.182,TAGCATACTTTTCATA,I252D C477S,2,2
-7.944,4.182,TATCAACCCATCAACG,Y423T,1,1
-7.944,4.182,TCACTTTGAGAAGCAT,L314T,1,1
-7.944,4.182,TCCCTAACGAAAACAG,W153R,1,2
-7.944,4.182,TCGCCACAGTTCTAAA,Q173R R321G,2,2
-7.944,4.182,TCGCTTACCGATGTAA,D366R D408N,2,2
-7.944,4.182,TCGTTAAGAAAGATAC,E41K C281Y,2,2
-7.944,4.182,TCTTGACCACACTTAG,A495L,1,1
-7.944,4.182,TTCCCATTTAAATAAT,V309W,1,1
-7.944,4.182,TTGGATTAAACGAGCA,G330L,1,1
-7.944,4.182,TTGGTGTATGAAGCAA,S422L,1,1
-7.944,4.182,TTTCTAAGTTTGAAAC,P4F V204E,2,2
-7.945,0.3802,CTAGCCCACCGTTGTC,Q376* N433M,2,2
-7.947,0.8364,ATAATTATTCAAACTT,I230C,1,1
-7.947,0.8364,ATATTTTTCCAATGTA,S247- T248- G249- L427Y,4,4
-7.948,1.394,ATATGCAGCCGCACAA,W350N,1,1
-7.948,1.394,ATGTGCAACAGAAGAA,G240C R499C,2,2
-7.948,1.394,CAGAGTCTATCGGAAA,H355W,1,1
-7.948,1.394,GCAAGTACCGATAAAC,G256K,1,2
-7.948,1.394,GGCTGGAAGATCTGAT,W350L,1,1
-7.948,1.394,TATCGAACACTACTAA,G360L,1,1
-7.948,1.394,TGTGTGGTAGAGTAGT,F258I A495I,2,2
-7.949,0.3802,AAGAATGAGTTTCCTA,H183I D186Y,2,2
-7.949,0.3802,TTATTCATTACGGCCA,N158D H355W,2,2
-7.949,0.8364,AAACTATACTACTAAT,L13P,1,1
-7.949,0.8364,AGTATAAAAGTGAAGA,Y470A,1,1
-7.949,0.8364,ATTTTACTGTCAAGAT,I202E,1,1
-7.949,0.8364,TTGTCCCGTGACACAA,C477I,1,1
-7.952,0.1195,CCTTAAAACCTTAAAA,N190W,1,1
-7.953,1.394,AACAGATCCTTTTAAC,I267D,1,1
-7.953,1.394,ACAAATAAATTAAAAA,,0,0
-7.953,1.394,CCAACACGATGACTTT,R499A,1,1
-7.953,1.394,CCATAATTAAAGGCCT,V182R,1,1
-7.953,1.394,CGCTCACGGCTACACC,V20I G303T,2,2
-7.953,1.394,GAATCGGAGGTTGTAT,F338T,1,1
-7.953,0.5974,AATGCAGTAAAAGGTG,G72P I230S,2,2
-7.953,0.5974,ATCCCGATATATGTAG,K176P,1,1
-7.955,0.8364,ATATCCTTAATAATTT,T416R,1,1
-7.955,0.8364,GATGAAATCAAGGACG,I288H,1,1
-7.955,0.1673,TATGCAAAACCAAAGC,A336T,1,1
-7.957,1.394,ACTAAACCACTACTGG,Y486E,1,1
-7.957,1.394,AGATGTCTACAAAAAG,I339T G360D,2,2
-7.957,1.394,CAAAGCACAAACGGTA,I232R,1,1
-7.957,4.182,AAACTATGGAATAAAA,Y351H C473D,2,2
-7.957,4.182,AAATATCCTAAAAGGT,I478N R482I,2,2
-7.957,4.182,AAATATTTCAACATAC,G349W,1,1
-7.957,4.182,AAATCATAACTTAACT,E432K,1,1
-7.957,4.182,AAATCCAATAAGAGTC,H183R,1,1
-7.957,0.8364,AAATTTGGGATTAGGG,M268G,1,1
-7.957,4.182,AAGTTAAAAAATTTAT,G352T I395A,2,2
-7.957,4.182,AATATGTATTCCCACA,G349R,1,1
-7.957,4.182,AATTATTACTGTTTTT,L86Y,1,1
-7.957,4.182,ACAATAGGTCTAATAT,G218A P293L R321E V402I,4,4
-7.957,4.182,ACCCTTCTAAACTTCA,S47W Q434G,2,2
-7.957,4.182,ACCGAGGCCCTTGCCA,T206E S312F,2,2
-7.957,4.182,AGGATGAATTTTAAAA,Y98I,1,2
-7.957,4.182,AGTTTGCGTGAAAAAA,S95F L111Q,2,2
-7.957,4.182,ATAAGTAAAGTTTTTT,Y412W T485F,2,2
-7.957,4.182,ATCACTTAAAACAGAG,D241I,1,2
-7.957,4.182,ATCAGGTTACAACGTT,C97L,1,1
-7.957,4.182,ATCGGTAAACTCCAAT,F392* V402Y,2,2
-7.957,4.182,ATTAACCTTTAATAAA,R499C,1,1
-7.957,4.182,CAAGAAGCAACCCTAA,I469R,1,2
-7.957,4.182,CAATAATCGTAAACCA,V429L,1,1
-7.957,4.182,CAATTATTCCAAAAAC,,0,0
-7.957,4.182,CACACCACCAGCAAAA,D77R L431P,2,2
-7.957,4.182,CAGTCTCCTCCGGACC,S228L,1,1
-7.957,4.182,CATTACACTATAACCT,N250W K292Y,2,2
-7.957,4.182,CCCGCTCGAAGTAAAG,L177A A272E G345F,3,4
-7.957,0.5974,CCTATCACTTACACTA,G16M,1,1
-7.957,4.182,CGAAAATCCTTGGTTT,I481S,1,1
-7.957,4.182,CGGACAGAACTACAAC,V43I C52F,2,2
-7.957,4.182,CGGATGAACCAAATAA,H488K,1,1
-7.957,4.182,CGGTCTCTCCCTCAAA,K50M G142*,2,3
-7.957,4.182,CTCTTTTACGCCATTT,P254R,1,1
-7.957,4.182,CTGACCCCCGATGTCG,L316M A317R,2,2
-7.957,4.182,CTTCAGTAAAGGATAC,C305W,1,1
-7.957,4.182,GAAAATAGATTACCCA,Y257P S265I,2,2
-7.957,4.182,GAAGTGATAAGACACA,I58K,1,1
-7.957,4.182,GACCAACCCAGTCACA,V429E R456W,2,2
-7.957,4.182,GAGACCCACCACAAAT,M346Q,1,1
-7.957,4.182,GATGATCCGAGGCCCG,C97A G345F,2,2
-7.957,4.182,GCAATAGGAGGCCTCA,L455K,1,1
-7.957,4.182,GCATAATGCTAAGTTA,A425R,1,1
-7.957,4.182,GCTATCTGAAACCAGA,S136L Y302E,2,2
-7.957,4.182,GGAGTCCGCACGCTTA,A317G,1,1
-7.957,4.182,GGGAATCAAGTTAATC,I335H,1,1
-7.957,4.182,GTAAACTCAACAAAAA,G275P D487Y,2,2
-7.957,4.182,GTTATACAATCAATAG,F87A T370R,2,2
-7.957,4.182,TAAAAGTTGGAGTCCA,N298L,1,1
-7.957,4.182,TAACTCCTATGTCAAT,L194D S265E,2,2
-7.957,4.182,TACAAAATATCCACCA,I481A,1,1
-7.957,4.182,TACTGTTCATACAACT,G342N,1,1
-7.957,4.182,TAGATTAATTACAGAA,R109F,1,1
-7.957,0.5974,TAGCGTTAAATGTCTC,M462P,1,1
-7.957,4.182,TAGGTATACAAAAATT,E432V,1,1
-7.957,4.182,TAGTAAAAAACAAAAC,A19Y Y423T,2,2
-7.957,4.182,TAGTCCTAAATGAACG,S270Q K453P,2,2
-7.957,4.182,TCAGCAAATATGAATC,T155I Q164C W421*,3,3
-7.957,4.182,TCATAAATACCAGTGT,Q295G,1,1
-7.957,4.182,TCATACTAGTATGGTC,I67P,1,1
-7.957,4.182,TGAGCACAACTATAAA,G218*,1,2
-7.957,4.182,TGCATTCATTCTATTA,S146N R383P,2,2
-7.957,4.182,TGCCACAACAAACGGC,N250M,1,1
-7.957,4.182,TGGCTACAGGGACACC,S146W,1,1
-7.957,4.182,TTAACCCAGAATTTTG,T248F,1,1
-7.957,4.182,TTCAATTATTAGGCCA,P239W L428N,2,2
-7.957,4.182,TTTTCTCAAAACCTAC,Q211* G345L,2,2
-7.961,0.3217,CCACAGCCCTGGGAAA,I226Y,1,1
-7.962,1.394,ATTTCAGAGCTTCAGG,F79Q C305S,2,2
-7.962,1.394,CAAAACGGATCCTGTC,M320N,1,1
-7.962,1.394,TAAGCCATCGTGCTAA,T37F,1,1
-7.962,1.394,TACTAAAAGAAATTAA,I232M P289W G349E,3,3
-7.962,0.3802,ATCTTAGTACTTACCC,L194I R224I,2,2
-7.963,0.8363,AATCCACGGTCACAAA,D415N L455Y,2,2
-7.963,0.8363,CACTAATAGTCCACTT,Y302L D348N,2,2
-7.963,0.8363,GAAAATTATTACATAC,R492C,1,1
-7.963,0.5974,AAGCTGAATCTAGCTA,C52A,1,1
-7.963,0.5974,ACGTTCGTGTACAGCA,F148P,1,1
-7.963,0.4646,GCAAACATTAAACTAT,F87S,1,1
-7.966,1.394,ACAGTTAGGCGATATA,G116R,1,1
-7.966,1.394,ACTCGTTTCAATCATA,P254H,1,1
-7.966,1.394,ATAGATAGTAGGAAAT,A365R,1,1
-7.966,1.394,CCAACAGATTAATTGG,L59P,1,1
-7.966,1.394,CTCTTCATCTCTAGAG,C14N,1,1
-7.966,1.394,GTCATCATGATACCAT,L71C F500M,2,2
-7.966,1.394,TCTGAATTCTTAACCC,V43R,1,1
-7.966,1.394,TTGGTATTAGGACCAA,L177P G218Y C281P E359D,4,4
-7.967,0.3801,AATAACCAGCAAATCC,M346V,1,1
-7.967,0.3801,AGCGCAGAAAACTAAC,S136R,1,1
-7.969,0.5974,TAATGAGTTAAAAGAA,A495I,1,1
-7.97,4.182,AAAAAACACTATACAC,H488L,1,1
-7.97,4.182,AAAAACAGACTACGGG,A11R,1,1
-7.97,4.182,AAACAAATTTCGCATG,R354P,1,1
-7.97,4.182,AAAGACTCACATACCC,F120Q,1,1
-7.97,4.182,AAAGTGTCTGAAAACG,H17Q,1,1
-7.97,4.182,AAATAAACTAACACAA,G16Y,1,1
-7.97,4.182,AAATACTGACATTACG,G49D R220E,2,2
-7.97,4.182,AACACCCTGGTATACT,P74R,1,1
-7.97,4.182,AACATTGTTGTACGAA,C281K P293I K391G,3,3
-7.97,4.182,AATCCATAAATTTGAG,F192P,1,1
-7.97,4.182,ACAACACATTCACAGT,F125A,1,1
-7.97,4.182,ACACACTGCGATAAAA,Y105N A364D,2,2
-7.97,4.182,ACAGTTTCCAAATACC,R150D,1,1
-7.97,4.182,ACCCAAACAACCCATC,P221M A317V,2,2
-7.97,4.182,ACCGATTAAGTATCAA,,0,0
-7.97,4.182,ACGAATAATAATGATA,F87R,1,1
-7.97,4.182,ACTTGACCGCATATCA,G62R W127*,2,2
-7.97,4.182,AGACACGACCTATGAA,S136N R141S,2,2
-7.97,4.182,AGCTTTTTAATAACTC,E340V,1,1
-7.97,1.394,AGGTTTTAAAACCAAC,G362K,1,1
-7.97,4.182,ATCATTTGTCTGGTAG,G16N,1,1
-7.97,4.182,ATGAAACTACACGCCA,L420D,1,1
-7.97,4.182,ATGCGATTACTTTAGA,L455N,1,1
-7.97,4.182,ATTGATAATAATCCAA,G142C G286F,2,2
-7.97,1.394,ATTTTAAAATCCTTTG,I67G,1,2
-7.97,1.394,CAAAACTACAAGTGTG,G360N,1,1
-7.97,4.182,CAACGCGTAACAAAAC,W180I,1,1
-7.97,4.182,CACCTAAATTTATATA,V36E V112Y,2,2
-7.97,4.182,CAGTATGCTTGATAGA,D68V,1,1
-7.97,4.182,CATGAACATCACTTTA,V182W,1,1
-7.97,4.182,CATTCAACTTCCTTGG,W350N,1,1
-7.97,1.394,CCCTCGACTCCATAGC,G134L,1,1
-7.97,4.182,CCTCCCTTATCCAGAA,H355P,1,2
-7.97,4.182,CGAGTTGTAGCACAAG,A334R,1,1
-7.97,4.182,CGCAGAATAACAAATA,C52Q N170C,2,2
-7.97,4.182,CGCCATTTCACAATAT,Y486C,1,1
-7.97,4.182,CTATAATTTCCATCAG,D415G R499V,2,2
-7.97,4.182,CTCACGAGATTTCAAT,I252V N489P,2,2
-7.97,4.182,CTGCTCCAAATCTAAC,F332S,1,2
-7.97,4.182,GATAATCAGAAAATTA,W84L S219A,2,3
-7.97,4.182,GCAACTGAATAAAATA,L66D N296P,2,2
-7.97,1.394,GGTTCTCGAATTTGAT,L151Y,1,1
-7.97,4.182,TAAAGAAAAAATTAGT,I469N,1,1
-7.97,4.182,TAATATGAAAATTATT,W343P,1,1
-7.97,4.182,TACACGTAGACACCTT,C14F,1,1
-7.97,4.182,TACTCTTACTCACAAG,V26L L59P R261I Q394S,4,4
-7.97,4.182,TATATGAACTCAATAA,Y178S,1,1
-7.97,4.182,TATGATCTCATTATTA,V36Q,1,1
-7.97,4.182,TATTATATCAATACTA,G337P,1,1
-7.97,4.182,TCACGTTTTCATCTCT,R329H,1,1
-7.97,4.182,TCCCAATTCATATAAG,F353V,1,1
-7.97,4.182,TCTACTTATTCAAGTC,D68W T416M,2,2
-7.97,4.182,TCTGAAAAGTTGCCTA,L111Q L194P S199F,3,3
-7.97,1.394,TGACGCTTGCCGATTT,L118R,1,1
-7.97,4.182,TGTATCAATACTTTGT,G275E C473L,2,2
-7.97,4.182,TTAACAAACATAAATG,G303K,1,1
-7.97,4.182,TTGGAACCGATCTTTG,G72V T135Q,2,2
-7.973,0.8363,GATATTCGATCCTAAG,I335T D408C,2,2
-7.973,0.8363,TTCCGAAGGACTAAAA,I331L Q434V,2,2
-7.974,0.5974,ACGATCTCAAGTCACA,K315E,1,1
-7.975,1.394,CTACCAGCAGTCATTC,P254I,1,1
-7.975,1.394,GTATAATCGCATACAT,I481F,1,1
-7.975,1.394,TGTGTCATTGACGTTG,V237H,1,1
-7.975,1.394,TTTCAAGAAACAACAC,K292A S422N G465E,3,3
-7.975,0.1818,ACTAAACTTATACCTA,Y308Q,1,1
-7.976,0.8363,TTGACCGTAATAATAT,N357D,1,1
-7.977,0.1991,GAATAGAACGCAGAGG,N246H,1,1
-7.978,0.1818,GCGACATGAAACGAAG,E432V,1,1
-7.978,0.8363,AGTACTATGGTTAACG,F338S,1,1
-7.978,0.8363,TCACACAATATGTATT,I502H,1,1
-7.979,1.394,ACATCATAGACTATCC,I67H,1,1
-7.979,1.394,CACAAGGGCAACCAGA,I202D T235I,2,2
-7.979,1.394,CCATACACAACATAAT,C97S,1,1
-7.979,1.394,CCATCTACATCACCTA,C477N,1,1
-7.979,1.394,GATACTCCAAAGTACT,G345M,1,1
-7.979,1.394,GTTTTACTTAAAGCTG,Q295G,1,1
-7.979,1.394,TAGAGAAACCTACTTA,H17P N424I,2,2
-7.981,0.8363,ACAGAAATCGCATACT,C97Y,1,1
-7.982,0.2788,AAATCAAGAGGTTATC,G218L C277L E398G,3,3
-7.982,0.3216,GAAAGCGCCAGTAAAA,S137R N246F,2,2
-7.983,4.181,AAAATATATAAGAGCC,V130K E494V,2,2
-7.983,4.181,AAACGTATAGAACTAG,W153N,1,1
-7.983,4.181,AACTGTACTTTCACTT,W153E,1,1
-7.983,4.181,AAGAAACCTGGTAAAC,Q311* I335E,2,2
-7.983,4.181,AATAATATTACAGCAT,L118R,1,1
-7.983,4.181,AATGGAGCACTGCGAC,P273R G330D,2,3
-7.983,4.181,AATTACAATACAATAT,F120V S156G,2,2
-7.983,4.181,ACCGGAAAGATACAAT,G240V T485E,2,2
-7.983,4.181,ACGAGCATATATCTCT,L154N,1,1
-7.983,1.394,ACTATATAACAGCTGG,W127I,1,1
-7.983,4.181,AGAATCGTAGAAGATG,N433L,1,1
-7.983,4.181,AGACAAACAATTCAAA,G286E,1,1
-7.983,0.8363,AGATCAAAGACGTTAT,P324S H488D,2,2
-7.983,4.181,ATCCGTTATAGACTCA,F258K P324V,2,2
-7.983,4.181,ATTCTGACATACCAAA,P254H,1,1
-7.983,4.181,CAAAAAGACCTATGCA,V36K,1,1
-7.983,4.181,CACAAACCTTATAACC,D271L E398K N424S,3,3
-7.983,4.181,CACCCGCTCACACTCC,G61I,1,1
-7.983,4.181,CACTAATATACCTTTG,Y98I,1,1
-7.983,4.181,CAGCAACAACAAATGG,M320K,1,1
-7.983,4.181,CCCCAAAACCACATCC,Q80* I232E,2,2
-7.983,4.181,CCGGCTTTAAAAGAAG,G116H,1,1
-7.983,4.181,CCTCTATTAATATTAC,T203L,1,1
-7.983,4.181,CGAAATGATCACTTCC,N357W,1,1
-7.983,4.181,CGAGAGAGGTAGGCTA,L409A,1,2
-7.983,4.181,CTAGAAAGTGACTTTC,L71D,1,2
-7.983,4.181,CTAGCTAAATTCAAAG,G345F,1,1
-7.983,4.181,CTATCTTCCACACACA,S270D,1,2
-7.983,4.181,CTCATTTCTAAGTACG,R329D,1,2
-7.983,1.394,CTCTATTCTCGCCCAT,Y302D,1,1
-7.983,4.181,CTGTTTTATATAGACT,I29N N190H,2,2
-7.983,4.181,CTTAATTCACAAAAAC,G181R Q356K,2,2
-7.983,0.8363,CTTGTGTAAAGTATCT,E460R,1,1
-7.983,1.394,GAAACGAAGAAAAATA,H17A,1,1
-7.983,4.181,GACTCGATACACCCCA,G465Q K468N,2,2
-7.983,4.181,GAGTAGACCAGCACAT,V20Q,1,2
-7.983,4.181,GATTAAGCTCCTAAAC,T370N,1,1
-7.983,4.181,GCGGGTTTAGATTACC,R255G,1,1
-7.983,4.181,GTAATTAGCTCCGTAA,A196M A272F P293C,3,3
-7.983,4.181,GTACACTACACTGAAA,L86K,1,1
-7.983,4.181,GTGCAAATCTTTAGAG,V36L,1,1
-7.983,4.181,GTTCACAAATGAGTAC,A317Y,1,1
-7.983,4.181,TAAGCTACAAATGATA,G349C,1,1
-7.983,1.394,TAATAGAGACCCTTGT,W421Y,1,1
-7.983,4.181,TAATCCAATAGCTGCT,T370K,1,1
-7.983,4.181,TAATTTCCGAGACAAC,Y486T,1,1
-7.983,1.394,TACAAAATAGGCACGA,Q75W N190E,2,2
-7.983,4.181,TAGCCTAAAAAAAATG,L59F E340C,2,2
-7.983,4.181,TAGTAACGCATGTAAT,G78C I288C,2,3
-7.983,4.181,TATATACGCGTTGCTT,C473Q,1,1
-7.983,4.181,TATCTGCACAAATGCC,W234* G286K,2,2
-7.983,4.181,TCATCGACCTCTTAAG,Y302D,1,1
-7.983,4.181,TCTCATTAACCTGTGA,I179K,1,1
-7.983,4.181,TGAGACAGAACTATTA,L71P,1,1
-7.983,4.181,TGATACACCATAACTA,L431C A495T,2,2
-7.983,4.181,TGGATGCTACAACACT,S231R V413P,2,2
-7.983,4.181,TGGGCAGTCGTAGGCA,W153M,1,1
-7.983,4.181,TTACATAATTTCCCAT,A373H,1,1
-7.983,4.181,TTGAAGCTAACACCGG,P99H L314W,2,2
-7.983,4.181,TTTTAATAAACAAGTA,G72Q,1,2
-7.985,0.5973,GATAACTTTCTCCCCA,Y486N,1,1
-7.985,0.5973,GGACTAAAGTCTAAAA,G16H,1,1
-7.985,0.5973,TAAATAAGGCCCTACC,Y161E E443K,2,2
-7.986,0.8363,CCACCCATGCATAAAA,L42W,1,1
-7.986,0.8363,GATAAGTCTATTAGTT,G352Q,1,1
-7.988,1.394,AAAGGCCTATTGGTCA,S369H E410K,2,2
-7.988,1.394,CTCTCGTTATGATGAG,F147A,1,1
-7.988,1.394,GAACAAAAACCACGAA,S115P,1,1
-7.988,1.394,TAAGCAAGTGATACCC,L409Q,1,1
-7.988,0.246,TTAAAAGGTTTAGTGT,A459L,1,1
-7.988,0.3216,TGCAACACACAACACT,Y178V W343L,2,2
-7.989,0.8363,TATGTACTTAGAGTTG,L447D,1,1
-7.989,0.8363,TTCAAACACCGCTCCT,F258R,1,1
-7.989,0.1549,TGAAAGAAACAGAACG,V43S,1,1
-7.989,0.3801,ACTACCCGGGCCAATC,S115K V323M,2,2
-7.991,0.8363,TACGATATCAATCCAT,D101Y I288W,2,2
-7.991,0.8363,TTATATTACCCCAAGC,,0,0
-7.992,1.394,AAATAACTACAACTTA,L243H,1,1
-7.992,1.394,AACAAATACGCTCTAT,Q173H M444Q,2,2
-7.992,1.394,CGCCGAACCGAATACA,I260D,1,1
-7.992,1.394,GCAAGTTGGGAGACTT,C76S,1,1
-7.992,1.394,GTGCTTAGTTATCTAA,T37Q,1,1
-7.992,1.394,TAAGATAACCCCATAT,M346P,1,3
-7.993,0.3216,ATCCTATGGCAAGACC,N246C,1,1
-7.994,0.8363,CAGAAAAAATTAGCGT,C466L,1,1
-7.994,0.5973,CTAAATTTATCATATA,L151H,1,1
-7.995,0.3216,TCAGAGGTAATAATAA,L42M G352D,2,2
-7.996,4.181,AAAACGTCTACATACA,L42K,1,1
-7.996,4.181,AAAAGACTGAAGAAAA,L71S,1,1
-7.996,1.394,AAACCGCTAACACGGT,T248M,1,1
-7.996,4.181,AACGATCATCCATATC,F195K,1,1
-7.996,4.181,AACTGCGACCAAGCTA,L316R,1,1
-7.996,4.181,ACATCTTTTCCGATCC,N53D C281Y,2,2
-7.996,4.181,ACATTGCAAACAATAT,E123T,1,1
-7.996,0.8362,ACGGAAACTTAGAGAA,R492M,1,1
-7.996,4.181,ACTCCAAGTCATAAAG,Y486W,1,2
-7.996,4.181,ACTTATACAATCATCC,P221H N424S,2,2
-7.996,4.181,AGAACTTAATATAAAA,N94C Q363R,2,2
-7.996,4.181,AGAAGAACAAATCCTA,A69P I245V,2,2
-7.996,4.181,AGGTAACATTCCTCAA,G386E E410K E414K,3,5
-7.996,4.181,AGTCCAATTCTCAACA,L314P,1,1
-7.996,4.181,AGTCCCAAGTAACTCT,D73R,1,1
-7.996,1.394,ATAACGAACAATCCGA,I481T,1,1
-7.996,4.181,ATAATAGCCCCAATTT,D188E V237Y,2,3
-7.996,4.181,ATACAAAATCTATGTG,Y105S W234* T416D,3,3
-7.996,4.181,ATCCTTCATCAAAACG,I67T I288Y,2,2
-7.996,4.181,ATCTATCATTACAATC,Q376P,1,1
-7.996,4.181,ATCTGCGCCAAAGGAT,A11S I226Q,2,2
-7.996,4.181,ATGAACCTACATGCAA,N45R,1,1
-7.996,4.181,ATTCATAACTGTAAGC,R92N C281Y,2,3
-7.996,4.181,CAAGCAGCGTACCCAA,V36Q E432C,2,3
-7.996,1.394,CACCGTTAAAACCACT,L314N,1,1
-7.996,4.181,CAGATTTACGCGGTAA,N165C E398K M444I,3,4
-7.996,4.181,CAGCTTTAGAATTTAG,N322E,1,1
-7.996,4.181,CATACTATGTGTCTAG,T248V G352P,2,3
-7.996,4.181,CCAGCTGTTGTTTTAC,Q295P,1,1
-7.996,4.181,CCATGAACCGTAAGTC,P185Q,1,1
-7.996,4.181,CCCGTTAATACGCAAT,I34W,1,1
-7.996,4.181,CCTCGAACGACAACCG,S136E,1,1
-7.996,4.181,CGAGAAATTTAAAATT,L409S,1,1
-7.996,4.181,CGCAGAAATATATGGA,C97G,1,1
-7.996,1.394,CTGCCAGGACAGAATT,R201K V429R,2,3
-7.996,1.394,GAAATCATCTTCGATC,Y491I,1,1
-7.996,4.181,GAAGACCATTTGACGT,V237S,1,1
-7.996,0.8362,GAAGCATACATCGAAG,Y178F,1,1
-7.996,4.181,GACCCGACAAATACGC,P254T I374Y,2,2
-7.996,4.181,GCACAGAATTTCATAC,D419F,1,1
-7.996,1.394,GCCAGACAGTTGCCAA,V88S,1,1
-7.996,1.394,GGTCTGTCAGCATGAG,S145R I217T E403C,3,3
-7.996,1.394,GTCAATGATGTAATAA,K380E,1,1
-7.996,4.181,GTCGAATGACTTGCAA,G337E,1,1
-7.996,4.181,GTTTCATAGCGGAATA,E359S I478K,2,2
-7.996,4.181,GTTTGATCAATTTTCA,C466T,1,2
-7.996,4.181,TAAACAGCTTAACGCT,Q80E G386E W421*,3,3
-7.996,4.181,TAATAATAATTTACAA,D366W,1,1
-7.996,4.181,TAATACCATGGCATAA,I437A,1,1
-7.996,4.181,TAATATAATGAAACCA,F148A,1,1
-7.996,4.181,TACAAAAATACAAATT,V223H W343*,2,3
-7.996,4.181,TACAAGGCTCATTACG,L86H,1,1
-7.996,4.181,TACACCTTAAGTAAAG,I226F G286Y,2,2
-7.996,4.181,TCCAACCCTAGACTAC,N94G L118P,2,2
-7.996,4.181,TGAATACAAATTAATG,G49V S114H L428G,3,3
-7.996,4.181,TGAGAATGGTACTAAC,T248W,1,1
-7.996,4.181,TGATAAAAAAACCCTG,V102Y Y351F,2,2
-7.996,4.181,TTAAAGATAAGGGGCG,S136N P227S,2,2
-7.996,4.181,TTACACAATTAAAATT,G61H,1,1
-7.996,4.181,TTGACAGCATGCAGAT,C64F C97*,2,2
-7.996,1.394,TTGCAAATACCACACC,V88E,1,1
-7.996,4.181,TTTACAAAACAAAAGA,G5C I478A,2,2
-7.996,4.181,TTTATCAAACTATAAT,G61K,1,1
-7.997,0.3801,AAAGGTTCATACCTAT,R109V R229D,2,2
-7.999,0.8362,AAGAAATGACAAAATT,N38V Q75K C305S,3,3
-7.999,0.8362,ACGAGACATAACAGGA,I230L I478G,2,2
-7.999,0.8362,GCATTTTATTCGCTTG,G345M,1,2
-8.001,0.4646,ACACACACTATTCACA,T416R,1,2
-8.001,1.394,AGAGCATATAGACTAC,C277P T283S V297Q,3,3
-8.001,1.394,ATGCATCTTAATACCC,S54P,1,1
-8.001,1.394,GTCACAAAAAGTGATT,G23D G404V,2,2
-8.001,1.394,TCCAAAACCTGAGAAT,W234M E340K,2,2
-8.001,1.394,TCGCTCTAGAAGTTTT,L244G F338S,2,2
-8.001,1.394,TGATTAATATCAAGAT,L177Y,1,1
-8.001,0.8362,AACGACGAAATAATCT,N152C,1,1
-8.001,0.8362,ACTAGTCAAAAATACA,R329V,1,1
-8.001,0.8362,TGATCCAAGTAAAATT,R255P,1,1
-8.002,0.4646,CTGCAGAAAGACTAGA,A11L G386Q,2,2
-8.003,0.2787,TCAGCAAATGGTTAAA,K121P,1,1
-8.004,0.8362,ATCATATATCCTGTTT,D461K,1,1
-8.004,0.8362,GTCAGAATTGTATATA,G345D,1,1
-8.005,1.394,AATAGATCGTTAACAT,G256C,1,1
-8.005,1.394,ATAGCATTAATACTAT,I377E,1,1
-8.005,1.394,CGAATATTAGTGTCTA,G61D,1,1
-8.005,1.394,CTCCTAAATCAAATAT,D241T,1,1
-8.005,1.394,TACTCTATTCACTAGA,L177T D348R,2,2
-8.005,1.394,TATAAAGTAATCTTAT,Q164R,1,1
-8.005,1.394,TCTTCTTTTAATAGAG,G116V D415N,2,2
-8.005,0.5973,CATTAGAAAACTCAAC,G286I,1,1
-8.006,0.8362,ACGCTATACGGCCCTA,C97W,1,2
-8.006,0.8362,ATATAGTTAAAAGGAA,A336N,1,1
-8.007,0.5973,ATTCACTGACCGGTTT,N458T,1,1
-8.009,4.181,AAAAAAAATTTTATAA,M168D D271H,2,2
-8.009,4.181,AAAACATCATTGAGCT,T187I W234C,2,4
-8.009,4.181,AAATTTCAAAAAAAAA,L177N R321G,2,2
-8.009,4.181,AACAATTACATGATAC,R482N,1,1
-8.009,4.181,AACACATTCATGAATA,A138H K450C,2,2
-8.009,4.181,AACAGATACTAACGAA,K140E Y491G,2,2
-8.009,4.181,AACGCAAAAGCTGAAC,,0,0
-8.009,4.181,AACTCTCGAGCCACCC,K176A S279N,2,2
-8.009,4.181,AAGCACCTGAAATGCG,Q295W,1,1
-8.009,4.181,AATATAGTTACAATGA,F120N W343*,2,2
-8.009,4.181,AATGACGGATTCCGTT,P306S R329L,2,2
-8.009,4.181,ACCACCAATCCTCTAC,E89P,1,1
-8.009,4.181,ACGATGTCATACACGG,D348Y G349S,2,2
-8.009,4.181,ACTATAAAAACAGTCG,G134D,1,1
-8.009,4.181,ACTTTCTAATGAAGAA,L194Q Q407R L431E,3,3
-8.009,4.181,AGAGAATCTCGCATTA,Q501*,1,1
-8.009,4.181,AGGGAGATATTTCAGG,V112R,1,1
-8.009,4.181,AGTGAAGCAATCCCAA,Y423T,1,1
-8.009,4.181,ATAAAAACACGAGAGA,S124I G345S,2,2
-8.009,4.181,ATATCACGAACACAGC,G61M,1,1
-8.009,4.181,ATGTGACCAGTACTAG,A138D,1,1
-8.009,4.181,ATTCTCTGAACATGCT,Y98G,1,1
-8.009,4.181,CAAAGCCCTGACAAAA,K176E,1,1
-8.009,4.181,CAACTAAAAAGTCCAG,T440K Q501E,2,2
-8.009,4.181,CACGTAGTAGCCATGT,Y423E,1,1
-8.009,4.181,CAGTCCCCTAAAAACA,R329F E414R,2,2
-8.009,0.3801,CCAGATGCTCGATGCC,D60K,1,1
-8.009,4.181,CCCCAATTAAAAAAGA,E123L,1,1
-8.009,4.181,CCGAGAATGAATAACC,F148N,1,1
-8.009,1.394,CGCAATAACATCCTCT,N170A,1,1
-8.009,4.181,CGCATGTGAAAATTCC,Y257N,1,1
-8.009,4.181,CGTAATTCATAAATAA,G345S E460Y,2,2
-8.009,4.181,CGTTAACCTATTAACC,D85P,1,2
-8.009,4.181,CGTTCCGTGCAAAATA,N433M,1,1
-8.009,4.181,CTACCAGGAGAAACAG,T206P C477Y,2,2
-8.009,4.181,CTACTTCGACAGACCC,F294H,1,1
-8.009,1.394,CTAGACACTTTCCCAG,N152C,1,1
-8.009,4.181,CTTAAAGTAAACACAT,L431P,1,1
-8.009,4.181,GAACTTGGTACAAATG,G181T,1,1
-8.009,4.181,GAAGGGCAACAGTCTA,A425G,1,1
-8.009,4.181,GAATATCAGTTCGACA,K82W A253V,2,2
-8.009,4.181,GACGGACCTTAACCGG,,0,0
-8.009,4.181,GCAATTTGAGAAACCA,N152Q S422G,2,2
-8.009,4.181,GCATAGTCGAGAACAG,V43E,1,2
-8.009,4.181,GCCGTATAAGAGACCC,F147D,1,1
-8.009,4.181,GCTCGCCGACCATCCG,A459M,1,1
-8.009,4.181,GGAACGGCATGCAATG,W180C,1,1
-8.009,4.181,GGCAATCTGGTCGTAA,N133K F174V,2,2
-8.009,1.394,GGGATATAATAGGGAG,G61P,1,2
-8.009,4.181,GGGTGGACACTCCGAC,T283D,1,1
-8.009,4.181,TAAAAGAGTGAAACAA,R141T K450P,2,2
-8.009,4.181,TAACGCCTAGAGCACA,N433Q,1,1
-8.009,0.8362,TAAGAACTAATAAATC,A317L,1,1
-8.009,4.181,TAATTGCGAACAACCC,R329I,1,1
-8.009,0.8362,TACCGCTAAGAGTCGA,Y161L G256T,2,2
-8.009,4.181,TATTAGTAAAAAATTA,L251S,1,1
-8.009,4.181,TCAAGATAACGCAAAT,V102H,1,1
-8.009,4.181,TCAATTTATAGCATAC,N170T,1,1
-8.009,4.181,TCATTTCACATAACAT,A425V,1,2
-8.009,0.8362,TCCACTGTCTAAAATA,T167K M444I,2,2
-8.009,4.181,TCGAAAAATTAATAGA,L177S C277G G386L,3,3
-8.009,4.181,TCGATTTGCTTCCCGC,L427H,1,1
-8.009,4.181,TCTACAGTACAATCTT,L86Q L151V,2,2
-8.009,4.181,TGACTTGATATTTTTT,V88E,1,1
-8.009,4.181,TGATATTCATGGTAAC,Q434Y,1,1
-8.009,4.181,TGGATAATCGCAATAT,S228I,1,1
-8.009,4.181,TTACCATTACATATTC,A163E L177S G218S K387R Q394G V402S,6,6
-8.009,4.181,TTAGAAGAACCTCACT,A196W S205N P239L,3,3
-8.009,4.181,TTCAGATTGCTTATTT,Y302D,1,1
-8.009,4.181,TTCCCCAATAAATACA,F125H,1,1
-8.012,0.8362,GACATACAGCTTTTCA,S136H,1,1
-8.013,1.394,AAATGACTTTGTCCGT,I230K,1,1
-8.013,1.394,AACGGCAACTTTTCGA,G16D V112P N483D,3,3
-8.013,1.394,ATAAATTCCCATTATT,L86K,1,2
-8.013,1.394,ATATCATTACAGATTG,L42R,1,1
-8.013,1.394,CAACCTACTCTCCGAA,I179P K368D,2,2
-8.013,1.394,CATATTGACCTTATCA,F332K L367P,2,2
-8.013,1.394,GAGCGATCGGAGTTGC,G319N,1,1
-8.013,1.394,GCATTCACCCGTAACA,S287R,1,1
-8.013,1.394,TATTGCGTATTTGCGC,W153N,1,2
-8.013,1.394,TTAGTACACTTAAAGT,S143N G181K I418P,3,3
-8.014,0.8362,ATCTAAATACCAATAT,I67G,1,1
-8.016,0.5973,TAGAATTCTAGTCACC,C139H Y470A,2,2
-8.017,0.8362,GCCAGGATTCTCATTT,V413H,1,1
-8.017,1.394,AAATTTAACCGCATTT,I230Q,1,1
-8.017,1.394,ATCCCCACAACTCTAA,S47I G240P G386E,3,3
-8.017,1.394,ATCGAATTTTAAAGAT,C477M,1,1
-8.017,1.394,CAACTTTCACCTACAT,Q407R I481W,2,2
-8.017,0.4646,CCGACTCACATCAAAA,G116R A336G,2,2
-8.017,1.394,GATAGTGCCAATGCAA,F353P,1,1
-8.017,1.394,GTACTTACGTAATATA,Q173D K176N,2,2
-8.017,1.394,TCATATCTCAACAACT,T37A R92I,2,2
-8.019,0.8362,GAAACTTTATAGCCAG,Y491N,1,2
-8.019,0.8362,TAGTTCTGACTATTAG,Y257H R321W E457K,3,3
-8.02,0.5973,AACCAAACATTAACAA,V413E,1,1
-8.022,4.181,AAAAATATACGGGCTA,N250Q G504S,2,2
-8.022,4.181,AAAACGCTAAAAACAC,L177T T283F L381M N389I,4,4
-8.022,1.394,AAACATACACATCAGT,G61W I339L,2,2
-8.022,4.181,AAACCAACTACGCACA,P99F,1,1
-8.022,4.181,AACCGATCTTTCATAA,P99R,1,1
-8.022,4.181,AACTGGATCCTGTTCG,W343* H355E,2,3
-8.022,4.181,AAGACAAAACTAAGTT,W234D,1,1
-8.022,0.5973,AAGAGGCTTCACAGAA,V429Q N433K,2,2
-8.022,4.181,AAGGCAGCATTATACA,S287P,1,1
-8.022,4.181,AATATAGTTACCATAT,C76D,1,2
-8.022,4.181,AATCAACAATCAATCG,S228A A253V V429S,3,3
-8.022,4.181,AATGGAAGCCAGTAAT,C473W,1,1
-8.022,4.181,ACAAAGGCGGTTGCAT,G345D,1,1
-8.022,4.181,ACACAAAACAATTCAA,Y486L,1,2
-8.022,1.394,ACACTAACGCACAAAA,L151S T416D,2,2
-8.022,4.181,ACAGGAAGTCTAGAAA,D474M,1,1
-8.022,4.181,ACTAAACGAATGGATA,I252T A336T,2,2
-8.022,4.181,ACTAGTTACGATGTTT,G303Y,1,1
-8.022,4.181,ACTATCAGACCGTCAA,Y470E,1,1
-8.022,4.181,ACTCACATTCGCCACA,S422H,1,2
-8.022,1.394,AGAGTAAAAGAAAAAT,G116E,1,2
-8.022,4.181,AGTACTAAATCTAACA,P21* Y423V,2,2
-8.022,4.181,ATAATTGAATTGAATA,S146F L409F,2,2
-8.022,4.181,ATCACATAGTAAACAG,G349M,1,1
-8.022,4.181,ATCTTCCCAATATGCA,A39E,1,1
-8.022,4.181,ATTTCATAATCAAAAT,T37G S369R,2,2
-8.022,4.181,CAAAACCCTGTTTTAT,L420K,1,1
-8.022,4.181,CAACAACTATCTCTCT,Y98E M444I,2,2
-8.022,4.181,CAACGAACAATTTTCA,L244P A253G G352M W421Q,4,4
-8.022,4.181,CAATTATTATACAATA,D32Y G134L,2,2
-8.022,4.181,CACCATTAAGTAATAA,I29Y I217N E494G,3,3
-8.022,4.181,CACCGCCAAAAGAGCT,P254W,1,1
-8.022,4.181,CAGGAATTTACGTCGA,G303D,1,1
-8.022,4.181,CAGTTTAAAGGCAAGG,F294Q,1,1
-8.022,4.181,CATCTTGTTCACTCAC,G303W,1,1
-8.022,4.181,CCTTGAGCGTGGATCA,I260E,1,1
-8.022,4.181,CTAAACGTAGTTATGA,G181C A495E,2,2
-8.022,4.181,CTACAATACACTTCAT,W343C,1,1
-8.022,1.394,CTACTAAAAGAATGTT,Q434V,1,1
-8.022,4.181,CTCCGACACCAAGGAC,G72F I232A H471R,3,3
-8.022,4.181,CTTACACCTTTGCAGA,Q434N,1,1
-8.022,4.181,CTTTATCATGAATCAT,F467H,1,1
-8.022,4.181,CTTTCATGCAAGATTT,I478Y,1,1
-8.022,4.181,GACCAACAACTTCTCC,A495Q,1,1
-8.022,4.181,GACCTCTACGCGACTT,P99I I377Y,2,2
-8.022,1.394,GACTCAGGACAGAAAC,W343N,1,1
-8.022,4.181,GACTTCTTACTCAAAA,T10R G463D,2,2
-8.022,4.181,GATCTAATACGATGCG,E41* Q75Y,2,2
-8.022,4.181,GCTTATTTCATAAACT,I226E,1,1
-8.022,4.181,GGAGTATCACCTCTCA,S9C G465E,2,3
-8.022,4.181,GGCAACATACAATTTA,Y257G,1,2
-8.022,4.181,GGCAGAGGTAAACAAA,T248I,1,1
-8.022,4.181,GGGCGAATAGCAAACA,C305E A430M,2,2
-8.022,4.181,GTAAATGTCCGCCAAG,C477Y,1,1
-8.022,4.181,GTATAAACAAATTTCT,S115V D441H,2,2
-8.022,4.181,TAAAGAGACATGTCTA,Q1H A212E S270K,3,3
-8.022,4.181,TAAAGAGCCCTGGCTA,I252R,1,1
-8.022,4.181,TAAATCGTTTCACACT,I58H I202K,2,2
-8.022,4.181,TAATAATTTGATTAAC,I51W,1,1
-8.022,4.181,TACACAGCTTGCATTC,G62V Y302N,2,2
-8.022,4.181,TAGTTTACCAAAATAT,L314R,1,1
-8.022,4.181,TATTCAAATTCCTAAT,E41S,1,1
-8.022,4.181,TATTGACATGAAAACG,V297G,1,1
-8.022,4.181,TATTTTGAACACATAA,Y308R,1,1
-8.022,4.181,TCCAAACCTTTTATTG,G256A,1,1
-8.022,4.181,TCTCAGAAGTAAACAA,G360L K503E,2,2
-8.022,4.181,TGACAGGTCAATATAA,I469K,1,1
-8.022,4.181,TGGACTACACATTTAT,C97A,1,1
-8.022,4.181,TTAACGCGCATTAAAA,K310D W343*,2,2
-8.022,4.181,TTATGTACAATCGAGA,Q295S,1,1
-8.022,1.394,TTCAAAAGAAAATAGA,A334N F448C,2,2
-8.022,4.181,TTCACCTTAATGTTGG,H435P,1,1
-8.022,4.181,TTGGACCTATGGTACT,R229D,1,1
-8.022,4.181,TTTAGAACATTCTGCG,P99F,1,1
-8.022,4.181,TTTTTTAGAAGTTATT,E340Y,1,1
-8.023,0.5973,CGACCCATGCCCAAAA,G352Y L367P,2,2
-8.024,0.8362,AAGTAACTTCTTAAGG,A253Q,1,1
-8.026,1.394,ACAGCTCCCAGTGCCA,G479P,1,1
-8.026,1.394,CACAAGTTAGTAAAGC,A113I T451I,2,2
-8.026,1.394,GTACAATATACATTGC,S144W G352V,2,2
-8.026,1.394,GTCAACTGATAGAACT,I202W,1,1
-8.026,1.394,TCCTGACCCAAAGTGT,V323P,1,1
-8.027,0.4645,GAACTATTTCTATACA,T206Y,1,1
-8.029,0.4645,CTTATTAGAAAAGAAC,I34P V297L N298K,3,3
-8.03,1.394,AGAGCATATACACACC,D366P,1,1
-8.03,1.394,ATTAACACCTAAAGCA,P74S W421H,2,2
-8.03,1.394,CAGATGCATTAGGGAA,I58Q S312Y,2,2
-8.03,1.394,CATCCAGCGCTCAGCT,G116Q,1,1
-8.03,1.394,CATTGTAACTCAAAAC,S287K,1,1
-8.03,1.394,CTCGCGAATATGTTCA,A11F A336S,2,2
-8.03,1.394,TAATAAGTCTATAAAA,F353S,1,1
-8.03,1.394,TAATTTGTAACATTTA,R269K C305* K315F,3,3
-8.03,1.394,TGGAGGTATATACATC,N246Q D408E,2,3
-8.03,1.394,TTATTATATCACCCAA,R499W,1,1
-8.032,0.8362,ATAGAACATATGAGGC,V309D,1,1
-8.034,4.181,AAAACTTAAATAATAA,L66H,1,1
-8.034,4.181,AAACGGCAGTTATAGA,K446P,1,1
-8.034,4.181,AAATTGACGGACATTA,L157I T416K,2,2
-8.034,4.181,AACACGCTTTTCCTCA,A11E L316V,2,2
-8.034,4.181,AACAGACCTCAATGAG,Y470P,1,1
-8.034,4.181,AACTAAGGTACGCATA,T451P K453L,2,3
-8.034,4.181,AAGTCGCGGGCCGAAA,F192S,1,1
-8.034,0.5973,AATTAAATCTAAGAGA,Q132A G303S G330S W350* G465E,5,6
-8.034,4.181,ACATAACAGCATATCC,W84L E443F,2,2
-8.034,4.181,ACCAAGACGCAATCCC,K326P F467A,2,2
-8.034,4.181,ACGCCATTCACGGATA,T30C L151W,2,4
-8.034,4.181,ACGGAACCATACATTC,S270Q,1,1
-8.034,1.394,ACTCAGCTTTCAATTC,V204G,1,1
-8.034,4.181,AGAAAGTCCAAAGACC,L71H,1,1
-8.034,1.394,AGCACCAATCTTCAAA,L496E,1,1
-8.034,4.181,AGCCATATATCACTGT,S270D,1,1
-8.034,4.181,AGGAAATACTTGCCCA,V130N E398K,2,2
-8.034,4.181,AGTAACAGGTTTACAT,I242L L431P,2,2
-8.034,4.181,AGTAACCCCCAGAAGA,L15S,1,1
-8.034,4.181,ATATCCTAAAATACTT,G249M,1,1
-8.034,4.181,ATGAATATGTGCACAA,G463I,1,1
-8.034,0.8362,ATTTAAATAAGTAACA,H18L I252K,2,3
-8.034,4.181,CAAACACTTGGATACT,G319N,1,1
-8.034,4.181,CAAAGAAACCAACAAA,N165I G463E,2,3
-8.034,4.181,CAGCCCATTCTACAAA,L70H,1,1
-8.034,4.181,CAGTTAACTTTGCCGA,W350T,1,1
-8.034,4.181,CATACAATAGAGGCTC,G337F,1,1
-8.034,4.181,CATGAACTAACGATGC,Y491T,1,1
-8.034,4.181,CATTAATGTAACCAAC,V43P P273M,2,2
-8.034,4.181,CATTTTTATTACCTTG,F467N,1,2
-8.034,4.181,CCAACATTGCCTAAAT,C14E,1,1
-8.034,4.181,CCACGATTACTGAAAT,N296L,1,1
-8.034,4.181,CCATAAAAACAACACA,G134N,1,1
-8.034,4.181,CCCGAATATCCTAAGC,T436C,1,1
-8.034,4.181,CCCTTTAGGCATAACC,G352C,1,1
-8.034,4.181,CCTCCCCACACCAGAA,G303I,1,1
-8.034,4.181,GAAACGTAAACCACGG,G16L,1,1
-8.034,4.181,GACTAGGACCCCCAAA,S228I,1,1
-8.034,4.181,GACTATACATACCACC,D366K,1,1
-8.034,4.181,GAGTCCCCACTAAATT,F147G,1,1
-8.034,4.181,GATATGTATAGCACTA,P254I,1,1
-8.034,4.181,GCAGATAATTAGAGAG,A19K,1,1
-8.034,4.181,GCCTTAGTCAATTCGA,I202E,1,1
-8.034,4.181,GCTCACGCTCTAAAAC,L420S,1,1
-8.034,4.181,GGAGACCAGACAAAGC,,0,0
-8.034,4.181,GGTCTTATAAGTTAGC,C64Q,1,1
-8.034,4.181,GTAAACAACCTCACAT,S270Q,1,1
-8.034,1.394,GTCGAAAAAGACCATT,Q44H L194H,2,2
-8.034,4.181,TAACCGGCCTTAGTTA,V429Y,1,1
-8.034,4.181,TAACCTTCAACAAGAT,S143N T451D,2,2
-8.034,4.181,TAATGTCACCCTAATT,A334V,1,1
-8.034,4.181,TACAATGATATAACCC,S54P T248R D366R,3,3
-8.034,4.181,TAGCACTATAGAAATA,G72W,1,1
-8.034,4.181,TATAATACTTGCTCAC,H471C,1,1
-8.034,4.181,TCAAACATAACACGAT,Y351I,1,1
-8.034,4.181,TCCAAGCTATACTAAT,I179H,1,1
-8.034,4.181,TCCGGACATTTACGAT,R109Y N298E,2,2
-8.034,4.181,TCGATCTCTCCAACAC,G72D,1,1
-8.034,4.181,TCTAGCCAAATTATAC,Q57R Q295K E390K,3,3
-8.034,4.181,TGCTTTATACTTCGTT,,0,0
-8.034,4.181,TGTAAGTACAAGATAC,V36P,1,1
-8.034,4.181,TTAAATAAAACACACA,C64R,1,1
-8.034,4.181,TTACTAATGACGATAA,G200D G349K,2,2
-8.034,4.181,TTGAACGTCTTAACGT,I274C E340K E410K,3,3
-8.034,4.181,TTGCATATCGTCCCCC,T313G I339F,2,2
-8.036,0.4645,AAGCACGGACTCCCAG,D188E Y351T,2,2
-8.038,0.5972,CGACAAAATTCATACA,D101P,1,1
-8.038,1.394,AGACCGGGGAGTAAGA,Q191Y P215H,2,2
-8.038,1.394,ATATACATAGCACACG,C64N,1,1
-8.038,1.394,CAACTTTACCCATCGA,C305L,1,1
-8.038,1.394,CTGTCCAGCTGGCGAA,G218F T283N F392*,3,3
-8.038,1.394,TATCAGACAGGAAATA,C139F,1,1
-8.038,1.394,TCTGACCGTCCCTCAA,L13A,1,1
-8.038,1.394,TTTTTTAAGTGCCCAG,R456P,1,1
-8.039,0.2787,TTCAAAAGAAGACAAG,P293K,1,1
-8.04,0.5972,AGACAGGACCTGAGGA,V36S,1,1
-8.04,0.5972,GTATGTAAAGTAAGAG,F258G,1,1
-8.04,0.3216,TACGCCTTTATGAATC,N190C,1,1
-8.041,0.5972,GCTGCTAGTCGCCGTA,A364K,1,1
-8.042,0.8361,TTGCTTCACAATCCAT,S205I T318P,2,2
-8.043,1.394,AAAAACTCAAATAATC,Y470A,1,1
-8.043,1.394,ACGTCATACATAAACT,I202A N424S,2,2
-8.043,1.394,AGCGGTATAAAGATAA,Y308E,1,1
-8.043,1.394,AGTGGTACGACTTAAT,N357F,1,1
-8.043,1.394,ATTACTATTAAGCAGC,T283K V297G R361S,3,3
-8.043,1.394,GTTAAACATCATAAAC,T206F,1,1
-8.043,1.394,TGCTAGCTATCTAACA,V102R,1,1
-8.044,0.8361,AATATCCATTACAAAT,T206V Y470W,2,2
-8.044,0.8361,ATTGAAGTGCGCGGCC,V20W G72S,2,2
-8.046,0.3801,AATGCCCGAAGGTAAC,E41N E401K L409F,3,3
-8.047,4.181,AAAATTCTTCCAAAGT,A425G K503N,2,2
-8.047,4.181,AAACTAAAACGACATG,Y412P,1,1
-8.047,4.181,AAACTACCCATACCTG,A39L,1,1
-8.047,4.181,AAATATTAAAAAGGAC,G333D,1,2
-8.047,4.181,AAATTCCTTCATCAAT,G116Y,1,1
-8.047,4.181,AACAATTCTAAAACCA,L381S E390I F399R,3,3
-8.047,1.394,AACCAAGAACATCGTA,C64Y K121H,2,2
-8.047,4.181,AACCGATCAACAATAA,F332T,1,1
-8.047,4.181,AACTATAGGAAAAATA,W84V I242F,2,2
-8.047,4.181,AACTATGCTCCTCCTA,M268S K468M,2,2
-8.047,4.181,AATAAATTAACAGTCC,I67G C466W,2,2
-8.047,1.394,AATTAGGGTAAATACT,G303S,1,1
-8.047,4.181,ACCCATTAACCGTTAA,K82L E340I H471L,3,4
-8.047,4.181,ACTAATCCAAGTGTCG,L86K,1,1
-8.047,4.181,ACTACCAAGTATGCAA,V36H,1,1
-8.047,4.181,AGAAAACGACGTACAC,L316R,1,1
-8.047,4.181,AGTCACACTAAAAAAA,L314D,1,1
-8.047,4.181,ATCAACAAACTAATAA,F294Q,1,1
-8.047,4.181,ATCAAGTCAGCCAATG,L409S,1,1
-8.047,4.181,ATCATATCAACCTTAA,R90M D348C,2,3
-8.047,4.181,ATCTTAAAAGAGCAGA,I335A,1,1
-8.047,4.181,ATCTTAGAAGAATTCT,G303H,1,1
-8.047,4.181,ATTATACACAAACGCA,K176N I418W,2,2
-8.047,4.181,ATTGGGCCTAATATCT,F148T,1,1
-8.047,4.181,ATTGTAACAGCTAGCA,E41G,1,1
-8.047,4.181,ATTTTCAAAATGTTTT,T248Y,1,1
-8.047,4.181,CAAATGGAGAATAAGA,S137R T155E R499V,3,3
-8.047,4.181,CACATAAGGCTAGAAT,L194M E340L W343L,3,3
-8.047,4.181,CATTCCTCGGCTAACA,C466D,1,1
-8.047,4.181,CCAAACCGAAGAGAAA,P74R,1,1
-8.047,4.181,CCGAAATGTAACAATA,I34N,1,1
-8.047,4.181,CCTAAGGACTAGCGAT,V237R,1,2
-8.047,4.181,CCTCAACAACATAGTT,N8S C466Y,2,3
-8.047,4.181,CCTCTAAAAGAAACCA,G330R,1,1
-8.047,4.181,CTAATGAGCAAGATAG,I236E E443K,2,2
-8.047,4.181,CTACAACAATTAACCA,N31S F338R,2,2
-8.047,4.181,CTACCCCTCACGGCCG,A317N,1,1
-8.047,1.394,GACGTTCCGATTTTCA,H184M,1,1
-8.047,4.181,GAGACACAAAAAGCTG,P74W S369E,2,2
-8.047,4.181,GAGTAGTCTAAAAAGA,L194V D438W,2,3
-8.047,4.181,GATCCTAGACATTATA,C305Y S422H,2,2
-8.047,4.181,GCAACCGCATTAACAC,V112H,1,1
-8.047,4.181,GGACGACATCAAACGC,D7I D419I,2,2
-8.047,4.181,GGCTACCATGTACTAA,R141F C305Y,2,2
-8.047,4.181,GTAAAACCATATATTA,V429M,1,1
-8.047,4.181,GTAGCTTTGGAAGAGC,A364E L420P,2,2
-8.047,4.181,GTATACACTTTGTAAC,G360R,1,1
-8.047,4.181,GTCTCCACCTTGAAAG,M462I Y470P,2,2
-8.047,4.181,GTGATGTGACGTAATA,A253E W421N T485A,3,3
-8.047,1.394,GTGATTGATTCAAAAA,I51Q,1,1
-8.047,4.181,TAAAAAGGATATGATC,S137D S144I,2,2
-8.047,4.181,TAACAAACACTATATC,W127M,1,1
-8.047,4.181,TAACTTAATGATGACC,S228K,1,1
-8.047,4.181,TACAGAGCACGCACCG,C64Y T283M,2,2
-8.047,4.181,TACATCAAATTTCGGC,G360W,1,1
-8.047,4.181,TAGAGTTATAGTAACG,D186Y I481S,2,2
-8.047,4.181,TAGCTATACAGCGTGC,E123Y,1,1
-8.047,4.181,TAGGAACAGGGAGACA,G218R S266E V402L,3,3
-8.047,4.181,TAGGATAAACATAGGC,I478R,1,1
-8.047,4.181,TATATCACCTTCGACT,G360C,1,2
-8.047,4.181,TATCTAATAATAAGGC,I236D,1,1
-8.047,4.181,TCAAAAATATACACTA,S193V R354H,2,2
-8.047,4.181,TCAGATTACCGAAAGT,I437Q,1,1
-8.047,4.181,TCATGACTATAAGCAA,G256M,1,1
-8.047,4.181,TCTACTCCTTTGTATA,M168S N483C,2,2
-8.047,4.181,TGATTAGTAGTTAGGT,L13M F338Q,2,2
-8.047,4.181,TTATTTCACATCACTC,D60W E403K,2,2
-8.047,0.4645,TTCAAGTAAAAAGATG,,0,0
-8.048,0.1548,GTAGACCTTCATACTG,G49N Q295R,2,2
-8.051,1.394,ACTCTATACATTCAGT,A495N,1,1
-8.051,1.394,TATTACATTTCGCAAA,S136I K452S,2,2
-8.051,1.394,TCCCAACTTCAACAAT,F294I,1,2
-8.051,1.394,TTATTATCAGCCTTGA,G330K,1,1
-8.052,0.8361,TGAATCATCACCCAAA,Y351R,1,1
-8.053,0.2787,TAGAATCTTCCTCATG,I335N,1,1
-8.055,1.394,AAGTTCAAATCATCCG,I230S,1,1
-8.055,1.394,AGCGAATCACCGCCAG,E325S C473F,2,3
-8.055,1.394,CATCATAACAGATAAA,W350H,1,2
-8.055,1.394,CGGTCGATAATATGCA,E123S,1,1
-8.055,1.394,GAAAATAAGAAAATAT,C14Y,1,1
-8.055,1.394,GGCAGCGCTAAGTCGG,S205P,1,1
-8.057,0.8361,TTACCCAATGATTGAC,T235F,1,1
-8.058,0.2787,AAAGTCGATTATGAAT,W84L,1,1
-8.059,4.18,AACAACAAACTAACTT,F147T Y308N,2,2
-8.059,4.18,AACATGCCCCGGACGA,S193Q I274G,2,2
-8.059,4.18,AACCGCAAAATATCTA,G465R,1,1
-8.059,4.18,AATATACCACAATGCG,E123R Q311D,2,3
-8.059,4.18,ACATAATGTAGTCTTT,F79I H355G,2,2
-8.059,4.18,ACCACCTACAAAGCAC,E340W,1,1
-8.059,4.18,ACGCAAGTAACTAATA,L111H K292P G386E,3,3
-8.059,4.18,ACGCCTACTAGTATCA,G286S R299N,2,2
-8.059,4.18,ACGTAAATTATACCTA,L154P,1,1
-8.059,4.18,AGAAAATATCAGCTGT,Y486H,1,1
-8.059,4.18,AGATATATGAAAATAA,N464V,1,1
-8.059,0.8361,AGATTCAATGTACCCA,F195K,1,1
-8.059,4.18,AGCCCTCACTAATGTC,F294Q,1,1
-8.059,4.18,ATACAAGATGATCAAA,F294S,1,1
-8.059,4.18,ATACCAACACCATAAA,D241W,1,1
-8.059,1.393,ATAGGACGATGAAAGT,N246E,1,1
-8.059,4.18,ATATAATTACATATTA,F500S,1,1
-8.059,4.18,ATTGTAATATAGAATT,C97A Q371R,2,2
-8.059,4.18,CACGGAAGAAAATACA,V112D N246K A336T G352D,4,5
-8.059,4.18,CAGCAAATTATACCTC,R492V,1,1
-8.059,4.18,CCCACAATGCAAAATA,L15S,1,2
-8.059,4.18,CCTTAGCGATTGTTCC,G181R N464G,2,2
-8.059,4.18,CGCCAGTCTAAAACAA,T65L F338S,2,2
-8.059,4.18,CTAATGACAAGAATTA,K131E W343*,2,2
-8.059,4.18,CTATACCCAATTATAT,E460W,1,1
-8.059,0.5972,GAACTCCTTGCTTGCT,C473P,1,1
-8.059,4.18,GAGCGCATTACTGAAA,G240C R499C,2,2
-8.059,4.18,GAGGAATACAAGTATA,S287Q,1,1
-8.059,4.18,GATAAACCCAACAGTC,K176G,1,1
-8.059,4.18,GATGTCTTGCTATTTG,D85I N483K,2,2
-8.059,4.18,GCACTCAAGTTTAGAT,C305Y,1,1
-8.059,4.18,GGACCCACGTCCAAAT,E460D,1,2
-8.059,4.18,GTAAAGGTATTCACAC,C97A,1,1
-8.059,4.18,GTACCAGCGAATTGAC,T187P,1,1
-8.059,4.18,GTCTGTACAAAGGATC,A317H,1,1
-8.059,4.18,TAAAGCTGTTAACACA,F332E,1,1
-8.059,1.393,TAACACAGCCATTACG,V102E R261G S378T F399R,4,4
-8.059,4.18,TAATAATATATTCTGA,V36R,1,1
-8.059,1.393,TATCCAGTGATCAACC,L409R,1,1
-8.059,4.18,TCCTTGAACTGAAAAT,G303V,1,1
-8.059,1.393,TCTCTTGGCTAGACAA,V36K,1,1
-8.059,4.18,TGAATAATCCAGGACC,G134Q,1,1
-8.059,4.18,TGGAAACAGTCTATTA,L13W,1,1
-8.059,4.18,TGGCATTGACACACTT,G286K,1,2
-8.059,4.18,TTAAAGATCAGTATTT,G129D F258Q,2,2
-8.059,4.18,TTAACGACGCATAAAA,L455R,1,1
-8.059,1.393,TTGTTCTACACTTTAA,S136D,1,1
-8.059,0.1267,ACATTTTTAACCTCCA,N246S,1,1
-8.061,0.5972,AAACACTAGATGGGAA,G240V L314M,2,2
-8.061,0.5972,GTTGTATCTCCATGTA,V43W,1,2
-8.061,0.8361,AGCAACAACTGCGCAC,I502F,1,1
-8.061,0.8361,GAGGTATAAACCTAAG,V43K E494G,2,2
-8.062,0.5972,AACTAAGGCCATGTAA,F148D,1,1
-8.062,0.5972,ATCCACACTAAAGGAA,K207R L367P,2,2
-8.063,1.393,AGGATTAACTCTATAA,V102M V413H,2,2
-8.063,1.393,ATAACCTGCAATTATT,S144P K292N,2,2
-8.063,1.393,CAGAAAGTTAATATTG,V88S,1,1
-8.063,1.393,GGCTCAACAATATATC,T440W,1,1
-8.063,1.393,GTAAGCTACTAGGTAG,D85Y D186C,2,2
-8.063,1.393,TAGCCAAACATAAAAT,R109H I274C,2,2
-8.064,0.8361,TTAAAACTTTGAAACG,V223L G286F,2,3
-8.066,0.5972,GATCGAAACCCTATTA,C477L,1,1
-8.066,0.8361,ACAAGCAAATACGTAA,A364E,1,1
-8.066,0.8361,TTGAATCATTATCCAT,T440Y,1,1
-8.067,1.393,AAGGATAACCCAAACA,G256V G349D,2,2
-8.067,1.393,ACTTTGACTTCAACCT,W84T,1,1
-8.067,1.393,AGAACTAGAGTATGAA,I179R R499K,2,3
-8.067,1.393,ATTACTGGAGAAGGAA,L243E,1,1
-8.067,1.393,TATCCGATTTATTAAG,E89R,1,1
-8.068,0.5972,AATTGGCAAAAGTAAG,A39D,1,1
-8.068,0.22,GTCATTACTGCCGCAT,K140C V297S Y486N,3,3
-8.069,0.8361,TGTATGACAATACAGC,L86S,1,1
-8.07,0.1818,TTTCCAAATATCCTCA,G465R I469S,2,3
-8.071,4.18,AAATACGATTGCTAGT,N38P,1,1
-8.071,4.18,AAGATGAAGTAATGGG,Y257P V309S,2,2
-8.071,4.18,AAGCTTGAAAAGACTT,N53T F195C,2,2
-8.071,4.18,AATCTATAACGGCCAT,A459N,1,1
-8.071,4.18,ACCAATTAGTTTCCAT,E457P,1,1
-8.071,4.18,ACCCCATAGCAGAATG,R229Q R354D,2,2
-8.071,4.18,ACTAATCCCCGTGTAT,R329V,1,1
-8.071,4.18,AGACGAATTACATGCA,K503P,1,1
-8.071,4.18,AGATCCACTAATAGAT,L314G A425T,2,2
-8.071,4.18,AGCCATTGTAATATAC,L13P F332H,2,2
-8.071,4.18,AGCCCATAAGATAGGA,R499F,1,1
-8.071,4.18,AGCCTATCTCAAATAC,I230S,1,1
-8.071,4.18,ATCAAATTTAGTAACA,I67N,1,2
-8.071,4.18,ATCCTTCAAGGAGAAA,N170L S287T,2,2
-8.071,4.18,ATGACTTTATAGTGTA,C97L N475G,2,2
-8.071,1.393,ATGATTACAAGCCAGG,G286W R405Q,2,2
-8.071,4.18,ATTATAGTTTTCAGCA,L420W,1,1
-8.071,4.18,ATTCATCTTAGATCAA,L409R,1,1
-8.071,4.18,ATTCGCATACAACTCC,F353C,1,1
-8.071,4.18,ATTTAGGCTACTAGAT,V36I T117C,2,2
-8.071,4.18,CAAATAGATTAGACAA,Q376K W421L,2,2
-8.071,4.18,CACGATATAATAGGAA,I67P,1,1
-8.071,4.18,CAGAAAATTAAAAGGT,G333V E340D,2,2
-8.071,4.18,CAGTATAGAATCTTGG,A365Q K503P,2,3
-8.071,4.18,CATATGATACTCAGAC,P254C,1,1
-8.071,1.393,CATGAAGCCTTCATAC,T318G G362W,2,2
-8.071,4.18,CCAAGCCAATATAGAA,A365V N483D,2,2
-8.071,4.18,CCACTCGACACCAAAG,S312E G319C E484Y,3,3
-8.071,4.18,CCATTGAGTATCAATG,L13*,1,1
-8.071,4.18,CCTAGTTCGTCCCGCC,E172Q V213N E457K,3,3
-8.071,4.18,CGTAAAAGAACACCCA,L384G,1,3
-8.071,4.18,CGTATAGTTTAGCTCT,G23T,1,1
-8.071,4.18,CTATAATCGTAAATCC,H56V W421*,2,2
-8.071,4.18,CTGGGATATCACTCAT,N322L,1,1
-8.071,4.18,CTTCACTCTACCTCTC,G349N,1,1
-8.071,4.18,GACCAACATGTTCGGT,P254V,1,1
-8.071,4.18,GAGATCTATATTCAAC,S228Y,1,1
-8.071,4.18,GATAACACTGAATGAA,I469T,1,1
-8.071,4.18,GATCTTCGACAACAGT,R492N,1,1
-8.071,1.393,GATGACACCCGTGGTT,Q75I F332Q,2,2
-8.071,1.393,GTACTTTAATCTGTAC,G333D F399L,2,2
-8.071,4.18,TAAACTGGACGATTTA,C477N,1,1
-8.071,1.393,TAAGATATGTCGGTGA,L367P,1,1
-8.071,4.18,TACAACTGTTAACCCT,N152C S358Y,2,2
-8.071,4.18,TACCCCCTGCCCCATA,G116P,1,1
-8.071,4.18,TACTATTCCCCCGATT,T318K,1,1
-8.071,4.18,TAGACTCGCCAACAGA,Q371P L431P,2,2
-8.071,4.18,TAGATGTCATTTTAAC,R109A I377E,2,2
-8.071,4.18,TATAATATATCCCACT,H18D Q454W,2,2
-8.071,4.18,TCAAACTTATTATGAT,C97Y S136G,2,2
-8.071,4.18,TCAATGTGGCTGGCCC,H471P,1,1
-8.071,4.18,TCAGAAGATGCGTTAC,M168C E398K E410K,3,4
-8.071,4.18,TCATACGAATAGAGTG,A69Q N298Q,2,2
-8.071,4.18,TCGATTATGATGCAAT,R499W,1,1
-8.071,4.18,TCTTGAATAGCTTTTT,D32N I34K R150D,3,3
-8.071,4.18,TTAAAGCAAACAAGCT,I385P,1,1
-8.071,4.18,TTACGAACATCACATA,L420H A425S,2,2
-8.071,4.18,TTCCTCAAGGCGCCTA,K276L E280*,2,2
-8.071,4.18,TTTGATTGTAGAATAG,N433Y,1,1
-8.073,0.5972,GAATGATAGTGTAAAC,S228P,1,1
-8.074,0.22,AAAGATTCACTATTTT,V112Y,1,1
-8.075,1.393,AAATGAATACCAATAA,S209E C466A,2,2
-8.075,1.393,ACAACAATGAGACAAT,A334W,1,1
-8.075,1.393,TAAATTAAAAGACCCC,G319H,1,1
-8.076,0.1991,TAATACCGATCTTAAA,D225P,1,1
-8.078,0.836,GGGTTTAAATTGTAAA,I245R,1,1
-8.079,1.393,ACACTGACGCGACTAT,G61W,1,2
-8.079,1.393,AGCTGCTCATTATGGC,D438K,1,1
-8.079,1.393,CTCATCCCTTAGCGAC,S228C,1,1
-8.079,1.393,CTTAACACCCCAGCAC,G345S,1,1
-8.079,1.393,GTAATAATTGGACCAA,N81I G465R,2,2
-8.079,1.393,GTGCAGAGTTTAGCTT,D415P,1,1
-8.079,1.393,TAACCTTAATATAACC,G49W D101N V309W,3,3
-8.079,1.393,TTGGCCAAAGCCATTC,I385V E410K R482G,3,3
-8.079,1.393,TTGTAAGGACGAAAAC,G62E F353V,2,3
-8.08,0.5972,TCTGCTTCTAAATAAA,I274D,1,1
-8.081,0.836,AAAGCCAATTGTTTAG,A373E,1,1
-8.083,4.18,AATTATCCCGCAAAAC,I418P,1,1
-8.083,4.18,ACCCCTCAAGTAGCTG,T12G G286Y,2,2
-8.083,1.393,ACGAAAAACATTATCC,G352C,1,1
-8.083,4.18,ACGATCCATCCCAGAA,V36A E401*,2,2
-8.083,4.18,AGACAATGAGATATCC,G200D G345H F500L,3,3
-8.083,4.18,AGACATATTAAAATAT,C97I,1,1
-8.083,4.18,AGCCAATCTTATTCAC,A365T N433G,2,2
-8.083,4.18,AGTATGTCTGAAAGTA,C97P N483D,2,2
-8.083,4.18,AGTTGCCCAATAGGTA,S247K,1,1
-8.083,4.18,ATAAGTTATCCGATTC,C97F R141N,2,2
-8.083,4.18,ATAATTAATATTCTAT,Y486W,1,1
-8.083,4.18,ATACCCTCCATCAATA,H17G,1,1
-8.083,4.18,ATACTCTAATAAAGTA,H471L,1,1
-8.083,4.18,ATCCAAATAAACGCTT,N322G,1,1
-8.083,4.18,ATCTGACAGACCTACG,G16M L244G,2,2
-8.083,4.18,ATGAACAAATATCTAT,I245E,1,1
-8.083,4.18,ATGAACTCCTATAAGA,L118Q,1,1
-8.083,4.18,ATGACATAAATTTCGC,D188S Y486V,2,2
-8.083,4.18,ATTCGCAATATTCAAA,I502R,1,1
-8.083,0.836,ATTTTTCCATTTACCT,R269G S369R,2,3
-8.083,4.18,CAAAAGTTTGTGTCTT,V309W,1,1
-8.083,4.18,CAACAGAGCGTTTATA,S422L,1,1
-8.083,0.836,CACCTAAATTACGCCT,N433V,1,1
-8.083,4.18,CCCGTTCCTTATTAGT,L71N,1,2
-8.083,1.393,CGAGATTGCAAGAGTT,G249D I395L,2,2
-8.083,4.18,CGATTATAATCGCTCA,I339Q,1,1
-8.083,4.18,CGTATTGTAATCACTC,V36E,1,1
-8.083,4.18,CTATGCCAGGATACTA,L59G,1,1
-8.083,4.18,CTCCTGAATTTTGAAA,T451R,1,1
-8.083,4.18,CTTTTAAATAACAGTT,V204N,1,1
-8.083,4.18,GAAATATCCTTAAAAA,C64Y G200M,2,2
-8.083,0.836,GAAATCTTATTTATTA,L59N S199W,2,2
-8.083,4.18,GACGCTATAGATTGGG,S136N,1,1
-8.083,1.393,GAGACAGCCACGCTAC,W127S,1,1
-8.083,4.18,GCCAATAAATCGACCG,G286T,1,1
-8.083,1.393,GGAAATCTAATGATTC,N38Q W234I,2,2
-8.083,4.18,GGCAGTACACAAAAAA,L427C D441N,2,2
-8.083,4.18,GGTCCTGCATAAAACC,Q210P L251P,2,2
-8.083,4.18,GTTCAAACGACTAAGC,L86Q,1,1
-8.083,4.18,TAAACTAAAACATTCT,Y257L R307*,2,2
-8.083,4.18,TAACGGCAAAAGCCAC,Q295G,1,1
-8.083,4.18,TACCAAGAACAAAATT,L71D,1,1
-8.083,4.18,TACTAAGAACAACAAA,S265D,1,1
-8.083,4.18,TCCCTCAGGTCACAAA,G134S G504Q,2,2
-8.083,4.18,TCTCAGCACAATAACC,V429W,1,1
-8.083,4.18,TCTCCAACAGCATACT,I58P E449G,2,2
-8.083,4.18,TCTTGTTCGTAAATAG,T416R,1,1
-8.083,4.18,TGAAAGATAATAGGAA,D375P,1,1
-8.083,4.18,TGATACCAGAAACAAC,L42W,1,1
-8.083,1.393,TGGCCGTATAGACAAC,G345C,1,1
-8.083,4.18,TTAGAATATAGCGGGT,L15R,1,2
-8.083,4.18,TTAGAGAACGCGCATG,P306W,1,1
-8.085,0.4645,GATACTCATTACCAAT,K503E,1,1
-8.086,0.4645,TAGATAATAGCATCAT,G72* G129A,2,2
-8.087,1.393,AATTCAATAAGTAGTT,M346E I469A,2,2
-8.087,1.393,CACGTCTATTAAATAA,G319N,1,1
-8.087,1.393,TCGGGAAAATTGTCTG,G337T,1,1
-8.088,0.836,AGAAAAACCATGACAA,G352E,1,2
-8.088,0.836,GGTACAAACCAAGAAT,W343G,1,1
-8.088,0.2459,CACATATAAAAAAATG,R201H E432V,2,2
-8.089,0.4645,ACTTAGTCCAACCATA,G345M,1,1
-8.089,0.4645,CGCGCATCATTGTTTA,P185Y,1,2
-8.089,0.2459,TTTATATAATTTGTTA,D7N N31Y L367P,3,3
-8.091,0.836,ACTATCAATAATTCAA,G342R,1,1
-8.091,0.836,CTGACACGAAACTATG,I245W G463Y,2,2
-8.091,0.836,TAAAACCAAGTTCAAA,G345N,1,1
-8.091,1.393,AAAAGCAATTAGGCAA,A113L,1,1
-8.091,1.393,CAATTCAAGTACATTT,K176V,1,1
-8.091,1.393,GAGTTCCGAAGATGTA,T248Y,1,1
-8.091,1.393,TAAATAACATTAGTAC,S279D I481F,2,2
-8.091,1.393,TGGGCAATAGGCTAAT,V309R,1,1
-8.092,0.5972,AGCAGAGTGATTCTAT,S146P Q407W,2,2
-8.093,0.836,AAAGATCTGATTAAGT,S219K D408N G465R,3,3
-8.094,0.4644,ATTGCGATACCCGCAA,L431D,1,1
-8.095,4.18,AAAAGATGACAATCAG,A253R,1,1
-8.095,4.18,AAAAGGTATATCATCA,L151H E396K,2,2
-8.095,4.18,AAAATAAAATCTCACT,W180G,1,2
-8.095,4.18,AAACAACATGAACTTA,W343* E401K D461G,3,4
-8.095,4.18,AAAGTATGCAATAAGC,Y351R E401K,2,2
-8.095,4.18,AAATCGTATTACGATA,Y486G,1,1
-8.095,4.18,AATAACCGGCATTTAA,A39P,1,1
-8.095,4.18,AATCGGATATCCCTGT,D186N G349E E410K L455C,4,5
-8.095,1.393,AATGTACAGATAGGAA,M346P,1,1
-8.095,1.393,AATTTATGACTATGCG,C14P I481Q,2,2
-8.095,4.18,ACCACTAAGATCCTAT,H435C,1,1
-8.095,4.18,ACTATACTATTATTGC,G319N,1,1
-8.095,4.18,AGAAGCTCGAAATCAC,A336M W343C,2,2
-8.095,4.18,AGAGAGTATACCAAGT,N382P,1,1
-8.095,4.18,ATAAATCAAAAGTTAA,E460K,1,1
-8.095,4.18,ATACCCTACACGCCCC,F87K,1,1
-8.095,4.18,ATTCTGAGCGGACTTA,K176G,1,1
-8.095,4.18,CAACATGCAACGGTCA,A334W,1,1
-8.095,4.18,CAACGATCAGTAACAA,G303C,1,2
-8.095,4.18,CAAGAAGACAAGAGTC,F195I D348Y,2,2
-8.095,4.18,CAATCATTAATATCGG,A113I,1,1
-8.095,1.393,CACTCTACATAATCCA,W153M,1,1
-8.095,4.18,CATGACTGCACTGATT,Y302C L409M,2,2
-8.095,4.18,CATTCGGTGGGTCACA,S228L,1,1
-8.095,4.18,CATTTCCCCGCCTCTA,W84Q,1,1
-8.095,4.18,CCAAACATCCGGTGGA,N458I,1,1
-8.095,4.18,CCCATAATCCAACACA,C466F,1,1
-8.095,4.18,CCCTAGATGGTTGTTC,G349V E398K D474I,3,3
-8.095,4.18,CTCAACCTTCACGTAT,Q356*,1,1
-8.095,4.18,CTGTCCTCCTTGGACT,S145V N246P,2,2
-8.095,4.18,GAAACGTGAAGATAAA,S146I,1,1
-8.095,4.18,GAAGAATTGAGTTTAT,V112N A163S,2,2
-8.095,4.18,GAAGTAAAAAGGATGA,T135G A365R,2,2
-8.095,4.18,GAATTAGACTACAGAA,Q376P E432M,2,2
-8.095,4.18,GACCCGGAGTGTAAAA,S124D E432K,2,2
-8.095,4.18,GATCAAAGGCCATAAA,N322S,1,1
-8.095,1.393,GCACCTAATTTAATGT,G303Q,1,1
-8.095,4.18,GCGAACCCCTTTAGCT,E443K N498P,2,2
-8.095,4.18,GTAACAGAATTATCAT,T416D,1,1
-8.095,4.18,GTCAAAAACAACTTTG,P306V,1,1
-8.095,4.18,GTCTAACACAAGTTGC,W421T,1,1
-8.095,4.18,GTCTTACCTCTTTAAA,E340Y,1,1
-8.095,4.18,TAACCTGCCTCCTTTG,D73K I437D,2,2
-8.095,4.18,TAAGAATCGATATATC,S228D,1,1
-8.095,4.18,TAGCGCTCACAAGCAA,V204E I274V,2,2
-8.095,4.18,TATGAGGTCACATTTA,A253L,1,1
-8.095,4.18,TATTAAACCCTAAACA,G181D G345D,2,2
-8.095,4.18,TCAAGTAATCAGAATA,N433V,1,1
-8.095,4.18,TGAACTACGATTGGTG,N152P,1,1
-8.095,4.18,TGCCTGCTTCCCAAGA,A19I,1,1
-8.095,4.18,TGCTACAACCCCACAA,L177V E390R,2,2
-8.095,4.18,TTCATGTTCCCAATAA,L367N,1,1
-8.095,4.18,TTGCAATACATAATAA,K238* G256V,2,2
-8.095,4.18,TTGTATCATACCATAG,W234F F294V A372T,3,3
-8.097,0.5971,AACAAATCTTATGTCT,S228N,1,1
-8.097,0.5971,CGTTACGATCACCTAT,A334V,1,1
-8.098,0.836,ACACTGCTTGAGATAA,T30C N296K,2,2
-8.098,0.836,GATCACATGTTCCCAC,W153P W343*,2,2
-8.099,1.393,AACCATTTACTAGCTA,M346H,1,1
-8.099,1.393,CCAACATCATACCCTT,Y105P C277Y,2,2
-8.1,0.2459,ATTTAAGGTTCAAATA,L59G,1,1
-8.103,1.393,AAAACGTACATCAAAA,K50T C97*,2,2
-8.103,1.393,AGCGGCACTATAGTGG,F195R Q501R,2,2
-8.103,1.393,CAAAGCAAGTACTTAG,G333V G345D,2,2
-8.103,1.393,TACCGGTATGATTAGT,D241F,1,1
-8.103,1.393,TACTTATCTAAGGAAG,G23I R224H,2,2
-8.105,0.836,AACTTTCAAAAACAAC,Q295S,1,1
-8.105,0.836,CAAAAAATTGCAGCAA,W343I,1,1
-8.107,4.18,AAAAAAACCACTAAAC,I245R,1,1
-8.107,4.18,AAAAATGACAACAAAC,K292C Y486A,2,2
-8.107,4.18,AAACTACACACCAAGA,E89K,1,1
-8.107,4.18,AAAGTGTATTATTCTA,G16D L194E E398K W421* G465E,5,5
-8.107,4.18,AAATACTTTTCTACTC,L151R,1,1
-8.107,4.18,AAATAGAATTAGTAAT,N250I,1,1
-8.107,4.18,AAATTTACACGTCACG,H17R P103S V223Y,3,3
-8.107,4.18,AACAGCGACGCAGAGA,D104V W180C Q434R,3,3
-8.107,4.18,AACTCCCCTATACTCA,G342F,1,1
-8.107,4.18,AATCACACCTCGCATT,S145N V204I T370F,3,3
-8.107,4.18,ACACCTCTAATTTCGT,L194I,1,1
-8.107,0.836,ACCGTACGTCCGATTC,R456W,1,1
-8.107,1.393,ACTAATACGCCTGAGA,C139Q,1,1
-8.107,1.393,ACTACCTGAACGCAAA,F192S A364D E457C,3,3
-8.107,4.18,ACTACTTTATAAACCA,N246E,1,1
-8.107,4.18,ACTTGATAAAATAACC,Y470R,1,1
-8.107,4.18,AGATAACTTGGAAAGT,P293L E398L,2,2
-8.107,4.18,AGGTTACAAGTAAACA,G23Q,1,1
-8.107,0.5971,AGTACCCTACTAACAT,E89H V429E,2,2
-8.107,4.18,AGTGTATAAGTAATCT,S228Y,1,1
-8.107,4.18,ATAGTTGAAGAGAACC,R150P W350V,2,2
-8.107,4.18,ATCACGTCACAATTTC,Y302H N322S,2,2
-8.107,4.18,ATCGAGGAGATCAGGA,G62W V309G,2,2
-8.107,4.18,ATTTGGGACTAAATTC,F195E,1,1
-8.107,4.18,CAATACCTCGCGATTA,D419K,1,1
-8.107,4.18,CACATGGTAACCTAAT,G72S N296T,2,2
-8.107,4.18,CACTATAAAACAACTC,L420S,1,1
-8.107,4.18,CACTCCCCGACCTCTC,I67E,1,1
-8.107,0.836,CACTCGTAATATTCTG,Q295Y,1,1
-8.107,4.18,CACTTCCACTCTCTAA,G61Y E410K,2,2
-8.107,4.18,CAGAACGCGAACAACA,N246A,1,1
-8.107,4.18,CATACCAAGAACAGCG,A336I,1,1
-8.107,4.18,CATTGTTTTTGTGCTA,T440Y,1,1
-8.107,4.18,CCAACGCGTAACCGCA,G362C,1,1
-8.107,0.836,CGAAACTAAAGGAAGT,I502E,1,1
-8.107,0.836,CGAACCTCGACCCCTC,C477N,1,1
-8.107,4.18,CGAATGAGCAGTCAGT,K176T,1,1
-8.107,4.18,CGATTTCCATTATATT,G360L G404D,2,2
-8.107,4.18,CTTACCTGCTAATAGA,S369F Q376K,2,2
-8.107,4.18,CTTATCAACGCAATGC,H471P,1,1
-8.107,4.18,GAACAAAAACAATTGC,A138D,1,1
-8.107,4.18,GAACCCACCTTCATTC,I67R,1,1
-8.107,1.393,GACAATTGTCAGTCGC,R329E,1,1
-8.107,4.18,GCCAAACCCACGCCTC,T206I C305H,2,2
-8.107,4.18,GGACTACATAGAATAA,C139M T416E,2,2
-8.107,4.18,GTCATCTTATATTCCT,K131D G465R,2,2
-8.107,4.18,GTTTTCAAATAACGCC,Q434I,1,1
-8.107,4.18,TAAAAAAAAATTCTTT,Y470D,1,1
-8.107,4.18,TAAAACTCCAATATAC,L154S,1,1
-8.107,4.18,TAACAAAGTAGGCTAC,G116K,1,1
-8.107,4.18,TAACCCAATGATTCTC,I34W G142L,2,2
-8.107,4.18,TAAGAGTATACCTAGT,P74K,1,1
-8.107,4.18,TACAGTTTTAAGGTTA,V20L E325M,2,2
-8.107,4.18,TATACAAACTCAAGTA,A459Y,1,1
-8.107,4.18,TATATACATTCCGCTT,A495G,1,1
-8.107,4.18,TATATTATTCAAAACA,W153E,1,1
-8.107,4.18,TATTAAAATCAATGAG,V36D I469V,2,2
-8.107,1.393,TCACAGAGACCAACAG,G240P,1,1
-8.107,4.18,TCCCCTACCTATCTTG,L409E,1,1
-8.107,4.18,TCTCTAGACTTATTCC,L66R I202H,2,2
-8.107,4.18,TGACGGTAACAATTAA,T10H G337F,2,2
-8.107,4.18,TTACTGGTTATATAGA,G465H,1,1
-8.107,1.393,TTGCAAGCACACCTCG,I437W,1,1
-8.107,4.18,TTTACTAAGATAAAAG,H17Q,1,2
-8.111,0.4644,AAGCACTCATAAATTC,R329T,1,1
-8.111,1.393,CTAAGTCACAGTGATA,M320G,1,1
-8.111,1.393,GTCAACTAACCCCGTA,H183D,1,1
-8.111,1.393,TGCCCAGATAATTCGA,M444H K446N,2,2
-8.111,1.393,TTAAATCTTAACAATA,V88K,1,1
-8.112,0.836,CACATTGAGCGTACAA,L15K,1,1
-8.112,0.5971,TATTACAAAAAACACC,D7G M444N,2,2
-8.114,0.5971,CATGATTCAGAAAATC,L86P,1,1
-8.115,1.393,ACAACTTACTAATTAC,A163N R261H C281G E398K,4,4
-8.115,1.393,GAATATGACATAATGA,R224T R499M,2,3
-8.115,1.393,GACCAAACGTGTTCTG,Y308P,1,1
-8.115,1.393,GGGAAATGTTTCCAAC,S54T D366F C473T,3,3
-8.115,1.393,TTTACCTTACCAACCT,G349A,1,1
-8.115,1.393,TTTCAGATTTGAAGAC,T167N Y470S,2,2
-8.116,0.5971,GCCAATTATTCTTAGG,W234E,1,1
-8.116,0.38,ATGATACCGTTCGTTT,R220E R456M,2,2
-8.117,0.836,ATACCTACGCAAACAT,P4G M268I G303D,3,3
-8.117,0.5971,CGTAGTCAAAAAAGTT,G362N,1,1
-8.118,0.38,ACAGGATTGCCCCCCG,C139I,1,1
-8.119,4.18,AAATAAGACGTATTAG,P21I K315E,2,2
-8.119,4.18,AACAATGTGAAATAAG,L447E,1,1
-8.119,4.18,AACATAGCACGAACAG,Q434F,1,1
-8.119,4.18,AACATGGTCTATCCCT,C305D,1,1
-8.119,4.18,AACTTAAAGATGGAAC,K176H D461K,2,2
-8.119,4.18,AATCAATCATATATGT,V182T E432K,2,3
-8.119,4.18,AATTCTCGCAAGAACC,I469T,1,1
-8.119,4.18,ACATATTACCATACTT,N152D E460S,2,2
-8.119,4.18,ACCTATACTAATCTTA,G5P Y412*,2,2
-8.119,4.18,ACGAACTAATGAACAT,C14Q,1,1
-8.119,4.18,AGAGTGATTGTATGTC,I339Y,1,1
-8.119,4.18,AGCAGAACAAGAAATC,S9* L15M,2,2
-8.119,4.18,AGCCCAACAAATAGTC,I232D,1,1
-8.119,4.18,AGGCATAGATAATCAA,I179P D408N,2,2
-8.119,1.393,AGTAAAATACAGCACT,Y100H K292N A430S,3,3
-8.119,4.18,ATACTGTACCTAATAT,P21S V237D,2,2
-8.119,4.18,ATAGTAACCATCCAAG,I481C,1,1
-8.119,4.18,ATCATAGTTATTAATT,V309G,1,1
-8.119,4.18,ATCTCTTAATCACCAG,L42P L111V,2,2
-8.119,4.18,ATTGACATAAATTCAT,H471E,1,1
-8.119,4.18,CAATATACCCCTGTTT,I288H,1,1
-8.119,0.4644,CACCACAGCGTGTCTC,W350K W421*,2,2
-8.119,4.18,CACCCGGAGTAAATGC,P254L,1,1
-8.119,4.18,CAGACCGTAATCACAG,A317F,1,1
-8.119,4.18,CATAAGGGACGATATA,D68Q R492D,2,2
-8.119,4.18,CATAGATAAATACATT,F120C I335G,2,2
-8.119,4.18,CATATAATTCTTATTA,G23E,1,1
-8.119,4.18,CATATCACCCCAGCAG,W343C,1,1
-8.119,4.18,CCAAATTCAGAAGGAA,L431P,1,3
-8.119,4.18,CCATACACCTCTGATA,S115D,1,1
-8.119,4.18,CCTAAAAGAGAACATG,I226A,1,1
-8.119,0.5971,CGTCCTCAACCAACAC,H183R N424V,2,2
-8.119,1.393,CTATGATTTCCCCGAA,V43M,1,1
-8.119,4.18,CTTAACAAGAAACCCT,P227W E443S,2,2
-8.119,4.18,GACCAAGTTCAGCCAT,Q327* N445V,2,2
-8.119,4.18,GAGCCGCACATTATCG,D188I L314P,2,2
-8.119,4.18,GCATATAAGGATGATT,T440P,1,2
-8.119,4.18,GCATTCGCGTGAAACC,W343V,1,1
-8.119,4.18,GTTCTATTGCTTCTCG,E460K,1,1
-8.119,4.18,TACGAATTCCTGGATC,T65S W343*,2,2
-8.119,4.18,TACTAATCAGTTTACC,V413R,1,1
-8.119,4.18,TATAATAAGATAATAA,D85V F147L,2,2
-8.119,4.18,TATACCTCGACAACTA,Q434R C466K,2,2
-8.119,1.393,TCACTCTCAAAAAGGT,Y308Q,1,1
-8.119,0.4644,TCATCTGGAAAACCCT,I288H,1,1
-8.119,4.18,TCTTTTAAGTCGGCCT,E398K F467C,2,2
-8.119,0.5971,TGCAACATAATACTAA,L177* G218T,2,3
-8.119,0.8359,TGCTGAAGATCATAAC,T436F,1,1
-8.119,4.18,TGGACCATCTCACCTT,A11*,1,1
-8.119,4.18,TGTCACGGTTATCTTT,V237W,1,1
-8.119,4.18,TTGGACAGCCAAAAAG,G200S D438N,2,2
-8.119,1.393,TTTAACTGATTGCTAT,D225P G342S L409I,3,3
-8.119,4.18,TTTACGAAAGTCATAA,C281S P293S I385R,3,4
-8.119,4.18,TTTACTCACGTAAACA,N170D,1,1
-8.119,1.393,TTTTTAAAAGCTCAGT,C76D,1,1
-8.121,0.8359,TACCTTCACTCACCTA,G386* E398T,2,2
-8.122,0.5971,CAACCTCTTTGATAAC,G349A,1,1
-8.123,1.393,CTACGTGTCACCCTAC,E123V,1,1
-8.123,1.393,TAGTTTTATCCTAGGA,V237K,1,1
-8.124,0.8359,AAACCAGTAACAAACC,G303C,1,1
-8.124,0.8359,CACTGTCGTACGAAAA,R492L,1,1
-8.126,0.8359,ACACTCGTCTTTTAAG,F500Q,1,1
-8.127,1.393,AGACCAAGACAACCCT,P185T,1,1
-8.128,0.8359,AATATTTAGTATCACA,A317F,1,1
-8.129,0.5971,ACACTCATCGATGCCA,G352N,1,1
-8.129,0.1817,CCATAAGATAAGGAGA,Y178V,1,1
-8.13,0.38,ATCATATATTAAGAAT,C466H,1,1
-8.131,4.18,AAAAGCGAGTAGAGGA,E41* E344L,2,2
-8.131,4.18,AAAAGTACTATGCCTG,G181E,1,1
-8.131,4.18,AAACGGTGACCCATCA,V102P S199V,2,2
-8.131,4.18,AAACGTAATAGCGATG,F500R,1,1
-8.131,4.18,AAAGTTAAGCCCCGAA,G286A A495N,2,2
-8.131,0.8359,AAATTTAACCATTATA,N458E,1,1
-8.131,1.393,AACAGACACAGGCACA,F125R,1,1
-8.131,4.18,AACATTGCAGTACACT,F192D E414K E460T,3,3
-8.131,4.18,AACCAGCCCCCCACTA,C139M,1,1
-8.131,4.18,AACCTACACATACACG,D85S I252Y,2,2
-8.131,4.18,AACGAGCTGACAGCAG,A336C,1,1
-8.131,4.18,AACTAGTAAGTAACAG,P103M K315G G362V A459T,4,4
-8.131,4.18,AACTCTCCCAAGTACA,C281T,1,1
-8.131,4.18,AAGGGTACTACACAGT,G362K,1,1
-8.131,4.18,AATATCCAAGGTGCAT,G256C N296S,2,2
-8.131,4.18,AATGTCAGCCTCCCAG,A106P V130S,2,3
-8.131,4.18,AATTGCACCAACCTCC,Y233D T440C,2,2
-8.131,4.18,AATTTATGCTTTGAAC,I58N,1,1
-8.131,4.18,ACGCCCCCCAATAATT,S247P R307E,2,2
-8.131,4.18,AGATCTAGAACATAGT,A459D,1,1
-8.131,4.18,AGATTAAGACTTAACA,L15P T117M,2,3
-8.131,4.18,AGCAAAACAATGAACC,F258K,1,1
-8.131,4.18,AGCCTAAGAAAAACGA,M346Q,1,2
-8.131,4.18,AGTTGACAAAAAAATA,K292M I478Y,2,3
-8.131,4.18,ATAACACTTCAAGAAC,V413R,1,2
-8.131,4.18,ATCGACTCAATACATG,H183G,1,1
-8.131,4.18,ATTAAAAACAGCATCA,Y161V P306F,2,2
-8.131,4.18,ATTATGAGTACGTAAG,Q356P,1,1
-8.131,4.18,ATTGTAATATCCAGCA,H183P,1,1
-8.131,4.18,CATACTTAACTCATAC,D419W,1,1
-8.131,1.393,CATCACTAAATAACCA,R354P,1,1
-8.131,4.18,CCAGTACCTAAAACTT,D186V L316G,2,2
-8.131,4.18,CCCAAGAACTCTATTA,G49V V406W D415N F500G,4,4
-8.131,4.18,CCTTTCGCGTAAAAAT,T187C E344* Q434E,3,3
-8.131,4.18,CGAAAAAACTACGTCT,D186I,1,1
-8.131,4.18,CGTCAAATCAACATGT,S287K,1,1
-8.131,0.8359,CTAAAATTCTATGACC,A138N,1,1
-8.131,4.18,CTCATGACATACTCCT,W343V,1,1
-8.131,4.18,CTGCCAACAACCCAGG,I29D,1,1
-8.131,4.18,CTGTATCCATAAAACC,N170I,1,1
-8.131,4.18,GAAGAAACCCAGCCGA,G337C,1,1
-8.131,4.18,GATACTCACGTATATA,V182P,1,2
-8.131,4.18,GGCGAGCTAATAACGT,V297D,1,2
-8.131,4.18,GTAAATTTAATTTATA,F148Q,1,1
-8.131,4.18,GTCACAAAGGCAATCC,N53C W343M,2,2
-8.131,4.18,GTCAGCATCCACTTTC,V237W,1,1
-8.131,4.18,TAAAAAGATCAAGACC,H17D I267N,2,2
-8.131,4.18,TAAAAAGTTCCATACA,Q132* I236T,2,2
-8.131,4.18,TAAATTCCAATAAAAT,Y178D,1,1
-8.131,4.18,TAACCAAATTCACACA,H488K,1,1
-8.131,4.18,TAATTCCGGATCACAT,F79I A113D K131T,3,3
-8.131,4.18,TACCAAAGCATAAATA,A459F,1,1
-8.131,4.18,TATCTTATAACTCTTA,L66V P99Y,2,2
-8.131,4.18,TATTCAAATCTCACAG,I267P,1,1
-8.131,4.18,TCAACATTCCCATACA,G16R,1,1
-8.131,4.18,TCAGCTCGAGAACCAA,S209R L314Y,2,2
-8.131,4.18,TCTACCAATAGCAATA,A39*,1,1
-8.131,4.18,TCTGACGATGAAAATC,Q164H M444E,2,2
-8.131,1.393,TGAAGTGCACTAAATG,K50C P284R V297L L381E I385S,5,6
-8.131,4.18,TGTCCTTCCTTGCTAG,L314H,1,1
-8.131,4.18,TGTCTGCGTCACCACG,G16N N190T,2,2
-8.131,4.18,TTAATACCCTTCATAC,I179H,1,1
-8.131,4.18,TTAGAACTTGCACGCC,C76G G465C,2,2
-8.131,4.18,TTAGTTCTCGTTTCTG,G319C,1,1
-8.131,4.18,TTCATGCCGATAAAGA,G116F E410K,2,2
-8.131,4.18,TTTACAACGTCATATC,R499V,1,1
-8.131,4.18,TTTCATTAACTCAAGG,D438C,1,1
-8.134,0.5971,GATCGACTAGTAAGCG,F332G,1,1
-8.135,1.393,AATTTCAGCTATATCA,W180R,1,1
-8.135,1.393,ATACTATCACACTCGC,E457R,1,1
-8.135,1.393,TACTACCAACTCTGAA,A373T E494G,2,2
-8.135,1.393,TCACTAGATCCGTCAG,G349C,1,1
-8.135,0.8359,AACTGATATCTTCGTC,Q44A N152E E426C,3,3
-8.136,0.5971,AAAGAAAATGTATCAG,G286K,1,1
-8.137,0.38,GACCGTCAACTTAGTT,C64W,1,1
-8.137,0.4644,ATAATAAGCATATTTT,G256R,1,1
-8.138,0.8359,AAGTTACACTGACTCC,D68R L111P,2,2
-8.138,0.8359,AGCTGATCCACGTACT,G333R N341D,2,2
-8.138,0.8359,CATGATCATATTTTAG,G303S,1,1
-8.138,0.8359,TATGCCAAAATAAATA,E89Y P273G,2,2
-8.139,1.393,CCAGATACCTGAGACT,S358R C473Y,2,4
-8.139,1.393,GCTGATGGGGTTCATA,S422C I437R,2,2
-8.139,0.22,AACGCAGAGGAAATTC,G181I,1,1
-8.141,0.2786,TACTACCTAAACAAAC,E460C,1,1
-8.142,1.393,AAAAAAAGTAAAGTAG,R307L H471R,2,2
-8.142,4.179,AAAATAATAAATAAGT,D348P,1,1
-8.142,4.179,AACCATCGATGATACG,N190L,1,2
-8.142,4.179,AACCATTTTAATTTTA,V297K A373V,2,2
-8.142,4.179,AACTGTCGACTCATAT,T155F I274Q,2,2
-8.142,4.179,AAGTAATAACGCAATC,W180* N458E,2,2
-8.142,4.179,AATGAGCATTGTAGAC,W84R,1,1
-8.142,4.179,AATGCTGAATATAGCA,G256V,1,1
-8.142,4.179,ACATACAACTACGATA,C64V,1,1
-8.142,4.179,ACATCTAATAAACGAA,S270H,1,1
-8.142,1.393,ACTCATCACTAGGTAT,G181E I232A,2,2
-8.142,4.179,ACTGAAGGTCTCCAAT,F500Q,1,1
-8.142,4.179,ACTGACTCTCCATATA,G345A,1,1
-8.142,4.179,ACTGTATGCGTCTGCA,V429M A459Y,2,2
-8.142,4.179,AGAATCAGTAAAGATA,R224P I374K,2,2
-8.142,4.179,AGACCCTGATCCTCAA,A138Q,1,1
-8.142,4.179,AGGATCGTATTCTAAG,G49C W127N,2,3
-8.142,4.179,AGTAAAAATGCTGACA,C52Y T155D,2,2
-8.142,4.179,AGTCCTGTCTCCGCTA,E340D,1,1
-8.142,4.179,ATACACCTTATAACAA,F448N,1,1
-8.142,4.179,ATCTAACTAGGGTTAA,H488K,1,1
-8.142,4.179,ATGTATCCCTTATTGC,S149F I331E,2,2
-8.142,0.8359,CAAAAGGCACGATCTC,I478A,1,1
-8.142,0.8359,CAAACTTAACCTTACA,F125V,1,1
-8.142,4.179,CAATAAGGATCGATTA,T37*,1,1
-8.142,4.179,CAATCATGACACGCGA,W343G,1,1
-8.142,4.179,CACCAAAATACCTCGT,V36G,1,1
-8.142,4.179,CACCCTGATATCTCGG,W421*,1,1
-8.142,4.179,CATACCCTTAAACCTT,Q164K,1,1
-8.142,4.179,CATCACTACACAACGA,I385W F399S,2,2
-8.142,4.179,CCCAACTTCCAACAAA,M268I K450L,2,2
-8.142,4.179,CCCAGCCCAAAGTGAA,Y486L,1,1
-8.142,4.179,CCCAGGTCATGCTACA,N357L,1,1
-8.142,4.179,CCGTTCCTTTAACAGA,G352K,1,1
-8.142,4.179,CGAATAATTGTACTAC,C52H S312N,2,2
-8.142,1.393,CGATCCCGTAACCTGA,P254Q,1,1
-8.142,4.179,CGTCTCCTTAAACACT,V88L T203I P289H,3,3
-8.142,4.179,CTAAATAGAACTTGTC,E396W N498Y,2,2
-8.142,4.179,CTGATTAAATCACTGT,F338C,1,1
-8.142,4.179,CTGGCTAACGATGTCC,L70H,1,1
-8.142,4.179,GAAATAGAAATAAAAC,Y491T,1,1
-8.142,4.179,GATCGTACAACAGTTT,N170H,1,1
-8.142,4.179,GATGAGACTACCACCA,L13T,1,1
-8.142,4.179,GATTTTAAAAGATGAA,A69T C97E,2,2
-8.142,4.179,GCAAATAACACAGAAG,L151K,1,1
-8.142,1.393,GCCTTAAACATCTCCA,V402A H471I,2,2
-8.142,4.179,GGAGTGTTTCAATAAT,E89K F195N,2,3
-8.142,4.179,GGCTAACTCTAAAAAC,T451P K453A,2,2
-8.142,4.179,GGTTATATTATTTCGT,N190Q,1,3
-8.142,4.179,GTAAACGCCGAGAATG,G345T,1,1
-8.142,4.179,GTAACTGACAAGAAAG,G72N G345D,2,2
-8.142,4.179,GTAGCAGCGACGAGGC,Q80* Q164A,2,2
-8.142,4.179,GTAGGTCCGCTTACTA,E494W,1,1
-8.142,4.179,TAAAACGACAATATTC,W234I,1,1
-8.142,4.179,TAAAATTCCGATCAAT,A365M,1,1
-8.142,4.179,TAACACTATTTCCCGG,E414K N483G,2,2
-8.142,4.179,TAACCCACACATTAAA,Y178F,1,1
-8.142,1.393,TAAGATTTAGGCCAAG,V88R,1,1
-8.142,4.179,TACATCTCTAACTTCC,P185R,1,1
-8.142,4.179,TACTTCACCCAGCCGC,L151T,1,3
-8.142,4.179,TAGCGAACAAAATGTA,V429W,1,1
-8.142,4.179,TCCAAGTAACCATTCT,K176C R307C,2,2
-8.142,4.179,TCTATAACTATTCCCT,G256A,1,1
-8.142,4.179,TGCATAAACTGAATTT,D419F,1,1
-8.142,4.179,TGCCATGGAAGTACTT,H355N,1,1
-8.142,4.179,TGCGCTACCAAACAGA,W343V,1,1
-8.142,4.179,TGCTGGGTTTACATCC,L420E,1,1
-8.142,4.179,TGTACACATGTAGACA,W127K G504P,2,2
-8.142,4.179,TTATTTATTATGGAAA,C281N T388P,2,2
-8.142,4.179,TTTGGTGAGATAGATG,I232A,1,1
-8.142,4.179,TTTTCGCCACAGAAAC,M444T,1,1
-8.142,1.393,TTTTTGAAGTGGCGAA,L455N,1,1
-8.145,0.8359,AAGCCTGTAACCGATT,S137D K380N,2,2
-8.145,0.8359,CCGCCACTACGTTGAA,L86S K121E,2,2
-8.145,0.4644,CACTCTTCAAAACAAA,W180M,1,1
-8.145,0.4644,TGTCAATGGCTATAAA,I51G,1,1
-8.146,0.5971,CGAGAAGGGACTAAAA,R90Y,1,2
-8.146,0.5971,TCATATCAAAAGAACC,I267D,1,1
-8.146,1.393,AATTATTTTCCATGCG,W127N,1,1
-8.146,1.393,ATGGCGAAATCGCACT,T440I,1,1
-8.146,1.393,GACACGATGTAGAACA,G345T,1,1
-8.146,1.393,GATTATCCAATTTTCC,R499V,1,1
-8.146,1.393,TAATCATAATCTGTTA,L243D,1,1
-8.146,1.393,TGATAATAGTTAACTA,E123F V297N,2,3
-8.146,1.393,TGGACTCAACAACAAA,V182E W421K,2,2
-8.148,0.4644,ATTAATACAGTTATTC,G360L,1,1
-8.149,0.8359,AAATATATTGTAAAAT,V36L I230Q,2,2
-8.149,0.8359,AAGAATATGAGTGCGG,C52Q,1,1
-8.149,0.8359,TTTCACATGGGGGTAA,G362P,1,1
-8.15,1.393,ATGTTACCATACCTAT,T12Y I288E,2,2
-8.15,1.393,TTACTTTGGGTAAATC,T436Q,1,1
-8.152,0.8359,TCGTTAAGTTTATGAA,Q75* Q191E,2,2
-8.154,4.179,AAAACGGATAAATGTC,P99A T203E,2,3
-8.154,1.393,AAACTTCAAAACGAAA,F87V G404V,2,2
-8.154,4.179,AACATACTATAAAATA,G333Y E449V R482K,3,3
-8.154,4.179,AACCATAAGAACAGAA,L420K,1,1
-8.154,4.179,AACCTTACACCAAAGT,P99G I230H,2,2
-8.154,1.393,AAGAAATATCTCAAGA,K468P,1,1
-8.154,4.179,AAGACACCCTTTAAAT,H18C N433Y S442I,3,3
-8.154,0.597,AAGACCAGTAATAACC,I214M E432K,2,3
-8.154,4.179,AATCGTCAATACCAAC,A364R,1,1
-8.154,4.179,ACATTAAGTTTGACTA,L15P K453V,2,2
-8.154,4.179,ACATTACACTCCAGGC,D68L Y470K,2,2
-8.154,4.179,ACTCAATGATATATCT,E123I,1,1
-8.154,4.179,ACTTAAGATATAACAA,I217N,1,1
-8.154,4.179,ACTTATAGAAAATCTA,L66P S219V,2,2
-8.154,4.179,AGTATACTCGATCAAT,C305A,1,1
-8.154,4.179,ATAGTCCGGCCTAAAG,G240P,1,1
-8.154,4.179,ATCCACCGAATTAGTA,S262K T436R,2,2
-8.154,4.179,ATCCTCCATTATTGTC,I51N Y98*,2,2
-8.154,4.179,ATGTTGGTAATGAGAT,R150D,1,2
-8.154,4.179,ATTCTTTTGCAATTGT,R499N,1,1
-8.154,4.179,ATTTCGCACGTACGTG,W180A,1,1
-8.154,4.179,CAAAAAACTATCCAAT,I232S,1,2
-8.154,4.179,CAAGTGGACTCGTTTG,R208T M346P,2,2
-8.154,4.179,CACCAGGCGTTTCCAT,E41H,1,1
-8.154,4.179,CACGATCTGCATAGTT,D474V,1,1
-8.154,4.179,CAGGTCATTCACAGAT,T203V,1,1
-8.154,4.179,CATATGTGGAGTATTA,R492C,1,1
-8.154,4.179,CATCATACAGTTACTA,K176A,1,1
-8.154,4.179,CATGGTTATAATCAAT,E41F F192D,2,2
-8.154,4.179,CATTAACCAAATGCGG,H183G,1,1
-8.154,4.179,CGGAACGCGTGCATGG,N250M E325K,2,2
-8.154,1.393,CTACGTAGGCGTTAGC,G303D,1,2
-8.154,4.179,CTAGTTACATCTAAGA,A253Q,1,1
-8.154,4.179,CTATATTAATATAACC,E89W G465N,2,2
-8.154,4.179,CTCCAACTTCAGGTAC,R90E,1,1
-8.154,4.179,CTCGACGAGTTCGAAT,T37F,1,1
-8.154,4.179,CTGAACTGTGATCAAT,G303L,1,1
-8.154,4.179,CTGGCGTTGAAACAAT,S193E G200V,2,2
-8.154,4.179,CTGGTACCACCTTTAC,D271T,1,1
-8.154,4.179,CTTTCGAAATAAAATA,G465E,1,1
-8.154,1.393,GAAAAACTCCAATGAT,N246D,1,1
-8.154,4.179,GAAACGAACACGAACC,D32G F195E,2,2
-8.154,4.179,GAACGAATTGATATCA,Q356N,1,1
-8.154,1.393,GATAATCCTACAAATT,G256C,1,1
-8.154,0.597,GATACGCTGGTCAAGT,K140P L243W,2,2
-8.154,4.179,GATACTTAAAACAGTA,I282D,1,1
-8.154,4.179,GCAATAATTGTCTATA,W180R,1,1
-8.154,4.179,GCAATGCGCAAACTAC,G360W,1,2
-8.154,4.179,GCCCGCTAAAAATGTA,T10Q L409Q,2,2
-8.154,4.179,GCCTACAGAACAAAAA,P185S,1,1
-8.154,4.179,GCCTGAACCAAGCAAA,I58H,1,1
-8.154,1.393,GGCATATTTGCAAAAC,S198T C473V,2,2
-8.154,4.179,GGCCTATACTATGCTC,G116E S279D,2,3
-8.154,4.179,GTACGCATTAAATTAG,G116V S265M,2,2
-8.154,4.179,GTCCACATATGAAAGA,G23M I395F,2,2
-8.154,4.179,GTGCATGAAGAGAATG,T12S D419V,2,2
-8.154,4.179,GTGCGGAGACTTGATC,Y351C,1,1
-8.154,0.8359,GTGCTCCTTACTACAA,R307S E414N,2,2
-8.154,4.179,TAAACACCAGACTACG,N246E,1,1
-8.154,4.179,TAAATTGGGAGGACAA,D271E G337S I339F,3,3
-8.154,4.179,TAATTATTTATAGAAG,G218F F467D,2,2
-8.154,1.393,TACCGTGACTAAAAAA,L316Q T451P,2,3
-8.154,4.179,TAGAATCAAGTAGCAA,K276M N341P,2,2
-8.154,4.179,TCATAGAAGTATGTAA,D366R,1,1
-8.154,4.179,TCCACGGTTGCCCAAA,G319F,1,1
-8.154,4.179,TCTATGCAGACTCGTA,V237L V429M T440P,3,3
-8.154,4.179,TCTATTCCGCTCCGAA,F353I,1,1
-8.154,4.179,TCTTGGAACCAAATAA,D271C,1,1
-8.154,4.179,TGCGCTCTTAACACGG,A39*,1,1
-8.154,1.393,TGCTCCAATTAACAAT,D101N S231Q G465E,3,3
-8.156,0.597,AAACCCGTAGGATGTT,C477A,1,1
-8.156,0.8359,CAAAACGAAACCAATA,C305A,1,1
-8.156,0.8359,CAGCCATACATAAAAG,W234K,1,1
-8.157,0.3799,TAGATTACATTATGAC,R222G Q363R,2,2
-8.158,1.393,ATACTTGTATAGCTAA,H355G,1,1
-8.158,1.393,CTTCACTAATTTAGTA,E401K L431F R456K,3,4
-8.158,1.393,GACATAATGAAATATT,L455Q,1,1
-8.159,0.8359,CTATTAAGATTGCTTA,T248Q,1,1
-8.159,0.597,CAGACCTATCTAAGTC,I34D L108P,2,2
-8.162,1.393,AAAAATGTTCATCCAA,Q44W K452I,2,2
-8.162,1.393,AAAGACGACCAATAAC,I481T,1,1
-8.162,1.393,CCTATAGAACAAGATG,V429G,1,1
-8.163,0.8358,AAATAAATAAGCCAAT,I481F,1,1
-8.163,0.8358,TCTCTACAAAATGAGA,,0,0
-8.165,4.179,AAACAAATTGCAAAAA,W343A,1,1
-8.165,4.179,AAATAAGTTCTGGTAT,T12A K472I,2,2
-8.165,4.179,AACCTGGGCACTACGG,W180V,1,1
-8.165,4.179,AACTAACACGGGGTCA,M168D E443W,2,2
-8.165,4.179,AATAAAATTTTATTCT,S369N,1,1
-8.165,4.179,AATAAGAAAAATCTTT,I481P,1,1
-8.165,4.179,AATCAACATTCACCAC,K189Q G249D,2,2
-8.165,4.179,AATTCAGTAGTAATGA,C473L,1,1
-8.165,4.179,ACAATCCAATTCTGTA,N357F,1,1
-8.165,4.179,ACATATGCGCATAATA,I236P,1,2
-8.165,4.179,ACATGTTGCAATTGTA,E123K T235K A336I,3,3
-8.165,4.179,ACCATGCCCAAAAACC,C52K,1,1
-8.165,4.179,ACTCTTTAAAACAGAC,R201H G362S E403I K468R,4,4
-8.165,4.179,ACTTAAATTTATAGAG,C64Q,1,1
-8.165,4.179,ACTTAAGCTAAGATTA,E457R,1,1
-8.165,4.179,AGCGTAAGTAGAGTTA,E123M,1,1
-8.165,4.179,AGTCCAAACATCCTAC,E359K,1,1
-8.165,4.179,ATAACATGACGTTTAA,I51V T318D R354K,3,3
-8.165,4.179,ATAATGTCTGATTTTT,T37Q,1,1
-8.165,0.597,ATCGTCCTGCTTGCAC,S136G,1,1
-8.165,4.179,ATCTAGGCTCCCAGAC,I437G,1,1
-8.165,4.179,ATTAAAATGAAAAAAA,G352E,1,1
-8.165,4.179,ATTATGGACATAATAT,H17L,1,1
-8.165,4.179,ATTTACCATACAAAAC,H183N,1,1
-8.165,4.179,ATTTTATATGCAAGAA,L316C,1,1
-8.165,4.179,ATTTTTGACAAACGAC,G465E,1,1
-8.165,4.179,CAAAGATCAAATCATC,T12G,1,1
-8.165,4.179,CAACTTAAAAAACAAC,V182H,1,1
-8.165,4.179,CAATATCTTTTTTCTT,E172T G504M,2,2
-8.165,1.393,CACAAATGTCTCCGCT,H183P,1,1
-8.165,1.393,CACTTGAAATTTCTCA,L70D L439G,2,2
-8.165,4.179,CAGCAAAATAAACTTC,W343* A459S G465E,3,3
-8.165,4.179,CATATAAATCACAACC,G134I,1,1
-8.165,4.179,CCATCTTCATTACCAT,T206Q,1,1
-8.165,4.179,CTAAACTAATGGTATC,G330D Q371K,2,4
-8.165,4.179,CTACACTGTCCAACTC,W153H,1,1
-8.165,4.179,CTCTCCTATTATGCCT,F148R,1,1
-8.165,4.179,CTGAAGCCCAATAGAT,N6W G303D,2,2
-8.165,1.393,GAAGAAAAAATTGTAG,F258D,1,1
-8.165,4.179,GAGTACATGCAAGGAA,Y178I I481D,2,2
-8.165,4.179,GAGTATGCAAACGAGA,Y351P T416P,2,2
-8.165,4.179,GATGTTAGCCACATGA,P74L,1,1
-8.165,4.179,GCATGAACTTCATATG,Q57R L314P,2,2
-8.165,4.179,GCGCCACTACTACTAA,G23C S144G,2,2
-8.165,4.179,GCTAATAATCTCTAAA,F258P,1,1
-8.165,4.179,GTAATGATTGTTGCAT,Y470G,1,1
-8.165,4.179,GTTATCTCTAAATAGG,P254R,1,1
-8.165,4.179,GTTTAAATTTGAACAT,I245S,1,1
-8.165,4.179,TAAAAAACTTTAATAC,F338P,1,1
-8.165,4.179,TAACACAGAAAATGAA,L13N N489S,2,2
-8.165,1.393,TAACATGTCACTCAAA,A364D,1,1
-8.165,4.179,TACCTCACACCAACCC,I335C,1,1
-8.165,4.179,TAGTACCAGTTTCTGA,G504C,1,1
-8.165,4.179,TCAACAACATCAGGTA,,0,0
-8.165,1.393,TCCAATCCCTGCCTAA,L15P,1,1
-8.165,4.179,TCCCAAAGCTAACAAC,T313P,1,2
-8.165,4.179,TCTCCTTATTTGAGAC,R92W M346N,2,2
-8.165,4.179,TGATGTCGTGAGCCCA,S287F N322Q M444I,3,3
-8.165,4.179,TGATTACCCTAAGTAT,I339N,1,1
-8.165,4.179,TGGAGGAGTCCTCAGA,,0,0
-8.165,0.8358,TGTACGCATCTACACC,R354A E457K,2,2
-8.165,4.179,TTAACTTGACTATAAC,D7E R321W A334D,3,3
-8.165,4.179,TTACGCTGCCAACCAA,G463V,1,1
-8.165,4.179,TTCAAACTAACCCAAC,L118Q Y351D,2,2
-8.165,4.179,TTCATATCCAGCAGAA,I58K,1,1
-8.165,4.179,TTGTCTAAACAAAGAA,I179G,1,1
-8.166,0.22,ATCGAAGTAATGTCGT,N464I,1,1
-8.166,0.3215,TGCATAAAACAACCCA,Y351C,1,1
-8.169,1.393,AAATATCCCATTATCC,F294R,1,1
-8.169,1.393,AAGCTATGAACCTAAA,W84N Q211G,2,2
-8.169,1.393,CATAAAGGAAGTTAAT,V112H,1,1
-8.169,1.393,GTATAAAATCCCTCTG,V26S A163T A272H F399G,4,5
-8.169,1.393,TAAATGGGTACGCCAT,T416Y,1,1
-8.169,1.393,TAACCTCTTTCACTAA,D438C,1,1
-8.169,1.393,TTACAGCGCTTTCTAC,C76R,1,1
-8.169,1.393,TTTCATACCCAAATGA,V36K,1,1
-8.17,0.8358,CTGATGAATAACAAGC,G330D,1,1
-8.17,0.597,ACAACCAGTACGTACT,F467D,1,1
-8.171,0.3799,GAGAAAACTCCGTACA,S149W W153*,2,2
-8.172,0.8358,GCCCCTATTCAAAAAA,T30E K450Y,2,2
-8.172,0.8358,TTCCACATTACAGTAA,I245D,1,1
-8.173,0.2458,GCAAGAAGCGTTACGA,R329E,1,2
-8.173,1.393,AAAAAATAATAGTCTA,V36E,1,1
-8.173,1.393,ATAGAGATACGCAGCG,V26M N322V,2,2
-8.173,1.393,GAATAATTATGAGAAA,T155W,1,1
-8.174,0.597,ACCAGATACAACTACT,C97A P227K,2,2
-8.174,0.597,AGATAAACAATGGACA,V88N,1,1
-8.177,4.179,AAAACACTCTTCAGAA,K176E,1,1
-8.177,4.179,AAATCTTTATACCTGA,N433I,1,1
-8.177,4.179,AACGAATTGTGTACTT,I478P,1,1
-8.177,4.179,AAGATATCTATCTAAG,G134V,1,1
-8.177,4.179,AATTAAAGAATAGACA,T318Y N357T,2,2
-8.177,4.179,ACAGGAATGCATACGG,V88R,1,1
-8.177,4.179,ACCCAGTAAACAAACA,Q57R G330D D415N,3,3
-8.177,4.179,ACGCGTAAACAATTAC,N296E,1,1
-8.177,4.179,ACGGATTACAACGCGA,Y351T,1,1
-8.177,4.179,ACGTAGCATGGCTATG,I282R,1,1
-8.177,4.179,AGAACGCACCACAAAG,C14K,1,1
-8.177,1.393,AGACAACACGAGAACA,Y491D,1,1
-8.177,4.179,AGTATGTGTAGTAAAT,V88E,1,1
-8.177,4.179,AGTCCAAATTTTGCAC,R150Y I469G,2,2
-8.177,4.179,AGTCTACATTGATAAT,A334N,1,1
-8.177,4.179,ATATATTAAATGGACA,A253T A364F,2,2
-8.177,4.179,ATGATATTTGGGCTAT,K453- Q454- L455- R456- E457- N458- A459- E460-,8,8
-8.177,4.179,ATTTTTAATAAAAAGA,D60G I242G,2,2
-8.177,4.179,CAAAGATACCAGCATA,Y98M D493Y,2,2
-8.177,4.179,CAAAGATTAAATCAAA,K176C,1,1
-8.177,4.179,CAACAGTACCATATGA,G303N S369A,2,2
-8.177,4.179,CACCCTCTAATGTTGT,N433W,1,1
-8.177,4.179,CATATACACCACCATT,P254V,1,1
-8.177,1.393,CCAAAGAATCAACCGG,V43D,1,1
-8.177,4.179,CCACCGAACAAAATTT,I51Y R90N W343L,3,3
-8.177,4.179,CCACGTTCCTAGAGAT,E41I S231N,2,2
-8.177,4.179,CCCCTCCTCATAGCCG,E35* N122L,2,2
-8.177,4.179,CCTGGATGTCCGGTAA,N322L,1,2
-8.177,4.179,CGGGCGCCCCCTATTG,V130H,1,1
-8.177,4.179,CTGCAAACTAAAGATT,D438C,1,2
-8.177,4.179,CTGGGACGAAAGATAT,Q1*,1,1
-8.177,4.179,CTTTATAATACATACT,V429F,1,1
-8.177,4.179,GAAATGAAGCTAACAC,L151T E484M,2,2
-8.177,4.179,GACAAACTAGTAAAGT,R354G,1,2
-8.177,4.179,GACTGCAGCCGATGTC,V26K A163D G218A P293T,4,4
-8.177,4.179,GATAATTAGATACATT,L15W,1,1
-8.177,4.179,GATATACGGAATCTAT,E340A,1,1
-8.177,4.179,GCAATTGTGTAAATTC,T37* V406E,2,2
-8.177,4.179,GCCATATTAAATATCA,F258D G386R,2,2
-8.177,4.179,GCCTATATGTCTCAAA,I29H E35D T440G,3,4
-8.177,4.179,GCTTAAATAATCCCAA,G360T,1,1
-8.177,4.179,GGAGTTTCAGCACTTA,P284R L384R F392A,3,3
-8.177,1.393,GGGACCATACTGAAGT,F192T F258S,2,2
-8.177,4.179,GTAACTGACTCTGTTT,G181K K503F G504V,3,3
-8.177,4.179,TAAATTTCCCCCCTGA,E123W L316F,2,2
-8.177,4.179,TACGGCGTAAATCGAC,D60G I267Y,2,2
-8.177,4.179,TAGATAATCTATTTAG,I245S,1,1
-8.177,4.179,TATACTCAGATGATTC,S270K G504C,2,2
-8.177,4.179,TATTTTCCTAGACACT,I502W,1,1
-8.177,4.179,TCAAGTCAACAGCTCC,G337K,1,1
-8.177,4.179,TCACTAATCCACATAC,G465R E484D,2,2
-8.177,4.179,TCCGTTATCTAAATTA,T10C D241P,2,2
-8.177,4.179,TTAAGGTTTTAATGTG,F338A,1,1
-8.177,4.179,TTAGAAAAAACAACAA,L42P N322G,2,2
-8.177,4.179,TTCTAATACGACGCCG,G72Q N322I,2,2
-8.177,4.179,TTGCGTAACCATCTCA,T12K A39I I331Q,3,3
-8.177,4.179,TTTTTATAAAAAAGAG,G256S,1,1
-8.179,0.3799,AAATATCATTACCACA,D68R,1,1
-8.179,0.8358,GGAACACCTAACAAAA,G342T,1,1
-8.18,0.597,AGATTGAACACAAAGC,A138W,1,1
-8.181,1.393,AACTACCTTTTATTCT,L244P,1,1
-8.181,1.393,CGAGATTAACCAGACT,E35N T436H,2,2
-8.181,1.393,CTCGTAGATAACAAAC,V36A E398K Y412S,3,3
-8.181,1.393,GAAATTTTCCAAACCT,L111Q G330C,2,2
-8.182,0.597,CCATCATGTAAAACCT,C64Q,1,2
-8.182,0.597,GTAGATAATCCAAAAC,G303Q,1,1
-8.183,0.3799,TTCTTACAGGAATCTG,D104P R354E,2,2
-8.184,0.8358,AGAGTTACATCTAATG,C76L R482Y,2,2
-8.184,0.8358,ATCATGCAAAGGTCAG,D104I,1,1
-8.184,1.393,AATAATATCTTGCCCT,G349L,1,1
-8.184,1.393,AGCAACGCTTCACGAT,W180C A272P P273L H393R S400* I469E,6,6
-8.184,1.393,TAGGAAAAGACGTACC,P324T,1,1
-8.184,1.393,TCAGACGACCTTAATG,T10N L13C,2,2
-8.186,0.8358,CAAGATGTATCACTTA,L15*,1,1
-8.186,0.8358,CTAAAAAACCATGCTT,I481M,1,1
-8.186,0.8358,TGATGGCGGACCAAAA,G330S,1,1
-8.188,4.179,AAATTATAATATGAGA,A113I,1,1
-8.188,4.179,AAATTCCAAGGTATAG,C281R,1,1
-8.188,4.179,AACACCACAACCTATA,V130P,1,2
-8.188,4.179,AACCGAGAATAGTCAT,G240I,1,1
-8.188,4.179,AACGAGCAATGAAACA,Y351S,1,1
-8.188,4.179,AACGTATAAACGCAAA,M320W,1,1
-8.188,4.179,AACTACTTGATAGCGG,M444R,1,1
-8.188,4.179,AACTATGATATAAAAC,L194V G303S,2,2
-8.188,4.179,AAGAAAACTCAACATT,T370V,1,1
-8.188,1.393,AAGAATCTATATGCTA,L409A,1,1
-8.188,4.179,AAGACGAACTCCCATC,H183E,1,1
-8.188,4.179,AAGCAAGAGACGGTGT,C14F,1,1
-8.188,4.179,AAGTATCTTATAAAGT,A373H I377T,2,2
-8.188,4.179,AATTCATCTGATGAAA,W421*,1,1
-8.188,4.179,ACAAGATAGTTTCCAA,I252R,1,1
-8.188,4.179,ACATGATTATCATCAC,L381D E398K,2,2
-8.188,1.393,ACCTAGTTTAGCCTGA,Q407* V429G,2,2
-8.188,4.179,ACTGGACACTAGATAT,F120I S149E R482E,3,3
-8.188,4.179,AGACGAAAAATGAATA,G319I E401I,2,2
-8.188,4.179,ATAAAACAGAGGAACA,L420A,1,1
-8.188,4.179,ATAATATTCAGGCACT,A495L,1,1
-8.188,4.179,ATACTAGTCAGTGTCA,,0,0
-8.188,4.179,ATCCACTTGGGACGCA,R492V,1,1
-8.188,4.179,ATGCCTGAAACTACAC,E172K S228M G379M,3,4
-8.188,4.179,CACTCTTAATTATAAA,I331Q,1,1
-8.188,4.179,CACTGTAACGGAAAAT,H17V,1,1
-8.188,4.179,CAGGATAATAAACGGC,V112Y E172G,2,2
-8.188,4.179,CATTCTACTTCAACTC,L151S,1,1
-8.188,4.179,CCACTTGCGTCAATAA,P4Q F332S,2,2
-8.188,4.179,CCCAGCATAAACCACG,W343P,1,2
-8.188,4.179,CCTAAAGACAGTCTAA,P306D,1,1
-8.188,4.179,CTAGTAAATAAAACAC,G319P N497R,2,2
-8.188,4.179,CTATTTCGAAGTTAAT,Y98E,1,1
-8.188,4.179,CTCCATAAATCAGTTT,V237G,1,1
-8.188,4.179,CTTCAACGCGATCCTA,V237N,1,1
-8.188,4.179,GAAAACATTAGCAGAA,A459R,1,1
-8.188,4.179,GAAATAATGAGCGCAA,G352K,1,1
-8.188,4.179,GAACATTAATTCAAAA,I51N,1,1
-8.188,4.179,GAACATTATGCGTTCT,L118P S205M D408N L431S,4,4
-8.188,4.179,GAACGATCAACCAAAA,P324M A364V F500C,3,3
-8.188,4.179,GAAGTAAAACCGAAAC,Y161H F467N,2,2
-8.188,4.179,GAATAATTGCCCAAAT,L13T,1,1
-8.188,4.179,GCACCTTTAGCATAGT,G16E,1,1
-8.188,4.179,GCCGAATTGTTCATAT,R499D,1,1
-8.188,1.393,GCGAGCGTAATAACCT,I67N G504T,2,2
-8.188,1.393,GCTGATACAAAACTAA,C76S,1,2
-8.188,1.393,TACAACCACATAACAC,V36K,1,1
-8.188,4.179,TATCTAAATCCGTTTC,I226E,1,1
-8.188,4.179,TATTGTAAACTTCCAA,Y423N,1,1
-8.188,4.179,TATTTAAAAAGACCAA,M346R,1,1
-8.188,4.179,TCAACGACTAAACCAC,F147E,1,1
-8.188,4.179,TGAATACAGATGACGT,N165R G249N,2,2
-8.188,4.179,TGCACTAATTACTAAT,P99C F338K,2,2
-8.188,4.179,TTGCCAATATTTAGCT,I502Y,1,1
-8.188,4.179,TTGCCTGCCTACTTCA,I179K,1,1
-8.188,0.8358,TTTACAAAAATAATAC,T30A N246C D366N,3,3
-8.188,4.179,TTTTAAAATCACGAAG,L177S,1,2
-8.191,0.1348,CCATACCGAGCTTTAG,E89N,1,1
-8.192,0.3215,AGTGTGAATAAGAACT,Y98E A364S,2,2
-8.192,1.393,ACGTGAGAACTGAATT,Y233V C477G,2,2
-8.192,1.393,CTCAGTCTTAATTGGT,F338H,1,1
-8.192,1.393,TAACAAAAATGCAAAT,L70Q L420G,2,2
-8.192,0.2458,CAATATCTAGTATCAA,G134S D461K,2,2
-8.192,0.3799,TTATCTCAATTCAATT,G330K,1,1
-8.193,0.8358,GATTTATGAACCAGCA,S228D,1,1
-8.193,0.8358,TAAGCCATGGTAATCC,A372P,1,1
-8.195,0.8358,TTTCCCCTTCTTCACG,S137M N298I E344K A364F,4,5
-8.196,1.393,CTACGAAATTAATTTA,G181F G333S,2,2
-8.196,0.4643,GATTTCGAAATTTTTC,I478T,1,2
-8.196,1.393,TATCAATAAGACAAAA,F120M G379S,2,2
-8.196,1.393,TCAAAAAGAATTTCTC,G303N,1,1
-8.196,1.393,TCATTAGAATATCGCA,S231E S422L,2,2
-8.196,1.393,TCCAGTACCAGACCAA,A212R N433A,2,2
-8.196,1.393,TTACAGTAGAGGTTTA,A336E,1,1
-8.197,0.8358,AATTTTTTCGAGATTA,E123H,1,1
-8.197,0.8358,AGCACAGGGTAACTCG,I339W,1,1
-8.198,0.597,AATTGGAAAATCACAA,N22K C305W,2,2
-8.199,4.179,AAACACGAGGCTAACA,S114H G330R R482A,3,3
-8.199,4.179,AAAGGTGGACCACAAA,W350* N357E,2,2
-8.199,4.179,AAGAGGCCTACTAAGC,K2L G23D,2,2
-8.199,4.179,AAGCGTGTTTCTATCA,G333E,1,1
-8.199,0.597,AAGTTATTCCCGGTAC,G504C,1,1
-8.199,4.179,AATTTTTAACTTAAAT,V43P,1,1
-8.199,4.179,ACAATACAATTCAATA,G134R,1,1
-8.199,4.179,ATAATCGTTTGAAGCG,I226T L243Q K259N,3,3
-8.199,1.393,ATACATTACTCTATCA,Y470A A476S,2,2
-8.199,4.179,ATATAGACTTTTAACA,A336W,1,1
-8.199,4.179,ATCCGGTATAAGAACA,Y351K,1,1
-8.199,0.8358,ATCTGACAAATCCAAA,F147S R261W,2,2
-8.199,4.179,ATTAATCTAACCATTG,Q57R H183D N424M,3,3
-8.199,4.179,ATTTCAAAAGAGTGAT,V130R,1,1
-8.199,4.179,ATTTTCAAATTGAGCT,F448N K450-,2,2
-8.199,4.179,CAATGCCGATAAAGGA,T203V,1,1
-8.199,4.179,CCATTCCATAAACCAT,R261T C281G,2,2
-8.199,4.179,CCCAAGAGTCCTTCCC,N250C,1,1
-8.199,4.179,CCCAAGTCATCAAACT,I29K,1,2
-8.199,1.393,CCCAGATAATAAAAGA,T370R,1,1
-8.199,4.179,CCCATTTCCGATTAAT,R90Y K238E Q454T,3,3
-8.199,4.179,CGTTATCATGGCAAAA,V166T E172*,2,2
-8.199,4.179,CTTTACCAAGGTCTGC,Y105M Q311* F392S,3,3
-8.199,0.8358,GACGTTGTACCGCCCG,G319V,1,1
-8.199,4.179,GATGAATTAATATCAT,G319M,1,1
-8.199,1.393,GATTCTAACACCCTAG,T451Q,1,1
-8.199,4.179,GTAACAGGAACAATAA,S287L,1,1
-8.199,4.179,GTAGGTTAAACAGGAA,L71P,1,1
-8.199,4.179,GTATCGAGTTTTGGAC,P74K,1,1
-8.199,4.179,GTGATAGTCAGCAATC,D186K N322K,2,2
-8.199,4.179,GTTCATCAACATGAAA,I67V W350*,2,2
-8.199,4.179,TAAATAAACCAGTACA,T451G,1,1
-8.199,4.179,TAACCCCATATGAAGT,N190C,1,1
-8.199,4.179,TACAATAAAGGAAACG,N322I,1,1
-8.199,4.179,TACAATCAGATCATCA,A336K,1,1
-8.199,4.179,TACAGAAATAATCCTG,S228G,1,1
-8.199,4.179,TACAGACCTCATAGTG,G286I,1,1
-8.199,4.179,TAGACGAACAGACCAC,G181A V204N,2,2
-8.199,0.597,TATAAAAGAGTGATAG,L15K,1,1
-8.199,4.179,TATCTTGTCAGGCAGC,G349R,1,1
-8.199,4.179,TATTTAAGAGAACCTT,T328Y Y351*,2,2
-8.199,4.179,TCATTTATCATACACA,H471Y,1,1
-8.199,4.179,TCGATCCAATAATGAC,G360L,1,1
-8.199,4.179,TGCTTTGTAACATGAC,I230Y,1,1
-8.199,4.179,TGGGTCCCAAAATCCC,L428M M444I S480C,3,4
-8.199,4.179,TTCACAAATAGAAGAC,Y470S,1,1
-8.199,4.179,TTGATGATTAATTATA,E123C,1,1
-8.199,4.179,TTGTCAACAAACTACA,D104G I437Q,2,2
-8.199,1.393,TTTAATAGATAGTTCA,R499Y,1,1
-8.201,0.597,ATAAAAGGTAAATATA,,0,0
-8.202,0.8358,ACCACCCCATAAGGAT,Y257K,1,1
-8.202,0.8358,TAAAAGCATTTAAGCA,C76G,1,1
-8.202,0.4643,TACAATGTTCAAGAAT,T128E A253C,2,2
-8.202,0.597,TATCCGATAAAGTAGG,I51Q L496S,2,2
-8.203,1.393,ATCAATTACATCTCTG,V36S,1,1
-8.203,1.393,CCAGTACCAGACGGAA,F147P,1,1
-8.203,1.393,TACCTGCTCAAATACA,L108T,1,1
-8.203,1.393,TATACTATATATAAAA,I288Q,1,1
-8.203,1.393,TTTCCTATGCTAACAC,F79M D186K,2,2
-8.204,0.8358,AACAATTCGCACCATT,W127V A212R,2,2
-8.206,0.597,CCGATACCCATGAAAT,S136A D487R,2,2
-8.206,0.8357,ATTTAGAAAACAAAAT,G16Y,1,1
-8.207,1.393,AAACTATTGAATTTAG,C281P L381G,2,2
-8.207,1.393,ATTGATAACTTCAATT,S228I,1,1
-8.207,1.393,CCTCTTAAAGCACCAT,R499F,1,1
-8.207,1.393,TGCTTTTGAATATATA,G352Q,1,1
-8.207,0.4643,TTCCGGGGCGTCGCTG,Y257F A425V,2,2
-8.207,0.199,AGATAAATACCAGCGC,A138Y,1,1
-8.207,0.597,TACTATGACTAACCTC,V88Y,1,1
-8.207,0.3799,AACAGCTAATAAGTGA,L420W,1,1
-8.208,0.8357,AGCAATACGACGTCCA,C14P F448L,2,2
-8.209,0.597,AGAACCGCCGCCCATT,P254W,1,1
-8.209,0.597,GTATCAACCGGATGGA,L243G,1,1
-8.21,4.179,AAAACTAAGAACAAAT,R150E,1,1
-8.21,4.179,AAACAAAATAAAGAAC,M320W,1,1
-8.21,4.179,AAAGAAGAGTACGTTC,D461K,1,1
-8.21,4.179,AAAGGAAAATAAACAT,P21E W350* C477Y,3,3
-8.21,4.179,AAAGGTAGAAAAATTT,F294G,1,1
-8.21,4.179,AACCAACCCGCCACCA,V237D Y302M,2,2
-8.21,4.179,AACCAAGAGAACGATC,A364H,1,1
-8.21,4.179,AACTAGACATAGTAAG,S228K,1,1
-8.21,4.179,AATCAAACGGCGAAAG,L70D F148V,2,2
-8.21,4.179,AATCAACAAGGCATAA,A317Y,1,1
-8.21,4.179,AATCAACCCCACTCTA,L151C,1,1
-8.21,4.179,ACAAAATCAATTACAA,T12C D438P,2,2
-8.21,4.179,ACATTAATCACTTTTA,R90E,1,1
-8.21,4.179,ACATTTGTAAACCGAA,H355R,1,1
-8.21,4.179,ACCAGAACATCTAGTG,G352T Q434E,2,2
-8.21,4.179,ACCATTAAAAGGAATA,C64P D186C,2,3
-8.21,4.179,ACCTGCCCTCAAACCC,I339N,1,1
-8.21,4.179,ACGAATAAAGGGACTC,W127Y A459T,2,2
-8.21,4.179,ACTATAGGTACTCCAG,L428S R482E,2,2
-8.21,4.179,AGAAAAGTACTATCCG,S231R D348M,2,2
-8.21,4.179,AGAAACACGATACAAA,L15W,1,1
-8.21,4.179,AGGAGAAGGCATAGCA,G319R,1,1
-8.21,4.179,AGGCATCCTCAATTAA,D32M L496Q,2,2
-8.21,4.179,ATAAACCCCTACGTCC,Y178W,1,1
-8.21,4.179,ATAAGAACAGAAGAAC,D419P,1,1
-8.21,4.179,ATACAAAATCATTATG,R299N,1,1
-8.21,0.8357,ATACAAATTAGCGCCA,A317C T451I,2,2
-8.21,4.179,ATAGAACTTCGCAACT,I267E,1,1
-8.21,4.179,ATGGTCAACTCGCATG,P284M E390*,2,2
-8.21,4.179,CAAATTTATATTGTAC,N433A,1,1
-8.21,4.179,CAACCTAAATTGACAT,H17W,1,1
-8.21,4.179,CAAGCAGCCACGCTAA,E340W,1,1
-8.21,4.179,CAATTACTTACACAAA,V309Q,1,1
-8.21,4.179,CATCGTGGTATGTTTG,L177P F392H,2,2
-8.21,4.179,CCCACCGTTCGGCGTC,L455P,1,1
-8.21,4.179,CCCAGGAACAAATTAG,L42M P306K,2,2
-8.21,4.179,CCCCATACAATACCCT,A11F,1,1
-8.21,4.179,CGAAACTCCAGCTTCT,D348N G386E L431R,3,3
-8.21,4.179,CGTACCGTGGAAAAAA,I437K,1,1
-8.21,4.179,CTCGGGAGGCCACAAA,H435N D438H,2,2
-8.21,4.179,CTCTGACTCTGCAAAT,D348P,1,1
-8.21,4.179,CTTCTGTTCTATATTG,A365N,1,2
-8.21,4.179,CTTTAAATAAACATTC,S247K T301I,2,2
-8.21,4.179,GAACAAAACGCGGAAA,H17Q Q371G,2,2
-8.21,0.8357,GAAGGCAAAAAATACA,P74I,1,1
-8.21,4.179,GACCACACCTAGCTAG,K292E R299C,2,4
-8.21,4.179,GATACAGAAATTGAAA,Y470T,1,1
-8.21,1.393,GCAGAGCTAGAAATGC,P227M A459D Y491N,3,3
-8.21,4.179,GCAGCAAAGAAGTCCT,L243S,1,2
-8.21,4.179,GCATCCGAAATGGGAA,A364R,1,1
-8.21,4.179,GCGGTTGTGACATTAC,G349D,1,1
-8.21,4.179,GCTTAATCCCAATCAC,N296L,1,1
-8.21,4.179,GGTAAAGCCAACTTAA,T451W,1,1
-8.21,4.179,GTAAAACATAACGGTA,L154F V182W,2,2
-8.21,4.179,GTAGATACAACTTTTA,V43A Q173F,2,2
-8.21,1.393,TAATAAAAGTCCCCTA,H471F,1,1
-8.21,4.179,TAATTATCACATATAA,I288G,1,1
-8.21,4.179,TACAGTCTCAAGCCGG,V309N,1,1
-8.21,4.179,TACCAATTGTTAGGCC,C14Y R201D I418T,3,3
-8.21,4.179,TACCATAGAAATTACC,G319P,1,1
-8.21,4.179,TACCTACCGGATTTCC,A138E K472D,2,2
-8.21,4.179,TACTAAAGTACTATCC,G249V,1,1
-8.21,4.179,TATAAAAAGATACTCA,S247H,1,1
-8.21,4.179,TATGACCACACCGCAC,G286K,1,1
-8.21,4.179,TATGCCAAACGCAACA,V204Q,1,1
-8.21,1.393,TCGCCAGGAAAAAAGA,T206N L314K,2,2
-8.21,4.179,TGAATCAGGGATATTC,A317M,1,1
-8.21,4.179,TGACATTTATCCGTAT,K140M N322E,2,2
-8.21,4.179,TGATCCTACTTAAATA,M346Q,1,1
-8.21,4.179,TGATTTAAACCTAAGC,I230Q,1,1
-8.21,4.179,TGCAACATAAACATGG,N38D Y100N,2,2
-8.21,4.179,TGCTACATGCAAAATA,V237W,1,1
-8.21,4.179,TGTAGCAAATGACATT,G303K,1,1
-8.21,4.179,TTATATTTTGACCTAA,I230P,1,1
-8.21,4.179,TTATCTGAACACACAT,T370P,1,1
-8.21,4.179,TTCTGATTTTTCCCAC,H17* I288K,2,2
-8.21,4.179,TTGTTAGAGGCATATA,I29M A113F,2,2
-8.21,4.179,TTTATAGACAATAGTT,A336P,1,1
-8.212,0.4643,AATTCCCCGCAAATCC,L86P I236Q,2,2
-8.214,0.597,ACAGCATCGGACTGCA,T436Q,1,2
-8.214,1.393,ATTATAGGAAAATTCA,V36G,1,1
-8.214,1.393,CAGAGTCATTCCAAAT,R492N,1,1
-8.214,1.393,CTCACTTTATCTAGGA,I300V G303C R405L,3,3
-8.215,0.5969,ATACCAGCAGAAACTA,I478G,1,1
-8.215,0.4643,ATAAAGGAGCACACCC,C76V V490C,2,2
-8.218,1.393,ACCATTGTGACACCTG,C97I,1,1
-8.218,1.393,ATCAAGTTAGTAATTG,I288R,1,1
-8.218,1.393,GCAATTACGGTCTATG,Y100Q,1,1
-8.218,1.393,GGACCAAACAGTACTA,L177R F258L,2,2
-8.218,1.393,GTTATGAGCCATAGAG,F125P G360P,2,2
-8.218,1.393,TAAAAAGAACAAATTC,Y486K,1,1
-8.218,1.393,TCACATACCGTAACTA,N170L,1,1
-8.218,1.393,TTGATAAGTTGTATTA,Y98V L314V,2,3
-8.218,0.3799,TTGAACAACGTAACGA,A365T D438S,2,3
-8.219,0.8357,CTGTAGAAACGGTAAT,V204N,1,1
-8.219,0.8357,TATTTCATAGAAATCC,C64P Y412*,2,2
-8.22,0.5969,TGCCAAATCAATACAG,F192L N341I,2,2
-8.221,4.179,AAAACAACTGACAGCA,K176V,1,1
-8.221,4.179,AAAACGAAATGATCTA,S422K,1,1
-8.221,4.179,AAAAGACATTAAACCG,D101P,1,1
-8.221,4.179,AAAGAAAGTCACGAAA,E280W L428N,2,2
-8.221,4.179,AAATATTTCCCAATAT,N63I Y98A E410K,3,4
-8.221,4.179,AAATGTCAAGTACACT,N170V,1,1
-8.221,4.179,AACGTAGACTATGAAT,A495I,1,1
-8.221,4.179,AACTATGTAGCCGGGC,S265D,1,1
-8.221,4.179,AAGCCTGCTATCAAAA,Y308W,1,1
-8.221,4.179,AAGTGCATAATCCTAA,I179W,1,1
-8.221,1.393,AATGTATTCTCACCTA,Y98A K397D,2,2
-8.221,4.179,AATTCGAAGCACAAAC,I48G S193E T318K,3,3
-8.221,4.179,ACACCAAGATGAGATT,G72P I217A,2,2
-8.221,4.179,ACAGTCCCCGATTCAA,H471E,1,1
-8.221,4.179,ACTGCTAAATCATTCC,I481G,1,1
-8.221,4.179,ATAAAGTAGAACCGTC,P103N N133K L154M,3,3
-8.221,4.179,ATACCTATACGTAAGC,L428E,1,1
-8.221,4.179,ATAGCAACAATTTCAC,I232E,1,1
-8.221,4.179,ATAGTATGAAAGCTGA,G352R,1,1
-8.221,4.179,ATCCTATTTTAACCTC,I469H,1,1
-8.221,4.179,ATGATCTTATACACAT,V112R,1,2
-8.221,4.179,ATTATCCGTCCGATTC,N296L F353A,2,2
-8.221,0.3799,CAAGGCGTTCTATCAG,Y302S,1,1
-8.221,4.179,CACTAGTTTCCCATAC,Y257D,1,1
-8.221,4.179,CACTTGCATAAACACA,A11H I418T,2,3
-8.221,4.179,CATTATTACAAGGTTA,L177R C277H N389G E398G,4,4
-8.221,4.179,CCTTGGCAACCTTGCG,F147H,1,1
-8.221,4.179,CGAAAAAAGAGTAAAA,I202Y,1,1
-8.221,4.179,CGCTACCTAAACTCAA,E35K S422Q,2,2
-8.221,4.179,CTAAAGAGCGGAAACC,E460Y,1,1
-8.221,4.179,CTACCGGGCTGGCACA,N133L Y486N,2,4
-8.221,1.393,CTGAAATACGTCTCGA,,0,0
-8.221,4.179,CTGGCGCAAGTTGCGT,C97S D271E,2,2
-8.221,4.179,GAGTCAATTTTACAAA,G240V S369P,2,2
-8.221,4.179,GATAATATGATTCATC,L151H R354N,2,2
-8.221,4.179,GCTATACAATAATATA,L42R L59Q,2,2
-8.221,1.393,GGATTGCGTCAATGCT,P99T K292D,2,2
-8.221,4.179,GGCTTAAAATTTGATG,I339Q,1,1
-8.221,4.179,GGTGAATGCCAGACTG,P21M T440W,2,2
-8.221,1.393,TAAAAGCAGCATCCCA,F338S,1,1
-8.221,4.179,TAAACATAAGAAAAAT,N133A P221G S422I,3,3
-8.221,4.179,TACAGAATGAGCCTTT,G23V,1,1
-8.221,0.8357,TACCCAAACTGACACC,Y178I,1,1
-8.221,4.179,TACGGTAGCCCCCTCC,R229D,1,2
-8.221,4.179,TAGAACCGTATCGAAT,N6C G49R L314F,3,3
-8.221,4.179,TAGTATCATCTATAAT,I377V G463D,2,2
-8.221,4.179,TATGTAATCATTTATG,T416R,1,1
-8.221,0.5969,TCACCCCTGAAATGAA,N246M,1,1
-8.221,4.179,TCCAACCAGCCAACTC,W180R,1,1
-8.221,4.179,TCCCAGCGATCTAAAT,G319Y Y486P,2,2
-8.221,4.179,TGAATTTTTCGACCCT,G349R,1,1
-8.221,4.179,TGCTTCCCAACAGTAG,F120R,1,1
-8.221,4.179,TTATCTGGATACAATG,I232T,1,1
-8.221,4.179,TTTAAGGTGAGCGTAC,G240V L431P,2,2
-8.221,4.179,TTTGCCAAGCAAAATC,K292D,1,1
-8.222,0.3799,GAGAACAATTCTGGAA,G181S A196T,2,2
-8.225,1.393,TATACATTGGTCCTTT,D474C,1,1
-8.226,0.5969,TATTGAAAAAACTCCC,G256K,1,1
-8.228,0.8357,TTTATGACTACCTACC,W234L H435S,2,2
-8.229,1.393,AAAGTATCAATTGTCA,G345R,1,2
-8.229,1.393,AACACTCACAAGCTAG,G330R,1,1
-8.229,1.393,CCCAACAACAGTCTCG,R229E,1,1
-8.229,0.4643,TCGGCTGCTGATCATT,S143M I252H,2,2
-8.229,0.5969,GAAACTTTATATAACT,E443R,1,1
-8.229,0.5969,TAACAAACCACAATAC,K417C D419Y,2,2
-8.231,0.4643,ACAAAGTGCACTCTTA,S287D,1,1
-8.232,4.178,AAAAAAATACACTTAT,Q132* V166P,2,2
-8.232,4.178,AAAACTTACCTTTCCG,S115D,1,1
-8.232,4.178,AAATGACGGTTCTGAA,E340R,1,1
-8.232,4.178,AAATGGTAGACAATTT,N296E,1,1
-8.232,4.178,AACGAATAGCCCTTAA,K176W,1,1
-8.232,4.178,AAGTTAGTAAAGGCAG,G286W,1,1
-8.232,4.178,AATAGACTCTAATATC,S378I G379C,2,2
-8.232,4.178,AATGTTCGTCCAAAAA,L367P,1,1
-8.232,4.178,ACAATGACAATATCAT,K264R W350*,2,2
-8.232,4.178,ACACCACTCACTCAGA,Y470N,1,2
-8.232,4.178,ACACTCAAATGTAAAA,G142R H488R,2,2
-8.232,4.178,ACCATTCCGCGGCAAT,P254W,1,1
-8.232,4.178,ACCGTTATTAAGAATA,A19E,1,1
-8.232,4.178,ACGTTTTCCATTGATT,G5*,1,1
-8.232,4.178,ACTTACATAAAGCCGC,L177P C281E,2,2
-8.232,1.393,AGAAGACATGAGGAAT,T135F A425N,2,2
-8.232,4.178,AGACTTTTAGACTAAG,I226G,1,1
-8.232,4.178,AGAGACCAAATACCCT,F147L A336T,2,2
-8.232,4.178,AGAGAGAGTGTTGACA,P55C C64*,2,2
-8.232,4.178,AGATACAAACACGCTG,N357K G379D,2,2
-8.232,4.178,AGCCGACTCGAAGACA,D474Y,1,1
-8.232,4.178,AGCGTACATAAAGTGT,C76D,1,1
-8.232,4.178,AGGATCTTAACTAGAT,V20M C277I C281K L381A H393F,5,5
-8.232,4.178,AGTTAAACATATGACA,G330V D493L,2,2
-8.232,4.178,ATAGATGCAAAAGGAA,G330D,1,1
-8.232,4.178,ATATGAGTACAGAGTA,V36E,1,1
-8.232,4.178,ATCATAGCTCTTATAT,V112F V429W,2,2
-8.232,4.178,ATCCATTAAAAACATA,N45L P254C,2,2
-8.232,4.178,ATCCTCAACCGTGTTC,F294K,1,1
-8.232,0.8357,ATGAAGTCATGCCTAT,G337I,1,1
-8.232,0.8357,ATGTCACACGCTAGAG,W421T,1,1
-8.232,4.178,ATTAAAAAATTTCGCT,V112N,1,1
-8.232,4.178,ATTAACTGAGAATACT,C64Y L154A,2,2
-8.232,4.178,ATTTAAACTGTAAAAA,Y308C,1,2
-8.232,4.178,CAATTATTCAAACTAT,G319A,1,1
-8.232,4.178,CACACCCGTAGTCATG,L118K K380S,2,2
-8.232,4.178,CCAAAAATTGAATACA,E410K W421* L431H,3,3
-8.232,4.178,CCGTACAAGTTTCGAC,V309K,1,2
-8.232,4.178,CGCTCGTACGAAGTTT,S136W,1,1
-8.232,1.393,CTATAAATTGACATCT,M320V,1,1
-8.232,4.178,CTTTTACAAACACAAG,I469E,1,1
-8.232,4.178,GAGCTAAACAATTATG,W234E,1,1
-8.232,4.178,GAGTTCACTCACCATA,A39P D366I,2,2
-8.232,4.178,GCAGCTTTAACCTAAA,,0,0
-8.232,1.393,GCTGAATATAAACATT,V102M N250A,2,2
-8.232,4.178,GGCTTCTAAAAACATC,G342K H488V,2,2
-8.232,1.393,GGTCGCAAAAAAAGAA,C14S H488N,2,2
-8.232,1.393,GTAACCAAAACACAAC,W421N,1,1
-8.232,4.178,GTATTTTATCACCGAC,W421K,1,1
-8.232,4.178,GTCAACCAAATAATGC,V429N,1,2
-8.232,4.178,GTGTCAAAAATTATAC,N190W,1,1
-8.232,4.178,GTTGTATGACTATGTT,Q173T F294H,2,3
-8.232,4.178,TAACTAGAGAAAAACA,C139L,1,1
-8.232,4.178,TACCATATCTTTTCCA,H17E I160L,2,2
-8.232,4.178,TACTATCGGGACATAG,C97K,1,1
-8.232,4.178,TAGACTATGTACAACG,F87Q,1,1
-8.232,4.178,TATAATGAAATATGAA,W180L E359D,2,2
-8.232,1.393,TATCCATACATGTGAA,A11T W127*,2,2
-8.232,4.178,TCCCCAAAAGTTGATA,P99H D415G,2,2
-8.232,4.178,TCTAGTACATATTAAA,C52F Q197H N246R,3,3
-8.232,4.178,TCTATAGTGTTAAACA,I202E Q371R,2,2
-8.232,4.178,TCTTTTTCCTGTCAAA,V237M R354L G479S,3,3
-8.232,4.178,TGAGCTACTCCGATAA,A113K N152A,2,2
-8.232,4.178,TGATTAACTACAAGAA,Y100P,1,1
-8.232,4.178,TTACATCATAAGTTCC,A39D,1,1
-8.232,4.178,TTACTAAATACAAATC,G134W,1,1
-8.232,4.178,TTATTTCTTTACAAAC,Q363A N483C,2,2
-8.232,4.178,TTCGAGTAAGCTTCTA,G23L S480G,2,2
-8.232,4.178,TTGAGCCATTTACGAC,G303M,1,1
-8.234,0.5969,CTATTTTAATTAACAA,P74Y,1,1
-8.234,0.199,TTACGAGTTTTATGGT,S287H,1,1
-8.234,0.8357,CAACATATTAAGCGAT,L86S,1,1
-8.234,0.8357,TTCAAAACAAGATCAT,G23*,1,1
-8.235,0.5969,AAAAGGTTCACATCCC,W84S,1,1
-8.236,1.393,ACAATTGTCGAAGGAA,A373W,1,1
-8.236,1.393,AGAATATCTGAAGAAT,C305A,1,1
-8.236,1.393,AGGTATCAGACAACCA,I3Q A336P,2,2
-8.236,1.393,ATAATTATTAAGCAAT,K131W I252K,2,2
-8.236,1.393,CAAGGTACCCCAATAT,I502E,1,1
-8.236,1.393,TACATATTGGATACCG,W350I,1,1
-8.237,0.2786,ATGATAAAACACCAGA,L157M P306H,2,2
-8.237,0.5969,TCTCAGAACACAGCCC,C477E,1,1
-8.239,0.5969,ATTCCATAACATCCAG,D441K,1,1
-8.24,0.4643,CGGTTAAAGGTGGGAA,S422N E426Q,2,3
-8.24,1.393,GCGACTGATGAATGCC,D419W,1,1
-8.241,0.4643,CGCATGCGACCCTCCC,E89C,1,1
-8.241,0.8357,TTGAACCATAAATAGA,Y491C,1,1
-8.243,1.393,AATACTTAACGTTTCT,Q434R,1,1
-8.243,1.393,ATTCGTCTCTTAATTA,E35G D225V,2,2
-8.243,1.393,GTCCCATAATAGACAA,Y486D,1,2
-8.243,1.393,GTCTATGACCCGACGC,V237M R405Q,2,2
-8.243,1.393,GTTCACAAGATCTTAT,Y470A,1,1
-8.243,4.178,AAAAAAGGACCATCAT,S54I Y233C,2,2
-8.243,4.178,AAACAAAACCCTATAC,G352N,1,1
-8.243,4.178,AAACGCAATTCGCAAA,A19T I51V,2,2
-8.243,4.178,AAACTTTCCTATCAAA,I481K,1,1
-8.243,4.178,AATATGTCCCAATTTC,L42N Q434D,2,2
-8.243,4.178,AATCCGATCAACCGAA,T436W,1,1
-8.243,4.178,AATTGGACTTGTACAC,L177S E390S,2,2
-8.243,4.178,ACGACTTATTGAATTA,E172H A317W,2,2
-8.243,4.178,ACGTATATTGAATCCC,A336W,1,1
-8.243,4.178,ACTTCTTAAACTGGTA,I252N,1,2
-8.243,4.178,AGAATCAAATAACAAC,N322F,1,1
-8.243,4.178,ATAAAGGAGGTACGCA,A39I F500V,2,2
-8.243,4.178,ATATAAAAGTGCAAGT,S287V,1,1
-8.243,4.178,ATGCCATACTCAATTT,R499F,1,1
-8.243,4.178,ATTATACAAATAATAA,V166A T203I,2,2
-8.243,4.178,ATTATCCGGATTCTAA,G256V,1,1
-8.243,4.178,CAAAGCATAAATCCAT,T235Y,1,1
-8.243,4.178,CAACCTGTTTTTGAAT,W350E,1,1
-8.243,4.178,CAAGCTATATCACTCC,L367P D375A A459I,3,3
-8.243,4.178,CAGAAATAATAAATAA,C473S,1,1
-8.243,4.178,CATATCAAACAAACCA,H183S,1,1
-8.243,4.178,CGAAAGAAAAACAATC,F87N R456N,2,2
-8.243,4.178,CGGTCTTGGCCTGACC,E457K,1,1
-8.243,4.178,CTAGTTAAAGGCTAAT,G181T S287K,2,2
-8.243,4.178,CTTTGAGCATTTAAAT,L154Y,1,1
-8.243,4.178,GATTAATATCAAGTAT,G349E,1,1
-8.243,4.178,GCGAAGATTACCACCG,Y491E,1,1
-8.243,4.178,GGGTTTATTAACAAAA,V166G K315N,2,2
-8.243,4.178,GTGTATATCTCTCTAA,D32T L439P,2,2
-8.243,4.178,TAACACTATATTAAAA,Q211E D366V,2,2
-8.243,4.178,TAACTTCAAGTCTAGA,A39P,1,1
-8.243,4.178,TATAATATTTCGTGCT,S422I,1,1
-8.243,4.178,TATTAGTACCGGTACA,G286E,1,1
-8.243,4.178,TCAATTCAGCCCACGC,S9M L384Q,2,2
-8.243,4.178,TCAGTCGCATTGTCGA,N22V M444T,2,2
-8.243,4.178,TCCATGTATAATAACT,L177R,1,1
-8.243,4.178,TGAGATCACGCGAAAG,P254R,1,1
-8.243,4.178,TGGATCAAATACTTAG,K131H L409P,2,2
-8.243,4.178,TTATGCTCAAAAAGTT,S149H G286M,2,2
-8.243,4.178,TTGCCCTCACTAATAA,P254R K264F,2,2
-8.243,4.178,TTGCGACAGACAACCG,I481E,1,1
-8.243,4.178,TTTCAACTTAACTATT,A317M,1,1
-8.246,0.4643,ATCAAGCCGAAGAATC,P185K,1,1
-8.247,1.393,ATCTTCAATTATATAT,C305Y R307S,2,2
-8.247,1.393,CAAGACTAATACCCAT,S193Y C473S,2,2
-8.247,1.393,CACGAGATGTTACATC,W350D,1,1
-8.247,1.393,CGATCCATATGGTACT,H393G I502K,2,3
-8.247,1.393,CTATGACATAAATTAC,F120S,1,1
-8.247,1.393,CTCACATTATATGTAA,L316R,1,1
-8.247,1.393,GAGACACACAAGTCCC,F147G,1,1
-8.247,0.8357,CGCTATCAAACTACAA,P74E E280D,2,2
-8.25,0.8357,ACATAACTAATACTCC,Y308R,1,1
-8.25,1.393,GAAAAAGTGGTGGCAC,M346E,1,1
-8.25,1.393,TAAAACATCTATCCAG,I232P,1,1
-8.25,1.393,TCATTCCTTCACTCGC,T436E,1,1
-8.254,0.1547,AGGCAGTTGAAATTCC,S205C G386E E410K,3,3
-8.254,4.178,AAAAGCATTTAAACCA,W180Q T313W,2,2
-8.254,4.178,AAAATTTAGAACGAAG,A425Q,1,1
-8.254,4.178,AAAGCGCCCCTAACTT,V130E,1,1
-8.254,4.178,AAGACATATAAACGTT,R90W E172K A336S,3,4
-8.254,4.178,AATAAACTCAGCCTTC,G286H,1,1
-8.254,4.178,AATATACAGCTCAAAT,E123T,1,1
-8.254,4.178,AATCGAGTTATGATGA,E432G,1,1
-8.254,4.178,AATCTAAAACGAGATT,W127T T485K,2,2
-8.254,4.178,AATGAGGTAATGCAAG,D60R H355W,2,2
-8.254,4.178,ACACTATAAAAAGATT,F294T,1,1
-8.254,4.178,ACCATATAGGAAGTAA,F294R,1,1
-8.254,1.393,ACCATCGGAGGGCTGT,N424H,1,1
-8.254,4.178,ACCCACATCTTTTACT,F87C K276Y,2,2
-8.254,4.178,ACCGACAGCCACATAA,L151F I217N,2,3
-8.254,4.178,ACTTAATAACATACCA,C466L,1,1
-8.254,0.8356,AGAGTAACATTCAGAA,Y423N,1,1
-8.254,4.178,AGATTAATCTTGTCTG,N170Y,1,1
-8.254,4.178,AGCGAAGAAAACCTTG,S96Q S287P,2,2
-8.254,4.178,AGTTAAACAACAATTT,L154W F192D,2,2
-8.254,4.178,ATAAATCTAGTATGAA,R90C,1,1
-8.254,4.178,ATAACCATTGGTGTCA,A365Y,1,1
-8.254,4.178,ATAATATAAAAAAAGT,N31P A430G,2,3
-8.254,1.393,ATAATTTATTACAGTC,L177G T283S R321M L381N,4,4
-8.254,1.393,ATACTTATCCACTGCG,D101C F332R L447R,3,3
-8.254,4.178,ATATCTTAACATTCAG,K411*,1,1
-8.254,4.178,ATCGGTAAAACTTGAT,L243R,1,1
-8.254,4.178,ATTTCTGTACTAGTAA,G360H,1,1
-8.254,4.178,CAAGAAATTTTCTCGA,N246T,1,1
-8.254,4.178,CACCATGACGGTTAAG,V237F,1,1
-8.254,4.178,CACTGTTTTACAATTC,R492W,1,1
-8.254,4.178,CAGTAAATATACGAAA,G181S G465D,2,2
-8.254,4.178,CATAAAACATGTAGCA,N170R,1,1
-8.254,4.178,CATGAATATCAGCGAT,A317W,1,1
-8.254,4.178,CCACCGCTACCTTACT,G72R S219L,2,3
-8.254,4.178,CCATATATGAATTCAG,G349V,1,1
-8.254,4.178,CCCTACGACTCTTAAA,I34P,1,1
-8.254,4.178,CCCTATAAAAAAAATA,F467K,1,1
-8.254,0.8356,CCCTTTTCAGTATTTA,G78C Y486M,2,2
-8.254,4.178,CCGATCGCATGTATTG,L177N L367M K391Y,3,4
-8.254,4.178,CCTAAAAATTTAAATT,Q295K,1,1
-8.254,1.393,CGTATATAACTCAAGA,N389* E398K,2,3
-8.254,4.178,CGTTCAAAAATTTCAT,F195E,1,1
-8.254,4.178,CTAAGCTAACGAAAAA,G319K,1,1
-8.254,0.3798,CTAGAACTAAATACAT,V36Y R109M,2,2
-8.254,4.178,CTCAATTCCTCTGCTT,Y308P,1,2
-8.254,4.178,CTCATTGCCATTCGAA,A113W,1,1
-8.254,4.178,CTTCAACCTATAATAA,I232G,1,1
-8.254,4.178,GAAATAAACACAAAAT,I34W,1,1
-8.254,4.178,GAACAAACCTGGCAGA,H18E D291F W350*,3,3
-8.254,4.178,GACATACTTTAAATGC,L86N L447K,2,2
-8.254,4.178,GATAAACTTTTGCTCA,A196W G337S,2,2
-8.254,4.178,GCAAGTATGAGACAAG,K50Q T248N,2,2
-8.254,4.178,GCACCCCAGCGCGGAC,L455C,1,1
-8.254,1.393,GCGAAATAATTGACAG,Y486V,1,1
-8.254,4.178,GTAATATATTTTTACA,G337Y,1,1
-8.254,4.178,GTGTTCGATGACAACA,I232T,1,1
-8.254,4.178,GTTGGATATCCGTTTG,L151T,1,1
-8.254,4.178,TAAAAGATTGCTCCCG,E123R P185S,2,2
-8.254,4.178,TAAATCTTTTATACAA,Q356N,1,1
-8.254,4.178,TAACTTGTGTTAGACC,L42G L439S,2,2
-8.254,0.5969,TACCGTGATACGACCA,N357Y,1,1
-8.254,4.178,TAGTTGGCAACAAACA,Y178T,1,1
-8.254,4.178,TCGACACATGCAAAGA,N357F N458S,2,2
-8.254,4.178,TCTCATGATGCATGTA,S266P E398C,2,2
-8.254,4.178,TCTTTATTTTATACAA,L177S R261H F392K,3,4
-8.254,4.178,TGATAATTATACAAAA,V43M D415N,2,2
-8.254,4.178,TGCCAACTACCGCACA,G134D S149G,2,2
-8.254,4.178,TGCTACCTATAAAAGT,N133R K450Q,2,2
-8.254,4.178,TTACTACCTTAATCGT,L71N,1,1
-8.254,4.178,TTATCTAACTGACAAA,N433H,1,1
-8.254,4.178,TTCAATGCACAAAGAG,G16N,1,1
-8.254,4.178,TTCACGCAACACTACT,C97I I232A T451G,3,3
-8.254,4.178,TTCTTCCACAACCAAG,C97K,1,1
-8.254,4.178,TTGCAGAATACCTTCC,A365Y,1,2
-8.254,4.178,TTTTTCGTCAACATTG,S198Y Y257T G263E,3,3
-8.256,0.8356,ACATTCCCGAATAATC,I437W,1,1
-8.256,0.8356,CGGAAATATTGTTTAG,T248C,1,1
-8.256,0.3214,GAAACGCTTCCAGCAG,P74H Q75H R224K,3,4
-8.257,0.1266,ATGACCCACGACCAAA,I67G,1,1
-8.257,1.393,AGAAGGTAGATGGAGT,I252F,1,1
-8.257,1.393,ATAACAGCATTTGTAA,L42N K310P,2,2
-8.257,1.393,CGTAACTAAAAATGTA,G263P L367R R499T,3,3
-8.257,1.393,TAACCCATAACTTTAG,R150D,1,1
-8.257,1.393,TTACGTATTTGCAAGA,F148Q,1,1
-8.257,1.393,TTTTTCATCAAACAGA,Q75N A138T N250M,3,3
-8.258,0.8356,GGGTTTAATCGGATGA,Y100N,1,1
-8.259,0.4642,TATAGGTTGAGGTAAT,L194W,1,1
-8.26,0.4642,AATGTTGAATCAGACC,L177S A272N V297G K387W E396S,5,5
-8.26,0.8356,ATAACTTAATTTATTC,I481K,1,1
-8.26,0.8356,TTACGAGATCAGATCG,G303T,1,1
-8.261,1.393,AAAAGTTTCGTGCACC,N38Y L420K,2,2
-8.261,1.393,AATACCTAATGAATGA,V43S E410K,2,2
-8.261,1.393,ACGAGAAAATTAGCTA,I469T,1,1
-8.261,1.393,ACTACTTACTATAATT,G349L,1,1
-8.261,1.393,GCACCGCATTCATACA,A272Y L384G,2,2
-8.261,1.393,GTTCCAAACTAATCAA,I217N,1,1
-8.261,1.393,TCTCTCTGCTCCATTA,G337I,1,1
-8.262,0.8356,CGTATACAGAGATCAA,N246M,1,1
-8.263,0.199,TGTAGTGATTTGTAGA,G330V,1,1
-8.265,4.178,AAAAAAAATTTCATGA,I481Q,1,1
-8.265,4.178,AAAAATTTCAGAGACC,H183G,1,1
-8.265,4.178,AAACGGATTATAACCA,V237D,1,1
-8.265,4.178,AAATTTAACCAAATTA,W153C,1,2
-8.265,4.178,AACCAAAGATACCCGT,L157P P185S I230N,3,3
-8.265,4.178,AATAATGTGTATATTA,A19L K310Y,2,2
-8.265,4.178,AATAATGTTCTAGAGC,C76S,1,1
-8.265,4.178,AATGCAATCCTTAAGC,F125Q,1,1
-8.265,4.178,ACAACGGTACAGTACC,P185G,1,1
-8.265,1.393,ACAAGATCGATTTCAC,C477D,1,1
-8.265,4.178,ACATATGGTAAGCTCG,W343E,1,1
-8.265,4.178,ACCAAGCGACAATCCC,E344K,1,1
-8.265,4.178,ACTAATTTAGTGAAAA,Y100Q,1,1
-8.265,4.178,ACTTAAGCTCATCGAA,L66S G72V,2,2
-8.265,4.178,AGATACGTCTAAGTAC,D375N A425G,2,2
-8.265,4.178,AGCCAGCGGTTAGCCA,G286K D366Q,2,3
-8.265,4.178,AGCCCAAATACCTCTA,A495G,1,1
-8.265,4.178,AGCTGTTATCGCAATC,G465E N497R,2,2
-8.265,4.178,AGTACTAAAAGACATA,T370W,1,1
-8.265,4.178,AGTGAAGGAACATTTA,A113V W153C,2,2
-8.265,4.178,ATACAGACAAGATTTA,S115F L496S,2,2
-8.265,4.178,ATCTCAAAACTAAAAT,F125D G360S,2,2
-8.265,4.178,ATGTTCTTAAATTTAA,L13Q,1,1
-8.265,4.178,ATTAAAGAACAAATCC,R261S C281S N389R S400R,4,4
-8.265,1.393,CATAAAATTTACAATT,H471K,1,1
-8.265,4.178,CATGAACATATCTCCC,E414K L420E M444I,3,3
-8.265,4.178,CATGGATCGATCCGCA,C139S Y178Q,2,2
-8.265,4.178,CCGTTAAAATACCAGC,I288D,1,1
-8.265,4.178,CCTAATAATAAGTAAA,L420E,1,1
-8.265,4.178,CCTAATCCCGAACAAT,K380P,1,1
-8.265,4.178,CCTACTCCTACACTTC,A69L A425V,2,2
-8.265,4.178,CCTCATTAGGACAACA,V406P,1,1
-8.265,4.178,CGATAAATGGAAGAAG,G116P R208M G463C,3,3
-8.265,1.393,CGATTCTCACCCAGAT,G349R,1,1
-8.265,1.393,CGTCATTTACTCACTA,V43P,1,1
-8.265,4.178,CTAAGTAGCTGAAACT,T37R K315M,2,2
-8.265,4.178,CTCTCACATATAAAGC,D241V,1,1
-8.265,1.393,GAAACAACTCTACTTA,N357Y,1,1
-8.265,4.178,GAGCGCGAGTCGAAAT,L496K,1,1
-8.265,1.393,GCAACTTACCACACTC,I437G,1,1
-8.265,4.178,GTAGCACTTTAAACGT,F448L G465E G504C,3,4
-8.265,4.178,GTGACACAAATAGCCC,F87R,1,1
-8.265,4.178,TAAATAAGAACTTAAA,Q44K F79P T155A,3,3
-8.265,4.178,TAAGTGTGTAAAGACA,G360Q,1,1
-8.265,4.178,TAATAAGCCAATTGCC,L244P,1,1
-8.265,4.178,TAGCATCTAGCTTATA,G349K,1,1
-8.265,4.178,TATAGCCTAAACAAAA,,0,0
-8.265,4.178,TCATCCCGGATAAACC,,0,0
-8.265,4.178,TCCATCTAGCCGAGCA,P185W,1,1
-8.265,1.393,TCCCCCAAACACACCA,W153I,1,1
-8.265,4.178,TGAACTGTGAAACCGT,E123V,1,1
-8.265,4.178,TGACTTCAAGTACTAG,A19P,1,1
-8.265,0.8356,TGTCATCAATATATCT,A336L,1,1
-8.265,4.178,TTAAGATTAATAACCA,V102C P324S,2,2
-8.265,4.178,TTAGAAAGAAGTTTAA,I469T S480H R499K,3,3
-8.265,4.178,TTAGAAGATGAGGAGA,L194P M268I I300S,3,4
-8.265,4.178,TTCTAATAGAACTACG,Q57L L244- I245- N246- S247- T248- G249- N250-,8,8
-8.265,4.178,TTCTATACGAACTCAT,D271I A459H,2,2
-8.265,4.178,TTGTCTTTTAAGAATA,Y308R,1,1
-8.266,0.2785,CTTGAGCATACTAACA,C97S,1,1
-8.266,0.5969,AAAAGCACAGCCGGTT,Y486H,1,1
-8.267,0.8356,AACATCGCCATTGACA,F120C S146K,2,2
-8.267,0.8356,TACTACATCTGTTACG,F87T,1,2
-8.268,1.393,ATCCCCAACGCTTTGA,N424H K503N,2,3
-8.268,1.393,CGATAAAATATGTTTA,Y100K,1,1
-8.268,1.393,TGGGTACAATTGGAAA,S114I G249T V429K,3,3
-8.269,0.8356,ATTGGACTTAAGATCA,F147H,1,1
-8.269,0.8356,CTACGTTTAATAGATT,V102G L447A,2,2
-8.269,0.8356,GAAGAAACCGAACAGA,M346A,1,1
-8.269,0.8356,GCAATCGCATTATGAT,L118Q,1,1
-8.269,0.5969,ATCACATCTGCAAAAA,G181A G303D,2,2
-8.27,0.09716,GGATATCATAAACAAC,L447A,1,1
-8.271,0.5969,GAAAAGATCTCGCCAG,G303Y,1,1
-8.271,0.5969,TAGCATGCGCAGCCTC,D85M K452E,2,2
-8.271,0.8356,TCAAAGTATCAGTACA,I478D,1,1
-8.271,0.8356,TGTTAAAAACAGCCCT,V204N,1,1
-8.272,1.393,CAACCGTAATATCATA,N190C,1,1
-8.272,1.393,CCCCAAACTTGGACTC,F192T,1,1
-8.272,1.393,GATAATACAAGACAGC,G249Q,1,1
-8.272,1.393,TTTGCCCGTTCATTAA,E449K R456T,2,3
-8.275,4.178,AAAAAACAATCCGAAT,E340D,1,1
-8.275,4.178,AAAACAAAGTAGGATA,I478S,1,1
-8.275,4.178,AAACCAGAACAGCACG,I374P H488N,2,2
-8.275,4.178,AACCCTGCGCAAACGA,G303E,1,1
-8.275,4.178,AATTACACTAAGAAAC,R208P D415N,2,2
-8.275,4.178,ACAAAAATTAGCTTGA,G349Y,1,1
-8.275,4.178,ACAAGGGTGAACGGAC,A113I E414V,2,2
-8.275,4.178,ACACAAGAACGTGTAC,G360D Y491T,2,2
-8.275,4.178,ACACCCCATAGAGTCA,N458E,1,1
-8.275,4.178,ACCATTCTAGAAAATA,V112W T416A,2,2
-8.275,4.178,ACGACTTAGTAATCTT,R321Q L381Q K387S,3,3
-8.275,4.178,ACTCCGTATACCTACT,I51W,1,1
-8.275,4.178,AGAAATATAGATAGAA,A336V D438C,2,2
-8.275,4.178,AGATGGTCACACTTGC,I51C,1,1
-8.275,4.178,AGCTCCTTCCTCACGG,P169D Y302P,2,2
-8.275,1.393,AGTGTATAAGCGTAAT,Q434F,1,1
-8.275,4.178,ATAACGTCAATTAGTA,P99K A304W,2,2
-8.275,4.178,ATACATACAACTATCA,W153* I282W,2,3
-8.275,4.178,ATACGAACAAATTAAG,A11Q,1,1
-8.275,4.178,ATCACCACAGTATTAA,Y178S,1,1
-8.275,4.178,ATCCTAAAAAGAAAGC,I232E A373I,2,3
-8.275,4.178,ATTAGACAAACCTAGG,G303A,1,1
-8.275,4.178,ATTCCCAACTAGTGCC,L71E W84* H184N,3,4
-8.275,1.393,CACCACAAATTTTTAC,S369K,1,1
-8.275,4.178,CACCTGAATTACATAT,Y100C F467T,2,2
-8.275,4.178,CACTCTCAATGCCTAA,K82R,1,1
-8.275,4.178,CAGAGGAATAAGTATA,Y233I G349R K397R M444G,4,4
-8.275,4.178,CCACCCTACTATTACA,G345F,1,1
-8.275,4.178,CGAACAATCATAAAAA,G286Y,1,1
-8.275,4.178,CGCCAAGTATCTGAAT,L42I G49V K411N G504S,4,4
-8.275,1.393,CTCCCATAGATCGCCA,F338N,1,1
-8.275,4.178,CTTATATTCTCACCTA,C466M,1,1
-8.275,4.178,GAACAATAACTACGAT,E414K E426M,2,2
-8.275,4.178,GAATCACCTTAACACT,W127Q,1,1
-8.275,4.178,GAATTTCCACAAACAA,G275R Y486F,2,2
-8.275,1.393,GACAAAAACTTTTCCA,K452D,1,1
-8.275,4.178,GCAAGTGCCCCCGAGG,D73R,1,1
-8.275,4.178,GCACAGAGAAAACAAA,N170C,1,1
-8.275,4.178,GCAGTGCGCGCGTCAC,C64M,1,1
-8.275,4.178,GCATCAAAAAAAAAGC,L108Q K276I,2,2
-8.275,4.178,GCGACATCGATTAACA,L86N,1,1
-8.275,4.178,GGGTAACACTGCTCAT,L243P Y257A,2,2
-8.275,4.178,GTTAAAAAATGCCATT,C466K,1,1
-8.275,4.178,GTTCTCTTTATAATCT,I3M A336T E410K,3,4
-8.275,4.178,GTTGGATTTACAGCAA,D186M G352M,2,2
-8.275,4.178,TAAAAAACTATTAGTC,P254H,1,1
-8.275,1.393,TAAAGACCATCTACGC,R150W,1,1
-8.275,1.393,TACGAAAAGTTCCATA,Q295A W421* N464S,3,3
-8.275,4.178,TAGCAAGCAAAATTAA,Q295W,1,1
-8.275,4.178,TATAAACACTTAGATC,C14F R220K,2,3
-8.275,1.393,TATCTATCAAAAATAA,G61V L108Q,2,2
-8.275,4.178,TATTAGTGTCCAGATA,T440R,1,1
-8.275,4.178,TCAAACTCAATCATAG,A495D,1,1
-8.275,4.178,TCAAAGATTTGCCCAT,L71E,1,1
-8.275,4.178,TCTAAGAGATAAACAG,N53M I437P,2,2
-8.275,4.178,TGAATCGGCTTGGAGT,E340W,1,1
-8.275,4.178,TGCTCGCCATGGCTTT,M346P,1,1
-8.275,0.5969,TGCTTGCTATTACATG,G360D N458D,2,2
-8.275,4.178,TTAAGCGTCTTTACTA,H355N G504M,2,2
-8.275,4.178,TTCAGCTATAGATCTT,,0,0
-8.275,4.178,TTGACATGCTTGGGCT,C52D,1,1
-8.275,4.178,TTGGAATTGTCAGTGA,A253V K503F,2,2
-8.276,0.4642,TTCACTGAATACACAA,I377K,1,1
-8.277,0.5969,CCCGAGTTGTAGTATA,Y233N,1,1
-8.277,0.3798,AGAAGAGATACAGATG,G349A,1,1
-8.278,0.4642,ATTACCACAATACTGC,L108D,1,1
-8.278,0.5969,AATAACGCGGCATTTA,T313Y D348N G463Q,3,3
-8.278,0.199,CTCCTTTTATTATTTC,A317W,1,1
-8.279,1.393,ACAAAAGTGTTTTACC,P215T G330S K368G R499G,4,4
-8.279,1.393,AGCTATAAATATCTTC,C305G,1,1
-8.279,0.8356,AAGTAACCAACATTGG,G249E,1,1
-8.281,0.2785,AGAAACAGACCCAATG,Y470R,1,1
-8.282,0.8356,CATTGTAGGAACAATC,C277N C281W L409P,3,3
-8.282,0.8356,CTTAAATAATAACAGC,E449K E457*,2,2
-8.282,0.8356,GAGACTTTATCAGTAC,T440R,1,1
-8.282,0.8356,TGTAACGCACGTTAAG,A495E,1,1
-8.282,0.4642,AAATATTTTCACAGCA,E41D S137V S480C,3,3
-8.282,1.393,ACCGTAGAATAGTTTT,D419R,1,1
-8.282,1.393,AGTCAGAAAAGCGCGA,R220E,1,1
-8.282,1.393,ATAGGCTAAAGGACTA,S110N I437R,2,2
-8.282,1.393,TAAAGCTAAAGTGGAG,K2Y Y178W D438N,3,3
-8.283,0.5968,AGTACACTATCCAAGG,R361K R456Y,2,2
-8.284,0.5968,ATACACTGTCCAACAA,L420D,1,1
-8.285,0.2785,CATTCACTATATATAG,A39F A93D,2,2
-8.286,4.178,AAAACAGAGATCACGC,S144Q Q434K N475K,3,3
-8.286,4.178,AAATAACCCCTTCCTA,I202D,1,1
-8.286,4.178,AAATACAGTTCTTGAT,V204C V490T,2,2
-8.286,4.178,AACACAGACCCAAATA,N22M Q311*,2,2
-8.286,4.178,AACCTTAACTATCGTG,I217T A495G,2,3
-8.286,4.178,AACGATATCTGGAGTA,G504C,1,1
-8.286,4.178,AATATACACGAAAAGC,D474W,1,1
-8.286,1.393,AATGAAAACTGGTTTA,S270P,1,1
-8.286,1.393,ACAAAGTTCAAATTAC,S156D Y161C N170S K171G G386E,5,6
-8.286,1.393,ACAGCGTAATCTATGA,V26P S266L F392V,3,3
-8.286,4.178,ACCATGAACAGCGATC,R109P,1,1
-8.286,4.178,ACCTACACAGATTAAA,A196T S228N,2,2
-8.286,4.178,AGAGAGTAATCCTAGA,E41M,1,1
-8.286,4.178,AGCAGGAGAAGGTCCC,L251R,1,1
-8.286,4.178,ATACCGCATCAACTAC,G49V E325W D375Y T388N,4,4
-8.286,4.178,ATGTACTTAAGATCTA,V237D,1,1
-8.286,4.178,ATTAAGTAACTTTGCA,T370K,1,1
-8.286,4.178,ATTAATATCGCACCAA,D375M E398K,2,2
-8.286,4.178,ATTATACCCAATAGAG,I502W,1,1
-8.286,4.178,CAAAATTATAAGATTA,S228L,1,1
-8.286,4.178,CAAATACCCGTCCTGA,F120T,1,1
-8.286,4.178,CAACTTTCAATTAAAA,R90W D461Y,2,2
-8.286,4.178,CACTTAGCAAACGGGT,E457K,1,1
-8.286,4.178,CAGATTACAATAATTA,A425G,1,1
-8.286,4.178,CAGCATCATCATATGA,L431P N483R,2,2
-8.286,4.178,CAGGTCAACAGAGAAA,V88S E432K,2,2
-8.286,4.178,CATACAACTAGAACCC,R329A,1,1
-8.286,4.178,CATACTATCCCTATCT,A253F L431M,2,2
-8.286,4.178,CCATACACGTAAACAG,I245S,1,1
-8.286,4.178,CCCATTCCGCAACGTA,C473T,1,1
-8.286,4.178,CCTCTCAACTTAGTTT,V43M L244N,2,2
-8.286,4.178,CGCATACTCCCATTAA,C139S A459F,2,2
-8.286,4.178,CGGCGCACCATTCCTA,Q80R L455Q,2,2
-8.286,4.178,CTCCTCTGCGAAAAAT,H17*,1,1
-8.286,4.178,CTGAAGTTATGCTCCA,S228H,1,2
-8.286,4.178,CTTCACTAAGGTATAT,A253K,1,2
-8.286,4.178,GAGAATTCTAATATGA,L118G,1,1
-8.286,4.178,GATAAAGAATGATCAT,R229V E494P,2,2
-8.286,4.178,GCCGCTATTTTAAGTA,R224Y G286D D474F,3,3
-8.286,4.178,GCCTTAACCTTCGCTC,N322M C477F,2,2
-8.286,4.178,GGAAAATAATATAACT,W153N,1,1
-8.286,4.178,GGACGACAACAGTCAC,W421*,1,1
-8.286,4.178,GGAGAACATGTTAAGT,I331D,1,1
-8.286,4.178,GGAGAAGTCTAAGCAG,A495Y,1,1
-8.286,4.178,GGCGTTTGAGCCATTG,F147P,1,1
-8.286,4.178,GTACCATAAAATAACG,G404N N458E,2,2
-8.286,4.178,GTATTCCTAACTGAAC,N165D Q211K E398K E414K,4,4
-8.286,4.178,TAACCAAGAAAGTTGA,C97Y,1,1
-8.286,4.178,TAACGAACTCCATCTG,N31M S279R E280K E414K,4,4
-8.286,4.178,TACCTACATAGGTGCC,Y98G K446S,2,2
-8.286,4.178,TATTATGTAAAAAGCT,W84P,1,1
-8.286,1.393,TATTTGTACCACTCAG,G345C,1,1
-8.286,4.178,TCAAACGACCAAGATA,V297D I385H,2,2
-8.286,4.178,TCAACCAATGCCAATG,M444K,1,1
-8.286,4.178,TCAATGTCAAGGACAC,L13S,1,1
-8.286,4.178,TCACCCCATATAACAA,S287K W350*,2,2
-8.286,4.178,TCAGCCCACCAACCCG,L66S V413L,2,2
-8.286,1.393,TCGCACTTCACTGTAT,T436N T440E,2,2
-8.286,4.178,TGAATCGCACATTCAA,Y105S I377P,2,2
-8.286,0.8356,TGCGCAATTCAACGTA,E398K G504Q,2,3
-8.286,1.393,TGTTTCTCAGACACCA,R482D,1,1
-8.286,1.393,TTGAGATCCCATAGAA,A317Y,1,1
-8.289,0.5968,TTCGGAAACAAACAGC,Y98F,1,1
-8.289,1.393,ATTTATATAGACAGGG,S96V Y308E,2,2
-8.289,1.393,GAGATGGTAAAACAAT,R220G W421D,2,2
-8.289,1.393,GATAAGGTAATACGCC,G345F,1,2
-8.289,1.393,GTCAAAGAACCAATAC,F258R,1,1
-8.289,1.393,TACTGTACACAATTAG,F338V,1,1
-8.29,0.5968,TCTGAATTCTCACCAC,H488K,1,2
-8.293,1.393,AAAGTGATTTAATACT,A69S H471I,2,2
-8.293,1.393,ACAAAACAATCTTAAC,Y423E,1,1
-8.293,1.393,CCACTGTCTACGAATA,L151N,1,1
-8.293,1.393,TGTATGACATCACAAT,C305Y M346T,2,2
-8.294,0.8356,AGTTACAACCAGATCT,F87R,1,1
-8.295,0.5968,AATTTTCTAATATGAC,F148D T440F,2,2
-8.295,0.5968,GTACGACGCACACACA,W421T,1,1
-8.295,0.5968,TGCTTTCGGCAAAAGT,,0,0
-8.296,4.178,AAAAAATGCACAAACG,T370H,1,1
-8.296,4.178,AAAAAATTGGTTGTTA,I252P,1,1
-8.296,4.178,AAAATTGTACAACCTG,L71W,1,1
-8.296,4.178,AAACAATAAATTCATT,M320A D375C,2,2
-8.296,4.178,AAACAATACCCTCTTC,G286V A476K,2,2
-8.296,4.178,AACGGCAATAGTGACA,I179R,1,1
-8.296,4.178,AAGCAGGTACAAGACC,I34R G263*,2,2
-8.296,4.178,AATGCGTTAAGCCGGT,I418V D461K,2,2
-8.296,4.178,AATGTTTCACAAACCC,L243K,1,1
-8.296,4.178,ACAAATTCAACACGAC,T313D A430G,2,2
-8.296,4.178,ACATCACTTGAGAGGA,I67R,1,1
-8.296,4.178,ACCTAGCAAAAAATGT,G16Q,1,1
-8.296,0.8356,ACGGCTAATTGACCAC,I377W,1,1
-8.296,4.178,ACTCTACACAGAGCTC,D68R,1,1
-8.296,4.178,ACTGAGCTCATTGTAA,S231R E410G K417N,3,3
-8.296,4.178,AGAAACATAAACCGAA,P74H,1,1
-8.296,4.178,AGCTGATTGGCCCGCA,A364H,1,1
-8.296,4.178,ATAAATGACTGATGAG,,0,0
-8.296,4.178,ATAAGAATTAAAATAT,L243H,1,1
-8.296,4.178,ATCCACAAAATTGTTT,H183R F338N,2,2
-8.296,4.178,ATCTTTTCGCTCTGAA,L151W,1,2
-8.296,0.8356,ATTTAATGCATGATAG,G362K,1,1
-8.296,4.178,CAATCGGATTCGCAAC,I339D,1,1
-8.296,4.178,CAATTTGATAAACTCC,V102K,1,1
-8.296,4.178,CCCTATGTCCATAAAC,I34H,1,1
-8.296,4.178,CGAACCTAAAAACTAG,I282R,1,1
-8.296,4.178,CGCGCACGCTTGGCCC,Y351R,1,1
-8.296,4.178,CTAAACCACCCCAAAA,A364K,1,1
-8.296,4.178,CTAACAACCACGCAAA,A39W Q356F,2,3
-8.296,4.178,CTAATAAGACAAAAAA,V36Q,1,1
-8.296,4.178,CTAGGCCCTTAATAAC,V130N,1,1
-8.296,4.178,CTATACAGTACAAAGA,I34R,1,1
-8.296,4.178,CTGAATAGACACCTTA,G116C,1,1
-8.296,4.178,CTGGCTAGGCTCTATC,P99E,1,1
-8.296,4.178,GACGGCCCGCTCCCAG,P221Y R222- V223- R224- E398K,5,5
-8.296,1.393,GACTAGTATTTGTACA,G61R F332P,2,2
-8.296,4.178,GATAATAGGAACGTAA,W350N,1,1
-8.296,4.178,GATTCTCCCCTATTTG,Y486S,1,1
-8.296,4.178,GGAACTACATAACTTA,I437D,1,1
-8.296,4.178,GGATCAGATCACTCAT,W421*,1,1
-8.296,1.393,GTCCCAAATCTCAATT,E123V E443K,2,2
-8.296,4.178,TAAAATTCCCATAAAC,Y178W N475Q,2,2
-8.296,4.178,TAACCGTCAATCTGCA,V36W,1,1
-8.296,4.178,TAATATGCTTGATACT,Y491I,1,1
-8.296,0.8356,TAGAAATAACTACACA,N152C,1,1
-8.296,4.178,TAGGCCTGCACCTCAA,P99L Q211W,2,2
-8.296,4.178,TATCTTTAAAGATCAA,F87P,1,1
-8.296,4.178,TATGATGCTTACTGCG,L70Q,1,1
-8.296,4.178,TCACCCTACCCTTGAG,Y423M,1,1
-8.296,0.3798,TCCAGCAATGCCATAA,G352N N424H,2,2
-8.296,4.178,TCGAGAATTCAATTAC,L59S I274R,2,2
-8.296,4.178,TGACAGAAAACATCCC,,0,0
-8.296,4.178,TTCGAATTGCGTATCT,L151P,1,1
-8.296,4.178,TTTCAACCCCTAAAGT,G256Q D408H,2,2
-8.296,4.178,TTTCATGTGCTTATGT,G134D,1,1
-8.296,4.178,TTTGCTAAATAAGACT,H17*,1,1
-8.297,0.3214,TGATTTCTGAAAAGAT,I478S,1,1
-8.297,0.3214,TGTGTACCTTCGATTA,C473A,1,1
-8.298,0.8355,ATTCCAATCGCAAATT,I331E Q407*,2,2
-8.3,1.393,ACACTATCAGAACATA,I51R R354I,2,2
-8.3,1.393,CCCTACACGTACTATA,A459M,1,1
-8.3,0.8355,AAGAGTATTTGAGAAT,P254S D291N,2,2
-8.3,0.8355,TACGTGAACCAGCCTA,E390* E398V,2,2
-8.3,0.8355,TTAAGGTCTAATCACA,A334Y,1,1
-8.301,0.2199,CAAGTTAAGTTACAAT,S265V,1,1
-8.303,0.3798,TTCAAGTTTCGCCTTA,I245A,1,1
-8.303,1.393,AAACACCTTATGCTGT,I230S,1,1
-8.303,1.393,AGCTAAAATAATTCCA,V88N,1,1
-8.303,1.393,ATTCCACAACGCTCAA,L177H,1,1
-8.303,1.393,TGCTAACTCTACCTGT,P74N,1,1
-8.305,0.8355,ATACACAAGTAGTTAC,A317P,1,1
-8.307,4.178,AAACTGGCCAAACAAA,A317H,1,1
-8.307,4.178,AAATGAGATACCGTTG,S54K G286T,2,2
-8.307,4.178,AACACACACTAGTGGG,R499H,1,1
-8.307,1.393,AACAGCTTAAAAGCTG,L59D G379V,2,2
-8.307,4.178,AACTCAGGATTTAAAC,Y308N,1,1
-8.307,4.178,AACTGTCAAACCAAGA,W343V,1,1
-8.307,4.178,AAGAAAAAAGTAAAGT,Y302G,1,1
-8.307,4.178,AATAAAATACCAAAAT,Y470I,1,1
-8.307,4.178,AATAAATATTAGAAAA,I179E,1,1
-8.307,4.178,AATAACCAAACAATAT,G286R,1,1
-8.307,1.393,AATAACTAAGTTAAAA,M320E Y423T,2,2
-8.307,0.8355,AATAATTTTTAATAAT,L431K,1,1
-8.307,4.178,AATACATAAGTTACTC,I282P,1,1
-8.307,4.178,AATAGACGCGAGTCAA,M346P,1,1
-8.307,1.393,AATATCCGTTTAGGAT,I245Q,1,1
-8.307,4.178,AATCAGTAAACCTTAC,L66I A334N,2,2
-8.307,4.178,AATCCTTTTCTCGAAC,D461K,1,1
-8.307,4.178,AATTTTCATCTAAAAG,C281Y A336V,2,2
-8.307,4.178,ACATTAAATTGAATTA,C14Y,1,1
-8.307,1.393,AGACGACATCCAGATC,G61D R150M,2,2
-8.307,4.178,AGACTGATAGTACAGA,T10S N357E,2,2
-8.307,4.178,AGAGACGTAATATATC,V36H S114I I288G,3,3
-8.307,4.178,AGCACTAAGTACTATA,E123K G142E S265N D291N E390K E398K E401K E410K L420E G479D,10,13
-8.307,1.393,ATACTTCAACTAAGGT,T30L I481D,2,2
-8.307,1.393,ATAGATTAAGAAAACT,I3Q Q164E,2,2
-8.307,4.178,ATATGTGCTTCGGTAA,G61D Q407G,2,2
-8.307,4.178,ATGAGAAAATTTATAT,Q44E,1,1
-8.307,0.8355,ATGCTATCTCCCTGCT,T436L,1,1
-8.307,4.178,ATGCTTTCAACTCATC,L455H,1,1
-8.307,4.178,ATTCAGACTCCCATAT,Y491G,1,1
-8.307,4.178,ATTTGCAGACGATATA,C466E,1,1
-8.307,4.178,CAAGAAATCATCACCC,E340S D461W,2,2
-8.307,4.178,CAATAGTCTATTAATC,N38Q N170A,2,2
-8.307,4.178,CAATGCTATATCACCA,G319R,1,1
-8.307,4.178,CAATTTCTGCATAAGC,G72H,1,1
-8.307,4.178,CATGCACTACTACTCT,Y308Q,1,1
-8.307,4.178,CATTATCAACCCCAGG,E89R Y491V,2,2
-8.307,4.178,CCATCAAACCCAACGT,D348N G386C E398K F399G,4,6
-8.307,4.178,CCCTGATAAAAAATAA,N296L,1,1
-8.307,4.178,CCTCGTCCTAAAAAAA,,0,0
-8.307,4.178,CGTATCTCATGTTTCT,V36L,1,1
-8.307,1.393,CTCTCAATAATCCTAA,C64L S209N,2,2
-8.307,4.178,CTGACCACAGAAATCA,N433D,1,1
-8.307,4.178,CTGCGAGAACGCGGCA,C305Y L316G,2,2
-8.307,0.8355,GAACATTGCATGCCCT,Y302E,1,1
-8.307,4.178,GAATAAATTTGAAAAT,A495M,1,1
-8.307,4.178,GACAATTCATAATACA,W127K,1,1
-8.307,4.178,GACCGAGACCATACGA,R492P,1,1
-8.307,4.178,GGATAACTCCCCGACT,S287H,1,1
-8.307,4.178,GGCATATTCCATTTAC,S46F G61M,2,2
-8.307,4.178,GTAACCCACGAACAGT,T301P,1,1
-8.307,4.178,GTACTAAACTGTATGC,T451K,1,1
-8.307,4.178,GTCAGCCACCCATAAA,T248E,1,1
-8.307,4.178,TAAGTACATTACCAGG,V43W,1,1
-8.307,4.178,TAATCCAGGAGGATTA,F125P L447I,2,2
-8.307,4.178,TAGCCTGAGTAGCCAA,L59M V413D,2,2
-8.307,4.178,TCACATCGAATAACCT,S228P,1,1
-8.307,4.178,TCGAACACAAAGGAAA,I331N,1,1
-8.307,4.178,TGATGTGAGGCGTCAA,N216L N322C,2,2
-8.307,4.178,TGTCGCATGATCCATT,C14G,1,2
-8.31,0.3214,AAATTATGAATTGTCC,S146I,1,1
-8.31,1.393,CAAAAGAAATTTATTG,K310T Q371P,2,2
-8.31,1.393,CAGCGCTGCCCGCAGT,G349R K452L,2,2
-8.31,1.393,TCAATTATCCATCCAG,S247K,1,1
-8.311,0.5968,AGTTAGAGGTTGAGTT,Q1L E432K,2,3
-8.311,0.4642,CACAGTTGAACAAAAC,G61M,1,1
-8.313,0.8355,TAAGATATAAGTCTTG,R329E,1,1
-8.313,0.8355,TTATTCTTTTTAGTAC,A334F,1,1
-8.313,1.393,ACCTCATCTTGAACCA,I245W,1,1
-8.313,1.393,ACCTGTAACTATCAGA,C97L,1,1
-8.313,0.4642,CATAAGCACATAATAC,T155Q,1,1
-8.313,1.393,CTACCATGTTCAGTCA,F332R,1,1
-8.313,1.393,GTTAATAGAGGTAATT,K27N S266V T283*,3,3
-8.314,0.1547,TACATACCTCCTGATC,S136I P215I,2,2
-8.315,0.8355,AGTTAATCTCCATTAA,C76A Q311Y,2,2
-8.315,0.8355,GGGCCCTCTATACCCA,R492V,1,3
-8.315,0.8355,TATACCAATTACATTG,L177I C281R P293R E390F,4,4
-8.316,0.4642,CATCAAATTTCTCGTA,Y491E,1,1
-8.317,4.178,AAAAATGTTAGTATCT,D366F,1,1
-8.317,4.178,AAATATTTAACATCAC,L243R,1,1
-8.317,4.178,AACCTCACCAGATTCC,G337P,1,1
-8.317,4.178,AATATCCAAAATAAAT,I252D,1,1
-8.317,4.178,AATGTAAGTAACATAT,R92V N250D,2,2
-8.317,4.178,AATTTCTTAAGAGAAA,I48N C97* R220M Q327F,4,4
-8.317,4.178,ACAAGCCAATACACAA,F147D,1,1
-8.317,4.178,ACCCTTCTGTAACATT,V26Q A163R A272T C277A,4,4
-8.317,4.178,AGCAGTACCGGAACCC,V43G,1,1
-8.317,4.178,ATACAAAATAATCAAT,A106T P254H,2,2
-8.317,4.178,ATACAATGAAATAGGA,G349V N357W,2,2
-8.317,4.178,ATATTATGCGCATTAA,M268S,1,1
-8.317,4.178,ATCATACCCAACCAAT,K310D,1,1
-8.317,4.178,ATTAACGCAAAAAAAA,F79V G349E,2,2
-8.317,4.178,ATTGCCTACACACCTC,R261T C277Y P284M P293C R321M E390Q,6,6
-8.317,4.178,CACATAATCTTAAGTC,I478C,1,2
-8.317,4.178,CAGATGACTCTGAATT,E89R,1,1
-8.317,4.178,CAGATTAATAGGCGTC,F353D,1,1
-8.317,4.178,CATCCAATCTAATCCC,R90Y,1,1
-8.317,4.178,CCACAGAGATGGCTCA,Y302N,1,1
-8.317,4.178,CCACGATTGCAATAAA,L251K,1,1
-8.317,4.178,CGACACACCTCTTAAC,G352D E457G,2,2
-8.317,4.178,CGCCCACTGCTTGAAT,T248P,1,1
-8.317,4.178,CTAACATGTGTCATCA,C281P,1,1
-8.317,4.178,CTATCACCACTACTAA,A93T I288S,2,2
-8.317,4.178,CTCAAACAAAAATGCT,G23E I202L,2,2
-8.317,1.393,CTCATTTCCTCATCAT,E89G R307K,2,2
-8.317,4.178,CTCCCTCCTAGCCCCC,F192R L427H,2,2
-8.317,4.178,CTGCATAGCAATATGC,A425G,1,1
-8.317,4.178,GAAAGATTATCAAAAT,P74H,1,1
-8.317,4.178,GAAATACACATAACTT,G181S P324D,2,2
-8.317,4.178,GAAATTATATGAATAC,D60K,1,1
-8.317,4.178,GACGCCGTGGACAGAT,V102D,1,1
-8.317,4.178,GATAAAATCAAATAAT,G62P L439Y,2,2
-8.317,4.178,GCGACCCATACCTATT,I3*,1,1
-8.317,4.178,GGTCCAAGTATAAAAA,N357K,1,1
-8.317,4.178,GTCCTGCATATAAGAC,Q164E,1,1
-8.317,4.178,GTCCTTCTATAGATAC,S378F G463P,2,2
-8.317,4.178,GTTGCTCGTTAAATCC,Y470C,1,2
-8.317,4.178,TAAACACGTTATATGT,A334E,1,1
-8.317,4.178,TAAATATTGCATCCGA,W153Q,1,2
-8.317,4.178,TAATAGCCATCGAAGT,G256S,1,1
-8.317,4.178,TAGATCATCTTACACC,S144C S228V N458Y,3,3
-8.317,4.178,TATACCATCTTTTAGA,A334D,1,2
-8.317,4.178,TCACATTGATTGCAAT,T12E F448L,2,2
-8.317,4.178,TGACACCCTATCCATT,N170A,1,1
-8.317,4.178,TGTAAATAGATACACA,L66S L431P,2,2
-8.317,4.178,TTAACTTCGAAAACCC,W343* H471N,2,2
-8.317,1.393,TTAGGAATCACAAAAC,A113R R456K,2,2
-8.317,4.178,TTATCCGACAGTCAAC,E460N,1,2
-8.317,4.178,TTGATTCTACTATCTC,L71P,1,1
-8.317,4.178,TTGCTAACACGATTCA,I252P,1,1
-8.317,4.178,TTTCGAGACGCTGTAA,C305M G504R,2,2
-8.317,4.178,TTTGCAAACGCTAATT,D85P,1,1
-8.32,1.393,ACACCTGTCAAATTGT,E41Y,1,1
-8.32,1.393,ACGGCAGATTGGTAAT,N433V,1,1
-8.32,1.393,AGAAACGTTCCTAAGC,I377Q,1,1
-8.32,1.393,CGAGCAAATTTAAATT,K2E R321W E340Q,3,3
-8.32,1.393,TATCTAGACCACTAAA,N246H,1,1
-8.321,0.1989,ACTCATTCTCTTTCTT,I217N,1,1
-8.321,0.8355,ACATAAATACTGTGGG,M168D,1,1
-8.321,0.8355,CCCAGCCCCATGTACT,N296L,1,1
-8.323,0.8355,ACACCCTCATCGCGCT,K140E E460*,2,2
-8.323,0.8355,ACGGACCAAAATGTAG,G330C E494V,2,2
-8.323,0.8355,CTTCTCTCGTCTTACA,G352D L439K,2,2
-8.323,0.8355,GGATCAACAGCCACTG,R456I,1,1
-8.323,0.8355,TCGCAGCATAACGACC,T187P,1,1
-8.324,1.392,ACTAGGCTAGTTCCAA,C466P,1,1
-8.324,1.392,CAAATCACAACGTGCT,W343C,1,1
-8.324,1.392,TAGCAAAACAATAAAC,N433Q,1,1
-8.324,1.392,TCGACTTATTTTCTGT,L381K,1,1
-8.324,0.3213,TCGCTCTAACCAAAAA,V130K,1,1
-8.325,0.8355,TGCCTGCCATGACAAA,A163S L381S T388R,3,4
-8.326,0.2457,GAACAAACTATCAGTA,E340*,1,1
-8.327,4.177,AAACAGAAGCTCATGC,E398K Y412W,2,2
-8.327,4.177,AAACCGGTAGTAAGCC,D366H A372V,2,2
-8.327,4.177,AAACTAACCAATCGTA,W343R,1,1
-8.327,4.177,AAAGTATACCCATACA,I48V G303H,2,2
-8.327,4.177,AAATGCAAAACCCTCA,K380F,1,1
-8.327,4.177,AACCTAACATCTCCAA,D241K,1,1
-8.327,4.177,AATACAAGATAATAGA,V237G,1,1
-8.327,4.177,AATATAAAATTCACTG,I226Q,1,1
-8.327,4.177,AATCCATTGATCCCGC,R321P,1,2
-8.327,4.177,ACAATGGTCCACTATA,G116L,1,1
-8.327,4.177,ACACGATCTTAACTCT,W343H,1,1
-8.327,4.177,ACATCAAGAACGCTTA,I236F N464K,2,2
-8.327,4.177,ACGCAATCACAACCTA,L384W F399I,2,2
-8.327,4.177,ACGGGTTATGAGCTTC,G142Y C305R,2,2
-8.327,4.177,AGAAAACGAGCTTTTA,A19D,1,2
-8.327,4.177,AGCAATCTGTGCGGAA,P74H,1,1
-8.327,4.177,AGCCCATAATCACAAC,C64Y V223Y,2,2
-8.327,4.177,AGTTCTAATTGGAATA,R208S Y412M,2,2
-8.327,4.177,ATAATCATCGTATTCC,A11*,1,1
-8.327,1.392,ATCATAAAGATAGCTA,H17W T318P,2,2
-8.327,4.177,ATGATAATCAAAATCC,L431P,1,1
-8.327,4.177,ATTAGAAAGCTGCCAG,G249H,1,1
-8.327,4.177,ATTTAACCATCAGTCA,N22P,1,1
-8.327,4.177,CAAAGAAATTAATTCA,G23N G134P,2,2
-8.327,0.8355,CAACGATCATTTCCTT,P215S I274L W421G,3,3
-8.327,4.177,CAAGAAAATTTGGCTG,Y491G,1,1
-8.327,4.177,CAATAAATATCCACGT,I67D,1,1
-8.327,4.177,CACTTCATAATATACA,G319D,1,1
-8.327,4.177,CAGATTCTTTTGCATT,S422R,1,1
-8.327,4.177,CATACTACGAACGAAA,V237F H488L,2,2
-8.327,4.177,CATATCAGTGATATAG,I469C,1,1
-8.327,0.8355,CCCATATTATTTACTG,I267D D291N,2,2
-8.327,4.177,CCCTTGAAAAAGTCAC,S262V E432K,2,2
-8.327,4.177,CCTTTTAAGGCATAGA,K411P,1,1
-8.327,4.177,CGAACATAATGCATAA,A253H,1,1
-8.327,4.177,CGAATAGAATCGAGTT,M268A,1,1
-8.327,4.177,CGACAACGTAAACGCT,A253K,1,1
-8.327,4.177,CTATGATAAAGTAAAT,N250L G349E E401K,3,3
-8.327,4.177,CTGACGAGGTCCACCA,W234K Y423L,2,2
-8.327,4.177,GAAATTTGGCGGACGA,I252G,1,1
-8.327,4.177,GAACGTAACCTTTATT,G116A E494S,2,2
-8.327,4.177,GAAGACAACCACTCTA,N433H,1,1
-8.327,4.177,GAGAATACATACGCTG,G286Y,1,1
-8.327,4.177,GATAACCGTCAAAGCA,V102K N433R,2,2
-8.327,4.177,GCCACATACGCAACTT,E89T,1,1
-8.327,4.177,GCCATTACATAAAGTG,L13P,1,1
-8.327,4.177,GCGAACTTAGATAACA,Q210R W421Y,2,2
-8.327,4.177,GTAATCCCATATTTAC,G303M,1,1
-8.327,4.177,GTCCACACTTCGTTCT,L70P,1,1
-8.327,4.177,GTTAAAATCCGGTTAA,V237M,1,2
-8.327,4.177,GTTATAATATGTGCGC,C64V,1,1
-8.327,4.177,GTTTAACGAAAGCACC,H17P,1,1
-8.327,0.8355,GTTTTGTGATGACTAG,P239F S266P,2,2
-8.327,4.177,TAAAGTATACCAAGCC,N152E,1,1
-8.327,4.177,TAATAGACCACATCGT,N31R V36L,2,2
-8.327,4.177,TACAGACAGAGGCAAA,D175Y S378F,2,2
-8.327,0.5968,TAGACCCATGTTAGAT,C52M,1,1
-8.327,4.177,TATAACGGATCCCCCA,N152T V406I,2,2
-8.327,4.177,TATGTTAGTAATCTAA,C473N,1,1
-8.327,4.177,TCTAACTCCCAATAAG,F338R,1,1
-8.327,4.177,TCTAATATAACCCTGC,Y470R,1,1
-8.327,4.177,TTAAAACGGTCAATGG,E340V E344*,2,2
-8.327,4.177,TTACGTTTTTACATAA,C64A,1,1
-8.327,4.177,TTCAGAAAACTTAAAA,A138H,1,1
-8.327,4.177,TTGCATGCCAACAAAC,F120P,1,1
-8.327,4.177,TTTAAAATTCGTAAAA,E35N W127*,2,2
-8.327,4.177,TTTGTTCCCGGATTGC,F147Q,1,1
-8.327,4.177,TTTTTAATCTACCACA,G345P E410K,2,2
-8.329,0.5968,GTACTTAGTACCATAT,V112D N433Y,2,2
-8.329,0.8355,GATTGTGCCTGGATAA,V130D,1,1
-8.329,0.8355,TTCATCAATAGCTAGA,I437E,1,1
-8.33,0.3213,TCCCTAGACAATACCA,I282P,1,1
-8.331,1.392,AAGCTAACAACCAACA,S47I R255S,2,2
-8.331,1.392,ATAAGGTAAATAATCC,N6F I58D,2,2
-8.331,1.392,CCTCCATAGCTTTAAC,Y161G N424F,2,3
-8.331,1.392,CGACATTGCAGCGACT,T416R,1,1
-8.331,1.392,TACCTATCTAATATTC,R90I E443W,2,2
-8.331,1.392,TTATCAGACTTTAAAC,G49D F448E,2,2
-8.331,0.1671,AGACGATTAAAGAGTG,T235Y,1,1
-8.331,0.5968,CAACGGAAACACAACC,A138I S145I,2,2
-8.332,0.4642,AGTCAGCCGTTAAAAG,L420K,1,1
-8.334,1.392,AATACTTTCATTAGAC,Q164E R255E,2,2
-8.334,1.392,AGGCCGAAAAACAAAG,C97V,1,1
-8.334,1.392,CTCCTTTAAATGCCAT,R255D,1,1
-8.337,4.177,AAAAATCATCTACATT,L409N,1,1
-8.337,4.177,AAAATAAGAATACATT,W127D,1,1
-8.337,4.177,AACAACACGATTCATT,Q132H G134D K278S,3,4
-8.337,4.177,AACAGGTCTAATCCTA,A11L,1,1
-8.337,4.177,AACATATTCAACTTTA,A113T S247E,2,2
-8.337,4.177,AACTAACGAAAACCTC,T416K,1,1
-8.337,4.177,AAGGGAATTCAAATTC,C64F,1,1
-8.337,1.392,AATTTGGGAAGAAACA,W84V,1,1
-8.337,4.177,AATTTTATGCATCGCC,V130Y S358F,2,2
-8.337,4.177,ACACCCTACCCTAAGC,G218D T318P,2,2
-8.337,4.177,ACCAGTCCCACTATCA,L151Y,1,1
-8.337,4.177,ACCCAAGACGTTACTA,C97V N250M,2,2
-8.337,4.177,ACCGCGAACACTCATT,C64W,1,1
-8.337,4.177,ACGGAAAAAGATCAAC,C14W,1,1
-8.337,4.177,ACTACAATTCAATAAA,M320Y,1,1
-8.337,1.392,AGCAAGAAAGAAACAA,Y470I,1,1
-8.337,4.177,AGTAGCGACAACATGG,T313W R383C,2,2
-8.337,4.177,ATACGAAACTTCCATA,L154Y,1,1
-8.337,4.177,ATTAAACCCTTTCTAC,D175N C473D,2,2
-8.337,4.177,CAAATGAAAGAAATTG,S262L E359K,2,2
-8.337,4.177,CAAATGAATAAGAAAA,,0,0
-8.337,4.177,CAACAATAAGAGCTAT,N458H,1,1
-8.337,1.392,CAGCTTTTCTAAATAC,N246A,1,1
-8.337,4.177,CATAACCACGAAGCAT,L71D,1,1
-8.337,4.177,CATCTTAATATGCGTA,K176E,1,1
-8.337,4.177,CCATACACTGGGATGT,G61K,1,1
-8.337,4.177,CCATTACAGTACCAGT,F332D,1,1
-8.337,4.177,CCCGCATCTTATCCAA,F125V,1,1
-8.337,4.177,CCTGCTCGACTACAGG,M444V,1,1
-8.337,4.177,CTAGGCGTATCAGTAA,D73Y,1,1
-8.337,4.177,CTGACCTTCGAAACGA,V429A,1,1
-8.337,1.392,CTGCATTTGCCAACGT,L42D H471N,2,2
-8.337,4.177,GCAAAAAATAATACAG,R220E,1,1
-8.337,4.177,GCAACCATTCTCAAAA,G16E,1,1
-8.337,1.392,GCACAAAAAATATCCA,C52K,1,1
-8.337,1.392,GCTACGCACTAGAAAC,I478S,1,1
-8.337,4.177,GGATAATGAACCACAT,T248C G465*,2,2
-8.337,4.177,GGCTTATATCATCTTT,L118G,1,1
-8.337,1.392,GGGACATCCGCACTAC,R492P,1,1
-8.337,4.177,GGTAATCAAGCCCGCA,G286V K450L,2,2
-8.337,4.177,GGTTTTTTACCAAAAC,V43L A317V K380Q,3,3
-8.337,4.177,GTCAGCCAACCAATGA,M320V,1,1
-8.337,4.177,GTCCACTACTTAATAC,Y178L,1,1
-8.337,4.177,TAAAATAACTAACACA,D438N,1,1
-8.337,4.177,TAAATTTTTTTTCCTT,Y233P,1,1
-8.337,4.177,TAATCGATCCCCTTAC,C64N,1,1
-8.337,4.177,TATCGTTAGCAAACAG,L177Y R261W,2,2
-8.337,4.177,TCAAAATTTGCCTGGA,G345C E390K,2,2
-8.337,4.177,TCAGAACAAGGATGAC,G61I,1,1
-8.337,4.177,TCAGATACCTTGAGTA,I245D,1,1
-8.337,4.177,TCATTAACGGATGTGC,V36P,1,1
-8.337,4.177,TCATTAGACCTACAAA,F353C,1,1
-8.337,4.177,TCCCTTATTAGAAATG,Y98N,1,1
-8.337,4.177,TCCTTTCGATAGTGCC,K27P I478Q,2,3
-8.337,4.177,TCTTTACTTTACAATT,V88E,1,1
-8.337,4.177,TTTCTCCATTAGTCAT,T248W,1,1
-8.337,4.177,TTTGCATCTCAAAGTC,N433Y,1,1
-8.337,0.8355,TTTGCTCGGATTTACA,P185Y,1,1
-8.337,4.177,TTTTGAACCTATCTAC,C97E,1,1
-8.339,0.8355,AACTGTATGATAAGTA,C14P,1,2
-8.341,1.392,AAATACTTATATCCTC,I3* A495D,2,2
-8.341,1.392,AACGAACGTTGACCTG,G286Y,1,2
-8.341,1.392,AATCGATTTCCAGCAC,G330R,1,1
-8.341,1.392,AGCCCTATGCAACATC,E340N,1,1
-8.341,1.392,AGCCTATTCTAGACAA,E325F E398K,2,2
-8.341,1.392,AGTAAAACGTAGCAAA,I232K,1,1
-8.341,1.392,AGTAAGAAAAACTGTG,V112H,1,1
-8.341,1.392,CTTAAATGTACTGTCC,Y178I,1,1
-8.342,0.5968,TAGATCTCATGTAAAA,C473H,1,1
-8.343,0.8355,ATTTCACGTTTCAGCT,L151Y K452S,2,2
-8.343,0.8355,CCTCAAAAGATTAATA,Y423C,1,1
-8.344,1.392,AACGCCAATTCTCCGC,L86K,1,1
-8.344,1.392,ACGCCCTTGGATCGAA,M320T,1,1
-8.344,1.392,ACTATTTCATTACGTT,A495N,1,1
-8.344,1.392,TTAACCATACGTATAG,S369D,1,1
-8.345,0.8355,TTACCACACTATACGC,S143R R150F G256Q,3,3
-8.347,4.177,AAACCAACTACAATAA,I51R,1,1
-8.347,4.177,AAACCTGTTCCACAGT,G330Q C477*,2,2
-8.347,4.177,AAAGAAATGTTATACT,P21D T248C,2,2
-8.347,4.177,AACTAATACTAACAGC,I202R,1,1
-8.347,4.177,AATGTTACTAAACCGA,D366I,1,1
-8.347,4.177,AATTACAGGATCCAAC,A364Y,1,2
-8.347,1.392,ACAAAAAACTCTTGAA,I51K A253Y,2,2
-8.347,4.177,ACAAAATTGGTAAAGA,C64Y Y257H I374M,3,3
-8.347,4.177,ACACCACACAACCGAT,N322G,1,1
-8.347,4.177,ACATACTGTGGCCCCG,L108K E344R,2,2
-8.347,1.392,ACATATATAAGATTTC,Y98H,1,2
-8.347,4.177,AGAAGCCACAATTACG,N250P,1,1
-8.347,4.177,AGAATATGCACTTAAA,F332Y,1,1
-8.347,4.177,AGAGCAGGATTAATAA,P185Q G263I,2,2
-8.347,4.177,AGATATCGGGACAACT,V204Y,1,1
-8.347,4.177,AGATCAACGTGACTAA,A336D,1,1
-8.347,4.177,AGGATGGCCCCTACAG,L496D,1,1
-8.347,4.177,AGGTAAATGTACAGCT,R499M,1,1
-8.347,4.177,ATATAAACTGAAAAGA,A253C,1,1
-8.347,4.177,ATCCAATTGTATAACT,,0,0
-8.347,4.177,ATGGAACCATTTACCG,C14R,1,1
-8.347,4.177,ATTCCCAAATATAGTC,G142F P185H,2,2
-8.347,1.392,CAAGACCTATCTCAAA,G303H,1,1
-8.347,4.177,CAAGAGCAAGATACAT,D241A W343*,2,2
-8.347,4.177,CACTGCCATAGTTGCG,I377E,1,1
-8.347,4.177,CAGTAGCTACTGAAAG,S228F,1,1
-8.347,4.177,CCAAATCCAAAAGACC,C64G,1,1
-8.347,4.177,CCACTAAGCCCATTTA,W127* G465Q,2,2
-8.347,4.177,CCATTGTCCACATATA,V237N,1,1
-8.347,4.177,CCTTTCGTTTCCAGGA,E41P R261P,2,2
-8.347,4.177,CTCAATCTTACGTCGA,E414G,1,1
-8.347,4.177,CTCGGTAGATCCATTC,L314G,1,1
-8.347,4.177,GAAAGTTTAAGTGAGA,F195H N498M,2,2
-8.347,4.177,GAACTGTGATTACACC,I377V Y423P,2,2
-8.347,4.177,GATAAAAGATCAATAT,N22A P306F,2,2
-8.347,4.177,GATTTGCTAGCCCGTA,L66P,1,1
-8.347,4.177,GGAAACCCTGTGTACT,A365Q,1,1
-8.347,4.177,GGATACGTATACCCCC,Q434K D487G,2,2
-8.347,4.177,GGTATGCGTGCACAAC,V88M S422F,2,2
-8.347,4.177,GTATAGCGTGGCAATA,V102P N498H,2,2
-8.347,4.177,GTGATCCACCCGCAAC,N433D,1,1
-8.347,4.177,TAACTCTTGTACTACC,S266W C277A,2,2
-8.347,4.177,TAATACAAAGCAAATC,G263S E432K,2,3
-8.347,4.177,TAGCGTCAATCTCATA,T248E,1,1
-8.347,4.177,TATAAAGTAAAGTTAA,P99I V413G,2,2
-8.347,4.177,TATTCTAGTCCTAGCA,W127G,1,1
-8.347,4.177,TCAAACCAAAATCGAA,D175Y A272V C277V R321G,4,4
-8.347,4.177,TCCAAATCAACCTAGA,E396K,1,2
-8.347,4.177,TCCCAAACAACGAATG,G72Y,1,1
-8.347,4.177,TCCCTCAAAGGCAAAA,C76F K472N,2,2
-8.347,4.177,TTAATAATACAAATCG,L42F,1,1
-8.347,4.177,TTACATATAAATTATC,G319R,1,1
-8.347,4.177,TTAGAATAAGGCAGAC,I214L A317V,2,3
-8.347,4.177,TTGAAAGACAGAAGTT,R492G,1,1
-8.347,4.177,TTGAACGCAATAATGT,K315D,1,1
-8.347,4.177,TTGATATACTCTGGGC,G240M G465C,2,2
-8.347,4.177,TTTATACCGAATAGTT,F332K A373T,2,2
-8.347,4.177,TTTCAACTTTTACACC,E340W,1,1
-8.347,4.177,TTTCCTATATACCAAC,W127S,1,1
-8.347,4.177,TTTTCTCTCCAATACT,F148V,1,1
-8.348,0.4641,AACGTTAGGACGCCTA,N458D,1,1
-8.349,0.8354,CCTAAAAGAAATCACA,G72E I274G E403K,3,4
-8.351,1.392,AAGACCTAACATTGAA,G72H,1,1
-8.351,1.392,AATCCAGTAATACTTT,A69D,1,1
-8.351,1.392,AATTACTAAAATCTTT,A425P,1,1
-8.351,1.392,CTAATTTCTTATAAGT,A334K,1,1
-8.351,1.392,GAAGCATACTGACTAG,A272V R329H,2,2
-8.351,1.392,GCGCACGAGCAACAAT,F500P,1,1
-8.351,1.392,GGGAAAAAAAATAGCC,P185W,1,1
-8.351,1.392,TCTGTAAGTAAACATT,A495I,1,1
-8.352,0.4641,CTCCACATAAAGTTTG,H471E,1,2
-8.354,1.392,GGCATAACTTACACCC,L151P Q295L,2,2
-8.354,1.392,TCGAAATTGTCGTCTA,V309I W343*,2,2
-8.354,1.392,TCTTCTAAATTAGATC,S47G W350G,2,2
-8.355,0.4641,TGATTAAAAAAAAATT,Q44I S422R,2,2
-8.355,0.8354,TGCTGAGGTACAAATT,A11T Q80R H471Y,3,3
-8.357,1.392,AAGAGTAGGTGATCCC,W180N,1,1
-8.357,1.392,AATTTGAGAATCCAGC,S136P S312L,2,2
-8.357,1.392,ACAATCGAGTTATCAA,S9I L151T G386E E398K,4,4
-8.357,1.392,ACTGATTCACCCGCAG,E41H N382K,2,3
-8.357,1.392,CAGCAATTGCATGCTT,S228G R229Y,2,2
-8.357,1.392,CTCACAAGCATCCAAA,I245R,1,1
-8.357,1.392,CTCCACTCAACTAAGA,V204L G256D,2,2
-8.357,1.392,GCAAGCATTAATAGGT,L455T,1,1
-8.357,1.392,TTCAGTTCGTAAGCCA,D241K,1,1
-8.357,4.177,AAAAACCTACTTAAAA,S270Q,1,1
-8.357,4.177,AAATAAGAAGAACATT,N8C W343L,2,2
-8.357,4.177,AAATCAGACCTAACAT,I331Q,1,1
-8.357,4.177,AAATGATACCAATATT,G319I,1,1
-8.357,4.177,AATAACATAGCTACAA,R150E,1,1
-8.357,4.177,AATAACCAATGTAACT,L243R,1,1
-8.357,4.177,AATAATAATCCAAGAA,G286W,1,1
-8.357,4.177,AATACGAACCTCTATT,E123C,1,1
-8.357,4.177,AATAGAAATAGATTAG,N458C,1,1
-8.357,4.177,AATTCCAAGCAACGCA,N458A,1,1
-8.357,4.177,ACAAATTCTATAATTA,I226S,1,1
-8.357,4.177,ACAAGAACTCAACGTC,L13E G134D,2,2
-8.357,4.177,ACATATGTAACGAGTG,R90D,1,1
-8.357,4.177,ACATGATGACATATGT,W84E P284A R321V,3,3
-8.357,4.177,ACCAAAACAATCACGA,A113V,1,1
-8.357,4.177,ACTAGTGAAAAGATTC,S422F,1,1
-8.357,4.177,ACTCCAACTCTTGCAG,T117I L420Y,2,2
-8.357,4.177,ACTCTGTCTTCGTAAA,A163I L177P R321K,3,3
-8.357,4.177,AGCCGACAAACAAACC,N458G,1,1
-8.357,4.177,AGTTGATAACCCAGTC,Y233L W234S E398K,3,3
-8.357,4.177,ATAAAAACAGTACGGA,G319T,1,1
-8.357,4.177,ATATCGAAAACTAAGA,R354D,1,2
-8.357,4.177,ATCATATACACAACAT,G240Y D366L,2,2
-8.357,4.177,ATTATTTAATCTCTAA,G465P,1,1
-8.357,4.177,ATTCCCCTCTAATAGA,Q434Y,1,1
-8.357,4.177,CAACATACAAATATAT,A336C,1,1
-8.357,4.177,CACTATTCAGCCGCCG,Q363P,1,1
-8.357,4.177,CATGAGGGCGCACTCC,S137W T370V,2,2
-8.357,4.177,CGACACCCAATGCGAT,E35* E484K,2,2
-8.357,4.177,CTTATAAAACTTATAC,G319D,1,1
-8.357,4.177,CTTATCCAATTACTGA,C97Y V102M E390V E398K,4,4
-8.357,4.177,GAAGCCTAATTTTAGA,H183K N424H,2,2
-8.357,4.177,GAATCAGGCTTGTGTG,E89W,1,1
-8.357,4.177,GACAACAATGCGCTTA,S193R C477H,2,2
-8.357,4.177,GATTAGCAGTCCCACC,V26P P74S Q454G,3,4
-8.357,4.177,GCCGCTAGGTAGGTTC,L15Y,1,1
-8.357,4.177,GGAATATCAAAAAATA,T440V,1,2
-8.357,4.177,GGTTAAAATCCGAGAA,D101K D419Y,2,2
-8.357,4.177,GTACAGGTCCTTAAAA,A163D C281M,2,2
-8.357,4.177,GTATTGTTCTATTACA,E359P,1,1
-8.357,4.177,GTATTTGGCCGAAAGC,K452D,1,1
-8.357,4.177,GTTGTTCAGATCGATT,T370F,1,1
-8.357,4.177,TAACCTAGAAATCCTG,W127C,1,1
-8.357,4.177,TACGTCGTCTTATTTT,G349C,1,1
-8.357,4.177,TATAATTTAAACGAGA,T416K,1,1
-8.357,4.177,TATGTGGTCCTAAAAC,N250V E398K,2,2
-8.357,4.177,TATTATAGATCAAGAT,G23C I385R,2,2
-8.357,4.177,TGATGACGCTGTCGCC,L108S,1,1
-8.357,4.177,TGTTAGAGTTATTAAT,S422Q,1,1
-8.357,4.177,TTGGTATATGAATCTT,L42Y,1,1
-8.357,4.177,TTTAAATAATGTCCAT,M320Y,1,1
-8.357,4.177,TTTAATCTTGAATCTA,R329S,1,1
-8.357,4.177,TTTAGCAGACTAATAC,G303T,1,1
-8.357,4.177,TTTCGTTATTAACTAC,K310P E398K,2,2
-8.358,0.3797,AATACCCTCCGCAACA,Y423E,1,1
-8.359,0.5967,GCAATTATCCTCAAAG,G360L,1,1
-8.359,0.8354,CTAATACAGATGCAAA,A317T,1,1
-8.36,0.4641,TCCCAGAAGTTTCCGG,H393P G465V,2,2
-8.36,0.5967,GGTATTCCGGCTCTAC,N152G,1,1
-8.361,1.392,ACTACAAGGTACAGAC,Y351C,1,1
-8.361,1.392,TATATTTTCCCCTGGA,G240V,1,1
-8.361,1.392,TCCGCCGTCCATTAGG,G116Y,1,1
-8.361,1.392,TGACTGATAAAAGTAA,P74L,1,1
-8.361,1.392,TGATTATTTAAAAGAA,M320S,1,1
-8.361,0.8354,ATGCAGTTAAGGCTCT,A336Y,1,1
-8.363,0.8354,AACATAAAATCACAAC,T28L P284L K387L K391C F399S,5,5
-8.363,0.8354,TCCTGACAACAATAGC,I245Q,1,1
-8.364,1.392,AATCCAGATTTTATAT,D241R C477S,2,2
-8.364,1.392,AATGATATAAAATTGA,L108E,1,1
-8.364,1.392,ACACTCTATGCTCCTA,G16D,1,1
-8.364,1.392,ACTCAAGGCCTCCTTT,Y486M,1,1
-8.364,1.392,GCAACCCGTCCACTTC,A39K,1,1
-8.364,1.392,GCGGCAAAAATAAATA,V237W,1,1
-8.364,1.392,TTCACTAAAATTAATA,L244V A364D,2,2
-8.366,0.4641,TTTGGCTAACCCGTTT,D7E E398K E426V,3,4
-8.367,4.177,AAACAGCAAAGCAAAG,W84*,1,1
-8.367,0.8354,AAAGTATAAGACCTTA,A19C T206K,2,2
-8.367,4.177,AACACGCTTAAACCAT,K176Q,1,1
-8.367,4.177,AACCTATAAAAATACA,A317E,1,1
-8.367,4.177,AAGCTCTAGCACCAAA,H355R,1,2
-8.367,4.177,AATAACAAACAAACGT,G352S,1,1
-8.367,4.177,AATTCATTTGAAAAGC,G142E E340T,2,2
-8.367,4.177,ACAAATGACCTTTTCA,A113W,1,1
-8.367,4.177,ACAAATTACCGACCTA,V413A T416- K417-,3,3
-8.367,4.177,ACAATCCAGCTTCATT,S270E,1,1
-8.367,1.392,ACATTTTCGAAACAAT,N170D,1,1
-8.367,4.177,AGAAGTGAAAAATTCG,G465D,1,1
-8.367,1.392,AGACCAGGTATTTCGA,G286M,1,1
-8.367,4.177,AGTTTAAAAATCATCA,L177P I385V,2,2
-8.367,4.177,ATAAAGACCATTTAAA,K387N D408Y S422N R492D,4,4
-8.367,4.177,ATATCTATAAAAAATT,K2Q R299F,2,3
-8.367,4.177,ATCAGAAGAAAATTTA,F332A,1,1
-8.367,4.177,ATGAACTTAGGTTAAG,C466Y,1,1
-8.367,4.177,ATGGTTTCACCTGTCC,Y100P F332S E426K,3,3
-8.367,4.177,CAAAAAATTAAATTAG,V204R,1,1
-8.367,4.177,CAACTCGTCTTGAGCC,I34K,1,2
-8.367,4.177,CATACAAATCTATGAA,A336K,1,1
-8.367,0.5967,CCCCAGATAAAAGAAG,W153D,1,1
-8.367,4.177,CCGAGGTCCCATAGCT,A253R,1,1
-8.367,4.177,CGAAAAATAATATGCA,G61C,1,1
-8.367,4.177,CGAACATTACACCGTT,Q295K,1,1
-8.367,4.177,CGTGTAAGTTTAAATT,H471F,1,1
-8.367,4.177,CTAAAGTCACAAGAGA,F338S,1,1
-8.367,4.177,CTCACACTATGCTAAT,N6H A317T,2,2
-8.367,4.177,CTCGGACTTTGTATCA,R456D,1,1
-8.367,4.177,CTGGAACGAAGACCTA,G23H,1,1
-8.367,4.177,CTTACGGCACCATTAT,G62K A272T C277H L384A,4,4
-8.367,4.177,GAAACTTGTGTCAATA,L409P K453L,2,2
-8.367,4.177,GAAGGAGGAAGAATAC,L108T,1,1
-8.367,4.177,GCAAACTTTCAAAATC,C64M,1,1
-8.367,4.177,GCCGTCCACATACATG,S209N I252D,2,2
-8.367,4.177,GGAAGCGACATCGTAA,V112Y K292N N424I,3,3
-8.367,4.177,GGATCTACCCCCCAAA,V102K,1,1
-8.367,4.177,GGATTTCAATCCTGAA,L108P H488I,2,2
-8.367,4.177,GTATCTCTCGAACTGG,E89T,1,1
-8.367,4.177,TAAAAACATCTCGAGA,C139Y G142V,2,3
-8.367,4.177,TAAAAAGAATCTGTTG,T30I Y98N,2,2
-8.367,4.177,TACCATTTATACGTGA,S137P,1,1
-8.367,4.177,TACTTTTACACGTCAC,V26F L177H K391I,3,3
-8.367,1.392,TATTAGACTCAAATGC,A113Y,1,1
-8.367,4.177,TCAAATACATTAAACC,I481S,1,1
-8.367,4.177,TCAATCACTACAATAT,I67V T117P T313S,3,3
-8.367,4.177,TCAATCTAGTCATCTC,G78C M444A,2,2
-8.367,4.177,TCGAATTTAATAAACC,L59V L151T,2,2
-8.367,4.177,TCTATCACGATATACA,S136Y,1,1
-8.367,4.177,TCTATTTTTACTATCC,M320Y Q363T,2,2
-8.367,4.177,TGATATCTGAGCTAAT,V102A N152C R456F,3,3
-8.367,4.177,TGTAAAAAAACCCAAA,G62R P293S,2,3
-8.367,4.177,TGTGGATTCATCAGGT,C52H,1,1
-8.367,4.177,TTAAGCATACGCAAAG,M346A,1,1
-8.367,4.177,TTTATGTATCACCATC,Y470N,1,1
-8.371,1.392,AAAAATTACACCCTAC,F147P,1,1
-8.371,1.392,AAAATGAATCTTCCAA,E123G,1,1
-8.371,1.392,ACTGTTGTCGACATCC,L66P K503P,2,2
-8.371,1.392,GCTGGCCCACTACCGT,S205C M444S,2,2
-8.371,0.8354,TGACACATTAATCCAC,I288E,1,1
-8.374,1.392,AGCTAATCAAACAGGA,L243S E398K E443I,3,4
-8.374,1.392,CAATCGGATTTGTAAT,T37H A459D,2,2
-8.374,1.392,CACAATAAGAATAGGA,T235W,1,1
-8.374,1.392,CATTTATATCGCACAA,Y486V,1,1
-8.374,1.392,GCGTTAACTACCGATG,W153Y V429L,2,2
-8.374,0.4641,GCTGATTATTTGCCAT,A336L,1,1
-8.374,1.392,TCAAAACCTTCAGTTT,F500P,1,1
-8.374,1.392,TGAACCAGTGACGGCC,E340K E432K K453V,3,5
-8.374,1.392,TGCACGCGGTAGATTC,L177P C281Y N389Y,3,3
-8.375,0.3797,GCGACATCACTAACTG,E340K,1,1
-8.375,0.8354,CTCCAATATTTTATTT,S146I,1,1
-8.375,0.8354,TCTTTCCAACTCAGAT,G72R,1,1
-8.377,4.177,AAAAAACGCTAATGAC,E344K K452C,2,3
-8.377,4.177,AAAGTTAACAAGATTA,I502Y,1,1
-8.377,1.392,AACACCGACCTCGCAA,G333F,1,1
-8.377,4.177,AACAGAACTTGTTACG,C277V L384S E390G E396L,4,4
-8.377,4.177,AACTAAAAACATAAAT,E41A,1,1
-8.377,4.177,ACACCTGCATAACTAA,W153N,1,1
-8.377,4.177,ACATAATAGTACCATT,S480P,1,1
-8.377,4.177,ACATCTAAAGCTATAA,T37N,1,1
-8.377,4.177,ACCAACCAACAGGAAC,I179Y,1,1
-8.377,4.177,ACGACTCGCAATGTTC,D68W,1,1
-8.377,4.177,AGCACGATAAGAAATA,L314Q,1,1
-8.377,4.177,AGCATTGTCCGAGACC,F258A E390K,2,2
-8.377,1.392,AGCGTATGAGCAAACC,Q454M R492Q,2,2
-8.377,1.392,AGGTCCAGCATTACTC,R255K A425Q,2,2
-8.377,1.392,AGGTGATTATCAGCCA,T37W,1,1
-8.377,4.177,ATAAAAATTCCTGATA,N250I,1,1
-8.377,4.177,ATCCAATTACCACCAA,P99K,1,1
-8.377,4.177,ATCCTTAACAACTTTT,I502N,1,1
-8.377,4.177,ATGAACGCCATGTTGA,C52P G379D Q501G,3,3
-8.377,4.177,ATGTCTACTAAATAAA,F353M,1,1
-8.377,4.177,CAAAAATATCAGTTAA,T135C S270F,2,2
-8.377,4.177,CAAGGGAGCACCATTA,V166L F467S,2,2
-8.377,4.177,CACAAGGATCATTAAC,T187P,1,1
-8.377,4.177,CAGAAGCATTCCCCTA,K140T W343L,2,2
-8.377,4.177,CCACAGGCGAACATCA,I252T,1,1
-8.377,4.177,CCGCCCAACGGCACAC,R33K T436L,2,2
-8.377,4.177,CGATAGGAGTGTTACT,T328A G342Y,2,2
-8.377,4.177,CTAAGATAGCAAGCAA,S369E,1,1
-8.377,4.177,CTCACAGAGTCTATTT,L13R,1,1
-8.377,4.177,CTGCTGGAAATAATGA,G337H,1,1
-8.377,4.177,CTTAACGAAAACAAAA,T40G Y491W,2,3
-8.377,4.177,CTTGGTAAAACATCGA,P99W,1,1
-8.377,4.177,CTTTAGAGATCTAACG,L86Q,1,1
-8.377,4.177,GAAACCCCAGAGTCAA,L367T R482N,2,2
-8.377,4.177,GAAACTTGCTCCCCTT,T313H G345D,2,2
-8.377,4.177,GACGACTAACGCAACC,A317G,1,2
-8.377,1.392,GACGCAACATACACAT,T203V,1,1
-8.377,4.177,GACTACAGATATTGAC,C97I,1,1
-8.377,4.177,GAGCTCACAACCTACT,V429E,1,1
-8.377,4.177,GATTCCCCACGTTATC,G61I,1,1
-8.377,4.177,GCCCAAATCGAAGCAC,I230W,1,1
-8.377,4.177,GCGCCCAAGCAGAAGT,A336E,1,1
-8.377,4.177,GGACTCATGAACCTGA,Y257V,1,1
-8.377,4.177,GGCAAAATAACCACGG,Y486N,1,1
-8.377,4.177,GGTTTACTTTAGTCAG,C281Y K292W E325G,3,4
-8.377,4.177,GTAGTACAACATACAG,R92Q R492L,2,2
-8.377,4.177,GTATTTTAGGAGAAAA,V20E S422N G465R,3,3
-8.377,4.177,GTTACCAAAAAGTAAA,F148Y P284W,2,2
-8.377,4.177,GTTATACCACTAACCA,E359T,1,1
-8.377,4.177,GTTTACCCTCAAAACG,G256I,1,1
-8.377,0.8354,TAAAAAAATTTCAACA,R492S,1,1
-8.377,4.177,TAAAATGGTTCGGACT,I335Y,1,1
-8.377,4.177,TAATCAAACCACAAAG,L409R,1,1
-8.377,4.177,TATGACACGGATGCTA,F258R S422N,2,2
-8.377,4.177,TATTCGAATCCTTACA,,0,0
-8.377,4.177,TATTCTCGCAGAGGAA,R150G N159S I160V N165S K171E K176G T187A K189R N190S Q197R T206A N216S I242M N246S I260V K315R N322S Q327R R329G M346V K368R K380R K387R N389D E403I K411E Y412C T416A K417G Y423C N433S H435R K446R K452G Y491C,35,40
-8.377,1.392,TCACACAAATGGCCGC,N357D,1,1
-8.377,4.177,TTAAACTGTCATGGGG,G337T,1,1
-8.377,4.177,TTAACAACGAGTATAA,W127N,1,1
-8.377,4.177,TTAGTAAAGGATCCTT,D438R,1,1
-8.377,4.177,TTATCTAAGGTCGCTA,A317D K368M,2,2
-8.377,4.177,TTCCCGAAAGTACTGA,T451W,1,2
-8.379,0.8354,GTCCTTCAGTCCAAGC,G349Y,1,1
-8.379,0.8354,TACAGACAAGAAAAGA,E41R C466Y,2,2
-8.381,1.392,AAGTTTTTATTCCATA,N250I,1,2
-8.381,1.392,AATATACTCTTTTCGT,M268E,1,1
-8.381,1.392,AATTCGAATGATTTTA,M168T H471Q,2,2
-8.381,0.4641,ACCCACACTGAATAAT,I481Y,1,1
-8.381,1.392,CAACACAACAGTAACA,C52V,1,1
-8.381,1.392,CCAACTTCCTAGCCAT,D241Y,1,1
-8.381,1.392,CCATTCTGTTTAACTA,G360Q,1,2
-8.381,1.392,GCTCCATACTGAATCA,T451Q,1,1
-8.381,1.392,TATCGGATCACGTGTA,W180C,1,1
-8.381,1.392,TTATCAATCTTTAACT,C97R,1,1
-8.381,0.8354,AACCATCTGCAAGCTA,S270N D408N,2,2
-8.383,0.8354,TGACACCAATGAACAA,P185H,1,1
-8.384,1.392,AACAATTTCTGCTCAA,W180R,1,1
-8.384,1.392,ATGGAGTAGAGTTCTT,G240C T436P,2,2
-8.384,1.392,CACAGAGCCCAAAAAT,G345E E390K,2,2
-8.384,1.392,CACATAGACAAAAAAA,D32L D348N E443K,3,3
-8.384,0.4641,TACATAGCTAACAAAA,V223R E344K,2,3
-8.384,0.5967,TACAAATACAAAGCCC,D85K Q407*,2,4
-8.385,0.8354,ACCATTAACATAATCG,A365W,1,1
-8.385,0.8354,ATCTGAACCCACATAC,P55T L316D,2,2
-8.386,0.5967,AAGACTTAAGTTAAAC,A253H,1,1
-8.386,0.5967,GTAGATATATTTATTT,N250R,1,1
-8.387,4.177,AAACATATAATATTTC,Y491A,1,1
-8.387,4.177,AAAGCAATTTTAAAAT,I478R,1,1
-8.387,4.177,AAATTGTGCAAGCCTC,G249P S442R,2,2
-8.387,4.177,AACAACAGTAACTTTT,S46G A495Q,2,2
-8.387,4.177,AACATCATATACTGAG,M320T,1,1
-8.387,4.177,AACGGATGAAAACGAA,L314Y W421*,2,2
-8.387,4.177,AAGAGTTTATATACAA,G342I,1,1
-8.387,4.177,AATAACATAAGTTAGA,A459V,1,1
-8.387,4.177,AATAGTTAACAATTAA,E123M,1,1
-8.387,4.177,AATGATATAAAACGAA,W84P,1,1
-8.387,4.177,ACACGTAATCACAAGT,S219G P284H,2,2
-8.387,4.177,ACATAATAAAAGGTGA,P185H A317T,2,2
-8.387,4.177,ACATCGAGCGATGAAA,,0,0
-8.387,4.177,ACCAACGGTATCAAAT,C64K P324S,2,2
-8.387,4.177,ACCATAATCACGACGA,Q356P,1,1
-8.387,4.177,ACCATGAAACGATAAA,I58Y,1,1
-8.387,4.177,ACCTGCACGAACCACA,D461A,1,1
-8.387,4.177,ACGCTCACTAAAAAAG,S422P,1,1
-8.387,4.177,AGGGCTGCAATAAAAG,Y178W D438N,2,2
-8.387,4.177,AGGGTAAAAATATCAA,A19E,1,1
-8.387,4.177,ATAACCCACCATCCTG,I377K,1,1
-8.387,1.392,ATGAATAAACACGTTA,C466V,1,1
-8.387,1.392,ATGACAATAAATAGCT,V88Q,1,1
-8.387,4.177,ATGCCCACAGACACCA,I51H,1,2
-8.387,4.177,ATGTCCATCTTGTTGT,Y351W,1,1
-8.387,1.392,ATTAACAGTAACCACA,I481M,1,1
-8.387,4.177,CAAATCCCTGCTTAGT,L431R,1,1
-8.387,4.177,CAACATCAACTTAACC,N433Y,1,1
-8.387,1.392,CACGTTTCCAACATCA,M320V,1,2
-8.387,4.177,CAGCTGAAAAGTGCGT,F258R K264N,2,2
-8.387,4.177,CAGTGTCAAAGAACGA,P227K S358R D487Y,3,3
-8.387,4.177,CATAAATAAGTACGCG,Y98P,1,1
-8.387,4.177,CATCAACATTAACTAA,S136C V406L,2,2
-8.387,4.177,CATGAACCCAATCTGA,K292D,1,1
-8.387,4.177,CATTACCGACACCAGG,F338H,1,1
-8.387,4.177,CCCGGCAATAATGTAA,R329D,1,1
-8.387,4.177,CCTGCTGTATAATAGC,S262W D271Y,2,2
-8.387,4.177,CGAACTTCACATCCAA,I232H,1,1
-8.387,4.177,CGAGCGAAACCCAATA,H17R E432A,2,2
-8.387,4.177,CGCAAGTAACAATTCA,D7*,1,1
-8.387,1.392,CTAAACTGGTAACTTC,W421H,1,3
-8.387,4.177,CTGATATAGGTAATAT,Y98F,1,1
-8.387,4.177,GAAACCTAACATGCAA,K315E,1,1
-8.387,4.177,GAAAGAAGTGGCCCGC,L243R,1,1
-8.387,4.177,GAATAGTTTCCAACAT,C305Q,1,1
-8.387,4.177,GCATATGAATCTTTTA,R329S,1,1
-8.387,4.177,GCCCATACAAAGTTCC,R33L A373H,2,3
-8.387,4.177,GCTCACAATTAATGCT,T370Q,1,1
-8.387,4.177,GCTCCACCTGATTCGG,K453E,1,1
-8.387,4.177,GGATACTCTAGACTTT,Y351L,1,1
-8.387,4.177,GTTTGTAAAGGAGTCA,C64S F87L Q211V R255K,4,4
-8.387,1.392,TAAAACAATCTAGTAA,S46Y P215S G337A,3,3
-8.387,4.177,TAACTTACACGGGAAG,R90M,1,1
-8.387,4.177,TAGATAAGCTTCATAG,N433V,1,1
-8.387,4.177,TCAATACCGATACTTG,F192S,1,1
-8.387,4.177,TCAATAGGCCTCTAGA,M346D,1,1
-8.387,1.392,TCAGACATCATCACAC,I478E,1,1
-8.387,4.177,TCCAAGAGACCTAAAA,A138P,1,1
-8.387,4.177,TCGCTCAGTACCCCCC,N458P,1,1
-8.387,4.177,TGACGGTTATACAGCG,G330D D415L,2,2
-8.387,4.177,TGCCTAAAGTCTAACC,A334N,1,2
-8.387,4.177,TGCCTGCCAAGAACAT,W127Q T203Q,2,2
-8.387,4.177,TGTAAACCAATGAAGC,G319C,1,1
-8.387,4.177,TGTAGCCAACTTATAA,A334E,1,1
-8.39,1.392,ACATCTCCACATCTCT,F120K,1,2
-8.39,1.392,GAACTCACATCCGTTA,N298L R492S,2,2
-8.391,0.5967,CCCAACAATGAATTTT,I437D,1,1
-8.393,0.5967,AGCAGCGCAACTACAA,R92L Q191V,2,2
-8.393,0.5967,CTTACATCGCATACAC,A113H,1,1
-8.393,0.5967,CTTTAATTTATTCACG,L243R G504A,2,3
-8.393,0.5967,TTATTACCATACATGG,A11G G275R,2,2
-8.393,0.8354,AATGAACGTTTTTCAA,L177N,1,1
-8.394,1.392,AGTTATTGAAAACCGG,M346A,1,1
-8.394,1.392,ATGTCGGTTATCCGCC,S228N G240I P324L,3,3
-8.394,1.392,CGAAATGTTAAATCAT,L409R,1,2
-8.394,1.392,TAGCACAAGAATAGAA,L108P Y308L,2,2
-8.394,1.392,TATACTGAATCACTTA,N433S,1,1
-8.394,1.392,TCTCCAATTAACTTGA,R208G I267L L447W,3,3
-8.395,0.8354,GCAGATTCGCAAGAAT,S287L,1,1
-8.395,0.3213,ACCCGACAGCTAATAG,I202P G349R,2,2
-8.397,4.177,AAATGATACCTACTTA,R33*,1,1
-8.397,4.177,AACACGAACGAGTACC,R499D,1,1
-8.397,4.177,ACCAAAACCAAGTATA,A69K,1,1
-8.397,1.392,ACCAGTTATTTAGATA,D225H G337C,2,2
-8.397,4.177,ACCGCGAGCCGGACCT,S422L,1,1
-8.397,4.177,ACCTAATGTAAGCAAT,S193E,1,1
-8.397,4.177,AGAAGTTAGAATTAAT,T248Q E325K,2,2
-8.397,4.177,AGATATCGAACTTCTA,I288A G465D,2,2
-8.397,4.177,AGTCAAACAACCTATG,I481M,1,1
-8.397,4.177,AGTGCCAAGGACTTCT,G342C,1,1
-8.397,1.392,AGTTTAGTACCAAGGG,F294Q,1,1
-8.397,4.177,ATAAAACGATATCTAA,T235N D241I,2,2
-8.397,4.177,CACCATGTTCAGACTA,I339H I418Y,2,2
-8.397,4.177,CAGAGTATGACCGCCG,M320D,1,1
-8.397,4.177,CATACTTGGCGCACGA,M346W A372I,2,2
-8.397,4.177,CATGTCTATCCTATTA,I230H N483W,2,2
-8.397,4.177,CCAGCTTATAACCCGC,I502H,1,2
-8.397,4.177,CCCCAAGTTCCAGATA,P254G L431Q,2,2
-8.397,4.177,CCCCACCGTAGTCAAA,C52S,1,1
-8.397,4.177,CCTCTTAACATACGAC,R90K P99K G275E T301I,4,4
-8.397,4.177,CCTGTTAACCATCATA,P239A A373D K397E,3,3
-8.397,4.177,CGAAAACCGCGGTGGC,C305M,1,1
-8.397,4.177,CGACTATAAAATAAAG,I288E,1,1
-8.397,4.177,CTAGAAAAATAGTATA,F120S Q191Y G349R,3,3
-8.397,4.177,CTCAAGACCTAGGCGA,E89M,1,1
-8.397,4.177,CTGATAATAAAATTCT,I232W,1,1
-8.397,1.392,CTTAAATTGGATTCGG,G319V,1,1
-8.397,4.177,GAAAAAAGCTACGCAA,A253T,1,1
-8.397,4.177,GAATTAAATGAACTAT,F448P,1,1
-8.397,4.177,GATTTAAGATTTATAC,V88G,1,1
-8.397,4.177,GCAACAATTACCCAAA,S96P S287W,2,2
-8.397,1.392,GCTAGATAAATTAATG,L108A K453H,2,2
-8.397,4.177,GCTATGACCCTCTCCA,W84L,1,1
-8.397,4.177,GGATCTAAGATTAAAA,G72I,1,1
-8.397,4.177,GTATAAAATACTAGTC,G345Y,1,1
-8.397,4.177,TAAAAACAGACTATTC,R109D S146D,2,2
-8.397,4.177,TAAAACTTATACAAGA,V130G,1,1
-8.397,4.177,TAATTAACATCACACT,A11H W180P A373T,3,3
-8.397,4.177,TCCACTAAAGTAGGAA,D186F,1,1
-8.397,4.177,TCGTCGTAAAAGAACA,L316R,1,1
-8.397,4.177,TCTTCAAACATCGAAA,V213F W234V,2,2
-8.397,4.177,TGAATCGACAATCTAA,C97A,1,2
-8.397,4.177,TGTACCTTCAGTATAT,G349H,1,1
-8.397,4.177,TTGACTGTTATATAGC,H355K,1,1
-8.397,4.177,TTTCCTACCTTATCAA,L243K,1,1
-8.399,0.3797,TTGACGTATTAAGTTG,I502P,1,1
-8.4,0.5967,TGCACCCATGATTGTC,Q434I,1,1
-8.4,0.4641,ACCTACCGCGACAAAT,S247K R492W,2,2
-8.4,1.392,CAAGCCCTAAACTAAC,I252N,1,1
-8.4,1.392,CCATTCATAAATATCA,G337Q,1,2
-8.4,1.392,GAAGATGGATCAGTAG,G116K,1,1
-8.4,1.392,TGCAAACACTAAATTT,G362A E432K,2,2
-8.4,1.392,TTAATTATACTAACTA,R261Q E340K,2,2
-8.402,0.5967,CGACAGCCCTCAAAAT,N322C,1,1
-8.403,0.8353,ATAACTCCCAAGATTA,L420G,1,1
-8.403,1.392,GTAAATATATAAAAAA,H17Y D68G,2,2
-8.403,1.392,TAAAGTTTTTACCATA,G303C,1,1
-8.404,0.5967,AGAATGAACAACAATC,I236E A495G,2,2
-8.404,0.5967,CCAAGTCTTCTTCACC,Y470T,1,1
-8.404,0.2784,ACTGTACCCCCCCTAA,F120T,1,1
-8.405,0.8353,CAAAACAAGTAAAAAC,K176D,1,1
-8.405,0.8353,GACAAATGCACAGTCC,H17P S145N,2,2
-8.405,0.5967,TTGATTCATATAGTTC,C64Y P221L,2,2
-8.406,1.392,AAAAAAACTATTTCTT,G465W,1,1
-8.406,4.177,AAAAATTACATCGGCG,K171L W180L,2,2
-8.406,4.177,AAAAATTGCCAGTACA,N152M,1,1
-8.406,4.177,AAACAATCATATATGT,Q132L I232Q,2,2
-8.406,4.177,AAAGCCTACCTAGGAC,I179Y,1,2
-8.406,4.177,AAATGAACACCATACA,P55C L420C L427M,3,3
-8.406,1.392,AACAAATTTCTTATAG,L243R,1,1
-8.406,0.5967,AACCAAGAAGTGGAAC,N53P C97H Y423L,3,3
-8.406,4.177,AACGAGCTATTCAAAC,S136R T203V,2,2
-8.406,4.177,AACGGATAACATAATT,I48D F332W,2,2
-8.406,4.177,AAGGTATGAGACGCCC,G349P,1,1
-8.406,4.177,AATATGTCCGCTCCCC,F258G,1,1
-8.406,4.177,AATTTATTTGCAACAA,L409P,1,1
-8.406,4.177,ACCAAAGCCTTTGAAA,E89Q,1,1
-8.406,1.392,ACCATACAACATACAA,G286Y E460G,2,2
-8.406,4.177,ACGATTTAAGAACTAT,H355A,1,1
-8.406,4.177,ACGTAAACTTTTCAAA,G362C,1,1
-8.406,4.177,ACTAAACCTCCATCCA,C281Y,1,1
-8.406,4.177,ACTAATACTGTAATAC,N31P Y178Q,2,2
-8.406,4.177,AGCCGCTACCGATAAA,S228N,1,1
-8.406,1.392,AGCGCAATTCAAAATT,Q295D,1,1
-8.406,4.177,AGGCTATAAAGGTAAT,Y98C V297M,2,2
-8.406,4.177,AGTTTCCGCAGTACTT,G286M,1,1
-8.406,4.177,ATACCTACAAAAGCCC,C97S Y486T,2,2
-8.406,4.177,ATATCAATTTAAGACA,C305P,1,1
-8.406,4.177,ATATTTAGACAAGATC,N170L D348N K387L,3,3
-8.406,4.177,ATCTTAATCCACCAAT,G16D F332L,2,2
-8.406,4.177,ATGAAGTACATAGTTA,F353T,1,1
-8.406,4.177,ATGCAGTTTTTCTCCA,I226H R261W,2,2
-8.406,4.177,ATTAAATTGAAATTGA,L108H,1,1
-8.406,4.177,CAAAAACTAAACGAAG,D419M,1,1
-8.406,4.177,CACACTCAAGTTTGTA,G360F,1,1
-8.406,4.177,CACCAATAAAACAATT,G362L,1,1
-8.406,4.177,CACGCAGAATCCTTGT,A69M G345K,2,2
-8.406,1.392,CACTATAAGTCTTGAA,W127E,1,1
-8.406,4.177,CAGTAAACTCAACACT,T117P,1,1
-8.406,4.177,CCACCCCTCTAACTAA,P306C D441N,2,2
-8.406,4.177,CCCTTTATGCAAGACC,F500E,1,1
-8.406,4.177,CGCCTAAACTTAATAA,V204D E390V,2,3
-8.406,1.392,CGGACAGCCTCATCAA,N250W,1,1
-8.406,4.177,CGGCTCTATATATTGT,C52A S156R,2,2
-8.406,4.177,CGGGTCAATCACCAAA,C305K,1,1
-8.406,4.177,CGTCATCCGGCGTCAT,W350L,1,1
-8.406,4.177,CTAATTTACACGCACT,N322E,1,1
-8.406,4.177,CTAGTAAACCAAGTTT,T328C R329K G342S,3,3
-8.406,4.177,CTCAAAAGAACCTGCA,C14Y,1,1
-8.406,4.177,CTCAGCGATAGCGGAA,D60H G61C,2,2
-8.406,4.177,CTCTATTAATATCAAT,L455D,1,1
-8.406,4.177,CTTTAGCAAATCAACT,D438L,1,1
-8.406,0.5967,GAAACGCGCATTCGAA,C277F R321G,2,4
-8.406,4.177,GAATTTGCCCACCATA,D32C E35D,2,2
-8.406,4.177,GACTACCTACACAAAG,N357L,1,1
-8.406,4.177,GCAGCATACATTCGAT,G5H C97W,2,2
-8.406,4.177,GCATGTTGAATTCTGC,T37P,1,1
-8.406,1.392,GCATTCTCCCGAACGA,C97T,1,1
-8.406,4.177,GCCTATCGTCTTGATA,R109L,1,1
-8.406,4.177,GCGACGCCAATGCTTA,T10Q V406D,2,2
-8.406,4.177,GCGCTTGTCAAACCAG,L409P,1,1
-8.406,4.177,GGTTTCCCTAAGATCA,C64Q,1,1
-8.406,4.177,GTAACGAGTTACAAAT,N94L S480P,2,2
-8.406,4.177,GTACGAAAACATACAA,C64F,1,1
-8.406,4.177,GTATCGCTAACATCGC,L108P P254K,2,3
-8.406,4.177,GTGTTAATATACAGTC,G218V V309Y,2,2
-8.406,4.177,GTTAGGATAACTCGTT,G360W,1,1
-8.406,4.177,GTTATATAAGCTCTGG,I481K,1,1
-8.406,4.177,TAAAGTAATAAAAAGC,P99R,1,1
-8.406,4.177,TAATAAATCATAAGCA,W84H,1,1
-8.406,4.177,TACTGTTCACAACTCA,G116Y L367C R492K,3,3
-8.406,4.177,TATTAAGTGACTATTC,I58Y D175G,2,2
-8.406,4.177,TGATCATGTATGCTGC,G349M,1,2
-8.406,4.177,TGGAGTACATTTCACT,R33K E344K G345L G349E,4,5
-8.406,4.177,TTAATTAATAAAAAGC,P103G N424D,2,2
-8.406,4.177,TTACAACAAATATATA,G349V,1,1
-8.406,1.392,TTTAGAAGGAAAAAAA,L177T P284V E398G,3,3
-8.406,4.177,TTTTAGCGTTCACGTT,S193C,1,1
-8.406,4.177,TTTTTCGTTCCTTTAG,Y308K,1,1
-8.408,0.8353,GAAACAACCTGATACG,W127E,1,1
-8.409,0.5967,CGCCCATGTCGACACA,T248V,1,1
-8.41,1.392,GACCAAACCCCAATTT,A11Y,1,2
-8.41,1.392,GTTTTAGCTTTGGGGA,N298R,1,1
-8.41,1.392,TAAACAAGCAAACACA,N216- K326T,2,2
-8.41,0.8353,CAGAACGATATATGTA,C473V,1,1
-8.41,0.8353,CCAAGATCGAAAAATT,V88L I437W,2,2
-8.412,0.8353,TCAAATAATGGACCCA,K176F,1,1
-8.412,0.8353,TCAGAAGCGAACATCA,G72H,1,1
-8.412,0.8353,TGATCGAAAAAAAACG,I252R,1,2
-8.413,1.392,ACTAACCAAGATAGAA,I481K,1,1
-8.413,1.392,ATAACAAGGTACCGCC,D186L,1,1
-8.413,1.392,CAGTATCTAATGCACC,D85Y A495G,2,2
-8.413,1.392,CTATAACATGTTAAAG,V26Q G386T,2,2
-8.413,1.392,GAACCTAAGCACGACA,K259D,1,1
-8.413,1.392,GAAGGCCAATTCTAAA,C76I G200F,2,2
-8.413,1.392,GCCACTGATGAGTCGT,Y491C,1,1
-8.413,1.392,GTCGCGCACATCACAC,D68V V490P,2,2
-8.413,1.392,TACGGCATATAAATTA,V406L D419W,2,2
-8.413,1.392,TCAGAAAAGAACTTTG,W153N,1,1
-8.414,0.8353,GAGAGGATGCACAGTG,W343Q,1,1
-8.416,1.392,AAAAAAGTATTGAGTC,P239G G337V Q434T,3,3
-8.416,4.177,AAAAATAGATTCTACC,E35* L118H,2,2
-8.416,4.177,AAAAGGACAACGGGAC,I502F,1,1
-8.416,4.177,AAACAACCACGGGAAT,W343C,1,1
-8.416,0.8353,AAACATTGGTCCCGCT,L243S,1,1
-8.416,4.177,AAAGCAAATCAAATGC,Y233D,1,1
-8.416,4.177,AAAGCTTGAGATTACA,F258Q,1,1
-8.416,4.177,AACACATTATGGTGGT,K450M,1,1
-8.416,4.177,AACATTGAATAATCCC,C466G,1,1
-8.416,4.177,AACTTTCTTTCAAACT,F148T,1,1
-8.416,4.177,AAGCAGAACCAAAGAC,E35W E426S,2,2
-8.416,4.177,ACATAACCATTCTTAA,P254N,1,1
-8.416,4.177,ACATAAGAAACTGTTA,C466T,1,1
-8.416,4.177,ACGTTGCTGCACTAAA,T203P,1,1
-8.416,4.177,ACTAAAGTCCTCAAAA,D241N G362E,2,2
-8.416,4.177,AGACAAGTACAATTAA,H184Q A373D,2,2
-8.416,4.177,AGATTCTAAAGATATT,S115K G142E,2,2
-8.416,4.177,ATGTCAACGGAATTCC,I335E,1,1
-8.416,1.392,CCAGTTTTCACTATAA,G286R,1,1
-8.416,4.177,CCCACTACAATTTCAA,W153K,1,1
-8.416,4.177,CCGACTCTATTAAAGT,E403P,1,1
-8.416,4.177,CGCCGTCCCTACAAAA,N152Q,1,1
-8.416,4.177,CTCAGAGCAATCAACA,E432L Y470T,2,2
-8.416,4.177,CTCTGTGAATGTTCAA,Y351A,1,1
-8.416,4.177,CTTCATTTTTTCCATA,G256V,1,1
-8.416,4.177,GAAAATTCACAAGAAA,L314D,1,1
-8.416,4.177,GAAAGAACAAAAACCA,G337M,1,1
-8.416,4.177,GAAAGTTTGCGTACAA,H435D,1,2
-8.416,4.177,GCAAGACGAAAGCATA,I331K,1,1
-8.416,1.392,GCAATATAACTTATTC,P103C R492M,2,2
-8.416,4.177,GCTTTCTCCTTTAGTC,I385L C466Y,2,2
-8.416,4.177,GGGACCTTTGATTACA,N296H I481T,2,2
-8.416,4.177,GGTGAAAACTAAACCC,R90V Q407H,2,2
-8.416,4.177,GTCAAAATATAACTAT,S219R A364P,2,2
-8.416,4.177,GTCTAGCCTCCATCCA,W234T D419S,2,2
-8.416,4.177,TAAATTGAATATCTTT,I288P,1,1
-8.416,4.177,TAAGGTATTTACACCA,T37W,1,1
-8.416,4.177,TATATCGCGAATGCGA,W153*,1,1
-8.416,4.177,TCATACAAAATTGAAC,A336P,1,1
-8.416,4.177,TCCTCTAAAGTTCTAC,L70Q F258A D461N,3,3
-8.416,4.177,TGGGCATTACGCACCC,N53Q E325K E344K E398K,4,4
-8.416,4.177,TTAGCGCTCAATATCA,S480P,1,1
-8.416,4.177,TTATTCGAAAGGCACT,R492E,1,1
-8.416,4.177,TTGACGACCGCTGCAA,G330M,1,1
-8.418,0.8353,ATTTTGTTGTGAGCAC,A336Q,1,1
-8.418,0.8353,TTTGTCCTATAGTAAC,N250I,1,1
-8.419,0.5966,TAGATCAGTCAAAATA,G330S A364V,2,2
-8.419,1.392,AAAGTCAAGCCTTCTA,Y178* T206S,2,2
-8.419,1.392,AGTTCATCGTTGCGCT,A253M,1,1
-8.419,1.392,ATCTATCTGCTAAACT,K131N Y308Q,2,2
-8.419,1.392,CACAAACAGAAAACCC,G249E,1,1
-8.419,1.392,GTCATACTACGTAATC,C277R K315W,2,2
-8.42,0.8353,ACAAATAACTCCATAA,L13G,1,1
-8.42,0.8353,TCTTGAAACATAACAT,R92P A459P,2,2
-8.42,0.5966,TATGCAAAAATTCCAG,L111P L439S,2,2
-8.42,0.3797,CTACCCTTCATAGAAT,S137M H183N,2,2
-8.422,0.5966,GCAACCTTCTAAACAT,K238A G465E,2,3
-8.422,0.5966,GGTTTCACCTACACCT,N170D,1,1
-8.422,0.8353,AAGCACATGATATCAA,F195I R220S,2,2
-8.422,0.8353,ACGATATAAAATACAG,G349I,1,1
-8.422,0.8353,CATGTAATAGCACTAA,L243G Y351C,2,2
-8.422,0.8353,GCGACAAGGGCACAAC,I232E E344K E432K,3,3
-8.422,1.392,AAAACCCCGTGCGTGA,S198L G349E,2,2
-8.422,1.392,AATAAAGCACGATCCA,N170T,1,1
-8.422,1.392,AATCTAATCAGAATGA,M320R,1,1
-8.422,1.392,ACTTGCTACATAAAAC,I502F,1,1
-8.422,1.392,AGTCCACATCAACCAA,L177C C277M M444Q,3,3
-8.422,1.392,CAACCAAACACATAAA,W343D,1,1
-8.422,1.392,CACGAAAGATTCAATC,G286M,1,1
-8.422,1.392,TACTTATTAGACAAGT,C76W R492T,2,2
-8.424,0.4641,AGAATACACAATTTTG,A11K,1,1
-8.426,0.8353,AAAATAACTTAAAAAC,G256C,1,1
-8.426,4.176,AAAATTTAACTAAAGA,P74E,1,1
-8.426,4.176,AAAGTAAACTGAATTA,I58H,1,1
-8.426,4.176,AACAGATTTGTGACTG,H488T,1,2
-8.426,4.176,AAGAGGCTTGAGAGAA,F294A,1,1
-8.426,1.392,AAGCAAGAATCGAACA,T440Y,1,1
-8.426,4.176,AAGTACATGCTCCAAT,S228C A253Y,2,2
-8.426,4.176,AATATAAGCAATCCTT,N464I,1,1
-8.426,4.176,ACTAGTCAGCAAAGCA,Y98P,1,1
-8.426,4.176,ACTTTTCTCGGGTCAA,G330D,1,1
-8.426,1.392,AGAAAAATGAAAGCTA,G349P,1,1
-8.426,4.176,AGAGACAACCGACTCA,G275D G352D,2,2
-8.426,4.176,AGTACCTACATATTTG,T206M W421R,2,2
-8.426,4.176,AGTAGAATATGTATCT,I34R G129K T135I Y486C,4,4
-8.426,4.176,AGTCACAAAACCGTAA,D60Y G62R G303Y,3,3
-8.426,4.176,ATAAACTAAGACATAC,I339R,1,1
-8.426,4.176,ATACACACAATGTGCC,W127P,1,2
-8.426,4.176,ATCAACGCATAGTTTG,K82H E410K E449K,3,5
-8.426,0.8353,ATCAGACCAACATAAC,G349A,1,1
-8.426,4.176,ATTAGCATGATAAAAA,E172F I502E,2,2
-8.426,4.176,CAAGTAGATTATTACA,I236K N341K,2,3
-8.426,4.176,CAATGGATTTGATTTA,N126S Y257W L420N,3,3
-8.426,4.176,CACCTAAACCTATCTT,G72C D186L,2,2
-8.426,4.176,CCACACACATAAAACA,L71N,1,1
-8.426,4.176,CCTCTCTACACTCAAA,C97E T301K,2,2
-8.426,4.176,CGCTATGCAACATAAT,Q434C,1,2
-8.426,1.392,CGTAACCTTATATCAG,G240V,1,1
-8.426,4.176,CGTTCAAACCGAAATA,R492S,1,1
-8.426,4.176,CTAATTTCATAAAAAC,F148L S270Y D487Q,3,4
-8.426,4.176,CTACCTAAGATACACT,S247M M444I,2,2
-8.426,4.176,CTACTGGAACTCCTAT,L177*,1,1
-8.426,4.176,CTCCACCTAGCAAATT,P74W,1,1
-8.426,4.176,CTCTGAACTAATGCGA,Q371L E457K,2,2
-8.426,4.176,CTGTGTCACCTACAAC,W127L G249V,2,3
-8.426,4.176,CTTAAATCGGTTGATC,A425G,1,1
-8.426,4.176,CTTTAAATTCTTAATA,F258P E403K,2,2
-8.426,1.392,GAAAGAAAATTTCAAC,I288S,1,1
-8.426,4.176,GAAAGGAGCTAACGCT,L108H,1,1
-8.426,4.176,GATTATACCCTTCCGT,D101K G303V R482C,3,3
-8.426,4.176,GCCCACAAATACCTAT,F125E,1,1
-8.426,4.176,GCTAATCTCAAAGCTA,I437Q,1,1
-8.426,4.176,GGAACTTAAATAAAAC,R109A G303H,2,2
-8.426,4.176,GGATAACTTATTAACT,Q197Y R329K E340*,3,3
-8.426,4.176,GTAAATTGAAGATTGC,L316R,1,1
-8.426,4.176,GTCTGACAATAAACTA,G360L,1,1
-8.426,4.176,TAAATAATTGGGATTT,G345Q,1,1
-8.426,4.176,TAAATTCCGACCGGTC,Y98Q,1,1
-8.426,4.176,TAAGATTAGGATATGA,C52M I245E,2,2
-8.426,4.176,TAATGATATTGATAAA,I288N,1,1
-8.426,4.176,TACAAAAACGTCATTG,R90D G200S,2,2
-8.426,4.176,TGCAGAATTATAGTAG,F148K,1,1
-8.426,1.392,TGCCTAATATCTATAA,N190E,1,1
-8.426,4.176,TTACCGGATTAAGACA,I34W H183M,2,2
-8.426,4.176,TTAGCAGTAATGTACT,V323K W343*,2,2
-8.426,4.176,TTCGCGCACCTGCGTA,I202P G286E R383W,3,3
-8.426,4.176,TTCTCTGGAGGCAAAA,T248Y D493E,2,2
-8.427,0.2784,CTATTACGCAAGTCAC,G286L,1,1
-8.428,0.8353,GATTGTAAATCAACAT,E426L,1,1
-8.428,0.8353,TAAACGTGACACCTGA,V237K,1,1
-8.429,1.392,AGCTACAGAAAACAGA,Q191P A372Q,2,2
-8.429,1.392,ATAAGAACAAACACTC,S124N S144R N464V,3,3
-8.429,1.392,GTAAGACCATACTTAC,V88N T485A,2,2
-8.429,1.392,GTCCTCAATAAGACCT,N433L,1,1
-8.429,1.392,TTAATGACGCTTGCAG,R261W Q434F,2,2
-8.429,1.392,TTTCCAGCACTATAAC,D419P,1,1
-8.429,0.8353,ACCTACCCTACACTTG,I226W,1,1
-8.429,0.8353,CTGTAAAACCATAAAA,S369W,1,1
-8.431,0.8353,ATGCTCGTATCACCCA,N170D,1,1
-8.431,0.8353,CAACTATACATTTATA,E41F,1,2
-8.431,0.8353,TCCTGCAAGCCGCCCT,A11F,1,1
-8.432,1.392,AGAATAGTGGCCGACC,G349C,1,1
-8.432,1.392,CCAATTTAAGTCGAAA,N458T,1,1
-8.434,0.2457,TCCCTCCACTTTAAAG,V204G,1,1
-8.435,4.176,AAAATATTGAAATTAA,N8M T248W,2,2
-8.435,4.176,AAAGACCCGATTCCTT,H17N,1,1
-8.435,4.176,AAATATTAAATGACCT,G5V T248W,2,2
-8.435,4.176,AACTAACTAATTGAAT,A317Y,1,1
-8.435,4.176,AACTCAATATCCATTG,G330M,1,1
-8.435,4.176,AACTGACTAACATTCA,T155D E414K S442N,3,3
-8.435,4.176,AATATCTCACAAACAA,T370A,1,1
-8.435,4.176,AATGCCCATTCGAAGC,K264M Q434W H435R,3,3
-8.435,4.176,AATTTTTTCATACAAT,I245E K259R,2,2
-8.435,4.176,ACAAATTTGAATGAAC,C97L R492F,2,2
-8.435,4.176,ACCTATAGAGAATCTC,G330V,1,1
-8.435,4.176,ACCTCAATCACATATG,D73N I437E,2,2
-8.435,4.176,ACTAAACATAAATCTA,I51K,1,1
-8.435,4.176,ACTCTATTTACAAAAC,G72W Y233T,2,3
-8.435,4.176,ACTGGATAGTAGCTTA,P227T,1,2
-8.435,4.176,AGACGATCTCTTGACG,E340L,1,1
-8.435,4.176,AGATGATAGACAGCAA,L314T,1,1
-8.435,4.176,AGCACCTACTAATACA,S270H,1,1
-8.435,4.176,AGCGTTTATCAATAAG,L42Q,1,1
-8.435,4.176,AGGTAATGCACGGAAG,A19Q,1,1
-8.435,1.392,AGGTTCTTGCAAGATA,W127H,1,1
-8.435,4.176,ATAAAAATTTTAGCAT,L439G,1,1
-8.435,4.176,ATGAAGCAAACTGTGC,Q434I,1,1
-8.435,4.176,ATTAACCAAAGGATTA,E494R,1,1
-8.435,4.176,ATTTATTAGAAACGTA,G134D L316Y,2,3
-8.435,4.176,CAAATATTGCAATTTA,N322E,1,1
-8.435,1.392,CAAATATTTCGCATTC,C64D,1,1
-8.435,1.392,CAACCTTAAACAATAA,K50I N246C,2,3
-8.435,4.176,CAATCGCATCACCGTT,E89S,1,1
-8.435,4.176,CACAGAAACTGGTAAA,Q75* I339M,2,3
-8.435,4.176,CAGAAAGAGCTCACCT,Y257Q,1,1
-8.435,4.176,CCTTCATACCAAAGGA,E432K,1,1
-8.435,4.176,CGAAGAAACACAAAAC,T40G R321W,2,2
-8.435,4.176,CGCATGATGAAAAAAA,W343N,1,1
-8.435,4.176,CTATACAGAAAGCTAT,E41M P289A,2,2
-8.435,4.176,CTGACTATATACAAAC,V130G,1,1
-8.435,4.176,CTGGATCATTGTGTTC,R201P H488Y,2,2
-8.435,4.176,CTTAATATAAGCTACT,L177C D487F,2,2
-8.435,4.176,CTTCGTGCATCACTAT,F353R,1,1
-8.435,4.176,GAAAACGTCCTCATTG,Q295E R307H,2,2
-8.435,4.176,GACACACACCCATACG,W421H,1,1
-8.435,4.176,GATGCTCTAGAGAAAT,E83I Y100H I242F,3,3
-8.435,4.176,GGAAAAACCCATCATG,E123F,1,1
-8.435,4.176,GGTATAGACTAGAAGG,C76G,1,1
-8.435,4.176,GGTGCAAAGCATAAGA,R499Y,1,1
-8.435,4.176,GTAAGATGACTGCCAT,G181N V182F Y486F,3,3
-8.435,4.176,GTAATAACAAAGTATC,T135Y G352D,2,3
-8.435,4.176,GTAATGCCGTTACTAG,W350Q,1,1
-8.435,4.176,GTACTCCCCGATAACA,L108T L431P,2,2
-8.435,4.176,GTCCCAGGAACACCGA,V43S,1,1
-8.435,4.176,GTCTATCCTTAAAAAT,E123L,1,1
-8.435,4.176,GTTAAAACTATCTTTT,L59G,1,1
-8.435,4.176,TAAAATTGATCATAAA,V20K Y178A Q407R,3,3
-8.435,4.176,TACACCTTGTGGATGC,A336T K453M,2,2
-8.435,4.176,TACGCTCCATCATAAC,A495G,1,1
-8.435,4.176,TATCATGACAAGTGAT,F147W G240P,2,2
-8.435,4.176,TATTCCAAAAACGAAT,I245R,1,1
-8.435,4.176,TCAAAAGGTAGACTAT,C305K I478R,2,2
-8.435,4.176,TGAAAACCGATATGAA,Q80T Q295G,2,2
-8.435,4.176,TGACAATTCATTAACA,R482N,1,1
-8.435,4.176,TGAGCTGAATCTATCT,G342W,1,1
-8.435,4.176,TGATGTAAATCCAACG,G116K,1,1
-8.435,4.176,TTACCACATACACATA,C76P,1,1
-8.435,4.176,TTCAAATCGACAGCAA,L86S E325G,2,2
-8.435,4.176,TTCTCTAAGTATAACA,A336F,1,1
-8.435,4.176,TTGCCTCCGCCTCGTT,V429F,1,1
-8.435,4.176,TTTAACGCAAATATGA,H17G,1,1
-8.435,0.8353,ATGCGATAGAGTTTAT,A39M Q327C,2,2
-8.435,0.5966,TGACCGTTTCGTTCTA,L447A,1,1
-8.437,0.8353,TAGAACACTAATAAAA,S270Y,1,1
-8.438,0.5966,TCCCGATTAAGTGAAT,Y257R,1,1
-8.438,1.392,CCGGACCAACCAAGCA,V237M,1,1
-8.438,1.392,TGTTTGACAGTTCAAT,L447A,1,2
-8.438,1.392,TTAGTGATATCTAGAC,L177P V297P E398P,3,3
-8.441,1.392,CAACATTCACATTATA,I478Q,1,1
-8.441,1.392,CGCTTTGTCAAATCCG,L118D,1,1
-8.441,1.392,CTACGTACGACTTTTT,C473S,1,1
-8.441,1.392,GAGCGCTCTACAAGGA,E123D R307M,2,2
-8.441,1.392,TTCTATTTTACAGCAA,N246M,1,1
-8.441,1.392,TTTTGAGGCCTATGCC,F467N,1,1
-8.442,0.5966,CACCACGAAATTAAAG,A163P L381A E398K,3,3
-8.442,0.2457,CGAATTCTTTCAATTA,S358I H471Y,2,3
-8.443,0.8353,AAAAGTGAGTAACCGA,D474V,1,2
-8.445,4.176,AACACAATAATTTTTC,R150L,1,1
-8.445,4.176,AACATAAAAATAACAT,G16M,1,1
-8.445,4.176,AACATTTGCCAGCCGA,V36G A39T,2,2
-8.445,4.176,AACCTATCAGGAATAT,I469T,1,1
-8.445,4.176,AACGACGAAATGACGA,W350Q,1,1
-8.445,4.176,AAGACTCCCTATGTAG,R499Y,1,1
-8.445,4.176,AAGATGAATTTTATAA,T12W N322L,2,2
-8.445,4.176,AATCCAAGACAACACA,C277G T283P L381C,3,3
-8.445,4.176,AATCCTGTTGCTAATA,C277Y I395V,2,2
-8.445,4.176,AATCGCAATAACCCAT,E123I,1,1
-8.445,4.176,ACAACCATTCCAAATT,V112K D438L,2,3
-8.445,4.176,ACAATATTCCCACTTG,W350V G352A,2,2
-8.445,4.176,ACATACAAGTCAAGGA,C473I,1,1
-8.445,4.176,ACCCAAAACACTCATA,N322T,1,1
-8.445,4.176,ACCGGCACCCAAAACC,L108P N250T,2,2
-8.445,4.176,AGATGATCACTTTACG,N458W,1,1
-8.445,4.176,AGTAATACACCAATTG,L86W E344Y,2,2
-8.445,4.176,AGTTTCTAGATCATAG,P162D F195S F332G,3,3
-8.445,4.176,ATAATAAACAAAATAA,A425L,1,1
-8.445,4.176,ATAATGAAAAAATATA,W84E N216L,2,2
-8.445,4.176,ATGCTAATTATAATAA,L177S C281Q H435L,3,3
-8.445,4.176,ATTAAAAAATTCTAAA,G23K Q80L,2,2
-8.445,4.176,ATTCACGCACTTGATT,W421* E457S,2,2
-8.445,4.176,ATTTTCGCCTCAGATA,T440Y,1,1
-8.445,4.176,CAAATATCCGCTCGAT,E410K Q434V,2,2
-8.445,4.176,CACAAACTTACAACTA,L409H,1,1
-8.445,4.176,CACGCATGCCAATTAA,L409D,1,1
-8.445,4.176,CAGAAACTTCTCTATA,E340C,1,1
-8.445,4.176,CAGAAGACTACCTACG,F192S D366N,2,2
-8.445,4.176,CATAAAGGGCTGACTC,W127S,1,1
-8.445,4.176,CATCTCTAAACGAAGT,R492E,1,1
-8.445,4.176,CATGTTATTTAATAAC,W343*,1,1
-8.445,1.392,CCAACAATCTTGTGTA,L151R,1,1
-8.445,4.176,CCACCCACCCATCTTA,F147H,1,1
-8.445,0.464,CCACTAACGTACTTAC,N246C,1,1
-8.445,4.176,CCATCAGATTCTACAA,L455R,1,1
-8.445,4.176,CCCTCAACACAACAGG,F448K,1,1
-8.445,4.176,CCGCACCCAAACTGAT,T248V,1,1
-8.445,4.176,CTAATCTCTAAAGAAA,Y302G R456W,2,2
-8.445,4.176,CTCAAGTTGAAAACAA,N322I,1,1
-8.445,1.392,CTGAACGTTTATAATC,L118W R261I C281R,3,3
-8.445,4.176,CTGACTAGATTGTAAG,G349N,1,1
-8.445,4.176,CTGCATCAAACAGTCC,V130Y,1,1
-8.445,4.176,CTTTCACTATCAACTA,I245T,1,1
-8.445,4.176,GAAGGGCATATTTAAC,K176S,1,1
-8.445,4.176,GAAGTTGATAACGAAC,W234F A253T,2,2
-8.445,4.176,GACACTTTACACTGAT,L66N T318Q,2,2
-8.445,1.392,GCCAAACGTACAAAAA,K452D,1,1
-8.445,4.176,GCCGCATCGCTTATCT,G362K,1,1
-8.445,4.176,GGTACTCGCAAAAAAA,Y412G,1,1
-8.445,4.176,GTATCTAACACCTAAT,I339W,1,1
-8.445,0.8353,GTTATACCGCAACTTC,I67W,1,1
-8.445,4.176,TAAACTTCGACAAATC,C97D P324S,2,2
-8.445,1.392,TACAATCGCGTAATGG,L86F F174G C277F,3,3
-8.445,4.176,TACATGAAAATCGGTT,G319T,1,1
-8.445,4.176,TACGAATAAACCTGAA,Q434F,1,1
-8.445,4.176,TATCAAAACTCCCTTT,H471A,1,1
-8.445,4.176,TATCACACTCACACAA,F195Q,1,1
-8.445,4.176,TATCGTTATACCCTTC,A364H,1,1
-8.445,4.176,TATTAATAACGCCTAA,C277R,1,1
-8.445,4.176,TCATACCCTCCGAAAG,A11K K292H,2,2
-8.445,4.176,TCATACCGTCTGCGTC,L13G,1,2
-8.445,4.176,TCATGTATACTGGAAA,W343I,1,1
-8.445,4.176,TCCGCAAATCCGAACA,I339E,1,2
-8.445,4.176,TCCTAATCGCATATAT,Y423R,1,1
-8.445,1.392,TCGACTCAAGCGGCTC,G319L,1,1
-8.445,4.176,TCGAGAAGAGGTTGAT,D77E Y100H E398D,3,3
-8.445,4.176,TCTAATCGATGATTTC,N464W,1,2
-8.445,4.176,TGAAAAGGAAAAAAAC,N94K G342S,2,2
-8.445,4.176,TGTCCCTCTTATACTT,H56E E426L,2,2
-8.445,4.176,TTAACCTTATACTACC,L108N A113S,2,2
-8.445,4.176,TTAAGTGTGGTGCGCA,V166D D348I,2,2
-8.445,4.176,TTCACACTAACATTCA,G61Q G465R,2,3
-8.445,4.176,TTGTGTATATGAATTA,E89F,1,1
-8.446,0.5966,ATCTTTATCAAATGTC,R361T H471M,2,2
-8.446,0.8353,AACGTCAAGTAACCAT,P273Y D366I,2,3
-8.448,1.392,AACCCTTTATTCTAAA,V26* A163D Q164K L177Q N458K,5,5
-8.448,1.392,AGATGGCGGGCCACAT,L86W T203E,2,2
-8.448,1.392,ATAACTTGCAAACATA,A163T A196V C277P P293T L384S,5,6
-8.448,1.392,CATTAAAACCGCGAGA,I226M I267N,2,2
-8.448,1.392,CGCATACCATTCATTA,V413R,1,1
-8.448,1.392,GCTTTTGTGTCCAAAT,A272G V297G F399V,3,3
-8.448,1.392,GTATTCGAAAGGATAT,W84S,1,1
-8.448,1.392,TATTTGAAGCTTTAAA,T436Y,1,1
-8.448,0.8353,CGTAAATTATTGCGAG,E340C,1,1
-8.448,0.8353,GCCGATACATACCACC,I282R,1,1
-8.448,0.8353,GCCTTATCCACTTGAT,Y257Q,1,1
-8.451,1.392,CACGTTACGCAACAAC,L42H,1,1
-8.451,1.392,CATAAGTAGAAACCCA,I29V A39D,2,2
-8.452,0.8352,TTCCGTCCGTCATTTA,E89P H488Y,2,2
-8.452,0.3797,GACAAAGGACCCAATG,L496A,1,2
-8.452,0.3212,ATCCTGCTGATGTGTC,N475H,1,1
-8.453,0.5966,CTCAATGATTGGAATT,D188R,1,1
-8.454,4.176,AAAGTGAATTCAAGCT,P306L,1,1
-8.454,4.176,AAATAGGCAATATGGA,Q295A L439Q,2,2
-8.454,4.176,AAATATAGAAAACAAT,Y486S,1,1
-8.454,0.5966,AACACGGTTCAAATTC,W343N,1,1
-8.454,4.176,AATCATCTGCAGATCC,W127G,1,2
-8.454,4.176,ACCACCATACGTTCAA,G218P,1,1
-8.454,4.176,ACCCTATCTAAAAGTG,A495E,1,1
-8.454,4.176,ACGACAGTGATGTCCA,C76H,1,1
-8.454,4.176,ACTAACAAAATTCCCG,G342E,1,1
-8.454,4.176,ACTCACCTTGATTGAA,F500K,1,1
-8.454,4.176,ACTCTCATCCCGAAAA,D225P,1,1
-8.454,4.176,ACTTACGCACCAAAAG,G181K,1,1
-8.454,1.392,AGCTGTAGTCAGACCA,E35K Q211C,2,2
-8.454,4.176,AGTAGAAACCTAGAGT,H183R P289Q,2,2
-8.454,4.176,AGTATATAAAATTTAG,G23D N250G,2,2
-8.454,4.176,AGTCTCTAACCGATAT,S270F Y486W,2,2
-8.454,4.176,ATAAGGCAGAATAATC,L455G,1,1
-8.454,4.176,ATACATTCCGTTGTGT,Y308C,1,1
-8.454,4.176,ATACCTCTTACTGATG,C52R N483M,2,2
-8.454,4.176,ATAGATTTTAACCCAT,N170K,1,1
-8.454,1.392,ATTGGTAGTATGACTA,I478G,1,1
-8.454,4.176,ATTGTAAAAAGTTTAA,T37E,1,1
-8.454,4.176,ATTTCCGTACCAAACT,V20M N433V,2,2
-8.454,4.176,CACTTAACATAAAGAC,A495H,1,1
-8.454,1.392,CAGAACACACCGTCTA,D375E N483P,2,2
-8.454,4.176,CAGGAAATAAATACAC,G386E I481Q,2,2
-8.454,4.176,CCAGCAGTCACCAACT,L154S,1,1
-8.454,4.176,CCCCATCAATCCCTAG,H17T,1,1
-8.454,4.176,CCCCTAGGAACAATAC,F148E A317H E398K,3,3
-8.454,4.176,CGCAAATTGTTTCACC,P306N E410Y,2,2
-8.454,4.176,CGTAAAACCCACGGAA,L177S,1,1
-8.454,4.176,CTAAACCAAAGATGCC,V429Y,1,1
-8.454,4.176,CTCAAAAATAGTCCGA,G116E F195N,2,2
-8.454,4.176,CTTATACTTTTATACA,G352D G386R,2,2
-8.454,4.176,CTTTAGATAACCGTTT,S198F L496D,2,2
-8.454,4.176,GAAAATTCTGAATCAA,P74S P273S,2,2
-8.454,4.176,GAACAATTTACCTACT,K27R Y351N,2,2
-8.454,4.176,GATTTAATTACAACCC,G342Q,1,1
-8.454,4.176,GCAAAATACGCGATAG,E41Q N158C A334I,3,3
-8.454,4.176,GCATATAAAGACTGTT,I395K,1,1
-8.454,4.176,GCGAACACTTATGTCA,S270L,1,1
-8.454,4.176,GCTGCATTTTCTTTAG,V182W K503T,2,2
-8.454,4.176,GGAACGAGAATCACAA,P185C,1,1
-8.454,4.176,GTTAATTGATTTAAGT,V429G,1,1
-8.454,4.176,TAACGATAATTATTTG,A373C D487W,2,2
-8.454,4.176,TAGAACAAGAACAAGA,F195H L367E,2,2
-8.454,4.176,TATCAAATCAAAAAAG,Y233P,1,1
-8.454,4.176,TCACTAACCATTAACG,D474G T485A,2,2
-8.454,4.176,TGCTGTCAAACGAAAT,N458E,1,1
-8.454,4.176,TGGTGTTTAATACGTA,R255D,1,1
-8.454,4.176,TTAACCTAACTAAATG,A334D,1,1
-8.454,4.176,TTACCAAAACAATAAG,S156V Y412G,2,2
-8.454,4.176,TTACCCCAAGAGTGGT,D73P L431N,2,2
-8.454,4.176,TTCCAACCAAAACAAA,L314Q,1,1
-8.454,4.176,TTCCCAACGTTCGATT,Y470I,1,1
-8.454,1.392,TTTCTAGATGATGTCA,S145W F448T,2,2
-8.456,0.8352,AATAAAAAGTCATTAA,F192P,1,1
-8.456,0.8352,CCAGACAGACAAAGAG,C473I,1,1
-8.457,1.392,AGTGACGGAAAATAAC,C305W,1,1
-8.457,1.392,ATACACATCTCTGTAC,T40A I67G,2,2
-8.457,1.392,ATTTGCGAAACATAGG,F258C,1,1
-8.457,1.392,GCTACTCGGGACTACA,S136Y E449S,2,2
-8.457,1.392,GCTTGGTGATACCCAG,N433P,1,1
-8.458,0.8352,ATTCAAGGATCAAAAA,I335H,1,1
-8.46,0.8352,AGAAAAATATCGCTTC,D375N Q434V,2,2
-8.46,1.392,AAGACTCTCATGGTAC,N433W,1,1
-8.46,1.392,AGAATAACCTGCCTTC,A163M P293R,2,2
-8.46,1.392,GAACTTCATAGCAAAA,F500D,1,1
-8.46,1.392,TGTGTAAATGTATATT,A334D,1,1
-8.46,1.392,TTGTAAACCCAGAATA,M346V,1,1
-8.46,1.392,TTTCAAAGATAAACTC,P239T W421C,2,3
-8.463,4.176,AAACTCGACGCTTATC,N152G F467W,2,2
-8.463,4.176,AAACTTATACCCTGCG,Y486V,1,1
-8.463,4.176,AAAGAACTATCCACCT,L496P,1,1
-8.463,4.176,AACAAATAGACACAAT,I335S,1,1
-8.463,4.176,AAGAAAGGTTAACGTG,L314A,1,1
-8.463,4.176,AAGAGAAAAACTAGAT,A334K,1,1
-8.463,4.176,AATCACTAAAGTACAT,W153M,1,2
-8.463,4.176,AATCCCAGTCCTCAGA,P185H,1,1
-8.463,1.392,ACAATCAAAACTCACA,T248V,1,1
-8.463,4.176,AGACAGCGATGTAGAC,I67G,1,1
-8.463,4.176,ATACTTTCCATAAAAC,C52M,1,1
-8.463,4.176,ATCGCATATACCCAAT,K238W R492E,2,2
-8.463,4.176,ATTACCCAAATAGCGG,F338V,1,1
-8.463,4.176,ATTCCAATGATAGAGC,K176A,1,1
-8.463,4.176,CAACCAAAATTAGCAA,Y308S,1,1
-8.463,4.176,CATATCGTTAGATCAA,T451P K453Y,2,2
-8.463,1.392,CCAAACATCCCTATCC,R456E,1,1
-8.463,1.392,CCACCGCTTTTCTTGA,Y161N I377W,2,2
-8.463,4.176,CCATGCTATAGTTATA,L447K,1,1
-8.463,4.176,CGATAAATTAGACAAC,C305* R456C,2,2
-8.463,1.392,CTATAACCTGTCCACC,Y351V,1,1
-8.463,4.176,CTCGGACTCAGGTTAA,I331N,1,1
-8.463,4.176,CTCTCATATTATAATA,N296L,1,1
-8.463,4.176,CTGACATAATTACAAT,S143C,1,1
-8.463,4.176,CTTAATTTATCCAGAT,S228W,1,1
-8.463,4.176,GAATACAAACATCGAT,A365L,1,2
-8.463,4.176,GACACATAAAAAGCAA,L447A,1,1
-8.463,4.176,GATATACATGTTTGCA,C97N,1,1
-8.463,4.176,GCAGTCTCCACCTTAA,V102E V309W,2,2
-8.463,1.392,GGGAAATATACACCTT,F500V,1,1
-8.463,1.392,GTTGAATTATACAACT,G286D,1,1
-8.463,4.176,TAAAATAACTTACAAG,S193P T235V,2,2
-8.463,4.176,TAAACACCCCGGACGA,N38P G465P,2,2
-8.463,4.176,TAAATATGTATGAGTC,C64V,1,1
-8.463,4.176,TAACTGATAATCTAGA,S369N,1,1
-8.463,4.176,TAATAAACAGTAAGAG,G330R,1,1
-8.463,4.176,TACTAAAGTAACCAAC,I179Q R321S T388Y S400Y,4,4
-8.463,4.176,TAGATATTATACTGGA,W153H,1,1
-8.463,4.176,TATATTACACCACAAC,Y178H,1,1
-8.463,4.176,TATTCAACGAATCCAA,N246F E403G,2,2
-8.463,4.176,TCAGATTGCTGATTAA,G142R N483C,2,3
-8.463,4.176,TCCCTCTATTGACAAA,S136M G337D,2,2
-8.463,4.176,TGAAACAGAATTCGAA,I437T,1,1
-8.463,4.176,TGCGAACCAGCAGATT,L42I G116R,2,2
-8.463,4.176,TTAATACTTGTACACT,I481E,1,1
-8.463,4.176,TTATACTCATGTAAGC,M444Q,1,1
-8.463,4.176,TTCGGCAGTATTTTAA,Y423E,1,1
-8.465,0.3212,AAAACTCGAAATATCA,L15Q,1,1
-8.466,1.392,AGATTAAAGGACCTAT,V36I,1,1
-8.466,1.392,GCCCCTCGACAAGTGA,A365S Y423Q,2,2
-8.466,1.392,GTCGGTTATTAATGTC,V429N,1,1
-8.467,0.5966,AGCACCGAGTATAGTT,W234N G362V,2,2
-8.467,0.5966,TCAGGCATCCCTACCT,G61Y,1,1
-8.469,1.392,GAATATCACTATATCC,M444N,1,1
-8.469,1.392,TCCACATAACACAACT,I469S,1,1
-8.469,1.392,TTTAGCGCACAAACAA,A336D,1,1
-8.471,0.2784,CTGATCATTGACCCAA,P254E,1,1
-8.472,4.176,AAAACACGCCACATAC,G134V,1,1
-8.472,4.176,AAACGCCATAAGTCAA,S247Y N475C,2,2
-8.472,4.176,AAAGATATCAAGGAAA,Q363K D461R,2,2
-8.472,4.176,AACTTCAAACTATGCT,F353K,1,1
-8.472,4.176,AATAAAAGATTAAATT,V130G W421R,2,2
-8.472,1.392,AATATAATAAACCAGT,V43D L316F,2,2
-8.472,4.176,AATCAATTTTTTACAA,A253T K468P,2,2
-8.472,4.176,AATCACCCTTAAATTT,M320F,1,1
-8.472,4.176,AATTAAAGCTCAATAG,T37S,1,1
-8.472,4.176,AATTCAACAGCCTTTC,A334H,1,1
-8.472,4.176,ACTATCCGACCAAGAG,S136M,1,1
-8.472,0.8352,AGACCGAGTGGTGAAA,I34W P227D,2,2
-8.472,4.176,AGCCTGAGAATTTTCA,F147L D438V,2,2
-8.472,4.176,AGTGCAAGACCAATCC,D438V,1,1
-8.472,4.176,ATCCAGCACGCCCCGC,D73R L244D,2,2
-8.472,4.176,ATCCCATGAGAGCTAC,L13N,1,1
-8.472,4.176,ATCCTGTACCTTAAGA,V429Y,1,1
-8.472,4.176,ATGCTTATGATTGAGA,A138R R492Y,2,2
-8.472,4.176,ATGTAAATGAACCAAA,H355Q,1,1
-8.472,4.176,CAAATGTCATATTCAT,T155Q,1,1
-8.472,4.176,CAAGTCCTACAATTCT,T370W,1,1
-8.472,4.176,CAATCCTCGGATATCG,W127G,1,1
-8.472,4.176,CACGAACAATCGAAAC,D474F,1,1
-8.472,4.176,CATAACTTGAAAGTAG,G352V,1,1
-8.472,4.176,CATACTAAATAAAAAA,S231R W421C,2,2
-8.472,4.176,CCTACCAGTACAACTA,G249Q,1,1
-8.472,4.176,CGAACTCTAGAAAATA,F87N Y423M,2,2
-8.472,4.176,CTAAATGGAAACACAC,T436P,1,1
-8.472,4.176,CTTGCATAAATAATCC,L367N,1,1
-8.472,0.5966,GAAACAGTTAAATAAG,V323Y C477D,2,2
-8.472,4.176,GAACACACAAAAGAAA,L431G,1,1
-8.472,4.176,GATAAACAATTAAGAG,W343I,1,1
-8.472,4.176,GATCAAACCAATGCGC,G330N,1,1
-8.472,4.176,GCACACAAGAACAGAC,T436C,1,1
-8.472,4.176,GCTTAAACATGCGAAA,T388I M444S G504L,3,3
-8.472,4.176,GTAGCCGCATAAGGCA,A334L Q394*,2,2
-8.472,4.176,GTCATCCCAAATATAC,V102G R492G,2,2
-8.472,4.176,GTGAGATAAGCCAATT,N8R I331H D487Y,3,3
-8.472,4.176,TAAATGTGAACAACCG,S209R N298Y,2,2
-8.472,4.176,TAATGGTAACAACAAT,G5* S209P,2,3
-8.472,1.392,TACATTTCTCTCCCCA,G49D V223P,2,2
-8.472,4.176,TACTCAGCGTGGGTCA,N322Q E494H,2,2
-8.472,4.176,TACTTGAATCGTGTAT,G465T,1,2
-8.472,4.176,TAGCAGTCTGCACGTG,Q191I,1,1
-8.472,4.176,TATACTCACTAATCTG,N458G,1,1
-8.472,4.176,TATTATGATAGTAAAG,I51C,1,1
-8.472,4.176,TATTCCATAAAAAACT,M462P,1,1
-8.472,4.176,TCAAGGCATTTACTCA,P169- N170I K171N,3,3
-8.472,4.176,TCCACAACAACAGACA,G352E,1,1
-8.472,4.176,TCCCGTTATGGTCTAT,N357L,1,1
-8.472,4.176,TCTAGATCGTATTACT,L420W,1,1
-8.472,4.176,TGAAATTAATCGATCC,N296P,1,2
-8.472,4.176,TGAATTATTGATCTTA,F120E S480L,2,2
-8.472,4.176,TGATAATTTTTAAGTT,S369D,1,1
-8.472,4.176,TGATTGCATCGCCAAC,I226Y G465R,2,2
-8.472,4.176,TGTAAAGACGTTTAGC,S144C K259W,2,2
-8.472,4.176,TTACTTCAATTTACGA,T451K,1,1
-8.472,4.176,TTAGAACCTTTCAGAT,T440Q,1,1
-8.474,0.5966,CCCAACGTGGTATCAG,S54A E414D K446E,3,3
-8.474,0.3796,CTCATACAGATAAAAA,M320R D441Y,2,2
-8.474,0.8352,ATGATGACTATTAAAA,I267D W350*,2,2
-8.474,0.8352,GGAGGATGCCAAATGC,K50S E449P,2,2
-8.475,0.3796,TCATCCGAAGATTAAT,L118S T235M,2,2
-8.476,1.392,AAAAATTGGAACAGTG,I230Y,1,1
-8.476,1.392,AACTAAGCAGCAAGTC,C76Q,1,1
-8.476,1.392,AAGTTGAAAGAAATAC,W343*,1,1
-8.476,1.392,CTGAAGCCAGAAATTA,G78W R255P,2,2
-8.476,1.392,GAGCACGTATGACTAA,I478T,1,1
-8.476,1.392,GTAAAATTCATTTATA,N246Q,1,1
-8.476,1.392,GTTATGCTAAACACAC,K310D G504S,2,2
-8.476,1.392,TACATCACAAGAGAAT,W343* D419C,2,2
-8.476,1.392,TACCTGGACTCACCAT,C14R,1,1
-8.476,0.8352,TCCGAACTATAGCATC,C76L,1,1
-8.476,0.8352,TTGGAAATGACCACAA,R269T T370N Q501R,3,3
-8.476,0.5966,AGTGACACGGAGACTA,M268V W421Q,2,2
-8.477,0.464,TAAATGCTTGCACGAC,W153A,1,1
-8.478,0.5966,TGCCAAACGGGAGCTA,H471G,1,1
-8.479,1.392,AGCTGCAACTAGCAAA,S95F D348R,2,2
-8.479,1.392,ATGCCAAAACCACGCC,L316G Y412M,2,2
-8.479,1.392,CATTGATTATATTGTA,L71Q,1,1
-8.479,1.392,GAATAACGAAACAACT,P324S E403F,2,2
-8.479,1.392,TAACCGCTACGGGATT,A373D,1,1
-8.479,1.392,TGCTACAACTGAATAA,A334T,1,1
-8.48,0.8352,CAATTATCCACCATAT,T155K,1,1
-8.48,0.5966,ACGCTCGAACAGTTAA,C52Q,1,1
-8.482,4.176,AAAAAATCACAACCGA,W343H,1,1
-8.482,4.176,AAAAACAAGCAAGATT,A425E,1,1
-8.482,1.392,AAAATAACAAGTACTA,I29K,1,1
-8.482,4.176,AAAATTTTGTCATGCC,K176C,1,1
-8.482,4.176,AACACTTATGCAAAAA,L108E,1,1
-8.482,4.176,AACCCAGTCAAACTAG,C52N S279C,2,2
-8.482,4.176,AACTTTCTAGTCAGAC,G249Q,1,1
-8.482,4.176,AATGAAGATCGTAGAA,S193V,1,1
-8.482,4.176,ACACTTTATGTTACTA,V43K,1,1
-8.482,4.176,ACCAACTTTTACATAA,C76K S422T,2,2
-8.482,4.176,ACCGCAGTCCATAACA,L157P K391P,2,2
-8.482,4.176,ACTAGACTTGTATATG,Y491R,1,1
-8.482,4.176,AGAGATGTAAGCCGCA,A253P,1,1
-8.482,4.176,AGCAATAGACGGTGGC,G218R E390L,2,2
-8.482,4.176,AGGGGACTCATACGTA,R90E,1,1
-8.482,4.176,AGTATACATTTTACAT,F258S F467S,2,2
-8.482,4.176,AGTGTGCAATATGTTA,M346A,1,1
-8.482,4.176,ATAAGTTAGGCCGTTC,V204P,1,1
-8.482,1.392,ATAATGTGACATCACA,F148L,1,1
-8.482,4.176,ATACACGCAACGGTAG,Q311P G337D,2,2
-8.482,4.176,ATTAAACAGAGTATCA,F294C,1,1
-8.482,4.176,ATTAATCAGAATAGAA,F338I,1,1
-8.482,4.176,CACATCCTCACGCAAA,G349Q,1,1
-8.482,4.176,CAGCCAGACCTATTAG,Y486I,1,1
-8.482,4.176,CATCCACCCGGATACT,S270E P306C,2,2
-8.482,4.176,CATCTCTATTATATAT,S146P,1,1
-8.482,4.176,CCGCACGTTTTCTAGC,S247R,1,1
-8.482,4.176,CGAGACTGACTGTGTA,W343P,1,1
-8.482,4.176,CGATTTTTATCAGACA,G286M,1,2
-8.482,4.176,CTATGCGACACATCAT,D101L E460Y,2,2
-8.482,4.176,CTCGCTAAACCTTCCA,K368N R492S,2,2
-8.482,4.176,CTGCACGGTTGTAGAA,R109P,1,1
-8.482,4.176,CTGCGCTAAAATCATA,C139R,1,1
-8.482,4.176,CTTAGAAAGGTGGATG,W127R H183M,2,2
-8.482,4.176,GATAACCGCGAGAAAC,I481Q,1,1
-8.482,4.176,GATAGTACAACGAAAA,Y412D,1,2
-8.482,4.176,GATCAGTGGATTCTGA,T24R V297K,2,2
-8.482,4.176,GCATTAAAAAACTCGA,A39R,1,1
-8.482,4.176,GCCTTATAATACAAAT,A334K,1,1
-8.482,1.392,GCTATAAAATAACTAC,V43G R222T,2,2
-8.482,4.176,GGGGAGCCCAAGAAGT,C281Y G362P,2,2
-8.482,4.176,GGTTAAAAATAAGAGA,L455Y,1,2
-8.482,4.176,GTGTCTTCTAATATTA,L427P,1,1
-8.482,4.176,TAATAGTATCAACACA,V237K,1,1
-8.482,4.176,TAATTTGTACCTATTT,A113T L177M G386M,3,3
-8.482,4.176,TACCCGTCATCCAACA,L15Q,1,1
-8.482,4.176,TAGAGTCACAAACAAC,Y470G,1,1
-8.482,4.176,TATGAGAAGACTTCTC,A138P,1,1
-8.482,4.176,TCAAGTAAGAAATCGG,R354H,1,1
-8.482,4.176,TCCCCTACCGTTTAAC,T370I,1,1
-8.482,4.176,TCTAAAGACCTTGCGC,G72R,1,1
-8.482,1.392,TGAAAGTGCTAAAAAG,H488L,1,1
-8.482,1.392,TGGGTGCGGCCATTAA,Y351M,1,2
-8.482,4.176,TGTAACCTGAACTCCT,A317Y,1,1
-8.482,4.176,TGTTTCTCCAAAAAAA,L177T I385E,2,2
-8.482,1.392,TTAGGGACTATTAATA,R499E,1,1
-8.482,4.176,TTTATCCATCACCCAC,T436W,1,1
-8.483,0.3212,TAATAAGTAATCATAA,R456E,1,1
-8.484,0.8352,CTGGGTGCAAAACCCA,Q210K E401K,2,2
-8.484,0.8352,TATTGGATAAAATAAT,P185Y,1,1
-8.484,0.8352,TGAGATGAATTAAAAC,V112K,1,1
-8.485,1.392,AATCAGGCTAATAAAA,V43Q K452M,2,2
-8.485,1.392,CTATTTCCCACACTGA,,0,0
-8.485,1.392,CTGTATCACAGAGTTT,N424K,1,1
-8.485,1.392,GAAGACTCAAACGGAT,E443I N458K,2,2
-8.485,1.392,TATTTACAGAGATTAC,C466V,1,1
-8.485,1.392,TGAACAAAACAATACT,M320D,1,1
-8.487,0.8352,ATTTAGTCAACCTACC,Y257P,1,1
-8.488,1.392,AATTACAGAAATTATA,K176D,1,1
-8.488,1.392,ACCAAACATAAAACAC,A364Y,1,1
-8.488,1.392,TCATTAGGCTTTTTCA,I226V E460K G504K,3,3
-8.489,0.8352,CCAAGAATTTCCCGTA,V43M A372I,2,2
-8.49,0.5966,CTCACTATTACTTGTA,D441V T451K,2,2
-8.491,4.176,AAAAATTTTGCTTAAT,E426P,1,1
-8.491,4.176,AAAGATCAACATTTTA,T155V W343*,2,2
-8.491,4.176,AACGGGGATTCAGTGA,A336K,1,1
-8.491,4.176,AAGCTACTCTAGGGGT,S228R W350S G386R,3,3
-8.491,4.176,AATCAACTATACCTTA,T235M R456I,2,2
-8.491,4.176,ACACAATTCCCCACCA,W350A,1,1
-8.491,4.176,ACCCTCGTCGAAGCAT,S442I C477V,2,2
-8.491,4.176,AGAATTATAAGTAATG,I335H,1,1
-8.491,1.392,AGAGACAATCAAATTC,G333H,1,1
-8.491,4.176,AGCATAAGGTAGCAAT,A163V P185H R354E,3,3
-8.491,4.176,AGCTTCCGGTAATTCA,I481S,1,1
-8.491,4.176,ATAGTCGCACACTAAC,S146K I236E,2,2
-8.491,1.392,ATATATGATATTACTT,I51F T451R,2,2
-8.491,4.176,ATCAGATCACACAACT,C76R,1,1
-8.491,1.392,ATCCGCAATTCAACAA,L70M F120V,2,2
-8.491,4.176,CAACCTAACACACGTT,T206R,1,1
-8.491,4.176,CAATAAATATTCGGAG,E41L,1,2
-8.491,4.176,CAATCTTCCAAGGATC,A11R G218D G275E E401K,4,4
-8.491,1.392,CACTACGTTATATACA,F294K,1,2
-8.491,4.176,CAGAAAAAAGTCAAAG,E35S G218W N389F,3,3
-8.491,4.176,CATAAGAAAGACATAA,S136I S146T P221S,3,3
-8.491,4.176,CCAGGGCTAGCACTAA,V297*,1,1
-8.491,4.176,CCAGGTGTACGATTTT,Y351G,1,1
-8.491,4.176,CCCTGCTGCACCGGCC,E123K I395E,2,2
-8.491,4.176,CCGCACATATTTGTTC,T155S R499S,2,2
-8.491,4.176,CGCAAGACATCCTACA,P99D,1,1
-8.491,4.176,CGTCCTACTCCAATTT,C52I S114M,2,2
-8.491,4.176,CTATATTTCATATATA,L194Q,1,1
-8.491,4.176,CTTACAATTCAATAGT,Y257H L367P,2,2
-8.491,0.464,CTTAGTTACTGACAAT,K380T,1,1
-8.491,4.176,GATAAGTACGCCCCAT,L157P R222M L427A,3,3
-8.491,4.176,GCTGCCCTTTCCTAGA,F87G A430P,2,2
-8.491,4.176,GTTTACTACCCTAAAA,R499F,1,1
-8.491,4.176,TCCAAGATGCTTAAGC,L243H,1,1
-8.491,4.176,TCCAGGAGCCGAGAGC,S156G D419V,2,2
-8.491,4.176,TCCTAATAACTGTCTA,Y257G P284T A476E,3,3
-8.491,4.176,TCCTTATACTCGACTG,Q454P,1,1
-8.491,4.176,TCGGGCTACAACATAC,C64Q,1,1
-8.491,4.176,TCTACCAAAGACAAAG,S205R W421C,2,2
-8.491,1.392,TCTTGCCTGATGCGTC,S247C I481S,2,2
-8.491,4.176,TGGCTCCCTACCAGTA,W180F A459T,2,2
-8.491,4.176,TGTGAAGAGAATGAAA,G249Q,1,1
-8.491,4.176,TTAAATTCGAAATATT,A336W,1,1
-8.491,4.176,TTATCCAGGACTTAAG,I339E K452Q,2,2
-8.491,4.176,TTCCCCATAAGACTGA,S266V V297P K387*,3,3
-8.491,4.176,TTCCCTTAAGCAAGGT,N433T,1,1
-8.491,4.176,TTGAGATGGAGCATAT,G72K,1,1
-8.491,4.176,TTGATTAATCCAATAG,I51S,1,1
-8.491,1.392,TTTCTACACATAGCTA,N322D,1,1
-8.493,0.8352,AAAAACCCTCCTCATC,C477I,1,1
-8.493,0.8352,AAGTAGGAGAATCATA,M346A,1,1
-8.493,0.8352,ACATCTTTGATATAAA,E396K,1,1
-8.493,0.5966,AACGAACTTCTGTCGT,,0,0
-8.494,1.392,AGAATTGATAAAGTTT,L71C,1,1
-8.494,1.392,CTCCACAGCCAGTTTT,L447G,1,1
-8.494,1.392,TCTTTTTTAAAACCAC,Q407R N458L,2,2
-8.495,0.5965,AAAATAAATCAGAACG,I179W E414M,2,2
-8.496,0.464,ATATAGCACTCCGTGA,F332R,1,1
-8.497,1.392,AAATCACACGCTACCC,L42Y T318N,2,2
-8.497,1.392,CAAGATCAACGACCGA,W180C K264Q,2,3
-8.498,0.3212,GTAATTAAATTAGGCC,S146K V490G,2,2
-8.498,0.8352,TTTACACTTAAACTAA,N341P,1,1
-8.5,4.176,AAAAATCGAATAAACC,I58G E119M,2,2
-8.5,4.176,AAACCACTTAAACTAG,I377S N424L,2,2
-8.5,4.176,AACGAGGAGCTATAAA,S228I,1,1
-8.5,4.176,AACGCGAAGGTTACTC,A425N,1,1
-8.5,4.176,AAGTTACTAATAGCAA,V166M E410K Y491Q,3,3
-8.5,4.176,AATGGCACCACCATAT,R255D,1,1
-8.5,4.176,AATTAACTTGAACCCC,R109P,1,1
-8.5,4.176,ACAAGTTTAACCAATT,,0,0
-8.5,4.176,ACATAATGTTTATTTC,C139Y,1,1
-8.5,4.176,ACTATCGCCCTACCAA,I339Q,1,1
-8.5,4.176,ATAAAGTCACCTAGAG,G72Q,1,1
-8.5,4.176,ATAATCGTCCTTCAAC,L70Q,1,1
-8.5,4.176,ATCGGTTTAAAACATA,S358E L367P,2,2
-8.5,4.176,CAAACACACATTCCTC,L13E,1,1
-8.5,4.176,CACCTACTAATTTTTG,F332N,1,1
-8.5,4.176,CAGCAAAGAAATAACA,G61C,1,1
-8.5,4.176,CAGTAACAGCAAGCTT,,0,0
-8.5,4.176,CATAACTCGGAAACAT,G479P,1,1
-8.5,1.392,CATTCTGATCACCACA,K176I,1,1
-8.5,4.176,CCAAGCCTACCAGGCC,D348N Y351C R405M,3,3
-8.5,4.176,CCATGATATAGTAACT,A11E,1,1
-8.5,4.176,CCGCCAGTTTTAAAGA,A317M,1,1
-8.5,4.176,CGATGAGCCTCAAAGT,T40A I331Y,2,2
-8.5,4.176,CGATGTTCATCAGACC,V43K C52F,2,2
-8.5,4.176,CGGAACACATAATTTA,G345E,1,1
-8.5,4.176,CTTACCCAAATTTAAC,S247A A495W,2,2
-8.5,4.176,GACAACACAAGCAATT,S96F G319N,2,3
-8.5,4.176,GAGATTCAAGTAGAGT,G256I,1,1
-8.5,4.176,GAGGATTATATAGCAA,E432K I469Q,2,2
-8.5,0.5965,GCAAGGTAAACTATAA,F338M G345V,2,2
-8.5,4.176,GCTATTTAAAGTGAGA,V20P,1,1
-8.5,4.176,GGACGGCATCTAAAAT,Y178C,1,1
-8.5,4.176,GGTATATTACACAAAT,K2H W343*,2,2
-8.5,4.176,GTCGAATCTAACTACA,I288D,1,1
-8.5,4.176,GTCGGACTGATCATCC,R229H C473Y,2,2
-8.5,4.176,GTTAGTGCGAGCACTC,I34N F353M,2,2
-8.5,1.392,TAAATTGTAATGCGCA,L15M S265E,2,2
-8.5,4.176,TAACCCTCACTAAATC,D73N S209R D487G,3,3
-8.5,4.176,TAGAGTCCGTTACACT,I226M Y302D,2,2
-8.5,4.176,TATATACCCATATTAC,E123D A334W,2,2
-8.5,4.176,TATATCGATTTAGATC,F500C,1,1
-8.5,4.176,TATATGAATGATTAAA,M346E,1,1
-8.5,4.176,TCCCCGCTGGAAGCCA,Y257T,1,1
-8.5,4.176,TGCAATCCTAAGGATA,V204G,1,1
-8.5,1.392,TGCAGGACGTGACACA,K411E A459Q,2,2
-8.5,4.176,TTAATTTTTAACTTTC,N357R,1,1
-8.5,4.176,TTCAAGAACTATTTAC,F448G,1,1
-8.5,4.176,TTGCAGAATACGCCCG,G352S,1,2
-8.5,4.176,TTTGATCAGATATAAA,F353I,1,1
-8.501,0.464,CCGCAACGATGTAACA,A163T C277K V297I,3,3
-8.501,0.464,TGGTATGCTTTTATAA,,0,0
-8.502,0.8352,CGTACATCTAAGAAAA,L251P I260A A425C,3,3
-8.503,1.392,AGGATTATTAGGCTAT,A336L,1,1
-8.503,1.392,ATACACAAAGTCCCCC,F120M,1,1
-8.503,1.392,ATACGAGACGGAGGAA,I232H E426K,2,2
-8.503,1.392,ATTAAAAGCGGAATCC,V43A S400P,2,2
-8.503,1.392,CACCGAGAACGAAAAC,R499L,1,1
-8.503,1.392,CAGAACCCTGCTTAAT,G362C,1,1
-8.503,1.392,CTAATGCCATGCAACT,F195M G200S M444I,3,3
-8.503,1.392,GTAGGATTTTTATCAT,L177P H393S,2,2
-8.503,1.392,TATCGCTCAATGGTGC,Q311N,1,1
-8.503,1.392,TGAAGAAAATCCGTAC,V213T G352C,2,2
-8.503,0.464,TTAACTAAATGCTTAT,L86T E410K E414K L420P E457K,5,7
-8.503,0.8352,TACTAGTATTATGCTG,R90P,1,1
-8.505,0.8351,AAACAACACTCAGGTT,H17E N489T,2,2
-8.505,0.8351,TGATTAAGTATTTTCA,W350P,1,1
-8.506,1.392,GATCGATAACGTACAC,S193I G349E,2,2
-8.506,1.392,TGAAGATTGCGCCAGC,Q1D G256W,2,2
-8.507,0.8351,TAATCCCATGGCAGAA,A19*,1,1
-8.509,4.176,AAATTAAATCAGTGGG,C64R,1,1
-8.509,4.176,AACAACGCATTGTGCA,L151W K380P,2,2
-8.509,4.176,AACCTAAGTGAGATAT,V429H,1,1
-8.509,4.176,AACCTACCACCTTAAA,A459E,1,1
-8.509,4.176,AACTTCGGGCCAACAG,S369N,1,1
-8.509,4.176,AAGCCCTTGATTTGCT,W421K,1,1
-8.509,4.176,AATAATAAGGGTCCAC,V130K T313M,2,2
-8.509,4.176,AATTATCATCTAAGTC,H471N,1,1
-8.509,0.8351,ACATATTGAAGAATGA,G116R R499E,2,2
-8.509,4.176,ACCCGCATACCTAACC,I34C D366V,2,2
-8.509,1.392,ACTAGGTCCAGTACTC,L244D N424Y E484W,3,3
-8.509,4.176,AGAAAGCAAACCAGCA,G360H,1,1
-8.509,4.176,AGATTAACCCAAATTT,N322P,1,1
-8.509,1.392,AGTAGTTAAGTATCGT,L71H,1,1
-8.509,4.176,ATAAATATCTAAATAA,I202Y E414K,2,2
-8.509,4.176,ATAAATATCTTATAGC,A304K F500S,2,2
-8.509,4.176,ATCGACGGAACAACTT,V204D,1,1
-8.509,4.176,CAAAAATCATTAACCC,G72L,1,1
-8.509,4.176,CAACCTACCATTGCAC,L154C,1,1
-8.509,4.176,CACATAATAACATAAT,S228K,1,1
-8.509,1.392,CTAAAAATCGGACACG,A138Q,1,1
-8.509,4.176,CTACTAATTTATCAGC,T436C,1,1
-8.509,4.176,CTAGCGCCAGAGTACC,F500P,1,1
-8.509,4.176,GAGAAACAAAACTTAA,N170P,1,1
-8.509,4.176,GCAGTCAGTTAGCGCT,W421Y,1,1
-8.509,4.176,GGCATTAATACTGTAA,E340D,1,2
-8.509,4.176,GTAAAGAAAGCTCCAA,G72N,1,1
-8.509,4.176,TAAAGTCAAATCAAAA,S228F,1,1
-8.509,4.176,TAATAGTGTCTAAGCC,A19*,1,1
-8.509,4.176,TAGCAGCTAAAATTGA,Y351M I437E,2,2
-8.509,4.176,TATTAAAAGAATTATA,N296I V429A,2,2
-8.509,4.176,TCAAAAGTAACTAGAC,F120E,1,1
-8.509,1.392,TCAGGTAAAAGACCAA,S266* A272R,2,2
-8.509,4.176,TCATAAAATAACACAG,T40P,1,1
-8.509,4.176,TGATCCTCAAACTACC,N357R,1,1
-8.509,4.176,TGCATAACGATTTCCG,L409G,1,1
-8.509,4.176,TTAAGGTAACTGAGTT,R261A V297S R321V,3,3
-8.509,4.176,TTCAGTTTAGAAAACA,Y302P M462Y,2,2
-8.509,4.176,TTGACTTCCTCCTAAC,F87L P215Q K503A,3,3
-8.51,0.464,ACAGTACCATCTTTAC,Y178I,1,1
-8.512,1.392,TCACATTCCTTTATCC,D225F L428R,2,2
-8.512,1.392,TGAGCACCCAAGCATT,H183Y D366W,2,3
-8.512,0.8351,AAGACTGAAAAACAAA,F79S K468P,2,2
-8.512,0.8351,TTATTACCACTTAGCA,D77Y D474H,2,2
-8.513,0.5965,CAAACATTTTGCAGGT,G72Y A365I,2,2
-8.513,0.464,CAGCTCTAAAATAATC,,0,0
-8.513,0.464,TATGGGACGTGCATAA,F147R,1,1
-8.514,0.8351,AATGAATGTATTGTAT,T436W,1,1
-8.514,0.8351,GAGTTGCTTACAAAAC,G352C,1,1
-8.514,0.8351,TTTGCAAAAAACCAAT,T135D I339R,2,2
-8.515,1.392,GGCTACATCTCTCGAA,G16E,1,1
-8.515,1.392,TAGGTCAGATCTCAAC,L108G E280Y,2,2
-8.515,1.392,TGGTACCGTCATATGG,W421R,1,1
-8.515,1.392,TTACTGAGACAGTTGC,A364W,1,1
-8.518,4.176,AAACATTGCAAATCCC,L316R,1,1
-8.518,4.176,AAACTTATCCAATTCA,G286E N433M,2,2
-8.518,4.176,AAATGTCTGCTTTCTA,L59H G256D,2,2
-8.518,4.176,AAGCTATCTTCTGTTT,Y178A,1,1
-8.518,4.176,AAGCTTAATATTGTAA,H355E,1,1
-8.518,4.176,AATATACTTATAGCTC,G72M L251P,2,2
-8.518,4.176,ACACGCAATTGCACCT,I3S G116R,2,2
-8.518,4.176,ACATGGACAAGAATGA,S96P E340G,2,2
-8.518,1.392,AGATTAGCAGACGTTA,C466D,1,1
-8.518,4.176,AGCCTGCAGTAGTAGC,E325*,1,1
-8.518,4.176,AGGATAGGACTAGTTT,C139Y,1,2
-8.518,4.176,ATACATTGATCAGAAT,S9G N165K L316R,3,3
-8.518,4.176,ATCAAAAACCGGGTAA,D366F,1,1
-8.518,4.176,ATCCTGTTAACTCATA,T283Q V402Y,2,2
-8.518,4.176,ATTGCTAAAAGGTACT,Q1*,1,1
-8.518,4.176,CAAACAACCTATACAG,Y302S,1,1
-8.518,4.176,CATCTCCATCAAAGTC,C64A,1,1
-8.518,4.176,CCTTAATAACAAGGCG,G352E,1,1
-8.518,0.8351,CGTACACGCCTTTCTC,P239W,1,1
-8.518,4.176,CTAAAATCAACCATAA,F192T,1,1
-8.518,4.176,CTCAGAAGTCCAAGTC,F448C,1,1
-8.518,1.392,CTTCACCGTAGTCAAA,R482P,1,1
-8.518,4.176,GTAAGCTTATTGACCG,W153S,1,1
-8.518,4.176,GTCATCGTAAAACGCT,N433L,1,1
-8.518,4.176,GTCCTAATCAGCTTTG,L108A,1,1
-8.518,4.176,GTTACAAAGCTATAGG,C477T,1,1
-8.518,4.176,TAAACTATGTATAGTA,T248W,1,1
-8.518,4.176,TCGATATAAACTTATC,L151R R307K,2,2
-8.518,4.176,TGACTAATGTATCCAG,A253T,1,2
-8.518,4.176,TGCCGTAACTCGTAAA,H471V,1,1
-8.518,4.176,TTAATGTATAACAGCT,E403K N483T,2,2
-8.518,4.176,TTCCACAAACTCGCTT,S369R,1,1
-8.518,4.176,TTCTTTAGACACCCAT,G249D,1,1
-8.518,0.2784,CACATAAATCCAAACA,R90Y,1,1
-8.521,1.392,AAACATCCCGGCCGGT,W84R I267R,2,2
-8.521,1.392,AACTTGCATTACGAGC,P227H T440E,2,2
-8.521,1.392,CACTGGCAAAATATAA,M444P,1,1
-8.521,1.392,TAACCCAAACATCTAG,S369W T436Y M444I,3,3
-8.521,1.392,TGAATTGACGGTAGTA,F120G,1,1
-8.524,1.392,AGCCCTTCACGTCCTA,E89A P306F,2,2
-8.524,1.392,GAAGACTCTTATTAAC,I230Y K315L,2,2
-8.524,1.392,TTACACTTTAATTAGT,G256R,1,1
-8.527,4.176,AAAAAATTCGAACGAA,G342A Q394R,2,2
-8.527,1.392,AAAATAGTAGTTCGAG,R33M G240V,2,2
-8.527,4.176,AAACTCGAATTGTAAG,F448N,1,1
-8.527,1.392,AAACTTTTCCAATTTA,E460G Y486*,2,2
-8.527,4.176,AAAGTCCCGTCAGGAA,A364H,1,1
-8.527,4.176,AAATCGTCTCCCTATC,P103R Y486W,2,2
-8.527,4.176,AACAAAATTATTCTCC,S136R L151E,2,2
-8.527,0.8351,AACTACAATTTCCTAC,D32C R499Y,2,2
-8.527,1.392,AAGAACATTTTCATTG,G349L,1,1
-8.527,4.176,AAGTAACTACGGAAGG,H435G,1,1
-8.527,4.176,ACATTAATTCTTGACC,I478K,1,3
-8.527,4.176,ACTGCTCCATATTCTA,T283P,1,1
-8.527,1.392,ACTGTCGATCCCAATT,T12G,1,1
-8.527,4.176,AGAAAATAACACACTT,E426K,1,2
-8.527,4.176,AGAATTTAACCTTTAA,C76A,1,1
-8.527,4.176,AGCGTCAGAAAACCAT,N433W,1,1
-8.527,4.176,ATAATTAGACTTTACA,E410P,1,1
-8.527,1.392,ATCACAGTCTCTCCAG,F500E,1,1
-8.527,4.176,ATCATTGTAGCTACCA,R456P,1,1
-8.527,0.8351,ATGCCACTATTTCTCG,L314R,1,1
-8.527,4.176,ATTCTAAAAACAGAAA,C76W,1,2
-8.527,1.392,ATTGCTAACATGAACA,K140G N341H E344*,3,3
-8.527,4.176,CAAAACATCTAAGCAG,M320R,1,1
-8.527,4.176,CAATAACGCTAGAATA,N53Y T206W,2,2
-8.527,4.176,CAGGAATGAAGATCAT,T12G,1,1
-8.527,1.392,CCGAAGCCCGAACGAA,L177R,1,1
-8.527,4.176,CTAAGAGTATCCCACG,N322V,1,2
-8.527,4.176,CTAAGATTTGTTTCTA,C14G,1,1
-8.527,4.176,CTATAAGAAAATCTTA,R492H,1,1
-8.527,4.176,CTTACTAAGTTATCAT,G72E M168L E172K,3,3
-8.527,4.176,GCACCCGGGACGATCT,V413R,1,1
-8.527,4.176,GTGAATCGAGCACTTA,F500A,1,1
-8.527,4.176,GTGCCACGGCCCTAGA,R482D,1,1
-8.527,4.176,GTTGTGATCACGGACC,T248M,1,1
-8.527,4.176,TAAATTATGAAAACCT,F148V,1,1
-8.527,4.176,TACATTCTATAAGATC,V43L S422G,2,2
-8.527,4.176,TAGTAACAAAAACGAA,A19Q F174S,2,3
-8.527,4.176,TAGTATGCCCAAGTCT,G360D,1,1
-8.527,4.176,TATAATCCTTACCCCA,F125E Q363W,2,2
-8.527,4.176,TATTATAACCAAATAA,N122K,1,1
-8.527,1.392,TCACTCTTCTACTGAA,S205P,1,1
-8.527,4.176,TCCCAATCATTTTTGA,R33E L251P,2,3
-8.527,4.176,TCGCCCCTTAATTACT,G342D,1,1
-8.527,4.176,TCTATAATGGACGAGA,W234P,1,1
-8.527,4.176,TCTCATTTATCACTTC,R354D,1,1
-8.527,4.176,TGCATTTAACCTGACT,L244P,1,1
-8.527,4.176,TTAAATAACCCAGATC,E89N N126G,2,2
-8.527,4.176,TTAATCTAATTGCAAC,G360D Q371K,2,2
-8.527,1.392,TTGCAAGCGCAATATC,W343H,1,1
-8.527,4.176,TTGCAATTCGGAAAAG,A39D,1,1
-8.527,4.176,TTGCGTTTACTATATA,Y178D,1,1
-8.527,4.176,TTGGATACTCATCTCG,D487G,1,1
-8.529,0.8351,AGTAATCCATCCCCAT,L367P,1,1
-8.529,0.144,CCACAAGCACATTACT,F467T,1,2
-8.529,0.5965,TTTTCATTGCCTACGG,E41R,1,1
-8.53,1.392,AACCACTCTCCCGGTG,C97Y,1,1
-8.53,1.392,ATTCGATGCCACTCAT,R499W,1,1
-8.53,1.392,CGACTATTTAATATAA,I502Q,1,1
-8.53,1.392,TACAGAGTATCCTAAA,P254Y A373S,2,2
-8.53,0.8351,TACCGAATATAAGTAA,L455D,1,1
-8.533,1.392,AGCCTCATAATATGAA,W127C,1,1
-8.533,1.392,AGTCTGAGCGCCCAAA,I67F G303T,2,2
-8.533,1.392,CTGCCAAAAAACCTCT,I245R,1,1
-8.533,1.392,TTTCTTTCTGCGCAAA,L194K,1,1
-8.534,0.144,TACACACCATACTATG,Q191V T203A,2,2
-8.534,0.8351,AAGGAATGTAAAGCCA,G360I,1,1
-8.534,0.5965,ATTGCAATATTGTGTT,G16T,1,1
-8.535,0.4639,ATGAATCAAAAGGTAC,W127E,1,1
-8.536,0.5965,GTAATAAACCATGGGA,G61C,1,1
-8.536,4.175,AAAGTAGTGTATGGTT,I58Y I339D,2,2
-8.536,4.175,AACAAATTGTACAATA,H17K Q407C,2,2
-8.536,4.175,AACACCTACTGTACTC,L194V,1,1
-8.536,4.175,AACCTACTCCTAACGA,I34W Q327W,2,2
-8.536,4.175,ACACCATATGAAGCGC,S193C,1,1
-8.536,4.175,ACCACAACTGATGTGT,E35D P185E,2,2
-8.536,4.175,ACTATCTACTTTACAT,R150D,1,1
-8.536,4.175,ACTCACTAAGTTACTA,V43N,1,1
-8.536,1.392,AGGACCCTCGAATTTA,W421N,1,1
-8.536,4.175,AGGTCGTCATCACATC,K452P,1,1
-8.536,4.175,AGTAGAACCATACAAA,C52A,1,1
-8.536,4.175,AGTCTCAAATGGTGGT,G465E,1,1
-8.536,4.175,ATTGTTATTCCTTATG,L71C,1,1
-8.536,4.175,ATTTTCTATGAATAAA,F332W,1,1
-8.536,4.175,CAAAATGATATTAAAG,G240V V413M,2,2
-8.536,1.392,CAACTATGTCCAGAAA,G116V,1,1
-8.536,4.175,CAATGCTGCTTCTACA,H18D H488Q,2,2
-8.536,4.175,CACGAATATACTGAAA,L108D,1,1
-8.536,1.392,CACGGTCACCCATGCC,W180G L367P,2,2
-8.536,4.175,CAGTTAGATAAACGCC,W343I,1,1
-8.536,4.175,CCACCCATGAGACTGG,H18P L428P,2,2
-8.536,4.175,CCCCTCATTAGACGCC,G345V,1,1
-8.536,4.175,CCGTAAAACAGTGAAA,T155Q,1,1
-8.536,4.175,CGACACAAGCTTGACA,G181N,1,1
-8.536,4.175,CGCCCATAAACACGTA,E41V K503G,2,2
-8.536,1.392,CGGATGAAGAAAACTA,T206W,1,1
-8.536,0.8351,CTCTGATCGAGTCACA,M346V,1,1
-8.536,4.175,CTGTGTCACTAACACT,G465D,1,1
-8.536,4.175,GAAACTATTTGTACAC,C14I,1,1
-8.536,4.175,GAATTTGTCAAGAAAT,N158F G360F,2,2
-8.536,4.175,GAGACTACTACTAAAC,I339Y,1,1
-8.536,4.175,GCCCATATAACCAATC,E89S,1,1
-8.536,4.175,GGAACCCTATGAAATA,L71H E484K,2,2
-8.536,4.175,GGAATCAATACAAAAC,W153M,1,1
-8.536,4.175,GGTGACAAGCTTATCA,W343G,1,1
-8.536,4.175,GGTTCTTATCCCACTT,C76N,1,1
-8.536,4.175,GTGACACAAATAAATC,R150M E443P,2,2
-8.536,4.175,TAAATCATCCATACTT,T155E,1,1
-8.536,4.175,TAAGAGTGATAGTCTT,N246H,1,1
-8.536,4.175,TACATATGACCAAAAC,Q295R,1,1
-8.536,4.175,TACGACAGAGACAGTA,R261L C277R,2,2
-8.536,4.175,TACTCCACTAAACACC,I202C G319Q,2,2
-8.536,4.175,TACTGAAACGAAGTGT,N63A Q363R,2,2
-8.536,4.175,TATATGAATAAGAAAA,G337M,1,1
-8.536,4.175,TCCCCCTAAGGAAGTA,V182D,1,1
-8.536,4.175,TCCTAATTCAACAAAT,F332N,1,1
-8.536,4.175,TCGCAGAGGAGGTATT,S209P E432K,2,2
-8.536,4.175,TCTAAATGTTATCCGC,G5S L431K,2,2
-8.536,4.175,TGAAACACTATTCCAG,P284L P293N T388F,3,3
-8.536,4.175,TGTTGGAAAACTTTCG,M462H,1,2
-8.536,4.175,TTACAGCTGAATCAAC,I202W,1,1
-8.536,1.392,TTTCTACGAGAGTCTG,G349N,1,1
-8.536,4.175,TTTGTGAACCTAATCA,S205P Y470S,2,2
-8.537,0.5965,AGAAACAATAACACGA,I217N,1,1
-8.539,1.392,CCATTTTAATATACAC,G249K,1,2
-8.539,1.392,GGTAAAGTGCGATGTA,N433Y Y491F,2,2
-8.539,1.392,TACAAAGGCATCTCTG,G465C,1,1
-8.539,1.392,TTAACACCTCACAGGA,Y178F,1,1
-8.541,1.392,AGGTAATCGGGTGTAT,C466Y,1,1
-8.541,1.392,ATGTTACACTGCTACA,I481A,1,1
-8.541,1.392,ATTAAATCCAAGGGCA,C139P,1,1
-8.541,1.392,CCCAAGAAACTTTCCA,R329W,1,1
-8.541,1.392,GAACTCGCGGATAGAA,C76S,1,1
-8.543,0.8351,GCCAACAAGAAAAACA,A39T V43K,2,2
-8.543,0.5965,TAATTGAATCAGTCCT,N152M,1,1
-8.544,4.175,AAAGATCTACAAAGCT,T128S N246F,2,2
-8.544,4.175,AACTAGAGTTAGATTA,Y491E,1,1
-8.544,4.175,AACTATAAAATAAAAA,H471V,1,1
-8.544,4.175,AAGCTTACCTTAGCTA,F87R,1,1
-8.544,4.175,AATTAAACAGCTAAAA,D73Y,1,1
-8.544,4.175,AATTGTATAGCTGACA,N170Y K276R,2,3
-8.544,4.175,ACAATGTACAATTCAA,I67Y,1,1
-8.544,1.392,ACAATTAAAACTGGAT,W350T,1,1
-8.544,4.175,ACACTACCAAATTTAT,S46P N190W,2,2
-8.544,4.175,ACGATAAAAAATCCAA,G16C,1,1
-8.544,4.175,ACTAAACCCCAACTAT,C14H,1,1
-8.544,4.175,ACTAATTATAACAGAA,Q356G,1,1
-8.544,0.5965,ACTTTAAACAAAAAAG,T235P,1,1
-8.544,4.175,ACTTTAGGATCCGGTA,S422F,1,1
-8.544,4.175,ACTTTGGCCAACATGA,R255D,1,1
-8.544,4.175,ACTTTTGGGTTAAAAA,I58W,1,1
-8.544,4.175,AGAAACATAGTAAAGT,V112W S279E,2,2
-8.544,1.392,AGATATATCTGATGCG,N357A,1,1
-8.544,0.8351,AGCATAGCTTATTACA,A336I,1,1
-8.544,4.175,AGCATTAGGCAGTATT,V204P,1,1
-8.544,1.392,AGGTGGTAATGCTAAA,I339H K368E,2,2
-8.544,4.175,AGTATGAAATTAAGTA,Y302G,1,1
-8.544,4.175,ATAAGATATAAGTCAC,,0,0
-8.544,4.175,ATACCGACCAAAAGAC,N31W N433Y,2,2
-8.544,4.175,ATACGTTTTATTCTAA,I179G T451G,2,2
-8.544,4.175,ATATTAACTTACACAT,I288R,1,2
-8.544,4.175,ATCCAATTCGCACCAG,Q434F,1,1
-8.544,1.392,ATCCTGCAGTCTTTGT,M320H W350*,2,3
-8.544,1.392,ATCCTTAAATAGAATT,A253W,1,1
-8.544,4.175,ATGGGAGCGCGAGATC,G463V,1,1
-8.544,4.175,ATTCCTTTAGCGAATC,T370F,1,1
-8.544,4.175,CAAATTCCCATTTGCA,T155D,1,2
-8.544,4.175,CACCACTTATCACACA,N357K,1,2
-8.544,4.175,CATAAAAACCATTCTA,N298R E398K E457K,3,3
-8.544,4.175,CATAGCCACTATCAGA,,0,0
-8.544,4.175,CATTAGACGTAATGAT,I339F,1,1
-8.544,4.175,CCAGGCATCAAGTACC,N433R,1,1
-8.544,4.175,CCCGCCATGCTGACCT,A253F,1,1
-8.544,4.175,CCTACGCATGAACTCG,G116C,1,1
-8.544,4.175,CGACACCGGTAAAAAA,V297A A317Q,2,2
-8.544,4.175,CGATGGAACATAACTG,G72V,1,1
-8.544,4.175,CTCACAGTAGTGAACC,N424P,1,1
-8.544,4.175,GAATATAGCAACAACC,I481R,1,1
-8.544,4.175,GACTCTACACACTTCG,G352P,1,1
-8.544,4.175,GCAATTTAAATTACCA,D241F,1,1
-8.544,4.175,GCCCAAAATGACCTTT,T235I M444E,2,2
-8.544,4.175,GGACATGCAAAAATCC,C14Y S266Y G275D,3,3
-8.544,4.175,GTCAATCAAAAATATT,W84D P284T R321W S369Y,4,4
-8.544,4.175,TAAGATGGAATGAATT,L420Y,1,1
-8.544,4.175,TACAATTTTTTTACTC,A495F,1,1
-8.544,0.8351,TATCAATTACATAAAA,M346V,1,1
-8.544,1.392,TCAATCACTGGTTTTC,K264E A373N R492K,3,3
-8.544,4.175,TGAAATGGTACATTGC,A272P I385E,2,3
-8.544,4.175,TGACTTACAACTTTAA,P185S,1,1
-8.544,4.175,TGTTTATAGTTAACGT,C305K,1,1
-8.544,4.175,TTACTACGACTCTATA,V102E I226T I437D,3,3
-8.544,4.175,TTACTTAAAAGTCTAA,G319F,1,1
-8.544,1.392,TTCATCCAATGGGAAC,C477Y,1,1
-8.544,4.175,TTCGATCAACCTTAGC,F294Q,1,1
-8.546,0.4639,AACGCACAAGTTAACC,F79G I469V,2,2
-8.547,1.392,ATTAAATTAGTCTCAG,G181W,1,1
-8.547,1.392,CGGACAGTAGCCACCG,V130W D225E,2,3
-8.547,1.392,GAATGACACGGACAAC,L42D,1,1
-8.55,0.8351,CTGTCTTCTATCTTAC,M320K,1,1
-8.55,1.392,AGTCCCGAATGATTAT,S228E,1,1
-8.55,1.392,TAGTCTGAATTTCAAC,A39L,1,1
-8.551,0.4639,CGGTTTTTTTAAAAAA,W84C,1,1
-8.552,0.2198,TACTTTCTAAAGTTCT,I339S,1,1
-8.553,4.175,AAAAACATGAAACGAC,G286E,1,1
-8.553,1.392,AAAAATAATGCACAAC,P254L,1,1
-8.553,4.175,AACAGTGGGAAGATAC,L316R,1,1
-8.553,4.175,AACATGTCTAAGGAGC,F120M V309I,2,2
-8.553,4.175,AACGGAATCTAGAAGT,G116P K503N,2,2
-8.553,4.175,AAGATACGCAGGATAC,N458I,1,1
-8.553,4.175,AAGCCTGGTGCCTAAA,C305W,1,2
-8.553,4.175,AATAAATCTATGGAAC,G23L,1,1
-8.553,4.175,AATACTACTTCTGAGC,G342F,1,1
-8.553,4.175,ACTTATGAACAAAGGG,C14D Q132K,2,2
-8.553,4.175,ACTTCAACCACAACTC,N458R,1,1
-8.553,4.175,AGAATACCAATATAAT,K391*,1,1
-8.553,4.175,AGACATCAATATCAAT,K259W R492K,2,2
-8.553,4.175,AGGAGCATCCCCTATC,F147K,1,1
-8.553,4.175,AGTCCCAACTCATAAA,A304C T370N,2,2
-8.553,4.175,ATAATCATTGAGACCA,H183Y I202P,2,2
-8.553,4.175,ATCAAAATGCCGCTCT,G134F D419I,2,2
-8.553,4.175,ATCATTCAACAAACAG,S270H T416S,2,2
-8.553,4.175,ATCTCAGAATCCGTAC,A425E,1,1
-8.553,4.175,ATGTTTGATACACAAC,E432K,1,1
-8.553,4.175,ATTAACTCAAGTAAAA,Y486S,1,2
-8.553,4.175,ATTTAATACTCGCCCA,R492E,1,1
-8.553,1.392,CAAAGGAATAATAAGT,N38E T206V,2,3
-8.553,4.175,CAATATCCCACAGACT,D186A N322W,2,3
-8.553,4.175,CACTTATACAGTAACT,V297S N389K,2,2
-8.553,4.175,CAGAAGACCCATAGTC,A495H,1,1
-8.553,4.175,CAGACGTCTTCGCTCA,D241K,1,1
-8.553,4.175,CATAGACTGGCAAAGA,G465K,1,1
-8.553,1.392,CATAGATAGCACTTAT,I437Y,1,1
-8.553,4.175,CATTATGTAGACAGCA,S46C P99S W350Q,3,3
-8.553,4.175,CCAAAAATATAATTCG,F500D,1,1
-8.553,4.175,CCAAATGAATCACAAA,A372T L409H,2,2
-8.553,4.175,CGCAAATACAGCAGAC,W180L K264F K292L Q434H,4,4
-8.553,4.175,CGTACGGTAATCATGA,M168D E414N,2,2
-8.553,4.175,CGTAGTACAAGAAGTG,C52W,1,1
-8.553,4.175,CTGCTACAGAGAGGAA,G23D R150G,2,2
-8.553,4.175,CTTTAGGCGTAACAAT,L13P G337D,2,2
-8.553,4.175,CTTTCCGCCCCTCCAA,F258C,1,1
-8.553,4.175,GAATCGCAGACATGGC,M320K,1,1
-8.553,4.175,GAATTGCCCTCTCACG,R150W,1,1
-8.553,4.175,GACTCACAAACACCCC,E119* F120Q,2,2
-8.553,4.175,GAGAGCCCTTAAGATA,Y470V,1,1
-8.553,4.175,GATATTGCATCATTGC,C139Y N159H E172K I300H,4,4
-8.553,4.175,GCATAATGACTTACAA,L194P,1,1
-8.553,4.175,GCATTTTAAGGGGATT,C466A Y470N,2,3
-8.553,4.175,GCCACACAAATATGAA,M320Y,1,1
-8.553,4.175,GCTCGATATACCGAGA,F87C,1,1
-8.553,4.175,GGAGTTGTATACTAGG,P306W,1,1
-8.553,4.175,GGGACGACAATATAAC,I481Y,1,1
-8.553,4.175,GGTGGCTGAAAATTAA,D366L,1,1
-8.553,1.392,GTAGCATATATAGTTA,G72Q,1,1
-8.553,1.392,GTATTACAAACCTGAT,W180I,1,1
-8.553,4.175,GTCTCATTTTTGCCTT,A113Y F195L W234*,3,3
-8.553,4.175,TAAAATCCTGGATTTG,A317T Q376R,2,3
-8.553,4.175,TAAAGTCCCGCCCCTG,L71Y S262D,2,2
-8.553,4.175,TAGAGTGCGGGAAGTT,G181D R329K,2,2
-8.553,4.175,TAGATCAATGTTTCAT,G465S,1,1
-8.553,4.175,TAGTTTGATTAAGCAT,N322A,1,1
-8.553,4.175,TCATATATCCACCATA,L108M C305T,2,2
-8.553,4.175,TCGAACATCCCAATAA,M320I,1,1
-8.553,4.175,TGGTACTACAAAAACA,M320W,1,1
-8.553,4.175,TTAAAAACTTGAATTC,N170F G360N,2,2
-8.553,4.175,TTAGCAGCTCTTGCCA,T155P K387V,2,2
-8.553,4.175,TTCGTATTCGGGTCAC,I377G,1,1
-8.555,0.1546,AGACAAATTCCCCAGC,,0,0
-8.555,0.8351,CTACTAAAATTTAAAA,L177W V297G,2,2
-8.556,1.392,AACACAATTAAGCTGA,V43R A138S,2,2
-8.556,1.392,AATAAAATGACATTCA,Y470C,1,1
-8.556,1.392,GGACCGCCTAAAGGGT,I481Y,1,1
-8.556,1.392,GTTGATCATATTACGA,D241P,1,2
-8.556,1.392,TTGACAAAAGCTGCGG,T318S F353E,2,2
-8.557,0.8351,ACGGATATTAACCGTA,E340M,1,1
-8.557,0.5965,TAATAAACAACAACAA,W234* E403K,2,2
-8.558,0.3796,CAATAATTACCCGCAG,P185R,1,1
-8.559,1.392,AATTAAGACAATCACG,A138V,1,1
-8.559,1.392,ATAAGCCACTCAACGG,L243M N458W,2,3
-8.559,1.392,CTAATGTCATAATCTT,L409G,1,1
-8.56,0.8351,AATACTAACAATCATA,V237P,1,1
-8.561,0.3212,GCACTCTCGTACCACC,Y351C,1,1
-8.562,4.175,AAAAAACCCCCATCCG,S287H,1,1
-8.562,4.175,AAAAAAGTGAGAGCCT,G72V S143H,2,2
-8.562,4.175,AAACAAAACATCATTT,D73N E414H,2,2
-8.562,4.175,AAATACAATTTTAACT,I232V L409E,2,2
-8.562,4.175,AAATGCTTAATGCCTA,I230P L439W,2,2
-8.562,4.175,AACAATTACAACACCC,I260F G465*,2,2
-8.562,4.175,AACCTGGACACATGAA,F125T,1,1
-8.562,4.175,AAGACAAGTATGCCCT,D104V Y486P,2,2
-8.562,4.175,ACAAAAACTAGTACTA,E426S,1,1
-8.562,4.175,ACATAACACAGATCGC,T203M,1,1
-8.562,4.175,ACGACAATTGTTATTT,G362V,1,1
-8.562,4.175,ACTCTCCGGTTTATTG,D60K,1,1
-8.562,4.175,ACTTTTCTACCTCAGT,F120V,1,1
-8.562,1.392,AGCCATGATAGTAATA,G263H G319Q,2,2
-8.562,4.175,AGGTCCTGACTATATG,E123L A212D,2,2
-8.562,4.175,ATAAGATGAATTCCTA,A253W,1,1
-8.562,4.175,ATACGAACATTACATT,F500N,1,1
-8.562,4.175,ATCGCCTAATATACAA,H17V,1,1
-8.562,4.175,ATCTCAGATTATAAGC,E123F L455T,2,2
-8.562,4.175,ATGTTTGAATTAAAAA,A138T,1,1
-8.562,4.175,ATTAAGACTTTCTTAC,L42D,1,1
-8.562,4.175,CAACTTTATAGGATGG,G16R V213W,2,2
-8.562,4.175,CACCAATAATCACGAA,W421* A459F,2,2
-8.562,4.175,CAGAAACCTTGCAAAA,E123K E398K E403K E410K I478T,5,6
-8.562,4.175,CCACAAAAAAAAATAA,T30W A253T,2,2
-8.562,4.175,CCAGCTTTCTAACTAT,T328R Y491R,2,2
-8.562,4.175,CCAGGACAGAATTATA,I58K,1,1
-8.562,4.175,CCATTATGGCTGACTC,I252S,1,1
-8.562,4.175,CGCTTGTTACAGTAAA,G61D,1,1
-8.562,4.175,CTAACAGATGAATTCA,V102R,1,1
-8.562,4.175,CTAATATCCCAGGTCC,S266V T283I,2,2
-8.562,4.175,CTAGGTGAGTGTCACA,N246A,1,1
-8.562,4.175,GAAAAATATACTATAT,L177H,1,1
-8.562,4.175,GAATTGAATCCTTAGC,I230A T440W,2,2
-8.562,4.175,GAGTAAAAACCTGACC,E41S,1,1
-8.562,4.175,GATCAACGAACAAAAG,Q211F T436P,2,2
-8.562,4.175,GCATCACCAAACATAC,C14I,1,1
-8.562,4.175,GGATGAAAACCCAAAA,A425G,1,1
-8.562,4.175,GTCCACCCCCAAGAAT,E340T,1,1
-8.562,4.175,GTGAATACGAAAATAA,Y423A,1,1
-8.562,4.175,TAAATAAATTCTTTGG,N458L,1,1
-8.562,4.175,TACACCGTCAGTAGTT,Q164K,1,2
-8.562,4.175,TAGAATGACAGTATAC,L151E,1,1
-8.562,1.392,TAGACTAAACCAAGAC,N170K,1,2
-8.562,4.175,TATAAAATTGGGAAAA,C466N,1,1
-8.562,4.175,TCCATCTTCAACAGTG,T187Y G360L,2,2
-8.562,4.175,TCCGCTCTGATAAAAA,F332E G345D E410K,3,3
-8.562,4.175,TCCGTCCTCACTAATT,S270R G404K,2,2
-8.562,4.175,TGAAAGAAAACTAAAA,I51W,1,1
-8.562,0.5965,TGAACCATTCCGTAAC,A364E,1,1
-8.562,4.175,TTACCTCTACCTTAAA,I282G,1,1
-8.562,4.175,TTATATTTAGAAAAGT,M168F D474A,2,2
-8.562,4.175,TTCCGAGTCTACAAAC,I478N N483W,2,2
-8.562,1.392,TTGATACAAGTGAATT,E457P,1,1
-8.562,4.175,TTGATGCAGAATAAGA,I377A,1,2
-8.562,4.175,TTTGATTACACTAGAA,G256M,1,1
-8.562,4.175,TTTTCCCTCACCTCAA,S46E F467G,2,2
-8.564,0.835,TATAGATCTAAGAAAA,S9I V204H,2,2
-8.565,1.392,ACTATATAAATATCAA,I230H,1,1
-8.565,1.392,AGTCTATATAGTACTA,T318K L381A,2,2
-8.565,1.392,ATACAGTCAACAATCA,F79L G256A M268I A317Q,4,5
-8.565,1.392,ATTAGAGTGACAACGT,S422H V429L,2,2
-8.565,1.392,CCACTCCTCCAAACTC,L70N,1,1
-8.565,1.392,CTTCCGAGGGAACACA,E89K G275A,2,2
-8.565,1.392,GGGCCTTTATAACTTA,E340K,1,1
-8.565,1.392,TAACAGAGATTGAACT,N152T M444I,2,3
-8.567,0.3212,AGTTAATATTAGTACC,A138T N158G M444I,3,3
-8.568,1.392,GGAGAAGGCCGTAATT,K131E Q295L,2,2
-8.568,1.392,TAACCGTAATTTACTC,C477E Y486C,2,2
-8.568,1.392,TCAAAAATAAACCTAT,R261* T283S P293A K391N,4,4
-8.568,0.5965,ATCGATAAATGAATCA,D175N T187P A372T,3,4
-8.569,0.4639,TCTCGAATATTATAAT,F195R,1,2
-8.57,0.4639,CTGGAGTACAGTTCAT,S54P,1,1
-8.57,4.175,AAAAATAGCTTAAACA,N152P,1,1
-8.57,4.175,AAAATTTACCAGTACC,P185I,1,1
-8.57,4.175,AAATGATTTAACCGTA,I3A C305R,2,2
-8.57,4.175,AACAACCAGAATTAAA,L42N,1,1
-8.57,4.175,AACCACCCCTTATACC,I469T,1,1
-8.57,4.175,AAGGAATTGGAGCACA,F353I E398K,2,3
-8.57,4.175,AAGGCGAAAACATCAT,F79S G465R,2,2
-8.57,4.175,AATAAACTTTAAAAAT,S228R,1,1
-8.57,4.175,AATGCAACAGAAACTA,I377P,1,1
-8.57,4.175,AATTGTATTTACTGCT,W180S I481K,2,2
-8.57,4.175,ACAAAGAAAAACGATT,W153I,1,1
-8.57,4.175,ACCAACATCTAAATAA,L15P,1,1
-8.57,1.392,ACCCGAAGAGTTAAAT,R261A P293D,2,2
-8.57,4.175,ACCTTATAACAAACGA,A253C,1,1
-8.57,4.175,ACGGAGATCTTCCAAA,W343E,1,1
-8.57,4.175,ACGGCAGATAGGAAAG,Q197N G352P,2,2
-8.57,4.175,ACTTTAAAACCAAGAA,T248Q,1,1
-8.57,4.175,AGAGAGCATATACCAC,H355W,1,1
-8.57,4.175,AGATATATAGGAGCTA,A317H A364M,2,2
-8.57,4.175,AGATTCGCAAAGCGTA,Q75N N433A,2,2
-8.57,4.175,AGCATTGATATTAATA,I179G H435N,2,2
-8.57,4.175,AGGGCAGCCTCCTTTA,G23Y,1,1
-8.57,4.175,AGGTAATAAAGCTCAA,S231R C473F,2,2
-8.57,4.175,ATCTATTGGACCGGCT,G330L W421F,2,3
-8.57,4.175,ATCTTAAACTTAGACA,L428D,1,1
-8.57,4.175,ATGAGGACACAGAATA,C477L,1,1
-8.57,4.175,ATGGATGTGCAGAGTC,A334Y,1,1
-8.57,4.175,ATGTTAATTAACCGGT,K27D K387*,2,2
-8.57,4.175,CACAATCAATAGGCCC,S270R,1,1
-8.57,4.175,CATCCCGTCAAAACCG,Q434Y,1,1
-8.57,4.175,CCTCCTAAAATAACGC,L243S,1,1
-8.57,4.175,CCTTCCAAGACACTTC,G61E V223P,2,2
-8.57,4.175,CGACTATTACGAAAAT,G116E,1,1
-8.57,4.175,CGCACCATACACTACT,G465L,1,1
-8.57,4.175,CGTGAGCTGGTACAAC,V36H,1,1
-8.57,4.175,CTCAACTACAGGTCCA,V20G Y302S,2,2
-8.57,4.175,CTGAACAAAGGAACAA,R492N,1,1
-8.57,4.175,CTTAAGGTATAAGAAA,S124A Q356*,2,2
-8.57,4.175,GAATATGCAGTAAAAA,V43N,1,1
-8.57,4.175,GATACAAACCTACAAA,Y351K,1,1
-8.57,4.175,GATGATGACTTTGAAC,G330H,1,1
-8.57,4.175,GCGAATACTGCAAAAA,Y486H,1,1
-8.57,4.175,GCTACCATACTAAAGC,S265L,1,2
-8.57,4.175,GGGAAGATTCATCTTA,S91M I331S,2,2
-8.57,4.175,GTACTTTGGGAAATTC,P74L,1,1
-8.57,4.175,GTATCCAAATATATTT,P254K,1,1
-8.57,4.175,GTCAACTAACAAAAAG,G360I,1,1
-8.57,4.175,GTTCCATTGACAATAC,V88Y,1,1
-8.57,4.175,TAAGACTACGATAGAC,N322G,1,1
-8.57,4.175,TATAGCGTATATTCTA,V20N K292R Y302C,3,3
-8.57,4.175,TCACATCTACTGACAA,W421S,1,1
-8.57,4.175,TCTTAAAACAAAATTT,G263* I335V,2,2
-8.57,1.392,TGAACCCTTTAAATGT,C97K,1,1
-8.57,4.175,TGATTTTCGTCAAACC,T248Q,1,1
-8.57,4.175,TGTCTATAATGGTGTA,I232N,1,1
-8.57,4.175,TTCATAAACAATGAGA,I58Q N298A,2,2
-8.57,4.175,TTTACCTTTCTAAAAC,I481S,1,1
-8.572,0.835,GCGCCTTCGACCTGTA,I478H,1,1
-8.573,1.392,AACATTATACCACAAA,P185D,1,1
-8.573,1.392,CTCTCACAGGTCACAT,E41A,1,1
-8.573,1.392,TGGATCCTTCTTCGTA,I481M,1,1
-8.573,1.392,TGTGAAGCTTACCCTC,I288H,1,1
-8.575,0.4639,AGCAGTCCCTACTCTC,L13G,1,1
-8.576,1.392,AATCTCGTTTTCCCAC,V43M,1,1
-8.576,1.392,AGTCTAAAATAGACCA,I481S,1,1
-8.576,1.392,ATGCTGTACATAGAAG,V309N,1,1
-8.576,1.392,GGACCCATACATTTTC,P254L E460D,2,2
-8.577,0.835,CACGACACTGCCCATG,C64L,1,1
-8.579,4.175,AAAAATATTTCTGCCA,K131N N152G D441N,3,3
-8.579,4.175,AAAAATCTAGTTCTAC,V237K,1,1
-8.579,4.175,AAACCGTCTTGAATTG,T37D H355Y,2,2
-8.579,4.175,AAACCTACAACAGGGC,A425H,1,1
-8.579,4.175,AAAGTCCAGAGATACT,P74G N341V,2,2
-8.579,4.175,AAATTCAAGAGAATAA,H56I L154P T206K,3,4
-8.579,4.175,AACAAATTACTTCCTG,V102F S114N Y302E,3,3
-8.579,4.175,AACATAGGCCCTATAA,F338T G345W,2,2
-8.579,4.175,AACCAACACCACCAAA,Y178P,1,1
-8.579,4.175,AACCCATACTCCATAA,G16E,1,1
-8.579,4.175,AACTGCGATTATGACT,M320V Q363R Q454P,3,3
-8.579,4.175,AATGACCCAATCGCTA,F120K I418N,2,2
-8.579,4.175,AATTTCGCAACACTTA,A253Q,1,1
-8.579,4.175,ACAAACATCGAATTGC,Y491Q,1,1
-8.579,4.175,ACCAAGAGCTATAAAA,F147D I335K,2,2
-8.579,4.175,ACCTAAAGACAAGTTC,Y302D,1,1
-8.579,4.175,ACGAAAGTATCACCAC,I437S,1,1
-8.579,4.175,ACTCTTATCAAACTCT,N357R,1,1
-8.579,4.175,AGCTCTGAAATACAGC,A334I,1,1
-8.579,1.392,AGTGACCACCGCATAG,F353L F500E,2,3
-8.579,1.392,AGTTTTCCCACACATA,I230H,1,1
-8.579,4.175,ATAAATGGAGAGTCGA,E123Q Y178S,2,2
-8.579,4.175,ATAATGAAATCGCCGT,Y100L A196T T313N,3,3
-8.579,4.175,ATACTAATACCACTAA,P289W Y302D,2,2
-8.579,4.175,ATACTAATCACTTATG,C477I,1,1
-8.579,4.175,ATATCGCATAGATATT,N31I W421D,2,2
-8.579,4.175,ATCCAAATTAGCTATA,I377N,1,1
-8.579,4.175,ATTAGAAAAATGTGCA,I160N V223G,2,2
-8.579,4.175,ATTCCTGAAACGGCCA,F120A,1,1
-8.579,4.175,CAGAAAATCAAATACT,T416R,1,1
-8.579,4.175,CATTGGCTCCGACAAT,Y351P,1,1
-8.579,4.175,CCCCTAATGTACAGGG,L70G,1,1
-8.579,4.175,CCTCTACCAACCATAA,F258K,1,1
-8.579,4.175,CGACATTATAGAATCT,I478R,1,1
-8.579,4.175,CGAGGTAAAGTCTCAA,L15Y,1,1
-8.579,4.175,CGATACAGAGACTATA,L420K,1,1
-8.579,4.175,CGGCAAGTTGTCTTAA,A459M,1,1
-8.579,4.175,CTCTAAACTGAGTTCA,H183Y L194D,2,2
-8.579,4.175,GACCTCAATAAACAAC,V26S S266Q I385S,3,4
-8.579,4.175,GAGAACACAAAACTTC,L455Q,1,1
-8.579,4.175,GATTATACTGACAATT,N170E,1,1
-8.579,4.175,GCTACGTAGACTTATT,G345D,1,1
-8.579,4.175,GGTAGACCAATTAAAC,T416R,1,1
-8.579,4.175,GGTTTTACGACTACTA,N246C,1,1
-8.579,4.175,GTGACTAGAAACAAGA,G218* R261G P284G,3,3
-8.579,4.175,TAACGACGACACCATC,H183G,1,1
-8.579,4.175,TACACCTGTCCCTCCA,C64I,1,1
-8.579,1.392,TACCTAGGAAGAATAA,C52N,1,2
-8.579,4.175,TAGAATGTACCAGCAG,L13Y,1,1
-8.579,4.175,TATGAAGCTTAACTGT,,0,0
-8.579,4.175,TATTATAGAGTACAAT,A19T G342L S480H,3,3
-8.579,4.175,TATTCATAATCCCAAA,H17E A93S,2,2
-8.579,4.175,TCAAGCTGTTCAATCA,A138Y I502T,2,2
-8.579,4.175,TCAATATGTAAAACGT,M346S,1,1
-8.579,4.175,TCGCAGGTTTCATAAA,S205R D225M,2,3
-8.579,4.175,TGCCATTACATATTAT,I331S,1,1
-8.579,4.175,TGGAAAAAATTTTTTC,E340W,1,1
-8.579,4.175,TGTATCGGCCTAACGT,P185Y,1,1
-8.579,4.175,TGTTTCCACATAAGTA,Q363C G465R,2,2
-8.579,4.175,TTATAAATAAATAGTC,L86P,1,1
-8.579,4.175,TTATAATCTTTACAAT,P254D F294L,2,2
-8.579,1.392,TTATGTCTTCTAATAC,N190F,1,1
-8.579,4.175,TTCCAAGTAGAAATAC,F258R Y308*,2,3
-8.579,4.175,TTCGATTCTTGAACAA,T451N,1,1
-8.579,4.175,TTTGGCTTAACCAAGA,G360E,1,1
-8.582,1.392,CTACCCTATACCGGAG,P306L,1,1
-8.582,1.392,GAAAGAAACATATTGA,T203I,1,1
-8.582,1.392,TAAGAAATAAGACCAA,F125N E414M,2,2
-8.582,1.392,TAGAATTATATAATAG,D241L G504S,2,2
-8.584,0.835,CTAAATTCAGATAACA,G72W,1,1
-8.585,1.392,AACTTTTAATAAAAGA,Y351P,1,1
-8.585,0.4639,AGGATACGGGATATAT,G303D,1,1
-8.585,1.392,CATAAATGGGCATCTT,Y178S,1,1
-8.585,1.392,GAGCTTCGTCATCTAT,V36N,1,1
-8.585,1.392,GTCTTGCACGTCTCAA,G61E,1,1
-8.588,4.175,AAACATACCAAACAGA,M268L R499W,2,2
-8.588,4.175,AAACTTATCCCCACGC,L314H,1,2
-8.588,4.175,AACCCCATGCCATTGA,N357C D487A,2,2
-8.588,4.175,AAGCTGAACTTCTACA,N250I,1,1
-8.588,4.175,AATTCGCTACAACCCT,I67N,1,1
-8.588,4.175,AATTCTTAACAAAACA,I67R,1,1
-8.588,4.175,ACAAACTGCTAAATAC,N170Q Y470C,2,2
-8.588,4.175,ACAAATACTCGAACTA,W421*,1,1
-8.588,4.175,ACCCATGTATCGTTCT,G23*,1,1
-8.588,4.175,ACCTAATATGCTCCTC,A334K,1,1
-8.588,4.175,ACGCACACATGTATAT,W84M E457Q,2,2
-8.588,4.175,ACGCGAATTTCAAGGT,N298L,1,1
-8.588,4.175,ACTCAGACGGAGCAAA,W127D A138D,2,2
-8.588,4.175,AGCACAAAGCCAAATA,N152W,1,1
-8.588,4.175,AGGACATCAAACCCAG,A372P,1,1
-8.588,4.175,ATCAATAACAAATAGA,Q327*,1,1
-8.588,4.175,ATCTTACATCGCTGCT,A317N,1,1
-8.588,4.175,ATGGCTATTCCACTAG,V182R,1,1
-8.588,4.175,ATTAATTAGAGATAGA,I288D,1,1
-8.588,1.392,CAAAAAAACTATAAAA,Y491L,1,1
-8.588,4.175,CAGAGTTAGCAACCTG,T248R,1,1
-8.588,4.175,CATTTATGCCTATATT,V88H,1,1
-8.588,4.175,CCATTGACATTGAATA,A113I,1,1
-8.588,4.175,CCCACCTGTAAGAGAG,I34W E426Y,2,2
-8.588,4.175,CCCATAATACTAATGA,C64Q E390K,2,2
-8.588,4.175,CCTGGTAGACAAACAC,L455D,1,1
-8.588,4.175,CCTGTTCTAGCCAAAC,E340S,1,1
-8.588,4.175,CGATAACAACGTATAT,S422N H435S,2,2
-8.588,4.175,CGCAACAAGGAAACAC,G134Y D408V,2,2
-8.588,4.175,CTACCAAGGTACCACA,R201I A336N,2,2
-8.588,4.175,GAAAGGAGAGAACGAA,R90W,1,1
-8.588,4.175,GAAGGGCACCAAATTT,V347M F353R,2,2
-8.588,4.175,GAAGTCATCTACCACG,W180I,1,1
-8.588,4.175,GCACGTATAATAAACA,V88W,1,1
-8.588,1.392,GCATAATCGCTTACAA,I160M E340C,2,2
-8.588,4.175,GCTCACGCCACATTAT,D419W,1,1
-8.588,4.175,GTAAGGCGCCACCAAA,I29T T117I G319S R354E,4,4
-8.588,4.175,GTACATACATACAACC,P254W,1,1
-8.588,4.175,GTCCGAGCTGGCCAAG,S205P,1,1
-8.588,4.175,TAGAAATACTTAGTAA,Q434W,1,1
-8.588,4.175,TAGTTTCAGCCTCAGT,C76H,1,1
-8.588,4.175,TATATGAACAACTTAT,I230H,1,1
-8.588,4.175,TATTCCACCCGATAAA,S96I I339R,2,2
-8.588,4.175,TATTCGCCTAATATCT,Y491L,1,1
-8.588,4.175,TCAAAAACCAGTCCTA,N357K,1,1
-8.588,4.175,TCAATTCACGGATTAC,V429S,1,1
-8.588,4.175,TCACGAAATCCACGAA,L118P F353Y,2,2
-8.588,4.175,TCACGTGCATAAATCC,C305W,1,1
-8.588,4.175,TGCATGCATTGGAAAC,Y302G,1,1
-8.588,4.175,TTACCTTTGATAGCTA,Y423T,1,1
-8.588,4.175,TTACTAACAAATATAG,A253F,1,1
-8.588,4.175,TTCCATATATATAACT,W127G P293R K503N,3,3
-8.589,0.5964,AGCATAATTATCAGGC,I230S,1,1
-8.59,1.392,AACCACGAATCTCAAG,C477G,1,1
-8.59,1.392,CATTACAATATACAAA,G463V,1,1
-8.59,1.392,TCTCTGGCTAATCAAA,V88H,1,1
-8.591,0.835,AAAACGATGCAGGAAA,D68R,1,1
-8.591,0.835,CGAGGTATTATATCTA,M268P,1,1
-8.591,0.835,TTAACAAATGACTCCT,Y302N,1,1
-8.592,0.5964,AACGCCCGGTCAATAA,R383Y A476C,2,2
-8.592,0.5964,TCTGTACAACTAAAAA,R220H L427K,2,2
-8.593,0.835,ATAACTCGATAACATC,G342S L428H,2,2
-8.593,0.835,TATAGAAAATCACAGC,V36Q,1,1
-8.593,1.392,AACTCAGTCAGTAACT,L15Y S136D,2,2
-8.593,1.392,GCAAAAGGAAGGACAA,Y257N K411N,2,2
-8.593,0.4639,TACATACATCACTCAC,I481K,1,1
-8.593,1.392,TCACGTATTTAAGCCA,I335D,1,1
-8.593,1.392,TTGCCAAGATTTTTCA,G303N,1,1
-8.596,4.175,AAAAATTTGTTAAAGA,N322L,1,1
-8.596,4.175,AAAACACGCTCTAGAT,G116Q L251M,2,3
-8.596,4.175,AAAACCTCCCCGCACC,T370D I374M,2,2
-8.596,4.175,AAACATCTCCATACCT,L118R,1,1
-8.596,4.175,AACATTACTAAGCCGA,L427K,1,1
-8.596,4.175,AACTACTATACATCAG,I236H F332V G333V,3,3
-8.596,4.175,AATAACTCACACTTAC,L15W S442A,2,2
-8.596,4.175,AATGTACAGCTCAAAA,E89Y,1,2
-8.596,4.175,ACACACCTATTGCAAA,F500G,1,1
-8.596,1.392,ACAGTCACATCAGTCT,S287M,1,1
-8.596,4.175,ACCTTTGAAAGTAAAC,F148D Y486I,2,2
-8.596,1.392,ACGTAGAATATTACGA,G62S S378V,2,2
-8.596,4.175,ACTGTCCCAAATCGTT,I481S,1,1
-8.596,4.175,AGGAACAAATAATAAT,A93S S228G S287W,3,3
-8.596,1.392,AGTACATTTGTCGACA,K411P,1,1
-8.596,4.175,AGTCTAACTCAAGGGC,I300W G319D,2,2
-8.596,4.175,AGTTAAATAATACAGG,A495R,1,1
-8.596,4.175,ATACAAAAAGCAACCT,T283N T328L Y423N,3,3
-8.596,4.175,ATACTAAATCACCCCG,G129C M462V,2,2
-8.596,4.175,ATATGAAATACTTTAA,G337D E401R,2,3
-8.596,4.175,ATCCTTGAAAAGAATC,P162M T451N,2,2
-8.596,4.175,ATCTTAGTGAGAGCTC,D60N R109P,2,2
-8.596,4.175,ATGAGTATCATTTTAC,P254M,1,1
-8.596,4.175,ATGCTAAAAATTCAGA,L151K,1,1
-8.596,4.175,ATTAAATCAGAGGCCT,S54N E457L E494D,3,3
-8.596,4.175,ATTCTTGACGAAAATT,K468D,1,1
-8.596,4.175,ATTTAACTATCGCAAA,C305W,1,1
-8.596,4.175,ATTTAGAACCTGTTAC,N458W,1,1
-8.596,4.175,ATTTTTGTAAACTTGT,W127R,1,1
-8.596,4.175,CAAATTCTGCACACTG,Y351E,1,1
-8.596,4.175,CACCCCCGGCAATGAT,G319E,1,1
-8.596,4.175,CACCTAACACATCAAT,I481H,1,1
-8.596,1.392,CAGATATCAGTCGCAA,G303L,1,2
-8.596,4.175,CAGGCCGACACAAAAT,G337V,1,1
-8.596,4.175,CCGACAATAATCAGTC,A317D,1,1
-8.596,4.175,CGCATCTTTAGACATC,T436Q,1,1
-8.596,1.392,CTACAAGCATACCCAG,W234*,1,1
-8.596,4.175,CTTCGACCCTTATTTC,I34W,1,1
-8.596,1.392,CTTGGTTGTTTACCAT,T436Q,1,1
-8.596,4.175,GCACAATTGAAGCAAA,L455E,1,1
-8.596,4.175,GCCAACCGGTTAATAA,V20T W343*,2,2
-8.596,4.175,GCGTAACACCCAATCC,C52L S378H,2,2
-8.596,4.175,GGTACCAGCTTCTTAG,E426D L427P,2,2
-8.596,4.175,GTGCACTTAACACAAA,N246L,1,1
-8.596,4.175,TAATATATAATCACAC,G62E E414K R499A,3,4
-8.596,4.175,TACTGATAACCATCCA,Q371P A476S,2,2
-8.596,4.175,TCACACATGTATTAAG,F258G,1,1
-8.596,4.175,TCAGTAGGATAGTAAA,I232N,1,1
-8.596,1.392,TCTACGTACTCAAAAC,D241A,1,1
-8.596,4.175,TCTAGATATAAATCAC,G345L E414K,2,2
-8.596,4.175,TGTTCATAGTAAATAT,Y351M,1,2
-8.596,4.175,TTATAAATACATGAAC,G72R N382S D415N,3,4
-8.596,4.175,TTATTCTTGATATACT,C14P S266* A272Q P293V,4,4
-8.596,4.175,TTTAACAAGAATACTT,F294T,1,1
-8.597,0.3795,AAGAGAACTTCACCAG,N158V A373W,2,2
-8.597,0.4639,GACCAATGATCCTGCG,Q1L G342D,2,2
-8.599,0.5964,TTAACAAATTAGAAAC,T318R G379C,2,2
-8.599,1.392,TACCAAATTCCAAAAC,F125Q,1,1
-8.599,1.392,TTATAAAAAACATGTT,N322T,1,1
-8.599,0.835,GTTGCCAAGCGACTTC,F148L L194V A334S,3,3
-8.601,0.3211,AGTGGAAGCGATCACA,N170G,1,1
-8.602,1.392,AACACAAGTTTCTCCG,T436Q,1,1
-8.602,1.392,ATTATATTTTTTTGAT,E344K E457K,2,3
-8.602,1.392,ATTGAACTTCATTACA,D438P,1,3
-8.602,1.392,ATTGTAATTGCAGAAC,Q211C A459T,2,2
-8.602,1.392,CTTGTAAGAAAAAACG,G333C,1,1
-8.602,1.392,TACACCTACAGGTAGC,L108K,1,1
-8.602,1.392,TCCACCCCTCAGGATA,D225P T451A,2,2
-8.603,0.835,AATCATATCAAAGAAC,R354I E359C,2,2
-8.603,0.5964,AGCTAGCATCTTATCC,P99C,1,1
-8.605,4.175,AAAAAACTCCAGAATA,A459R,1,1
-8.605,4.175,AAAATATGCCTATCCC,L13N,1,1
-8.605,4.175,AACAACTAGGATCTCT,R150W,1,1
-8.605,1.392,AACCAGAGAATGCTAC,V43K T128N,2,2
-8.605,4.175,AACTAACGTTACCACC,G286I,1,1
-8.605,4.175,AACTCGACTGTAAAAA,V429R,1,1
-8.605,4.175,AACTTGCGAATTTAAT,A253Q,1,2
-8.605,4.175,AAGTCAATAGATTAAA,F87G,1,1
-8.605,4.175,AATGAGCCCAACAGCT,A163R C277S,2,2
-8.605,4.175,ACATATCACATTCGAT,D68H,1,1
-8.605,4.175,ACCAAGGATGAGAACT,P74K,1,1
-8.605,4.175,AGACACGCAAAATTTT,V102Y,1,1
-8.605,4.175,AGGATTTCTATAGAAC,A11F,1,1
-8.605,4.175,ATGCTCAACTGTCCAC,F353C,1,1
-8.605,4.175,CAAAAAGTCCGGTATT,F147Q L314P K397G,3,3
-8.605,4.175,CAACTCATGTGGGCAA,A212T A373F E390K E401K,4,5
-8.605,4.175,CATAACGATAGAATAA,F294A,1,1
-8.605,4.175,CATATGTAATCTCTTC,N483P,1,1
-8.605,4.175,CATTAAAACACAGTGT,I502P,1,1
-8.605,4.175,CCAAGTACCGATCTCA,I226R,1,1
-8.605,4.175,CCATAGAATACCCTTA,N159T I267K L431P,3,3
-8.605,4.175,CGAAACCCAATACCAT,I29V Y161G E414K,3,3
-8.605,4.175,CGAACAAAAAGACAAG,C52H G386E H393R W421*,4,5
-8.605,4.175,CGTTAGAAATACATCA,V182R,1,1
-8.605,4.175,CTACTCAACATCATCT,N170E,1,1
-8.605,4.175,CTATGGTGGAGTAAAT,D68I,1,1
-8.605,4.175,CTCAGGTCTGTCCCAA,I34M N489P,2,2
-8.605,4.175,CTCTTAATTGATCATA,D474Q,1,1
-8.605,4.175,CTGACTCGAATAAACC,S110P F258S,2,2
-8.605,4.175,GAAACCAAATGAGCAC,G337Y,1,1
-8.605,4.175,GAAACGCTCGGTATGA,L13W,1,1
-8.605,1.392,GAATTATTCTTATCAA,G352E,1,1
-8.605,4.175,GCCAGTTAAATTGAAA,G72Y,1,1
-8.605,4.175,GGGTAGTAAAAAAGTC,E432P,1,1
-8.605,1.392,GTTAAACCTAAAACAT,T451P K453C,2,2
-8.605,4.175,GTTTGCAATTGCGGAA,D68C,1,1
-8.605,4.175,TAAGGGAATTTATTCA,Q44P L244N,2,2
-8.605,4.175,TAATCCCTCTCATTAT,F125Q N489M,2,2
-8.605,4.175,TAGCCAAGACTTATAA,Y308A,1,1
-8.605,1.392,TATAGCACACAAAGCA,V309P,1,2
-8.605,0.835,TCAATCATATTAGTTA,N6I A495D,2,3
-8.605,4.175,TCTTATTAAGCTTGTC,V36A Q132D,2,2
-8.605,4.175,TGATAAGAAAATTACC,L151Q,1,1
-8.605,4.175,TGCTTCAATTCCGCAA,S115R I377S,2,2
-8.605,4.175,TTACTTTCTAGGCTAA,G62E E390K L409R,3,5
-8.605,4.175,TTCTTCGGTCGCCCAG,G275Y K278N S422I,3,4
-8.605,4.175,TTGAACAAATCCAAAC,L154R G504A,2,2
-8.607,1.392,AATTCATTTGACTCTC,R354H Y412D,2,2
-8.607,1.392,ACACGGTAATAAGGAA,E89F Y351H,2,2
-8.607,1.392,CCCCCCCACTTCTCAT,C305P,1,1
-8.607,1.392,GAGTGTAAAAAAAATA,V43E,1,1
-8.607,1.392,TAACTCTATTATATAT,P221V,1,1
-8.608,0.5964,GAAAATTTTTCATCCA,A138L,1,1
-8.609,0.4639,ACTCCGCAGTATGAGA,C52S,1,2
-8.609,0.2197,GCCGAAATATGACAAC,Y491V,1,1
-8.61,0.835,ACAATGCTTAAAAACC,K380P,1,1
-8.61,0.835,ATGTTAATCCCCTTCA,N170L,1,1
-8.61,0.3795,TTACTATGTAATGCTT,Y423C,1,1
-8.61,1.392,ATTCTCAAAACAAACT,G16P K472S,2,2
-8.61,1.392,CGTTGAAGGATTTTAC,N8Q Y308C W421G,3,3
-8.611,0.4639,CCAATGCAGATGCACC,S193W Y470G,2,2
-8.611,0.835,CACCAAGCCTAATAGA,L15*,1,1
-8.612,0.4639,GCGCACGATAAATAGA,L314Q,1,1
-8.613,4.175,AAAAAATTAATGACAA,W234R,1,1
-8.613,4.175,AAGCAACTTAATGTAG,Y178K,1,1
-8.613,4.175,AATAATCCTGATCTAG,L314Q,1,1
-8.613,4.175,AATAATTGACAAGACA,S54P,1,1
-8.613,4.175,AATCACTAAAAAAATA,I300W V429K,2,2
-8.613,1.392,ACCTTTACCACTATAT,L13T,1,1
-8.613,4.175,ACGAAAAACAAATCCC,Q295D,1,1
-8.613,1.392,ACTAACTACTTTTCTT,V429Y,1,1
-8.613,4.175,AGATAATTATTTACTC,R90G E460F,2,2
-8.613,4.175,AGATCCAAACACCGAC,R229V R499G,2,2
-8.613,4.175,AGGCTGTTCTATTGAC,S265V,1,1
-8.613,1.392,ATAAAACATTGGTGAC,F332G,1,1
-8.613,4.175,ATAACAGTCATATATA,D474V,1,1
-8.613,4.175,ATACACAAGTTTTTTT,W180N K326P,2,2
-8.613,4.175,ATACATTAATGTAGTT,F338T,1,1
-8.613,4.175,ATCCTCTGAAACAATC,L118H,1,1
-8.613,4.175,ATGAGGTAAAACTAAT,C97G A372T,2,2
-8.613,4.175,ATTTCCGTACATGGTC,I377K,1,1
-8.613,4.175,CAAAAATTCACTATAA,L71S,1,1
-8.613,4.175,CAACCCTCTAAAAGAC,Q311N H435I,2,2
-8.613,4.175,CAATATTTCGATCCCC,F258R,1,1
-8.613,4.175,CACAATCCTTCTAAGC,I232R,1,1
-8.613,1.392,CATCCCTGGATTATTA,W127Q,1,1
-8.613,4.175,CCACGAAGACACAACT,I51N H56Q,2,2
-8.613,4.175,CCATTTAATGCACTGG,Y257D,1,1
-8.613,4.175,CCGCTATAAACAAAAT,A196M C477Y,2,2
-8.613,4.175,CCGCTTGCGAGAGTAC,E340R,1,1
-8.613,4.175,CTAACGGGTAAAGTTT,V36I,1,1
-8.613,4.175,CTATAGCTCAAGACAA,G72E I226N,2,2
-8.613,4.175,GAAATAAATAGTGAAG,T37K G479R,2,2
-8.613,1.392,GAATGGAACCACATTA,I51D,1,1
-8.613,4.175,GAATTAACTATTACTC,I260D,1,1
-8.613,4.175,GAATTAGATAAAAACT,T135W F467N,2,2
-8.613,4.175,GACCTGGCCATCCGAA,A373L,1,1
-8.613,4.175,GAGCTAATCTATAACT,L13T,1,1
-8.613,4.175,GCCCTCCATTTCAAAC,R208E Y491S,2,2
-8.613,4.175,GGAACGACAGCAAACA,G465D,1,1
-8.613,1.392,GGTAACTAATACGTGA,C466K,1,1
-8.613,4.175,GGTCTTAAATACCACA,C281H,1,1
-8.613,4.175,GTACCTCTAAACAATT,C76L Q376R,2,2
-8.613,4.175,TAAATATTCCATACAA,A304T I339N,2,2
-8.613,4.175,TATATCCTAGAAAGGT,L154W,1,1
-8.613,4.175,TCAATAGACTGGTAAC,L13E R220G,2,2
-8.613,4.175,TCCATCGTAAGGACAG,G319K,1,1
-8.613,4.175,TCCCACCAAATGCCCA,C76L,1,1
-8.613,4.175,TGACCATATTCACACA,N246V K411D,2,2
-8.613,4.175,TGCTACTATAAAAAAC,Q434F,1,1
-8.613,4.175,TGTCAGAACAATCACA,Y302E,1,1
-8.613,4.175,TTCTAAACGATGTAGA,P254L,1,1
-8.613,4.175,TTGGCATCACACCATT,P227C C477N,2,2
-8.613,0.2456,CGATCCATACGCTTCA,Y491M,1,1
-8.615,0.835,AAAGAGTATTTGGACT,S96L C473G,2,2
-8.615,0.4639,CGAACCTGGAAATAAA,I217N,1,1
-8.616,1.392,GAACAACCGAACAACC,G72T,1,1
-8.617,0.4639,CTGTAAGAAAACATAT,K176D,1,1
-8.618,0.835,AAACAATTTAGGGCAT,P254C,1,1
-8.618,0.835,AGATACCTACAAGCAC,D241N E398K E401K,3,3
-8.618,0.835,GTTTACCTCAAAAATC,G303S A430P,2,2
-8.618,0.835,TACCTGACGAGACAAC,Q454S E494W,2,2
-8.618,0.835,TTCTATGAAGCGCGAC,L177C C281S P293D,3,3
-8.618,1.392,GAAAAGCTCCGAACCT,G286Y,1,1
-8.619,0.3211,ACATGTTGTTAACCGG,G303S,1,1
-8.62,0.835,GGGATACAGATAAACC,L108Y,1,1
-8.62,0.835,TTGCATAAATATTCCC,N285G G286V,2,2
-8.62,0.3795,CAAATCTAACCGAATT,A253D R456C,2,2
-8.62,0.4639,ATTTTGTATGGACCCG,D175L M346P,2,2
-8.621,4.175,AACGTAAAGGTGTACA,I51D,1,1
-8.621,4.175,AAGATTGCAAGATTGA,N152C,1,1
-8.621,4.175,ACGACCGACCTTATGC,G319C,1,1
-8.621,4.175,ACGATGGTCCCAATGA,S247K,1,2
-8.621,4.175,ACGTCCTTAGAAAAGC,W127Q R456G,2,2
-8.621,4.175,ACGTCTAATCTCACAA,N483D,1,1
-8.621,4.175,ACTCTCTTGACAAAGG,G465N,1,3
-8.621,1.392,ATAATCACATAAGCAT,Y470D,1,1
-8.621,4.175,ATACGCTGCTCGCAAA,F120P E325V,2,2
-8.621,4.175,ATATCAAGTGGAGAGT,T117N I437Y,2,2
-8.621,4.175,ATCACAATTTCAGTTT,Q132H S369Y,2,2
-8.621,4.175,ATCCTCTAACAAATCG,G342T,1,1
-8.621,4.175,ATCTATAACCTAAACA,W153S,1,1
-8.621,4.175,ATGAAAATGAGGAACA,G16S E41H,2,2
-8.621,4.175,ATGAGTTAAACACCTT,A364L,1,1
-8.621,4.175,ATGTTATCAACAAAGA,L71N V429G,2,2
-8.621,4.175,ATTACATAACGAGTAC,D68R,1,1
-8.621,4.175,ATTATACAATAAATCC,E35* F174V Q434*,3,3
-8.621,4.175,CATGAACTAACGAAAC,G330D E340N,2,2
-8.621,4.175,CATGCAGAAAATAAAA,I331K A336S,2,2
-8.621,4.175,CCTGATATAATTCAGC,F192C G345L,2,2
-8.621,4.175,CTACGTTAATAATAGT,L314K,1,1
-8.621,4.175,CTATTTCATATTATAA,E41K,1,1
-8.621,4.175,CTCAAACTAACACAAC,I179W,1,1
-8.621,4.175,CTCCTTATGGTCCAAC,C466A,1,1
-8.621,4.175,CTGTTCTATATATTAA,L108T,1,1
-8.621,4.175,GAAATTCCACTACTTG,D487S R492I,2,2
-8.621,4.175,GAAGACGCCACTCATT,V43Y,1,1
-8.621,4.175,GACAATCATAGGGCCC,N322I,1,1
-8.621,4.175,GACTTACATATTAAAT,G360C K472G,2,2
-8.621,4.175,GATACCATCAATTGCT,G463C,1,2
-8.621,4.175,GCAACCATTTAGTAAT,T248V C473F,2,2
-8.621,4.175,GCGTCACAAAACAAAT,G352D,1,1
-8.621,4.175,GGAAAATGTATACAAC,C14F,1,1
-8.621,4.175,GGCGTAAGCCGAATGA,N296E,1,2
-8.621,4.175,GGCTGAATATATAATC,Q75P G275E L496Q,3,3
-8.621,4.175,GTGCACCAGACTTCAA,A317N,1,1
-8.621,4.175,GTTGCTGCTTGGAACC,G23H,1,2
-8.621,4.175,TAAGAAATCTGCACAG,V406R R499K,2,2
-8.621,4.175,TAATAGTACTGTAAGT,W153M,1,1
-8.621,0.8349,TACACGTGCCAAAAAC,E460Y,1,1
-8.621,4.175,TACATTAAAACCAATG,A365E N497C,2,2
-8.621,4.175,TATATTAACAAATATA,E35K,1,1
-8.621,4.175,TCATATAGTAGAACAG,C281* P293L,2,2
-8.621,4.175,TCCAAAGTTGCCAGCC,L86P W421A,2,2
-8.621,4.175,TCTCCAAGCTCGATGA,E340T,1,1
-8.621,4.175,TCTTTAAGTTAAGGCC,A163T I226D,2,2
-8.621,4.175,TGCCAGCACATGACAT,G181H,1,1
-8.621,4.175,TTACTTCGGAAAAGAC,F332K,1,1
-8.621,4.175,TTGAATTAATAAGATG,R229W I339G,2,2
-8.621,4.175,TTTCTCATGGACTTCT,E89I P162F,2,2
-8.623,0.8349,ATACCTCTTCCAAGCA,G16P N433A,2,2
-8.623,0.8349,CTCCAGTCATCTTAAT,L13T,1,1
-8.623,0.8349,GCCCTACTTTCATCTC,E123S,1,1
-8.623,0.3211,TTCAAAATAACTCTAA,L15H S209F,2,3
-8.624,1.392,AAATTCGATTTCTATC,A253Y,1,1
-8.624,1.392,AAGGGATATGCAACAA,I226F N489F,2,2
-8.624,1.392,CACCAATCACACGCCC,C52W,1,1
-8.624,1.392,GAACTACTACGTCCAA,F258Q,1,1
-8.624,1.392,TCGGTGCTAAATAAAA,E123N,1,1
-8.624,1.392,TGAAATAATTAATTAA,F148L,1,1
-8.625,0.8349,TAACATGCTTTGACGA,S247N T440R,2,2
-8.625,0.8349,TAACTGATTGTGATTG,G275Q M346E,2,2
-8.625,0.8349,TTTAAACTTATAAATT,F147V,1,1
-8.627,1.392,GTAAATAAAGAAAACG,T318D,1,2
-8.63,4.175,AAAAACCCCAAACAAC,C139M F467V,2,2
-8.63,4.175,AAAATGGGTCTTAAGA,T313I A365T,2,2
-8.63,4.175,AACAACACGGCAAACA,R492S,1,1
-8.63,4.175,AACAGAGATATATCAA,L108F L316G,2,2
-8.63,4.175,AACGAATCCGTTCGAA,L177A,1,1
-8.63,4.175,AACTGAATCAATTGTT,D68E K472L,2,2
-8.63,4.175,AACTTAGAATTATTGA,V204P I374W,2,2
-8.63,4.175,AAGCTAGACCATTAGC,G181L I478G,2,2
-8.63,4.175,AATACCAAATCTTAGT,G330N,1,1
-8.63,4.175,AATAGTACCGGTTATC,E443K I502T,2,2
-8.63,4.175,AATATACACTATTGCA,P239T E426I,2,2
-8.63,4.175,AATCTACGGACCTCAG,A11R K278Q,2,2
-8.63,4.175,AATGAGTTGCACTTAT,L151W A304F Q501R,3,3
-8.63,4.175,ACTAGTTTCTATAGAC,S228M,1,1
-8.63,4.175,ACTGAAATACCCACCA,Y178K,1,1
-8.63,4.175,AGACACTATCAATACA,I502T,1,1
-8.63,4.175,AGATACCATCATGAAG,D408M E414*,2,2
-8.63,4.175,AGTATGAAGGATATAA,E41A G342S,2,2
-8.63,1.392,AGTTGCCCATGGCTAC,L86R,1,1
-8.63,4.175,ATCAAACGGTACATAC,A253F,1,1
-8.63,4.175,CAAAAATAAATCCAAA,M268G,1,1
-8.63,4.175,CACCTTAATAAACAGA,R229E A253T,2,3
-8.63,4.175,CCCTGAGGCTCATAGC,W421I,1,1
-8.63,4.175,CTAATCAAGCCCATTA,P74K,1,1
-8.63,4.175,GAAATATCCGATCTTA,K27L R261L C277S T283S G386L Q394L V402R,7,7
-8.63,4.175,GAACTGAAATTCCAGA,P306C,1,2
-8.63,4.175,GAATAGAAAACGCTGT,I245P,1,1
-8.63,1.392,GAGACCCAATGAGATA,Y470A,1,1
-8.63,4.175,GAGCTTCGTTCTGACT,V204P,1,1
-8.63,4.175,GATCACGCTCGAATTC,G362C,1,1
-8.63,4.175,GCCAATTGATCCATCC,G181I,1,1
-8.63,4.175,GCCTAAACATGTCAGA,G303A,1,1
-8.63,0.8349,GCGCTCGCTCATACAT,L251C E340D,2,2
-8.63,4.175,GCTATAATAACCAAAT,G463I,1,1
-8.63,4.175,GCTATTATCTCTCTCT,D32K I335E,2,2
-8.63,4.175,GGAACAGTCAAAAATT,F258A,1,1
-8.63,4.175,GGTTAACCTTTCAACC,D366T,1,1
-8.63,4.175,TAACACGTCCAACTAC,,0,0
-8.63,4.175,TACCATATAATAAGGC,V130E R361F,2,2
-8.63,1.392,TACTGAGCATGTAACT,K292D,1,1
-8.63,4.175,TAGCGCCAGAGCTCCA,F500T,1,1
-8.63,4.175,TATACACTGTATAAAA,N190Y,1,1
-8.63,4.175,TCCAAGCATAGTTAAA,E410P,1,1
-8.63,4.175,TCCCGAAAACTAATGA,R222L T436N,2,2
-8.63,4.175,TCTAATTAGGAGTCAT,L154K,1,2
-8.63,4.175,TCTACTACTATACCCT,K27R F125K P293V,3,3
-8.63,1.392,TTAACTAGCGTAGATT,I232Q,1,1
-8.63,0.1988,GAACCTATAACATTCA,G345A,1,1
-8.63,0.2783,AAGAGAGCAGAACATA,Y308P,1,1
-8.631,0.8349,TAGCTTAGAAGACGTG,G72* A212T I245R,3,3
-8.632,1.392,ATCACTTCTGCATGAG,N170Q,1,1
-8.632,1.392,CATTTAAACGTTCTCA,P103E V309G,2,2
-8.632,1.392,CCGTTGATGTACCTCT,A138T,1,1
-8.632,1.392,GATTGACTTAAGAAAC,R90K E119K Q210G E398K E410K,5,6
-8.632,1.392,TGTGTACAACCAACAG,D225V R229L,2,2
-8.633,0.8349,ATACGTTAAACCTAAC,N296L R492P,2,2
-8.635,1.392,AAAAAGAGCTAAAATA,P254L,1,1
-8.635,1.392,ACATCTGACAAATTAT,H471D,1,1
-8.635,1.392,CCTTCCATATATATTT,D348C L381G,2,3
-8.636,0.8349,AGAAATTCGCACAATT,N152W,1,2
-8.638,4.175,AAACCGACCCCCTAAT,F120D,1,1
-8.638,4.175,AAAGTCCGGAGATGAT,L251P,1,1
-8.638,4.175,AAGCAAAACTTATTTA,N133K I202N,2,2
-8.638,4.175,AAGCAGAGACTAACAA,V130Q,1,1
-8.638,4.175,AAGTCGAAGACCTATC,L66T,1,1
-8.638,4.175,AATCGCGATTGAAGAA,H18K R482N,2,2
-8.638,0.8349,AATTACAACCTAAGTC,A317F,1,1
-8.638,4.175,AATTTAAACTTCGCTC,F125G,1,1
-8.638,4.175,AATTTTTAAGAATCAC,Y178I,1,1
-8.638,1.392,ACAAAACTACTGTCCA,W350G,1,1
-8.638,4.175,ACACCCTTAAAACATG,F87C,1,1
-8.638,4.175,ACGAAGGCATATAGGA,E41L,1,1
-8.638,4.175,ACTAATGAAATGTAGT,I469E,1,1
-8.638,4.175,ACTTAGTACACGCAAT,P254G,1,1
-8.638,4.175,ACTTAGTGATTGTAAA,A373D,1,2
-8.638,4.175,ATAACAAGAAGCCCCA,A19E A336T,2,2
-8.638,4.175,ATATAATAACAAATTC,Y486K,1,1
-8.638,4.175,ATGGCATACATATTCA,T318Y G349E G479D,3,3
-8.638,4.175,ATTATCGTTTAATACC,Q173W T451K,2,2
-8.638,4.175,ATTTAAACCGCTTATA,G463M R499I,2,2
-8.638,4.175,ATTTCAATCGACACAC,R90C F353C,2,2
-8.638,1.392,CAATCAGTACTAATAA,R255P,1,1
-8.638,4.175,CAGACCACATATTATC,G5S A336D,2,2
-8.638,4.175,CATTTGCAATACAAAC,E41T,1,1
-8.638,4.175,CCGTCACAAAGAGGAC,V182A D419V,2,2
-8.638,4.175,CGAAAGAAGTGTCTGG,C97G I260C,2,2
-8.638,4.175,CGATAATTATACTAGA,D241K,1,1
-8.638,4.175,CGGAAATTGATACCCT,G337K,1,1
-8.638,0.8349,CGGCCTCATCAGTCAA,C466N,1,1
-8.638,4.175,CTAATGAATAACAAAG,S54V N357F,2,2
-8.638,4.175,CTACATTTTGGTTTGC,C277L,1,1
-8.638,4.175,CTCACTTTAACAGACC,R354E,1,1
-8.638,4.175,CTGCGATTGTAAGGAT,M168G C281H P284*,3,3
-8.638,4.175,CTTTTACAAGCACAAA,P254L S422R,2,2
-8.638,1.392,GATTAGCCTGTTAACT,G345R,1,2
-8.638,4.175,GCCTAACTTAGTAACA,C97A,1,1
-8.638,4.175,GGTCAATAAATTAAGA,P4T A138L L367P,3,3
-8.638,4.175,GTAACTCACGTATGAT,N322W,1,1
-8.638,4.175,GTAATTATTACCCCCT,,0,0
-8.638,4.175,GTCTTGAACACCTTAC,Y161E G218D G275R,3,3
-8.638,4.175,GTTACCAAAACTTACA,N22T C76K G345D,3,3
-8.638,4.175,TAAGTAACAATCTAGA,S91P C97F,2,2
-8.638,4.175,TACTAACCTTGACACT,G349D E410K,2,3
-8.638,4.175,TACTACTCAGTGTATC,R201G K387Y F392R,3,3
-8.638,1.392,TAGAAATTACTGAGGG,N152T,1,1
-8.638,4.175,TATAAAGAGCTCACGC,G386E G465R,2,2
-8.638,4.175,TATAAATAATCCCTAC,K50Q H471A,2,2
-8.638,4.175,TCAGCTGATTTGATCT,F258P,1,1
-8.638,4.175,TCTGATCTTCACAAAT,Y308S,1,1
-8.638,4.175,TTACCTTAATACCTAT,D225P,1,1
-8.638,4.175,TTACGAATAACCCATT,C477W,1,1
-8.638,4.175,TTTGACTTACGCATTC,L151H,1,1
-8.639,0.5964,AGGAAGAGAGAGACAT,,0,0
-8.639,0.8349,AAAACAAATAATGCAA,H355P,1,1
-8.639,0.8349,GTGCTAATTTCCCAAA,Y178Q,1,1
-8.641,1.392,GGTATCGAAATTTGGT,C473F,1,1
-8.641,1.392,GTGAAATTAGATCCAC,T248I,1,1
-8.641,0.8349,ACGACATTGTTCCAAT,T451W,1,1
-8.643,0.4638,AGTTATCTTAGACATA,C466E,1,1
-8.643,1.392,CATTCACAACGTTCAA,R499W,1,1
-8.643,1.392,TTTCCAACGAGTATGT,H488C,1,1
-8.645,0.5964,AAAGTAGTTCCCATGG,I288Y,1,1
-8.646,4.175,AAAAATCATTCTGCGT,E457K K468E,2,2
-8.646,4.175,AAAATTAATTCTATAG,N357K,1,1
-8.646,1.392,AAACACCTGACCCAAG,G72F N341T,2,2
-8.646,4.175,AACAAATGTCCTGGAA,I377K,1,1
-8.646,4.175,AACCGACATCCATGTA,G349E,1,1
-8.646,4.175,AACTGGATTCGCAAAA,G349Y,1,1
-8.646,4.175,AACTTGTCAGATCGAT,V102Y,1,1
-8.646,4.175,AACTTTATCCAACATG,I236P,1,1
-8.646,1.392,AATTTTACGTTAAAAT,Q295F,1,1
-8.646,1.392,ACACGTCTACCTTAAT,W421C,1,2
-8.646,4.175,ACAGAGCCACCGAGAG,G23V,1,1
-8.646,4.175,AGAGCGAAACTCGGTT,A11E Q295H W421R,3,3
-8.646,4.175,AGCGCTGCAGACCGAC,G319Y R361K Y486C,3,3
-8.646,4.175,AGGCAGAGGATTTCAT,V309Q,1,1
-8.646,4.175,ATATTAGCGACTAAGC,F125E,1,1
-8.646,4.175,ATTTGCGAACCGATGC,L151N,1,1
-8.646,4.175,CAATTATTCATATTGC,N389M F399G,2,2
-8.646,4.175,CACCTAAGTCAACCCA,L316N,1,2
-8.646,4.175,CAGAAGAGCCATCAGA,T248W,1,1
-8.646,4.175,CATACATATAAAGAAC,A373S I377E,2,2
-8.646,4.175,CCCCTCAAACGAGCCC,W153H,1,1
-8.646,4.175,CGAAAAAATCGTGAGA,R492W,1,1
-8.646,4.175,GACGAGCAGCAAAACG,P99G G337D,2,2
-8.646,1.392,GACTGGTTGTTCCCCT,K326R,1,1
-8.646,0.5964,GCCGTTGGCCAAACCG,T248D,1,1
-8.646,4.175,GCGCAGGCGAAAAAAA,W84T D474G,2,2
-8.646,4.175,GGAGTGCGAAGGCTAT,C76R,1,1
-8.646,4.175,GGTAACACAAAAGAAT,I252S F500Q,2,2
-8.646,4.175,GGTATCGCCGTCATAT,D7Y F120R,2,2
-8.646,4.175,GTAAAACTGCCGGGAC,L154R,1,1
-8.646,4.175,TAACATCTTAATCCTA,L439F E460D,2,2
-8.646,4.175,TAACCAATCATCAGAC,N246H,1,1
-8.646,4.175,TACGGCGATTAATATT,I395K,1,1
-8.646,4.175,TACTAAGTTAATATCA,H18E,1,1
-8.646,4.175,TACTTGTCAGCTAGTA,A163W L177E,2,2
-8.646,0.8349,TATTAATGAAAGACAG,T301H F500T,2,2
-8.646,4.175,TCAAAGACGTGAACCA,E344G D441H,2,2
-8.646,4.175,TCACAAGCACCTTGAA,K452D,1,1
-8.646,0.8349,TCTAAATCATACCCTG,Y178C,1,1
-8.646,4.175,TGCCAACCTCAATTAA,G218D I469G,2,2
-8.646,4.175,TTAAACAACAAAAACC,N357L,1,1
-8.646,4.175,TTAACTGGCACTCTTA,T65M D68N,2,2
-8.646,4.175,TTACCAGGATATTCAG,G319C,1,1
-8.646,4.175,TTATATCGATGCATAC,Y412P,1,1
-8.649,1.392,CCGAAACTAAGTCGAT,N159A R329Q,2,2
-8.649,1.392,CTTAACGTAAAACAAA,A365I,1,1
-8.649,1.392,TGACCTCATAGTAAGC,S146M D461A,2,2
-8.649,0.3795,TTAAGGGTAACCCAAG,M444N,1,1
-8.649,0.8349,ACGCCAACCAAATGAT,K176G,1,1
-8.649,0.8349,GTGAATACCTACTTAT,V36L,1,1
-8.651,1.391,CCACCCAATGTGCATA,C52D,1,1
-8.651,1.391,TTAAGTATAAGATGGA,I230E,1,1
-8.653,0.8349,TTAAAAGCACAGGGAC,F192I M346K,2,2
-8.654,1.391,AATACATTGAACCGAG,N357Y,1,1
-8.654,1.391,AGACAGAATAAAAAAA,N152G,1,1
-8.654,1.391,CAGTTAATCTACACAT,S228M,1,2
-8.654,1.391,GCATACGCCCATAGCC,D186A,1,1
-8.654,4.174,AAAAACTTCTATCTCA,L71S,1,2
-8.654,4.174,AAAACACATATAATTT,N152G I377V,2,2
-8.654,4.174,AAAACCTAACAAAAAG,T40P,1,1
-8.654,4.174,AAAAGATCGATTACAA,N322C G386V,2,2
-8.654,4.174,AAAATGACCGATCCAC,G362T,1,1
-8.654,4.174,AAACGCGGCCCCGTCT,Y308C,1,1
-8.654,4.174,AACATATGCAATAACA,S146W S231G,2,2
-8.654,4.174,AATCTCACGATCCACA,P185R,1,1
-8.654,4.174,ACAGAACTAATAGCGC,A113H N290D,2,3
-8.654,4.174,ACAGATGCGCATCAAA,Y351Q,1,1
-8.654,4.174,ACCCACCCAGGTTTAT,L108N,1,1
-8.654,4.174,ACCGATCAACTTTTAT,G330Q,1,1
-8.654,4.174,ACTAAATTTAAGTATG,T440N,1,1
-8.654,0.5964,AGACAAAATCAAAACC,L66C,1,1
-8.654,4.174,AGTCGGAAAGCAATCC,T370P M444I,2,2
-8.654,4.174,ATAAATCCTATTCAAA,I437A,1,1
-8.654,4.174,ATAACCCCAGACTTTC,M320G T451L,2,2
-8.654,4.174,ATATTAGTCATACTAT,D188M N357A,2,2
-8.654,4.174,ATCTAAACCACAGCAT,C52A,1,2
-8.654,4.174,ATTAGGATAAGAACTA,T248A,1,1
-8.654,4.174,ATTCAAATACGAAACT,Y351C,1,1
-8.654,4.174,ATTGCTATAAGTGTCG,L15E,1,1
-8.654,4.174,CAGCAACTTATAAGCC,G240V,1,1
-8.654,4.174,CAGTTTAATATAACAT,W180L,1,1
-8.654,4.174,CTATCGCTCACTAACA,G360H,1,2
-8.654,4.174,CTTACTCGAGCCAAGA,C466T,1,1
-8.654,4.174,CTTATTTTGAATGAGC,V323W D438R,2,2
-8.654,4.174,GAATCACCGAACATCG,A364D,1,1
-8.654,4.174,GAGCCCATCCCATTAT,S54C S247P Q356H,3,3
-8.654,4.174,GCACAAATACGAAATT,C76E,1,1
-8.654,4.174,GGAGAGACGGTCTCTT,L194D,1,1
-8.654,4.174,GGGCATGATGTTTGAC,A459Y,1,1
-8.654,4.174,GTAAAGTGACCTTACA,L244Q A373R,2,2
-8.654,4.174,TAAAACCGAGAATTAA,E89S,1,1
-8.654,4.174,TAAATATGACCAAAAG,E41I P254E,2,2
-8.654,4.174,TAAATTACCCCTAATC,P169E M346D,2,2
-8.654,4.174,TAAATTCTGCGATGAT,A317Q,1,1
-8.654,0.5964,TACGGGAAGTGTTCCA,Q75V S422L,2,2
-8.654,4.174,TACTTAAGTTGAGTAA,F467G,1,1
-8.654,4.174,TCAATACCACGCAAAA,G352S,1,2
-8.654,4.174,TCGAGATAACTTCGAG,F294K,1,1
-8.654,4.174,TGAAAAATATCGCCAA,G303Q K446S,2,2
-8.654,0.8349,TGGTGACACCTCAGTA,,0,2
-8.654,4.174,TGTCCCAATCTACTCC,C14K E325I,2,2
-8.654,4.174,TTTAACACATGAGCAC,F120P,1,1
-8.656,0.1988,GTACCATGAAAGACAA,C277P V297Q G386M S400T,4,4
-8.656,0.3795,AATAGAAGGTCTTACA,S114I S115K K326D,3,3
-8.657,0.4638,AGCACGTTACCAAATA,C64P,1,1
-8.657,1.391,CAAGCAACCCTGTCAC,F195R,1,1
-8.657,0.4638,GATAGAACGTGATCAA,P185E,1,1
-8.657,1.391,TATCATAATATTTGTC,V413H,1,1
-8.657,1.391,TGTCCAACAATCCCGA,G362C,1,1
-8.657,1.391,TTGGTTATACAATTAA,L13T,1,1
-8.657,0.8349,GACTACCAATGTACCC,G181R,1,1
-8.659,0.5963,CTCCTAATTTCTAAGT,R255D,1,1
-8.659,0.8349,CGGCTTTGACTTGATA,G62*,1,1
-8.659,0.8349,TATACTTACTATGGGA,W343T,1,1
-8.66,1.391,ACTTTAAAATGAAGAA,R229N,1,1
-8.66,1.391,CATAGTAGAAATACAT,T328H H488T,2,2
-8.66,1.391,GTCTGCAAGCTTCTGA,C473M,1,1
-8.66,1.391,TGGGAAAAAAATCTTA,I288N,1,1
-8.66,1.391,TTCTTACACAAAGATA,I245E,1,1
-8.661,0.8349,GTATGAGGGTTTACTA,N45S S270W,2,2
-8.662,4.174,AACGACAAATTTACAC,L13Y R92W E443D,3,3
-8.662,4.174,AACGTACTGCGGACAT,I48V C277R,2,2
-8.662,4.174,AACTAAGTAACAATAA,Y257* I339A,2,2
-8.662,4.174,AAGAAGAAACTACGAA,I202K,1,1
-8.662,4.174,AATGTTCAAAATCAAC,T436H,1,1
-8.662,4.174,ACAAATAAAACTACAC,Q311G N464C,2,2
-8.662,4.174,AGGAGTAATTATGCAA,I335E,1,1
-8.662,4.174,ATAAACCTCACTATTA,F147C,1,1
-8.662,4.174,ATACCTCCATCGTTAA,N6M A138W,2,2
-8.662,1.391,ATCAGGTACTAAGCAC,F120P,1,1
-8.662,4.174,ATCTAAATACAGGACA,G181S,1,1
-8.662,1.391,ATTAACGATCTAGCAA,A336C,1,1
-8.662,4.174,CAATAATAAAAAAAAC,L251P Q363C,2,2
-8.662,4.174,CAATTACGCATCTTAT,V204Y A304M,2,2
-8.662,4.174,CACAAGCTGTCTCCTA,I252G,1,1
-8.662,1.391,CACGGAATATACATCA,A317G E414K,2,2
-8.662,4.174,CACGGTAGCCTATATA,N322L,1,1
-8.662,4.174,CAGAATCTAGGAAAAT,R90W,1,1
-8.662,4.174,CATGGACTGTTCCTTA,V36R,1,1
-8.662,4.174,CCCTTATTACCACCTG,L111D,1,1
-8.662,4.174,CGATACCAATTGTTTC,I51N,1,1
-8.662,4.174,CGATACCCCCAAAGAC,G319D T370F,2,2
-8.662,4.174,CGTAAATCTGCCCCCG,C76W H488L,2,3
-8.662,4.174,CTAATCATATTAGGAA,G116F A336D,2,2
-8.662,4.174,CTCAACAATGAGACCC,T206P,1,1
-8.662,4.174,CTCTCAGGCTGCCCTC,G342P,1,1
-8.662,4.174,CTGTCAACGTTAGAGA,L71G Q407K,2,2
-8.662,0.4638,CTTAAAGTTGTGTTTT,N246Y D441E,2,2
-8.662,4.174,CTTTCACGCGATTCTT,Q371W,1,1
-8.662,4.174,GAAACGAGTCAATTCT,R456F,1,1
-8.662,4.174,GAACAAACACTTTACA,G349W N483G,2,2
-8.662,4.174,GAAGTAATCAGGTATA,S146P I226G,2,2
-8.662,4.174,GATGAAATCGGCAAAA,Y351D,1,1
-8.662,4.174,GCTAGACGGGTATTGC,N433E,1,1
-8.662,4.174,GCTCTACAAAAGCAAA,D7M I339A,2,2
-8.662,4.174,GTCAGCCCGTAAAATT,G286W Y491M,2,2
-8.662,4.174,GTCCAAAAACACTCCT,N158C D419R,2,2
-8.662,4.174,GTGAAAACAAAATTCA,,0,0
-8.662,4.174,GTGAGGCTCTCTTAAG,G286K,1,1
-8.662,4.174,TAATACCAATTCAGGC,W350Q,1,1
-8.662,4.174,TACGTGCGAAATGTTC,E340L H488M,2,2
-8.662,4.174,TACTAACAATAACAGC,L314W,1,1
-8.662,4.174,TCCCCGTCCCACAAGC,T248D,1,1
-8.662,1.391,TCCGGTTAAGCTAAAA,M320E,1,1
-8.662,4.174,TTCAATAGTACAGATT,E41Y,1,1
-8.662,4.174,TTGAGTTGGTGCCAAC,I230E,1,1
-8.662,4.174,TTTAAAGCAAGCCAAA,K50S G256C,2,2
-8.662,1.391,TTTTAACGTCATTGTA,Y491R,1,1
-8.664,0.8349,AACTGTTTTTTTAAAA,D348F D419E A495T,3,4
-8.664,0.8349,CATTAATCTAGCAAAA,N190R,1,1
-8.664,0.8349,TACCGTACAGACTTAC,I481Q,1,1
-8.665,1.391,AAAGTACCGTGAGATT,L15Q L367P,2,2
-8.665,1.391,TAAAAAATACGGTGAA,G303L,1,1
-8.665,1.391,TGCGTAAGAGACAATT,N152V,1,1
-8.666,0.5963,GGCTCTAAGGAATATT,A365R,1,1
-8.666,0.4638,AAGTCATGAGCTACCC,Q44P,1,1
-8.666,0.4638,CCAAGCGGTATCGTAA,C76K K450A,2,3
-8.667,0.4638,ACAGTACATGTTCTTT,,0,0
-8.668,1.391,ACGTAGATCTAAATTT,K176G,1,1
-8.668,1.391,ATACGGCTAGTATAAT,F87N W343*,2,2
-8.668,0.5963,AACAATATTGTAGTCC,G129M G286D,2,2
-8.669,0.8349,ATCTAGGCGCATTGAC,T370Q,1,1
-8.669,0.5963,TCTAATATAATCCTTT,S107I S219R E344*,3,3
-8.67,1.391,AAAAGATTCTGTCATA,G349E,1,2
-8.67,0.5963,AAACCCAAACCTCACA,P306F Q407K,2,2
-8.67,4.174,AAAGCAACAACTTATA,T485P,1,1
-8.67,4.174,AAATATTTCATAGACA,G319Y,1,1
-8.67,4.174,AACAAATAGTGAGGCA,I58A S265F,2,2
-8.67,4.174,AACAGTAAGATTCGAG,R299L R482D,2,2
-8.67,4.174,AACGTTATTCCTTGTG,Y178Q,1,1
-8.67,4.174,AAGAAAAAAACGGACA,,0,0
-8.67,4.174,AAGAACCTAGATAGAC,W350C E401K,2,2
-8.67,4.174,AATATGCCATTAATAA,P306H,1,1
-8.67,4.174,ACATGCGGCAATAAAC,V43G S54C,2,2
-8.67,4.174,ACCAATAACACAAATA,C14F,1,1
-8.67,4.174,ACCCCGTACATACTGT,L384T N389S,2,3
-8.67,4.174,ACCTCAGAAAATAAAA,I339P,1,1
-8.67,4.174,ACTAAATCTTTCAAAT,G360H,1,2
-8.67,4.174,ACTTTAGAAACCCAAT,A430P,1,1
-8.67,4.174,ATACGAGGTGAAACTT,E172N Q197*,2,2
-8.67,4.174,ATACTTCGGGAAGAGA,N433L,1,1
-8.67,4.174,ATATAAGCCAGGAGCC,P185Q,1,1
-8.67,4.174,ATATAATACCTTCAAG,R329V,1,2
-8.67,4.174,ATATTCGCAAATACCA,D241L,1,1
-8.67,4.174,ATTATTCCCCATCACT,K452D,1,1
-8.67,4.174,ATTCTAACTTAACACT,K278G Q295N,2,2
-8.67,4.174,ATTGTCAATATTACAT,W343R,1,1
-8.67,4.174,ATTTTAACCATTTGTC,A373W,1,1
-8.67,1.391,CAAATCGACAAAAGTA,S369D,1,2
-8.67,4.174,CAAGACATTTCAGACG,G256Y,1,2
-8.67,4.174,CAGATAAAGACAATAG,C477M,1,1
-8.67,4.174,CCAACAATCGCTTATC,I226E D438I,2,2
-8.67,1.391,CCCGACCGTAACTATC,A11G E432Q,2,2
-8.67,4.174,CCTACACCAACACTAA,K121P,1,1
-8.67,4.174,CTAAGTCTGATACGAA,V429Y,1,1
-8.67,4.174,CTACGAAATTGCATCA,V88W,1,1
-8.67,4.174,CTATAGATATAACAAT,G303W,1,2
-8.67,1.391,CTCACGCCGAATAAGA,E35P L384W N389T,3,3
-8.67,1.391,CTCTGACAATGAAAAT,D419K,1,2
-8.67,4.174,CTGAGCCCCCAAACGG,T318I M462D,2,4
-8.67,4.174,GAAAACATGCATATAA,I245S,1,1
-8.67,4.174,GACCCGGTTCGCGTAA,G465R,1,1
-8.67,4.174,GACGTTATGATGTCAG,H471R,1,2
-8.67,4.174,GGAATAATTACTTCCA,L151Y,1,1
-8.67,4.174,GTTGGTCCTACCTTCA,G49Y D366I,2,2
-8.67,4.174,TAGAGCGCCAATTAAA,C473G,1,1
-8.67,4.174,TATCATGTAGAAAACC,F258S,1,1
-8.67,4.174,TATGACATTAAACACA,H18P T248L,2,2
-8.67,4.174,TCAGATGATGATCGGA,D73A E449K Y470L,3,3
-8.67,4.174,TGCTGCTCTATATACT,S146P,1,1
-8.67,4.174,TGGTTAGTAAAGTAAC,L420A,1,1
-8.67,4.174,TGTCCTAAACCAATCA,C76L,1,1
-8.67,4.174,TTCATAATTATATAAG,G330L,1,1
-8.67,4.174,TTCCACTACCTCTCCA,Y308R,1,1
-8.67,4.174,TTGTATTCATAGTACA,I230G,1,1
-8.67,4.174,TTGTGACCGAGCGAAA,W84R Y351V,2,2
-8.67,4.174,TTGTTACAAATCTTCA,Y351G M444I,2,2
-8.672,0.3795,TATTAATCAGTCCCCC,I245Q D487K,2,2
-8.673,0.5963,CACCAATTAATATTTG,,0,0
-8.673,0.5963,CTACGAAGTACCAACA,Y302G,1,1
-8.673,1.391,AAAAGAGTATAAAGGC,I58F R383E,2,2
-8.673,1.391,AATTTGACCCACCGCA,R220P G275E,2,2
-8.673,1.391,CCACCTTGGATAAGGA,E426C,1,1
-8.673,1.391,CCTCACCGATCTTTTT,W350C,1,1
-8.673,1.391,CTTTTTCTGAACAGTC,P74R,1,1
-8.675,0.5963,GTAATCTGTAGCGAAT,A253K T436S,2,2
-8.675,0.2455,AATCGGACCCAATCTT,I377N,1,1
-8.675,0.8349,TCTCGTAGAATAAGTT,W350I,1,1
-8.676,1.391,AGACATTACATCTCCA,L118R R299E,2,2
-8.676,1.391,ATTACGAAACTAGACA,,0,0
-8.676,1.391,GAAATGTCTAGACATA,H17V K380D,2,2
-8.677,0.8349,AATCGAGGCGAGATTA,F148M D419G,2,2
-8.677,0.8349,TTTAAACATCCAATCC,L177P H393T,2,3
-8.677,0.5963,ACATAACCCCAACGAT,T248Q,1,1
-8.678,0.3211,AATAACCTCTGAACAG,I232E,1,1
-8.678,4.174,AAAAGCGCCTCGAAAA,G465R,1,1
-8.678,1.391,AAAATCACCATAAATT,D104N I478P,2,2
-8.678,4.174,AAATGTAAAATTGGGT,K176F,1,1
-8.678,4.174,AACCATTCTCTACATA,Q434W,1,1
-8.678,4.174,AATGAAAATATAACTG,I288L T451E,2,2
-8.678,4.174,AATTCCTTGAAATCAA,W127M,1,1
-8.678,4.174,ACTTAACTCTTATATC,G345S,1,1
-8.678,4.174,AGTTCCGCATTATTTT,P215R I481H,2,2
-8.678,1.391,ATAACTCATGTGTAGA,N152G,1,2
-8.678,4.174,ATCCTTGCAGTAATAA,E123C,1,1
-8.678,4.174,ATGATAGCTCACTAAA,A425V,1,1
-8.678,1.391,ATTAATAGTATAAAAT,D60K,1,1
-8.678,4.174,ATTCAGGATTGTCAAT,Y486I,1,2
-8.678,1.391,CAAAATTAAAATACAG,A138M H488E,2,2
-8.678,4.174,CACACTACTCCTATAA,Q434I T485I,2,2
-8.678,4.174,CATTGGGAGAACATTA,F147K,1,1
-8.678,4.174,CATTTTGAGAAAATTG,Q211*,1,1
-8.678,4.174,CCCGCATTAGTGAGCT,C64G D225T,2,2
-8.678,4.174,CCTTCTTTTTTACTAT,L70H N483G,2,2
-8.678,4.174,CGAGTGCTTTATATAT,L177K G218P,2,2
-8.678,1.391,CGATAACACAAATAAG,R499H,1,1
-8.678,4.174,CGTCATAATCGCAATA,G23M Q454R,2,2
-8.678,4.174,CTATCCCACTACACAG,G349E D419N E484A,3,3
-8.678,4.174,CTCCACGACAAAACAG,A11K M320W,2,2
-8.678,4.174,CTCTTGAGCTTGCCTT,V43A S422I,2,2
-8.678,4.174,CTTTACTGCCCGTTTT,L439R,1,1
-8.678,4.174,GAAAAATACATATTCA,D68R,1,1
-8.678,4.174,GAAAGACCCCTTATAT,L194K,1,2
-8.678,4.174,GAACACAATGATAAAT,N22H S149N V297Q,3,3
-8.678,4.174,GACGAGAACTGAAACT,G303I,1,1
-8.678,4.174,GCATATAGACACCTCA,S136L,1,1
-8.678,4.174,GCCCAATGAAGCCCGA,S193V,1,1
-8.678,4.174,GGCGTCAAAATGAATA,G319K,1,2
-8.678,4.174,GTCCAGTGAAAATACA,Y423K,1,1
-8.678,1.391,GTGTGGAATGCATTTA,I288P,1,1
-8.678,4.174,TACAATAACGCGATCA,T155W G386R,2,2
-8.678,4.174,TAGACACAAAGGAGAA,L15P,1,1
-8.678,4.174,TATAAAAACTATAAAA,G181L,1,1
-8.678,4.174,TATACTAAAAGAAATC,K131M R354G E426W,3,3
-8.678,4.174,TATATCACCCGTAAAG,D68I,1,1
-8.678,4.174,TATTATTACAACTCAC,P254V,1,1
-8.678,4.174,TCAAACAAACATATAA,V102P,1,1
-8.678,4.174,TCTTTTAAGCGGGCAT,S137E E340D,2,2
-8.678,4.174,TGAGCACCCTCACACA,E340* A495C,2,2
-8.678,4.174,TGTCTACAAATTTAAA,G78- F79- Q80- N81Y,4,4
-8.678,4.174,TGTGGGATGATGCAGC,C305A,1,1
-8.678,4.174,TTACTTGAAAGTAGAA,R109I G333H,2,2
-8.678,4.174,TTTATCTCCAATAATG,I300P E401G,2,3
-8.681,1.391,ATCATTAAGTGCACAC,F120D,1,1
-8.681,1.391,TCTGAGAAGATCACGT,I377P,1,1
-8.681,1.391,TGTTAAAATTATACCA,V36W,1,1
-8.684,1.391,AAGAACTCGCCAAAAG,F467K,1,1
-8.684,1.391,CTCTGTGAAACACAAT,L154S,1,1
-8.684,1.391,GAAACACAATTATCTC,A138Q D348K,2,2
-8.684,0.2783,ATTATAAGAAAAGAAC,G249K,1,1
-8.685,0.8348,GTACCTTCCATCACGA,S198K R201K Y486N,3,3
-8.685,0.5963,AGAACCACCATCTTTA,A317W W350*,2,2
-8.686,4.174,AAACATTAAAACTATA,G349Q,1,1
-8.686,4.174,AAATAAATTTGCCAAT,I179K,1,1
-8.686,1.391,AAGGCACGAATGAAAC,H355D,1,1
-8.686,1.391,AATATACAGTTCCCCC,S9W G333K,2,2
-8.686,1.391,AATATATTGATAAATA,W180H D415R,2,2
-8.686,4.174,ACAATATGTACGCGGC,P185L,1,1
-8.686,4.174,ACCATTATTTTATAAC,Q197* I236E E494K,3,3
-8.686,4.174,ACGGTGTGAAACATAA,D438P,1,2
-8.686,4.174,ACTACATTGAGCAAGA,Q295K E401P,2,2
-8.686,4.174,AGATAAACAATAACCT,C64Y,1,1
-8.686,4.174,AGCTGAATGGACATAT,Y491C,1,1
-8.686,4.174,ATATTAACAGTTCAAT,C52Q V213Y,2,2
-8.686,4.174,ATATTTATGGACAAAA,I58H,1,1
-8.686,4.174,ATCAACAGCCGTCTGG,A336W,1,1
-8.686,4.174,ATCAGGAATACCGGCA,T370Y E398K,2,2
-8.686,4.174,ATGAACTCGTCGCATG,L71Q I252L,2,2
-8.686,4.174,ATTAGAACAAAGCAGC,G342W,1,1
-8.686,4.174,ATTAGTACTGTATCCA,G286Y,1,1
-8.686,4.174,ATTATATAAATTAAGT,R255E,1,1
-8.686,4.174,CAATCATAGCAGCTGC,K176D,1,1
-8.686,4.174,CACAAAGCCAGATTGC,S228Q,1,1
-8.686,4.174,CACCCAAACGTTTACG,C139R,1,1
-8.686,4.174,CACTGTCGAACGCAAG,T40P,1,2
-8.686,4.174,CATAAAATAACATGGG,V237Y,1,1
-8.686,0.3795,CATCGAATTCAGAACC,P99C,1,1
-8.686,4.174,CCAATTGAAACAAAAC,D73G I226T G240Y,3,3
-8.686,4.174,CCCACAATGTCGAAAC,D186N G463V,2,3
-8.686,4.174,CCCCTGAAGTAAAGAC,W153I,1,1
-8.686,4.174,CCCTACTCGTTAAATA,S228N E396*,2,2
-8.686,4.174,CCGAAATACCACCAAC,G72Y A365C,2,2
-8.686,1.391,CCTTTCATTAACGGTA,M320F,1,1
-8.686,1.391,CCTTTTGACTCATACC,R92C D348N E410K D438N,4,4
-8.686,4.174,CGATGCCTTAAGAAAA,D438Q,1,1
-8.686,4.174,CGTTTCAACGCCCTTT,S46Y G333D G479E,3,3
-8.686,4.174,CTCAATGATCCATCCA,F120L I335F,2,2
-8.686,4.174,CTGCCAAATTCATCAT,Y100Q,1,1
-8.686,4.174,CTGTATTCGTAAGAAA,I245S,1,1
-8.686,4.174,CTTACAGCCACTCTCG,S136G P293L,2,2
-8.686,4.174,CTTCACCTGGAGACAC,C277P L384S E390M V402L,4,4
-8.686,4.174,GAAGCAAACCAGATGA,N433L,1,1
-8.686,4.174,GACTTCGAAAATGAAA,W343L E484*,2,3
-8.686,4.174,GAGTAAGTACAATTCT,K121Y L447R,2,2
-8.686,4.174,GCACCCATAAAACTAT,P99C,1,1
-8.686,4.174,GCAGCAATAACTGCAT,D375G L428P,2,2
-8.686,4.174,GCATGAAAGTAAAAGG,I3S V88S,2,2
-8.686,0.8348,GCGACACCCCCAATGA,G319C,1,1
-8.686,4.174,GGTAATAATCCATCAC,E460D,1,1
-8.686,4.174,GTCAATAAGGAATACT,N285V E494W,2,2
-8.686,4.174,GTGTTAAAATGTTCTT,I34T E123D,2,2
-8.686,4.174,TAAAAAAATATCTCCC,Q191W A373N,2,2
-8.686,1.391,TACTACTTGGGTTGTG,D175T F353Q,2,4
-8.686,4.174,TAGATCGGCCTCTGTG,I331S T451M,2,3
-8.686,4.174,TATCCCTGCAGATACA,L151D,1,1
-8.686,4.174,TATCTTATGTACCGAA,W350* L439D,2,3
-8.686,4.174,TCCCTGACTCTTATCA,S369K,1,1
-8.686,4.174,TCCCTTCAAGCAATTG,L42W,1,1
-8.686,4.174,TGACTGATTCTGAGCT,E41M,1,1
-8.686,4.174,TTCGAGATAGCATCAA,G303M,1,1
-8.686,4.174,TTCTTAAGCGAAACAG,I252N,1,1
-8.686,4.174,TTGATACGATAGGCGA,G78E G465I,2,2
-8.689,1.391,CATGAATGTGCAATAT,M268E K503I,2,2
-8.689,1.391,TATTAGCTGATACCTT,A163L P293C T388A,3,3
-8.689,1.391,TTATCCCCGCACACCT,I478Y,1,1
-8.691,0.8348,ATGACTGTATAATCTG,R456P,1,1
-8.692,1.391,AACAAATGAACAATAT,I245N,1,1
-8.692,1.391,AATAACTCTTGCAAAC,I217T H355Q,2,2
-8.692,1.391,AATGCACGAGTCACCC,V43K M462Y,2,2
-8.692,1.391,ACTCAGACAAGATAAA,F87S,1,1
-8.692,1.391,AGAATCAATTTATACC,V182F S422N Q434H,3,3
-8.692,1.391,TAAAACTAGATAACTC,N475V,1,1
-8.692,1.391,TACCGGGTGTAACAAG,Y98H,1,1
-8.693,0.8348,GCATGTCATATACTAA,A365I,1,1
-8.693,0.8348,TCTTTAAATTCATACG,N38V E325K G349E,3,4
-8.694,4.174,AACAGGTATGGGAGAC,R90W,1,1
-8.694,4.174,AAGACTGCCCAGAGCA,R150W G479A,2,2
-8.694,4.174,AATAAATAGTTATATA,P254R,1,1
-8.694,4.174,AATATACTAAATTCTA,P185R R456I,2,2
-8.694,4.174,AATATATTCAATTACG,G249D G345L,2,2
-8.694,4.174,AATCAAATGAGGACAG,L455P,1,1
-8.694,4.174,AATGTAAGTTTATCTA,S287R,1,1
-8.694,1.391,AATTAGACTAGAAAAC,L13A I267A,2,2
-8.694,4.174,AATTTGGACACCACTC,L42K C473Y,2,2
-8.694,4.174,ACACAGAGGTAATCTT,P185W G218T P284H F399T,4,5
-8.694,4.174,ACACCTTTTGGGACGA,V36Q T318V,2,2
-8.694,4.174,ACTATCATATCGATAC,C473Q,1,1
-8.694,4.174,ACTCGCCTACTCGCTC,I202R,1,1
-8.694,4.174,AGAATGGCGCTTAAAC,,0,0
-8.694,4.174,AGCAAGAACTCAGAAG,M444K,1,1
-8.694,4.174,ATCACATAAATCTCTA,R269N G345D E449P,3,3
-8.694,4.174,ATCATAACACAATAAC,R299H D438N,2,3
-8.694,4.174,ATTAAACGTACCAAAA,D104R E403K M444I K452E,4,4
-8.694,4.174,ATTAACGCAATTTCTG,G72H,1,1
-8.694,1.391,ATTGATTGAATAACGA,Q44N I481C,2,2
-8.694,4.174,CCCGTAACTTGAATGT,L15K,1,1
-8.694,4.174,CTGAGCGAAGAACTAA,G349P,1,1
-8.694,4.174,GAAGGACAGGTTAAAA,C277Y T440Y,2,2
-8.694,4.174,GAGGTCGTCCAGAATA,L70Q D438R,2,2
-8.694,4.174,GATAATGTACAGTTAG,G345E,1,1
-8.694,4.174,GCTCTAACCAAAAGGC,N152C I374A,2,2
-8.694,4.174,GGATGTGATAGTTACA,W234P,1,1
-8.694,4.174,GTCAAAGACATATTTA,A459R,1,1
-8.694,4.174,TAATAAAATATCTAAA,I469R,1,1
-8.694,4.174,TACACAACACCTAGCA,S265V,1,1
-8.694,4.174,TACATACAAAATGCTG,G362C,1,1
-8.694,4.174,TAGCAATCACACATGC,G333P,1,1
-8.694,4.174,TAGCACAAAGGTACAT,L409G,1,1
-8.694,4.174,TAGCACCACAAACAGA,D85C S231M,2,2
-8.694,4.174,TATATTAATAACAAGA,F195R,1,1
-8.694,4.174,TATTATAGAAAGCATA,Y351R,1,1
-8.694,4.174,TATTGATCTTCTCACG,V20F S287E,2,2
-8.694,4.174,TCACTTTAATAAAGTT,T10A G342D,2,2
-8.694,1.391,TCAGACTCATGAAACA,L409R,1,1
-8.694,4.174,TCTCGAACCAGGAGAG,G72H,1,1
-8.694,4.174,TTAAAGTGGTAGATTG,D73C D408L,2,2
-8.694,4.174,TTACATTACAATTGTT,E484P,1,1
-8.694,4.174,TTACTGTTAAAACTAT,L42C G286M,2,2
-8.694,4.174,TTCACACACGCACGAA,G286L,1,1
-8.694,4.174,TTTCTTAAAAATAAGA,I51E,1,1
-8.696,0.8348,CAAAGAATATACCATT,L194Q A365Q E414K,3,4
-8.696,0.4638,AGATCTCGCCAAATAA,D366P,1,1
-8.697,1.391,ATAATAGACTCGTACT,L314D,1,1
-8.697,1.391,CGGCAACGCCAATATT,A138N Q210*,2,2
-8.697,1.391,TCTAGTATATATTTAC,G319R,1,1
-8.697,0.3211,AACAGCCACTGCGTAA,N170K,1,1
-8.697,0.8348,TCCTTTTCATAAAGCC,H184P S231Y,2,2
-8.699,0.4638,TCATATAAAATACACT,I179G,1,1
-8.699,1.391,AGAGAACACGAAAGTG,D438- L439- T440- F500T,4,4
-8.699,1.391,CTTTTAAAGACAATCA,Y423C,1,1
-8.699,1.391,GCCCCAGAATTTTAAA,R109D R456P,2,2
-8.699,1.391,GCGCGCTTAAAGGAAA,G23I R361P,2,2
-8.7,0.5963,GTATACTTATTACCAG,A365E,1,1
-8.702,4.174,AAAACATGCTAAATTA,P162I M346Y,2,2
-8.702,4.174,AAACTAATCTAAACTA,C281V,1,1
-8.702,4.174,AAAGAGTTCCGAATGA,V102H,1,1
-8.702,4.174,AAATATCGACAAATAT,L455N,1,1
-8.702,4.174,AACAAATTAAACCTTT,P254F,1,1
-8.702,4.174,AACCTATTGGGAGAAA,V36Q R405E,2,2
-8.702,4.174,AACTAAACCACCACTA,E89M,1,1
-8.702,1.391,AACTAATTATATCTTA,D348L E414L,2,2
-8.702,4.174,AACTTACAGTATGAGA,I339D,1,1
-8.702,4.174,AAGACAAGCAGCCAAA,D186E Q327M,2,2
-8.702,4.174,AAGCATTGTTGTATCA,V36L,1,1
-8.702,4.174,ACAAAATTAAGTTTAC,L71A A476Q,2,2
-8.702,4.174,AGGATAGCAAGTATTA,W84A,1,1
-8.702,4.174,AGGTATTAAGATATGA,A69D E414K,2,2
-8.702,4.174,ATATAAGATGATTCAC,C277A C281G,2,2
-8.702,4.174,ATTGGAGTTCTCGGAT,W180L D291P,2,2
-8.702,4.174,CAAAACTAAGAACTTT,A272S F467G,2,2
-8.702,4.174,CAAGAACTACGAGAAT,I179E,1,2
-8.702,4.174,CACAGGCAGTATGGCA,G181D,1,1
-8.702,4.174,CATAAAATAAACTACA,I179G,1,1
-8.702,4.174,CCAATCGAGACCATAA,N38P,1,1
-8.702,4.174,CCCCAACACTTAAGCC,C277A,1,1
-8.702,4.174,CCTAGTAACGCTTTTA,,0,0
-8.702,1.391,CGATGCTTTAGTAGAA,E460H,1,1
-8.702,4.174,CGCTACATAACTTCCA,I245H,1,1
-8.702,4.174,CTCATCTAACCAAAGC,E123L G134D,2,2
-8.702,4.174,CTGATATAACTCTCGA,Q295S,1,1
-8.702,4.174,CTTAATCCTAGTTAAT,Y302H C473R,2,2
-8.702,4.174,CTTATATACCCAAACA,S287L,1,1
-8.702,4.174,GGGAGAAGACCGGCTT,T203N A372P,2,2
-8.702,4.174,GGGTAGGTTCTAAATT,N170A A336T A364M,3,3
-8.702,4.174,GTCCACGCACTCTCAA,Y486S,1,1
-8.702,4.174,GTTTCCGTAGTTAAAA,R269K G342D L367D E414K Y423C,5,5
-8.702,1.391,GTTTTACTATTCCGTC,W234T E390C V402Y,3,3
-8.702,0.4638,TAAAAACGTATTCGGA,A69P,1,1
-8.702,4.174,TAAAAATTGATTCTAT,D85Y G463Q,2,2
-8.702,4.174,TAATACCAAGCAGACA,S287M,1,1
-8.702,4.174,TAATCTAATATCGGAC,G116P G249S,2,2
-8.702,4.174,TAATGATTGTAAATCT,F147D,1,1
-8.702,4.174,TACCCAGCGTCAAAAT,G342M,1,2
-8.702,4.174,TACTAAAGCAAAATTA,A11H,1,2
-8.702,4.174,TATCGCCACAACACGC,H17D,1,2
-8.702,4.174,TATGCCTACACCGTCC,S247Q A317T,2,2
-8.702,0.8348,TCAAATTCGTAGAACG,T155E E410K,2,2
-8.702,4.174,TCAAGATATCACAAAG,G134I,1,1
-8.702,4.174,TCTAGAAGAAAAATAA,I481G,1,1
-8.702,0.8348,TCTCAATCAAATACTG,R109S A334W,2,2
-8.702,4.174,TCTCTATCAACGTTTA,V88S,1,1
-8.702,4.174,TGAAAAACTATATAGA,K380S E414K,2,2
-8.702,4.174,TTCCACGGAACAATCG,A373T D419W,2,3
-8.703,0.5963,CAAGAAGATCGCATAC,V429E,1,1
-8.705,1.391,AGCTGGAGATATGTTC,F500E,1,1
-8.705,1.391,ATATTAGGTGCTGGCA,G23S T416R,2,2
-8.705,1.391,GTCATCAACTTGTTTC,G330I,1,1
-8.705,1.391,TAACCGTCTCGACTGC,V130M L427N,2,2
-8.705,0.8348,AAAACTCAATCCTCAC,E123M,1,1
-8.707,0.8348,CCCTGGCAACCCACCA,A11T G303P,2,2
-8.707,0.8348,TCACATTTCCGCAGTG,N489P,1,1
-8.707,1.391,AACAAAAATACTTTAC,A163L C281I R321A E398V,4,4
-8.707,1.391,AACATCACCTAGCATG,A253K,1,1
-8.707,1.391,TGTCAAGTACAAATAA,F120E,1,1
-8.707,1.391,TTATGTTTTAACTTTC,G134R C281Y,2,2
-8.708,0.8348,TTGTACCGTACAGGAC,E460C,1,1
-8.71,4.174,AAAATGTCACGTAAAA,A138P G362D,2,2
-8.71,4.174,AAACACGGGCGCAATT,G129H M268E,2,2
-8.71,4.174,AAAGATGATCTTAAAA,Y470E,1,1
-8.71,0.8348,AACAGCGGCTTCCATA,F148S E432I,2,3
-8.71,4.174,AAGAAATCTCTGTTGT,V413D,1,1
-8.71,4.174,AATTAAATAATATTTT,L409P,1,1
-8.71,4.174,ACAAAATCCGACAAGA,V429P,1,1
-8.71,4.174,ACAAAGCTAAAAAGCA,Y100V E172T I242V,3,3
-8.71,1.391,ACAATAACAATAAGTA,E410* E414G,2,2
-8.71,4.174,ACAGATGATATTACAC,G142*,1,1
-8.71,1.391,ACCGGTTAACCATTCA,R354K I469E,2,2
-8.71,1.391,ACCTTTCTCGATACAA,S228A L251P,2,2
-8.71,4.174,ACGGAGTATTTTAATC,A113P,1,1
-8.71,4.174,AGCAAAAACACCAAAA,N53L V102W,2,2
-8.71,4.174,AGTATATTTTGCGAAT,S287Q,1,1
-8.71,4.174,ATAATATTAGCTAATT,G23M,1,1
-8.71,4.174,ATCTAAAAACCTATTA,A317T,1,1
-8.71,4.174,ATTCTAAAAAAAAACA,C76N,1,1
-8.71,4.174,ATTGAAGCATTAAATC,V102G,1,1
-8.71,4.174,CAAGACGATGACTATA,C477Q,1,1
-8.71,4.174,CACTATTATATATATT,Y302* H488R,2,2
-8.71,4.174,CAGATAAATGTTAAAA,H471P,1,1
-8.71,4.174,CATATTACACAATTAG,C76Y G479Y,2,3
-8.71,4.174,CATTATACAACCGCTA,I252Q,1,1
-8.71,4.174,CATTGGGGCGCAAAGA,L427K,1,3
-8.71,1.391,CCCAGCTGTCCTGAGA,D68N I260T C305Y E396K,4,4
-8.71,4.174,CGACAGAACGCTAACA,L409Q,1,1
-8.71,4.174,CGGAGCACGCCATTAG,A106R E398K G465R,3,4
-8.71,4.174,CGTTTAATAAGCCGTT,P254G,1,1
-8.71,1.391,CTAATTACTACAGGTG,D487G,1,1
-8.71,4.174,CTACTTAAATTGTGTG,P254F,1,1
-8.71,1.391,CTATACACCCCAATAG,F448E,1,1
-8.71,4.174,CTTAATTAACTGTACA,Y486T A495S,2,2
-8.71,4.174,CTTCGCCACCCAACCG,D291A L367P,2,2
-8.71,4.174,GAACCATCTAAAAACA,N322L,1,1
-8.71,4.174,GAATCTCACGAGACTG,G319I,1,1
-8.71,4.174,GACAAACACGCTCTAT,L314S,1,1
-8.71,4.174,GACAAGATAAAGAAAA,G5L T203C H488C,3,3
-8.71,4.174,GACCAGAGGAAAAAAG,S96P A304C Q434L,3,3
-8.71,4.174,GACCATTGTAATTACC,C64L R92C,2,2
-8.71,4.174,GCTCTAAACCTAAAAG,V166P D461R,2,2
-8.71,0.8348,GGAACTAATTGGAATC,W84T I160Q,2,2
-8.71,4.174,GGGAGTTAACAGCCAT,Q394*,1,1
-8.71,4.174,GTCTCATGCAGTGCCA,G72S R299W,2,2
-8.71,4.174,GTTGTTATAAAATACT,E41F,1,1
-8.71,4.174,GTTTAAGATTAACGAA,L431P,1,1
-8.71,4.174,TAATGTCTACTAGATT,G49W T235P,2,2
-8.71,4.174,TACTGTGAATAGATTT,A334F,1,1
-8.71,4.174,TAGAAGATCACCAATT,R109F,1,1
-8.71,4.174,TAGTTTAAATTATATC,C76P,1,1
-8.71,4.174,TATCTAATAGAAAAAA,A425G,1,1
-8.71,4.174,TCAAAAATCATAGCAA,P74Y,1,1
-8.71,4.174,TCAAATAAATTTCATT,A317I,1,1
-8.71,4.174,TCCATATCAAAAGTAG,A317D,1,1
-8.71,4.174,TCTAGAGAAGGCGGTA,C466T,1,1
-8.71,1.391,TGCAAAATACATCCCC,N498P,1,1
-8.71,4.174,TGCACAACTTATCTCC,I300P,1,1
-8.71,4.174,TGCTAAATTATATGCC,R354D,1,1
-8.71,4.174,TGTAAATGGTGATTCT,T206P Q371E,2,2
-8.71,4.174,TTATAGTGCATTATAT,P74F,1,1
-8.71,1.391,TTCAAATATTCATGAT,S96F F338N,2,2
-8.712,0.5963,ACCGGCCTTAACGGAC,D241I,1,1
-8.713,1.391,AACTTAAGAGAAGAAA,W127S A336Q D375E,3,3
-8.713,1.391,TTATATCATTGCTGTA,I252S,1,1
-8.713,0.2455,ACCTATACATTACATT,V237H,1,1
-8.714,0.5963,ATCGTTCAAGATGAGC,C52F I374M,2,2
-8.715,0.8348,CCTGATCCGTATTAAG,L243T,1,1
-8.715,1.391,AAAAAATAATGAAAAA,I58G G319D,2,2
-8.715,1.391,GAAGTAATAGGCTAAC,N170I K452E,2,2
-8.715,1.391,GACAGACCACAAAAGA,Q1*,1,1
-8.715,1.391,GACCTCAACATAAGTT,I242H F338H,2,2
-8.715,1.391,TGTAAATTAAATTCAA,Y470R,1,1
-8.715,1.391,TTACACCGCTTTACCA,E398G E432K,2,2
-8.715,1.391,TTTCAATAACTAACTT,W180N,1,1
-8.717,0.5963,TATGACTTGTAAAGCT,Q191G A459E,2,2
-8.717,0.5963,TTGAGTATTCAAAAGC,T283H V297H,2,2
-8.718,4.174,AAAAAAGAGGAAGAAG,Q295A,1,1
-8.718,4.174,AAAAAGACTCTACGAA,C277L,1,2
-8.718,4.174,AAAAAGTAGCCTAGAG,R492W,1,1
-8.718,4.174,AAAACAAATACAATGT,Y100N,1,1
-8.718,4.174,AAAACATCTTAATGCT,C76N,1,1
-8.718,4.174,AAAAGGACATTAAACA,L428N,1,1
-8.718,4.174,AACCACTACAAATTAG,K176N,1,1
-8.718,4.174,AACCATAACTCTACAG,C473G,1,1
-8.718,4.174,AACTGTATTGCTAAAA,R329E,1,1
-8.718,4.174,AACTGTTATAAAACAA,L86K,1,1
-8.718,4.174,AATACGTACATGAAGT,A69V D348T K380M,3,3
-8.718,4.174,AATGACGTTGCTTAAC,L66P F448D,2,2
-8.718,4.174,ACACTTTCAAAACCGG,N8C Y308*,2,3
-8.718,4.174,ACCGGCTGCAGGTAGA,P254R,1,1
-8.718,0.8348,ACGAGTCGTGATAAAT,I202G,1,1
-8.718,4.174,ACTGGAATAACAACTT,I252W N464E,2,3
-8.718,4.174,AGACCACGCAAAATAC,T37Q,1,1
-8.718,4.174,AGGAATTTATTACCAG,A336R,1,1
-8.718,4.174,AGTACTAATACGAATT,L154P,1,1
-8.718,4.174,ATAATTTTATAAGACT,R329L,1,1
-8.718,4.174,ATACAACTCTATATAA,T248W,1,1
-8.718,4.174,ATCGCAACCTAATGAG,F192I G504C,2,2
-8.718,4.174,ATTCCATCAGTTATTC,I3W A317L,2,2
-8.718,4.174,ATTCGTACCCAACCAA,N458D,1,1
-8.718,4.174,CAAAATGTGAACCTTT,N126L Y491S,2,2
-8.718,4.174,CACAAGTTTCTGGCTA,L420S,1,1
-8.718,4.174,CATAAACCAATCTTAG,P21T L367N,2,2
-8.718,4.174,CATAACTAAGATCGAA,L13T A253G,2,2
-8.718,4.174,CATATCATCCTAGCAT,K27R K176M,2,2
-8.718,4.174,CATTCAACAAATGGAG,D85P,1,1
-8.718,4.174,CCACGCCACAAAGAAT,A138L H355K,2,2
-8.718,4.174,CCAGAAGTAACATCGG,Y233C,1,1
-8.718,4.174,CCGGTAAATTAAACCC,C76E I230D S231I,3,3
-8.718,4.174,CGAATCCCATAAATAG,A19F S91P Q311*,3,3
-8.718,1.391,CGCGAAAAGTATCACA,G256H,1,1
-8.718,4.174,CTAACGTCAGAAAACT,R329F,1,3
-8.718,4.174,CTCATTACCTAAGGGT,A196W I377K,2,2
-8.718,1.391,GAAAGATCCAATGATC,P239W,1,1
-8.718,4.174,GATGATTTCTACCCTT,E89L K472N,2,2
-8.718,4.174,GGTTAACCGTAATCGA,P221G E398K,2,2
-8.718,4.174,GTAACACTAAATATAT,I230K,1,1
-8.718,4.174,GTCTTCTAAATATTAA,G319D,1,1
-8.718,4.174,TAACCTACTTCCTTAA,V237K T328L D408I,3,3
-8.718,4.174,TAAGAATTGCGGTAAT,G360E S422N,2,2
-8.718,4.174,TAAGAGTGCTGAAACA,C305V L314P,2,2
-8.718,4.174,TAATACCTCTACCTGT,N152C,1,1
-8.718,4.174,TAATCTGATTTTGGCA,V309H G362L,2,2
-8.718,4.174,TAGTATAAGTTAATGG,S46Y F87D,2,2
-8.718,4.174,TAGTTTATCAATCGTT,S228I,1,1
-8.718,4.174,TATGAAACAAAACTAA,I232T D375I,2,2
-8.718,0.5963,TCTTCTCTGACAATAC,Y100G A106S,2,2
-8.718,4.174,TGACCACTATAAATAT,F294A,1,1
-8.718,4.174,TTAAAGCAAAAAAACA,H17Q,1,1
-8.718,4.174,TTAAGACGACCATTTG,W84A,1,1
-8.718,4.174,TTAAGTTACAAACCAA,W343K,1,1
-8.718,4.174,TTACATAAAATATTAA,K380P,1,1
-8.718,4.174,TTACTGTAATCAGCAA,I179R,1,1
-8.718,4.174,TTCCTAATCTGAAATG,C473K,1,1
-8.718,4.174,TTTATACAAATCATAA,R499E,1,1
-8.718,4.174,TTTTCACATCATGGGA,D73Y S270H,2,2
-8.719,0.8348,GCCTAAAAACTAAAGG,G181D D415W,2,2
-8.719,0.8348,TCAAAAGGAAATAAAC,F332L Y351H,2,2
-8.72,0.5963,AATGGTCACACACTAT,Q80* Q376T,2,2
-8.72,1.391,GGTTTTGGCCTCCCTA,V204Q,1,1
-8.72,1.391,TACACCAAAAAGACAA,G256Q F448P,2,2
-8.72,1.391,TCCAATGATTTCCCTC,F294N,1,1
-8.721,0.8348,GACTTTACCTTCAAAA,I377F,1,1
-8.721,0.8348,TATGCCCCAAATACAA,I481Y,1,1
-8.721,0.1815,CCCCAGCGAATCGAGT,A163M G218F E396K,3,3
-8.721,0.3794,TAGACACGTCCATAAT,L15R G386V,2,3
-8.722,0.8348,CAGTGGGCCATTAATA,A196I I288R,2,2
-8.723,1.391,AAAGTACAAATCCTTA,C97E K397L,2,2
-8.723,1.391,AAGAGACCTATTAGAT,G72K,1,1
-8.723,1.391,GCCGATCAACACAAAA,N31*,1,1
-8.723,1.391,GCTACAGAGTAACTGC,C52E R456K,2,2
-8.725,4.174,AAAAAAATAAATGATA,R321Q D415N D438K,3,3
-8.725,4.174,AAAACTTCACCCGTAC,G16C,1,1
-8.725,4.174,AAAATTTAAAATACAT,Q407H Y486M,2,2
-8.725,4.174,AAACACATACCCGCAT,E484*,1,1
-8.725,4.174,AAAGACTCCAAACGGA,F448P,1,1
-8.725,4.174,AAAGGAAGAATTATAT,K259D T416I,2,2
-8.725,4.174,AATTAAGCATGTAGTT,T187P,1,1
-8.725,4.174,ACCCGGGGATACGCCT,C97R E414R,2,2
-8.725,4.174,ACTTGTTAGTAGCTCT,I288G,1,1
-8.725,4.174,ACTTTAGCTTAGTAAA,Y308P,1,1
-8.725,4.174,AGATTTTATAGCTTTT,I252S E410K,2,2
-8.725,4.174,AGTACATTGAACTAAA,L455G,1,1
-8.725,4.174,AGTTTTAACCACAAAA,I236D I469N,2,2
-8.725,4.174,ATAACTGATCTCGTAA,Y178E R456T,2,2
-8.725,4.174,ATAATCAAGTGACCTT,N458E,1,1
-8.725,1.391,ATTAATTACAATGATA,C477K,1,1
-8.725,4.174,ATTACAAAAAATACTC,V88A S143P G404S,3,3
-8.725,1.391,ATTACCAGAAACCACT,C477R,1,1
-8.725,4.174,CACGAAAATAACGATT,I3*,1,1
-8.725,4.174,CACTCGAATGCGACTT,V36L L420C,2,2
-8.725,1.391,CACTTCTCCGCTCCAT,I226W,1,1
-8.725,1.391,CATGCATAAGAGTACG,I437P,1,2
-8.725,1.391,CCAAATAGACCCTCAC,K176L,1,1
-8.725,4.174,CCACCAATAACCTCTA,H355G,1,1
-8.725,4.174,CGAAAAATCCTCCACT,I245C,1,1
-8.725,4.174,CGTATGCTAACACTAA,C52I,1,1
-8.725,4.174,CTACCATGCCTCAACG,N357D,1,1
-8.725,4.174,CTCCCAAAACTAAGTA,C473R,1,1
-8.725,4.174,CTTAAGATAGATAGTA,F332S,1,1
-8.725,4.174,GAAATACCTGACAGTT,G16P L70N,2,2
-8.725,4.174,GAACTAGACGAATTAC,I469P,1,1
-8.725,1.391,GAGCCCGCAACAAGTT,D85Q Q295*,2,2
-8.725,4.174,GCATTAAACGATAGAA,Y308D,1,1
-8.725,4.174,GCGACAGATAGACAGT,L111P,1,2
-8.725,4.174,GGACTCAACCTACATC,Y178E,1,2
-8.725,4.174,TAAGTAGTATCCAAAA,R90D T206V E359D,3,3
-8.725,4.174,TAGTCTCAATGCAATA,L86Y,1,1
-8.725,4.174,TATCAATTAATATCCT,E432K,1,1
-8.725,4.174,TCCCCTGCGAATCACA,I232K,1,1
-8.725,4.174,TCCTATCACAAAAACA,I230T R482T,2,2
-8.725,4.174,TCTAATTAATATAATG,L108H,1,1
-8.725,4.174,TGAATATATAGAAAGG,Y491V,1,1
-8.725,4.174,TTAATCCACTGTCAAT,A19* F338M,2,2
-8.725,4.174,TTACTATTTACACCAT,G345K G386E,2,2
-8.725,4.174,TTGTAAAAACGCAACC,A69F Q191L,2,2
-8.727,0.4638,TTCTCTCGATGATACA,A334N,1,1
-8.728,1.391,ATAAACTACTCAGATA,Q191P,1,2
-8.728,1.391,CGATATATAGATATTA,G319I,1,1
-8.728,1.391,CTGGTTCATAATCTTA,L70G,1,1
-8.728,1.391,TAAAACCAAACTAAAC,Y470C,1,1
-8.73,0.8348,CATTCACCAGGAAGAC,I58Y,1,1
-8.731,1.391,ACGCAGACTAAAAATC,Y100N K397G,2,2
-8.731,1.391,ATAAAATGAAGTGACA,Y257Q,1,1
-8.731,1.391,GAAGACGGGTATCGAC,D85K A425G,2,2
-8.731,1.391,GATTCAGAACACCTAC,A317Q,1,1
-8.731,1.391,GGTCTGCGATATGACA,T283Y N389V,2,2
-8.731,1.391,TAACCCTTACTTCACA,V204H,1,1
-8.733,4.174,AAAAGCATTTAAGCCA,,0,0
-8.733,4.174,ACAGGTGAGCCATAAA,A373Y,1,1
-8.733,4.174,ACCACTAATACCTCCA,L66N,1,1
-8.733,4.174,ACTCCCATCCAGCGAA,P21D N246A,2,2
-8.733,4.174,AGAAGTGAGACCCCGC,V182N E359L,2,2
-8.733,4.174,ATAACACTGCTGAGAT,M346P,1,1
-8.733,4.174,ATAGTCATTAGCGGAA,V36R,1,1
-8.733,4.174,ATCTAATTTTGAAAAA,A317K,1,1
-8.733,4.174,ATCTCTCATTCGCACA,Y486N,1,1
-8.733,4.174,ATGTCAAACAATGTGA,H17M Q191* T313E,3,3
-8.733,4.174,CAACAAGTTAAAAAAC,P21E A425H,2,2
-8.733,4.174,CACACCAGTGAAAAAT,G349D,1,1
-8.733,4.174,CATACAGAATCATTCG,N298P,1,1
-8.733,4.174,CATCAAAACCGACTCT,D408M E443K,2,2
-8.733,4.174,CATGACACCCAAGTAA,C52F,1,1
-8.733,4.174,CCAAAAAAATTTTGTT,I502E,1,2
-8.733,4.174,CGAAGCGCGACAATAG,V237K,1,1
-8.733,4.174,CGCAGCCAACGGGATC,L13D L66Q,2,2
-8.733,4.174,CGTCATATCTGAAAGG,S266T W350G,2,2
-8.733,1.391,CGTTTCAATTTGATGA,L70H,1,2
-8.733,4.174,CTACTCATTTCCAATA,I339Q E460L,2,2
-8.733,4.174,CTCAACCCAGCAAACG,V20C,1,1
-8.733,4.174,CTCCTAACACAGCCAG,S193E R354I S442R,3,3
-8.733,4.174,GCAATAGGACACTTAC,G256T,1,1
-8.733,4.174,GCATACCCATACATTT,K121P,1,1
-8.733,4.174,GTCCTGTCTCTGCAAA,T440H,1,1
-8.733,4.174,TAACTTAACAGGCCTG,Y412G,1,1
-8.733,4.174,TACAGTGACATTCACA,E344V L447E,2,2
-8.733,4.174,TACGACCCGACCCAGC,D474Y,1,1
-8.733,4.174,TAGAACATCGAGAAAT,S145W,1,1
-8.733,4.174,TAGTTCCATAATAAAG,Y178R,1,1
-8.733,4.174,TCAAAGCACATCGATA,R220C Q295R,2,2
-8.733,4.174,TCTGTCGTCGTATTAA,Y308A,1,1
-8.733,4.174,TGAAATGATTTTTACT,L108T,1,1
-8.733,0.5963,TGAATGGAGTAGGAGC,L86N,1,1
-8.733,4.174,TGGTGCAGACCCTCAA,C76Q W234*,2,2
-8.733,4.174,TTGTACTAACGGACTT,P21S L428K,2,2
-8.733,4.174,TTTTTTAGTGGTGGAA,F125A,1,1
-8.735,0.8348,CTTAACCCTATGACCC,R109H A138C T388R E396S,4,4
-8.736,1.391,AGACCAGAACTTATTT,N190E,1,1
-8.736,1.391,ATACAACGCCACATGC,C477L,1,1
-8.736,1.391,ATCCTATTTAACCATA,F147V,1,1
-8.736,1.391,TACAGGTAAAAAAACC,W421G,1,1
-8.736,1.391,TCACGAAATGATATGA,I230H,1,2
-8.736,0.8348,CGGCGACAATACTACA,I339A,1,1
-8.736,0.8348,GTATAACTAACTTCCT,G337C,1,2
-8.738,0.5963,CTAGCAGTAATGATTC,Q311N W343*,2,2
-8.738,0.8348,ATACTATGTTCAAAGG,W153* L314K,2,2
-8.738,1.391,AACACAATACACATGA,D348L H471Y,2,2
-8.738,1.391,CCCGTTTGGTACGAGA,Q191V,1,1
-8.738,1.391,CCGATGATTTGACAAT,V429F,1,1
-8.738,1.391,GGGACCTTTCCTGAAG,C466M,1,1
-8.738,1.391,TGATCGAAATTCTCAA,D7R W421C,2,2
-8.739,0.4638,GAAGAATTCGAGAGAT,I245Q,1,1
-8.739,0.8348,CAATTGAAATTAAAAC,Y308C,1,1
-8.74,0.3211,CCCTTTTGTTGTTCTT,L431G,1,1
-8.741,4.174,AAAAAGGCACCATTAA,T370E,1,1
-8.741,4.174,AAAATTACTAAACACC,G249R,1,1
-8.741,4.174,AAAGCAACATTACCCG,L13K,1,1
-8.741,4.174,AAAGCCTAAATAAACG,W343H,1,1
-8.741,4.174,AACCTCCTTCATTAAA,I469E,1,1
-8.741,4.174,AATCATTGCCGCCTTA,D60I I339Q,2,2
-8.741,4.174,ACAAAACTTGGATTAA,A334M I481F,2,2
-8.741,4.174,ACCATTACAATAAGAC,W153Y,1,1
-8.741,4.174,ACCTTCTTTCCTAGGG,D291N A495Y,2,3
-8.741,4.174,AGATATCACTATAGAA,P221V,1,1
-8.741,4.174,AGGAAGAGTCCAATTA,K2E R329Y,2,2
-8.741,4.174,AGGATATAATTGTTCT,M346A,1,1
-8.741,4.174,AGTGTAATCTTAGTCG,T235W,1,1
-8.741,4.174,CAAATACGAACAGAGA,G249I,1,1
-8.741,4.174,CAACAAAACAGCCTTA,T203W G465V,2,3
-8.741,4.174,CAACCCACCCGAGATT,D68A F147M G352D,3,3
-8.741,4.174,CATAAGTACACTACGT,V26L,1,1
-8.741,4.174,CATAGACCTACATGCG,I48N C139K,2,2
-8.741,4.174,CCCTGCACTAGACCTA,I3V A253F,2,2
-8.741,4.174,CTTCCAATAGTCAGGT,G61W,1,1
-8.741,4.174,CTTGTAAACACTCACC,K207N G465S,2,2
-8.741,4.174,GAACTTCCTTCCACAC,R499G,1,1
-8.741,4.174,GAACTTTCTAACATAC,A163R G218T,2,2
-8.741,1.391,GATAATACTTAAATCG,C64N N498- R499- F500-,4,4
-8.741,4.174,GATCGCAAAACAAAGC,S137P,1,1
-8.741,4.174,GCATTAAATTCAAAAC,G134H,1,1
-8.741,4.174,GTGAACGGAACAACAA,Y257H G479P,2,2
-8.741,4.174,GTGGAGTAGCCCTCCT,P239Y N296M,2,2
-8.741,4.174,TAAACTTTATTACGAT,T128I S287P,2,2
-8.741,4.174,TACCTCAGTTGAACAA,I230W,1,1
-8.741,0.4638,TACTAAAGTTAATTAT,G61T,1,1
-8.741,4.174,TAGCCGGTAATCCCAA,I288K,1,1
-8.741,4.174,TAGTCTGTGCCAACGA,T416P,1,1
-8.741,4.174,TAGTGTGAGAACAAAT,K315E,1,1
-8.741,4.174,TATGTTGTACCGCATA,,0,0
-8.741,4.174,TATTAATGTATCTAGG,C14E D474M,2,3
-8.741,4.174,TCCTATCCGCCGCTGA,S265D,1,1
-8.741,4.174,TCTGGTACGATAAGGT,N126H T440V,2,2
-8.741,4.174,TGAATACCATCCTATA,W421K,1,1
-8.741,4.174,TGCCTACATCGTTTAA,C97M,1,2
-8.741,4.174,TGGTAAAGCCATTTAC,L15* I252T,2,2
-8.741,4.174,TTATCGCTCAATTATC,C52A,1,1
-8.741,1.391,TTGTTCATTTATTAAA,C76R T203E,2,2
-8.741,4.174,TTTAGAGTAAGTATAC,A317D K368M,2,2
-8.741,4.174,TTTCCGGCAGTATCAA,D461R,1,1
-8.741,0.2783,AATAGTACACATTCCA,K315T F467Q,2,2
-8.742,0.8348,CAGGCTACCCAATAAC,S266D P284F T388H,3,3
-8.743,0.3794,TCGAAGCTTCGCTTTG,K446P,1,1
-8.743,1.391,ACATAGCTGAAATTAA,I179S,1,1
-8.743,1.391,CTTCTAATTAACGACC,A11S K207*,2,2
-8.743,1.391,GATTATCTTCGCGAAT,G16R,1,1
-8.743,1.391,TGCAGACGAAACTCTA,N152P,1,1
-8.745,0.8348,AAAAAGTCACTCGGAA,T65A G256D,2,2
-8.746,1.391,ACAATAAAAATTATCA,R492C,1,1
-8.746,1.391,AGCTCATAAATTTACA,I3N L42G,2,2
-8.746,1.391,CGACAGCTATTGTAGA,E41Y,1,1
-8.746,1.391,TTTCTTACATACGCTG,E123K,1,1
-8.749,4.174,AAAGTTTTTCCCAAAG,P74G,1,1
-8.749,4.174,AACATTTCGCATATAA,E443P,1,1
-8.749,4.174,AAGCTATAAGAACCTA,I29W F338L,2,2
-8.749,4.174,AAGCTTATACCAAATA,S422P,1,1
-8.749,4.174,AAGCTTCGAAATTAGT,P306F C473A,2,2
-8.749,4.174,AAGTTAAAAAAAAGCA,C14D,1,1
-8.749,4.174,AATGCGTTAATCCCAT,S54M A336R,2,2
-8.749,4.174,ACACCCCAGATTCGAA,N250E,1,1
-8.749,4.174,ACCCATGTCCGAAACA,E123N,1,1
-8.749,4.174,ACGATAACATACAATT,R492A,1,1
-8.749,4.174,ACGGAAAACACTCAAC,N296I W350L,2,2
-8.749,4.174,AGATAATTAATGTAGA,I339K,1,1
-8.749,1.391,AGCCTTTTGTAAACAG,S156N A495F,2,2
-8.749,4.174,ATAACAGAAGACAGTC,A39T A253P,2,2
-8.749,4.174,ATAGATAAACCTAGAA,F125T,1,1
-8.749,1.391,ATAGGAATAAACCTAT,G16A R222L,2,3
-8.749,4.174,ATATACACACAAGACC,L59N,1,2
-8.749,4.174,CAATGATCAACAGAAA,F195D,1,1
-8.749,4.174,CCAAACAATTCTATTC,S422I,1,1
-8.749,4.174,CTTGGCCTTATAGTAA,L86E,1,1
-8.749,4.174,GATCAAAAATACATTT,S228Y W343*,2,2
-8.749,4.174,GCCCTCTAGGTCAACG,C76F Y470S,2,2
-8.749,4.174,GCGATTACTACCAACA,A425P,1,1
-8.749,4.174,GGAACGTATGGTCCAC,F353G,1,1
-8.749,1.391,GGGTTCTACACGAAAA,E89* L244D,2,2
-8.749,4.174,GTCATGACCCATTCAC,N322G,1,1
-8.749,4.174,GTTGCAAAAACGACCC,M268K,1,1
-8.749,4.174,TAAATGTATTCTGACA,S107I T283N,2,2
-8.749,4.174,TAACGGATAATCACAA,I230N,1,2
-8.749,0.8347,TACATCCCCCTAAGTC,K259P G349*,2,2
-8.749,4.174,TATTTAAACTTGCAAT,G345A,1,1
-8.749,4.174,TCGCATTATCAGAAAT,I245K,1,1
-8.749,4.174,TCGTATATAAAGCATC,C281R P293S S400T,3,3
-8.749,4.174,TGAACGAGCCCCATTA,P99A E410K C466Q,3,4
-8.749,4.174,TGTTCTTGAGGCCCCG,R109F,1,1
-8.749,4.174,TTACAAGAACCTGGAA,N433L,1,1
-8.749,4.174,TTACGATTTCCATTCG,T117C F338K,2,2
-8.749,4.174,TTACTGCCGACGGCTG,G16A,1,1
-8.749,4.174,TTATTGCCAGATAAAC,G342A,1,1
-8.749,4.174,TTCAGCATAGAATATA,G465K,1,1
-8.749,4.174,TTTAAAAAATCGAAGG,I478H,1,1
-8.75,0.5962,GATAGTACAAAAAAAC,L66I N341A L431P,3,3
-8.75,0.5962,TTCCCTACATTGAATC,L194W,1,1
-8.751,1.391,AATAATGACACAAAAA,L428N,1,1
-8.751,1.391,ACACCAGGTGATTCAA,G349F T388Y,2,2
-8.753,0.5962,CACGATGAACCATGAC,V112N,1,1
-8.754,1.391,AGCCTGGACGAAACTC,W127V,1,1
-8.754,1.391,GAAATCATGTAAATAA,N45W L427K,2,2
-8.754,1.391,GCAAAACGACCGGATT,H471R,1,1
-8.754,1.391,TTTGTGCACAGACGTA,L66I S96P,2,2
-8.754,0.5962,GAAACCGTAATTCTAC,Q1* N63S,2,3
-8.754,0.5962,GATGAAAAATAACGCG,Y257P K278E,2,2
-8.756,4.174,AAAAAAGAACCGAACA,A19*,1,1
-8.756,4.174,AAAACCATCATTCAAT,L496D,1,1
-8.756,4.174,AAAACTGCAGCAACAC,Q1*,1,1
-8.756,4.174,AATAAAATTCTACATA,L314N K452S,2,2
-8.756,4.174,AATGCCCATCATTATT,C139F,1,1
-8.756,1.391,ACAACGCGGTCAAAAT,,0,0
-8.756,4.174,ACAGAGCTAGTAATAT,F125V E414K,2,2
-8.756,4.174,ACGGTTGAAAACCTAA,L15K,1,1
-8.756,4.174,ACTGATAAATACCGAC,G286W,1,1
-8.756,4.174,AGACCTCTAAATTGCT,L71Y A317S,2,2
-8.756,1.391,AGGCATCCGATTTTAA,I335H,1,1
-8.756,4.174,ATCAACGTACCAGTCT,G337K,1,1
-8.756,4.174,ATCGATTCGCCACCCT,N389Y E396L D419Y,3,3
-8.756,4.174,ATGTACGTAGAATACA,N322T,1,1
-8.756,4.174,ATTTAAGAATAGAACA,C76W V490Q,2,2
-8.756,4.174,CAAATGGTGATACGCA,N133K Q164C,2,2
-8.756,4.174,CAATATCACACTAACA,Y486V,1,1
-8.756,4.174,CACACTAATCGTTCGA,L151S R482N,2,2
-8.756,4.174,CCGAAACCAAAAGATT,A425R,1,1
-8.756,4.174,CCTTCAGATAATCGTT,G349T,1,1
-8.756,4.174,CCTTTTTTCTAAATCT,G286K D366Q,2,3
-8.756,1.391,CGCCTCCTATAGAAAA,A138D W421V,2,2
-8.756,4.174,CGTAAAAATAAAAGCA,T37Q,1,1
-8.756,4.174,CGTGAAAGATACCGAT,I232R,1,1
-8.756,4.174,CTGTACAATAATTTTT,Y98N,1,2
-8.756,4.174,GACTAAGTAGCGAACT,I481E,1,1
-8.756,4.174,GATTGGCACTATGACC,T12G K264R,2,2
-8.756,4.174,GCACATTATAAACCAC,C14G,1,1
-8.756,4.174,GCGCTCAAGCCAGCCA,R499S,1,1
-8.756,4.174,GGACCAATTAGTAAAA,Y178R,1,1
-8.756,4.174,TAAATACCTATCTCCC,Y257M,1,1
-8.756,4.174,TAACCCGCGGAACGAA,A69Q G275Q,2,2
-8.756,4.174,TAAGTTCTTGATCAAA,G61I,1,1
-8.756,4.174,TAATAACGCTGCTTTA,Y308E,1,1
-8.756,4.174,TAGCGTTTTCAACCAA,W180C,1,1
-8.756,4.174,TATAATAAGAGACCAT,R109P N475D,2,2
-8.756,4.174,TCACAAAAAGCAGCTG,R321G F399G,2,2
-8.756,4.174,TCACATACAATAGTAT,E340Y,1,1
-8.756,4.174,TGCACATTGCAACCTC,G349A,1,1
-8.756,4.174,TTTAAATCGTAGATGC,C14G,1,1
-8.759,1.391,ATAGTACTGATATGGT,T28I Y302Q,2,3
-8.759,1.391,TCACGGCCTAAAGAAT,F467D,1,1
-8.761,1.391,AAATAGTCATGTTGAC,S270E,1,1
-8.761,1.391,ACCGAAGACGGGTATA,G23* P185C,2,2
-8.761,0.4637,ACTGGATTATTGAAGG,K131H Y486R,2,2
-8.761,1.391,AGAATATTACTGACAC,Q164K K176A N458W,3,3
-8.761,1.391,CATAATCGCACGCGAT,A11R T370H,2,2
-8.761,1.391,CGAAATAGTAAAATAT,F294R,1,1
-8.761,1.391,CTCTTCACGCAACACG,N250I,1,1
-8.761,1.391,GATCTGTGTCCAACAA,Y491N,1,1
-8.761,1.391,TCCTTCCAGGTGCAGC,M346V,1,1
-8.761,1.391,TTATATAAACCCCAAA,C14Y S96K,2,2
-8.762,0.3794,AGTTCAAAAAACGAAA,I179S,1,2
-8.763,0.5962,ATCAAAGATATAAATC,G23C S422F,2,2
-8.764,4.174,AAAGAAAAACATCAAT,M268Q Q434I,2,2
-8.764,1.391,AACAAAGAGAGACATA,E123K P289Y E344G K387L V402I,5,6
-8.764,4.174,AAGATATAGTTAAAAA,R90D,1,1
-8.764,4.174,AATAATTCTCCAAACT,V43G,1,1
-8.764,0.8347,AATACGAATATTAACC,G362K,1,1
-8.764,4.174,AATAGTTACCCTTGAA,S193Y F258K,2,2
-8.764,4.174,AATATGGGTACATAAT,G116R,1,1
-8.764,4.174,AATATTAATGAAAGAG,Y257R,1,1
-8.764,4.174,ACAGCGAATGTCACCA,N322F,1,1
-8.764,4.174,ACCAATACGTGTAATT,P215L N216G E398K,3,4
-8.764,4.174,ACCACTGCTCAAACCC,G286V,1,1
-8.764,1.391,ACCCTTATAACGACCA,G218S L384Q F392C,3,4
-8.764,4.174,ACCTAAACATAAAGGC,P254T,1,1
-8.764,4.174,AGCCGTTTCCCACGGG,L71W D375S,2,2
-8.764,4.174,ATAACATTAATCTTTT,N22P P55M,2,3
-8.764,4.174,ATAGTCAAGAATTAAC,C14E L42N,2,2
-8.764,4.174,ATCAAACACTGTGTGC,R499T,1,1
-8.764,4.174,ATTGCTAGAGTTGGTT,F258S,1,1
-8.764,4.174,ATTTCGCAAACAAAGA,L314D,1,1
-8.764,4.174,CAACGCTATGCTTCAC,E460D,1,1
-8.764,4.174,CACAAGCTGACGCACT,I226E,1,1
-8.764,4.174,CACGGCAATCTGATAT,V43M Y486Q,2,2
-8.764,4.174,CAGAAATTTAGGAATG,D225P,1,1
-8.764,4.174,CATAGCGTTTATGAAC,F332G,1,2
-8.764,4.174,CCCCGAATATAGACCC,Q75M L251P,2,2
-8.764,4.174,CCGCGGATGTCCCTTA,P221S D366F,2,2
-8.764,4.174,CGGTTTAACGTAAACT,Y257R,1,1
-8.764,4.174,CTCTAAAATCTAGCCA,G181P G362D,2,2
-8.764,4.174,CTTATTTACGCCTCGA,H183N T187I,2,2
-8.764,4.174,GAACAGCGACTTCACA,I252Q,1,1
-8.764,4.174,GACACTACAAAAATTA,L70Q I245A G337D,3,3
-8.764,4.174,GACTGCTAATGACATC,H355A,1,1
-8.764,4.174,GAGGTATAAACATGCA,C139H M346P,2,2
-8.764,4.174,GATCAAGTCAAAGTAT,C64W,1,1
-8.764,4.174,GGATAGGTGAAATGAT,E340T,1,1
-8.764,4.174,GGCCGTACCAATCCAA,Q57P Y105T,2,2
-8.764,4.174,GGTTGTCAACTCGCTG,N464E,1,1
-8.764,4.174,GTAAAAATACCCCACA,A163I C281R L496H,3,3
-8.764,4.174,TAAATTTACGGACATA,N246Y,1,1
-8.764,4.174,TAATGTCCTAGATGAT,L118N R261S S400I,3,4
-8.764,4.174,TAATTAATGCCCAGTT,Y491Q,1,1
-8.764,4.174,TCATTATATTGCCTTT,D73L N285W,2,2
-8.764,4.174,TCCAGTTAATGGGTTA,K82H Q164R,2,2
-8.764,4.174,TCTTACGAGCAGGAAC,V204N,1,1
-8.764,1.391,TGAAGATTATTTCCAT,P254T,1,1
-8.764,1.391,TGTTGATCTTGAAACT,T206L E460M,2,2
-8.764,4.174,TTATATTACAAATATT,T37R,1,1
-8.764,1.391,TTCGACCTACTCAAAC,Y100W A336D,2,2
-8.764,4.174,TTGAGTTTCAACCCCC,G286M,1,1
-8.765,0.3794,TGCACATCTATAACCA,I226E,1,1
-8.768,0.5962,CACAAACCTGAATACC,C477D,1,1
-8.768,0.8347,AAAGGAAAGACTTACT,N126G A365Q,2,2
-8.768,0.8347,AACTATATTATTCAAA,P215L D241C,2,2
-8.769,1.391,AAATAAAATCTCGCAG,E41V P227H,2,2
-8.769,1.391,CGAACTCCCATGAACA,G349E,1,1
-8.769,1.391,GACAATCAAGACAAGT,P74K,1,1
-8.771,4.174,AAAACGATCTTGTCCA,L118P G263N,2,2
-8.771,4.174,AAATTTTTGCGGTCGA,P185Q,1,1
-8.771,4.174,AACCTCCTGCACGCCT,C305D,1,1
-8.771,4.174,AAGTATGCACTAATAC,R109F,1,1
-8.771,4.174,AATCCGGAAAATTAAC,Q295S,1,1
-8.771,4.174,AATGAACCAGTTAGCA,T436W,1,1
-8.771,4.174,ACCAAAGGCAAACCAA,F195L,1,1
-8.771,4.174,ACCATCTAATTTTACC,R354I E457K,2,2
-8.771,4.174,ACTAAATCAAAAAAAC,S54G F332P,2,2
-8.771,4.174,ACTCTATATCAGGTAC,A69I L251W,2,2
-8.771,4.174,AGACATATTGGGCATG,V43W,1,1
-8.771,4.174,AGATTTTAATAAAAAG,V36N,1,1
-8.771,4.174,AGCCCAATCATTAACT,L243C,1,1
-8.771,4.174,ATGAGTAAACCTTGTT,I232E,1,1
-8.771,4.174,ATGCAACTTATCAGAG,S143M S149- R150- L151- N152- W153- L154- T155- S156- L157- N158-,11,11
-8.771,4.174,CAAAGGACTCACAGTG,K276M G337D,2,3
-8.771,4.174,CAAGGGTATCTTTTTA,,0,0
-8.771,1.391,CCCAAGTACAATCAAC,M346N,1,1
-8.771,4.174,CCCCGCATATAATACA,W234N Y351W,2,2
-8.771,4.174,CCGAATCTAAGTATGC,P185C,1,1
-8.771,4.174,CCTCATTAATCCGAAA,H17G S312K,2,2
-8.771,4.174,CTGTCAAAAGAGGACT,I339P,1,1
-8.771,4.174,GAAATCCCCAATATCT,N250C,1,1
-8.771,4.174,GAACAAAAAAAGAACA,H17*,1,1
-8.771,4.174,GAGACCAAACAAATAA,G256P,1,1
-8.771,4.174,GCTAATGATAATCTAC,P239F,1,1
-8.771,4.174,GGATATCGTCGAAATA,V102Y,1,1
-8.771,4.174,GTCATAACAACTCCTG,P284S I288H,2,2
-8.771,4.174,TAAGTATCCTATTAAA,G463V,1,1
-8.771,4.174,TAATGGGTAAGTAAAT,L118P G349I A459Y,3,3
-8.771,4.174,TACGTATCCATAAATT,G386E G463E,2,2
-8.771,4.174,TCAACAGCAAAAGCAG,E89H,1,1
-8.771,4.174,TCCTCGGATAAAGATA,H18D,1,1
-8.771,4.174,TGCCAATTCGAAGAAT,K397W H471E,2,2
-8.771,4.174,TGCCGCAGTATTCTTT,G362P,1,1
-8.771,4.174,TGGATTGCATAAGTAG,N246D,1,1
-8.771,4.174,TGGTAATGTCTAAATG,W343Q,1,1
-8.771,4.174,TTAAAACCTATTAACA,I252T F294S,2,2
-8.771,4.174,TTACTAGTAGATGATA,I245S,1,1
-8.771,1.391,TTACTGCGTTCGTCAG,C277F,1,1
-8.771,4.174,TTCCAAATATCATGGA,Y491V,1,2
-8.771,1.391,TTCCCACTCTTAAACC,C139R T313W,2,2
-8.771,4.174,TTTTGGTCCAATCCAT,P74E,1,1
-8.773,0.8347,TCAAAAACAAGCTATC,E123F,1,1
-8.774,1.391,AGGACATGAATACAGG,P55M M268G,2,3
-8.774,1.391,CAACCTGAACTACAAC,C305K,1,1
-8.774,1.391,CTAATAGATAACGACA,E41C,1,1
-8.774,1.391,GAGTTGATTATTATGC,Y98D,1,2
-8.774,1.391,GTATAAAAAGAAAAAA,E89G,1,1
-8.776,0.8347,AAATCCTTTACCCGTT,I252W,1,1
-8.776,1.391,ACCAATATTAGCGATA,W421P,1,1
-8.776,1.391,CTCACTACTTACAAGC,Q211*,1,1
-8.776,1.391,GAAACGAATCACGTTC,P254K,1,1
-8.776,1.391,GAATACCTTAAAAATA,G5* N498A,2,2
-8.776,1.391,TTATAACATTAAGAAC,I335Q,1,1
-8.777,0.8347,TCAGGTTACCAAAATT,W180S,1,1
-8.777,0.8347,TGCAAATAAGCCCTAT,I58G,1,1
-8.778,0.321,ATAGGAGCGCAATGAG,E426P,1,1
-8.779,4.173,AAAACCCTATACACAA,T248G,1,1
-8.779,4.173,AAAGAAGCACGAAATC,H17S,1,1
-8.779,4.173,AATACAAACGATACAG,T117Q A317W,2,2
-8.779,4.173,AATCTACAATATTAAT,L70S N483V,2,2
-8.779,4.173,ACCAACCATAAGATTG,E432R,1,1
-8.779,4.173,ACGACAAGTGCTCGAA,H471G,1,1
-8.779,4.173,ACTCTGAAAACTCTGC,F399P,1,2
-8.779,4.173,AGGAAGAGATTGATGA,F338S,1,1
-8.779,4.173,AGGACCATTAATGCTG,S270N P289S,2,2
-8.779,4.173,AGTACAACTTAACTAT,L314A,1,1
-8.779,0.8347,AGTGCAATACGACCGA,I245W,1,2
-8.779,4.173,ATTTATGTTTCTCTTC,Y257* A364E C473K,3,3
-8.779,4.173,CACACTAAACAAAAAT,L70Q,1,1
-8.779,4.173,CACATCTCACTTCCCA,G362N,1,1
-8.779,4.173,CACCTTATTCGCAGAC,H471M,1,1
-8.779,4.173,CAGTATGACTGTAAAC,L431Q I469R,2,2
-8.779,4.173,CTAACTGTTAGACAAT,G286K,1,1
-8.779,4.173,CTGTTCCCCGCTTTTC,V36P W127Q,2,2
-8.779,4.173,CTTCCCACAAACTCAA,L243R,1,1
-8.779,4.173,GAAGGCAGATCAGCAG,R201A G349D,2,2
-8.779,4.173,GAATTCGGGGGCAGAG,P169V G256F,2,2
-8.779,4.173,GACGAGAGAAAATCAA,G342I,1,1
-8.779,4.173,GCATCTTAATACCCGA,G337K,1,1
-8.779,1.391,GGTTATAAAACCATTT,R492E,1,1
-8.779,4.173,GTATTAGAACCATATA,L316T,1,1
-8.779,4.173,GTCCGCAAATCTACAG,F120C,1,1
-8.779,4.173,GTTGATCTTACAGTGC,L118K,1,1
-8.779,4.173,TAAACAGATCTTTCCC,I377Y,1,1
-8.779,4.173,TAAATAGAAATACTCA,P74Q,1,1
-8.779,4.173,TAACGTGCGGCGACAA,I437S,1,1
-8.779,4.173,TAAGCGCTGACAGCAC,G181Y K452P,2,2
-8.779,4.173,TACTTAACATTTGAAC,K276A Y308C,2,2
-8.779,4.173,TATAAAAAAAAAAATT,N133C I288D,2,2
-8.779,4.173,TATACAGAGAAGCAAC,G333W,1,1
-8.779,4.173,TATCCAACTTAAAGTA,A253Q,1,1
-8.779,4.173,TCGTCGAAAATTCCAG,E426T,1,1
-8.779,4.173,TCTACAAAGGCTTCCC,Y161L D419K,2,2
-8.779,4.173,TTAAACTTAAAACAAC,A365N,1,1
-8.779,4.173,TTAAGCATACCCAGAC,R220I A459I,2,2
-8.779,4.173,TTTAGTAAAAAAGTCT,H18G V20L T416Q,3,3
-8.78,0.8347,GCCTGTACAGTTGGCT,P74K A336- G337- F338- I339-,5,5
-8.78,0.8347,TTCTTACCCAATCGAA,W343F,1,1
-8.781,1.391,ACACTCTGTGCAGAAA,C277M I385A E396H,3,3
-8.781,1.391,CCACACACTTGTATGT,R90L,1,1
-8.781,1.391,GGGGATCCTTTTGACA,N464C,1,1
-8.781,1.391,TAGATACCAACACAGC,L420H,1,1
-8.781,1.391,TCAACTTGCGAAAGCC,I437W,1,1
-8.781,1.391,TTCGATATCTGTTCTA,P185K D438N,2,2
-8.782,0.8347,GCCTGCCATAATTCAG,E89H G465R,2,2
-8.783,0.321,GCATAAAACATTTATA,E426L T451E,2,2
-8.783,0.5962,CTTTTTAAATATGTTA,E89M,1,1
-8.784,1.391,AACAGCCATTCCCTCT,C305R T313I H488D,3,3
-8.784,1.391,ACCATAATTCCCAAAA,S205I L420R,2,2
-8.784,1.391,CAAAAGATCAAGTCTC,T318K V413F,2,2
-8.784,1.391,CCACGTTATATCCTAA,G386K W421I,2,2
-8.784,1.391,TCCCGCTTTATTAAAC,F294K,1,1
-8.785,0.8347,ACTCAGATAGTACATT,Y486M,1,1
-8.786,4.173,AAAATTAGCTAGCTGA,P254H G263R,2,2
-8.786,4.173,AAATACGGTCCCAATT,F353K,1,1
-8.786,4.173,AACAACGAGAATCCTA,G72R,1,1
-8.786,4.173,AACGTATGATTACAAA,Y308R,1,1
-8.786,4.173,AACTAACTTATAAGCT,G319R W343*,2,2
-8.786,4.173,AATAAACAAGACATCT,L15D G116R,2,2
-8.786,4.173,ACACAGCATCCTGAAT,S422R,1,1
-8.786,4.173,ACCCGCCAATTAAACC,C64S N322K,2,2
-8.786,1.391,AGACAATGCCAGAGTA,F147V,1,1
-8.786,4.173,AGTTCAGCAACATTGA,G379S T436P,2,2
-8.786,4.173,ATCACTCGATATGTTA,H471D,1,2
-8.786,4.173,ATCTATTAAACTAGAT,E89N,1,1
-8.786,1.391,ATTTAAAACTCAGCAG,F294S,1,1
-8.786,4.173,ATTTTCAGAGAATAAA,I252H,1,1
-8.786,4.173,CAATTAACCCAATTCC,I502Q,1,1
-8.786,4.173,CACTCACTACAATCAA,F332G E414K,2,2
-8.786,4.173,CAGCCTTCTCCGGCCA,Y491T,1,1
-8.786,4.173,CATAATAAATCACATA,D68N N152K,2,2
-8.786,4.173,CATCCATAAAAAATAC,Y178Q,1,1
-8.786,4.173,CCATCAAACTGTTACA,R329T,1,1
-8.786,4.173,CCCCAACGAACGGGTA,D441P,1,1
-8.786,4.173,CGAACTTATCGTTCGA,M346C,1,1
-8.786,4.173,CGTACACTGATGTGTC,D461V E494K,2,2
-8.786,4.173,CTGAAGATTACGCACG,A19R G342D,2,2
-8.786,1.391,CTTATAGGTATGCACT,V36E,1,1
-8.786,4.173,GAAACTAACAGATAAT,L314Y,1,1
-8.786,4.173,GATTGCCGTAGAAAAC,R220I F467Y,2,2
-8.786,4.173,GCAATTTCTCTCCCCT,K121R I335D,2,2
-8.786,4.173,GCACAGGGTCTATCCC,G360E,1,1
-8.786,4.173,GTATTTATTATTTAGA,K453P,1,1
-8.786,4.173,GTTCTTCTAATTACAG,K176N S287R E443K,3,5
-8.786,4.173,TAAATTAACATATAAT,F353Q,1,1
-8.786,4.173,TACCATCCAAAACCCT,A11N V166G,2,3
-8.786,4.173,TATGAGAGACAAATTA,W350* W421* N475G,3,3
-8.786,4.173,TATTTGTCTGACAAGA,N152Y,1,1
-8.786,4.173,TCCAATCTATCTAAGT,K50H G116R,2,2
-8.786,4.173,TTAGGGCAAGGTTTTA,Y486H,1,1
-8.786,4.173,TTATACATAAAAATGG,L70P G256V,2,2
-8.786,4.173,TTATTCCAACATCTCA,V429E,1,1
-8.786,4.173,TTCACATATGTCGACA,T248Q,1,1
-8.787,0.4637,CAACCCAAATCTTCCA,I230H,1,1
-8.788,0.8347,TCCCATAAGTTGTTAA,K446P,1,1
-8.789,1.391,AACACAGATTAGAGGC,Y423P,1,1
-8.789,1.391,TCGTTAAACACTCTCT,F148K,1,1
-8.789,1.391,TTACATATTTCATACT,G303T,1,1
-8.789,0.2197,CATAGAAACTGATAGG,I437A,1,1
-8.789,0.8347,AATCGGCTACAAATAG,Y351S,1,1
-8.789,0.8347,ACTGGCTGATGGGACC,L15F,1,1
-8.789,0.8347,TTTTAAATGCATAAAA,K189Y G345C,2,2
-8.789,0.3794,CGATGTTTAGACATTT,M444D,1,1
-8.791,1.391,TCCTCACGTAGGATGG,D241F,1,2
-8.792,0.5962,ATGAACTAAGCTATTA,G61Y,1,1
-8.793,0.4637,CATTTGTGGACTGAGC,A196V I252Y,2,3
-8.793,4.173,AAACTCCTGTCGACCA,C477W,1,2
-8.793,1.391,AACGCTCCTTCGTCCA,G362T,1,1
-8.793,4.173,AACTCCCCTAAGCATA,G72L,1,1
-8.793,4.173,AAGAATTTACAGCACA,T451G,1,1
-8.793,4.173,AATAAAACTCATCGGT,L177M L251C,2,2
-8.793,4.173,AATCATAGACTAACAT,G337R H471S,2,2
-8.793,4.173,ACATGAACACAACTGT,F148A S199P D291N,3,3
-8.793,1.391,ACGATAAAAATTGCCT,F147Y C281R,2,2
-8.793,4.173,ACTATTACTCTACAGC,A19P,1,1
-8.793,1.391,ACTCCAAATTCTTCAT,W350K,1,1
-8.793,4.173,AGGCTTTTAACAAAAA,G360V,1,1
-8.793,4.173,ATAATCAGATACTAAC,I202G,1,1
-8.793,4.173,ATCAAACGAAACTGCA,R499S,1,1
-8.793,4.173,ATCCAAACACTAACAT,S199D G386E W421*,3,3
-8.793,4.173,ATGATTTTTCCATTCT,N296P M444I G465E,3,4
-8.793,4.173,ATGCACACAAAAAATT,V26E E359A,2,2
-8.793,4.173,ATTAATCCATATTGTT,V102N,1,1
-8.793,4.173,CAAAAAATATAAAAGT,D60F E359*,2,2
-8.793,4.173,CACAGGCATACAGTAA,C14G,1,1
-8.793,4.173,CACATGACACCTGTAC,R90G,1,1
-8.793,4.173,CCAACATTGGCTAAAT,E83G S231P,2,2
-8.793,4.173,CCATACGACATGATCT,N433E,1,1
-8.793,4.173,CCTGTCTAAAGATGTA,D348F C473K,2,2
-8.793,1.391,CCTTTCCGAAACACAA,S266R T388H F392* E398D,4,4
-8.793,4.173,CGAAATCCGAGTTGAC,V347M G504C,2,2
-8.793,4.173,CGAAGAATCAACTACC,D32H T203A E398K,3,4
-8.793,4.173,CTAACTAGGCATTAGA,G479P,1,1
-8.793,4.173,CTAGTATAACATCAGA,L15E,1,1
-8.793,1.391,CTATAGAGTTACGTAT,H17P G142E L314P E398K E410K,5,5
-8.793,4.173,CTTATTTAAACTCATG,I502H,1,1
-8.793,4.173,GAACGTGTTTTAACCG,K315D,1,1
-8.793,4.173,GAATATCAATAAAAAA,P221Q D438Y,2,2
-8.793,4.173,GACCCTGCAGCTGAAC,F338N,1,1
-8.793,4.173,GTAAGATATGTCATAT,E460N,1,1
-8.793,4.173,TACACGCGTACTGGGA,T416H,1,1
-8.793,4.173,TAGGGTAAGAAAGCGA,Q434L,1,1
-8.793,4.173,TATTAAAATACAACCT,S193L,1,1
-8.793,4.173,TCAGCCTTAATTTATT,I67F I179T,2,3
-8.793,4.173,TCTGTGCCCTCAAATT,S107H G463C,2,2
-8.793,4.173,TTCAAATACTTAAGAA,C64G,1,1
-8.793,4.173,TTCTAAAAATTATATC,W421R,1,1
-8.793,0.8347,AAAACTCAGTACTAAT,C139F,1,1
-8.796,1.391,AAATATATTTTACCAA,C76G,1,1
-8.796,1.391,CGCGAAACCACTTCGG,W343V W421I,2,2
-8.796,1.391,TTACCAAATATCAAGA,N458R,1,1
-8.796,0.8347,CACGGATTCAAAAGTA,H355N,1,1
-8.798,1.391,AATTTAATTGCAGCCA,Y486I,1,1
-8.798,1.391,ACAAAAATTGAACATT,A39T W180P,2,2
-8.799,0.4637,AACGGTCTTCAAAACA,D461C,1,1
-8.799,0.4637,TCAAATTGTAATCAAA,T24S T28H R261V V402P,4,4
-8.801,4.173,AAAAATAGCTTTCCAT,G342V,1,1
-8.801,4.173,AAAACATTTTGTCTAG,W84I F448Q,2,2
-8.801,4.173,AAAACCTGTGCGGCAC,,0,0
-8.801,4.173,AAATAGAAATTACATG,G386*,1,1
-8.801,4.173,AACTCGTCTAACACCT,G116Q D408V,2,2
-8.801,4.173,AATATTCCATACCCGC,V213Q C466Q,2,2
-8.801,4.173,ACATTAACCCATTAAG,G72V R499T,2,2
-8.801,1.391,ACGCAACCTAAATGGA,Y470A,1,1
-8.801,4.173,ACGTAGACGAATGAAA,S114L A196S K452E R456M,4,4
-8.801,1.391,ACTGCGTAATGGGCCA,L243P,1,1
-8.801,4.173,ACTTATTGACCTAGCA,C305M R307K,2,2
-8.801,4.173,AGAATAACGAATACAA,G134D F500M,2,2
-8.801,4.173,AGCCAAGTACGTCAAC,G337D G465N,2,3
-8.801,4.173,AGTGCACATTAAAATA,A373N,1,1
-8.801,4.173,AGTTACGTCACACGAT,Q295* E344D,2,2
-8.801,4.173,ATAAACCCTCAGGAAT,T206M,1,2
-8.801,4.173,ATAAAGAAGCTACGCA,F448E,1,1
-8.801,4.173,ATGGACGACGGGATAT,T12P E449G,2,2
-8.801,4.173,ATTAATCAGATCCAAT,L381G E390C,2,2
-8.801,1.391,CAAAACAAGGCCAATG,,0,0
-8.801,4.173,CAACAAACAGATCTAA,G129I Y178E E410F,3,3
-8.801,4.173,CAAGATTTTACAATAT,F332E E340K,2,2
-8.801,4.173,CAATCACATTGTTTAA,E443K E494L,2,2
-8.801,4.173,CACAGAACCTCCTATG,Y161G S205N,2,2
-8.801,4.173,CATTTAATAACTGTCT,L71Y,1,1
-8.801,1.391,CCTTATGCAAGATAAT,T436F,1,1
-8.801,4.173,CGACAACCAATAAACT,L455D,1,1
-8.801,4.173,CGAGATACCCTCTAAA,I267K,1,1
-8.801,4.173,CGATACATCAACGAGA,L244P P306S,2,2
-8.801,4.173,CGCTACATAATATGGT,T117D G379D,2,3
-8.801,4.173,CTACATTAACTGAAAA,G345D D348Y,2,3
-8.801,4.173,GGCAATCAGCCATAAG,G249D,1,1
-8.801,4.173,GTAAACTGCATATAAG,,0,0
-8.801,4.173,GTAGACACAGATTAAT,,0,0
-8.801,4.173,GTCACACTTCTTTTAA,Y351G,1,1
-8.801,4.173,TACGCTTGCATGCCAC,E123P,1,1
-8.801,4.173,TACTAAACCGAGTTCT,D188R H488A,2,2
-8.801,4.173,TATACTCCTGCTAAAA,I252S,1,1
-8.801,4.173,TATCACATTTTACAGC,L367R I481R,2,2
-8.801,4.173,TCACCTAGTCGAAAAG,N498P,1,1
-8.801,4.173,TCACTTTTCTTAGAAT,V36N W234A,2,2
-8.801,4.173,TCCTTAGAAACAAAGG,W153*,1,2
-8.801,4.173,TGTTAATTGAGCCTAA,V88D,1,1
-8.801,4.173,TTACAGGAAGATCCAA,I232M I331N,2,2
-8.801,1.391,TTCTACAACGCATTAT,F148L,1,1
-8.802,0.5962,GCGACCCGATCCAATT,C277L,1,1
-8.802,0.8347,AACCAAAGTTCTTCAC,G142E S265L,2,2
-8.802,0.8347,TATCACACGGAAATGA,I230D,1,2
-8.802,0.8347,TTCAATTAGCATAGGG,N298P,1,1
-8.803,1.391,AATCATAGGAAACAAG,G61R,1,1
-8.803,1.391,CAGATACTAACACCTA,A138E P293R R321* G386V,4,4
-8.803,1.391,CGCCGTCATCGAAAAT,F448G,1,1
-8.803,1.391,CTCTACTCACAGATAA,G249I G465E,2,2
-8.803,1.391,TAGCGACGATTTGTAA,T451W,1,1
-8.804,0.3794,TTAATTTAATTTGTAA,D104S G465W,2,2
-8.806,1.391,ACATAAGTAATAAATA,Q434Y,1,1
-8.806,1.391,GAATACTATACAAAGT,M462H,1,1
-8.806,1.391,TTACAACCGCTGAATC,C64D,1,1
-8.808,4.173,AAAATGGACTGCGGCG,F294E,1,1
-8.808,4.173,ACAATAATTAGGACAT,E41N S287Q,2,3
-8.808,4.173,ACGACTGTCAACACCA,S47D E432I,2,2
-8.808,4.173,AGAAAACCGATTTGAA,I502F,1,1
-8.808,4.173,AGGACCATATCTTGGA,A373P,1,1
-8.808,4.173,AGTCATCAGCCCCTCT,S47H R90G,2,2
-8.808,4.173,AGTTACAACATCACCA,A163P C281R I385N,3,3
-8.808,1.391,ATAACACATAATTCTA,R141S N483I,2,2
-8.808,4.173,ATGCACCCACATGTAA,E359S,1,1
-8.808,4.173,ATTATTGGAAACCATA,N246E,1,1
-8.808,4.173,CATAAAATTAGAACAA,T370L,1,1
-8.808,4.173,CATATTTCATACCCAA,T30E D474A,2,2
-8.808,4.173,CCTGAGCCGCAGACCT,T370C,1,1
-8.808,4.173,CGAAGGGTATCACCCT,N296P,1,1
-8.808,4.173,CGAATCATACAGACAG,T37E,1,1
-8.808,4.173,CGACTCTCGAATTTCT,G72C,1,1
-8.808,4.173,CGGGTGATCACTCTTG,P99F,1,1
-8.808,4.173,CGTAGGTAACTCATCT,V102C K452Y,2,2
-8.808,4.173,GACATCGGACTCATAT,H471A,1,1
-8.808,4.173,GGGACTCCCTATAAAA,A495T,1,1
-8.808,4.173,GTACAATTAAAACAAA,R208K W421*,2,2
-8.808,4.173,GTCCACCTTATTCCCC,G256M,1,1
-8.808,4.173,GTTCTCCTAGAAAAAA,A138P,1,1
-8.808,4.173,TAATAAGTATAAACAC,N246F M444I,2,2
-8.808,4.173,TACTGCACCATTTACG,R499Y,1,1
-8.808,4.173,TAGAAAACATTAACAA,N152W,1,1
-8.808,4.173,TATCATGGCAACCCAA,I58R,1,1
-8.808,4.173,TCATCAATAAGAAGAA,T206W,1,2
-8.808,4.173,TCTAAATTTATTGATA,F467R,1,2
-8.808,0.321,TCTCAGTTAGGAAGCG,I202M E494G,2,2
-8.808,4.173,TGACAAATGAAAAATT,L70D,1,1
-8.808,4.173,TTAAAAGGTACATAAC,A113F L367M,2,2
-8.808,4.173,TTACCGGATGGTAGAT,Y423S,1,1
-8.808,4.173,TTCGCTAACAAAAAAA,N126S L420E,2,2
-8.808,4.173,TTGATCGCTGTCACAA,G181L,1,1
-8.81,0.8347,AGTATAATCTATATTA,N433R,1,1
-8.811,1.391,AAAGATAAAGATTTAG,K292F,1,1
-8.811,1.391,AGAGGTATGCTCACTC,N190H,1,1
-8.811,1.391,TTAGGAACAACAACAG,I245H,1,1
-8.811,1.391,TTGATGCGCGTTTAGA,L314A,1,1
-8.811,0.8347,GTCTCCACCACAGGCC,A495W,1,1
-8.812,0.3794,GAGATTGTGACAAATA,R456D,1,1
-8.813,0.8347,ACGCTATCACTGACTA,L409D,1,2
-8.813,1.391,GAAGTGTCTTTACTCA,N158K G275R F338T,3,3
-8.813,1.391,GTACTTGGCTACACCG,L151T,1,1
-8.813,1.391,TACCGGGCCCGACACA,G319M K503N,2,2
-8.813,1.391,TACTTTTCCACAGGCA,L59G,1,1
-8.813,1.391,TGCTTCACTTAAGCTC,V26G R261S,2,2
-8.813,1.391,TTAATTTGAATTATTC,I377P L431Q,2,2
-8.815,0.2196,ACACTCCGAACATCTA,D241F A317F,2,2
-8.815,4.173,AAACACTAATTTTACG,G352R,1,1
-8.815,4.173,AAACGATGGCCACTAA,F294E,1,1
-8.815,1.391,AAACGCAGATTATACA,,0,0
-8.815,4.173,AAAGATGTAAAAAGAC,V20C,1,1
-8.815,4.173,AAGCACAAAATTTCAA,C466D,1,1
-8.815,4.173,AATCACGATTTATAGA,I51K,1,1
-8.815,4.173,ACAAGAATCTATCAGG,H471Y,1,1
-8.815,4.173,AGATAATGAAACACGA,Y491T,1,2
-8.815,4.173,ATAAACAGGTAACTAG,F147R,1,1
-8.815,4.173,ATAACAAGGGTGCCAC,F79I V102Q,2,2
-8.815,4.173,ATACCCCTCAACTAAA,F294A,1,1
-8.815,4.173,ATACTCACAAGCTTCA,W421M,1,1
-8.815,4.173,ATGATATTCACGATCC,Y470I,1,1
-8.815,1.391,CAAAAGTTCCAACATC,F125E,1,1
-8.815,4.173,CACCAGAAAAAAAGGT,E35S A336T,2,2
-8.815,4.173,CAGATCGGCACGATAA,R329I,1,1
-8.815,4.173,CAGGGATATTTTAAAT,V102Q,1,1
-8.815,4.173,CAGTGTGTACATCGTA,L108I L420N,2,2
-8.815,4.173,CATAAACGAATAAAAA,H471E,1,1
-8.815,4.173,CCCTTCATTGAGATCA,H18F D419I,2,2
-8.815,4.173,CGATATTTACAATATC,L108I W350*,2,2
-8.815,4.173,CGTAAACATCTACAAG,H355R,1,1
-8.815,4.173,CGTACACTGATTAGAC,D7*,1,1
-8.815,0.8346,CTATAACCATAGACAG,N216S G319S,2,2
-8.815,4.173,CTATCGTGTTAATATT,F332Q,1,1
-8.815,4.173,CTCTAAACCAGTAAAC,S136M A334S L496P,3,3
-8.815,4.173,GAAATTTAATGTACAA,G345V,1,1
-8.815,4.173,GATCAAGCTAACATCC,F294C,1,1
-8.815,4.173,GATGAATCTTAAATAC,V130Q,1,1
-8.815,4.173,GCAATATCCCGTCGAG,R329G N464M,2,2
-8.815,4.173,GCCAATAATGCAACAT,G16P P55F,2,2
-8.815,4.173,GCTGGAAAACAAACTC,A69T W127E,2,2
-8.815,4.173,GGAAACTCGATTGGGA,C64M I502L,2,2
-8.815,4.173,GGAATGGAAATCTACT,C305A L431K,2,2
-8.815,4.173,GGCATCTGCCATTGTA,A495Y,1,1
-8.815,4.173,GTCTATTATTTCTTTA,I469G,1,1
-8.815,4.173,GTGCTGTAGCTTTTAA,W180C,1,1
-8.815,4.173,GTGGATAATACAAGAA,P99M G134D,2,2
-8.815,4.173,TAATTTTTCAACTCAA,R224M I300T,2,2
-8.815,4.173,TAGCAAATACATCACC,W350E,1,1
-8.815,4.173,TAGTATAATTGTTTGG,Y308Q,1,1
-8.815,4.173,TCAAGAAATTTTTTCT,A317V,1,1
-8.815,4.173,TCCAACCTGACTAGGA,L66R,1,1
-8.815,4.173,TCTCAGCAAATAATCT,S270K,1,1
-8.815,4.173,TCTCCATGGATACGGA,P254N S480D,2,2
-8.815,4.173,TGTACAAGCATATACC,P21W D461Y,2,2
-8.815,4.173,TGTTATATTGTATGCA,K380Y,1,1
-8.815,4.173,TTATAAACCCATACCT,V43R,1,1
-8.815,4.173,TTCTTCTACACATACC,V237K,1,1
-8.815,4.173,TTGCTACACTAAAAAA,T451D,1,2
-8.817,0.4637,ACATTATCATGTAGCT,V88A E340K,2,3
-8.818,1.391,AACGGCTGCATACCTA,A317L,1,1
-8.818,1.391,CACAATAAATACCAGG,I179W Q210T,2,2
-8.818,1.391,CATTACATGGATCTTC,G303L,1,1
-8.818,1.391,CCACTCCTCCCGATCT,G286H,1,1
-8.818,1.391,GAATCGCCAATTAAAA,A113N,1,1
-8.818,1.391,GATTACGAGGGAAAAT,P221W T283A N290S K292R,4,4
-8.818,1.391,GGTTTTGCATGTAAGA,W84H,1,1
-8.818,1.391,TCAGCTGATCGACAAC,G116F T318M,2,2
-8.818,1.391,TCGAATACTCATAGAG,C64H,1,1
-8.819,0.5962,ATAAAATAAGAACTCG,K207S I252S,2,2
-8.819,0.5962,CGAATAAGACAATAAC,I469Y,1,1
-8.82,0.8346,ACGGCAACAGTGATGC,A425E,1,1
-8.82,0.8346,TTATGGCCAAACCAGG,I179H,1,1
-8.82,1.391,AGCACTACTCTCTGCA,G303D,1,1
-8.82,1.391,ATGCAGGCCATGTTGA,M444K,1,1
-8.82,1.391,CGTACTTCATATTTAA,Y486N,1,1
-8.82,1.391,TATTATGAACATGGAT,N246Q,1,1
-8.821,0.3794,AAATAGAAATTTAGCT,A163T V182R,2,2
-8.822,0.5962,AAAGTTATTAGTACAA,V26Y L177T N389E E410K,4,4
-8.823,4.173,AAACCACAACCAATCA,I232H,1,1
-8.823,4.173,AAACCACCCTCTAATA,C477Q,1,1
-8.823,4.173,AAGAATTAAACACCAG,C277L C281F V297K,3,3
-8.823,4.173,AAGCTAAAACCCTTGT,S9G G345D,2,3
-8.823,4.173,AAGGAGTCTATTAGGA,A19E,1,1
-8.823,4.173,AATACCTCAACCAACC,A372P,1,1
-8.823,4.173,AATAGCACAATCGGAG,L409R,1,1
-8.823,4.173,ACCCCTGCTCGCGCCA,I202K,1,2
-8.823,4.173,ACCTATCTGAGCTTTT,D68W,1,1
-8.823,1.391,ACGAATGAACATGACG,C466K,1,1
-8.823,4.173,ACTACAATCAGAAGAC,S149N W153Q,2,2
-8.823,4.173,ACTCACAAGTACAAAC,C305E,1,2
-8.823,4.173,AGATTCTGCATGTGTA,T248A,1,1
-8.823,4.173,AGCACCCTTCAACATC,Q295L D375K,2,2
-8.823,4.173,ATAAATCACTGGCCTA,I374P,1,1
-8.823,4.173,ATAATACCTTCTATTT,Q211P S422R,2,2
-8.823,4.173,ATATCGCCCTCTTCGC,N250E,1,1
-8.823,4.173,ATGCAATACTAGTATA,T436G,1,1
-8.823,4.173,ATGCACGGTTAGCATG,G360I,1,1
-8.823,4.173,ATGCGAAACATAACCG,M268E,1,1
-8.823,1.391,ATTAATTTCCCACTCA,I51R,1,1
-8.823,4.173,CAACATATGGCTCTCA,N489P,1,1
-8.823,4.173,CAGAAATCAAAGCCCA,K310N T436E M444I,3,3
-8.823,4.173,CAGCATTTTGAACTTA,G16D,1,1
-8.823,4.173,CAGCGATACTAATGAT,N296L,1,1
-8.823,4.173,CATTAATAATCGAATT,G61W,1,1
-8.823,4.173,CCATCACAATAAAAAA,T37K E41D,2,2
-8.823,1.391,CGATTGACGACAAATC,Y470S,1,1
-8.823,4.173,CTGTTACCCCGCAATT,I34G,1,1
-8.823,4.173,GAACTGCATAAGCATG,C477R,1,1
-8.823,4.173,GACTTGATCCATAAAT,Y100N,1,1
-8.823,4.173,GCAGAGCGATATAGTA,C139R,1,1
-8.823,4.173,GCCAATACACATAGTA,T313M M320V,2,2
-8.823,4.173,GCCCTCTACGCACTAG,I58D G330C,2,2
-8.823,4.173,GGATGGTTCAAGCACC,I335D,1,1
-8.823,4.173,GTAGTGGAACACATAC,Y423I,1,1
-8.823,4.173,GTATGATGAATATTAC,G256S,1,1
-8.823,4.173,GTGAGTTCCAGAACAA,I3A G333K,2,2
-8.823,4.173,GTTCAAAAAAGGCTAG,C281* Q394R V402N,3,3
-8.823,4.173,TAAATGCACGAGACCA,A113R N498H,2,2
-8.823,1.391,TAAGATATAAATGTAA,S91V V130H,2,2
-8.823,4.173,TAGTAAGAAACTACAA,W350S,1,1
-8.823,4.173,TCATTTGTGAAAAGAG,C64Q,1,1
-8.823,4.173,TCCAATATTCCCTAAG,I51D,1,1
-8.823,4.173,TCTACAGTATCCATAG,D186Y R492K,2,2
-8.823,4.173,TGATATTCACCAAGAC,G349P,1,1
-8.823,4.173,TGGGACGGACTTCCAT,E172C I502S,2,2
-8.823,1.391,TTAGGAAAAGTGCATC,Y98I,1,1
-8.823,4.173,TTCATATTAAAATAAA,Q295F,1,1
-8.823,0.8346,GATCTGTCTTACAAAG,R224L I478K,2,2
-8.824,0.8346,ATTTGTATAAAACTCA,W343A,1,1
-8.825,1.391,AAAACCTGTATCATTC,L314T,1,1
-8.825,1.391,AAATCCGATTAGCTCG,S279M I478E,2,2
-8.825,1.391,AACATAATTTAGAAAA,A163T R261K P293K,3,4
-8.825,1.391,ACAACTCATCTGACAG,T416K,1,1
-8.825,1.391,GCGAATGATAGGGAGC,H17N,1,1
-8.825,1.391,TAAGTATTATATAACC,G256I,1,1
-8.825,1.391,TACATCAGCCCAACGG,A364W,1,1
-8.826,0.8346,ACATACCATCGAGCAG,C305Y E340A,2,2
-8.826,0.8346,CCACCTCAGGTCAGGA,G362R,1,1
-8.826,0.5962,TGAATGTTAACCCTTC,I437Q,1,1
-8.827,0.3794,TCCCAATGTAATCTAA,T451D,1,1
-8.827,0.8346,CCAAGTCGACCAGAAA,V413- E414- L439A,3,3
-8.828,1.391,AATATAATCATAAAGA,T235W,1,1
-8.828,1.391,ATCACGACAAAATAAC,Q311C W343*,2,2
-8.828,1.391,CGACCAGCCCATATCA,V102P,1,1
-8.828,1.391,TTAAGACTGGTCCACA,Y308C,1,1
-8.83,4.173,AAAAATACCGATAATA,Q363K,1,1
-8.83,4.173,AAAAATCTTTCGGACA,W421G,1,1
-8.83,4.173,AAAACTTACCACAGCC,H18G H355A,2,3
-8.83,4.173,AAAATGCACATCGTAA,A495D,1,1
-8.83,4.173,AACCCCCCATTAAAAA,R229H E325L E460G,3,3
-8.83,4.173,AACCGCGACACTACAA,Y100E E484D,2,2
-8.83,4.173,AAGTACGAAAGCTTCA,P103W G134A,2,3
-8.83,4.173,AATCCGAAATGAGAGA,I282Q N433C,2,2
-8.83,4.173,ACAAAATATAGTTTTA,Y486S,1,1
-8.83,4.173,ACATCTCGAATAGTTC,H184Q V413E,2,2
-8.83,1.391,ACCTGTTTAGCAAATA,S228F,1,1
-8.83,4.173,ACGAGAACCGAAATAA,L367N,1,1
-8.83,1.391,ACTCGATTTCTGAAAA,P239W,1,2
-8.83,4.173,AGACATACGCAAGGTA,D68K K380W,2,2
-8.83,4.173,AGTAAACAAAACTTTA,Y302D,1,1
-8.83,4.173,ATAATTTCCATCCAAA,V166L E457K,2,2
-8.83,4.173,ATCAGGAGCAAGCTCC,G62E N357I,2,2
-8.83,4.173,ATGAGACCGCACACGG,P254H,1,1
-8.83,4.173,CAAGTTTGACCTATTA,D291N N458H,2,2
-8.83,4.173,CGATCCTTTCGACGTA,L108T,1,1
-8.83,4.173,CGCTAAAAACGTTTAG,K176P R299I,2,2
-8.83,4.173,CTAATCGCCGCAGAAA,A11L S146M,2,2
-8.83,4.173,CTACTACAACCAAAAG,V402P,1,1
-8.83,4.173,CTATCGTAACCAAAGT,E123S,1,1
-8.83,4.173,GATAGATCCAGTACAC,G16P,1,1
-8.83,4.173,GCAAGAACAGCTTAAC,P215C G465I,2,2
-8.83,0.5962,GCCTAATGAACTAAAG,C139W,1,1
-8.83,4.173,GCGATAAAAACATTGT,E41I,1,1
-8.83,4.173,GGAATTTCACGATACC,Q311N G319C,2,2
-8.83,4.173,GTAAAAACCTTAGCTC,I377D,1,1
-8.83,4.173,GTCACCCGAAGAGCCA,L42Y,1,1
-8.83,4.173,GTTGGTCTCAGCTTTA,Q80N A138V,2,2
-8.83,4.173,GTTTTTATCTAAACGA,V20G L316G,2,2
-8.83,4.173,TACTAAAACTATTCAA,S193R D348N,2,2
-8.83,4.173,TACTATATTTACCAAG,S146T G342A,2,2
-8.83,1.391,TCAATCTGCGGAGATT,F353I,1,1
-8.83,0.8346,TCAGAGCATTTTAGTT,V130Y,1,1
-8.83,4.173,TCCACGCAACCTTCTT,W234E,1,1
-8.83,4.173,TCTCGGCGTTTCAATA,A163P T283R,2,3
-8.83,4.173,TGACGAATCGTTTTAA,C305K G362C,2,2
-8.83,4.173,TGTTTTATCGTTACTG,G62P,1,1
-8.83,4.173,TTAGAAGACTTTGCTC,W127G,1,1
-8.83,4.173,TTAGTCTTTTTGCTGG,M320V,1,1
-8.83,4.173,TTTAGACTATGATAAC,P239S D419V,2,2
-8.83,4.173,TTTTCCGAAACGTATT,A19W S136K,2,2
-8.831,0.8346,CAACCGGAACAATCGT,N63S C473I,2,2
-8.832,1.391,ACCGCGGGTTATAAAA,S369E,1,1
-8.832,1.391,ACTTATTAAACTCCAA,L66S,1,1
-8.832,1.391,CAAGCTTGGACTGGCG,W343F,1,2
-8.832,1.391,TTTCTAAGAATTAGGA,L427G,1,1
-8.834,0.5962,GTACTAGAGTTCAATT,Y100S D271Y,2,2
-8.835,1.391,AACTTATAAACCTAAC,N341P,1,1
-8.835,1.391,ATTATTTAAAATCCGT,I160C C277L R321* K387F E398*,5,6
-8.835,1.391,ATTATTTTAAACGAAG,W350S,1,1
-8.835,1.391,CCAACTGCTAACACAA,I478G,1,1
-8.835,1.391,TGGATGGAAAATCAGG,D348K,1,1
-8.835,1.391,TTACATTCTCTAGCAG,L70P,1,1
-8.836,0.4637,GGCTTGGCCAAGGCAT,S145G A317G,2,2
-8.837,4.173,AAAAACAACCTCAGAT,R492W,1,1
-8.837,4.173,AACTTTCGCCTATCAA,P74E,1,1
-8.837,0.2782,AATGGTCCCAACCTAC,F294S,1,1
-8.837,4.173,ACACCACTTTTAATGG,I51G V323W,2,2
-8.837,4.173,ACTCACCTTACCTAAG,Q407* D487R,2,2
-8.837,4.173,ATACGTCTGTTTACTT,T37C L177A,2,3
-8.837,4.173,ATATACAAAAAACCCG,T440D,1,1
-8.837,4.173,ATCAATCAATGTGAAG,N424P,1,1
-8.837,4.173,CACTGAACAAAACAGC,F258A,1,1
-8.837,4.173,CAGATGTTTGCACCAA,K176L,1,1
-8.837,4.173,CCTCCAAATTCGACCG,F353D,1,1
-8.837,4.173,CGGAATTCAGATCGTA,L66G,1,1
-8.837,1.391,CTAAAACACGCCAAAA,G181K,1,2
-8.837,4.173,CTTGACCCTCACAAGT,T436Q,1,1
-8.837,4.173,CTTTAAAAGATGGACC,E41V,1,1
-8.837,4.173,GAAAGCACAGACTTCT,K176D,1,1
-8.837,4.173,GAATGGACCCATAAAT,N53M N298P,2,2
-8.837,4.173,GACAAAGGTAATTTAA,E123Y,1,1
-8.837,4.173,GATAATTTGCCACTGA,I226G,1,1
-8.837,4.173,GCAGACACGACAAATC,N458V,1,1
-8.837,4.173,GTAGGCAACCAGGAGC,W153H,1,1
-8.837,4.173,TAAGAATCTAAACGAA,V237P,1,1
-8.837,4.173,TCACAATAGACCAAGA,H355K,1,1
-8.837,4.173,TCACCAACCGAAAAGA,T235Q D241Y,2,2
-8.837,4.173,TGACGTCTCAAATTGC,E123Y A365E,2,2
-8.837,4.173,TGAGTAAGCTTATCGA,H355K,1,1
-8.837,4.173,TGCACAGACTACCAAG,F120Q G134C,2,2
-8.837,4.173,TGCTATTCACCGAAAC,V26K L177E G386E,3,3
-8.837,4.173,TGTCGTAGCTTGCCGA,T155Q,1,1
-8.837,4.173,TTCCCAATGCGACAAT,F125Q,1,1
-8.838,0.5962,CTGTGGACCATACAAC,N250C,1,1
-8.839,0.8346,CGCAAAACATCGCTTC,W343D,1,1
-8.839,1.391,AACGGGAGCAACTAGC,L151Q,1,1
-8.839,1.391,CTTAACCTTTGTTATC,L71P M346W E359K,3,4
-8.839,1.391,GAAAAACACCGCAAAA,L251K,1,1
-8.84,0.3794,AACCTCATGTTAACTG,L15F,1,1
-8.84,0.321,ACGCATGCACTTATTC,L86K,1,1
-8.842,1.391,CGTAACGACCGAATAC,G337S L439I,2,2
-8.842,1.391,CTGACCGTTGGAACAG,G330H,1,1
-8.842,1.391,GAATCGACACTAACAG,G256I,1,2
-8.842,1.391,GCCTACAAAAGTATCT,G72S,1,1
-8.842,1.391,TAGTGATAACCAGACG,S369E,1,2
-8.844,4.173,AAATTAGACAAACCCC,G303Y,1,1
-8.844,4.173,AATACATGATGACCCA,G200I A495M,2,2
-8.844,4.173,ACATCATGGATGTTTG,N433F,1,1
-8.844,4.173,ACTAACCCGAACAGAC,L70Q,1,1
-8.844,4.173,AGATAGACTATAATAA,G465T,1,1
-8.844,4.173,AGTGAAAATCTGTTAA,S156L V204Q,2,2
-8.844,4.173,AGTGAAAGTGAGCCTC,C473V,1,1
-8.844,4.173,ATACACTACCTCTTTG,I377G G379C,2,2
-8.844,4.173,ATATAAAAGCATAAAA,I58K,1,1
-8.844,4.173,ATATAACTACAGTCGA,G181K,1,1
-8.844,4.173,ATATATATCACACAAA,D101F V429M I481F,3,3
-8.844,4.173,ATTACCATGCCCCTAC,L59P,1,1
-8.844,4.173,ATTCAGCATTTGACAT,F120G A495W,2,3
-8.844,4.173,ATTCCTCACGGAACTG,I469A G504S,2,2
-8.844,4.173,CAAGATCTACACAGAG,N298L,1,1
-8.844,4.173,CATACGATTAATCTAT,P99Y Y257P,2,2
-8.844,1.391,CCAAACCATCAGGAGA,E123N,1,1
-8.844,4.173,CCAGTAACCACCAAGA,L71Y,1,1
-8.844,4.173,CCAGTCAGACAAAGAA,D60L D487P G504C,3,3
-8.844,4.173,CCCTTACAAAACCTGA,G345I,1,2
-8.844,4.173,CGCAAAAATCACAGAA,C52K,1,1
-8.844,4.173,CGTCGATATGTTCGAC,L71W,1,1
-8.844,4.173,CGTTAAAAATTCATTT,A364D,1,1
-8.844,4.173,CTTCTTAACTATTAAG,P99F Y470S,2,2
-8.844,4.173,GAAAATAATAAAATAA,I232T E410K,2,4
-8.844,4.173,GAATACTTATCAATTG,T128E E340K,2,2
-8.844,1.391,GATAACACCCTTAGTT,C76S L86N T436C,3,3
-8.844,4.173,GCCCATCCGTAATTTT,G345M,1,1
-8.844,4.173,GCCCCGGCGCCAAGGT,G345P,1,1
-8.844,4.173,TAACTGACAAAGATAA,A163H L177C F399L,3,3
-8.844,4.173,TATATAACATCTTCGC,V88P,1,1
-8.844,4.173,TATTATCGTTAAAAGT,C281W,1,1
-8.844,4.173,TCGATTCGATCGTCAA,L42E R307D,2,2
-8.846,0.8346,TGAATAATTAGACCCC,L409H,1,1
-8.846,0.8346,TGGAAAAAACCCCAAC,G23L,1,1
-8.847,1.391,ATAAAGAAGCCAAAAA,M268P,1,1
-8.847,1.391,CCAAAGTATTTAGTAA,W350A,1,1
-8.848,0.5961,CCTAATATTTACGATT,L86W,1,1
-8.849,0.8346,CCACATAACCTGCCCC,I51A,1,1
-8.849,1.391,CCTCTTCTAACCATCA,S193K I260D,2,2
-8.849,1.391,TTTCTAATCCTGAGCA,D474T H488E,2,3
-8.851,4.173,AAACACCCACCCGGGT,G49Q E398K L420H,3,3
-8.851,4.173,AACGGTTGTCAGTGTC,G116H,1,1
-8.851,4.173,AACTATATCTCAATTC,F294N,1,1
-8.851,4.173,AATGGTACATACTAGC,C466P,1,1
-8.851,4.173,AATTTCATGTCCTTCC,T37I L108D L154P R261S K387G Q394I,6,6
-8.851,4.173,ACAAATCACACTATAT,R492V,1,1
-8.851,4.173,ACACATAAGATACCGG,Y100S,1,1
-8.851,4.173,ACTAAACTGAGTATGT,G61D A476V,2,2
-8.851,4.173,AGTCATACAGTTTAGA,C281Y,1,1
-8.851,4.173,ATCAAAACAAGAAAGT,L177C I385*,2,2
-8.851,4.173,ATCAACGCAAACCGCT,R492E,1,1
-8.851,4.173,ATGTTGGATTTATTAG,V182W D366M,2,2
-8.851,4.173,ATTTATGCAACTATGA,L243D,1,1
-8.851,4.173,CAAATAAAAACAATAA,G337S,1,1
-8.851,4.173,CACCTTATCCAACTCA,G23M P74W,2,2
-8.851,4.173,CATAATATAATACCTG,N290I Q407K G465R,3,3
-8.851,0.8346,CCAAAACAAATATACG,I331K,1,2
-8.851,4.173,CCACCTAAAAAATTCT,Y351V,1,1
-8.851,4.173,CGATGGAAACAACACA,Q295L,1,1
-8.851,4.173,CGTAAACATTTTATCC,Y178V,1,1
-8.851,4.173,CTACTGTTGAAACTGT,C52R,1,1
-8.851,4.173,CTCACGCTACTGAGAT,C477S,1,2
-8.851,4.173,CTCTTCAAAGTAAATC,G337C,1,1
-8.851,4.173,CTGAGCAAGATGACGT,I395K,1,1
-8.851,4.173,CTGTAGCAACACTCAA,G463I,1,1
-8.851,4.173,GAATCAATTTATACCA,N458G,1,1
-8.851,1.391,GAGCTGTTGTGAAACT,C52A Q132R,2,2
-8.851,4.173,GATAAAACCTCTTTTA,S136Y R499V,2,2
-8.851,4.173,GCCCAGCCGACATTTA,G286Y,1,1
-8.851,4.173,GGACGACAAGTTACGT,Y423C A425P,2,2
-8.851,0.5961,GGGATTCTCTACTAAA,G116T,1,1
-8.851,4.173,GTAATCAAATAATCGT,T370G,1,1
-8.851,4.173,GTCCAAAAGACTCCAA,L243C,1,1
-8.851,4.173,GTTTCTTAGTGAGCAT,S9E M346C,2,2
-8.851,4.173,TAATCGGCAAAGTCTT,G72W,1,1
-8.851,4.173,TACCACCACAAAATTT,E340R,1,1
-8.851,4.173,TACTTGACGTCGCCAA,V204P G256W,2,2
-8.851,4.173,TAGTAGATAACCTCCC,C64Y,1,1
-8.851,4.173,TATTTTCATTCCAACC,N246M L367Y,2,2
-8.851,4.173,TCACATGAAAATAAAT,D68V,1,1
-8.851,4.173,TCACCGACAGCATTTG,K315D,1,1
-8.851,4.173,TCCTATTATAACACCT,I502P,1,1
-8.851,4.173,TGCACATTTATTATCC,K82C T248D W350*,3,3
-8.851,0.8346,TGTAGCACACTACAAC,R354E C473V,2,3
-8.851,4.173,TGTGGTATTATCATAT,A365I,1,1
-8.851,4.173,TTATCTATCACTACAG,F258W G263E D271N G275E E280* D291N Q327H G330D K387N E414K,10,11
-8.851,4.173,TTGTGGATTGGAATTA,V429P,1,1
-8.852,0.4637,TCATACGAATTACTAT,V309N,1,1
-8.853,0.8346,AAAGAAAAAGACCAAA,F500E,1,1
-8.853,0.8346,CAATATCGAAACATAA,W343* S358K,2,2
-8.853,0.4637,TTCCTACCACTTCAAA,W180R,1,1
-8.854,1.391,CAGAATTTATCGGTAT,M268K F500C,2,2
-8.854,1.391,GGCGCACCTAAAGATA,W421P,1,1
-8.854,0.8346,GAACACTTACATTGTC,P169S A364D K452G,3,3
-8.854,0.4637,GTCAGATCATGCAACT,I335H,1,1
-8.856,0.8346,ACAAAATCACCCGACT,F148T,1,1
-8.856,1.391,AGTATTTCTCCCGTTC,A39*,1,1
-8.856,1.391,TAACATACAGACGCCC,N357E,1,1
-8.856,0.4637,TTTTTAACGTGGATAT,L409R,1,1
-8.857,0.2455,ATTACATTAGCAAAAT,A336T,1,1
-8.857,0.8346,AGTGAGTGCATTCTGA,I481G,1,1
-8.857,0.8346,CCACAAACACTTTGTT,V309P,1,1
-8.857,0.3794,CCAAGAATAAATTTGA,V429E,1,1
-8.858,4.173,AAAAGAAAAACAAAAA,E89H,1,1
-8.858,4.173,AAACAACAGATGTAGC,F87R,1,1
-8.858,4.173,AAACAACATGCTTCAA,K140R I478W,2,2
-8.858,4.173,AAACACCAGTACATGT,I232H,1,1
-8.858,4.173,AAATCAAAATTCAGAG,Y308K,1,1
-8.858,4.173,AACACAGAGCTCTAAA,R255D,1,1
-8.858,4.173,AATGCAAATCTAATAT,Q173R R329N,2,2
-8.858,4.173,ACCTTTGCGAAAACGG,T318K K503Y,2,2
-8.858,4.173,ACTTGAATTATCAGAA,F148A,1,1
-8.858,4.173,ATATAGATACACGAAT,T440E,1,1
-8.858,4.173,ATCATTTTAGGAATTA,I232K E340L,2,2
-8.858,4.173,ATGATTCAGGCCAACG,L251P,1,1
-8.858,4.173,ATGCTTAGCACAAACA,F195G,1,1
-8.858,4.173,CAAATGAGACTCTATG,S54P R321S E396R,3,3
-8.858,4.173,CAACTCTGTAATGAGT,S287I,1,1
-8.858,4.173,CACAAACGGTTAAAAT,F448D,1,1
-8.858,4.173,CACACGCTTCATGAAA,L455R,1,1
-8.858,4.173,CACGAAAGGGACACAA,I339K,1,1
-8.858,4.173,CAGATGAAACGTATGG,E340L,1,1
-8.858,4.173,CCAGATTCTCATGATA,R499G,1,1
-8.858,4.173,CTAAATCACAAGTATT,H184W G263E G360D D408N,4,4
-8.858,4.173,CTAATATATGTTTGAC,C64K K450G,2,2
-8.858,4.173,CTCACCATGACGGCTA,S231L E398K,2,2
-8.858,1.391,CTGAAACTCTCAACAA,V43K L409T,2,2
-8.858,4.173,CTGAACCCCTTTTTTC,I67T S149C,2,2
-8.858,4.173,GAAAGTTTTGCCCCTC,D291R L496P,2,3
-8.858,4.173,GAACGTAGCTAAAAAA,M444Q,1,1
-8.858,4.173,GAACGTTCATAAAAGG,Q454K E460G,2,2
-8.858,4.173,GACAAAGTTAAACCAT,N38K S265I,2,2
-8.858,4.173,GATCACATTACAAGGA,Y412T G504I,2,2
-8.858,4.173,GATGGGTCATTCGTCT,F448N Y486C,2,2
-8.858,4.173,GCCCAAATAACTACGA,L151G,1,1
-8.858,4.173,GCTATCGCAAGGTATA,L194P,1,1
-8.858,4.173,GGCTTAGTTACTTCCG,F148E,1,1
-8.858,4.173,GTACCTAATTATTGAT,A19L I260E,2,2
-8.858,4.173,GTATAAAGAACAAATG,T235H Y491N,2,2
-8.858,4.173,GTCAGATTTATACTTA,D68N S193I,2,2
-8.858,1.391,TAACTGATTGTGAAAA,V36E,1,1
-8.858,4.173,TAATACAAGTCCAGAT,D366F,1,2
-8.858,4.173,TATACATCGCCTAGAT,S270G A336K,2,2
-8.858,4.173,TCAAAGAAAGCCAAGA,C52L A304Y,2,2
-8.858,4.173,TCAACTACTATAACAA,L59A T235D,2,2
-8.858,4.173,TCACTAGACATGCTTT,N152R,1,1
-8.858,4.173,TCATCAACCTTACCCT,L194S I502W,2,2
-8.858,4.173,TCCAATCGTTGTTGAG,N458P,1,1
-8.858,4.173,TCTAAAATCTTTCTAT,C76E,1,1
-8.858,4.173,TGTAACACTGATACAC,A113I,1,1
-8.858,4.173,TGTAATACGTGAACCA,F294G S422N,2,2
-8.858,4.173,TTAACTTCTTAGCTTG,S231N G360K A373T,3,3
-8.858,4.173,TTAAGATGAGTTTACT,W421V,1,1
-8.858,4.173,TTCGCTCATTATCACC,F500E,1,1
-8.861,1.391,ACAAATAATGAGAAAA,G181I,1,1
-8.863,1.391,AATAAAAAAATCAAAG,G16D S54F,2,2
-8.863,0.4637,ATTTCCCTGGCAAAAA,S54C G256D,2,2
-8.863,1.391,TTACCCCTTGATTTAA,S136L,1,1
-8.865,4.173,AAAAAGTCTCCAGAAA,V204D,1,1
-8.865,4.173,AAACAGCTACAGACTA,C76E,1,1
-8.865,1.391,AACCTGTCTTAAAAGA,,0,0
-8.865,4.173,AACTGGAAAGTGGTAT,L13K,1,1
-8.865,4.173,AAGCAAAGGTCATCTT,R329P,1,1
-8.865,4.173,ACAACATGACGAAGGA,R220P D487F,2,2
-8.865,4.173,ACCAAAAAATTATTAC,W153* Y412P,2,2
-8.865,4.173,ACCTTCCTTAAATGTT,S279P A495M,2,2
-8.865,4.173,ACGGTGTTGAACAGAG,G61Q,1,1
-8.865,4.173,AGACACAGTTGAGATA,V237E,1,1
-8.865,4.173,AGACGAAAAATATAAA,K171F C305W,2,2
-8.865,4.173,AGATAATCAATACATG,G256R,1,1
-8.865,4.173,AGTCACATTAAAACTT,H183R W421H,2,2
-8.865,4.173,AGTCCGATAGGTGATC,I437D,1,1
-8.865,4.173,CAATTTGAACAGAGGG,G249E,1,1
-8.865,4.173,CACTGAAGTCTAACAT,V413D E426K,2,2
-8.865,4.173,CAGCACGCTTCACCAA,L70D,1,1
-8.865,4.173,CCAACCAACTGAGAGA,A334E,1,1
-8.865,4.173,CCACGCGTCCTTACCA,I502W,1,1
-8.865,4.173,CCACTTAAGTATCCCA,L316S,1,1
-8.865,4.173,CGACATCAAATTCATC,K380H G465E,2,2
-8.865,4.173,CTATAATACCAGTCGA,F147N Q501W,2,2
-8.865,4.173,CTCATCCCCAAACACA,F120Q,1,1
-8.865,4.173,CTGGATAAGTATCCTA,N126E N498P,2,2
-8.865,4.173,GAACAGAGTAAAGCTT,P306V M462D,2,2
-8.865,1.391,GAATAACAACCGTCTC,V102C Y470R,2,2
-8.865,4.173,GACTTGCAATCGCTTC,K176- L177- C281E V297D,4,4
-8.865,4.173,GATAAATGACATAAAA,L71P,1,1
-8.865,4.173,GATACTCTTTCGCATC,I481G,1,1
-8.865,4.173,GATCGTACAAGAATCA,W421R,1,1
-8.865,4.173,GCATCTTGACTGTACC,G360W,1,1
-8.865,4.173,GCCAAAAGATAAAAAA,T203I W421*,2,3
-8.865,4.173,GGGCCTACTAATTACA,Y100C L455T,2,2
-8.865,4.173,TAAATGAATGAGAAAT,C52T,1,1
-8.865,4.173,TACGTCCAGAGCTCAT,G342I,1,1
-8.865,4.173,TAGAGTACATAACTGG,G362E D419N,2,2
-8.865,4.173,TAGTATACAAGTTGAC,I288P,1,1
-8.865,4.173,TCAAGTCTCCAGTTGT,P185S,1,1
-8.865,4.173,TCACAACACAAGGTGA,V297Y I385R,2,2
-8.865,4.173,TCACGCTCAGTAACGG,D241P,1,1
-8.865,4.173,TCGCCGGACATAGTAA,G330D,1,1
-8.865,4.173,TGCAGTAAATTTAAAA,A336V N424M,2,2
-8.865,4.173,TGCTTCTCACAATTCG,R92L W343*,2,2
-8.865,4.173,TGTTAATGCATAACCA,N458E,1,1
-8.865,4.173,TTACTACATATACACC,V182D I242L,2,2
-8.865,4.173,TTGTTCGGATTCTTAA,A336R F338L,2,2
-8.865,4.173,TTTAATTTCTATTACC,V130H E403K,2,2
-8.865,1.391,TTTCGAAATAAATTAA,N170L,1,1
-8.867,0.8346,AGAAAGATAAGATCAC,Y257P,1,1
-8.867,0.5961,CTACCAAATATAATAA,C139E,1,1
-8.868,1.391,TGCCATCACCAAGACC,A334Q,1,1
-8.868,0.5961,GACGTAAAAGAATAGT,R492I,1,1
-8.87,0.8346,GACTCATAAAGCCACT,S287P,1,1
-8.87,1.391,ACAATTCAGTAACTAA,C97W,1,1
-8.87,1.391,CTCATCGGGTAATTCA,G61T,1,1
-8.87,1.391,GTTAAGTGACTTCAGT,G249P,1,1
-8.87,1.391,TACATCCAGAAAAACA,L108M N290R G360D,3,3
-8.87,0.321,CATATGCAATAAGAGT,N53C A425R,2,2
-8.871,0.8346,GGAATGAAAGCCTGTA,G286Q,1,1
-8.872,4.173,AAAAAATCTGAATAAC,K176Q,1,1
-8.872,4.173,AAAGATTATGCAATTA,A372P E403G,2,2
-8.872,1.391,AAAGCCACAACAACCT,Y161F E432*,2,2
-8.872,4.173,AAAGTTTACATTCAAG,A196S C477Y,2,2
-8.872,4.173,AACAGACCAAAATAAC,W350L E457Q,2,2
-8.872,1.391,AACTAAACCGGCACAT,S265W L409R,2,2
-8.872,4.173,AAGTCGTCATGAACAT,F353N,1,1
-8.872,1.391,AAGTGTGGTCACTGTT,S266L I385*,2,2
-8.872,4.173,AATATCAAACGTTATC,G337D Q376P,2,2
-8.872,4.173,AATATGTGAAGCTTGC,N357Y,1,1
-8.872,4.173,AATTTATATTTTCTTT,V36H,1,1
-8.872,4.173,AATTTCCCCTATAAGA,G249K,1,1
-8.872,4.173,ACAAAGGATTAGTATA,L42R,1,1
-8.872,4.173,ACAGATTAATTACACA,L455D,1,1
-8.872,4.173,ACAGTCACAGATTACC,R492L,1,1
-8.872,4.173,ACCAACATAAGGTCAT,N250D,1,1
-8.872,4.173,AGCCTGGACCCATAGA,I179W,1,2
-8.872,4.173,AGGCAAGTATGTAAAA,L13R F125V T318N,3,3
-8.872,4.173,AGTACACCTACTTAGA,L59D S378G,2,2
-8.872,1.391,AGTACCAAACTTTAAT,D348P,1,1
-8.872,4.173,ATAAGTAATACGAAAT,N322F,1,1
-8.872,4.173,ATATTTTCACAGAATG,P254L,1,1
-8.872,4.173,ATCGGCAAATCATATT,C97H,1,1
-8.872,4.173,ATCTAAACAGAGAGAA,Y233N,1,1
-8.872,4.173,ATCTAATATATACAAG,C466P,1,1
-8.872,4.173,ATGCATCACGCCAAAA,T203L I377C,2,2
-8.872,4.173,CACATCAAAAACAAAT,T318D,1,1
-8.872,4.173,CAGCACTTTGGAGTAG,L447G,1,1
-8.872,4.173,CAGTAACAGCGATAAT,G116R A373S Q407*,3,3
-8.872,4.173,CCAATTACCCTCACAT,F353N,1,1
-8.872,4.173,CCCCGACCGATTTCGA,L15R,1,1
-8.872,4.173,CGATCAAAAATTAGTC,W421C,1,1
-8.872,4.173,CGTAATACATATTCAA,D77C I282A,2,2
-8.872,4.173,CGTTGACCTATGATCC,N458M,1,1
-8.872,4.173,GAACTAAGCTCAAGTA,N424W,1,1
-8.872,4.173,GAGCTACTTATAACAC,N152Y,1,1
-8.872,4.173,GATGTATGTATTAGGA,T187C D366N A372D D375Y,4,4
-8.872,4.173,GCCATACCCCAAAAGC,F294T,1,1
-8.872,4.173,GTTACAATCAGGAAGG,N464E,1,1
-8.872,4.173,GTTTAAATTAAAAATT,K82D F353E,2,4
-8.872,4.173,TAAACCCTCCAGTATA,L42P M444I,2,2
-8.872,4.173,TAAAGGAGTCTTCAAC,Q363K,1,1
-8.872,4.173,TAACTCAAGAGTTTAT,Q191C I226A,2,2
-8.872,4.173,TACAGACCATGTACTA,L194P R383L,2,2
-8.872,4.173,TAGAAATAATTCTACA,F258Q,1,1
-8.872,0.8346,TCACAAATTTCTATGA,T12G Y423*,2,2
-8.872,1.391,TCACATGACTTATGAA,C76Y,1,2
-8.872,4.173,TCACTCATGGATTCCG,P254G,1,1
-8.872,4.173,TCCACAATTTTATTTT,P254T G286R,2,2
-8.872,1.391,TGGTACTATTATATAC,F148I,1,1
-8.872,4.173,TGTGGACGAGCATTTT,I331R,1,1
-8.874,0.5961,GAACAAAATATAGAAA,C97* W153F,2,2
-8.875,1.391,AAATATCAGATAACAC,V182K,1,1
-8.875,1.391,AAGGTCTGCGAACATA,I202N D474Q,2,2
-8.875,1.391,CTAAGAATCCAAATTC,W350P,1,1
-8.875,1.391,TATCAGATTCTCTGAC,Y302* T328P,2,2
-8.875,1.391,TCCATAAAACAACACT,V112R,1,1
-8.875,0.321,AGAAGCCACACAACCC,L71K R492V,2,2
-8.877,1.391,AAGGACAACGAGATAA,D415P,1,1
-8.877,1.391,ACAACATCGAGGTTTA,Y257I,1,1
-8.877,1.391,TCAAAGTGGAGCCCAA,D32L D487C,2,2
-8.877,1.391,TGTTAAAAATTTCACA,D348P,1,1
-8.879,4.173,AAACCAGCTCTGCTTG,G116I,1,1
-8.879,4.173,AACTTCTCTACAACAA,G337E,1,1
-8.879,4.173,AATTAAACCCAAAAAT,A373N,1,1
-8.879,4.173,AATTCGAGTCGACAAC,P289H N298L,2,2
-8.879,4.173,ACAATCTGATAAAAAA,P185F,1,1
-8.879,4.173,ACACACGCATATCATG,G200S L420D,2,2
-8.879,4.173,ACGCCATTATCTGGAC,W180I,1,1
-8.879,4.173,AGCAAATTATGGGCCA,D474V,1,1
-8.879,4.173,AGCTAAAACAGCTAAA,S266Y K391P E398L,3,3
-8.879,4.173,ATAATCAAAGAAAAAT,A163* H393E E401K,3,4
-8.879,4.173,ATATAGAGGGAATGAG,W234K,1,1
-8.879,4.173,ATCTAAAGATGGACGC,H471D,1,1
-8.879,4.173,ATTATTTTTACCTGTT,N6R I51K,2,2
-8.879,4.173,CAAGTAAGATCCGTCC,A69P A365G,2,2
-8.879,4.173,CAGAACTCTTGTCGCG,C473F,1,1
-8.879,4.173,CCCACTATCCTAGACA,D77C,1,1
-8.879,4.173,CGTAATACTGACCCCA,R499P,1,1
-8.879,4.173,CTTTTTGAACTTTTCT,P254E,1,1
-8.879,4.173,GAAAGACTAACGCACA,A373D,1,1
-8.879,4.173,GACACTTATTCACAGA,S145E,1,1
-8.879,4.173,GATACTTTCAGAACGT,C305I,1,1
-8.879,4.173,GTACATAGGTTGGACT,T440N,1,1
-8.879,4.173,GTACTATGTCACCCTC,L316T S480P,2,2
-8.879,4.173,GTATACTAAATATAGA,W421Q,1,2
-8.879,4.173,TAAGATTAAGGCAAGA,L316R,1,1
-8.879,1.391,TACCATCCAAGAAGTC,K176R I267A S270I,3,3
-8.879,4.173,TAGAGCCGTAAACAAG,N22S N81R Y233W,3,3
-8.879,4.173,TCTAGATCATCCCAAC,Q434N,1,1
-8.879,4.173,TGAAGCCAGTAACGCT,A39V P324F,2,2
-8.879,4.173,TTAATAGCCAAAACCA,K207G Y423C,2,2
-8.879,4.173,TTAGACGGATTACTCA,H355K,1,1
-8.879,4.173,TTATCGTTGATAGCCC,D32W L316S,2,2
-8.879,4.173,TTTAAACCTCAATGTG,G319N,1,1
-8.88,0.5961,AAGAAATTCATCAAAA,A19R T440I,2,2
-8.88,0.5961,CTCCATTACATGAAAC,I282P,1,1
-8.881,0.1814,ATAGAAGAAGCGAACG,S287Y,1,2
-8.882,0.4636,CGATAAGACAATTCCT,E89I D419L,2,2
-8.882,1.391,CTTAGGCACATATCGT,S145I S146-,2,2
-8.882,1.391,GTAAAAAATAAGATGT,N8Q G342V,2,2
-8.882,1.391,TACGAAACATTAAATG,C477M,1,1
-8.882,1.391,TGATTAACAGCAACAA,S265L,1,1
-8.882,0.8346,CGATTCATCACTGATC,N81W F338T,2,2
-8.883,0.4636,ATGTATTCTTTATCTT,G72Q D271I,2,3
-8.884,0.8345,GTTATGTAAAACCCGC,L316P,1,2
-8.884,1.391,GATCACAACATGTAAA,Y178F,1,1
-8.884,1.391,TGAAACTATCGTTGCA,S146P,1,1
-8.885,0.8345,CTCGATCGTGAAACCA,I252L A317T,2,2
-8.885,0.5961,TTCAACTTTTTTCAGA,L108T,1,1
-8.886,4.173,AAATATACACAACAAA,Q371L,1,1
-8.886,4.173,AAATCACAGAGACGGA,G62E R361P G362C,3,4
-8.886,4.173,AACTTCAATCCCAATG,F125G H471S,2,2
-8.886,4.173,AAGTCAATCACCACCA,N152R G286V S287C,3,3
-8.886,4.173,AAGTTTTATCCGATCA,W84C W343*,2,2
-8.886,4.173,AATAACCAACCCCTGT,I48R S228P,2,2
-8.886,4.173,AATAGCACCACATCTG,S231H I331D N433H,3,3
-8.886,4.173,ACAAAGTCAAGCTTAG,S287W,1,1
-8.886,4.173,ACGACCTTCCAACCAA,Q1R V43Y,2,2
-8.886,4.173,ACTACTCATATGAATA,L108D,1,1
-8.886,4.173,ATAATGTACTAGTGCA,C14Q,1,1
-8.886,1.391,ATCAATTTGAAATGTT,L447K,1,1
-8.886,1.391,ATGCCTTATACACATA,W153G L431P,2,2
-8.886,4.173,CAAAGCATAGACAAAA,L86P,1,1
-8.886,4.173,CATGATAGTAAGCACA,A317R,1,1
-8.886,4.173,CCAACCAAACAAACAA,C97Y,1,1
-8.886,4.173,CCTCTACCAAAAACTA,G249K,1,1
-8.886,4.173,CCTTAGAATTATTGTA,G181R E401K,2,2
-8.886,4.173,CGAATTAGAACCAAAA,C76S G504V,2,2
-8.886,4.173,CTGTACAATGATCTAT,N433E,1,1
-8.886,0.8345,GAAATAGCTCCCCAAT,S422P,1,1
-8.886,4.173,GAATAAGTAAAGACCG,M346A,1,1
-8.886,4.173,GACGGTAATTCAAAAC,S47C V309K,2,2
-8.886,4.173,GATAATCTATCTAAAA,R92N L431P,2,2
-8.886,4.173,GATACAAATCATAATA,F258P,1,1
-8.886,4.173,GCCCCTACAATCCGCC,L66H,1,1
-8.886,4.173,GCGATAAAGAAGAATT,C64G,1,2
-8.886,4.173,GCTATCTGGAACACAT,I377A,1,1
-8.886,4.173,GTCAAAATTACTTATA,G303E,1,1
-8.886,4.173,GTCCCTAGAGATCAAC,T40C C477L,2,3
-8.886,4.173,TACAGATACCAAGACC,G256N,1,1
-8.886,4.173,TACAGCGATTTAACGA,G345W,1,1
-8.886,4.173,TAGCACAAAGCACAAA,I267D,1,1
-8.886,4.173,TATAAGAGAGATACCA,Q132*,1,2
-8.886,4.173,TATCCAGCAAATTTTC,S247R,1,1
-8.886,4.173,TCAAAACCTCTTAGTA,N133T A138S E344K Q363R,4,4
-8.886,4.173,TTTAATGAATACGATG,N458R A459S,2,2
-8.886,4.173,TTTGCCCTATATAAAT,L70F E460C,2,2
-8.888,0.8345,TGACACATCAGCAAGG,E460W,1,1
-8.888,0.4636,TTTCCGAAGTATTTGC,S136Q,1,1
-8.889,1.391,CAAATAAGAATCGACT,T155V G360D C466A,3,3
-8.889,0.8345,CTATTTTGAACGTGAG,V237E,1,1
-8.892,0.8345,ACATAGACTTAAACCA,,0,0
-8.892,0.8345,ATAAATAGAGATAATA,A39D,1,1
-8.892,0.8345,GACACCTGTAAGCCCG,N250V,1,1
-8.893,4.173,AAACAAAATAAAATTA,P162K A365E T436M,3,3
-8.893,4.173,AACAACATACGAGCGA,S136I M168E,2,3
-8.893,4.173,AACCCGACGCCGAGTT,V204G,1,1
-8.893,4.173,AACTAATTAAAAAAGT,Y105R L108V,2,2
-8.893,4.173,AAGTTCAAGAACCTCG,W234E,1,1
-8.893,4.173,AATATGATTTGCCTAT,A364N,1,1
-8.893,4.173,ACAACACCCAATGACC,R456I,1,1
-8.893,4.173,ACATACACATAGTATT,I58N,1,1
-8.893,4.173,ATCAGAGCAGATAAAT,M320D E484G,2,2
-8.893,0.5961,ATTATCTGAATATTAG,M268G,1,1
-8.893,1.391,ATTATGGTAGGCTAGA,N322Y,1,1
-8.893,4.173,CACTGTGACCACTCCA,G319P,1,1
-8.893,4.173,CAGTGATTCTACGACT,C76G,1,1
-8.893,4.173,CATTGAACTACGTTGA,C97*,1,1
-8.893,4.173,CCCTAAGGATTGCCTA,I29T N322D,2,2
-8.893,4.173,CGAGATGCATATTTAA,I232K,1,1
-8.893,4.173,CGAGTTATTGAGGCAA,C477W,1,1
-8.893,4.173,CGTTACCTTATAACAA,A163S K391*,2,2
-8.893,4.173,CTAAAACGCTTAATAA,W153T,1,1
-8.893,4.173,CTGTAAAACTTAAACA,F120N,1,1
-8.893,4.173,GAACCGTCATATTACC,G134D N298G,2,2
-8.893,1.391,GAACCGTGTCTGACGA,T206H D375E I502F,3,3
-8.893,4.173,GAGGTTAAACGTATAC,C97* S115G,2,2
-8.893,4.173,GATAACCTCTAGATCA,N433F,1,1
-8.893,4.173,GGCGGACACTAGATGA,V43Y,1,1
-8.893,4.173,GTATAAATTAGCTACC,T313P,1,1
-8.893,4.173,TACAAGAAGAATTGAA,S115N,1,1
-8.893,1.391,TCATCCTAATTATTTT,I335R,1,1
-8.893,4.173,TCCGAACTAATGATAA,Q363P,1,1
-8.893,4.173,TGTAGATAGTTGATTT,A93L F353M E401K,3,3
-8.893,4.173,TTAACTAAAATAACAA,P254E,1,1
-8.893,4.173,TTACAACCCAAAACCA,D241L,1,2
-8.893,4.173,TTACTTAAAATATACA,V43E,1,1
-8.893,4.173,TTGATTCTTCATCCTA,L455D,1,1
-8.893,4.173,TTTCCGACAATTAGCA,R90E S442N,2,2
-8.893,4.173,TTTTCCAACAATACGA,A253V,1,1
-8.896,1.391,CGTTCTAGAAACACTT,I58F,1,1
-8.896,1.391,GACCTACGTATGACGA,N165K F353E,2,2
-8.896,1.391,TACAATTTCAAATTCA,M444E,1,1
-8.896,1.391,TCTTTTAATAATCCGG,V237Q,1,1
-8.896,0.8345,AACCTCTCGTTTGTCA,C14G,1,1
-8.896,0.8345,GAGTCAACGCTATACG,I335S,1,1
-8.896,0.5961,CAGACAAAACAATAAC,L381P E390D,2,2
-8.898,1.391,ACAAATACAAAGAAAA,D73W,1,1
-8.9,4.173,AACCAATTAAACAAGA,W421G,1,1
-8.9,4.173,AATAAGAATGTTACCG,L447D,1,1
-8.9,4.173,AATCTGGCCACAAACT,W180N Q356I E390K,3,3
-8.9,4.173,ACACCTTTGCTTGAGA,T370F,1,1
-8.9,0.8345,ACAGAGTATAATGGAA,N298Q V323P,2,2
-8.9,4.173,AGAAACTACATCCATA,I481F,1,2
-8.9,4.173,ATAAAATAAGATCTCA,A334W,1,1
-8.9,4.173,ATACAGTCATGTAATT,F500R,1,2
-8.9,4.173,ATGATCCCTCTACAAG,F147T,1,1
-8.9,4.173,ATGTCTCTTTGTCTAT,A163T L177F R261A S266H V297F K503N,6,6
-8.9,4.173,ATTAGTACGAATCCAA,D241Y,1,2
-8.9,4.173,ATTCATAGTAACATCA,C97Q,1,1
-8.9,4.173,CAAATAAGAGGGACTT,Y100N L439R,2,2
-8.9,4.173,CGCGAGGTGCATATCC,I51F K140H,2,2
-8.9,0.8345,CTATAGTAGTGACCAC,G134H,1,1
-8.9,4.173,CTCTAGACTTAATTAA,T440Q,1,1
-8.9,4.173,CTTGCAAATATTCTCC,E344K I418R,2,2
-8.9,4.173,GACTTTTCATTACTTA,E414P,1,2
-8.9,4.173,GATAAAACACGAAAAT,L42W,1,1
-8.9,4.173,GCAAAATAATTTCTTG,Y351L,1,1
-8.9,4.173,GCTAAAAGCCTTCTGT,W180Q,1,1
-8.9,4.173,GTAAATCCTTCGTGTT,F120K,1,1
-8.9,0.8345,GTCGGGCACTTCTTTG,R456L,1,1
-8.9,4.173,TACGAGCCTTGCTAGT,A317T A459F,2,2
-8.9,4.173,TATAAGAACTGGATAA,E41P,1,1
-8.9,4.173,TCAATTACAGTTTTAA,N357K,1,1
-8.9,4.173,TCCCTTTATGACCAAG,C76K,1,1
-8.9,4.173,TCCGAAGATAATTACC,N246S,1,1
-8.9,4.173,TCGTAATTTAACATAC,G349I,1,1
-8.9,4.173,TCTGGTACTTCTTAAG,R329I,1,1
-8.9,1.391,TGAAATTAAAAGCACA,Q75Y A495H,2,2
-8.901,0.4636,TAATAGCAAATTTGGT,P227K G337D,2,2
-8.902,0.3793,GAAATAACAGTTTTAA,C281*,1,1
-8.902,0.5961,AGACATAAATAAACCC,W180C,1,1
-8.902,1.391,AGATATTACACTCAGT,V429E,1,1
-8.902,1.391,AGGTCATCAATAGATC,G352C,1,1
-8.902,1.391,GACGCAACAAGGAAAA,F258D,1,1
-8.903,0.8345,GTACACGTTCTGCAAC,N170P R307K,2,2
-8.906,0.8345,ATCCCAAAATACAGCA,I226Y,1,1
-8.906,0.8345,TTACAACTGTGAAAAC,K452P,1,2
-8.907,4.173,AAAAGAAAAACAGACA,L381P L428E,2,2
-8.907,4.173,AAACCACTTCTAAAAT,A317G,1,1
-8.907,4.173,AAATAGTATTAAAACA,I217N,1,1
-8.907,4.173,AACATGCAACTGTTCG,I469Q,1,1
-8.907,4.173,AACGTAATAAGTGACA,Y308V M444I F448M,3,3
-8.907,0.8345,AAGATTTTTTTATCAA,A11R,1,1
-8.907,4.173,ACAAACAAACCTATCG,F195L,1,2
-8.907,4.173,ACAGCCACTTAAACAG,E83S K450P,2,2
-8.907,4.173,ACCAAATGAATTTATA,Y178M,1,1
-8.907,4.173,ACCAAATGTCATTCAG,N53C S193E,2,2
-8.907,4.173,ACTAACATATCTTTCT,G319V,1,1
-8.907,4.173,AGTCTGCGCTTATAAA,W153G,1,1
-8.907,4.173,AGTGTAAATCTACACA,I232G,1,1
-8.907,4.173,ATAACTGGCTTAATAA,Y308E,1,1
-8.907,4.173,ATAGGCTACAAGTAAC,T65I G362M Q454L,3,3
-8.907,1.391,ATTCAACATTCACCAA,R492F,1,1
-8.907,4.173,ATTTCATACCAACCGT,K27* K176M P284L V297E I385* V402* E484*,7,7
-8.907,4.173,CAAACCCAAATAGGCT,N122Y G256V,2,2
-8.907,4.173,CAATCAGCGAGGAAAA,C52V,1,1
-8.907,4.173,CAGACAGAAAAAAAAC,R405Q E460R,2,2
-8.907,4.173,CATCCCCTCTTCCTAC,I232D,1,1
-8.907,4.173,CGATGGCTAATTAGCC,G352Q,1,1
-8.907,4.173,CGTACCAATTAATACC,L409M R456M,2,3
-8.907,4.173,CTAAATAGTGTTCTAG,W234R,1,1
-8.907,4.173,GAGAATGAAACTGTCA,W84L,1,1
-8.907,4.173,GAGAGAAGTCTTATAA,R499T Q501H,2,2
-8.907,1.391,GCCCCAAAATCAATCA,Q295Y,1,1
-8.907,4.173,GGGGACGGTTACAATT,I29*,1,2
-8.907,4.173,TACATACAATTGATCG,W234R,1,1
-8.907,4.173,TCAAAATTATACATAA,T155K,1,1
-8.907,4.173,TCTCAGGCGTTAATTG,C466V,1,1
-8.907,4.173,TCTCGATTAATTAAAA,G286K,1,1
-8.907,0.5961,TGCTAAAATCCCTACA,I478S,1,1
-8.907,4.173,TTACGCCAATTTGGTG,I179Y,1,1
-8.907,4.173,TTCAAGCGTGGACTGT,V237H S312Y,2,2
-8.907,4.173,TTCAGTCATCAACTAA,P99G M346P,2,2
-8.908,0.8345,AAAAAGTATGATATGA,F87R,1,1
-8.909,1.391,AACAGTTTTAATAAGA,V413E,1,2
-8.909,1.391,AATGACTTACGCAAAA,L13T I226P Q376R E398K,4,4
-8.909,1.391,GCAGTAACCACCGCGC,L314P T436V,2,2
-8.909,1.391,TACTGTTTAAGTGTAT,C477K,1,1
-8.911,0.321,TTGTCCAAGTAACGAA,P74L,1,1
-8.912,1.391,ACATAAGGCCCTCTCC,V204I F353C,2,2
-8.912,1.391,CATGACACTAAACAAG,W180K C473- D474- N475- A476-,5,5
-8.912,0.5961,GATAGAAGTTAATTCA,I331E K468G,2,2
-8.912,0.8345,AATACTGGGCTCAGCA,G349I,1,1
-8.913,0.5961,AATTTCTGAACATTAT,R499G,1,1
-8.914,4.173,AAAAACCAATGTAAAG,S47G Q327*,2,2
-8.914,4.173,AAAAATTAACCTAGAG,S137H Q191* R321M F392R,4,4
-8.914,1.391,AAAGTTATTATAATGC,T155N K315G W343*,3,3
-8.914,4.173,AACGACACTATAGAAT,V43G,1,1
-8.914,4.173,AAGTTATTGAAAGTTA,F148P,1,1
-8.914,4.173,AATGGAGTATCATAAA,V309P,1,2
-8.914,4.173,ACAACATTCTTAGCGT,H355L I481M,2,2
-8.914,4.173,ACAAGAAGTTCGATTG,C281* V429I,2,2
-8.914,4.173,ACACTTAGATCGTACC,H18Q G319R,2,2
-8.914,4.173,ACAGAAACCCCTGATG,K176C W350*,2,2
-8.914,4.173,ACATAATTAACCATGT,G386V R499M,2,2
-8.914,4.173,ACCTATGAATAGGACA,W84A I242K,2,2
-8.914,4.173,AGCTAGAGCACATACA,G62E E83C R307K E398K E403K,5,5
-8.914,4.173,AGTTAAGAAGAAATAA,N458I,1,1
-8.914,4.173,ATATAGAATAGATTTA,I67E,1,1
-8.914,4.173,ATGGGCAAATATCTTA,L42Y,1,1
-8.914,4.173,ATTGAGGAAAAATAAT,I288G,1,1
-8.914,4.173,CAAATGACTCCGCGAT,Y351Q,1,1
-8.914,4.173,CAACTACAAATAACAT,G386*,1,1
-8.914,4.173,CACAATAATGTAATAA,M320S,1,1
-8.914,4.173,CCTTTTAATCCCGCTT,G349R,1,1
-8.914,4.173,CTAATAGCAAATATTC,N296E,1,1
-8.914,4.173,CTATAGTCCAATACAT,C14T E172Q G504P,3,3
-8.914,4.173,CTATTTAACACACAAT,V309W,1,2
-8.914,4.173,GATACTTACCACTGTC,,0,2
-8.914,4.173,GATTCCGAACATTGAC,P4Y I478Y,2,2
-8.914,4.173,GCCTGGACACACGAAC,K176I L314T,2,3
-8.914,1.391,GCTTTAACGTCTAAAA,S9I L455S,2,2
-8.914,4.173,GGACTCAACCTTCGGA,I179R,1,1
-8.914,4.173,GGACTGCCACAAAGTA,I245H,1,1
-8.914,4.173,GGATAAACTGGTAAAC,H184L Q394F,2,2
-8.914,4.173,TCCACGTTGACCAGAC,C139R,1,1
-8.914,4.173,TGAGAATTTTGAGCAA,S369D,1,1
-8.914,4.173,TGCAGAAATAGCACAT,G62E K82F E340Y E410K E443K,5,5
-8.914,4.173,TTGACTCCCTAAGAAT,I335G,1,1
-8.916,1.391,AGATTGCTAAGATATA,P254F,1,1
-8.916,1.391,ATCATACATATAAATG,E340C,1,1
-8.916,1.391,GTTGTTAAAAATCACA,K380Y G463S,2,2
-8.918,1.391,AATTCACCCGCCAGTT,K452D,1,1
-8.918,1.391,GGTGGAAACTGGCTTT,L409K,1,1
-8.918,1.391,TTGGTGCTCTCCAGTG,T37A G337T,2,2
-8.92,0.321,TAAGGGGACTAGCTCT,G16Y,1,1
-8.921,4.172,AAATCAGCTTGGGTTA,Y351T,1,1
-8.921,4.172,AAGAGAGAGCCTGAGA,K2L R499C,2,2
-8.921,4.172,AATACGCAACGGTTGT,L71M C97Q H183Y,3,3
-8.921,1.391,ACCACGTTCCATTCTT,Y351I,1,1
-8.921,4.172,AGAACAGAAGTCGGCT,,0,0
-8.921,4.172,AGCACCGTAAATATGG,G337T,1,1
-8.921,1.391,AGTAAATAATTCTATA,V402*,1,1
-8.921,4.172,ATAATAAAAGACGGAA,G23Q,1,1
-8.921,4.172,ATAGTGATTATAAAGC,I502E,1,1
-8.921,1.391,CACTTAACGCTAGTGT,W350I,1,1
-8.921,4.172,CAGAATACCCCTATGA,T28G N389F,2,2
-8.921,4.172,CGCACTAAAAAAAAGT,Q75R A253D,2,2
-8.921,4.172,CGCACTATCTGATAAA,V88G R141H,2,2
-8.921,4.172,CTGGAATAGCCGTGAA,W127S,1,1
-8.921,1.391,CTTACCAGAGCCATAC,I300R I478A,2,2
-8.921,4.172,GAACTATAAAGTATTC,L13D,1,1
-8.921,4.172,GAAGCCAACGTGAATT,L86F T206F,2,2
-8.921,4.172,GATTCTCGAGCGACCG,C14P,1,1
-8.921,4.172,GCTTCAGTATGATCAG,D366L,1,1
-8.921,4.172,GGCACAAAAGCTTCCA,G218C C281P E390G,3,3
-8.921,0.8345,GGGTGAGGGCTATCAA,I377Q,1,1
-8.921,4.172,GTCAGTATCAAAGGTA,F147K,1,1
-8.921,4.172,TAACGTACAAATTAAT,T206C R255N F294I,3,3
-8.921,4.172,TACATTTTTATATCGC,V43E,1,1
-8.921,4.172,TACTTGATCAACCTTC,V213A T436R,2,2
-8.921,1.391,TATGAAGTACTTGTAA,W153N,1,1
-8.921,1.391,TCAATCAGGACCAAAG,E390*,1,1
-8.921,4.172,TCATACGACAAGCTGT,G286I,1,1
-8.921,4.172,TCCCAGTGCCCAATGA,V204K,1,1
-8.921,4.172,TGTAATCAATCGTTCA,N38P,1,1
-8.921,1.391,TGTGCCACTATCACTT,P4V V413Q,2,2
-8.921,4.172,TGTTGATCAGACATCT,I48Q L316D,2,3
-8.921,4.172,TTACCATAACCATCAA,I267F E340K,2,2
-8.921,4.172,TTAGCCTAGAAACACC,C477I,1,1
-8.921,4.172,TTCGAAAATTATTAAA,G330Q,1,1
-8.921,4.172,TTCTGAAGGAAACTTT,W127S,1,1
-8.921,4.172,TTGTTCACCGCCTAAT,Y233P,1,1
-8.922,0.5961,CAAGCTTATAAACAAC,Y161D I226Y,2,2
-8.922,0.321,ATGTAATTACAGGAAT,S228K,1,1
-8.923,1.391,AGGATAAAATTATGAC,C64R,1,1
-8.923,1.391,ATGGCTATTGAAGCGA,W84M,1,1
-8.923,1.391,CACGTTGAAAAAGGAG,L439D,1,1
-8.923,1.391,CTAAAAAATCTCCCGC,D487Y,1,1
-8.923,1.391,CTGAATAACCCACTGC,G218Y L381R K387*,3,3
-8.923,1.391,GTCAGTTTTGAACTCA,Y470C,1,1
-8.923,1.391,TTATATGATGCATAAT,N458D,1,1
-8.923,0.8345,CCACACACAAATCCAC,Y178D,1,1
-8.925,1.391,AAAATCAAGTCTTAGA,M268K,1,1
-8.925,1.391,AAAATTTTTTTTTAAT,S219I C305*,2,2
-8.925,1.391,TCAACGATGTACAATG,L108K D188G,2,2
-8.925,1.391,TGATACAGAGTATACA,S266* C281M G386A,3,3
-8.925,0.5961,ATAACTAGGAATAAAT,G72H,1,1
-8.927,4.172,AAAATCTTAACTATCA,L367P N475W,2,2
-8.927,4.172,AAAGCATCGGATTAAG,R261S S266A V297S I385P,4,5
-8.927,4.172,AAATATCGGCGAATCA,K171M N322L E460*,3,3
-8.927,4.172,AACAGTGCAATGAGAT,F192S,1,1
-8.927,4.172,AAGGTCCAAACTATAA,G275C C281F,2,2
-8.927,4.172,AATAATGCTCCAAGCC,E35A C473V Y486C,3,3
-8.927,4.172,AATCATCACTTGTCAA,V43R A253K E484N,3,3
-8.927,4.172,AATTACTTAACCTGTC,L15K,1,2
-8.927,4.172,AATTTATTTCTAACTA,H471L,1,1
-8.927,4.172,ACAAACTAATTAGTAT,S146P D375V,2,2
-8.927,4.172,ACAACTTCTTAATAAG,H18N D32T,2,2
-8.927,4.172,ACCAACAGGCTAGAGG,D241W,1,1
-8.927,4.172,ACCTACAAACCTAAAT,K292M Y351H,2,2
-8.927,4.172,AGAAAAAGAAATTTGA,S146P I230K,2,3
-8.927,4.172,AGATGGTCCGCAACTA,E41C,1,1
-8.927,4.172,ATAACCAAATCTAAAA,F467C,1,1
-8.927,1.391,ATCAAACAATCAAAGA,A163R L177A C281G V297D Q394H,5,6
-8.927,4.172,ATTACATTGAGTGACT,N250P,1,1
-8.927,4.172,ATTCTGCAATGCCTTA,E340K K411W,2,2
-8.927,4.172,CAATGAACGGAATTCG,R255I P284L Q376A,3,3
-8.927,4.172,CAGAATTTTTCAAGCG,K176G,1,1
-8.927,4.172,CATTTCTAGCATTGTA,V36R S156V,2,2
-8.927,4.172,CTAAAAAAGAAAAGCT,I339R,1,1
-8.927,4.172,CTGCAATTAATTGAAA,Q132F K176N,2,2
-8.927,4.172,CTGCATTAACTTGTTG,K292A G465E,2,2
-8.927,4.172,GAATATTGTATGAAGG,G134P,1,1
-8.927,4.172,GACATGTCATAAGATA,E340K W350V,2,2
-8.927,4.172,GATTACCAACACCATT,L59M M320F,2,2
-8.927,4.172,GTTAGCCGATCGAAAC,D487G A495T,2,2
-8.927,4.172,GTTCAGTCTCTCTTAA,F125V R456P,2,2
-8.927,0.8345,TAAGTTCAAAACCTGA,L420K,1,1
-8.927,4.172,TCATTTGAGTATCTTA,V166W F258L S266C,3,3
-8.927,4.172,TCTTTTATAAAGCTTG,K238N P273T G352T,3,3
-8.927,4.172,TGATACGCACATAGAC,L314A,1,1
-8.927,4.172,TTTAGCCTGACATCAA,W153G,1,1
-8.93,1.391,TACCAATTATTAAAAG,Y308* G342L,2,2
-8.93,0.8345,ATGACTGTGTCCCCGC,I478C,1,1
-8.932,1.391,TAAAGAAGAACTTCCA,N152W G200L,2,2
-8.932,1.391,TAATCATCTAAAACAA,G134F,1,1
-8.932,0.5961,ACGAACATTTTCTCGG,D101P,1,1
-8.933,0.3793,ACCATAGACAGTTCAA,A495N,1,1
-8.933,0.5961,AACTTGGAATTTGATT,I245Y,1,1
-8.934,0.8345,AACATCGATTCGTTTT,V130E,1,1
-8.934,4.172,AACCGTTAAGATCCCA,T155K I339D,2,2
-8.934,4.172,AACTCACCGAATGTAC,,0,0
-8.934,4.172,AAGAAGACCTTACATT,F467N,1,2
-8.934,4.172,AATAAAGATTTCGAGC,D68V,1,1
-8.934,4.172,AATACACACCAAAAGG,G142P,1,1
-8.934,4.172,AATTCTCCAATATTGA,D175L W234R,2,2
-8.934,4.172,AATTTGTCCAGACCAT,L151C,1,1
-8.934,4.172,ACAGTGGCACAAATGA,M268G V490D,2,3
-8.934,4.172,ACATGAAAATAATTAC,R492M,1,1
-8.934,4.172,AGACTCCTAGCCAAGA,M168D,1,1
-8.934,4.172,ATAAAACATAAATTTA,K468P,1,1
-8.934,4.172,ATATAAAAAGAAATTA,P306W,1,2
-8.934,4.172,CAAGAAAAAAGTTGTC,L314A,1,1
-8.934,4.172,CCACTTAGCGTCTATG,V112Y,1,1
-8.934,4.172,CCCACAAAAACAATGA,S422K,1,1
-8.934,4.172,CCGCACCATAACTAAA,Q75K I437N,2,2
-8.934,4.172,CGAATCACCAGTTACA,N322W,1,1
-8.934,4.172,CGCAGCCGCTACAAAG,I481D,1,1
-8.934,1.391,GAACAACTTGCAGAAT,K278R G303P,2,2
-8.934,4.172,GAAGTATAGGCTAACA,G360E,1,1
-8.934,4.172,GAGACGAAATGCCCAA,V204R,1,1
-8.934,4.172,GCTAAGAAAAATCTAC,S136N,1,1
-8.934,4.172,GGAGCTTAGATTTCTG,Y302S,1,1
-8.934,4.172,GGGTGGATTCTCATTC,G379V L420P,2,2
-8.934,4.172,TAAATGAACGTTACAA,H355D,1,1
-8.934,4.172,TAATCAGAAGCCCTTG,Q311* R492D,2,2
-8.934,4.172,TAGCGATCTTTAATTA,V88N,1,1
-8.934,4.172,TATAAAAGGATAACAT,H183Y I232C S480R,3,3
-8.934,4.172,TATACCCCCGGAAACT,N159T S422V,2,2
-8.934,4.172,TCCCGATTTCATTACT,Y351S,1,1
-8.934,1.391,TCCGTTTATGTCATTC,L316Q N475K,2,2
-8.934,1.391,TCTACTTATGAATAGA,E89G,1,1
-8.934,4.172,TGATAATGAAAGTTCA,T135Q D241C,2,2
-8.934,4.172,TGGAACGAGAACAAAT,C466I,1,1
-8.934,4.172,TTGGTCACCTTGATAA,W180G,1,1
-8.934,4.172,TTTAGAACACACCCAA,L194I,1,1
-8.935,0.8345,AACAATGTCCTTCACA,H471Y,1,1
-8.935,0.8345,CATATGAATTTTAGAA,S422K,1,2
-8.936,1.391,AAAATTAATCTCTGAA,Q356*,1,1
-8.936,1.391,ATGATTGGGCACGCCA,S228P H393S,2,2
-8.936,1.391,CGAAGCTTAAAAAATA,C64L,1,1
-8.936,1.391,GATAATGGTTTATAAC,I502Q,1,1
-8.938,0.5961,CGTACCTATAAAATTG,S95I W350C,2,2
-8.938,0.5961,TCAGACCCATAATACA,A459N,1,1
-8.938,0.8345,GTGGGCAGTTAGAACT,I385A F392K,2,2
-8.939,0.8345,CATCCGTGATCAACAT,F147N W234*,2,2
-8.939,0.8345,TGAATCTACCCAAAAA,Q407C R499G,2,2
-8.94,0.4636,CTAGCAAGCGGTACCA,R499Q,1,1
-8.941,4.172,AAGCATTTTAGGGTCG,E123N I469G,2,2
-8.941,4.172,ACACCACGGTGAATAA,A495E,1,1
-8.941,4.172,ACACCTTAGAGCCGAA,I502C,1,1
-8.941,4.172,ACTCAGACAAAAAAAC,V20C N322V,2,2
-8.941,1.391,ACTCCGCCGCCTTCCA,Y412P,1,1
-8.941,4.172,AGGAAGAGGTGCCATC,Y486F R492I,2,2
-8.941,4.172,AGGAATTGACCCACAG,C473V,1,1
-8.941,4.172,ATACGAAAGATCGAAA,N250R,1,1
-8.941,4.172,ATCGAGACTTTACAAA,F148V R383Y,2,2
-8.941,4.172,ATCTCCGATTTAAACA,E172P,1,1
-8.941,4.172,CACAATTCAAATTAAG,T203M,1,1
-8.941,4.172,CCAGGAAACAATTACA,I374C Y423N,2,3
-8.941,4.172,CCATCAATAATAAGAA,N190L,1,1
-8.941,4.172,CCTATGACAATGCACC,I377E,1,1
-8.941,4.172,CTTAAAGCATCTGACC,C305M,1,1
-8.941,4.172,GATAAATACACGCAGA,A365W E410K,2,3
-8.941,4.172,GATCCGCAGTAATAAA,T28I I232D,2,2
-8.941,4.172,GCACTCGACCAAAAGC,E340N,1,1
-8.941,4.172,GTAATACATTTGTCCT,I51L N152Y,2,2
-8.941,4.172,GTATAACCATTGACAG,S247R,1,1
-8.941,4.172,GTCACAAATACGACCT,C64G,1,1
-8.941,4.172,TAACAGTTATCACGGC,C97R,1,1
-8.941,4.172,TAATTTCTCTACAATG,C97* N165V,2,2
-8.941,0.3793,TACTATCCTTTATGGT,G5V T248K,2,2
-8.941,4.172,TACTATGATGTTTTTA,I179Q,1,1
-8.941,4.172,TAGTCTCAACTATAAC,L154P,1,1
-8.941,4.172,TATAATATTGTTTTCA,R329N,1,1
-8.941,4.172,TATACAGGAGGATACT,L70G,1,1
-8.941,4.172,TCGCAGCACTAATCCG,E35K K380C,2,2
-8.941,4.172,TGTCTATGCAATCAGC,S247E,1,1
-8.941,4.172,TTACAGGATTTAAAGA,,0,0
-8.941,4.172,TTCCACTGGTATATAG,R329Y A336V,2,2
-8.943,1.391,ATGGAATTTAGGGCCC,N322Y,1,1
-8.943,1.391,ATTTTTTACTCAACTG,E35T G263V G349E G465E,4,4
-8.943,1.391,CTGTTACTCAACTAAC,A425N,1,1
-8.943,1.391,CTTATCACCACCTATG,D241K T416C,2,2
-8.943,1.391,GCACTCGTTATAACAT,H56S K417P Q434R,3,3
-8.943,0.8345,CCAGTCAAAATACAAT,R354N,1,1
-8.944,0.4636,CAGTTCCGAAAAGCCT,T283N,1,1
-8.945,0.8345,TCGCTACAAAAACTCA,R499C,1,1
-8.945,1.391,TCCTCAACTACAGAAC,G218W T388L,2,2
-8.945,1.391,TGCCGATTGACCTTGA,N8L T370G,2,2
-8.946,0.8345,CAATCGCCCAAATGCC,L70K I335Q,2,2
-8.946,0.3793,ATACACCATGCAAACA,F467Q,1,1
-8.947,4.172,AAACAACACGAAAACG,C473K G504C,2,2
-8.947,4.172,AAACTCAACAGATAAT,L177S K387A,2,2
-8.947,4.172,AAATCATTGTTAGTAA,L251N,1,1
-8.947,4.172,AAATCTGGTAAAATTA,M268K E457K,2,2
-8.947,4.172,AACTTCGATATATAAC,D225I A495D,2,2
-8.947,4.172,AAGTTCATAATGACAC,Q191I,1,1
-8.947,4.172,AATATGAAAGTAGATG,A163F L177P K387L V402I,4,4
-8.947,4.172,AATCTAGAGAATATTA,G218L R261E W343L,3,3
-8.947,4.172,AATGACAGTTATTCCT,C305Q,1,1
-8.947,4.172,ACAATATGCCGCGAAC,G345E,1,1
-8.947,4.172,ACAATTTAGATAAATA,M168G,1,1
-8.947,4.172,ACCTATATTCGAAGCG,I282P Q363H,2,2
-8.947,4.172,ACGTTGGACGCACCAC,C52L,1,1
-8.947,4.172,ACTTACTGACTAAATC,Y351D,1,1
-8.947,4.172,AGATCACAACTCTTAA,L111P,1,1
-8.947,4.172,ATAAATTCATGTCTAG,F120A S480C,2,2
-8.947,4.172,ATAAGTGGATTACTAA,G61Q,1,1
-8.947,4.172,ATCACTACAACCATGG,T370G,1,1
-8.947,4.172,ATCGAAAAGAGAAAAC,A163N L177S S266K E414H,4,4
-8.947,4.172,ATCGAACAAACTTGTG,M320I E410K,2,2
-8.947,4.172,ATGATGAGCATAGGTA,I339N,1,2
-8.947,4.172,ATGGAAAAATAACCAG,C477M,1,1
-8.947,4.172,CAAATTCCGGGAAAAT,W127K,1,1
-8.947,4.172,CAAGACCTAACCATGT,G303Q,1,1
-8.947,4.172,CATAAAACATTCGCAC,D73R,1,1
-8.947,4.172,CATTGTCATGAAGACA,A495D,1,1
-8.947,4.172,CCAAAACAATATGAGC,R329M,1,1
-8.947,4.172,CTTAAACTTATCTATA,A253T E414K,2,2
-8.947,4.172,GACACTTAAAGCCTTT,Q80R G342V,2,2
-8.947,4.172,GCCTGCTACCGAATCC,T301P,1,1
-8.947,4.172,GTATCTATATTTAGGA,P74E,1,1
-8.947,4.172,GTCAATTAACCAAATC,G16D L154Q,2,2
-8.947,4.172,GTGAACATCACACATT,S115L I335K,2,2
-8.947,4.172,GTGTATGACATCCTGT,K417M,1,1
-8.947,4.172,TAAGGATAAACAAATA,T12K K450M,2,2
-8.947,4.172,TAAGTACTATAAATCA,W127D Q211G,2,2
-8.947,4.172,TAGACTTTCGTTCTAG,A336C,1,1
-8.947,4.172,TCAATACTGGACCACT,I51Q,1,1
-8.947,4.172,TCATAGGGATACCACT,I335Y,1,1
-8.947,4.172,TCATATAACACAAGGT,H355D,1,1
-8.947,4.172,TCTATATTTTCAACAT,E340V,1,1
-8.947,4.172,TCTCAGCAAATACTTA,W153T,1,1
-8.949,0.8345,CAACAATACGACTAAT,E457K,1,1
-8.949,0.8345,CCCTAGATGCCGACAT,L427K,1,1
-8.95,1.391,GAGTACCCAAAGCTAG,A425E,1,1
-8.95,1.391,GCACAACCTATATCTG,G465L,1,1
-8.95,0.8345,CATAATATTGAACTAC,C76G,1,1
-8.952,1.391,GTTGGGCAAATTTTTA,L13I G342D,2,2
-8.953,0.3209,GCACTGTGGCCACCTG,T283P P293R,2,2
-8.954,4.172,AAATATTGCGCTATTT,Y233P,1,1
-8.954,1.391,AACAGGAAATCCGCTT,Q132K E325P K472W,3,3
-8.954,4.172,AACCGAATTGCAGACT,T235H G465*,2,2
-8.954,4.172,AACCTTAAGACAAAAA,K131W N285K,2,2
-8.954,4.172,AATACAAGGCTACCTA,R90Y,1,1
-8.954,4.172,ACACCACGAACAGCGT,C97I,1,1
-8.954,4.172,ACATTTACTTACGAAT,S149A G303S,2,2
-8.954,4.172,AGCGTACGTACGAAGT,K292L I502E,2,2
-8.954,4.172,ATAAAAACGTTTAACT,V204N,1,1
-8.954,4.172,ATAAAAAGATTAATTA,W350A,1,1
-8.954,4.172,ATAAAAGAGCTATACT,F338N,1,1
-8.954,4.172,ATAAGAAAAGCTTCTA,Y491Q,1,1
-8.954,4.172,ATATACAATCCTATTC,N357H,1,1
-8.954,4.172,ATCCCATACGCACTCC,G349W,1,1
-8.954,4.172,ATGGAAAATATTCTTA,L439N,1,1
-8.954,4.172,ATTTTTACACTTGACA,G303V G504D,2,2
-8.954,4.172,CAAGCTACGAAACTTG,N152L,1,1
-8.954,1.391,CATTACAGGAAAAATT,E340T Q501D,2,2
-8.954,4.172,CCAACCCCCCCTCTAC,W350*,1,1
-8.954,4.172,CCCTACGATGAAAAGT,Y351Q,1,1
-8.954,4.172,CGCCCGACCTCACCCC,I232A P306S,2,2
-8.954,4.172,CTGGTTAGATGAAAAG,L151G A317D,2,2
-8.954,4.172,GAGTCAACACTTCAAC,T416Y,1,1
-8.954,4.172,GATGCAACTTACATTC,Y308A,1,1
-8.954,4.172,GGCCAAGGCCACTCTC,S96P H184G,2,2
-8.954,0.4636,GTCGATGAACTTAAGG,Y308K,1,1
-8.954,4.172,GTTTCATATGTCCAGT,G16T,1,1
-8.954,4.172,TAACATCTGCATATAA,R224G I478R,2,2
-8.954,4.172,TAGGCAACGATTGGAA,I34R,1,1
-8.954,4.172,TATTAAGGAAAATGGC,V36M,1,1
-8.954,4.172,TATTTCCTCCATATGA,I179P,1,1
-8.954,0.8345,TCGAACCAAATACCCG,W127D,1,1
-8.954,4.172,TGAGTATTAAAAGAAG,G465S,1,1
-8.954,4.172,TGTCTGATTAAACATA,L86E C277*,2,2
-8.954,4.172,TTAAAGACGATAAATG,L108T,1,1
-8.954,4.172,TTACAAGACTACCAAG,T12K V26M,2,2
-8.954,4.172,TTACTTAAAAGTAAAT,W180S,1,1
-8.954,4.172,TTATAAGCATCAATGA,I226G,1,1
-8.954,4.172,TTCAAAACATCTACGG,V323D,1,1
-8.954,4.172,TTCAGGCATGACACAA,A373Y,1,1
-8.954,4.172,TTGAACTCTATAGGGC,V182R,1,1
-8.955,0.4636,TAACTAGCAAAAAAGA,R150D,1,1
-8.956,1.391,AACCATGACATAAACT,D241F,1,1
-8.956,1.391,AGTATATATCTCAGTA,E172T,1,1
-8.956,1.391,ATGTGCTAAAAAGATG,G116V R261G L381K,3,3
-8.956,1.391,CATTAAAGCATGGTTA,W343D,1,1
-8.956,1.391,CGCTCAAACCAATAAG,I230L A336R,2,2
-8.958,0.8344,ATTCAGTTCGATTAGG,G337K,1,1
-8.958,1.391,GGCCGGTGCGGGGCCG,F120K,1,1
-8.958,1.391,TAGAATAATACAGAAA,F258E,1,1
-8.958,1.391,TTCGAAAAACCATTAC,L243G,1,1
-8.959,0.4636,TTAAGTTTCGACGTAG,M444G,1,1
-8.961,4.172,AAAAAACCCAATAAGG,S266R C281G,2,2
-8.961,4.172,AAACTCTGGCGACTGG,T155L I502N,2,2
-8.961,4.172,AAATCCGTACATGTGA,F79S I288Q,2,2
-8.961,4.172,AACCTCAGAAGAAAAA,H17C,1,1
-8.961,4.172,AACGGTAAGTAAAAAC,V88P,1,1
-8.961,1.391,AATAAAACCTGGGCAA,L420K,1,1
-8.961,4.172,ACCCCACTATATCAAG,G23K G386E N475S,3,3
-8.961,4.172,ACCCTACCCCAGTTCT,A365V V490T,2,2
-8.961,0.8344,ACGATACTACTCAACG,V204K,1,1
-8.961,4.172,ACTAAACTATTTCCTT,V204H G465R,2,2
-8.961,4.172,ACTCCCTGTACTTTCT,T203P,1,1
-8.961,4.172,AGTATCTGATTACATT,N433V,1,1
-8.961,4.172,ATAAGACTCTTCATAA,G333E,1,1
-8.961,4.172,ATATTATTTAAATTTA,A253I,1,1
-8.961,4.172,ATGTTTCCCGGAAAAA,C64E,1,1
-8.961,0.8344,ATTCACGCCAAAAACC,F120G,1,1
-8.961,4.172,CAGATTCTCACGTAGG,Y491I,1,1
-8.961,4.172,CCAAGAAAATATACAA,L439D,1,1
-8.961,1.391,CCGACTAAAACATTAA,N31* S231Q,2,2
-8.961,4.172,CCTCAAAGTTTTGTAC,L13I T451P K453E,3,3
-8.961,1.391,CCTCTGTAGAATTCGA,L70R T436P,2,2
-8.961,4.172,CCTTACACGAACTAGG,I51E,1,1
-8.961,4.172,CCTTCCTAAACAGTAA,P289C F467C,2,2
-8.961,4.172,CTAGAGGCAGAAAGAA,D68V,1,1
-8.961,4.172,CTATGCTGGCAAAATA,Y257L,1,1
-8.961,4.172,CTGTACCCCTATTTTT,Q371H,1,1
-8.961,4.172,GACAGTTCAAAGAAAT,C14F,1,1
-8.961,4.172,GCGTAAATTATAACCA,C466A,1,1
-8.961,1.391,GGTGTCACTACAAATG,S480P,1,1
-8.961,4.172,GTATTTCCCAACAATC,N357W I478Y,2,2
-8.961,4.172,TAACTAACACCGTCAT,Y308N,1,1
-8.961,1.391,TAAGAGCTGTCTAACA,Q295Y,1,1
-8.961,1.391,TAGATCCATAACACAG,W127E,1,1
-8.961,1.391,TAGGGCCGCTATAGTC,G360D N433T A459T,3,3
-8.961,4.172,TATAAAACTAAACAAA,N250R,1,1
-8.961,4.172,TCAATGTGTCCAACCA,G62E I67H,2,2
-8.961,1.391,TCCCATCCCGCCTCAC,L42D T203I G263K,3,3
-8.961,4.172,TGATTCAAGCCGATTC,F148S,1,1
-8.961,1.391,TTAATCTTATAATAGT,G200F A334G,2,2
-8.961,4.172,TTGCTCAAAAATAACA,L177Q P293M L381T,3,3
-8.961,0.4636,TCACAGAACTCAAAGC,R499M,1,1
-8.964,0.8344,TTGCTTTATTGACTAT,I502E,1,1
-8.965,1.391,AAAACGGGATCAGACT,Y470K,1,1
-8.965,1.391,CAGAACAACGTACGAA,L496E,1,1
-8.966,0.8344,TGTACATCCTCGCGCA,C477E,1,1
-8.966,0.4636,CGACTGTTTGTAGTAA,Y486L,1,2
-8.967,4.172,AAAAAGTAAACTAAAA,Y351G,1,1
-8.967,4.172,AAAACAGGAAACATGT,P284F I385S K391Y,3,3
-8.967,4.172,AAGAACTCAAAGCGCC,T206P,1,1
-8.967,4.172,AATCATTAGTAATAGT,P169S L431P,2,2
-8.967,4.172,ACAGCTTCTGGACCAA,G319V,1,1
-8.967,4.172,ACTAAAATTAGGAAAA,L316H K450C,2,2
-8.967,1.391,ACTCATTAATGAGCTT,W421S,1,1
-8.967,4.172,ATATAGTATAAACGCT,L151R,1,1
-8.967,4.172,ATCAATAATACAAATA,P74L,1,1
-8.967,1.391,ATCTTTATAACGATTA,I230S,1,1
-8.967,4.172,ATTCTCCAACGTATTG,G303Q,1,1
-8.967,4.172,CATGCGAAACAAAAAA,G337W,1,1
-8.967,4.172,CATTTTATTCGATTGC,V20M Y412P,2,2
-8.967,4.172,CCACACATCGTTGTTC,V112Q,1,1
-8.967,4.172,CCATTAGCATTTGAAA,I226P,1,1
-8.967,4.172,CCGATACTAATGGTAC,G249E,1,1
-8.967,4.172,CTATCCATACAAATTC,W421T,1,1
-8.967,4.172,GAAACGATCTAAAAAA,W343* E410A,2,2
-8.967,1.391,GACATGGCTGGATAGT,I331R,1,2
-8.967,4.172,GAGCCAAAGAAATTTA,N433M,1,2
-8.967,4.172,GATAAGATATTATAAG,G116T,1,1
-8.967,4.172,GCCTCTACGTTCATGA,F87N,1,1
-8.967,4.172,GCGATAAAAATAGTAG,Y105T N285C D408N,3,3
-8.967,4.172,GGACTATTCTTGACTC,G256N,1,1
-8.967,4.172,GTCTATGCTCCACTAG,N126P W234T,2,2
-8.967,4.172,TAAAACCTTCGCCAAT,A163V L177F G218S R261V T283A L384T,6,6
-8.967,4.172,TACAATTTAAACTTTT,P284L R321P,2,2
-8.967,4.172,TACACAATAAAAAGCA,A212E E398K W421D,3,3
-8.967,4.172,TGAAAATAATAATACA,V36M,1,1
-8.967,4.172,TGAATAAATTCCCGAT,F294R,1,1
-8.967,4.172,TGCGTACAATCTAAAA,Y178V,1,1
-8.967,4.172,TTGGCCGTACTCCCGT,Q295W,1,1
-8.967,4.172,TTTTAAGCAACCACAC,S378P,1,1
-8.968,0.8344,AAAGCAAAGGTGCAAC,T313I N357G,2,2
-8.969,1.391,AACGAACGAATATGCG,N246E,1,1
-8.969,1.391,ACAAAGTATACCCACA,P254Y,1,2
-8.969,0.4636,TCTGTGGCAGTACTCA,Y105P Y161G F332S,3,3
-8.971,0.596,CTCCTGGCATAATTGA,V429Q,1,1
-8.971,0.8344,ATCAAAGTTACCCAAA,L66E T117D E398K,3,3
-8.971,1.391,CAAAAACTAACTTCCC,L70R,1,1
-8.971,1.391,CCTATTCGAATAATGG,T370M,1,1
-8.974,4.172,AACACGTATATATACA,W343A,1,1
-8.974,4.172,AACTAAACTCAAGATC,P74Y,1,2
-8.974,4.172,AAGTGTACAAGAGTAG,P99A E325*,2,2
-8.974,4.172,AATCAAAAGATATACA,D188R G303P,2,2
-8.974,4.172,AATGTTAGGTAATTAA,L66S,1,1
-8.974,4.172,ACAATATTAAATTATC,E123D R224M,2,2
-8.974,4.172,ACAATTTATACCTTAC,V223Q E396K E414Q,3,3
-8.974,4.172,ACACTAACTATAAAAG,F147P,1,2
-8.974,4.172,ACCGAGGACCAGACTA,T37N G240V,2,2
-8.974,1.391,ACGTAGGATAACCAAA,C139R K380G,2,2
-8.974,4.172,AGCACAAACACCCCAC,L154R,1,1
-8.974,4.172,AGTACCAACAAAAGTG,S146W T203V,2,2
-8.974,4.172,ATAGAGCTTAAATCGA,A253W,1,1
-8.974,4.172,ATTAAAATATAAGAGA,Q295W,1,1
-8.974,4.172,CAAAGTTCCGTAAATA,I437D,1,1
-8.974,4.172,CATCATTCGCTCCATA,H471N,1,1
-8.974,1.391,CCAAACAACTTCGAAA,L439N,1,1
-8.974,0.8344,CCTCCATCACTGTATT,Y470F C473F,2,2
-8.974,4.172,GAATTAACCCTTAAAC,G352Q,1,1
-8.974,4.172,GCAAACCGTCCAACAA,V43P T416E,2,2
-8.974,4.172,GCCAGCCGTTGAAAAA,I245E,1,1
-8.974,4.172,GCGCAAGGACACAGTT,I252W,1,1
-8.974,4.172,GGAAAACGGCTCCCAA,I67D,1,2
-8.974,4.172,GGCCAGTATCTCACTA,F467D,1,1
-8.974,4.172,GGTGAAATACTTTCAA,M346D,1,1
-8.974,4.172,TAATAAAATGAATTAA,N45Y S156D E403K,3,3
-8.974,4.172,TAGAACCTTTAAAAAG,A317Y,1,1
-8.974,0.596,TAGTAATGATCAAATG,T248V,1,2
-8.974,4.172,TCACAAACATATCCTT,F467D,1,1
-8.974,4.172,TCATCAGATAAAACGT,N250S G386E L427F,3,3
-8.974,4.172,TCATTTAGTTATAGGG,W180R E457Y,2,2
-8.974,4.172,TCCTAAACCCTATCAA,Y423D,1,1
-8.974,4.172,TCGCACAGCTTTCTCA,W153P,1,1
-8.974,1.391,TGGATATGGTCGTAAC,G345H,1,1
-8.974,1.391,TTTTCTTGCTACACCA,L86K,1,1
-8.975,0.596,GGCCCAGAAAAATTTC,D68H,1,1
-8.977,0.4636,TAATTAGAAATAAAGG,H17Y N170H,2,2
-8.978,1.391,CTACTATTAAAAATCA,C64Y N94A,2,2
-8.978,1.391,TTAGAGTGTATAATTA,E432G,1,1
-8.98,4.172,AAATCGAAAATGCTGT,A272L R321*,2,2
-8.98,4.172,AACAAAAGATGTTGAA,S124E F338R,2,3
-8.98,4.172,AACAACAACCGTTCAC,S115I A495H,2,2
-8.98,4.172,AACTACTAAGTAAAAC,,0,0
-8.98,4.172,AAGACAGTACTGAAAG,T485P,1,1
-8.98,4.172,AATCCCACAACCCATA,A163S L177T V402D,3,3
-8.98,1.391,AATGATATGAGAAGCC,C466K,1,1
-8.98,4.172,AATTAAGTTAGTCTTT,F448N,1,1
-8.98,4.172,ACAAAACATATCACCG,G303H,1,1
-8.98,4.172,ACAATGCAACAGTGCC,I34H,1,1
-8.98,4.172,ACAATTCTTAATAAAC,A334Y,1,1
-8.98,4.172,AGACGAATAACTTAGA,L108Y,1,1
-8.98,4.172,AGACGACAAAAAATAA,E41I,1,1
-8.98,4.172,AGTCAAAACGTAAAAT,L455S,1,1
-8.98,4.172,ATACATCATGATATAA,I34D G360D N497V,3,3
-8.98,4.172,ATACTATGTGTGGACT,G352E,1,2
-8.98,4.172,ATTATCACACAGAAGT,D271A E460S,2,2
-8.98,4.172,CAAACACTAGTAAAAT,N433K,1,1
-8.98,4.172,CAACAAAAACCTTGTA,I331Q T436Y D493V,3,3
-8.98,4.172,CCTCGAATATCTCCAT,I288Y M320L L431R,3,3
-8.98,4.172,CCTCGGTTCCCTGTAT,V36S S480W,2,2
-8.98,4.172,CTAAGAAAAGTATCTA,Q164R,1,1
-8.98,4.172,GAATCAAACTCTACTG,Y423D R456S,2,2
-8.98,4.172,GAATTAGAAGTTTCCC,Y486S,1,1
-8.98,4.172,GAATTTACATATTCTT,F87I S209C,2,2
-8.98,4.172,GCCACTTGATAAATTA,D419V,1,1
-8.98,4.172,GTAAATAATTGACTAA,T283A P293D,2,2
-8.98,4.172,GTATAATGTTTAACAT,Y178C Q376D,2,2
-8.98,4.172,TAAACAAAGAACGTGG,L70R,1,1
-8.98,4.172,TACGATCAGTAATCAT,A336V,1,1
-8.98,4.172,TAGACGAATAAACGAG,I481T,1,1
-8.98,4.172,TAGCATCGAACGACGC,M444D,1,1
-8.98,4.172,TATATCAGAGTTCACT,Q295Y,1,1
-8.98,4.172,TCAACTGCTATCTCGT,V36L N81C,2,2
-8.98,4.172,TCTATAAAACTCAAAC,V166N G345K,2,2
-8.98,4.172,TGGACCTAGACCGCGT,L194I L384R,2,2
-8.98,4.172,TGGCGTCATACAACAC,T203V L428T,2,2
-8.98,4.172,TGTAATCAAGTAACAC,N250R,1,1
-8.98,4.172,TGTTGACAAATAAAAT,I335Y,1,1
-8.981,0.8344,TAGTAATCATAGTACA,E359T,1,1
-8.982,1.391,ACATAACAACACAGTC,P324Q Y423E,2,2
-8.982,1.391,ACATGAAAAAACCTGA,G142* S358Q,2,2
-8.982,1.391,AGAAACACCGAAATAC,F87G I267D,2,2
-8.982,1.391,GAAGAAACGAGCTGAG,D438K,1,1
-8.983,0.8344,CAACATGATGGAGAAT,R321W K468Y,2,2
-8.983,0.8344,CTTTTCCATCTGCTTA,,0,0
-8.983,0.8344,TGTTAACTCATCATTT,L316P,1,1
-8.984,0.596,CTACTAATAGATACAA,F294D,1,1
-8.984,1.391,AAACGAACGAGACACG,G275Y C473Y,2,2
-8.984,1.391,AATCCCGAACGAAGCA,R329M,1,1
-8.984,1.391,ATGCCATCATATTGCT,E89G,1,1
-8.984,1.391,CTCAAAAACTGACACA,Y100W,1,1
-8.984,1.391,GACACTAGTACTCCAT,R33G F294I,2,2
-8.984,1.391,TGGAACAAATGAATCC,C466S,1,1
-8.984,1.391,TGGTACGAACAAAACT,W153C,1,1
-8.987,4.172,AAAACCAATTAATGTA,Q75C Y351E,2,2
-8.987,4.172,AAATTAAATATTGTAC,G263E A272T C281Y N497W,4,4
-8.987,4.172,AACACTGAGATAAGCC,G349M K450Y,2,2
-8.987,1.391,AACCTAGTATAAGGGA,I282E,1,1
-8.987,4.172,AAGATTCACAAAGCAT,Y423I,1,1
-8.987,4.172,AAGGATCAAATTAATT,A334W,1,2
-8.987,4.172,AAGTACTAACCTAATT,F125G,1,1
-8.987,4.172,AATAACGCTACTTTAC,V112Y I478M,2,2
-8.987,4.172,ACAACATATTTAATAA,L314P,1,1
-8.987,4.172,ACAACTTTCTTTATAA,N322W,1,1
-8.987,4.172,ACCCACCCCCACTACC,V43F,1,1
-8.987,4.172,AGGCATCACTTACAGC,A365I,1,1
-8.987,4.172,AGTACCTAAAAATCGC,I478H,1,1
-8.987,4.172,ATCCAAAAAAACTATA,I481A,1,1
-8.987,4.172,ATTATTGTGACCCTAC,P254T D419R,2,2
-8.987,4.172,CATATAAAAAACATAA,A336H,1,1
-8.987,4.172,CTAATTTTTATACATT,L455S,1,1
-8.987,4.172,GAAACGACCGCCTGAT,C305R,1,1
-8.987,1.391,GATATTCTACGCAGAA,K264H S287F,2,2
-8.987,4.172,GGCGACTAAAAAAACC,S209Q D474E H488G,3,3
-8.987,4.172,TACTTCAAGTGCGGGG,I58Q,1,1
-8.987,1.391,TAGTTAAACAACTGAA,V309W,1,2
-8.987,4.172,TCATCTCAGTGATTTT,E123V,1,1
-8.987,4.172,TCTGTATACATTCCTC,G479D Q501*,2,2
-8.987,4.172,TGAAAACAAAAAATCC,K140L A495T,2,2
-8.987,4.172,TGATACTATAAGAAAT,S228R,1,1
-8.987,4.172,TTCAACCACATGAATT,R261M C281R K292N,3,3
-8.988,0.8344,CACATGCATACACGAA,G49C T283F,2,2
-8.989,1.391,AATTGTGTAATTAGCC,L108K,1,1
-8.989,1.391,CAAGACCATACAAGGA,A272T C281S T388C S400G,4,4
-8.989,0.8344,CAGCATCCTTCACCAA,C64F,1,1
-8.991,1.391,CCTTCCCTACTAAAGC,L15P K397T,2,2
-8.991,1.391,GACCTATTTCGACAAA,G72I,1,1
-8.991,1.391,GCTATCTTAATAGTAC,L15K,1,1
-8.991,0.596,CTTAAATAGACTATCA,G72* L409R,2,2
-8.992,0.8344,ATCATGAAGCCACGTA,I502T,1,1
-8.993,1.391,TAACAGAAATTAAAGA,I51S,1,2
-8.993,4.172,AAAACGCAACAAACTA,E359K,1,1
-8.993,4.172,AAAATGTGACAGGATA,D101Q K368W W421*,3,3
-8.993,4.172,AAACCCATAATAAGTA,E398K V429R G479R,3,6
-8.993,4.172,AACTACATAATAAGGT,D32R N322G,2,2
-8.993,4.172,AACTTAAGAAATCAGT,Y178G C466Q,2,2
-8.993,4.172,AATATGTAATCATAAA,V237F T416R,2,2
-8.993,4.172,ACCCTAGAGATGTATA,C52V,1,1
-8.993,4.172,AGAGGATATATCGTAA,A495Y,1,1
-8.993,4.172,ATCAAGGTATCTCAAA,K380I,1,1
-8.993,4.172,ATTTAGAAACTTGAAA,G345V,1,1
-8.993,4.172,CAATCACATTAAACCT,Y100T N433Y,2,2
-8.993,4.172,CACAGAATGCCCTTAA,T436K,1,1
-8.993,4.172,CACCGCCTACTTTATC,D225P W234* E340K,3,3
-8.993,4.172,CATAACTAACACCTCC,I374E E403K,2,2
-8.993,4.172,CATTTATCAAATAAAT,L42M R499C,2,2
-8.993,4.172,CTAGAAAATTTTGCAA,C139T,1,1
-8.993,4.172,GAAAACACAATATCGA,V323G G337D,2,2
-8.993,4.172,GACGAGAGACCTGAAA,C466A,1,1
-8.993,4.172,GCACAACCAAATGTGC,G16K,1,1
-8.993,4.172,GGAGAACAAACCTAAA,P254W,1,2
-8.993,4.172,GTATAACTCTATTTAC,I160N G256V D461K,3,3
-8.993,4.172,TAAGCAACTGCTTAAT,H56Y G72*,2,2
-8.993,4.172,TATCTACTACAGAATA,F148V E359*,2,2
-8.993,4.172,TCACAAAACTGAACGT,I339H L428R,2,2
-8.993,4.172,TCCTATACAGTACCAT,C14P,1,1
-8.993,4.172,TCTCGAATATATCTAC,N53Q E494K,2,2
-8.993,4.172,TTCAGGGTCGATAACC,G286D C473S,2,2
-8.995,1.391,AAATACACTGTATCAC,S422H,1,1
-8.995,1.391,AACAGCGTTTTGACTC,I282D L409P,2,2
-8.995,1.391,TAATCGCAAATTAAAC,D85E I469Y,2,2
-8.996,0.8344,ATATCACATATAAAAT,D73R,1,1
-8.996,0.8344,CCGCGTTAACCTATCA,I58Y R354G,2,2
-8.997,1.391,GTCATAACAATTACCA,I245H E414L,2,2
-8.997,0.2196,GATGATTTCGGCCGAA,A373E,1,1
-8.998,0.4636,TAACTTACATCACTCC,N152Y,1,1
-8.999,0.596,ATATCTTTCTTCCCAC,M346D,1,1
-8.999,0.3209,CGACAGCAATTTGCTT,G465H,1,1
-8.999,4.172,AAATATCCAAGGTTAT,H18P,1,1
-8.999,4.172,AAATTAAGCTCTCCCA,C64N,1,1
-8.999,1.391,AACCAGATGGCCCTTA,K310D,1,1
-8.999,4.172,AAGATAAAAAATCAAA,L244Q G345D,2,2
-8.999,4.172,AGACAATACAATAGTT,A459T,1,1
-8.999,4.172,AGATTGTAGATTATGC,L71N,1,1
-8.999,4.172,AGGAAAAATAACCGAA,G116F,1,1
-8.999,4.172,AGGTTGAACAAAAAAC,I374P,1,1
-8.999,1.391,ATGCTGTTAAATAATT,H471E,1,1
-8.999,4.172,ATGTTACAGGTTTGCG,R90P,1,1
-8.999,4.172,CAAAAAACAAACTAAG,V26L F148C D375N,3,3
-8.999,4.172,CAACGTTCAAAACCCG,A495E,1,1
-8.999,1.391,CAGTCTTGCCAGACAA,N433E,1,1
-8.999,1.391,CCAGATAACTGATGAA,I481F,1,1
-8.999,4.172,CCCACGACCTAGACAA,L243G,1,1
-8.999,4.172,CCCCCACGTTAAGAAT,N322Y,1,1
-8.999,4.172,GCCTATAGTAGAGGCA,N322T,1,1
-8.999,4.172,GTCAATCCCCTGAATG,D68H L431P,2,2
-8.999,1.391,GTGAACCAAACGTACT,V429K,1,1
-8.999,4.172,TACCATAAATAATCAA,L314D W343*,2,2
-8.999,4.172,TAGCAAACACCCAGCG,K27* L177M T388R,3,3
-8.999,1.391,TCATACCGCTATCTCC,I335E,1,1
-8.999,4.172,TCCGGACTCATTTTGA,R141Q E410K E414K,3,4
-8.999,4.172,TGAGAAGAAAACATTA,G16E,1,1
-8.999,4.172,TGGAAAAGTTAACCGG,I67P M462I,2,2
-8.999,4.172,TTCTCAAATACACATA,L439P,1,1
-8.999,4.172,TTTAACTCGAAGTGAT,L251E N458K,2,2
-9.001,0.8344,AAGGCTGTCGGTTCCC,F148G,1,1
-9.001,0.8344,TTGTGAAGCCTGCATA,F195E C477H,2,2
-9.002,1.391,AACTAATCAAAATGAT,H471F,1,1
-9.002,1.391,CACCAACCACACATGC,W180E,1,1
-9.002,1.391,CCACCCCTATGTGAAC,A425Q,1,1
-9.002,1.391,CGGAATTCAACAGCGT,L431G,1,1
-9.002,1.391,GAAAGTCGGGATTACC,L420K,1,1
-9.002,1.391,GCTATCTAAATATACT,G349L,1,1
-9.002,0.596,GACTTACCTTGGGCAC,H183P,1,1
-9.002,0.4636,GGCATGTATATACACA,E41C,1,1
-9.004,1.391,ACTTGCCCAATTACCA,W343I,1,1
-9.004,1.391,AGAGAAATTACTTACA,G345V,1,1
-9.004,1.391,CTATAATACTATAGTT,E123H,1,1
-9.004,1.391,GAACCTTCGCATTTCC,Y98G,1,1
-9.004,1.391,GTTCGTTAACATTAAA,N246W R482G,2,2
-9.006,4.172,AAAAAATTTGATAAGT,I502H,1,1
-9.006,4.172,AAAAAGCTAGTAAAGG,L177Q,1,1
-9.006,4.172,AAAACATTTTAGATAT,G256C Q295P,2,2
-9.006,1.391,AAATCAAGAATGTATT,I245R S247F,2,2
-9.006,4.172,AACAAGTCATAAGCTC,A336D N497D,2,2
-9.006,4.172,AATAATCAACGGAAAA,N63K R329K N433S,3,3
-9.006,4.172,AATGTCCAGTTAACAA,L428P,1,1
-9.006,4.172,ACAACGTTCTCGAAGA,G337Q,1,1
-9.006,4.172,ACCAAGGACTAATTCT,L447A,1,1
-9.006,4.172,AGTAAAAACTTGGCAA,I232R,1,1
-9.006,4.172,ATGAAAAGGGACACAG,P306Y,1,1
-9.006,4.172,ATTTAGGGTACTGGAC,F258K,1,1
-9.006,4.172,CAATTCAAGAAAGACC,P284Q H393I,2,2
-9.006,4.172,CACAATCAATGGCGTT,A334Q,1,1
-9.006,4.172,CAGACTGCGTATTTAT,H488R E494C,2,3
-9.006,0.4635,CCAAATATTTAGAGAT,N6W C97F,2,2
-9.006,4.172,CCAGCCAGGCCGCGAT,K27A Y233C W234*,3,3
-9.006,1.391,CGCACTACCATTAATC,S9G R499E,2,2
-9.006,4.172,CGCACTCACTCAAGCT,M268R,1,1
-9.006,4.172,CTACAAACATACACAG,R224P G465P,2,2
-9.006,4.172,CTGAACCACTCACTAT,Y423R,1,1
-9.006,4.172,GAAAATACATTAAACG,A364W,1,1
-9.006,4.172,GAACTTTAAAACTGGT,Q173A H488I,2,2
-9.006,4.172,GACAACCGATTAATAG,T313I E398K E410K,3,5
-9.006,4.172,GGAAACAGATGATGAG,L118R,1,1
-9.006,4.172,GGATTTATGACCTAAC,D101P,1,1
-9.006,1.391,GGCCGTTAAACCAAAA,Y486S,1,1
-9.006,4.172,TATATTATTAACCATC,K140Y G200D,2,2
-9.006,4.172,TCAACATAATTTATAT,T440W,1,1
-9.006,4.172,TCCTCAGCAAGTGACC,P185R,1,1
-9.006,4.172,TGGGGTCTTAAAGTTT,C52R T416W,2,2
-9.006,4.172,TTAATTGACACTCCTC,F120S,1,1
-9.006,4.172,TTAGGTTCTGTAGTAA,P169I V406S,2,2
-9.006,4.172,TTATGACTCACGAATA,M444D,1,1
-9.006,4.172,TTCCTCAATTGGTAGC,V237D,1,1
-9.006,4.172,TTGCTCGGCCGACCCA,G256C,1,1
-9.008,1.391,AAATATGAATAAAACA,M444I N464S,2,2
-9.008,1.391,ACCCGCTGATCGCAAA,L59G K368D,2,2
-9.008,1.391,TATGTGTGGATAGTAA,N170E,1,1
-9.008,0.8344,GTAATTCAAGAGAACA,A113W,1,1
-9.01,1.391,AGAGATTCTTCTTACC,D32K E410*,2,2
-9.01,1.391,ATAACTAAAATTACTC,A163E V297E,2,3
-9.01,1.391,CAGACATATATCGTAA,G303K E484F,2,2
-9.011,0.8344,ACCAACGAATGTGAGA,Y178A,1,1
-9.012,4.172,AAAAATATTCTATGAT,T436M,1,1
-9.012,4.172,AAAACAGCCAAAAATG,F147D,1,1
-9.012,0.8344,AAAATAAGCAAGGAAA,L71C P227T,2,2
-9.012,4.172,AAAGGGTCCGTATAAT,K176H,1,1
-9.012,1.391,AAATATCCAAGCGCAC,L70Y F353T,2,2
-9.012,1.391,AACCAGATGCCTAATA,C14K A113T D438E,3,3
-9.012,4.172,AATAGACAATACATAC,V413Y,1,1
-9.012,4.172,ACAATGCTTATAATAC,S137E,1,1
-9.012,4.172,ACCCTGGATACCTCAA,G349Q Q363R,2,2
-9.012,4.172,ACCGTATTCAAAGAGT,C14I D225N,2,2
-9.012,4.172,AGGACCTCCCTGATAA,D225E R492N,2,2
-9.012,4.172,AGTACTAGGACATCTC,T40N S156F,2,2
-9.012,4.172,AGTGAATGATTACATA,M444R,1,1
-9.012,4.172,ATGTAATTTAATCCAA,F148M,1,1
-9.012,4.172,CAACTTCGAACACCCA,P254F E401V,2,2
-9.012,4.172,CAAGATGGCTAATAAA,S145I C477M,2,2
-9.012,4.172,CAATTTCGCAAAGAAA,D104N S143I L314H,3,3
-9.012,4.172,CATCGAAAAAGTCAAG,,0,0
-9.012,4.172,CATTTTAACAAAATCA,G61H N497L,2,3
-9.012,4.172,CCACAAATTACTTCCC,I232Q N322D,2,2
-9.012,1.391,CCACCAAGCAACCTAA,P254W,1,1
-9.012,1.391,CCTCCAAAGAATCAAG,F120N,1,1
-9.012,4.172,CTAACTTACAAAGACC,A365K,1,1
-9.012,4.172,CTAAGGGAAGAATTTC,G465E,1,1
-9.012,4.172,GAGTATATCCCCGAAA,V130E,1,1
-9.012,4.172,GCTAACCAGTTCTAGA,T155L,1,1
-9.012,4.172,GTTGCAATCCACCAAA,S266P D348E,2,2
-9.012,4.172,TAAACATTGAATTCCA,P74E,1,1
-9.012,4.172,TAAGCTATACTCAAAA,G16V V413D,2,2
-9.012,4.172,TAATTAATTACAACAA,A334K,1,1
-9.012,4.172,TAGCTACCTGACAGAT,F338H,1,1
-9.012,4.172,TATATATAATCATACT,G134P,1,1
-9.012,4.172,TCCGATCCCCTTCAAA,V36N,1,1
-9.012,4.172,TTAAAACAGTAAAGAT,I437R,1,1
-9.012,4.172,TTAAAGGTGCTTGTTA,I469N,1,1
-9.012,4.172,TTAGCAAATACACTAA,T203V,1,1
-9.012,4.172,TTAGGCATATAAAAAC,A163L L177H T283F L384E Q394E,5,5
-9.012,4.172,TTCATGATAATCTGTG,G465V,1,1
-9.014,1.391,TCTAACTACTTGATGC,G333H,1,1
-9.014,1.391,TTTATCCACAAAGGCC,V88Q T203I,2,2
-9.015,0.8344,GCAAGATACTCAACTC,R354E A459T,2,2
-9.016,1.391,AGCCATCCCTTCCAGA,R499F,1,1
-9.016,1.391,ATAACGAGCGTGAAAT,L177R,1,1
-9.018,0.3209,TTTTACCAGACTGGAT,E414N,1,1
-9.019,4.172,AAAATCGAACCAATTT,W343M,1,1
-9.019,4.172,AAGTAACCAATTATTA,S378I L428P I502V,3,3
-9.019,4.172,AATACCAATAATTTAA,C139H,1,1
-9.019,4.172,AATCTGAATAGCTAGA,A495Q,1,1
-9.019,4.172,AATCTTAAAATGTATA,C14N,1,1
-9.019,4.172,AATTCCTGAGCGGACA,I502P,1,1
-9.019,4.172,AATTCGGTGCAGACAC,F148P I232L,2,2
-9.019,4.172,ACAGAATGATCTAAAT,R299L G319D,2,2
-9.019,4.172,ACCTGACATCAGGGTG,F120R,1,1
-9.019,4.172,ACTAAACTGCAGCTAA,H18E,1,1
-9.019,4.172,AGAATATATTTTGAGG,I232N,1,1
-9.019,4.172,AGTATAGGATTCGATA,V36I,1,1
-9.019,1.391,ATGAATATAGCTTATC,N246D,1,1
-9.019,4.172,ATGTGCAAACACAGAA,L86W,1,1
-9.019,4.172,ATTAAATCACACTCTA,I339Q,1,1
-9.019,4.172,ATTGAGAAACGTTAGT,L59P,1,1
-9.019,4.172,CAACACAAAATTAAAC,E89P,1,2
-9.019,1.391,CAACGCAATCCTATTA,L71G,1,1
-9.019,4.172,CATTCGTGTCCCACAA,L194Y Y486I,2,2
-9.019,4.172,CCACTACATGAAGACC,L15R,1,1
-9.019,4.172,CCCGAATAAATGAGGA,T440Y,1,1
-9.019,1.391,CCTAACGAGCTTCTGT,N246G,1,1
-9.019,4.172,CCTGGCACCTAAACTC,C76E,1,1
-9.019,4.172,CGAAGCCCCAATCAGT,K27V C281G,2,2
-9.019,0.8344,CGTCTAATCATGTTCA,Y161P W421*,2,2
-9.019,4.172,CGTTTTAACTCAATGG,C14T,1,1
-9.019,4.172,CTACGAATGTTCAAAA,P254G,1,1
-9.019,0.8344,CTCATCAGATATATAC,N45A C281K,2,2
-9.019,4.172,GAAAGACACGGCTAAC,H488K,1,1
-9.019,4.172,GAACTTATTAAGTTAA,Y178W,1,1
-9.019,4.172,GATTTAATGTATACCT,R354G,1,1
-9.019,4.172,GTATAAATGAAAAAAA,F258E,1,2
-9.019,4.172,GTCTAAGTACTCAAAA,F192G T283I,2,2
-9.019,4.172,GTCTAGTTACTTAACT,Q434M R456G,2,2
-9.019,4.172,GTCTGTTTAATAGCGT,I502Y,1,1
-9.019,4.172,GTGAAGTCCGGACTTG,N357P,1,2
-9.019,4.172,TAAAATAGACTTGAGT,I58G,1,1
-9.019,4.172,TAAGCATCTTTACATA,A113W,1,1
-9.019,4.172,TAGTAATGACCTAATC,P185F,1,1
-9.019,4.172,TGGATTTTATTTGAGT,A304T N433Y,2,2
-9.019,1.391,TTCCACCAATGTTATT,G16N E410K,2,2
-9.021,1.391,AAACTAATTACCTGGA,P221S E460M,2,2
-9.021,1.391,ACAGCGCTTAGCGACA,N250L,1,1
-9.021,1.391,CCAAACCAAGATCAAA,K315C T451I,2,2
-9.021,1.391,GAAACAACATTTACGA,I34K G360D,2,2
-9.021,0.8344,TAAAGTAAAAACAACA,W84M,1,1
-9.021,0.596,GAATCCTCAATAAAGA,K121Y E443*,2,2
-9.023,1.391,AATAATACTGACATTA,P99W,1,1
-9.023,1.391,CACAACACTTCAACAA,S228I,1,1
-9.023,1.391,CACTATCACAAAGAAA,W343C,1,1
-9.023,1.391,CATTAAATTACTTTTC,T370R,1,1
-9.023,1.391,GTCATTACACGGTCTT,I481C,1,1
-9.023,1.391,GTGTATGAGCCCCATC,T451W,1,1
-9.023,1.391,TCCTTCCTTTTTGGCC,S124V V182P,2,2
-9.023,0.596,CTCGTAACCTGAATCT,M168P,1,1
-9.023,0.2781,GACAACCAGCAGAAGG,A113W G337D,2,2
-9.025,4.172,AAAACTGTACCGAGCA,F120G T301K,2,2
-9.025,1.391,AAACAATTCAACAATA,T436P,1,1
-9.025,4.172,AACTACTACTTACCGC,I179D,1,1
-9.025,0.8344,AAGCAATCCGCCCCCA,N296L,1,1
-9.025,4.172,AATGCAACTTATCTGA,K468P,1,1
-9.025,4.172,ACCGCGTTTACTTAAT,A113R,1,1
-9.025,1.391,ACCGGTAACGAAAATT,G286N,1,1
-9.025,4.172,AGAAAGACTAGATAAT,S114C T318D,2,2
-9.025,4.172,AGGAGCAACCTTAATC,A11F,1,1
-9.025,4.172,AGTCTATACAAGAAAC,T65I I282Y E426K,3,3
-9.025,4.172,ATAAAGGGCAAAAAGC,G379A L496P,2,2
-9.025,4.172,ATTGCCGTAAACAAGG,L316K R405V,2,2
-9.025,4.172,ATTTACTTTCGTACTA,N170C,1,1
-9.025,4.172,CACACGCGGGGGTACT,V112S,1,1
-9.025,4.172,CACTCATTAGCAATAA,Q210V Y491C,2,2
-9.025,4.172,CCACGGGAGTATAAAG,G78E G134D G349P Q407*,4,4
-9.025,4.172,CCAGATCACATCTAAT,E172R G303E,2,2
-9.025,4.172,CCGATTTGAAGAACTG,L151A,1,1
-9.025,4.172,CCGCCCTTTCAGCAAG,Q80P Y412S,2,2
-9.025,0.3209,CTAAACTATTTAGAAG,V112F S115N,2,2
-9.025,4.172,CTATTTTCAAGTGAAT,K176E,1,1
-9.025,4.172,GTCCGACTCGAACCAA,N170I,1,1
-9.025,4.172,TAGTTACCAATATCAA,G337D,1,2
-9.025,4.172,TGTCTCGTCTTCACTC,R354K I481Q,2,2
-9.025,4.172,TTGACTAAGCATGAAT,A334W,1,1
-9.025,4.172,TTTAGCAACGACAAAT,N250L A317V,2,2
-9.025,4.172,TTTTTACCCATTCCAA,C64Y,1,1
-9.026,0.8344,ATCGCTATAAGATATA,L243E,1,1
-9.027,1.391,ACCGGCAAAACATATG,S115R W180F,2,2
-9.027,0.4635,CGAGTATATAAACGAA,K176Q,1,1
-9.027,1.391,GTTCTCGGCCCACACA,A11F,1,1
-9.027,1.391,TCGAAGTAAGTCCCTT,A495Y,1,1
-9.029,0.8344,AGCAGAATTTGTATTA,E35*,1,1
-9.029,1.391,GTAAGAGATATTATTA,N322F,1,1
-9.03,0.8344,ACCCAGTATTTTTCAT,R33Y G303S C305T R321G G342D,5,5
-9.03,0.8344,ACGATACGTAAATAAA,L70N,1,1
-9.03,0.596,CAGTTTCAAAAATTAT,N433C E460A,2,2
-9.031,4.172,AAATCACCCAACACAA,N53E Q132K K176R,3,3
-9.031,4.172,AACAGCTAAAACCAAA,Q434R,1,1
-9.031,4.172,AACATAATAGACTTAT,G61C,1,1
-9.031,4.172,AAGATCAACACCCGAT,G16R,1,1
-9.031,1.391,AAGCGGATTACTTATT,T40G,1,1
-9.031,4.172,AATTGACAAAAGGAGT,I469T,1,2
-9.031,4.172,AATTTAATGTGAAATT,I288Y,1,2
-9.031,4.172,ACACGAATAATTTCTT,R482D,1,1
-9.031,4.172,ACATACAGGCAAAACG,A336R,1,1
-9.031,4.172,ACCTGTAATTTAAAAG,P74F,1,1
-9.031,4.172,ACGAGCGCCTTATCCA,N190K G286D A336L D408N,4,5
-9.031,4.172,AGTGTATCTTCAATCC,H471T,1,1
-9.031,4.172,ATATTAACCGTACAAT,V43D,1,1
-9.031,4.172,ATGGAGCACGTAGCAT,Q132E Y486P,2,2
-9.031,4.172,CACCATCAGACAATGA,C52W,1,1
-9.031,4.172,CGATAACTCGTATTTG,L13P,1,1
-9.031,4.172,CGTAAATATTAACACC,F338H,1,1
-9.031,4.172,CGTACTCAGTCGATAT,A39*,1,1
-9.031,4.172,CTAAACAAATTCACTA,T440Q,1,1
-9.031,4.172,GAGTAGTGTACGATAT,N152C A365V,2,2
-9.031,4.172,GATAGTTTAACCCCTG,F147N,1,1
-9.031,4.172,GCACCACAAAAAATGT,V112N,1,1
-9.031,4.172,GCACTATGATCAGGAA,S270K E340K,2,2
-9.031,4.172,GCATCGAAAAAACCTT,G362T,1,1
-9.031,4.172,GTGTCAAGGATATATA,L496P,1,1
-9.031,4.172,TAATATCTAACCCGTA,R482D,1,1
-9.031,4.172,TCATCGAAAATCTTCA,L427P,1,1
-9.031,4.172,TCCGCGCTACTATGCT,H18D,1,1
-9.031,1.391,TGAGTCTACCAGTTCC,Y178H R321Q E398K,3,3
-9.031,4.172,TGCACAGATGTAAATT,N31* E494I,2,3
-9.031,4.172,TGTACAGACTCCTCAC,I58K,1,1
-9.031,4.172,TGTTACATCCTGCAGA,L409R D493S,2,2
-9.031,1.391,TTAATACATATAATCA,,0,0
-9.031,1.391,TTAGAATAAATGTCAT,G72E,1,1
-9.031,4.172,TTCACGTTGACGAATG,H56M L314E,2,2
-9.031,4.172,TTTACATGAAACGTGC,D32R E432G,2,2
-9.031,4.172,TTTTATCTGCGACTTC,M320Y,1,1
-9.031,4.172,TTTTTCAATGGCTTTA,A113H E119D,2,2
-9.032,0.596,CCCACACATATACCGG,N152P N445D,2,2
-9.033,1.391,TACCCACGGTGAAGTA,C97Q T313H,2,2
-9.033,1.391,TCACGAACACCATACA,W421A,1,1
-9.035,1.391,CACACGAGCGATACAT,G240H C466V,2,3
-9.036,0.8343,TTAAAAGTTAGCGAAC,I226G,1,1
-9.037,4.172,AACGACTCCGAAAAGG,G61C G362D,2,3
-9.037,4.172,AATACTTACACCCTCC,D241L,1,1
-9.037,4.172,AATTTACAATCAATCA,Y486V,1,1
-9.037,4.172,ACAAACCCAACAATGT,G256R E340G,2,2
-9.037,4.172,ACATGTAAGCTAGTCA,A317Y,1,1
-9.037,4.172,ACCTTAACCTTGCCTT,G16T K207E,2,3
-9.037,4.172,AGATATCTAGACCTGA,G61E,1,1
-9.037,4.172,AGATTTAAAACCACGA,D7V G345M,2,2
-9.037,4.172,AGGCTACTGAGTTGAC,F125S,1,1
-9.037,4.172,AGTACATAAACGAATA,M268N,1,1
-9.037,4.172,ATAACGACATTCCGGA,T416H,1,1
-9.037,4.172,ATACATCCAACAGTTG,T370Y D474N,2,2
-9.037,4.172,ATAGCTATGATAATTT,G349V S378F,2,2
-9.037,4.172,ATTAGAACCTCCTCAA,N458Y,1,1
-9.037,4.172,CAAAAGATGAATATAT,G116I,1,1
-9.037,4.172,CAACGTTCCAACTTAA,K380V,1,1
-9.037,0.8343,CACAATCGTATAGATA,C97H,1,1
-9.037,4.172,CACACAGCTTCATATC,E410P R492C,2,2
-9.037,4.172,CACGTTCCAAAAGTTT,N81Q I274A,2,2
-9.037,4.172,CAGAAGAGCCTGAGTT,D73V L314T,2,2
-9.037,4.172,CAGAGTTTGCATTGCC,K380D,1,1
-9.037,1.391,CCGCAAGTATAATTCT,M320Y,1,1
-9.037,4.172,CGAACGAAAATCATAA,S287Y,1,1
-9.037,4.172,GAACAGTTCAACACCC,G349E,1,2
-9.037,4.172,GAATGTAATAGTTTTC,L108T,1,1
-9.037,4.172,GACTATTTCTCACACT,C97Y K264T,2,5
-9.037,4.172,GAGACAAAGGGTTAAT,C97A,1,1
-9.037,4.172,GAGACATCCCTCGAAA,W343G R361N,2,2
-9.037,4.172,GGTGACCTATTAAAGA,F125N,1,1
-9.037,4.172,GTATATTCAGCTCAAT,S228G M346V,2,2
-9.037,4.172,TACGTACATACGAAAA,P74N W234L,2,2
-9.037,4.172,TATTCCCCGTGTCACC,N152T,1,2
-9.037,4.172,TTAAACAAATTACCGT,I179Q,1,1
-9.037,4.172,TTAACAACAAGAGAAG,S46D N246Y,2,2
-9.037,4.172,TTCCAACACCGATTAA,T155R,1,1
-9.037,4.172,TTCTACTGAGCTAAAT,S143Q G263*,2,2
-9.037,4.172,TTGAAAATAACTAAAT,D419F,1,1
-9.037,4.172,TTGAGGAATTCATAAG,G352D,1,1
-9.037,4.172,TTTGGGATCTAAGAGA,L66P,1,1
-9.038,0.596,TATACGTCGTATTCAC,I179H,1,1
-9.038,0.3792,ATCCTAAGAGCCAACA,S136N N483T,2,2
-9.039,0.596,TATATGAAACCAACAA,D348R,1,1
-9.039,1.391,CTACATAAATTTTTAT,G345P,1,1
-9.039,1.391,GGAAAAACTACTCATG,H471K,1,1
-9.04,0.8343,GAAACGAAACATAGAA,Q191C P324E,2,2
-9.041,1.391,CATGCAAACTTCAGCC,A317T L428V,2,2
-9.042,0.3792,TAAAAATTAATTCAGA,F467E,1,1
-9.042,0.8343,AATATGAAATCTCCAG,S287Y K411T,2,2
-9.042,0.8343,AATTAATGTACAACAA,I339R Y491G,2,2
-9.043,0.596,GGTCTATCATAGCACA,V490R,1,1
-9.044,4.172,AAATAAAATGCCTATT,T155Q,1,1
-9.044,4.172,AACCACAATTTCGCCC,G342C,1,1
-9.044,4.172,AAGAAAACTAAGACTG,I502D,1,1
-9.044,4.172,AATAAAAACTACATAC,V26R A272W C281G I385C E398A,5,5
-9.044,4.172,ACAAACTTCATCTCAT,A11R,1,2
-9.044,4.172,ACCATCACATAACATC,I236H,1,2
-9.044,4.172,ACCCAGAACCAACAAA,K259I P306E,2,2
-9.044,4.172,ACTGTAAGAACCTTTT,M444K,1,1
-9.044,4.172,AGCGCCTAAATACTGA,L42P,1,1
-9.044,4.172,AGTATTCCACCGTACA,G256D T318N,2,3
-9.044,4.172,ATAAAATGATAATGCA,N458D,1,1
-9.044,4.172,ATAATCCACCACCGTT,D348R,1,1
-9.044,4.172,ATACATAGACCTAAAT,A138P,1,1
-9.044,4.172,ATGCATAGAAGCAGAA,P185D,1,1
-9.044,4.172,CAAGAAAATTAACACA,K121S F192T D487N,3,3
-9.044,4.172,CACCATCTTATACTAG,E340S E432G,2,2
-9.044,4.172,CCCAGCTATGCTTAAA,M462I G465*,2,2
-9.044,4.172,CGATCTTACGGAATCT,I236P K238N,2,2
-9.044,4.172,CTTCCAGGATCTAAGC,E460R,1,1
-9.044,4.172,GAGCACGAAAATCACT,G16L,1,1
-9.044,4.172,GCGTGGTCCTAACGAA,G349F,1,1
-9.044,1.391,TAACACATACTTTTCA,V88R,1,1
-9.044,4.172,TACCATAGAAAATATC,C97E,1,1
-9.044,4.172,TCCGCATTACTTATCA,F353V,1,1
-9.044,1.391,TCGTTTAAACTGAGAA,M320I E403D A495R R499I,4,4
-9.044,4.172,TCTTGTGACACGTACA,C281E N389H,2,3
-9.044,0.596,CCCCAGTTCCATGCTC,H471P,1,1
-9.045,0.8343,GAAACAATCAAAAAAA,F148D V347H,2,2
-9.046,1.391,ACGGATTCTTAACCCT,F148G,1,2
-9.046,1.391,GACTGGTGAAAGGTAT,F448E,1,1
-9.046,1.391,TGTTAGTATATACTAT,N170K,1,1
-9.047,0.8343,TCTATAACCCACGAAT,V112S K276L,2,3
-9.048,1.391,CTGCAGCCCCGCGCTG,E123C,1,1
-9.049,0.8343,CACGCAGGACAAATAA,I202D Y412C,2,2
-9.049,0.8343,CATTGAGTCGAGTTCA,A495E,1,1
-9.05,4.172,AAAAGAAATACGCATA,G134N,1,1
-9.05,4.172,AAACATAACCCACTTT,Y423P,1,1
-9.05,4.172,AAACTGTGATATCAAA,N152K,1,1
-9.05,4.172,AACCGAACCATGTGTC,L42G R201Y,2,2
-9.05,4.172,AAGTGTATCTTGGATC,E432K,1,1
-9.05,4.172,AAGTGTGTATACGGCA,F147I,1,1
-9.05,4.172,AATTCTGTGCCCCCAT,H471Y,1,1
-9.05,4.172,ACAAAAAGAGTCAAAA,G23E I245H,2,3
-9.05,4.172,AGATCCTCCACAACGT,G342P,1,1
-9.05,4.172,AGCCTAAGATACAATA,H183Y,1,1
-9.05,4.172,AGGAAACCCTTATGAC,K176C,1,1
-9.05,4.172,ATTATGGACTATTTCC,F148I R208W,2,2
-9.05,4.172,CAAAAATTATGGGAAC,C97L,1,1
-9.05,4.172,CACACTCGGTTACAAA,L108T,1,1
-9.05,1.391,CACTTAAGACCCACAA,T370P,1,1
-9.05,4.172,CATAGCACCTCACATA,I252T,1,1
-9.05,4.172,CCCTAGAATAGGTTAT,N290C G342D,2,2
-9.05,4.172,CGATAACAACCTGGCA,I335Q,1,1
-9.05,1.391,CTACCTGTGACCTTTG,M168W Y470V,2,2
-9.05,4.172,CTTTATATAAACTTAC,R90I,1,1
-9.05,4.172,CTTTCGAAAAAAAATT,I395P,1,1
-9.05,1.391,GAAAACAATCCACAAG,C97Y T167F,2,2
-9.05,4.172,GAATCATTCAATGTCC,F120G,1,1
-9.05,4.172,GATTAGCCTAACAATA,G465I,1,1
-9.05,0.4635,GTCCCCAAGAGTAACC,W153K,1,1
-9.05,4.172,TAACAAAAAAGTGACC,G23*,1,1
-9.05,4.172,TATAATGTTCACACGC,C139P,1,1
-9.05,4.172,TATTATTATTTACCTT,P74F,1,1
-9.05,4.172,TCACGAACATTCACCT,D68V,1,1
-9.05,4.172,TGAAACCCCCATGCTC,M320Q,1,1
-9.05,4.172,TGAATCTCCAAAATAT,F148R,1,1
-9.05,4.172,TGACTACAAAGTACTA,N45L L420W,2,2
-9.05,4.172,TTGAAAGAAAAAGACG,Y491Q,1,2
-9.05,4.172,TTTACGTCGCGGGATA,W127C Q132G A425S,3,3
-9.05,4.172,TTTGTTACAAATATAA,Q1* S54P L367P,3,3
-9.052,0.4635,CCTTCCACCTGTGTCA,K2V G330C,2,2
-9.052,1.391,TCTTGGCTGGGATTCA,R90I G116R D438N,3,3
-9.052,1.391,TGAACGCTAGACAACT,I481N,1,1
-9.053,0.8343,TGAGGTCGGACAAACT,G360D,1,1
-9.054,1.391,ACCGAGCAAAATTCAA,D438R,1,1
-9.056,4.172,AAACCCTCGAACGCCA,S422W,1,1
-9.056,4.172,AAATTCTACAAAACTA,E494K,1,1
-9.056,4.172,AAGTAAATAATACCTA,L439N,1,1
-9.056,4.172,AATTTAATCAGACCGC,C14E,1,1
-9.056,4.172,AGATAAATTCCAAGCC,N433H,1,1
-9.056,4.172,AGTACCTGCAAACCTC,N458A,1,1
-9.056,4.172,AGTCATTGTATAGCAT,M268K,1,1
-9.056,4.172,ATATCGCAGAATACAT,I51H,1,1
-9.056,4.172,ATCAGGTCCAAAAAAT,F125S,1,1
-9.056,4.172,ATCTAAATTGCAAATC,S193C,1,1
-9.056,4.172,ATTCCTAAAAAAGTCA,G23V H56Q S91A,3,3
-9.056,4.172,CAAATAACTAGATCCT,G16S,1,1
-9.056,4.172,CCAAGAGTAAAATGCT,F148S,1,2
-9.056,4.172,CCATCTTGTGAATCTA,P21N C139Y,2,2
-9.056,4.172,CCGACCTTGATCTAAG,I481T,1,1
-9.056,4.172,CTTATCAATTAATGGG,I202D,1,1
-9.056,4.172,CTTTAGTTACTATCCA,L177R F258K,2,2
-9.056,0.8343,GAACAATCAACCACTA,I230K K452N,2,2
-9.056,1.391,GAAGTAGGAGCCTAAC,T128V I469G,2,2
-9.056,4.172,GATGCGTACAGTCATG,V102R,1,1
-9.056,4.172,GCTTTCCGATCGCTAG,A11K Y423D,2,2
-9.056,4.172,GGAAACTCAGACCAAC,R229N,1,2
-9.056,1.391,GTTAATATAGTGATTG,N152K,1,1
-9.056,4.172,TAACACCATTAAAGGA,D419W,1,1
-9.056,4.172,TAACTGCTCTCGAACA,I502E,1,1
-9.056,4.172,TAATAACAATAATCAG,I288M A495W,2,2
-9.056,4.172,TACCTCTATAAATACC,R269K A459W,2,2
-9.056,4.172,TCTTAAAAAGTCTGTA,S369R E449G,2,2
-9.056,4.172,TGCTAATGAAGCTAAC,F87K E401G,2,2
-9.056,4.172,TTAGATAGTGCTTAGC,S193E,1,1
-9.056,4.172,TTGCCCACTCACGAAA,Q1* I67V Y491I,3,3
-9.056,0.3792,TACTGTGTGATAAAAA,R261S A272E P293V L381R,4,4
-9.058,1.391,AAGCTAGAGAACAACA,D474Q,1,1
-9.058,1.391,ACTGTATCGCACCTAC,Q191V,1,1
-9.058,1.391,ATCAATTTTGATTTGA,P254V,1,1
-9.058,0.8343,ATCGACTTCATACAAC,G116R L151V,2,2
-9.059,0.4635,ATGACATCTTTCTTAA,S247R,1,1
-9.06,1.391,CTAAAAATAGGAGCTC,Y98H T235E,2,2
-9.06,1.391,CTAAAGACTATATCGA,Y351W,1,1
-9.061,0.5959,AATTCAAAGCCCAAAC,I232H,1,1
-9.061,0.3792,CCGCAATACCTTAACA,F332T,1,1
-9.062,4.172,AACGCGCATTACACCA,P74H,1,1
-9.062,4.172,AACTTCCGGAACTGTA,Y178G S358L,2,2
-9.062,4.172,AATAAGATGATCAAAT,Y491L,1,1
-9.062,4.172,AATTGATAAAATGACC,L420Y,1,1
-9.062,4.172,ACCGTTTCTCCAAGAA,Q311R L431P,2,2
-9.062,4.172,ACGTACAAGAAGGCAA,T155E,1,1
-9.062,4.172,AGCTCCAAAATCAGTA,I51N K189F,2,2
-9.062,4.172,ATAAATTTCCTCACAG,M444P,1,1
-9.062,4.172,ATAGCAAAACTAACTT,Y351W,1,1
-9.062,4.172,ATTATAATCACTAACC,L108P,1,1
-9.062,4.172,CAATGACAACAGCTAC,T436N,1,1
-9.062,4.172,CAGCTATATTAAATAT,G181K,1,1
-9.062,4.172,CATTCTATACATTTTC,T24L E390C E398N,3,3
-9.062,4.172,CCAAATCGACTATTTA,G256I,1,1
-9.062,4.172,CCAACGAAACAACGCA,G463I,1,1
-9.062,4.172,CCTGCATTTCTTTTCC,N6P L70P S422M,3,3
-9.062,4.172,CGGCGGCGCCTATTGC,T65R I260- R261- S262- G263-,5,5
-9.062,4.172,CTAGTACACAACACAA,L13Q,1,1
-9.062,4.172,CTCATTCATGTACAAA,W127Q,1,1
-9.062,1.391,GAATCCCACTTTCGAG,R90W,1,1
-9.062,4.172,GACGGAACTGTCGTTT,Q44C K468G,2,2
-9.062,4.172,GATTATAAAACAAGTC,I377E,1,1
-9.062,4.172,GCAAAGACTGGATTAG,F147I,1,1
-9.062,4.172,GCCATTCTCGGAGGAT,L420R,1,1
-9.062,4.172,GCGGACGGGATAAATA,V112P,1,1
-9.062,1.391,TAAATCCCTGAGACAG,Q191K S193K,2,2
-9.062,4.172,TAAATTGCCCCGAAAC,E41* I502K,2,2
-9.062,4.172,TAAGACTATACCCCCA,M320I,1,1
-9.062,4.172,TACTGTCTAACCCCAC,S270E,1,2
-9.062,4.172,TAGGCGGCGATGGCAG,A138T,1,1
-9.062,4.172,TCACCATACACGGTCT,F448N,1,1
-9.062,4.172,TGACAATCAGCACCCC,D438N,1,1
-9.062,4.172,TGCCGCAACATATGCT,H355D,1,1
-9.062,4.172,TGGAAGGGCTAAACAA,H18I A495T,2,2
-9.063,0.4635,GACTACGCTGAAATCG,C466I,1,2
-9.064,1.391,ATACAACACTTACCTG,A317V,1,1
-9.064,1.391,CTCAGATCACAAAAAT,G61A C473D,2,2
-9.064,0.8343,GGCATTGATTCATAAA,C473W,1,1
-9.066,1.391,CTAATTAATTGAAGAT,T206M G465R,2,2
-9.066,1.391,GATGTCCATAGAACGA,G16Y,1,3
-9.066,1.391,TAAAACTTTGTGGTAG,L455V,1,1
-9.067,0.5959,CTGTGACTCTATGATT,I179T Y351C,2,2
-9.068,4.172,AAAGATTACCAACACA,M320E,1,2
-9.068,4.172,AAATCACTAACATTTG,C305Y,1,1
-9.068,4.172,AACAACCCAGGCGATC,S136P G275E H435C,3,3
-9.068,4.172,AAGATGAGTACATAGA,K176E,1,2
-9.068,1.391,AAGTCTTGCCCTTCTG,F148V,1,1
-9.068,4.172,ACAAATTAAAACGTGA,L455Q,1,1
-9.068,4.172,ACATCGTAGATTTTTC,K176L,1,1
-9.068,4.172,ACCATCCAACGAAACT,I232R,1,1
-9.068,4.172,AGACTTGATACCACTA,P74A S228T,2,2
-9.068,4.172,AGGAATGGTTTTTAAC,N170C,1,1
-9.068,4.172,AGTAACTAATAAAACG,I339P,1,1
-9.068,4.172,ATACGACTACAATGTG,T206F,1,1
-9.068,4.172,ATGATTTCTTAGCCAC,G352N,1,1
-9.068,4.172,ATTCACACCACCGAAT,A39T E460A,2,2
-9.068,1.391,CACGCAATGCCTGCGT,E340R,1,1
-9.068,4.172,CACTATACGTGTAATA,A317I,1,1
-9.068,4.172,CATCTAGCAAAAAGCG,D77C E457K,2,2
-9.068,4.172,CATTGTACGTGCATGC,L151S,1,1
-9.068,1.391,CGATAGTATACATCCA,I335S,1,2
-9.068,4.172,CTAACAGCTCTCAATA,S54Q T440E,2,2
-9.068,4.172,CTCCACCCAAATGCGA,G181T,1,1
-9.068,1.391,CTTAGCATACCAAAAC,N458L,1,1
-9.068,4.172,GAAGCCGGGGATCAAA,L314E,1,1
-9.068,4.172,GATCACAAAATAATCC,V309D H471N,2,2
-9.068,1.391,GATTTAGACCGCTCAA,D68Y,1,2
-9.068,4.172,GGCCTTCACCTCTCAC,W350* E398K,2,2
-9.068,4.172,GGGCACCACTCTAATA,C76F,1,1
-9.068,4.172,GGTAGGACTCATTAAA,A425D,1,1
-9.068,4.172,GTGCAAAATATTATAC,T370E,1,2
-9.068,4.172,TAGCCTAATTCGAAGA,I236P,1,1
-9.068,4.172,TATCATAGGGCTATCC,M268V G319R D375C G386E,4,5
-9.068,4.172,TATCCAAACTGTTGTA,E35K G142P,2,2
-9.068,4.172,TCCAATATCCATATCT,A19T H435L K468N,3,3
-9.068,4.172,TCGAATATCAGATGAC,D68C,1,1
-9.068,1.391,TCGACACGCCTAAGGC,F332G,1,1
-9.068,4.172,TGCATAAACGTTAAAT,I437W,1,1
-9.068,4.172,TTATTGTGCTACAGTC,I226D,1,1
-9.068,4.172,TTCTCTATAATGACTA,H56C Y161R,2,2
-9.068,4.172,TTGACATGGACTGGTA,V182F S193W,2,3
-9.068,0.3792,TTGTCAAATTCGAAAG,F87S,1,1
-9.068,1.391,TTTATATAAAAAAGCC,Y351T,1,1
-9.069,0.3792,TATGACTATTACCCAG,I469C,1,1
-9.069,0.5959,TACAAAAAATCCCCGG,F148T,1,1
-9.069,0.8343,ACTGTAGCATCAGCCG,N322I,1,1
-9.07,1.391,ATTATTCTGTCATGGT,E426S,1,1
-9.07,1.391,GAAAACAACCAACTTC,G62C Y491E,2,2
-9.073,0.8343,CAATAGAAAATACCCA,E89G,1,1
-9.073,0.3209,TAACACGATCTACTGG,H471E,1,1
-9.074,4.172,AAGTCAACAGTTATAA,C76T,1,1
-9.074,4.172,AATTGGATACAATCTA,N298L,1,1
-9.074,4.172,ACATCTTCTAGACCCT,T440W,1,1
-9.074,4.172,ACGAACTTCAAGACAC,I502D,1,1
-9.074,4.172,ACGATGTCCAACGCAT,A272D R456I,2,2
-9.074,4.172,ACGTAACCGCGAAAGA,V88M A113M,2,2
-9.074,4.172,ACTACCAGAAACACTC,L177Q,1,1
-9.074,4.172,ACTACTAAAGCACCTA,C473I,1,1
-9.074,4.172,AGAAGGATATCTAACA,I202Y,1,1
-9.074,4.172,AGAAGGGCAGTATTAA,L13P N81M,2,2
-9.074,4.172,AGTTGTTTTCCCATTC,G333H,1,1
-9.074,4.172,ATATAATGACTTAACA,I51N,1,1
-9.074,1.391,ATCGAACTTTTTATGA,N63Y G337P,2,2
-9.074,4.172,CAATTTCAGATAGACT,R261P C277S V297E,3,3
-9.074,4.172,CACAATATACACACTA,A39T G286W,2,3
-9.074,4.172,CATAGGTTTACATTCC,T10K G342C,2,2
-9.074,4.172,CTCATACGTGCAATCC,W153S,1,1
-9.074,4.172,CTCGAGCCACCCAGTA,T301P,1,1
-9.074,4.172,CTGTATAACTCCAACA,L151H,1,1
-9.074,4.172,GAACACAGCAACTTGA,L151G,1,1
-9.074,4.172,GCACCATTCTTTACAA,W343F,1,1
-9.074,4.172,GCGGTTTTCTAAGTAT,C52R G386R,2,2
-9.074,4.172,TAGTTTTAACTTAAGA,A69D,1,1
-9.074,4.172,TCTCGAAATTGACAAC,G345Q,1,1
-9.074,4.172,TGAAAATAACATGCCA,E41A,1,1
-9.074,4.172,TGCGTTGTTTGGCATC,F195K,1,1
-9.074,4.172,TGTAAGCGCTGTGATT,M346H,1,1
-9.074,4.172,TTAACTGCCCTTACAT,H183Y,1,1
-9.074,4.172,TTGATTTGATTCTCAC,L439P,1,1
-9.074,4.172,TTGTATTTAAAGACAA,Y470E,1,1
-9.075,0.8343,CTGGAGCTTCCTGGTA,L86R,1,1
-9.076,0.5959,TAACACATTTAGCAAA,I230Y,1,1
-9.076,1.39,AAGTTGTTAAAAACAA,Y98H S193W,2,2
-9.076,1.39,CAACTTGGATGACCTA,L70H,1,1
-9.077,0.8343,ACGTTAGTGACTGCAG,K315E D474Y,2,3
-9.077,0.8343,ATACAATCACATTGCA,D375P,1,1
-9.077,0.8343,CATGCCCAAAAAACAA,F120I N489Y,2,3
-9.078,1.39,AAAAATAACACTTTAC,G249F,1,1
-9.078,1.39,CCCTTAAATATAAAAA,C466E,1,1
-9.078,1.39,TTAAAGACTCCCAATA,S9C Y470Q,2,2
-9.079,0.8343,GAACTATTACGATAGC,S270R,1,1
-9.08,0.8343,AACTAAACCCTGATAC,A317K,1,1
-9.08,4.171,AAGCCTGCAAGAATTC,G330K,1,1
-9.08,4.171,AATTAAGATTCACACC,Q80* G249S E403K,3,3
-9.08,4.171,ACCATAAATATAATCA,G256M,1,1
-9.08,4.171,AGATAAAAGTCATGTA,A336V,1,1
-9.08,4.171,AGCAAACTTTCATTCG,E123A,1,1
-9.08,4.171,AGTACATCTAAATCTG,K2Y P185S E403K,3,4
-9.08,4.171,AGTTAAAAACATAATG,T248R,1,1
-9.08,4.171,AGTTTAATAGCGTATA,I245W N357H Q363*,3,3
-9.08,4.171,ATATTGATATCAGGTT,V43Q,1,1
-9.08,4.171,ATTTCAACAATAAAAC,R492E,1,1
-9.08,4.171,CAAAATTCCATAAAAA,F87G,1,1
-9.08,4.171,CACATGATAGTCCTTA,I339P,1,1
-9.08,1.39,CACTGTATTAAGTATG,C64P,1,1
-9.08,4.171,CATAAGAACTCTCACT,V112N,1,1
-9.08,4.171,CATAATTCCAAATGAC,R224S I469E,2,2
-9.08,4.171,CCATTCAAAAAGGAAG,D461K,1,1
-9.08,4.171,CCCAGAGCGTATGGCT,K453P,1,1
-9.08,4.171,CCCCCGCAGAGATACC,G249L,1,1
-9.08,4.171,CCCTATTGAGTCTAGT,C97V,1,1
-9.08,4.171,CCGCGTGATCACAACA,G352Q,1,1
-9.08,4.171,CGACAAACAACATTAA,E432K G465E,2,2
-9.08,1.39,GAAAAGTATTTGTCCC,T235I D461M C466F,3,3
-9.08,4.171,GAAAATCCATCAAAAG,V20A D348N,2,4
-9.08,4.171,GAACAGATTTCCTCGG,A106I G386L W421*,3,3
-9.08,4.171,GCGCTCCTCTGAGAAC,H17I,1,1
-9.08,4.171,GGACGGTGTGAGTAAC,Q191P,1,1
-9.08,4.171,GGATCGGAGAGGTCTT,S115N,1,1
-9.08,1.39,GGCCGAAACGGAATTT,G360C Q376N,2,2
-9.08,4.171,TAACTAATAACAAACC,D68P,1,1
-9.08,1.39,TACCCGTCACTGCACG,N298M,1,1
-9.08,1.39,TAGTTTCCTTGGAATG,L151Q G286D,2,2
-9.08,4.171,TCGCTAGACCCCGTAA,T370W,1,1
-9.08,4.171,TGAGATTAAAAAACTA,F120Q,1,1
-9.08,4.171,TTGAACCTCTATTCTC,T248F,1,1
-9.082,1.39,GACAATAGAAATCCTC,R109P N285C,2,2
-9.082,1.39,TAAGTAAATACTAGAA,L154D,1,1
-9.084,1.39,TATAACGTTCACATTA,D419Y,1,1
-9.084,1.39,TTACGATACAACGGAT,D77T L455E,2,2
-9.085,0.8343,AAGGTCTAACCTGAAT,V36K,1,1
-9.085,0.5959,TTCCATCTACTTCCCA,Y233N,1,1
-9.086,4.171,AAAACTCGCCCAAGGG,L177S P284T V402M,3,3
-9.086,4.171,AAAGCAAAAACAAATT,F332Q,1,1
-9.086,4.171,AACGAAATATGCCCTA,A253L,1,1
-9.086,4.171,AATAGTGAGAATTATA,G62E L177Y,2,2
-9.086,4.171,AATATCTCCAGCATGT,L111P L496W,2,2
-9.086,4.171,AATCGCTAACAGATCT,G134M,1,1
-9.086,4.171,ACAGAAAGACCCGATG,I469A,1,1
-9.086,4.171,ACTTTACAAGTCCATA,L316R,1,1
-9.086,4.171,AGACCCCCTACCTAAC,C97H D271C,2,2
-9.086,4.171,ATAACCATCAAAACAC,W343V,1,1
-9.086,4.171,ATAGGCATATAAACTC,W421*,1,1
-9.086,4.171,ATTCATAGGTTATACA,A19* I437E,2,2
-9.086,4.171,ATTTAACGATAATCTA,Q75*,1,1
-9.086,1.39,CAAAATCACTCTTATT,G463I,1,1
-9.086,4.171,CAATGTAATAATATAC,L42P L66P,2,2
-9.086,4.171,CCAAGAAAAACAACAA,G61T,1,1
-9.086,4.171,CCACAATCTGATCGAA,V213M T440H,2,2
-9.086,4.171,CCAGTTACCAGCTAAA,R109S M346P,2,2
-9.086,4.171,CCCATGCCATTCATCA,W180P,1,1
-9.086,4.171,CTGTGATGACAATCGA,W153L D225I,2,2
-9.086,4.171,GAATAAGCAAAATTAC,I478R,1,1
-9.086,4.171,GACCGATCATAATTAA,P221L L251P A495D,3,3
-9.086,4.171,GATATATAAAAAAGAA,E280D C477I,2,2
-9.086,4.171,GCCCAAAAATCTATCA,G61D,1,1
-9.086,4.171,GCGTTACCCATCAAAT,A459R,1,1
-9.086,4.171,TATAAATCAACAAGAC,V309R,1,1
-9.086,4.171,TATACCCTAAGACTAA,M268N,1,1
-9.086,4.171,TATGGACAGAACATAA,G319C,1,1
-9.086,4.171,TCATTCTACTAAACCT,A336E,1,1
-9.086,4.171,TTAGCCTTAGTCCGTA,G181I,1,1
-9.086,4.171,TTATGCATTAAAAAGC,C97T,1,1
-9.088,0.8343,AGATGGCCCTTGACCG,A69S V309R L428P,3,3
-9.088,1.39,AGCTCATTACGACCGA,Y470E,1,1
-9.088,1.39,GATCACAATAGTAAAT,I478Y,1,1
-9.088,1.39,TAGTACGTCACCAACA,L243Q,1,1
-9.088,1.39,TATTAACAATAACAAC,E123K D291N L409V Y470H,4,5
-9.089,0.5959,AAGGTTTGACACACAT,V43L P239C,2,2
-9.09,1.39,AACGTCTAATATTATG,E359R,1,1
-9.09,1.39,ACTATTAAACATGTAG,A373F,1,1
-9.09,1.39,AGATTATCAATCATGG,W421I,1,1
-9.09,1.39,TTCACGAAACTATGTG,H18P,1,1
-9.092,4.171,AAAAAAGAAATTGATT,S287F T318S,2,2
-9.092,4.171,AAAAAAGAGTGTAATC,I245N L314D,2,2
-9.092,4.171,AAAAATTAAAATTACG,V43S,1,1
-9.092,4.171,AAGCTCCAACTGAATT,G360Q,1,1
-9.092,4.171,ACTATGCACCTCAAAC,L244E T440K,2,2
-9.092,4.171,AGTTAAACACCCAATG,V166R Y308R,2,2
-9.092,4.171,ATAAAGACCAACCACC,K27I A163Y C281V V297S,4,4
-9.092,4.171,ATAGTAAATCAGAGTG,T37Q G303E,2,2
-9.092,4.171,ATTTCTCACAAACCGA,E340G,1,1
-9.092,4.171,CAAAAAATTCGCACAC,D366I,1,1
-9.092,4.171,CACGTAAAGAAGCATC,Q44* N63H L154C,3,3
-9.092,4.171,CATTGAACCAGTTAAA,N341P,1,1
-9.092,4.171,CGAATAAAAAGAATAA,T135L Y351Q,2,2
-9.092,4.171,CTATAGATATTGATAC,E340Y,1,1
-9.092,4.171,GAAGTCGGCCCTGATT,A364Q,1,1
-9.092,4.171,TACACTTCTTATTCGA,F148C,1,1
-9.092,4.171,TATAATTTTCACAACC,D438K,1,1
-9.092,1.39,TATTACAACAGCTTCT,C281Y E390M E396A,3,3
-9.092,1.39,TTTACCAACCGCACTG,I245N,1,1
-9.094,0.8343,CCAATGCACACAATTG,I67S D104N,2,2
-9.094,1.39,AGGCCTACCCACAACA,G16E Q356V,2,2
-9.096,1.39,AAAAATGAGAACCAAG,V204H S287P,2,2
-9.096,1.39,AATGCATAAAAACATA,R456T,1,1
-9.096,1.39,ACTTACATGTTATACT,G319E,1,1
-9.096,1.39,AGAATAACACACAACG,G200C A253C,2,2
-9.096,1.39,GCACTATGAAGTCCTA,L244P M444I L496V,3,3
-9.096,1.39,TTGGAGACTTGCTATT,F87D,1,1
-9.097,0.5959,TATAAAAGTTTTGAGA,V429K,1,1
-9.098,4.171,AAAAGAGTGCATAAGC,G330R,1,1
-9.098,1.39,AAAGTACTTTTCTATC,S287F,1,1
-9.098,4.171,AAGAAAAATATGTATC,G360E S369Y,2,2
-9.098,4.171,AATAGCATATAACCAA,V413N,1,1
-9.098,4.171,AATCCACTCATAAGCT,S205C R208Q P254K S422I,4,4
-9.098,4.171,AATGGCCCATCATTGG,H183N A253N V490Y,3,3
-9.098,4.171,ACAAACCTTGGAATCC,P21S S279M Q356*,3,3
-9.098,4.171,ACCCATTAGACCTCTA,I469R,1,1
-9.098,4.171,ATCTCTGCGACACTCA,C14M,1,1
-9.098,4.171,ATGGCTGACCATAGCT,V36Y M444I,2,2
-9.098,4.171,ATGTGTGCCAAAGCCA,I226Q Y308*,2,2
-9.098,4.171,ATTACCTCCCAATCCT,H471T,1,2
-9.098,4.171,CACCATCGACATGGTC,R261G T283P Q376W,3,4
-9.098,4.171,CACGGTGGGCACGACA,C14E,1,1
-9.098,4.171,CACTTCATACATAGCC,T440P,1,1
-9.098,1.39,CCTCGATAACCAACTA,L42E G362P,2,2
-9.098,1.39,GCAAGAAGAGGATCTC,D104P,1,1
-9.098,4.171,GCATCAAGAGTAAATT,K2I C281Y,2,2
-9.098,4.171,GTTCAATACATGCAGT,N8I V88R,2,2
-9.098,4.171,TAACACACATCAAATA,R224P,1,1
-9.098,4.171,TAATTTAAAATCCCTG,A334T,1,1
-9.098,4.171,TAGCAAATATACCCCA,T328I G337T,2,3
-9.098,4.171,TATCCTAATAAATTTG,G352E G360V,2,2
-9.098,4.171,TATGGTTAACACCAAA,G72R E484P,2,2
-9.098,4.171,TCACAGTAAGCCAGTC,T10F A113T S145R P306R,4,4
-9.098,4.171,TCATCGATTACGCTTC,Y257E,1,1
-9.098,4.171,TTATCGAATAAGGGAT,Y100N G504L,2,2
-9.098,4.171,TTGAGGACATTCAATC,L447W,1,1
-9.098,4.171,TTGCGAGTACTCATAC,V309W,1,1
-9.099,0.5959,CACGCGACAGAAGCCA,T248Y C466R,2,2
-9.1,1.39,TCTACAATCTTCATAA,S136V G360E,2,2
-9.102,1.39,CGAAAATCACAATAGA,T10F S266P A336Q,3,3
-9.103,0.4635,ATACTCACTGAAGGTA,V26M K326L,2,2
-9.104,4.171,AAAAAGAGCTGATAAA,G319Q,1,1
-9.104,4.171,AATCCTATATCACCAA,L15N D438Q,2,2
-9.104,4.171,AATTTAATCATTACTG,P239W E396G,2,3
-9.104,4.171,ACATCTTAAAGGACTA,I437D,1,1
-9.104,4.171,ACTCGCGCCCTTTTTC,L251G,1,1
-9.104,4.171,AGTCAAAGTCTCGGAT,N433A,1,1
-9.104,4.171,ATCAAAAAACAAATAG,Q80E Y178H,2,2
-9.104,4.171,ATCAACTGATGTCTTC,L314E,1,1
-9.104,4.171,ATCGAATCTAAGCATT,Y491V,1,1
-9.104,4.171,ATGAACATCATTTGGC,G72L K259Y,2,2
-9.104,4.171,ATGCTTATATCACCAA,E359R,1,1
-9.104,1.39,CACGCGTGTGCCACTT,V102H L111P,2,2
-9.104,4.171,CACTTATCTTTAAGGT,P306F,1,1
-9.104,4.171,CGGGCAAGGAACAGCC,C97V Q363S,2,2
-9.104,4.171,CTAAAACGCTGATGAC,G49H Y233D K238E,3,3
-9.104,4.171,GACACACGCCTCTTCG,G256E,1,1
-9.104,4.171,GACCCCTACAGTATAA,D366M,1,1
-9.104,4.171,GATGACTTCCATAACA,K131C G319D,2,2
-9.104,0.8343,GCCTTACCTAACACGT,G142L F500S,2,2
-9.104,4.171,GCGAGCAAATAACACA,Y412G,1,1
-9.104,4.171,GGATTACTGAGCAATA,F147L S219D,2,2
-9.104,4.171,GGCGTAGATTAAGGCT,G349R D419L,2,2
-9.104,4.171,GTTTTGTGTCACCTCA,S265I,1,1
-9.104,4.171,TAAAAGACTATGATCC,A93E P254L,2,2
-9.104,4.171,TAACCATTATCAAATA,S247K,1,1
-9.104,4.171,TAACGAACCATAGTTA,N152K I252N,2,2
-9.104,1.39,TAATAAGCCAATTTAA,I34K,1,1
-9.104,1.39,TAATATCACCCAAAAG,V130G D271N C281F L381T I385K C466E,6,6
-9.104,4.171,TACCCCCAAGCACACA,L108T,1,1
-9.104,4.171,TAGGCGATTCACACCT,L118C R456D,2,2
-9.104,1.39,TATGTAATATAAACCT,I179H S266W P284L,3,3
-9.104,4.171,TCCCGGCATCTTAAAG,T37W,1,1
-9.104,4.171,TCCGATATTACAAAAT,T203I,1,1
-9.104,4.171,TCTGCACTCATATGCA,V413P,1,1
-9.104,4.171,TCTTATACCTCGCTTT,R90P,1,1
-9.104,4.171,TCTTCTTTACAAAAAA,D60E I274D,2,2
-9.104,4.171,TGCAGAATTAGCATAC,D438N,1,2
-9.104,4.171,TTATTACAACCTCGTA,G181I,1,1
-9.104,4.171,TTCATAAGAACATATT,L316S,1,1
-9.105,0.3209,AACCCATTAGCTCATT,S136M I232V,2,2
-9.105,0.5959,TAATAAAGAACATAAC,G116I E494G,2,2
-9.106,1.39,AGATAACACCATCTAG,Y302D,1,2
-9.106,1.39,ATGGTTCACTGCGAAG,W343Y,1,1
-9.106,1.39,GAAGTAGCGAACAAAG,L15Q Y257P,2,2
-9.106,1.39,GTAAAATAATAAACCC,P254H,1,1
-9.106,1.39,TAAATACTTAATCGCG,P293L L384Q,2,3
-9.106,1.39,TGAATCAATATTAGGT,A253I,1,1
-9.108,1.39,AGAGCTTTTTAATACT,I214K Y423T,2,2
-9.108,1.39,TAACTGGATAAATTCG,F332C,1,1
-9.109,0.8343,AAAGGTGACCGAAAAA,L13V L431Q D487H,3,3
-9.11,4.171,AAAAAGTTCTGATAAT,T206Q C473R,2,2
-9.11,4.171,AAGCACCAGTATTGGC,I339H,1,1
-9.11,1.39,ACAACTCGCCTAATCT,G249F,1,1
-9.11,4.171,ACCTAAATATCTCCTA,V413K,1,1
-9.11,4.171,ACTAAATCACTCAAGT,G349K,1,1
-9.11,4.171,ATAATTGAAAACGAAA,H355N E449C,2,2
-9.11,4.171,ATGAAACATACCAAAG,R499E,1,2
-9.11,4.171,ATGGGAAACATAAGTC,E457P,1,1
-9.11,4.171,ATTAGATAAAAGCTAT,S46N L157T,2,2
-9.11,4.171,ATTATAATGACTTCGT,G333K,1,1
-9.11,4.171,CAAGACTATCCAGTCA,E340A M462I,2,2
-9.11,4.171,CATTAGACTTTATTTA,L154S,1,1
-9.11,4.171,CCCCAGATTTCAATCT,Y178H,1,1
-9.11,4.171,CCCTCTCTATACAAAC,G303H,1,1
-9.11,4.171,GATAAGCTACTTTCCT,C76W,1,1
-9.11,4.171,GATCCGCCGTTAGCCA,L427H,1,1
-9.11,4.171,GATCTGAAAAGGCAAA,G333H E410K,2,2
-9.11,4.171,GTATACCAAACGCACT,E443K F500R,2,2
-9.11,4.171,GTCATATATCCGTACG,L177P E396L,2,4
-9.11,4.171,GTGTCTCCTATTCTAC,K380D N433Y,2,2
-9.11,4.171,TAACTAATGCACAAAA,V130F,1,1
-9.11,4.171,TAGGACAGGCTTCCTA,E123R,1,1
-9.11,4.171,TATGAAACGCTGGGAA,E340W,1,1
-9.11,4.171,TCCACCTGCGTTCGCC,E344C W421C,2,2
-9.11,4.171,TCTGATACATTATCAA,F148G K238E,2,2
-9.11,4.171,TGTACACGTAACACAT,L381T I481R,2,2
-9.11,4.171,TGTCTGCAAAGCATAT,F500E,1,1
-9.11,4.171,TTAGAATTAGTACAGT,W343S,1,1
-9.114,1.39,ACCAGATGTAAAGAAC,G465V,1,1
-9.116,4.171,AAACACAAATAGTAAA,G465P K472R,2,2
-9.116,4.171,AAACGTAATAACTATA,A459D,1,1
-9.116,4.171,AACATTACAACTAGAG,I67P,1,1
-9.116,4.171,AACCTACTTTTAACCA,C305M,1,1
-9.116,4.171,AACTCAATAATAATAT,S199N H355N,2,2
-9.116,4.171,ACACTAATGTTACTGG,L70K,1,1
-9.116,4.171,ACAGGTATGAATCAAT,T12G I339C,2,2
-9.116,1.39,ACCAAACACATAATTG,L42F T451Q,2,2
-9.116,4.171,ACTAAAACTCTCAATA,N464E,1,1
-9.116,4.171,AGAGAACAACAGGCAT,,0,0
-9.116,4.171,AGCCGAACATTTATTC,S193E,1,1
-9.116,4.171,ATACATTCACATAGAG,R220D W421* G479D,3,3
-9.116,4.171,ATGAGTCAAAGTGTTT,R33T S228G G465I,3,4
-9.116,4.171,ATGTTGTAGAGCCAAC,S400*,1,1
-9.116,4.171,ATTACAAAGTCCAGAA,S265M T451C,2,2
-9.116,4.171,CAAAAACCTTAAAATA,K82R G330S K450R K452R K468E,5,5
-9.116,4.171,CACATAATTCGTGTAA,E414P,1,1
-9.116,4.171,CAGGAAGTTACGATCC,A253V P324C,2,2
-9.116,4.171,CATTGTCCAGTTATCT,D366I,1,1
-9.116,4.171,CATTGTCTAGCATAAA,I230Y,1,1
-9.116,4.171,CGTCTCTACAACCACA,W153N,1,1
-9.116,4.171,CTACACACACTTTACT,I58G G286S,2,2
-9.116,0.8343,GACCTCATTCGTACAC,A373F,1,1
-9.116,4.171,TAATACATGCCTATGC,T187P,1,1
-9.116,4.171,TATGACCCAAACACTG,L15H,1,1
-9.116,4.171,TCATAGCCAAGAAGAC,Y178C,1,1
-9.116,1.39,TCGTCTTAACTTAACA,C97* E119G,2,3
-9.116,1.39,TGAATAAAACTGTTTA,E123H,1,1
-9.116,4.171,TGTAAAAAAATTACTT,Q191I,1,1
-9.116,4.171,TTTGAATGGAGTTTGT,I267K,1,1
-9.119,0.5959,TTCATAACTCAATACC,S143N G181K,2,2
-9.119,0.4635,GCACGTTAATACCATT,L455E,1,1
-9.12,0.4635,ACAGCGACAATCTCTC,L108N,1,1
-9.12,1.39,ATGAAAACACCACAAT,G275P A430V,2,2
-9.12,1.39,CAGGTTAGCAATTGAT,Y178S,1,1
-9.122,4.171,AAAAAGTTAGACACTT,T370Q,1,1
-9.122,4.171,AAATAGAGATTGAATA,G134T,1,1
-9.122,4.171,AACCATTTAAAAAAAC,N246T,1,1
-9.122,1.39,AACCGTTAGAAATTAT,A334Q,1,1
-9.122,4.171,AAGGCCAGCCTGTTAC,D101G P169H W343Y L420P T440E,5,5
-9.122,4.171,ACAACTATGAACTTAC,G349A,1,1
-9.122,4.171,ACAGGTAACATCAATA,D348N Y491C,2,2
-9.122,4.171,ACGTCCTTGCACGCCT,Y470N,1,1
-9.122,4.171,ACTTTATCTTACTCAC,D68C,1,1
-9.122,4.171,AGGCCAAAGAAATACG,Q1*,1,1
-9.122,4.171,AGTCTACAGGAAGACT,F338Q G479D,2,2
-9.122,4.171,ATAAAGCTGAGCCTAA,I331S G386R,2,2
-9.122,4.171,ATGAAATACGATATCA,Q1T L496P,2,2
-9.122,4.171,ATGATAAATTGATTAT,R261F P293L G386M E426Y,4,4
-9.122,4.171,ATTGTAATTATAGAGT,H488Y L496P,2,2
-9.122,0.5959,CAAGCGCCCATAATAT,,0,0
-9.122,4.171,CACAAAATCCAACGAA,,0,0
-9.122,1.39,CACTCCGACACAGCTT,T370E R456W,2,2
-9.122,4.171,CATACTTTGTTGTACG,F448P,1,1
-9.122,4.171,CATCAAGCAACTAATT,Y302N,1,1
-9.122,4.171,CCATAATTAGTGAAAC,K189N N298R,2,2
-9.122,1.39,CTATTCATGATGCTGT,K292P L496P,2,3
-9.122,4.171,GACACTTAATAAGAAT,W350*,1,1
-9.122,4.171,GACTAAGATTAAGAAC,L194Y,1,1
-9.122,4.171,GATAAAAAAATCTAGA,L111A I226T,2,3
-9.122,4.171,GATATTGAATAAACCG,A334F,1,1
-9.122,0.8342,GGTTCATAAAAGCGCC,S422W,1,1
-9.122,4.171,GTACCATTAATTCCTG,L455V M462I,2,2
-9.122,0.8342,GTACGCCCCACATTCC,M444P,1,1
-9.122,4.171,GTCCTTTCATTAGTAA,E41D L243C,2,2
-9.122,4.171,GTGTATGAAATAGTAA,E414P,1,2
-9.122,1.39,TAAAACGACCCAACTA,S270E,1,1
-9.122,4.171,TAAAATAACTTTCGGA,A196D S422F,2,3
-9.122,4.171,TAACACCCCCTGCCGT,V26M N126K,2,2
-9.122,4.171,TAGCAAACCGTCGGGT,I230D,1,1
-9.122,4.171,TCCCATATATTTTTTG,,0,0
-9.122,4.171,TCGCATACTCTAACAG,S228P,1,1
-9.122,1.39,TGACAAAATTGACCTA,E89T,1,1
-9.122,4.171,TTACAATGACTGTTAC,F125C,1,1
-9.122,4.171,TTCACGTCAGGGTATG,F195L V406R,2,2
-9.123,0.8342,AGAAATGCAAATCCTG,S198K C466N,2,2
-9.124,1.39,AACGATCAAGGGACCC,S231P,1,1
-9.125,0.4635,AGAGGAACCAATCCAT,Y100P,1,1
-9.126,0.8342,GAACTAAAGTTATTAC,D487G,1,1
-9.126,0.8342,TATATATAAGTTTAAT,H18D D241G,2,2
-9.126,1.39,ACCCAAAACATCTCTG,L15*,1,2
-9.126,1.39,AGCTGTACTAATAATT,P74R,1,1
-9.126,1.39,CTCTCATTTTTCCAAA,W84C S198Q,2,3
-9.126,1.39,GCCTAATTCCTGAAAA,L243C,1,1
-9.128,4.171,AAAACATCATCCTATA,C305K,1,1
-9.128,1.39,AAAAGCCAAGCTATGT,I288S E403K,2,2
-9.128,4.171,AATCCTAGCACCCTAG,H183D,1,1
-9.128,4.171,ACATAGAGACACAATT,Q434P,1,1
-9.128,4.171,AGTACAACAATGCATA,G319V,1,1
-9.128,4.171,ATAAACATAACTAATC,I478N,1,1
-9.128,4.171,ATAACTATAAACACTT,D474K,1,1
-9.128,4.171,ATCGACGAAACGCAGT,P185G,1,1
-9.128,4.171,ATGACATGGGGACTGC,I214H N458K,2,2
-9.128,4.171,ATTACAGCGAACCAAA,N170G,1,1
-9.128,4.171,CAATCTTCGCCTTGGT,R456D,1,1
-9.128,4.171,CACAAAACAGAGTCCA,N357F,1,1
-9.128,4.171,CAGCCGGTTTTGCGTC,F467R,1,1
-9.128,0.8342,CCATTCTGCCTACATG,C281Y,1,1
-9.128,4.171,CCGATACGTATCGTTA,I51G,1,1
-9.128,4.171,CGACTTCAGGAAATAA,S209P,1,1
-9.128,4.171,CTAAAGAACCTTCACA,M320N,1,1
-9.128,4.171,CTATATCAACTTACTC,W421L,1,1
-9.128,4.171,CTATGAACACTAGTTT,C139K,1,1
-9.128,4.171,CTGATATACATAACCA,L177S,1,1
-9.128,4.171,CTGGACGATACTTGAA,R299N,1,1
-9.128,4.171,CTTCAACAGCTCAGAA,G249D,1,1
-9.128,4.171,GAAAAAAATACAAAGT,C97G,1,1
-9.128,4.171,GAACCCAGAATAAAAC,T12P I288L,2,2
-9.128,4.171,GAATAACATGCAACTA,L154Y,1,1
-9.128,4.171,GACCGGCATTCTCGAC,S199N I230R,2,2
-9.128,4.171,GATTTATACATGATTA,E119Y E401*,2,2
-9.128,4.171,GCTTAGACCCCTCTAA,I335P,1,1
-9.128,4.171,GGCCACAATGTAGAAA,Q164S Q454E,2,2
-9.128,4.171,TAAGCTGGTTTTTTGC,N170P,1,1
-9.128,4.171,TATTGGAAAACTGTGA,L439D,1,1
-9.128,1.39,TGAAAATTTGATATGA,V429D,1,1
-9.128,4.171,TGATAAATATTTTCCG,P254D,1,1
-9.128,4.171,TTTCAAGTCTCTTTTT,E172P N296V,2,2
-9.129,0.5959,AGCCTTCCAAAAAGAG,N458R,1,1
-9.13,0.8342,TCCTATCGCTTCAGCA,,0,0
-9.131,0.8342,GCTACTTCGCGACACT,R33*,1,1
-9.131,0.8342,TTTTAAGCTACACTCT,E123T,1,1
-9.132,1.39,AATATTAGAGATCCAG,F120P,1,1
-9.132,1.39,TTCTGCAAAACGTCAG,E89Q E460*,2,2
-9.134,4.171,AAAAACACTCTATATT,N170P,1,1
-9.134,1.39,AAAATAATCCGCAACT,V112W L157F,2,2
-9.134,4.171,AAACAAAAGTTCATGG,C473E,1,1
-9.134,4.171,AAATCAAATGATCTTA,Y98Q,1,1
-9.134,4.171,AACATAAGAACTAGAG,I67Y P99S,2,2
-9.134,4.171,AACGCGTGCAATCATA,R229N,1,1
-9.134,4.171,AATCGAGTGAACATTT,H17Q N489Y E494*,3,3
-9.134,4.171,ACAAAAATTTCATTAT,W234F G275E F353Y E460K,4,4
-9.134,4.171,AGCACTTTTGCACACC,G16D N22L,2,2
-9.134,4.171,ATACGAGTGGCTTTTC,V26T P293Q M444I,3,3
-9.134,4.171,ATCCAAAATACACAAG,I232E,1,1
-9.134,4.171,ATCCTAACAAGATGAT,W343N,1,1
-9.134,4.171,CAGTATCTGCGAAAAC,W350C N445W,2,2
-9.134,4.171,CTAAAACAAGAAAGTA,W350P,1,1
-9.134,4.171,CTAAACTATTTAGAAT,N170R,1,1
-9.134,4.171,CTTAGCTTAGCATACC,N126T Y486I,2,2
-9.134,4.171,CTTCAGTAAACAAAAC,R33K F120E,2,2
-9.134,4.171,GAATGGTAAATCCGAT,I469C,1,1
-9.134,4.171,GATCTATAGACTGAAT,L71T S378A,2,2
-9.134,4.171,GATTGCCTTAAAGATA,L177S,1,1
-9.134,4.171,GTAGAGTCATGAGTAA,W421Q,1,1
-9.134,4.171,GTGTTAAGATACAACA,T203L Q501R,2,2
-9.134,4.171,TAAGAGGTTATGACGT,E41Y S205R,2,2
-9.134,4.171,TACTTATCTTCGTATC,Y100E,1,1
-9.134,4.171,TAGCGATTAACACGCG,D225P,1,1
-9.134,4.171,TCCATAGACAAATATA,G330D K452A,2,2
-9.134,4.171,TCTATAGTATGCCGTC,I478S,1,1
-9.134,4.171,TGGAGATACCAAATTT,F148K,1,1
-9.134,4.171,TTTACTTAACAATATA,Y302C A334S E340*,3,3
-9.135,0.8342,ACACCGTTACATACAA,S137F E401*,2,2
-9.135,0.5959,GATTAGCCCTTGATAA,T370F,1,1
-9.136,1.39,ACGTTCCCAACCAAAA,G286P,1,1
-9.136,1.39,ATAGTAAGCCTGGTAA,F353P,1,1
-9.136,1.39,ATTTAGCGCATCGTTC,C477V,1,1
-9.136,1.39,CTCAAATATAAATACC,A253E,1,2
-9.136,1.39,GAATAAAAGCACAAAT,R261L G465N,2,2
-9.136,1.39,TAAAGAACGTAAACCG,K176N S270N K278G G286C,4,5
-9.136,1.39,TAATTAAAAGTATCTA,Q132Y S270R,2,2
-9.136,1.39,TAATTAGTGACCACAC,C52I Y351N,2,2
-9.136,0.5959,TTTTACAAAACTGTAC,I214H G465E,2,2
-9.138,1.39,ACGAATTGCGGATTTA,N424P,1,1
-9.138,1.39,AGAATTCTGGAAGTTA,K452D,1,1
-9.138,1.39,GTTATAGGCCCCGATT,A334R,1,1
-9.138,0.8342,AATCGAAACTTTAGCG,Q1C T370N A373S,3,3
-9.14,4.171,AAAAAACGCTAATACG,L13A,1,1
-9.14,4.171,AAAACCTTCCATCTAT,T436D,1,1
-9.14,4.171,ACAAATAATACCTTGA,I51D,1,1
-9.14,4.171,ACCAGCATGGATCAGA,F148V,1,1
-9.14,4.171,ACGATTGTACACTAGA,V36K,1,1
-9.14,4.171,ACTGAATACAAAAACC,R90W,1,1
-9.14,4.171,AGAAATAAAAAATATC,G61E,1,1
-9.14,4.171,AGAGACTCGGAACGAA,I288P,1,1
-9.14,4.171,AGCTACTAACTTAATC,G49V Y178M,2,2
-9.14,4.171,AGTCCTACCACAGCAT,A272L C277L,2,2
-9.14,4.171,ATTTACTGTCATCGTG,S114I E119C,2,2
-9.14,4.171,CAAAAAAGCCAACACC,F195L,1,1
-9.14,4.171,CAACTAACCTAATAAC,C281V T388* V402E,3,3
-9.14,4.171,CAATTATAAATAAACA,Y412D,1,2
-9.14,4.171,CCAATAAATCCATAAC,E89K P103H G465E,3,4
-9.14,4.171,CCTGCCTAACAACCAA,I478C,1,1
-9.14,4.171,CGATCATCTCACACAG,L71N,1,1
-9.14,4.171,CTATTAGAAACAAGAC,Y351W E359*,2,2
-9.14,4.171,GAAAACACACAACGTA,A11H S265V,2,2
-9.14,4.171,GAAGGAAGATAAGGGC,Y486P,1,1
-9.14,4.171,GCGATCAAGCCAAAGG,F467S,1,1
-9.14,4.171,GGATTCCATTACTAAA,C466T,1,1
-9.14,4.171,GGGTAAAGAACATCAA,G345Q,1,1
-9.14,4.171,GGTACTAACATGTGCT,I29Q G465R,2,2
-9.14,4.171,GTCTAGCCAGACTAAT,C139G,1,1
-9.14,4.171,GTGATCCAAACAGGAG,D419F,1,1
-9.14,4.171,TACACCCTCGATTTTC,D348N L431P,2,2
-9.14,4.171,TACAGTTCAGTGTGAA,Y257K,1,1
-9.14,4.171,TACCAATAAAACTTTT,Y257K V490K,2,2
-9.14,4.171,TGATCAAGGGATATCA,Q191C,1,1
-9.14,4.171,TGGGCGTCACCAGGAA,R499A,1,1
-9.14,4.171,TTCAATCAATTAACGA,V43Y,1,1
-9.14,4.171,TTCACAGGCTATGAGC,A39*,1,1
-9.14,4.171,TTTATAATCCCACGAC,C477H,1,1
-9.141,0.8342,CATCCCCACTAGTTGA,K176F,1,1
-9.142,1.39,AAAAATGGGCAGTGCC,R90D,1,1
-9.142,1.39,ACCTCTGAAACAACAC,L243C,1,2
-9.142,1.39,TCTAATACAACAACAA,R492S,1,1
-9.143,0.8342,ATCAATTAAAGTGGTA,I51Q,1,1
-9.144,0.8342,TGAGGTTACTTATCAA,V204E,1,1
-9.145,4.171,AAAAGCTAGCACTGAG,A163T A317L,2,2
-9.145,4.171,ACGAGATTTGCAGCAG,F294K,1,1
-9.145,4.171,AGAAAGTGTGCCCTGC,F332K D487N,2,2
-9.145,4.171,AGGCACAAAATACAAA,K326N N357D,2,2
-9.145,4.171,AGTCCCACGAATATCC,K326G I502D,2,2
-9.145,4.171,ATAAAGTAAAGAGTAT,P254W,1,1
-9.145,4.171,ATAGTGACACACAGAC,P254D,1,1
-9.145,4.171,ATGAAGAAATAGATGT,C14R I260- R261- S262- G263- K264- S265- S266- A304W R456M,10,10
-9.145,4.171,CACCCACGACCACCAG,F338I F467A,2,2
-9.145,4.171,CCACTGTAACCCTCAT,A317I A495M,2,2
-9.145,4.171,CCCTGCATAGATAATC,T203L,1,1
-9.145,4.171,GACAGAGAAAACTAAC,A364W,1,1
-9.145,4.171,GTACCTCTCAAACGTA,S422Y,1,1
-9.145,4.171,TCATAAGTAAAATTTG,C305W,1,1
-9.145,4.171,TGACGCTTAAACCCTT,S287K,1,1
-9.145,4.171,TTGATCTCGTACCACT,L66S,1,1
-9.145,4.171,TTGTCACCATATAAAA,G337K,1,1
-9.145,4.171,TTTTATCCACCATAGA,G349S,1,1
-9.145,1.39,GTCAAAGGGACCAGAA,Q75* V102K,2,2
-9.145,1.39,TAAAAACTGACCCTAA,H17W,1,1
-9.147,1.39,CACAACGACCATATAG,G181S,1,1
-9.147,1.39,CGAACAATCACTAAAG,F353Y G386R E398K G463D,4,5
-9.148,0.8342,CTTTTGGATAAACTGC,M320E,1,1
-9.148,0.8342,TCATAGGAATGGAGCA,Y178R,1,1
-9.148,0.5959,TACCTAAGATAACATT,T318F C466E,2,2
-9.149,0.4635,CCCTGCAATGATCAAG,Q80F N246D,2,2
-9.149,1.39,ACTTTTATTCAAGGAC,I67R,1,1
-9.149,1.39,ATCGTTTAAACGAAAC,R482F H488N,2,2
-9.149,1.39,GAAATTTACAGCTTCA,M444E,1,1
-9.149,1.39,GTCCAAAATCACTACT,T135H W343*,2,2
-9.151,4.171,AAAAAACTACATACCT,D419W,1,1
-9.151,1.39,AACCTAGGAATGCCTA,H17A,1,1
-9.151,4.171,AACGAGGTTGTTAATC,L439P,1,1
-9.151,4.171,AATCATGTCTACGATT,E89L,1,1
-9.151,4.171,ACACAGTGGAACAGAC,C97D,1,1
-9.151,4.171,ACATTAAACATAGTAA,I469Y,1,1
-9.151,4.171,ACCCGGCCAGAACATC,L177N,1,1
-9.151,4.171,AGAACTCCTTACCTCT,P185N,1,1
-9.151,4.171,AGACTAAACCCCAATA,C64F C466R,2,2
-9.151,4.171,AGATAATGTACATTCT,S47N I339K,2,2
-9.151,1.39,AGGCAAAACATAAGAA,A113D R299Q K310W,3,4
-9.151,4.171,AGTCAACACGCACACT,A69L F353K,2,2
-9.151,4.171,ATCAATCCTCCTACAA,F258Q,1,1
-9.151,4.171,ATCGGAAATAATTCCA,L59P Y233C,2,2
-9.151,4.171,ATGTCATCCAAACTAA,Q44* S270W,2,2
-9.151,4.171,CAGTCGCAGTCAGATA,P254W,1,1
-9.151,4.171,CGTCATCTATCTGCAT,T117N Y178H,2,2
-9.151,4.171,GACAACATTATTAGAC,F195V E410T,2,2
-9.151,4.171,GAGAGAGGTATATAAA,S124G I179H I481Y,3,3
-9.151,4.171,GCCAGTAACACAATTG,G16K W127V,2,2
-9.151,4.171,GCGCAATGTTAAAAAA,M462P,1,1
-9.151,4.171,GTTTTATGGCCAACTA,G16A,1,1
-9.151,4.171,TAATATTCTACGAGAC,N322V,1,1
-9.151,4.171,TAATCTGTGCAGAATA,Y100N Q501Y,2,2
-9.151,4.171,TACAACATATTTAACA,R150G K452C,2,2
-9.151,4.171,TATAGAATAAATATAG,T128F Q295G,2,2
-9.151,4.171,TCAATTTCTGAATCAG,R299N,1,1
-9.151,4.171,TTAACACCTCTTCTTA,G72* I418M,2,2
-9.151,4.171,TTCCGATAAATACGAA,P254W,1,1
-9.151,4.171,TTTATTCCAAACAAAC,Y257I,1,1
-9.153,1.39,AATCCACCGTTGATGA,T451Q,1,1
-9.153,1.39,AGAAATCCACATGTAA,A138Q,1,1
-9.153,1.39,ATTAAGCACAAAAGTT,Y486V,1,1
-9.153,1.39,GAGAGTTATAGTATCA,S95C Q295D,2,2
-9.153,1.39,GTATTGCTCGTCAAAA,A93I L420D,2,2
-9.154,0.5959,ATCTAACCACTTCTCA,L42Q Q356L,2,2
-9.155,1.39,GGTATTTACCTGTATC,E89Y Y491L,2,2
-9.157,1.39,AAATGCATTACGAATA,L177F N389I,2,2
-9.157,1.39,CAACACGAAAAATAAT,D68C,1,1
-9.157,1.39,CGACGATCTAACTCAG,I232G,1,1
-9.157,4.171,AAAAACATGAGATACT,A373F,1,1
-9.157,4.171,AACACAGAATGAAAGC,W153T,1,1
-9.157,4.171,ACGTTATCTTTTGCAA,N483P,1,2
-9.157,4.171,ACTGGACTTGAATCAA,C14I C477D,2,3
-9.157,4.171,ACTTTAATGACTAATT,L59G,1,1
-9.157,4.171,ATCGAAAGAACGCACC,E432V,1,1
-9.157,4.171,ATGGATACATGAAAAT,T248G,1,1
-9.157,4.171,CAACTAACCGCAGCCG,Y100N,1,1
-9.157,4.171,CAATGCAACGACTCTA,F338I Y491V,2,2
-9.157,4.171,CGAGAAATTTTAGGAT,A19D C64F A138N,3,3
-9.157,4.171,CTACCGTTTTCAAGTA,G303N L496P,2,2
-9.157,4.171,CTCAAATGTAATCAGC,G256L,1,1
-9.157,4.171,CTTAAAATAACTATCT,Y308C,1,1
-9.157,4.171,CTTAAATGGGAATGGA,G181Q,1,1
-9.157,4.171,GATTAAATTTTCGACA,M268G,1,1
-9.157,4.171,GCACGAAATCTGACAA,L455C,1,1
-9.157,4.171,GCAGTAGGCAGTTGAA,Q295R,1,1
-9.157,4.171,GCGACAAGCCAACCGA,H184R E410K,2,3
-9.157,4.171,GGTAATTTACGATTTA,P227D,1,1
-9.157,4.171,GTGCCAAAGTGTGCCC,Y100W,1,1
-9.157,4.171,TAACCATACCAATTTA,R90L F195L K278V,3,3
-9.157,4.171,TAACTCTTTATCAAAA,E340T,1,1
-9.157,4.171,TATGATACCAGGCTCA,G249V G345C,2,2
-9.157,4.171,TCTACGTAAAGATACT,N322E E414K,2,2
-9.157,4.171,TCTCTTTTGATAACAT,R499P,1,2
-9.158,0.8342,AGGAAAAAGTCGAACT,G134D F467Y,2,2
-9.158,0.8342,ATTTCACACCCAACCG,L13E,1,1
-9.159,1.39,ATTGACGAACCAGACT,W127E E398K,2,2
-9.159,1.39,GGATAAACAATAAACA,R229P,1,2
-9.159,1.39,TCGCGCTACATATATC,D101C E426M,2,2
-9.16,0.8342,CAAGATCTTTACCATA,T128D E460P,2,2
-9.161,1.39,AAACCACATATAGGCT,W234M G240V,2,2
-9.161,1.39,GAGGGTTATACGTAAT,F467D,1,1
-9.161,1.39,TAAGCACAAAATCATG,G319S K397H,2,2
-9.161,1.39,TGACGTAATCAAAACA,W153L N483C,2,2
-9.163,4.171,AAAACACAGACACCCA,T40Q R229Q G337V,3,3
-9.163,4.171,AAAGAACATTTTCATT,G72N S287G,2,2
-9.163,4.171,AAAGTAAATATGTGAA,G286W,1,1
-9.163,4.171,AAATAAATCAATAAGC,Q80D N322Q,2,2
-9.163,4.171,AACTTTCAGTCAACTG,L439R,1,1
-9.163,4.171,AATCTCCGGCAACCTA,Q164K E172G,2,2
-9.163,4.171,ACAAAAACATAAACCC,T167C R321W,2,2
-9.163,4.171,ACGACTTGTATTGACA,W127S,1,1
-9.163,4.171,ACTAATAAATTAGCAT,D32K N458K,2,3
-9.163,4.171,AGCACAGACTACATTA,W343Y,1,1
-9.163,4.171,AGGTCGAAGAGATAAT,E89A,1,1
-9.163,4.171,AGTACAGTCCAGACAG,S156N A373Y,2,2
-9.163,4.171,ATACGACTTACTAAGA,V237N,1,1
-9.163,4.171,ATAGATACTACAACTC,A39W D474F,2,2
-9.163,4.171,ATCCTTAGACAATAGC,I245P,1,1
-9.163,4.171,ATGACCTAGGAAGAAC,D241T,1,1
-9.163,4.171,CACTCTTAACTAAAAG,N464V G465*,2,2
-9.163,4.171,CATGATCACATAGAAC,W180V,1,1
-9.163,4.171,CATTCAAGAGACTAAG,V323G,1,1
-9.163,4.171,CCGATCAACCCCCACT,M268N,1,2
-9.163,4.171,GCACAATATAAAATCA,I232H,1,1
-9.163,4.171,GGAGTTACCTTCCATG,E89K,1,2
-9.163,4.171,TAAGGTATACAGGAGG,V429F,1,1
-9.163,4.171,TCACATTATCTCAAAT,C139R I478Q,2,2
-9.163,4.171,TCACTACACTCACCCC,V20C,1,1
-9.163,4.171,TCCCTCATGTACTTAG,E123H,1,1
-9.163,1.39,TCCGAACTAGACAGGA,C466G,1,2
-9.163,4.171,TCCGTAGATTACACTA,G256D,1,1
-9.163,4.171,TGAATAGCCTAGACAC,L70H,1,1
-9.163,4.171,TGCAGGTATATAAGTT,W350I,1,2
-9.163,1.39,TGTTTCTAGCTAAAAC,H488R,1,1
-9.163,4.171,TTCTCACACACGTGTT,C97E D104Y G200D D291C,4,4
-9.165,1.39,AATAGGACAAGGACTA,L420W,1,1
-9.165,1.39,AGCAGTTGGTGACCAA,K176E K380R,2,2
-9.165,1.39,ATAACGACGAAAGAAC,A39* L251M,2,2
-9.165,1.39,CTATCATTACTTAACC,A19I,1,1
-9.165,1.39,TGATATCAACTAGTAT,L86W T128N,2,2
-9.165,0.4634,TTCGATCTGCCTCACC,V43E,1,1
-9.165,0.1127,CCATCACCTCGGAGGG,V204Q,1,1
-9.165,0.3792,TTACGGTCTATCACTA,F148A,1,1
-9.166,0.8342,GCTTCCATTATATGAA,H56F W234D,2,2
-9.166,1.39,ATCACATAAAAGCGAC,C139W,1,1
-9.166,1.39,GGAGCCACAATAAAAA,D241R V347Q,2,2
-9.167,0.8342,ACAGAAGGTTACCTTC,M346H,1,1
-9.168,4.171,AAAAATAATTATGCGA,W421R,1,1
-9.168,4.171,AAATAGAAAATGTATA,G303N,1,1
-9.168,4.171,AAATCGACCAAAGCTT,W180H,1,1
-9.168,4.171,AAGCCACGTAGGACTG,Y486V,1,1
-9.168,4.171,ACACGATCTTTGCCTT,G349R Q501E,2,2
-9.168,4.171,ACCACGAAGGATTTAA,L70N,1,1
-9.168,4.171,ACTATAATGTATCAGA,C76K,1,1
-9.168,4.171,ACTGTAACACAGGACT,I202Y,1,1
-9.168,4.171,ACTTGAAAAATTAATT,T436D,1,1
-9.168,1.39,AGTTTTATAAACTACA,V182H D241Q,2,2
-9.168,0.8342,ATAATACGTATGACAT,E443K,1,1
-9.168,4.171,ATAGTCATAAGCTCAA,R499G,1,1
-9.168,4.171,ATTACCTAGGTAGAAA,A163L L177R W234* S266R,4,5
-9.168,4.171,CCCACGGAAATGACTT,S205W E457K M462I,3,5
-9.168,4.171,CCCGAAAAAACACTAG,R229N K278E,2,2
-9.168,4.171,CCCTTTGTATGTCAAG,P284F,1,2
-9.168,4.171,CGAAACCGTCCCAACT,I469H,1,1
-9.168,4.171,CTGAACCATAATTTAA,L496K,1,1
-9.168,4.171,GAAAAACGGTCCAAGT,N45H L316P,2,2
-9.168,4.171,GAAGTGACGACAGGGA,M320V,1,1
-9.168,4.171,GAATCCATTTGGCATG,L151W,1,1
-9.168,4.171,GACACCTGCATTAACT,G319C,1,1
-9.168,4.171,GCAAACAGAGTAGCAA,D415P,1,1
-9.168,4.171,GTATCCGGTCAGACAT,L431D,1,1
-9.168,4.171,GTGAGATGGTAATTAC,G330L,1,1
-9.168,4.171,GTGGTGGGTATATAAA,R492V,1,1
-9.168,4.171,TAAAGGCCAATGTTTG,C97Y I502Q,2,2
-9.168,0.8342,TAGATGGCATAATGGT,E89N,1,1
-9.168,4.171,TCCGACTATTGGCTCA,D474W,1,1
-9.168,4.171,TCGAAGTCTACAACAA,M444R,1,1
-9.168,4.171,TCTTATATCACAATAG,Y302E,1,1
-9.168,4.171,TGACACTGTACAAAAA,W421L,1,1
-9.168,4.171,TGATTCTCGACTTAAA,A459W,1,1
-9.168,4.171,TTCACCGCCTGAGCAC,A373L,1,1
-9.168,1.39,TTTAGACCTACGAGTC,S143D E398*,2,2
-9.169,0.8342,CCCAAGTCCAAAACAA,F353V,1,1
-9.17,1.39,AAGGGCATATATAAAA,K176Y Y257C,2,2
-9.17,1.39,ATGCCGATCGGACGGA,C52E,1,1
-9.17,1.39,TACAAAATAATAGAAA,S136R,1,1
-9.17,1.39,TCACTCAAGGACATAT,E414P,1,1
-9.172,0.8342,AATTAACTTTCCGCGG,E83K F294R,2,2
-9.172,0.3208,AGTAATGGCTCCAAAG,H183R,1,1
-9.172,1.39,GTTCGAATATTAACCC,G465E R482T,2,2
-9.172,1.39,TAACAACCTTTTCGTA,L177P N357K T388R,3,3
-9.173,0.8342,GAACTGACACCGAAAT,N341T,1,1
-9.174,4.171,AAAACATCTTCTAATT,V88R,1,1
-9.174,4.171,AAACCTTCCAAAGTTT,Q311I C473L,2,2
-9.174,4.171,AAATACTTTATAGTTG,E340K,1,1
-9.174,4.171,AACTCTAATCAGAGGC,V43E M168I L314V,3,3
-9.174,4.171,AAGGAAATATACTGAC,Y470V,1,1
-9.174,4.171,AAGGTTGCACATTAGA,F294H,1,1
-9.174,4.171,AAGTTACATAACGGGG,G116P,1,1
-9.174,4.171,ACGATAATAGTAATTA,H184Y S198C L243M M346V,4,4
-9.174,4.171,ACGTACAAACCACCTA,R224P,1,1
-9.174,4.171,ACTTATATTCCAAAAT,G16E G504W,2,2
-9.174,4.171,AGACACAACGACTATT,H355R,1,1
-9.174,4.171,AGAGTTACCAACAAGT,N357M,1,1
-9.174,4.171,AGTGAAAAATTAAAAA,F467C,1,1
-9.174,4.171,ATCAGAAGCACATACG,G49F I245A S247F R329L,4,4
-9.174,4.171,ATCAGGTTTAAAGGCC,R150T T436W,2,2
-9.174,4.171,CAATTAGCTAATCCCC,D85W I331C,2,2
-9.174,4.171,CACCAGTCCAGTAGAA,N458M,1,1
-9.174,0.8342,CACCCCACGTATTTGG,E41T,1,1
-9.174,4.171,CACGAGGATACTAACA,R499N,1,1
-9.174,4.171,CGTTGCCACAAATTTA,I245K,1,1
-9.174,4.171,CTAACGTATGTTGAAG,I202G,1,1
-9.174,4.171,CTAGGGCACAATAAGA,C64W F294Q,2,2
-9.174,4.171,CTATGGATGTATAACA,T416K,1,1
-9.174,4.171,GAGACTAATCAAACGA,I179K H355W,2,3
-9.174,4.171,GCGTACTATGGAAAAC,M444V,1,1
-9.174,4.171,GGTCTTGACCAAAGAA,N170Y,1,1
-9.174,4.171,GTTTTTAGCCCGATTA,W84N,1,1
-9.174,1.39,TAACAGCCAACGAAAA,S47W R141P,2,2
-9.174,1.39,TAACCTGTTAGCAGAT,K82L W180E,2,2
-9.174,4.171,TCACGTCTCACGACTA,G303I,1,1
-9.174,4.171,TCCTCAAACAATAGCA,D438R,1,1
-9.174,4.171,TCTGAACTTGGATTGA,A425R,1,1
-9.174,4.171,TGAATCGAAAAACATA,I160F H183Y,2,2
-9.174,4.171,TTAATGATAATTTAGA,,0,0
-9.176,1.39,AATAATTCACTAATCA,Q434P,1,1
-9.176,1.39,AGTTGCAGCCAACGTA,F125G Q434R,2,2
-9.176,1.39,GCCATTACAATGAAAA,K121P L194M V490Y,3,3
-9.176,1.39,GTGTCTTCACTCTTAT,E398K N424Q,2,3
-9.176,1.39,TAACTACCGTAATACA,T65I S270M,2,2
-9.176,0.5958,CGAAAATTTAGATGTA,C52S I252F,2,3
-9.178,1.39,CTCGTTTGTATGAATC,I469F,1,1
-9.18,4.171,AAACCTGATTATGGCC,R261T P293Q E398W,3,3
-9.18,4.171,AACTCAACGAAAAACC,I481P,1,1
-9.18,4.171,AATCAACAGAGGCACT,L154M I179C,2,2
-9.18,4.171,AATCATAAGACCAAGC,K468D,1,1
-9.18,4.171,AATTTGGTGCAAACCT,I478T,1,1
-9.18,4.171,ACATTTTCACCGTGAC,R492F,1,1
-9.18,4.171,ACTCGTCGGATTGATT,N322G D408N,2,2
-9.18,4.171,AGACATCATGGATATC,E83C R329I,2,2
-9.18,4.171,ATAAAAAAGAAAGCAC,D85I E280K K450F,3,3
-9.18,4.171,ATACAACATATAAGCA,H471G,1,1
-9.18,4.171,ATTCATCGTTATGTCA,R329A,1,1
-9.18,4.171,CAGCAAACTATGGTAT,Y178W H488K,2,3
-9.18,4.171,CATCGTTAACTCCAAC,C76S R220G,2,2
-9.18,4.171,CCTCTGATACCAAAAA,W84I E280H,2,2
-9.18,0.8342,CGACTATTGGGCAACT,S287E,1,1
-9.18,4.171,CGGATGTTAAACCTCA,F294C,1,1
-9.18,4.171,CGTAAAAACTAACCCC,I67D Y486C,2,2
-9.18,4.171,CTCGTTTTCCTCAATC,L108E,1,1
-9.18,4.171,CTTACTCTGATGGTCG,L420W,1,1
-9.18,4.171,GAAGTTCAGAACGGTT,A317E,1,1
-9.18,4.171,GACAGTACTGATCGGC,P74G,1,1
-9.18,4.171,GACGCATATTAATCTG,N38P,1,1
-9.18,4.171,GATGGAAACGTTCCCA,Y351H,1,1
-9.18,4.171,GGAGTAAGTATGAAAC,A11F K176V,2,2
-9.18,4.171,GGATAAAGTCTAAGTT,A113D G181A,2,2
-9.18,4.171,GTAGTTTACGTCAATG,P74K,1,1
-9.18,4.171,TACAGATACAACAGAC,R220P R321Q,2,2
-9.18,4.171,TATTCACCCACCTGAT,C305D S422N,2,2
-9.18,4.171,TCAAACATTTCATAAA,L118D D415R,2,2
-9.18,4.171,TGACAATAAGTAAAAT,I377D,1,1
-9.18,4.171,TGATACAAATTACAAC,Y351R,1,1
-9.18,4.171,TGGATGACCCCTAATA,L439R,1,1
-9.18,4.171,TGTATTATCTTAATCA,G465T,1,1
-9.18,4.171,TTCCGATAGACCACAG,L118W K397N F467S,3,3
-9.18,4.171,TTTACCAGTGTAATGA,G181Q M444F,2,2
-9.18,4.171,TTTAGACAGAATCTTT,N458D,1,1
-9.182,1.39,GCAAGAAATAGCCCCT,Y100* R299L,2,2
-9.183,1.39,ACAAATGAAGCAATTT,C76T D291N,2,2
-9.183,1.39,CCCTTTTACAGAAACA,N133W R224W S378Y,3,3
-9.184,0.8342,TCCTTTCAGTTCTCAT,I51H,1,1
-9.185,4.171,AACCTTGCTCCATCAT,D271P P284S L409R,3,3
-9.185,4.171,AAGAAAGACAGTCGCA,F195P I252W,2,2
-9.185,4.171,AAGTCTATAAGATCCG,T203P Q327T,2,2
-9.185,4.171,ACACCAGTCCTCAACG,W180V,1,1
-9.185,4.171,ACATAAATACAATCCT,H471V,1,1
-9.185,4.171,ATATAAACAAGATGAT,G181E,1,1
-9.185,4.171,ATCTACGAACTTCACT,F294P E414R,2,2
-9.185,4.171,CATACGCTCAAGAGCT,W153V,1,1
-9.185,1.39,CATTAGCAAATTGACA,H18E,1,1
-9.185,4.171,CCAATATTCTAGATTT,G465T,1,1
-9.185,4.171,GAAACAGAATACCCAA,C305G P306Q,2,2
-9.185,4.171,GACCGACACTCCACCA,H17L,1,1
-9.185,4.171,GTGCATACAATGCCAT,E89K,1,2
-9.185,4.171,GTGCTGATAACACATT,V88R,1,1
-9.185,4.171,TACATTCCATATTGAT,V237S,1,1
-9.185,4.171,TGGGCCGCCATAAAAA,F338A,1,1
-9.185,4.171,TTATCTCCTCAACGAA,K140H D241W,2,2
-9.185,4.171,TTATTTAAAAAATCAA,Y486F,1,1
-9.185,4.171,TTGTACAAAACATTCA,D186L,1,1
-9.187,1.39,GCTCTACATTCATCTA,T370L,1,1
-9.188,0.5958,GGTATCAGCGGACACA,F120L,1,2
-9.189,0.2781,AGATTTAACATACATC,K278R S369K E398K,3,4
-9.189,0.8342,CAGCTTCACACTGTGG,D366P,1,1
-9.189,1.39,TAGTAAATACTAGCAG,R492E,1,1
-9.189,1.39,TATGACAGCGTGACAA,V429Y,1,1
-9.191,4.171,AACCACCGATTGAAAC,W350Q,1,2
-9.191,4.171,AATCAATTAACAAATG,V112Q G386E Y423K,3,4
-9.191,4.171,AATCCATGCAAAGCAA,G23L,1,1
-9.191,4.171,AATGCCTAAAGCAAGA,G352P,1,2
-9.191,4.171,ACACATTTGCAGCTTC,D474M,1,1
-9.191,4.171,ACAGCCCCTCTTGCCT,Y470V,1,1
-9.191,4.171,ACATCCCCACACCCCA,C466N,1,1
-9.191,4.171,ATAATATAACCAACTA,M444C,1,1
-9.191,4.171,ATTCGACTCAGCTAAC,E172S R499G,2,2
-9.191,4.171,CAAACGAAATTCGTCA,C477V,1,1
-9.191,4.171,CAATAACGAGAAATAG,T40A W350T,2,2
-9.191,4.171,CCACCTATCGCGTGAA,T135Q S369N,2,2
-9.191,4.171,CCACTTAAGTATGGCA,F125M N152K,2,2
-9.191,1.39,CTCCCACCACAACAGA,V309W,1,1
-9.191,4.171,CTCCTACAGATTTGAC,Y100S,1,1
-9.191,4.171,CTTACTATTATAACAA,I230W,1,1
-9.191,4.171,GAATACCCACGCGTTT,C281* Q394L,2,2
-9.191,4.171,GACTAAATGCCGTACT,N357A,1,2
-9.191,4.171,GTATTAGCATACCAAG,D419A E426*,2,2
-9.191,4.171,GTTAATATCCTTACCA,I226E,1,1
-9.191,4.171,GTTATATTACGTCTAT,S198F V237L L384P H435R,4,4
-9.191,4.171,TAAACATTGGGGGAAT,G72M,1,1
-9.191,1.39,TAACCGAATCGTTCCT,L151G,1,1
-9.191,1.39,TACGATTCGTAGGGAC,Y257V,1,1
-9.191,4.171,TACGTCCGTAAAACGA,N250C,1,1
-9.191,4.171,TAGTTCGACCCACTAC,F120T,1,2
-9.191,4.171,TATCCAAGGACTAGTG,G61C N322G,2,2
-9.191,4.171,TGAAGCAAGAATTACA,G116W,1,1
-9.191,4.171,TGAATTGTATTTTAAT,L15R I67H,2,2
-9.191,4.171,TGAGCAATCATTAATA,S369N D487I,2,2
-9.191,4.171,TGCGTAGATAAGGTAT,G345V,1,1
-9.191,4.171,TTAGACTGTAAGTACC,G330R V406M,2,2
-9.191,4.171,TTATAATTAACATCTG,F294N,1,1
-9.193,1.39,TTTAACATCAAATCAC,C52Y G275Q,2,2
-9.195,1.39,AACCAAACACTTGTGG,P55R G349R,2,2
-9.195,1.39,ATACATAAAAAAAAAC,E35G F125T F174Y,3,3
-9.195,0.5958,AGGGCTATTTATAAAT,F467R,1,1
-9.196,1.39,AAATACATTGAATCAC,Y257T,1,1
-9.196,4.171,AACATAACTGGAGAAA,A163G V402N,2,2
-9.196,1.39,AACCTTGCATTAAAAC,A334R,1,1
-9.196,4.171,AATCGCATCAGTGACT,R499S,1,1
-9.196,4.171,AATCTTACACAACTGT,C76G E449K,2,2
-9.196,1.39,ACGACATCCAGTTGAC,E123I S144R C466Y,3,4
-9.196,4.171,ACTACCCCTTAAGAGT,T235W,1,1
-9.196,4.171,ATGGCAGTTCACCCGT,D68V,1,1
-9.196,4.171,CACATGAGAATACATC,I34R L66Q R220S,3,3
-9.196,4.171,CACTGATAGCGATTTG,M346H,1,1
-9.196,4.171,CCAGACCTTCGACTAA,F195L E401T,2,2
-9.196,4.171,CCGTATTCTAAGGATA,Q197D W343L,2,2
-9.196,4.171,CCTATTTGATTGAAAG,L177*,1,2
-9.196,4.171,CGTAGTCTCCTATATC,C97A,1,1
-9.196,4.171,CTAACCTGATAGACTA,G5P G319R,2,2
-9.196,4.171,CTAATACCTCTAAGAT,C139R D175L M268I A365F G386E E390K E398K E414K G465K,9,12
-9.196,4.171,CTAATCAAAAACATTG,G134N T318H,2,2
-9.196,4.171,CTCCATATGAAGACAG,L111Q D419C,2,2
-9.196,4.171,GAACCCAAGATAAGCA,I282E E390K,2,2
-9.196,4.171,GAGTAACCAACTGACA,G463W K468N,2,2
-9.196,4.171,GCAAGAAAAAACATGC,S136I,1,1
-9.196,4.171,GGCGATTGCGGAATCG,L13N,1,1
-9.196,4.171,GTCATAAGACATAAAA,E41D R255S,2,2
-9.196,4.171,TAAAAAACTAGAAAGC,E123Q D271Y,2,2
-9.196,4.171,TAAGCGAATTAAAAAC,A334Q K468L,2,2
-9.196,4.171,TACGAATCAAAATGAA,F338D,1,1
-9.196,4.171,TATGTTCTGAATTTTA,A196R M320V E401S,3,3
-9.196,4.171,TCAAGTGTGACTTCGC,P169E C473K,2,3
-9.196,4.171,TCGTTGGAAAAAATTC,G330K,1,1
-9.196,4.171,TCTTTCCTACTCGCCC,P74H,1,1
-9.196,1.39,TGACTGGGGATCAGAA,,0,0
-9.196,4.171,TGGTGGTACGTAACCA,R499I,1,1
-9.196,4.171,TTAACATATCCAGCAA,Y486M,1,1
-9.196,4.171,TTAACTAAGCTAAACC,I202P D415M L420P,3,3
-9.196,4.171,TTTGATTTAACTATTC,G362I,1,1
-9.198,1.39,ACATTGCCCCTACTAT,C305D,1,1
-9.198,1.39,CAACAATGTACTAATA,A163V D241Y,2,2
-9.198,1.39,CATTGTCTATTTTCCA,W180T,1,2
-9.198,1.39,CCTGACCATAAGAACA,H18K I481V,2,2
-9.198,1.39,TAATAAAAACCGGACT,V413P,1,1
-9.199,0.3208,ACAAAGTACTTAGACC,I3S W180L,2,2
-9.2,1.39,AACTAAATACTTAAAT,,0,0
-9.2,1.39,AAGCCATAAATACTGC,E41A H184E W343*,3,3
-9.2,1.39,ATGAACCACATTGAAC,F120N,1,1
-9.2,1.39,ATTTTAACACATGTGT,G249E G504L,2,2
-9.2,1.39,CGCCGCTGTCAAAACT,S369K,1,1
-9.201,0.4634,CCCATAGACCATGAAA,V102D G479D,2,2
-9.202,1.39,AAGTCAAGAACCACAG,R229P K276Y,2,2
-9.202,4.171,AAGTGCTTTTCTGCCA,R222G A336T,2,2
-9.202,1.39,ACCCTTTATGTAAATT,C97G,1,1
-9.202,4.171,ACCTAGCTTATATAGA,T128N T235E,2,2
-9.202,4.171,ACGCCTACGCCTAACA,A253F,1,1
-9.202,4.171,AGAATGGGATCCGAAC,N433R,1,1
-9.202,4.171,AGTGGCCGACCTATCT,G362I S480N,2,2
-9.202,1.39,ATAAATAATACTTCAG,I226N E410Q,2,2
-9.202,4.171,ATAGGTGAGCGGCGTA,N45K Q295V,2,2
-9.202,4.171,CAATTCACCTTACCCG,S193E,1,1
-9.202,4.171,CACATTCCAGCATAAC,A336M,1,1
-9.202,0.8342,CCAATAAATCTAAATG,D487G,1,1
-9.202,4.171,CTTAACACTAAACCGA,H471Q,1,1
-9.202,0.8342,CTTAACGGGACACCCG,Q371P,1,1
-9.202,1.39,GAAATAGACTTAATTT,A334H,1,1
-9.202,4.171,GAACCTTGATTTAAAA,Y178T,1,1
-9.202,4.171,GAACTCCACAGTAAAT,I245R,1,1
-9.202,4.171,GACAATCTGGGTAGAT,S136I,1,1
-9.202,4.171,GCACAGTCAAAACCAC,G463V,1,1
-9.202,4.171,GCCCAACAACAAGTTA,G319E,1,1
-9.202,4.171,GGTACCCATTTTCGTA,N433Y,1,1
-9.202,1.39,GTCGATACAATAAAAG,L108Q,1,2
-9.202,4.171,GTCTAAAACCTACAGA,G61F,1,1
-9.202,4.171,TAACACATTAGATAGA,N322V,1,1
-9.202,4.171,TAGAACCTCTTATCCA,V36M,1,1
-9.202,4.171,TAGCGAATAGTGTCCA,G352D E390K,2,2
-9.202,4.171,TTCAATGGACCTATCT,H17L,1,1
-9.202,4.171,TTGACCCACCCAAAAC,M268P,1,1
-9.203,0.8342,AACCACAACCGCTCGA,P4T N81P F448S,3,3
-9.204,1.39,ACGCAACCACAAAAAA,L66P F148M S369R,3,3
-9.204,1.39,ATATGACAATGCCTTA,L243C,1,2
-9.204,1.39,GTAGCCGATAATACAC,N250K R261W,2,2
-9.204,1.39,TTAATATTGGAACAAC,L66S,1,1
-9.204,0.8342,CAACCACCTACCAACA,Q1P D474H,2,2
-9.205,0.3792,ACATGCCATAGTTGCA,L177G,1,1
-9.206,1.39,AGCAATAATAAAGAAT,L431K,1,1
-9.206,1.39,CTTGACCATTGGAGAA,S107I I502P,2,2
-9.206,0.5958,TTCAGTCGCATATCCA,V130N E396K E398K D408N E432K,5,6
-9.206,0.8341,CACTGAACCCGGGCGA,Q191I,1,1
-9.208,4.171,AAACGCAGAAAATACG,L108P,1,2
-9.208,4.171,AACCCAAAACATAACT,L455K,1,1
-9.208,4.171,AAGGATGTCATATTTG,G342P,1,1
-9.208,4.171,AATAAAGATCCTCAGA,A372P,1,1
-9.208,4.171,AATGTAAAAGTTTACA,S205Q H471Y,2,2
-9.208,1.39,ACAAAACGCTTTGTGG,D375Y E432H,2,2
-9.208,4.171,AGCAACTCAAACAAGA,A39W P289R,2,2
-9.208,4.171,AGCCAGCTTGCATCAA,D348T G349E,2,2
-9.208,4.171,AGGTTAGAACCTACTG,P306E,1,1
-9.208,4.171,ATCTAACTTTTCGTGC,D241F,1,1
-9.208,4.171,ATTGGGAATCTACTCA,I232A,1,1
-9.208,4.171,CAACGTTTAATTGCCA,I502C,1,1
-9.208,4.171,CAAGATCCATCCCTAA,T416A I478D,2,2
-9.208,4.171,CACAATAATGTTAAAT,Y486Q,1,1
-9.208,4.171,CCTACATCTGGAATTA,E89M S247A,2,2
-9.208,4.171,CGACCACTTACCCCCC,S136N P185H,2,2
-9.208,4.171,CTTTCCACTCCGAATT,Q434C Q454*,2,2
-9.208,4.171,GACGGTACACGGTAAA,R33F G62R G249P,3,3
-9.208,4.171,GATACGGCATCAATGA,L71Y D271N,2,2
-9.208,4.171,TAAAAAACCGGACGCA,A253Y,1,1
-9.208,4.171,TAAATACCCTAAAAAC,P185E,1,1
-9.208,4.171,TAACACCCCAGAAAAA,C52A,1,1
-9.208,4.171,TAATTATCAAACCAGG,D474Y,1,1
-9.208,4.171,TACCTGTTACCACAAT,G465E,1,1
-9.208,1.39,TATTTTGTCACGGTGC,R33G D474Y,2,2
-9.208,4.171,TGATTTGACTACGCAA,N246S,1,1
-9.208,4.171,TTAACTACCATACTAC,Y470I,1,1
-9.209,1.39,CTTGGTGAATCACAAA,P74W S114H,2,2
-9.209,1.39,TATAGAAGGAATAAAG,G61Y,1,2
-9.21,0.8341,AATATCTGTGGTATGA,K176L,1,1
-9.211,1.39,GTATAAGGCACAGCTC,L177Q V402G,2,2
-9.211,1.39,TTCAATAATAAAAACT,V102P,1,1
-9.212,0.8341,AATCAAAGAAGAATAA,L70D,1,1
-9.213,4.171,AACCCCCCAACTACGA,S95F A373P,2,2
-9.213,4.171,AACTACAAAATGTTAC,K140A E457K,2,2
-9.213,4.171,ACAAATACACTCACAT,D85P E325W,2,2
-9.213,4.171,ACAACTACCTTAGGCA,S287L,1,1
-9.213,4.171,ATACACTAAACTATCC,I478P,1,1
-9.213,4.171,ATATGATCAACTAACC,G465E K503C,2,2
-9.213,4.171,ATATTTCATTCGTCAA,T167N Y178*,2,2
-9.213,4.171,ATGAAAATTATAGAAA,L13P,1,1
-9.213,4.171,CAGACCTTCTAAAAAC,S312Y E403K,2,2
-9.213,4.171,CAGATATTCCTAAAAT,Y302G,1,1
-9.213,4.171,CCCCCTAATCCACAAC,I236G,1,1
-9.213,4.171,CCCTACATAACCATAT,H183G,1,1
-9.213,4.171,CTATAGTGAAGGAAGG,A163L S266* R321Q,3,3
-9.213,4.171,CTATTGACATATAATA,W84Q,1,1
-9.213,4.171,GAAACATAAACACTAC,C97E,1,1
-9.213,4.171,GATTCTTGTCACGGCA,V102A T283I K310T,3,3
-9.213,4.171,GCAGCCGGTAAAATTT,I331Q,1,1
-9.213,4.171,GCGTACCTCCGGTTTG,T451Q,1,1
-9.213,4.171,GGTGAAGAAAATGCGG,W421M N498A,2,2
-9.213,4.171,TACGAACCGCCATTAA,N433V,1,1
-9.213,1.39,TCTTCGATACATACCA,V43G,1,1
-9.213,1.39,TGAAATAACGTCAATA,D241P,1,1
-9.213,4.171,TGCATTACGATATTAC,Y98A,1,1
-9.213,4.171,TGCTACGGTAGAATAA,N341I,1,1
-9.213,4.171,TTGAAAGTATTTTCGA,Y486P,1,1
-9.213,1.39,TTGAGACCTAAGCAAA,K176G L384P K391Y S400L,4,4
-9.213,1.39,TTTCATGATAACCAAG,G61N,1,1
-9.215,1.39,AAGATCAGGATGCTAG,A69S Y486C,2,3
-9.215,1.39,GTAGGTGTCTACTAAT,N246A,1,1
-9.215,1.39,TCGCCCCGCATTAAAA,N322V,1,1
-9.215,1.39,TGCTCGAACCATTAGC,L314R W343* E443K,3,3
-9.215,1.39,TTTCGACATTTACTGA,F147I,1,2
-9.215,0.8341,TGCAGAAAAAAAAACC,C305V,1,1
-9.216,0.8341,AATAATTAATTAAATA,Q75H G349R,2,2
-9.217,0.3792,GATAATTTATATCCCA,A336C,1,1
-9.217,1.39,AGGATTTGACCTCTAA,R150P A336Q,2,2
-9.217,1.39,ATATTGAGCACTAACC,T436M,1,1
-9.217,1.39,GATAATAGGAGTTCAG,L66P K411F,2,2
-9.217,0.5958,TTTCTTGGCGGAAACG,V36F,1,1
-9.218,0.8341,TATTAGCAAAATCATT,P254M Q394*,2,2
-9.218,0.8341,TCCGCAATTTCACCTT,I230T E403K E460K,3,3
-9.219,1.39,AATGAAGGTATTTAAC,V26A W84C A372F,3,3
-9.219,4.171,AATTAACTCTGTTGGA,S265L,1,1
-9.219,4.171,ACAATATAAGACGAAA,C76P,1,1
-9.219,4.171,ACACTCCAGGAACTAA,A317I,1,1
-9.219,4.171,AGACCAACCGGTAACT,S137N E443D,2,2
-9.219,4.171,ATACAAAACCCTCACA,H471P,1,1
-9.219,4.171,ATCACTAAGCAATACA,F87W R492L,2,2
-9.219,4.171,CAGAACGATAATGACT,A138I G330M,2,2
-9.219,4.171,CAGCGGACAAGTACGC,E172T,1,1
-9.219,4.171,CAGGTAATCCATGGCC,C305Y,1,1
-9.219,4.171,CATCTTGTGTCTACGC,L409R,1,1
-9.219,4.171,CGAGCTAACCGGAATG,R456P,1,1
-9.219,0.3792,CTAACCTAGGTATAGA,E35S V130R,2,2
-9.219,4.171,CTGGCAAGATAAAACC,Y351N,1,1
-9.219,4.171,GAACTTGATGTAAAAA,E494K,1,1
-9.219,4.171,TAAAAATATTCATACC,L151D,1,1
-9.219,4.171,TACTCTTTTATTAAAC,F294K,1,1
-9.219,4.171,TATCAACTGCAAAACC,W350P D487L,2,2
-9.219,4.171,TGAATCACAGAATCAC,S209D A495P,2,2
-9.219,4.171,TTTGCACTCTACTTCA,A11S N133P L420K,3,4
-9.22,0.3208,TTGTTGTACATTCTCG,Y470S,1,1
-9.22,0.5958,CACTTCGTAAAATACC,S114D S265W,2,3
-9.22,1.39,ATAATAAACATTAGAA,F148T R222G,2,3
-9.22,1.39,TAACCAACGTACCAAT,M346P,1,1
-9.221,0.8341,CAACAAAACCATTAAC,V36P I478F,2,2
-9.222,1.39,AGTTGACTGGCGTATA,P254G,1,1
-9.222,0.4634,CGCCGAAAAATCATCA,A39W L420S,2,2
-9.222,1.39,CTATGTTAGTAAAAAA,Q295*,1,1
-9.224,1.39,CAAAGATATATAACAA,E41F K207T,2,3
-9.224,1.39,CAATTACCGTTAAAGC,N38T A459W,2,2
-9.224,1.39,CATAGACATCAAGATC,A39D T451D,2,2
-9.224,1.39,TTTACATCCGTCACGA,P254Q,1,1
-9.224,4.171,AAAAGCTCCTAGTAAA,G23D D366E,2,2
-9.224,4.171,AAAGTCTCTTACAGAG,D441K,1,1
-9.224,4.171,AAATTCCGATCTCTCT,H17A I267N,2,2
-9.224,4.171,AACGTCCCGCAAAATC,L108W,1,1
-9.224,4.171,ACATGAATATAAACAG,L42W,1,1
-9.224,4.171,ATATAACAATCGAGAA,I202R,1,1
-9.224,4.171,CACCACCGAAGTTTAA,Q80K N458T,2,2
-9.224,4.171,CAGATAAAAAGCTAAA,W180I,1,1
-9.224,4.171,CGACATAATGCCCCCT,A138E S262L I395N,3,3
-9.224,4.171,CGACTCAAAAACTAAT,I385G E396R,2,2
-9.224,4.171,CGGATAAAACTCAACG,L151A K452E,2,2
-9.224,4.171,CTATTAGCCAAACTTA,W180R,1,1
-9.224,4.171,GATAATTCATAAAACG,I335W E398K F448S,3,3
-9.224,4.171,GTAAGGCTATAATTAT,I300P,1,1
-9.224,4.171,TACCGCTTACCAAGTT,G330V,1,1
-9.224,4.171,TACTGTCATCTTCCTT,L42K,1,1
-9.224,4.171,TCAATCACTATATGCA,L194P Q295F,2,2
-9.224,4.171,TCATTGCTAAATTCCT,V297K,1,1
-9.224,4.171,TGAGGAGATGTATGAT,T436C E443G,2,2
-9.224,4.171,TTACTTCTTTAACAAA,V43G,1,1
-9.226,0.5958,CCACTAAAAAAAGATG,T436E,1,1
-9.226,1.39,ACTAAGACGAAGACGC,H471V,1,1
-9.226,1.39,TTATTGCAAAGGTTGA,G72W,1,1
-9.226,0.8341,AAAGATTTATCCACAG,P74D S378V,2,2
-9.227,0.4634,CAATTAAGTCCCTGAT,Y351C,1,1
-9.227,0.8341,GAGTTATAACAAAGAA,Y98T,1,1
-9.227,0.8341,TTGCAATGTTTGACCT,H17C Y233A,2,2
-9.228,1.39,AGATTTACCCATGCAA,D85N N133I L420K,3,3
-9.228,1.39,CATACACTAACCAAAA,I437G,1,1
-9.228,1.39,GTACCTAAACCTACAA,L111P S231K,2,2
-9.23,4.171,AAAACACGCTTTTTAA,I34K S107R,2,2
-9.23,4.171,AAGCAACACAACAACC,F192R G319T,2,2
-9.23,4.171,AATAAGCATGTATAGA,G256C L316W,2,2
-9.23,4.171,AATATGAGCCTAACCA,H355K,1,1
-9.23,4.171,ACGAAACATAACATAA,G218Y C277R E390Q V402G,4,4
-9.23,4.171,ACTTGAAAGCCAATAA,G303K,1,1
-9.23,4.171,AGACCCGTTTTTAACG,I339R N445S,2,2
-9.23,4.171,AGGCCACATTTAAAAT,L243E,1,1
-9.23,4.171,AGTCCAGCGTAACCAG,A19C C281*,2,2
-9.23,4.171,ATACGCGCCTTCAAAT,L108P,1,1
-9.23,4.171,ATGATATCAATATTCA,W343*,1,2
-9.23,4.171,ATGTCTTGCACAATGA,T203P,1,1
-9.23,4.171,CAAAATTGCAGCATGA,G61M F147G,2,2
-9.23,4.171,CATCAATACACAGTCA,Q434I,1,1
-9.23,4.171,CCGTAAAAACTATAAT,T370P,1,1
-9.23,4.171,CGTACATATACGACGG,,0,0
-9.23,4.171,CTCTACAATTCGGCCG,S228R N322M,2,2
-9.23,4.171,GCAAAGGATATATTGG,W153M,1,1
-9.23,4.171,GCGAACACTAATATAC,W421L E449W,2,2
-9.23,4.171,GCTTGTCAAAATAAAA,K176L D291T,2,2
-9.23,4.171,GGTTATGGCCACGATA,T206N P293G,2,2
-9.23,4.171,GTACAGTCCTAAGCAA,A317N,1,1
-9.23,4.171,TAAATCTTGGTTTTCA,C473V,1,2
-9.23,4.171,TACTTATTTGTACCTG,V297P H471Q,2,2
-9.23,4.171,TCTCTCAGATATATAC,F87H,1,1
-9.23,4.171,TTAGTCGCTCTACGAG,V36E E41*,2,2
-9.23,4.171,TTCAGCAAATTGAGAA,V213Y G349R,2,2
-9.23,4.171,TTGACCACAACAATAG,F87Q S480E,2,2
-9.23,0.5958,CGAGCGATCAAAAAAG,M346A,1,1
-9.23,0.5958,TAATTGATATAGACAC,S265V,1,1
-9.231,0.8341,ACATATATCTTTCCTG,L70K T313I,2,2
-9.231,0.8341,TGTCCTAAACCTCATT,W153M N170T,2,2
-9.231,0.2453,AACTCAGTTCAGCCAC,I252D,1,1
-9.231,1.39,AGTATTTACTAGGACA,L455S,1,1
-9.231,1.39,ATGAACTGCTCGTTAA,H488R,1,1
-9.231,1.39,CAATTGCAACACTTAA,N246S N489P,2,2
-9.231,1.39,CACCATACTCACAAAC,G116R I226T,2,2
-9.231,1.39,GACTTCAATTTCTCAT,L409R W421I,2,2
-9.231,1.39,GCGATCTAACCCTACC,P254I,1,1
-9.232,0.8341,TGAGCCGAGTTATCAC,E340L,1,2
-9.232,0.5958,ACAATATCCAAGTTCA,D68V,1,1
-9.233,0.3791,TCCCATCACTAACACA,D474Y,1,2
-9.233,1.39,CATACGATAGTAGTGT,M320T,1,1
-9.234,0.8341,ATACTACATAATAAGC,F87S,1,1
-9.235,4.171,ACAAAGGTTAGTCATT,G72N K368E,2,2
-9.235,4.171,ACAGCGTCATTACTAG,L151A,1,1
-9.235,4.171,ACCTCTAGACACTAGA,G360D Y412N,2,2
-9.235,4.171,AGATCAGCTTGACTAA,P324T Q363L I478E,3,3
-9.235,4.171,ATACGAAACACATCGG,I29G K278P C305Y,3,3
-9.235,1.39,ATTACCAGCAGGTAGC,W234R,1,2
-9.235,4.171,ATTCAGATAGGAGTCA,A39P,1,1
-9.235,4.171,CAATGTATAATAATGG,E41C,1,1
-9.235,1.39,CTCACCACCGAATGTA,R150K D186I,2,2
-9.235,4.171,CTCTCATAGTGCTGGT,A425R,1,1
-9.235,4.171,CTTGCATGGTTGTACA,E398K V429G,2,2
-9.235,4.171,GAAACACGAATACAAG,I502S,1,1
-9.235,4.171,GACATCTTTGTAACCA,H17N,1,1
-9.235,4.171,GTCAATGTCTAATGCG,F120V,1,1
-9.235,4.171,GTGACGATATCTAAAT,A365H,1,1
-9.235,4.171,GTTAACTAAAAAAACA,G116L,1,1
-9.235,4.171,GTTGACTTTCAATTCT,R492L R499I,2,2
-9.235,4.171,TAAACCGACAGGGTCC,M346T,1,2
-9.235,4.171,TCAAAGGTCTCTATAT,I267N R482C,2,2
-9.235,4.171,TGCTTTTTTAAAAAGA,T436K,1,1
-9.235,4.171,TTCAAAATACATTCCA,M444D,1,1
-9.236,0.8341,TATACCATATGGAATA,E457K,1,2
-9.237,0.8341,AGTTGAAACCTTTCCA,Y412C,1,1
-9.237,0.8341,TCATCTCGTATAATCT,L42D,1,2
-9.238,0.8341,AGTCAATGATTCCAAA,C477I,1,1
-9.239,1.39,AATTAGCCATACTTTC,G352C,1,1
-9.239,1.39,CCTGAAAGGCTTACTC,V130C W343*,2,2
-9.239,1.39,TTAATATTACACACAT,M444N,1,1
-9.24,4.171,AACATGATATGTAGGA,N246D,1,1
-9.24,4.171,AACGCTAATACTAATT,G181C,1,1
-9.24,4.171,AACTCGTCCTCTAAAC,G465L,1,1
-9.24,4.171,AATTATCCCATTACTA,S265E,1,1
-9.24,4.171,ACATAAAATATCATCC,S270L,1,1
-9.24,4.171,ACCCCTCAAATGTGTA,Y302T E494K,2,2
-9.24,4.171,ACCTAAGAAAGCTAGA,T440K,1,1
-9.24,4.171,ACGCATAACAGTTAAG,H183P,1,1
-9.24,4.171,AGAAACATACAGTTCC,L439P,1,1
-9.24,4.171,ATGAACAAAACCTCGG,A365Y,1,1
-9.24,4.171,ATTCCTGCAAATATTA,I67Q,1,1
-9.24,4.171,CATTACAACGCCTACA,G78K S270R,2,2
-9.24,4.171,CCGAGCGACACACAAT,C473R,1,1
-9.24,0.8341,CCTAAAACTTAGGTAA,F258A,1,1
-9.24,4.171,CCTTAGATCAAAATTC,Y257D,1,1
-9.24,4.171,CCTTTCTAGCGTCCAT,V413M I502T,2,2
-9.24,4.171,CGGACTAATAAAAAAA,P162Q G256C R482G,3,3
-9.24,4.171,CTTTCAACACATAAAT,E41*,1,1
-9.24,4.171,GAATTCAACTGATTTA,E398K F500H,2,2
-9.24,4.171,GATCTACGAATGTGAG,V36P,1,1
-9.24,4.171,GCTTCAGGAGTCGCTA,A336V,1,1
-9.24,4.171,GTCAACGGATCATCCC,C97N,1,1
-9.24,4.171,TACATGCTTTTTTTGT,E119D C281*,2,2
-9.24,4.171,TAGCCGACTACAGAAG,Y98F G479A,2,2
-9.24,4.171,TATTGTTGCATTGCCC,G352S,1,1
-9.24,4.171,TCCTAAACCCTAATAT,A336R,1,1
-9.24,4.171,TCCTTTTGTAGTCCGT,T24N W127I,2,2
-9.24,4.171,TCTTAACCCAACTGAT,Y423M,1,1
-9.24,4.171,TGAATTCCCCGAACTT,N190F,1,1
-9.24,0.8341,TGGATCCAATTCTATA,A253Q,1,1
-9.24,4.171,TTACACCGGCAGAGGA,P215D N464L,2,2
-9.24,4.171,TTCAGGCATCAGAAAC,F500K,1,1
-9.24,4.171,TTGCCAGGAACTTCCG,G72N,1,1
-9.242,0.8341,AATAAAGTTTCTGCCA,F294S,1,2
-9.242,0.278,GCTAAGCGTCTTACCA,K2L S422V,2,2
-9.242,1.39,ATACGGTGCTCTAAAG,L42P Y412I K450N,3,3
-9.242,1.39,GAATTAATAAATACCT,S422W,1,1
-9.243,0.5958,CACGGTTGTACCATAA,N246A,1,1
-9.244,0.8341,AATGGTACTGCAAATA,V112H,1,1
-9.244,1.39,GACTTGTCTTTAATCT,Y100P,1,1
-9.244,1.39,GGACGCCATAGTCCAC,I274N G303C,2,2
-9.244,1.39,TAAGAGCTGTTCATAC,E123F,1,1
-9.244,1.39,TAGCAAATCAGATAAT,D241A N433V,2,3
-9.244,0.5958,TTAGGCCGTGTTCTAC,N489P,1,1
-9.245,0.5958,CATCGATGGACAAACA,F148K Q407R,2,2
-9.246,4.171,AACATTGTCAGATATG,I437W,1,1
-9.246,4.171,AATAATATTCCTAGCG,R321S E401L,2,2
-9.246,4.171,AATCGGCTAACTAAAA,V413N,1,1
-9.246,4.171,AATGGTCCAAATACGA,G319P,1,1
-9.246,4.171,ACAATGAACATAATTA,L316E,1,1
-9.246,4.171,ACCAAATAAGTCCTTG,F448G,1,1
-9.246,4.171,ACTAGACAATGGCCTG,C76V R354I Y491A,3,3
-9.246,4.171,ATACAGAAGACAGTTT,A212W G362C S400C,3,4
-9.246,4.171,ATCCACCCTTTAAATC,G61L W127H,2,2
-9.246,0.5958,ATCCTAATAAGTTGCA,C305M,1,1
-9.246,4.171,ATTTAAATAGGAAGTA,W421* N424P,2,2
-9.246,0.8341,CAACATGTACCAACCC,N170F,1,1
-9.246,4.171,CAGCGAAGTCAAAGTA,Y178L,1,1
-9.246,4.171,CATATGTGGATCACCT,I226D D241G,2,2
-9.246,4.171,CCACAAAGCATCATCG,N322F L409H,2,2
-9.246,1.39,CCGAAGGGACAATATG,C97Q A425R,2,2
-9.246,4.171,GAATAAATTGCAGAAC,L420K,1,1
-9.246,4.171,GATTACCCGCTATAGA,G337Y,1,1
-9.246,1.39,GCTATATAATACACAT,I300P Q356T,2,2
-9.246,4.171,GGAAATTAACTGATCA,I331G,1,2
-9.246,4.171,GTTGTATATTTAACAT,G465E,1,1
-9.246,4.171,TAAGGAAATGACAATC,V413K,1,1
-9.246,4.171,TACAAATTGCAATACA,V26P N246D C277S I385T E396P,5,5
-9.246,4.171,TCACTACAACGTAAGA,I437Y,1,1
-9.246,4.171,TCTCGATTTAACCAAC,I29H,1,1
-9.246,4.171,TGATTAAGAACTAGCC,G72N,1,1
-9.246,4.171,TGCTATTTTCTAAGTC,I502Q,1,2
-9.246,4.171,TGGGATATAGGTTAAT,M346C Q371K,2,2
-9.246,1.39,TTGCAAGCAATTCAAA,Y178E,1,1
-9.248,1.39,ACACAAGTAACTGCTC,G360Y,1,1
-9.248,0.4634,CAACACCGCTGTTTAA,Y178W,1,1
-9.248,1.39,CGCCCAACTATTTCAT,M268A L496E,2,2
-9.248,1.39,TTGGATGTATTAAACG,L66K,1,1
-9.248,0.4634,ACTGCAAAAGACTAAA,V112W,1,1
-9.249,1.39,AAAATTTAAATAAACG,W234E P324V Y486C,3,3
-9.249,1.39,TCACTTTACAGCGAGC,F147C,1,1
-9.249,1.39,TGTCACTGCCAACAAC,E89L D101H,2,2
-9.251,4.17,AAAAGATCCACCCATT,W153F,1,1
-9.251,4.17,AACCAGATATAAACTG,L86S,1,1
-9.251,4.17,AACTGAACCACTATTT,A138D,1,1
-9.251,4.17,AATATTACTTACTTCC,T37Q,1,1
-9.251,4.17,AATCAAATGACCAAAA,P289R S422I,2,2
-9.251,4.17,AGATAACGTAATAAGG,L118K,1,1
-9.251,4.17,ATCTATCCAACCAACA,T235G L447Y,2,2
-9.251,4.17,ATGGTTTTTTGTAAGA,S115P,1,1
-9.251,4.17,CAAATGTGCCATAATG,I58D,1,1
-9.251,4.17,CAACTGAATATCAGGA,A196I G360C,2,2
-9.251,4.17,CAGATAACAGTCGACT,Y486C,1,1
-9.251,4.17,CATATTACCTTCTAAT,E172P,1,1
-9.251,4.17,CTGACTCTCGTTTAAC,D60R,1,1
-9.251,4.17,CTTATTACTTTTCAGC,H471V,1,1
-9.251,1.39,GAATAATAATCTGGGC,T10W C473I,2,2
-9.251,4.17,GCCATTATTGCGCGGA,S149N G465R,2,2
-9.251,4.17,TACCACCATAACTAGA,C305W,1,1
-9.251,4.17,TTAAATTGGGCCACTC,N489*,1,1
-9.251,4.17,TTAATAAACTACCATA,G345W,1,1
-9.251,4.17,TTGCTAAGGCATATAG,A334R E340*,2,2
-9.252,0.5958,AAAAGATAAAATATCC,L409S,1,2
-9.252,0.8341,TCTCCCTTATTCAATT,C64E C305Y G352D,3,3
-9.253,1.39,ACATAAAGAATAAAAA,S96P Y351P N458K,3,3
-9.253,1.39,CGGTGTATCCCCCGTA,E340D,1,1
-9.253,1.39,TTATCTCAAAGAGTAC,G337R,1,1
-9.253,0.8341,CCTGCCGCATGAAAAG,N433E,1,1
-9.254,0.8341,AAAAAATACAAGAGCA,G303I,1,1
-9.255,1.39,CAAACATTACTCTTCG,G330N,1,1
-9.255,1.39,GAACCAGACCTGATAT,V26M R269S,2,2
-9.255,1.39,GGATACACGACTCCGG,C76P K315Y,2,2
-9.257,4.17,AAACTGAATTAGCCGC,W234* M346D,2,2
-9.257,1.39,AACAAGTATCCAGAAA,I374- D375- Q376- I377- S378-,5,5
-9.257,4.17,AATTCACCATACAAAA,W153T,1,1
-9.257,4.17,ACATAAAACAGACTAC,D461R,1,1
-9.257,4.17,ACCACATACGCATCAC,T370I,1,1
-9.257,4.17,ACCCTAAACTTGACTA,W234M N458K,2,2
-9.257,4.17,ATAAAAACTACCAATA,G256W,1,1
-9.257,4.17,ATAACAGAACTAAACA,E359P,1,1
-9.257,4.17,ATAACTTACCATTGAA,S205R K326E,2,2
-9.257,4.17,ATGATTAACAACTCAA,G181N K417W,2,2
-9.257,4.17,ATTATAATGTTTTTAT,D186Y,1,1
-9.257,4.17,CACCAATATATATCAC,I34V C64Y,2,2
-9.257,4.17,CACGGGAATCCCAATT,G61Y,1,1
-9.257,4.17,CCAAATTTAGGTAAAT,P215F S228Y,2,2
-9.257,1.39,CCACCGATATGTCCCA,C305Y E484Y,2,2
-9.257,4.17,CGTCCTTATCTAACCC,I214Y E340G I502E,3,3
-9.257,4.17,CTTATCTTGATGTGAA,D68Y,1,1
-9.257,4.17,GAATCACATAATTATG,Y178C,1,1
-9.257,4.17,GACACGTTAAACCTAA,C473H,1,1
-9.257,4.17,GAGGATAATGCTATAA,A317Y Q356H S400R,3,3
-9.257,4.17,GATTAGTACAACCTTC,I232Q,1,1
-9.257,1.39,GCACCGACTGACCGAT,V237N,1,1
-9.257,4.17,GCCAAGGTTGAGCCCT,C64I C466T,2,2
-9.257,4.17,GCCTATCAACACTCCC,A11* N190K,2,2
-9.257,1.39,GCGTAACCCGACTACA,W421H,1,1
-9.257,4.17,GGAAAGCTTAAGAAAA,N322D,1,1
-9.257,4.17,TAATACACCACAATCA,S193E,1,1
-9.257,4.17,TAGTACCAATGGCCAA,G181Q,1,1
-9.257,4.17,TGAAACTCTTTGTGAT,N63D A425G,2,2
-9.257,4.17,TGCCGATATACAATCT,V36N I67E,2,2
-9.257,4.17,TGCTCTCAACATAAAA,N433Q,1,1
-9.257,4.17,TGTCTAATTCAAAACT,L15P,1,1
-9.257,4.17,TTAAAATCTCCAAACG,C52F R229W,2,2
-9.257,4.17,TTACTAGGTCAGTCGC,S247W G256D,2,2
-9.257,4.17,TTCAACACACATCAGT,I245Q,1,1
-9.257,4.17,TTGTAACAAGTACCCC,L118H S124I,2,2
-9.257,0.278,AGATACGCTAGATAAC,G330S E460R,2,2
-9.257,0.5958,GTAACATTTACGTAAT,R90T F195G,2,3
-9.26,1.39,CCATAGCATTACAATG,V112D L194C I385T,3,3
-9.261,0.8341,CCGAAACTCCAAAAGA,G303H,1,1
-9.262,4.17,AAAAAGAACTTCAATC,T10I H471T,2,2
-9.262,4.17,AAAGACGAATACTATT,D419I,1,1
-9.262,1.39,AACAAAATTGGTGACT,Y351S,1,1
-9.262,4.17,AACAAATTAAGGCCTG,G23Q R90N,2,2
-9.262,4.17,AAGTATCACCCCTTAC,C281E P293C,2,2
-9.262,4.17,AATAATAACACTAACA,F87D F332I G465F,3,3
-9.262,4.17,AATTAAGTCAAACTAA,K140S A373D,2,2
-9.262,4.17,ACCTAATTAAAAAAAG,G349D,1,1
-9.262,4.17,ACTTTCCAAAAAGAGT,I335C,1,1
-9.262,4.17,AGCATTAGCACCACTA,S247Q A336T,2,3
-9.262,4.17,AGTCGAACTATAATAC,C64V,1,1
-9.262,4.17,ATAAAAGATTACAGTT,E119* Q197Y,2,2
-9.262,4.17,ATAAGGTAACAAAGCC,C52Q A317E R321L,3,3
-9.262,4.17,ATACTAATAAATATTT,E460W,1,1
-9.262,4.17,ATACTGTGGAATACAA,E41Q A334D,2,2
-9.262,4.17,ATCTAACCCCTTAATT,R499Q,1,1
-9.262,4.17,ATTGAATCTGACTGCA,H471P,1,1
-9.262,4.17,ATTGCTGCACCCAACA,E123C,1,1
-9.262,4.17,CACCTAGCCGCCCCTC,M346R,1,1
-9.262,4.17,CATTTCTGCAGTTAAA,G129A L316Q,2,2
-9.262,4.17,CCACGGATACAACGAG,G218L C277* H393D W421*,4,4
-9.262,4.17,CCCATAACCTCATCTA,I502H,1,1
-9.262,4.17,GAAAAGTCGTATCGAG,L15K,1,1
-9.262,4.17,GACTAAACATACTGGA,I335Y,1,1
-9.262,4.17,GAGTGATTGAGACATC,T235P,1,1
-9.262,4.17,GCACACCTCTAATGTT,A19*,1,1
-9.262,4.17,GCATTAAGATAAGCTA,R299N,1,1
-9.262,1.39,GCTCACTAAAATTCTG,H471I,1,1
-9.262,4.17,GTAGGCACACCTAATA,I335G,1,1
-9.262,0.8341,TAACGAACCATTCATA,L177T,1,1
-9.262,4.17,TAATGGCACCAATTCA,N246C,1,1
-9.262,4.17,TATCTAGCAGTAAATT,M320D,1,1
-9.262,4.17,TGACCACACCAACATT,S136Q,1,1
-9.262,4.17,TGGATACAGTATTGCA,S228V,1,2
-9.262,1.39,TTACAGGATAAATGAT,A317V,1,1
-9.262,4.17,TTACTTACTTAAACTA,I339G,1,1
-9.264,1.39,TATAGCTCCTTACGCT,R499W,1,1
-9.264,0.5958,AGTATATCGACTAGTA,G181F,1,1
-9.266,1.39,CAAAGCATTTCCCTCT,K2S C477Y,2,2
-9.266,1.39,GGCCCTTGCACTAAAG,L154P,1,1
-9.267,4.17,AAAAATTCATCAGAAA,G345Y,1,1
-9.267,4.17,AAACCACAATAATAAC,N498P,1,1
-9.267,4.17,AACATAAATAAAGAAC,N424W,1,1
-9.267,4.17,AAGCACCCATTTACGA,E123I,1,1
-9.267,4.17,AATTATCACTGATATC,V223P,1,1
-9.267,4.17,ACACGGAAGGACCTGA,L427G,1,1
-9.267,4.17,ACATATTAGTTCCTCC,L251N,1,1
-9.267,4.17,ACCCAAAACATAAACC,A39W,1,1
-9.267,4.17,ACTTACTAAGACCATG,A106Y S270R,2,2
-9.267,4.17,ATACAAGTTTCAATAC,V112D,1,1
-9.267,4.17,ATATATCCCAACCAAA,E35L G116Y,2,2
-9.267,4.17,ATCAGCTACCTTCTTA,E123A,1,1
-9.267,4.17,ATTCAATATCATGAAA,L111P,1,1
-9.267,1.39,CACATATCGAATTAAA,N152V D291C,2,2
-9.267,4.17,CAGCATACGACGCATC,Y100M K452N,2,2
-9.267,4.17,CAGTATTCACAACTAC,H17W,1,1
-9.267,4.17,CCACACCATTAACCCT,I252F,1,1
-9.267,4.17,CTATATTTGTCTTAAA,G134K,1,1
-9.267,4.17,CTTCCTGGTACAGATT,G218* E390A,2,2
-9.267,4.17,GAAAACAATTAACATC,W127N,1,1
-9.267,4.17,GAACCTCGTGAAAAGC,S110A A336V,2,2
-9.267,4.17,GTCATACTAACCAACA,M168G,1,1
-9.267,1.39,GTCCGCGAACAATTAG,S231P,1,3
-9.267,4.17,GTTACAGACTTAACAT,H18R L108V,2,2
-9.267,4.17,TACATCGCAACCCCCT,V204Y G218V Q311H E401K,4,5
-9.267,4.17,TACTCATACACCAATG,D73Y C466F,2,2
-9.267,4.17,TATGGTTCAGATAAGT,C97L,1,1
-9.267,4.17,TCTGCCATCCCACAGG,G16A,1,1
-9.267,0.8341,TGTGGATATGTATGAT,I51D,1,1
-9.267,4.17,TTTACTAAAAAAAAGA,H17S,1,1
-9.269,1.39,CTTAAGGATCCTAACG,Y412S,1,1
-9.269,1.39,TGTGTTTATTAACGAC,N322P,1,1
-9.27,0.5958,TACATTTGATTAACAT,A196S Q197F A495C,3,3
-9.271,1.39,AATATGTTAGGCTTTA,F79I G337S,2,2
-9.271,1.39,ACACCGACATTCTAGT,W350* I481E,2,2
-9.271,1.39,CGTAAAATGCATGAAC,N322K A373D,2,3
-9.273,4.17,AAAAAACAAGGCATTG,C305R,1,2
-9.273,4.17,ACAAGGTAGAAAGATC,G465P,1,1
-9.273,4.17,ACAGCATTATGGAAAC,A113N,1,1
-9.273,4.17,ACGAATGACATTAGAC,D188C Y302K,2,2
-9.273,4.17,ATAATAAAACTTATCA,L427G K452V,2,3
-9.273,4.17,ATGCCATTCAACCGAA,L111P I245N,2,2
-9.273,1.39,ATTCCTATTCTACCTC,Y308G,1,1
-9.273,4.17,CCACGAGACCCTACCT,H56W N296L,2,2
-9.273,4.17,CTCACGTTAAAATGCC,Q394H C477R,2,2
-9.273,4.17,GAATCAACGCAAAAAA,I478G,1,1
-9.273,4.17,GACCACTTCAAATAAG,N250H D415R,2,2
-9.273,4.17,GCCTTGAGCTATGATA,R109L L177Y C281T,3,3
-9.273,4.17,GCGTTATTATAGATAG,L86G T301Y L420G,3,3
-9.273,4.17,GGAGCTACAAAGTCCA,,0,0
-9.273,4.17,TAAATCCAACGATTTA,Q295D,1,1
-9.273,4.17,TAAGTGAATACAAAAT,A69P,1,1
-9.273,0.8341,TACCAAATAACACAGT,P306L,1,1
-9.273,4.17,TCAATACAATTACACT,S124N F147V,2,3
-9.273,4.17,TCTGTATCAACATGAC,R261S I335N,2,2
-9.273,4.17,TTTCGGATACAGATAA,P99W L111P,2,2
-9.273,0.5958,ATAACATACTCGGATA,H17V Y233M,2,2
-9.274,1.39,TTCCGCCCACAGGGTA,G256V,1,1
-9.275,0.8341,AAGGGTAATAAGCAAC,T370G,1,1
-9.276,1.39,ACACTGTCCATACTCC,W350E,1,1
-9.276,1.39,CCACAATAGTAAACTC,Y100H N159V,2,2
-9.276,1.39,GATTGCGTAAATATTC,Y302K G342M,2,2
-9.276,0.5958,TAAAGATCTAACAAAA,A495W,1,1
-9.278,0.278,TCAGATAAAATAACAC,V237M E403R,2,2
-9.278,4.17,AAATAAAATCGAGCAA,L177R S369K,2,2
-9.278,4.17,AAATGCAAACATCTAT,L66F V429Y,2,2
-9.278,4.17,AACTGCAACTACCCAA,T248F E410K,2,2
-9.278,4.17,AATAATGCGCTCTGAG,L243E,1,1
-9.278,4.17,AATCATATGATAGATA,Y351G,1,1
-9.278,4.17,ACATCTGGCCAAGACT,M320C,1,1
-9.278,4.17,ACCCTACAGAAAATGA,Y257M,1,1
-9.278,4.17,ATAGAGCGTTTGATTC,A495W,1,1
-9.278,4.17,ATTTCCTAAGATCCGA,F148A,1,1
-9.278,4.17,CAACTTGACATAGCCT,R261G S266V C281E G386A,4,4
-9.278,4.17,CAGTTGATGTTTAAGA,I232K,1,1
-9.278,4.17,CATTTTACTTAGATCA,F87T,1,1
-9.278,4.17,CCAGGGGTTTATATCA,D366Y,1,1
-9.278,4.17,CGTACAACAGCTAAAA,P162H W421*,2,2
-9.278,4.17,CGTTTAATCCTTAAAA,K131Y S146D,2,3
-9.278,4.17,CTACTATGCTTACAGA,Y178K,1,1
-9.278,4.17,GAAATAACAAAACGCA,E460K,1,2
-9.278,4.17,GACTTAAACATTATTC,G134M,1,1
-9.278,4.17,GCAAAGGGCTGAAAAC,I377E,1,1
-9.278,4.17,GGTCCTACAAGAGAAA,A11S G181W,2,2
-9.278,1.39,TAACCCATTTAATATA,V204G E398K,2,2
-9.278,4.17,TATAGGTCATAACGTG,C14G,1,2
-9.278,4.17,TCATAAATCTTATAAA,M346K,1,1
-9.278,4.17,TCGGACCATGCAAAAA,C473M,1,1
-9.278,0.8341,TTCACAGAGAAGAAGA,W127D,1,1
-9.278,4.17,TTTAAAATGAAAAGTT,C52S,1,1
-9.28,1.39,ATAATCGACAGCGAGA,D474R,1,1
-9.28,1.39,TCTGGCTTAAGCATAC,D32A G342C,2,2
-9.281,0.3791,ATCCGTTCCATTGATT,H56R L154D,2,2
-9.283,4.17,AAAGAGACAAATCAAA,G181N,1,1
-9.283,4.17,AACTTCTACATTAAAT,A69E C305G,2,2
-9.283,4.17,AAGACCCACATTGTAA,A163Q L177T P284T N389F,4,4
-9.283,0.8341,ACCCAGAAGAACACGC,G181M,1,1
-9.283,4.17,ACTCACACAGAGCCCT,V36L,1,1
-9.283,4.17,AGGGTAATTATTAACA,A336Y,1,1
-9.283,4.17,AGGTGATAACTACAGC,L42Q,1,1
-9.283,4.17,ATAGAAAAACCCCTAT,G249D W421*,2,2
-9.283,4.17,ATCATCTCACCAAACG,I230D,1,1
-9.283,4.17,ATTACGAAACAACCGG,C466D,1,1
-9.283,4.17,ATTTGAAATCAAGCAA,Y423G,1,1
-9.283,4.17,CACATACACGATAACC,P74L G134D N170E,3,3
-9.283,4.17,CACTCGGAGATATTCA,L13I E344D G386*,3,3
-9.283,4.17,CCAAATACTTAGGTCA,P99K N498M,2,2
-9.283,4.17,CCACCATAAGATCTGA,Q295N,1,1
-9.283,4.17,CGTCTTAGAACCAATC,P254D,1,1
-9.283,4.17,CTAACCACAACACACA,G337Y,1,1
-9.283,4.17,CTACGTACTCCTACTC,W84T,1,1
-9.283,4.17,CTCTTCTTACCACACT,W350S,1,1
-9.283,4.17,GTTACTGATGTTGCTA,,0,1
-9.283,4.17,TCATTAATACAGATTC,A253W,1,1
-9.283,4.17,TCCAGCAAATAAAAAC,K82H E359P,2,2
-9.283,4.17,TCTCCGAGTTAAATGA,K503C,1,1
-9.283,4.17,TGGTACTACCGAGCAA,D77G I469M,2,2
-9.283,1.39,TGTGAGCCCATAAATA,V182R A253E,2,2
-9.283,4.17,TTAAAATTAATAGCAG,G360K,1,1
-9.283,4.17,TTCTAGCCCCACCTAT,R499M,1,1
-9.283,1.39,TTCTCCAACACCAACG,A365N,1,1
-9.283,4.17,TTGGTAAATTGTACAT,A425Q,1,1
-9.284,0.8341,CCTAGTCAACCATACG,F448N,1,1
-9.285,1.39,AAATAAAACAGTTAAC,I288E,1,1
-9.285,1.39,CCAATTATTTTAGAGA,C64H S124N,2,2
-9.287,1.39,ACGCAAGCCGAGCGGT,D225P,1,1
-9.287,0.5958,ACCACGGTCTGATACC,I469D,1,1
-9.288,4.17,AAACCCAGTCTACATG,V88Y,1,1
-9.288,4.17,AAGTATGCTAATTAAA,T128H L455G,2,2
-9.288,4.17,AATCAAGAACCCTTGT,A495P,1,1
-9.288,4.17,ATACAGAACTTAAGGC,C477F,1,1
-9.288,4.17,CAACAATATCAAATGA,P185C R229Q,2,2
-9.288,4.17,CAAGTTCATAACCCGC,L13* P221W,2,2
-9.288,4.17,CACACCATATCAGGAC,G181C,1,1
-9.288,4.17,CACGAAATCAAAGTCA,C281R,1,1
-9.288,4.17,CATCATACTCCGCCAA,L42N,1,1
-9.288,4.17,CTAACTACTGAATCTG,P273A Y351L,2,2
-9.288,4.17,CTCAATTTAACATCTG,G349W,1,1
-9.288,4.17,GCGCTCCTTATAAGTA,N246T,1,1
-9.288,4.17,GCTGAACTAAAAGAGT,F148A R499K,2,2
-9.288,4.17,TAACTTTACCCGCATA,F258S,1,1
-9.288,4.17,TAATATGCGGTAGACT,G256T D375C,2,2
-9.288,4.17,TAATCTACCCAGTTAA,C305E,1,1
-9.288,4.17,TAGAATATATGAGAGC,G72P,1,1
-9.288,4.17,TATAATATTTTACGCC,Y100Q,1,1
-9.288,4.17,TCATATGGAAAAGCCA,F294V Q394R,2,2
-9.288,4.17,TTAACTTATCTGAACG,R222H N357M,2,2
-9.289,0.8341,AAATGCATAATGAGTC,W127* L177P,2,3
-9.29,1.39,AGTTCCTATCGCATTT,G72E F192L,2,2
-9.29,0.8341,AATCCTCAACAACTTA,L108C,1,1
-9.29,0.8341,ATTAAGTTAAATGTAG,I481S,1,1
-9.292,0.8341,TTATGCGCTAGATCTT,G116Y,1,1
-9.292,1.39,AACAGTCAGAGCAAAG,N250I F448P,2,2
-9.294,0.8341,CTGACATATGAAAAAT,I67P,1,1
-9.294,0.8341,CTTGCCCCAAGACATA,W180G,1,1
-9.294,1.39,TTAAGATACCTCTAGA,E41M S205R G479D,3,3
-9.294,4.17,AAAATTACTTCTTCGA,N322E,1,1
-9.294,4.17,AAAGAGACATAACCAA,I288H,1,1
-9.294,4.17,AAAGATTGAAAGATAT,L316S,1,1
-9.294,4.17,AACCTAACTATATAAA,S136Q,1,1
-9.294,4.17,ACACAGGCAACTTTGA,G345D E359I,2,2
-9.294,4.17,ACCAACGAAACTGTAC,P103L S107I T187Y,3,3
-9.294,4.17,AGAAGTTTAAGGCACA,G337P T370I,2,2
-9.294,4.17,AGCATTCCCAGTCACA,L251C E390*,2,2
-9.294,4.17,AGCTTCCCAACTAATA,A365M,1,1
-9.294,4.17,ATTAAAATTTACACAT,T451P,1,1
-9.294,4.17,ATTTAATGAAGATTAC,L70D,1,1
-9.294,4.17,CAAAGAGCAATCATCT,W343G,1,1
-9.294,4.17,CAACAGTCCACAAATC,G23F,1,1
-9.294,4.17,CAATAGGAGGCTCAAA,L409P K453C,2,2
-9.294,4.17,CACAAGATTGAATGGA,P239S G349V,2,2
-9.294,4.17,CAGCTCTTGACAAACT,L316G,1,1
-9.294,4.17,CATATTCTTAACCTGG,C277S N389W,2,2
-9.294,4.17,CCAACCTAAGCTCACA,G345F,1,1
-9.294,4.17,CCTTACCATCAGACTA,C64Y,1,1
-9.294,4.17,CTAACTGACTACTAAG,A373Q,1,1
-9.294,4.17,CTTGTAAAAAACCTTT,G345E,1,1
-9.294,4.17,GAACCGATTAGACAGT,E340W,1,1
-9.294,4.17,GAACTTAACGTAAATT,G360M,1,1
-9.294,4.17,GACCAAAAGTAATCCA,D60G D73N,2,2
-9.294,4.17,GATCTTTCGAATTAAC,G5L F258Q,2,2
-9.294,4.17,GGTAATCTATATATAC,Y98V A138V,2,2
-9.294,4.17,GTAACACTGTTTCACC,N424W,1,1
-9.294,4.17,GTCCATCCCAAAAACA,I230S,1,1
-9.294,4.17,GTCTATCTAAGACCAA,V102Q,1,1
-9.294,4.17,TAAAAGGTCTAATAAT,F148R L367P,2,2
-9.294,4.17,TACACATACAATGAGT,G256Y,1,1
-9.294,4.17,TACTTGCCGTGGTCCA,L66P,1,1
-9.294,4.17,TAGAAGAACTCCTGCG,Y233* L409D,2,2
-9.294,4.17,TCATGAATTCCATATA,P254S,1,1
-9.294,4.17,TCCTACTCGCTAAATA,I374S E398K,2,2
-9.294,4.17,TGGACTGTTCCTCAGC,V166D K292E T416F,3,4
-9.294,4.17,TTAAACAGGAGGAATG,G218R V297S,2,2
-9.294,4.17,TTTCAGGAAATTCACA,I502D,1,1
-9.295,0.8341,AGCAACATATATTGGA,C305Y,1,1
-9.295,0.8341,TTTGTCGGTATGTAAA,A364T G465K,2,2
-9.295,1.39,CAATGATTGACGTTAA,A212C W343C,2,2
-9.295,1.39,CATGAACACAACCAAT,G72R,1,1
-9.295,1.39,CCCGCCCATGGTAACC,N133G G286K,2,2
-9.295,1.39,GTATAACTAACATGTT,E123N,1,1
-9.295,1.39,TATACAACAACAAGCT,K411P,1,1
-9.296,0.8341,TTCTCCCTAAAACCCT,S480P,1,1
-9.297,0.8341,AGTGTAAAAATTTAGT,Y491I,1,1
-9.298,0.4634,TACTTACTCTATCCCT,K50G C52F,2,2
-9.299,4.17,AAATACAATCGACCCA,I217N G465L,2,3
-9.299,4.17,AACCCCTATCGTCTAC,Y105Q T301P C477E,3,3
-9.299,4.17,AATAAAAGAGTAATTA,S228V,1,1
-9.299,4.17,AATAGAAAACACTTAG,G337T,1,1
-9.299,4.17,AATCCATTCAGCACTA,Q295I,1,1
-9.299,4.17,AATTAAACGCTGATAC,L70P I160A,2,2
-9.299,4.17,ACCGACCAATTATACT,P254K,1,1
-9.299,4.17,ACCGTTCCAAACGTCC,I232K,1,1
-9.299,4.17,AGAACATCCTGTGACA,Y351H,1,1
-9.299,4.17,ATAAGATCCATTCATC,I288H F448A,2,2
-9.299,4.17,ATACTATAATTCAACT,G256A,1,1
-9.299,4.17,ATACTGCAACAAAGAC,L42Q,1,1
-9.299,4.17,ATATAGCTTATACATA,E123H R224G,2,2
-9.299,4.17,ATCCCATAAAAGACTA,N298T T485R,2,2
-9.299,4.17,ATGGTCAGCTTTAGTT,C281G,1,1
-9.299,4.17,ATTGTAATTAAAATGT,G303T,1,1
-9.299,4.17,ATTGTCAATTTAAGAC,L118R,1,1
-9.299,4.17,CAACAATTTTAATCTG,N322V,1,1
-9.299,4.17,CAATCTGACCTGCCCT,L420S,1,1
-9.299,4.17,CAGATATCTTGGATAT,L194E,1,1
-9.299,4.17,CATCTAATGTAAGATT,T436H,1,1
-9.299,4.17,CGAAACAACATAGTTC,R329G E460I,2,2
-9.299,4.17,CGCACTTGCTCCAATT,I274W W343*,2,2
-9.299,4.17,GAAGGGTTTCTGAAAA,S114L Y351H,2,2
-9.299,4.17,GAATGTGATCAATCAG,Q295V,1,1
-9.299,4.17,GACGAACGTGATACGG,K452P,1,1
-9.299,4.17,GGATGATTAATCATGT,I282P,1,1
-9.299,1.39,GGCTATCTCTTCTTGA,A163K L177V I385P,3,3
-9.299,4.17,GGTACGTGAACTGAGT,K176N,1,1
-9.299,4.17,GTTGCAATGACAGAAA,R499Q,1,1
-9.299,4.17,TAAAATATATATTCGC,S115L G303V,2,2
-9.299,4.17,TATACAACTGCCCTAG,S46Y G337L,2,2
-9.299,4.17,TCAAAAAGTTAAAAGA,Q434F,1,1
-9.299,4.17,TCATATAAATGTAAAG,P4F D419L,2,2
-9.299,4.17,TGACATCTAATACCCC,L455W,1,1
-9.299,4.17,TGCCCGTATCTCACTT,A113W,1,1
-9.299,4.17,TGGAACGATAGAGAAA,H471R,1,1
-9.299,4.17,TTATACACATCCTAGA,E401* E494W,2,2
-9.299,4.17,TTTGAAAAATGCCAGT,N31*,1,1
-9.3,0.3208,AAAGATGAAACCATCC,G116N,1,1
-9.301,1.39,GGCCCTCTAGACCACA,Y302H T436N,2,2
-9.301,1.39,TACAGATTCTCAGGTG,L15H,1,1
-9.301,1.39,TTTAGATAAGTATTGC,G256R,1,1
-9.301,0.834,AAAGCAAAAAAGCCAT,E89K R90I,2,2
-9.302,1.39,GACCATCGTGTGGAAT,R33V V237A E414C,3,3
-9.303,0.834,GTCAATGGCTCACATC,L177P L384P V402L,3,3
-9.304,4.17,AAAAATGTGTTACACC,I236D,1,1
-9.304,4.17,AAATAGTATCCTCATC,Y308H E494K,2,2
-9.304,4.17,AACATTATGCGAAACA,R354W E426*,2,2
-9.304,4.17,AATAGAATATGAACTA,C477D,1,1
-9.304,0.4634,AATAGTCTCAGCCAAG,G319K,1,1
-9.304,4.17,AGCATTTCAGCCTCGC,I58T G337W,2,2
-9.304,4.17,AGGCCATTTTATATAC,T155W,1,1
-9.304,1.39,AGTGGCTAAAACCTTA,N63C W350*,2,2
-9.304,4.17,ATACCCAAAAACAGTA,S270E,1,1
-9.304,4.17,CAAGAGATTCCTTTAC,N458R,1,1
-9.304,4.17,CAGGAAAAACACTTAC,V43F,1,1
-9.304,4.17,CCAACATTCTTAAACG,N322Q G463L,2,2
-9.304,4.17,CCATGTATCTTACACC,C76K,1,1
-9.304,4.17,CCGCTGAACGTACGCC,I232R F500S,2,2
-9.304,4.17,CTTAATCTGCATGTCT,G72R P162A,2,2
-9.304,4.17,GCACTATCTAGTGCGA,V204E,1,1
-9.304,4.17,GCTAATAAGCTTATAC,N170F,1,1
-9.304,4.17,TAAAAATATTCTGACG,I245R,1,1
-9.304,4.17,TAATCAAAAAAAAAAA,S136I,1,1
-9.304,4.17,TCAGTGGTCTTAAGAG,G345D,1,1
-9.304,4.17,TGCATCTGTCTTACCC,G16T W350E,2,2
-9.304,4.17,TGTGGATTTTTTCCAC,L71P Y423R,2,2
-9.304,4.17,TTATGATAGAAGAAGA,F120G,1,1
-9.306,1.39,CGAACCGAGTACCTTA,P185S,1,1
-9.307,0.834,GTATACACAGCCAAAC,C97G,1,1
-9.307,1.39,AAACGACGTTACCCTC,F467Q,1,1
-9.307,1.39,GCACTTGGCATTGGTT,F120S K131I,2,2
-9.308,0.5957,TCTGTCTTAAGTAGCC,W153E,1,1
-9.309,4.17,AAAAAAATCAAAAAAC,R329C,1,1
-9.309,4.17,AAACAGTCACAGTATG,I469A,1,1
-9.309,4.17,AACAAGCACGACCAAC,V112E S442N,2,2
-9.309,1.39,AACGATAGTATTCAGA,L151R,1,1
-9.309,4.17,AAGACAATTATGGTGA,G463I,1,1
-9.309,4.17,ACAATTCAATCCCACA,L409A,1,1
-9.309,4.17,ACTCGCCTGATTGACT,L151V R492Q,2,2
-9.309,4.17,AGTCACACCAGAACAC,P306E,1,1
-9.309,4.17,AGTTTTGCCAAAGCCA,Y491N,1,2
-9.309,4.17,ATATAGCACACCCACC,L71S,1,1
-9.309,4.17,CGATATCAATTTTTAC,A272T L381R E460T,3,3
-9.309,4.17,CGATTTACATACTACA,A365E,1,1
-9.309,4.17,CTAAAAATTCGATACA,L455C,1,1
-9.309,4.17,CTAACTGAAACAATCT,I232R,1,1
-9.309,4.17,CTCCCACTACCTACCA,Y470G,1,1
-9.309,4.17,CTTGCCACAAAATAAT,C52N,1,1
-9.309,4.17,CTTTAACCCTAAGCAG,R90L,1,1
-9.309,4.17,CTTTATCAGTTAAGCG,Y470E,1,1
-9.309,4.17,GAAAATATTCATGACA,L108D,1,2
-9.309,4.17,GAAAGTCGACGAAATT,G319C,1,1
-9.309,4.17,GAAGGAATGTATTATT,H355E,1,1
-9.309,4.17,GGAAGAACTTTCTTAT,A253S G349C,2,2
-9.309,4.17,GGCATCGTTCATAGAA,A69D P99H,2,2
-9.309,4.17,GTATGCAATTACATTC,N250I,1,1
-9.309,4.17,GTGTTTAACTTTCTAT,C477S,1,1
-9.309,4.17,TAAACTTCGAATATAA,,0,0
-9.309,4.17,TAATAACACTCGGTAG,S270E,1,1
-9.309,4.17,TAGCCTCTTTCTTTGA,G337R,1,1
-9.309,4.17,TATCGGTCCCGAGTGT,C466V,1,1
-9.309,4.17,TCCCTTAGACACCCTA,G116V N475R,2,2
-9.309,4.17,TGAAGAATGCTTAGAA,K380V,1,2
-9.309,4.17,TGCTATAAACTAAATA,T155L,1,1
-9.309,4.17,TTGCGAACTTAAAAAG,N246Q,1,1
-9.311,0.834,GCGAATAACATGTCAA,C139Y A476F,2,2
-9.312,0.4634,GATATCGAGCAGCGGA,P324S D461R,2,2
-9.313,1.39,CCATTTATCTTACCAC,L111P S279I,2,3
-9.313,1.39,TATAAAGTGTTAATGT,E123L,1,1
-9.314,4.17,AAAGACCAATAAGTGA,P254T G263C,2,2
-9.314,1.39,AAAGCATCCCAACAAA,E41K Y308K,2,2
-9.314,4.17,AAGAATTGATCTGATA,D474R,1,1
-9.314,4.17,AAGATCAATAAAAAAT,S47G V130P Y257H,3,3
-9.314,4.17,AAGTTCCCCCATGCAA,H488R,1,1
-9.314,4.17,ACACCAAAAATTTTGG,P239S A459D,2,2
-9.314,4.17,ACGAAAAAATAAACCT,W421P,1,1
-9.314,4.17,AGCTAAAATTCATATT,Y257D,1,1
-9.314,4.17,ATAAAACTCTTCCTTG,I481C,1,1
-9.314,4.17,ATATTAACTCGCTGGA,P74Y,1,1
-9.314,4.17,CAATAAAACGTACACA,N246W,1,1
-9.314,4.17,CCATCGAGAGAGTAGT,L66G,1,1
-9.314,4.17,CCTTGAATACAGTATT,G249L,1,1
-9.314,4.17,GAACACAAATAAAAAA,A163T K176D R329K,3,3
-9.314,4.17,GAGTTTCGTGTCGCAT,A39R,1,1
-9.314,4.17,GATACACAATTTCCCG,L367W Y470E,2,2
-9.314,4.17,GCAACTCAGAACACGG,I418P,1,1
-9.314,4.17,GCACTAACAAAAATCA,I469*,1,1
-9.314,4.17,GTGCGGTAAAACACAA,N341V,1,1
-9.314,4.17,TCTCAAATATTAAGAG,I245E,1,1
-9.314,4.17,TGAGTCACCAAACACC,T128P I267E,2,2
-9.314,0.834,TTTTACTATTCTTAGC,I51W,1,1
-9.315,0.2453,TCGGTCAGGTCACACA,L118P,1,1
-9.316,0.834,GCCTCTAGTTTGAAAT,G286C H488F,2,2
-9.317,0.4634,AATTTATTTCATTTAC,F125V K397T,2,2
-9.317,0.4634,AGGATACTAAAAATAT,I252R,1,1
-9.318,0.4634,TAAAACATCGCGTCAA,G303E,1,1
-9.319,4.17,AAAAAACCATCTAACT,G256P,1,1
-9.319,4.17,AAGTCGATCATTACAT,S369W,1,1
-9.319,4.17,AATCAAGACTACCGAA,S247R,1,1
-9.319,4.17,AATTAGCACAATAAAA,V237G,1,1
-9.319,4.17,ACGGCTTGCTAGCGTC,K326L D419F,2,2
-9.319,4.17,ACTTTTCATACTATAC,W343A,1,1
-9.319,1.39,ATACCGACTTAAAAGT,L66K,1,2
-9.319,1.39,ATCAGATATAATAGCA,S193P K259P,2,2
-9.319,4.17,ATCGAAGTAAATTTTC,D68I Q501R,2,2
-9.319,4.17,ATTATAATTAACTAGA,M346D,1,2
-9.319,4.17,CAATCGTGTCTAACAA,G62F S266P,2,2
-9.319,4.17,CAGAAAGAATGACGTT,D241I,1,1
-9.319,4.17,CATATAAAGAAAATGA,L243Q S358Q,2,2
-9.319,4.17,CCAAGTCCACACTTCA,G319S,1,1
-9.319,0.834,CCTGGAAACGCAACTC,K276T N433D,2,2
-9.319,4.17,CTAATTCATTAAACGC,Y491G,1,1
-9.319,4.17,GAACCAATACGCAATA,I260K Y470*,2,2
-9.319,4.17,GATGATAGTTTACGAA,W84M W343*,2,2
-9.319,4.17,GATTGTGACGATCAGA,Y351I,1,1
-9.319,1.39,GTACATTACAACGATA,P254T,1,1
-9.319,4.17,TAAAATATAGAGCAAA,R329A,1,1
-9.319,4.17,TAAAGTAAGTTACAAA,V88N,1,1
-9.319,4.17,TAAATAACACTAAAAA,V429R,1,1
-9.319,4.17,TACCAATTAATGATCT,S54G E123K,2,2
-9.319,4.17,TCAGCCGCATGTATTA,T206E R499Q,2,2
-9.319,4.17,TCCAACCCCCTATCAT,P306E,1,1
-9.319,4.17,TCCCAAGTCTGACCGA,V36K,1,1
-9.319,4.17,TCTATCATTCTAATAT,G330Q,1,1
-9.319,4.17,TGAAACTTCTTGGAAA,K82V G342V,2,2
-9.319,4.17,TGAGTACTGAGATTTC,Y178M,1,1
-9.319,4.17,TTAGACGTCCGATTGA,E89N,1,1
-9.319,4.17,TTTTTTAAAATTCAAA,N53- T203E,2,2
-9.32,0.834,GACTTAATGCTTTAAG,N6G E426S,2,2
-9.321,1.39,GAACCCCCCGTGCAAT,R33V C52E,2,2
-9.321,1.39,TCACCTTTTCTCATCA,I58H,1,1
-9.322,0.4633,ATATCTAATAAATTTC,R329T,1,1
-9.323,1.39,AAACTCCCGAATCTCC,A163L L177A C281R,3,3
-9.323,1.39,ATAACTAAGACTATCC,R329I,1,1
-9.323,1.39,GCCTTTCTTATTTTAC,L71F S228C,2,3
-9.323,1.39,TCATTGAGACTAAAAA,N53D L428P,2,2
-9.323,1.39,TCGAGCCCATAACTCT,N246P I252N,2,2
-9.325,4.17,AAAAAGAAAATTTTGG,G319N,1,1
-9.325,4.17,AAAATACAGGACGCAA,V429R,1,1
-9.325,1.39,AATAATTAACCTGAAA,D32Y M346T,2,2
-9.325,1.39,AATTAATCACTAAAAA,A163C A272E D438P,3,5
-9.325,4.17,ACAACCCTGACAACAC,N322T,1,1
-9.325,4.17,AGGACTCTACCAACAG,F332W,1,1
-9.325,4.17,AGTACGGTCGTCCCAG,C139T,1,1
-9.325,4.17,ATATAATTACAAATAA,I252E T328C,2,2
-9.325,4.17,ATCAAAAATCTTAGAA,C14D,1,1
-9.325,4.17,ATCTTATTCCAAACCA,H471V,1,1
-9.325,4.17,ATGATGCTAGCTTACT,S193Q,1,1
-9.325,4.17,ATTATCATAAAAAGCA,W84K,1,1
-9.325,4.17,CAAGATCACTCTCCTT,L243D,1,1
-9.325,4.17,CCCTTTCAAAAACCAC,A336D G342D,2,2
-9.325,4.17,CGGCACAGCAGAATCA,L13R A138I,2,2
-9.325,4.17,CGTACTTCGTCTTGAC,I232G,1,1
-9.325,4.17,CTACTACTGAAAAGTT,W153K,1,1
-9.325,4.17,CTCACCATTAAATATA,P162E G465Q,2,2
-9.325,4.17,GACACTCCAATTACAC,I67D,1,1
-9.325,4.17,GACCGCACGAACAGAT,N464C,1,1
-9.325,4.17,GACGCCCAGGCTAACC,G386*,1,1
-9.325,4.17,GGATATTTCCGATCAT,V204P,1,1
-9.325,4.17,GTGAGAAAATCTTTTT,S247R,1,1
-9.325,4.17,TAATCCATTGACTTGA,I202Y,1,1
-9.325,4.17,TACTCATTAGATAAAA,L118H W421I,2,2
-9.325,4.17,TTTTAAATCTGCTAAG,C466L,1,1
-9.326,1.39,GTCCTGGATGTTTGTA,T12D T283I,2,2
-9.327,0.834,CAAAGATACATATTCC,W127A,1,1
-9.328,0.834,CACCATCACGCAGCTG,T65W G337K,2,2
-9.328,1.39,GGTTAAACTATCACCG,Y98* I481V,2,2
-9.328,1.39,TAAAAGAAACCTAACG,K189T D419K,2,2
-9.329,0.4633,GAAAAAACTACACTTC,V102N A430D,2,2
-9.33,4.17,AAAACAGACAAAAGGT,S143Q G263*,2,2
-9.33,4.17,AAATGCCAGGCGGACA,T248R E432A,2,2
-9.33,4.17,AACGGTCACAGCGAAA,C76G,1,1
-9.33,4.17,AACTAATTGTAAATTA,V402M L455A,2,2
-9.33,1.39,AACTATCAACGACTCT,Y308P,1,1
-9.33,4.17,AACTTCGAATAGACAC,R499S,1,1
-9.33,4.17,AGACAATACTAATAAA,A93Y C139Y,2,2
-9.33,4.17,AGAGGCTCTTATAGAG,I232N,1,1
-9.33,4.17,AGGAACCCCAGCGCTA,G465H,1,1
-9.33,4.17,ATCATAATTAAAAATA,A495H,1,1
-9.33,4.17,ATTTCAAGTTACTTTT,R499D,1,1
-9.33,4.17,CAAATAAAAATCAGTT,W350* R492Y,2,2
-9.33,4.17,CACATTCCTAGGCACT,T451W,1,1
-9.33,4.17,CAGAACACGTGGACTA,A19H N483H,2,2
-9.33,4.17,CATAGCTACTACATAC,G134S,1,1
-9.33,4.17,CCAACAATACGGCACT,T40M A163L R321Q D366N,4,4
-9.33,4.17,CCCATGAGGTATACAC,L316P,1,1
-9.33,4.17,CCCTAGAGTAAAAACT,P254G,1,1
-9.33,4.17,CCGATGACTCGTGGTT,I478K,1,1
-9.33,4.17,CGCGGTTGAAGAATTG,G142P G463C,2,2
-9.33,4.17,CTGCCTTTGAACCGTA,G349S,1,1
-9.33,4.17,GCGATGAATAAATTAA,A39T A372M E460D,3,4
-9.33,4.17,GCTGATAAATCCAGTA,G319I,1,1
-9.33,4.17,GTTATGCTAAATTGGA,L13E,1,1
-9.33,4.17,TGACACCTACTATGGC,V402*,1,2
-9.33,4.17,TGACTGTTGAAGCAAT,,0,0
-9.33,4.17,TTGTCCAATACACCCC,S209D P254A,2,3
-9.331,1.39,AACATTCGTTCATAGC,L13T,1,1
-9.331,1.39,GAACGGGTCTAGTACA,I282T E443K,2,3
-9.333,0.5957,TACAAGTGACCCAACA,C477W,1,1
-9.333,1.39,AGTTTAGACTACACTT,S205P,1,1
-9.334,0.834,TCCATTTTGCAACCCT,A196M A317Q,2,2
-9.335,4.17,AACATCATAGTACATC,L177T,1,1
-9.335,4.17,AATATGATTTCTTAAC,R299Q T301C S369C,3,3
-9.335,4.17,AATCTCCCAAGAGTAA,A334W,1,1
-9.335,4.17,AATTTAGGTATTCAAG,D419K,1,2
-9.335,4.17,AGATCTAGGAAAAATA,V26G S400H Q407*,3,3
-9.335,4.17,ATAACGATGACAACTT,A495W,1,1
-9.335,4.17,ATCAACACTAAAACTT,S91V P306C M444I,3,3
-9.335,4.17,ATTGAATAGCCATATA,C97R A459Q,2,2
-9.335,4.17,CAACTTCTGTCCTATG,I236G G379E,2,2
-9.335,4.17,CCGTATACCAGACTAA,P55C G319S,2,2
-9.335,4.17,CGCTTTCAACGTTTAA,G5* E410K,2,3
-9.335,1.39,CGGATGAAAAATATGT,L42E T167N M444I,3,3
-9.335,4.17,CTTCTGGAAGCCCACA,V26Q L177H A272C L381G,4,4
-9.335,4.17,CTTTTCACAAGCGAAA,D175N I252E,2,2
-9.335,4.17,GAAAGATAGATAACTA,A336E,1,1
-9.335,4.17,GAAAGATTCACGACGC,I34P G349R,2,2
-9.335,4.17,GAACATACAACCGACA,K171N P221V,2,2
-9.335,4.17,GACGCTCGACCAAAAT,N126C E432C,2,2
-9.335,4.17,GCAACTAGAACCATCT,G330N R361G I437F,3,3
-9.335,4.17,GCTCTACCTGACCGCT,D408K E410*,2,2
-9.335,4.17,GTGAGCCATTATCGAC,L66N,1,1
-9.335,4.17,GTTAAACCTGAACTTC,I288Y,1,1
-9.335,4.17,TAACTCTATTGAATAC,I34R,1,1
-9.335,4.17,TACTCAAAGTGAAGAT,E340Q,1,1
-9.335,0.834,TATAATGCAACCATTC,E89L,1,1
-9.335,4.17,TATCTGAACTTTACTT,C305R,1,1
-9.335,4.17,TCACGCACCGATGTTG,C97Y E325A H488D,3,3
-9.336,0.5957,GCTCGACTCAGAGTTA,C64V,1,1
-9.336,1.39,GATAGGAAAAACATCT,E172T,1,1
-9.338,1.39,AAAGAATATAATATAC,L71H,1,1
-9.338,1.39,GAAGACATTGGGAAAA,P74D,1,1
-9.338,1.39,TTTACACCCAAAGGGT,L15Q W180F,2,2
-9.34,4.17,AACTTTAGATAATCCC,I160P G256K,2,2
-9.34,4.17,AAGTCAGCAATTTGCT,M346F D474Y,2,2
-9.34,4.17,AATACATCATAAAAAG,G16C V36F,2,2
-9.34,4.17,AATGCATAATGATGGC,L71E,1,1
-9.34,4.17,ACAGAGTTTCCGAAGT,V26A A163*,2,2
-9.34,4.17,ATAGTAACCTCCAATA,C64Q,1,1
-9.34,4.17,ATGCGTTATAGAATGA,E414N,1,1
-9.34,4.17,ATTACGGCAATCAACC,W84S,1,1
-9.34,4.17,ATTTCCGAATCCACAA,C97R,1,1
-9.34,4.17,CATCCCGTAAAAAGAA,R499G,1,1
-9.34,4.17,CATTATAAACAATACC,I437H,1,1
-9.34,4.17,CCAATAGTAAGCCTCA,G337M,1,1
-9.34,4.17,CCAGTTATTACGTAAT,C76E Q363R,2,2
-9.34,1.39,CCCAAATGTCGCTGCG,K176F,1,1
-9.34,0.4633,CCCACACAATACGAGC,T416R,1,1
-9.34,4.17,CCCATAGCCAGATCTT,F147K,1,1
-9.34,4.17,CCCCCGCCGCTAATCA,K292Q T485P,2,2
-9.34,4.17,CGCTATTGACGATCTT,Y351W,1,2
-9.34,4.17,CGGTATGCATTAACAA,L251P I395A,2,2
-9.34,4.17,CTGACATTTCAAACCA,L13D,1,1
-9.34,4.17,GAACAAATCTGCTAGT,V130D,1,1
-9.34,4.17,TAAATCAAACTATCGA,L177G A272S K387L,3,3
-9.34,4.17,TAAGTTATACCACCTC,R109G E432F,2,2
-9.34,4.17,TCGCCTATTAGTTAAT,P21T P254K,2,2
-9.34,4.17,TGACTATGGCTAAAGG,F258K,1,1
-9.34,4.17,TTAGAAAAGGCCCGCA,A11D K468N,2,2
-9.34,4.17,TTAGTCCATTTGGCAT,P185T R329W R492I,3,3
-9.34,4.17,TTCGATAAAACCCTAT,L455G,1,1
-9.343,1.39,AATATATACACCCCAA,F192L V429Q,2,2
-9.343,1.39,AGGCCAAGTTAACTCA,N250F Q394H,2,2
-9.345,4.17,AAACGAAAATACTCAG,S114D F353P,2,2
-9.345,4.17,AACTGAACTATCCCTA,F258K,1,1
-9.345,4.17,AAGTTTCAAGTTAATC,A11V C64M Q132A,3,3
-9.345,4.17,AATCCTCATGGACAAG,N458R,1,1
-9.345,4.17,AATGTGAATACTAATG,N322V,1,1
-9.345,4.17,ACAAGGAAATTCTAAA,G181K,1,1
-9.345,4.17,ACGGAGTCTATTTGGC,P74C,1,1
-9.345,4.17,AGAAAATTTTAAGTAT,Y302E,1,1
-9.345,4.17,AGAATCAAAGCTATTT,S422V,1,1
-9.345,1.39,AGTACCACAAGCCTCT,T440W,1,2
-9.345,4.17,ATAAAAGATACATAAT,E35I S312I,2,3
-9.345,4.17,ATATAATGAAAGTTCC,K380R,1,1
-9.345,4.17,ATTAAAATCACATTTA,S144A G352D,2,2
-9.345,4.17,ATTTACAAAATAGCAA,N152P,1,1
-9.345,4.17,CACCATATTAATCTAA,I377H,1,1
-9.345,4.17,CCACACCACGCATATC,E414K A425H,2,2
-9.345,1.39,CCTAACAGTGTTAGAT,I502A,1,1
-9.345,4.17,CCTTACGGTAACTGAA,V429P,1,1
-9.345,4.17,CTCAAGCATGAGACAT,I179R,1,1
-9.345,4.17,GAAAGATAATGACTAA,P74L,1,1
-9.345,4.17,GCCTTACAAGACCAAT,N170L,1,1
-9.345,4.17,GGATAGACTATACTTG,N322W G465R,2,2
-9.345,4.17,TACCTACGAAATAACA,S136E P169S,2,2
-9.345,4.17,TCACTCACAATTGAAT,L177S C281L L384A,3,3
-9.345,4.17,TCCAATTAATGTTCTA,G360N,1,1
-9.345,4.17,TTGCGCCTCCAAGAAC,A163F L177P L243D,3,3
-9.346,0.5957,CCTGCTGAATACGATA,F294K,1,1
-9.347,1.39,CCACGCGGACATTTAC,H183N W234* V402R,3,4
-9.347,0.5957,ACCACGGATTCCAAAT,Q44W I67W V402M,3,3
-9.348,1.39,ATATTGTTAAAATTAC,Y233E Y302*,2,2
-9.349,0.4633,AATTTGTTTAATGGAT,I502D,1,1
-9.35,4.17,AAAATAACTACCATGT,G16P,1,1
-9.35,4.17,AATGCATAAACTCGTA,L86R R383S,2,2
-9.35,4.17,AGGAACAATACCAACC,I202G,1,1
-9.35,4.17,AGGCTGGTCCGATTAC,E340R,1,1
-9.35,4.17,ATAAGCATATAACATA,Q371W,1,1
-9.35,4.17,ATAATATGTATAACTC,Y470D,1,1
-9.35,4.17,ATATATCACGTCTATT,E89H I202M,2,2
-9.35,4.17,ATCTTAATCTCAGAGC,A364W,1,1
-9.35,4.17,CAATATCGGATGAAAC,T440R,1,1
-9.35,4.17,CAGAGAACTGAATTCA,K140V N464V,2,2
-9.35,4.17,CCCATAGACTATTTTA,G72I R224I,2,2
-9.35,4.17,CCTCAAAAAACAGATC,I230E,1,1
-9.35,4.17,CGAAGATAGCAATATC,E123M,1,1
-9.35,4.17,CGATACATAAGTCGTT,N322Q L384S,2,2
-9.35,4.17,CGCAAACTCGATCCTG,Y100D,1,1
-9.35,4.17,GAACCAACCAATGAAA,L314P,1,1
-9.35,4.17,GAAGAAAAATCTCCAA,S199G F467T,2,2
-9.35,4.17,GGGTCCTACCATCCGT,Q1* T248M,2,2
-9.35,4.17,GGTTATAATATTGTCT,G330D,1,1
-9.35,4.17,TAATTGTCTAATGAGA,L439D A459D,2,2
-9.35,4.17,TCCAAAAAACCCCGAG,Y308C,1,1
-9.35,4.17,TCGGAATATTAACAAA,R224P,1,1
-9.352,1.39,CACCAAATGCCCCTAT,L71W K397D,2,2
-9.352,1.39,CTAGCTTAACCACCTA,G286L,1,1
-9.353,1.39,AATGGTAACCAGCCTT,S266A C281P V297L,3,4
-9.353,1.39,GAAAAATTATATGTCA,C139E,1,1
-9.353,1.39,TACCTTAAAACATGAA,T440H,1,1
-9.354,0.834,TAAGAATCATTACATA,T37H G116R,2,2
-9.354,0.834,TTTGATTAAAGGATCA,K50M K176N,2,2
-9.355,4.17,AAAGGAAGCATGAGGA,K121P,1,1
-9.355,4.17,AAATTCTAGTTTAAGC,F87R,1,1
-9.355,1.39,AACTAATAATCCTACA,I202E,1,1
-9.355,4.17,AATTCCCACTCTTACT,Q371P,1,1
-9.355,4.17,ACAACCCGATAACACG,R33K N38A D291N R321Q,4,5
-9.355,4.17,ACAATAAGATAGTCTC,N190C,1,1
-9.355,4.17,ACTCGGAAAAAAAATC,D186E N458V,2,2
-9.355,4.17,ACTTAGGTGGTCCAAT,N483P,1,1
-9.355,4.17,AGAGTCGTATCAAAGA,V36Y G330D,2,2
-9.355,4.17,AGTCTATTAATGGACA,T40G F448D,2,2
-9.355,4.17,ATAATACAATTTAATA,G349A E414K,2,2
-9.355,4.17,ATTACGTCTGCGGCAC,D441R,1,1
-9.355,4.17,CAACAGATTACCTTTA,N246G,1,1
-9.355,4.17,CACCACATAGAAACAA,F148S,1,2
-9.355,4.17,CCACACAAAGGAAAAG,A253N,1,1
-9.355,4.17,CCCAGAGTACAACTTC,P215H I437T,2,2
-9.355,4.17,CGACAATAATATATCG,F148Q S369C,2,3
-9.355,4.17,CTAAATACCACAGATG,K238P I469K,2,2
-9.355,4.17,GACACTAATATAATTG,G116I,1,2
-9.355,4.17,GCACAGACATCACTAC,R492W,1,1
-9.355,4.17,GCACTATTAGGCTAGT,A373T Y486*,2,2
-9.355,4.17,GCGGTGTATGACACAA,T37* E123I,2,2
-9.355,4.17,GTCCATTATAGGACGA,T40N M462N,2,2
-9.355,4.17,GTGGTAATATCGTGTA,N152M E484R,2,2
-9.355,4.17,TACATACTTACACCGT,E89Y,1,1
-9.355,4.17,TCGCCTATATGCTCAT,I67K Y470W,2,2
-9.355,4.17,TTATACACAGCAAATA,L13P N158K L496K,3,3
-9.355,4.17,TTCAATCCAATATACG,E457R,1,1
-9.355,4.17,TTGAACAATAAAAAAA,M444V,1,1
-9.355,4.17,TTGACCTCCTTAGCCT,G23W,1,1
-9.357,1.39,ATGGATACACAATCGT,R269E H488A,2,2
-9.358,0.834,AGCAAATAACGTGGCC,P284H G349*,2,2
-9.358,0.834,ATAAATATAACACCAA,N424W,1,1
-9.358,1.39,TAGAAACCAGTAAATA,Q434F,1,1
-9.358,1.39,TTTGAACATAGTTGGT,G116T,1,1
-9.359,0.3208,AATCTTTGTGATTATA,I245P,1,1
-9.359,0.834,CCCAATAATAACTCAT,L409Q M462A,2,2
-9.36,4.17,AATCCTTACGAGCAAA,N322Q,1,1
-9.36,4.17,AATTAACATTGTATAA,M346E,1,1
-9.36,4.17,ACAATCGTTAACCAAC,R261L E340K E414K,3,5
-9.36,4.17,ACCCTTAGCTACGGTC,T10G T451P K453S,3,3
-9.36,4.17,ACCTATAATAGCCCGG,S265E,1,1
-9.36,4.17,ACCTGTCCAAGTGAAT,T28H W421Y,2,2
-9.36,4.17,ACGACTCATCCTCTAT,N170K,1,1
-9.36,4.17,ACTATTAAGACTCATA,G342D V413I,2,2
-9.36,4.17,AGTGCAATTTAAAGGT,L86H,1,1
-9.36,4.17,ATAACACCGTAGCACG,D419F,1,1
-9.36,4.17,ATAATCTGGATGTAGG,I51C,1,1
-9.36,4.17,ATTACCCAATAAATAA,W84* I282N,2,3
-9.36,4.17,CAGACACGCAAGAATC,I214K Y486C,2,3
-9.36,4.17,CCACCTGTATATGAAG,A163* R261P,2,3
-9.36,4.17,CCCCGATTCTAATCTA,E89H,1,1
-9.36,4.17,CTAATAACATAACAAT,G23F,1,2
-9.36,4.17,CTCAATCATGCAACTG,A39T G72K,2,2
-9.36,4.17,CTCTGCGAACTCTTAC,F174C F448E,2,2
-9.36,4.17,CTGCTTAGGAGTCAAG,D85C I179F G386R,3,4
-9.36,1.39,GAGACAAAAACATCTG,G61N,1,2
-9.36,4.17,TAAACTTTCCCTCCAG,G23E,1,1
-9.36,4.17,TAAGATTGTTTAAGAG,E123D,1,1
-9.36,4.17,TATAATAAGAATGTCT,C76R,1,1
-9.36,4.17,TATAGCCCCTTTAAGT,G181W,1,1
-9.36,1.39,TATCAGATTTTTCGAA,G61M Y233M V323M,3,3
-9.36,1.39,TCATTCTTTCCATGGC,L409S,1,1
-9.36,4.17,TCCCCTAAATAGAACT,C64Q G330K,2,2
-9.36,4.17,TCTGGTAATCAAAGAT,Y351S,1,1
-9.36,4.17,TGAATAACACTAGTCG,P227D I478E,2,2
-9.36,4.17,TGAGCACCAAACTTCG,G249E,1,1
-9.36,4.17,TTCAAAGTTCTTGGGA,T206E,1,1
-9.361,0.5957,TAACAAACTTGAATAA,K131V Y233* L455C,3,3
-9.362,1.39,GAACTTCAGCCCTCAA,G349R H488S,2,2
-9.363,1.39,AAAAATCACTCTATCG,N190Y I437E,2,2
-9.363,1.39,TAAATAATCAGACAAT,L314Y,1,1
-9.363,0.5957,GGGGAATTGAACCCAT,F120A,1,1
-9.365,4.17,AAAGGTACCTCATTGG,L431P,1,1
-9.365,4.17,AACATCCCACAAAAAT,L154K T451K,2,2
-9.365,4.17,AACCAAATAATATTGC,W84Q,1,1
-9.365,4.17,AACCAGTGATACTACT,S287F,1,1
-9.365,4.17,AACTATCCCAAGACGC,T451N,1,1
-9.365,4.17,AAGAAAATATTAAAAC,Y412* A430E,2,3
-9.365,4.17,ACCCCCACACTAGATA,Y302I C477I,2,2
-9.365,4.17,ACTATTGTTGTCAATT,T37Q M462L,2,2
-9.365,4.17,ATACACAGGGTTATAC,N22L F500N,2,2
-9.365,4.17,ATAGCCTAAGTACCGA,A163R C277R E410K,3,3
-9.365,4.17,ATAGCGCATGCACCGG,G349N I469D,2,2
-9.365,4.17,ATCATCAGCTAAAAAA,L243S,1,1
-9.365,4.17,ATGGTACGGCAAAAGC,F147N,1,1
-9.365,4.17,CACAAAGTTTCAAATT,C473F,1,1
-9.365,4.17,CACCACATAAAATCCA,V429D G463D,2,2
-9.365,4.17,CATAGCATACCACGTA,S193V K278R,2,2
-9.365,4.17,CCAAGGTTAGCGACGC,N165C G249C V309M,3,3
-9.365,4.17,CCCCGGATATTTGGTA,I478G,1,2
-9.365,4.17,CGATAATCACCTCCTA,N433E,1,1
-9.365,4.17,CTGCACCCGAATTTCA,C477Y,1,1
-9.365,4.17,CTTAAAATATTTGGAC,I339R,1,1
-9.365,4.17,CTTCCGTTCTATAATG,V166C L314K,2,2
-9.365,4.17,CTTTTATTTTACCGAG,G319W,1,1
-9.365,4.17,GAACTATAATACAAAA,G303T,1,1
-9.365,4.17,GACAAGAAGCAAATCC,W84L K238D G479W,3,3
-9.365,4.17,GATTTTACATCCAAGA,R499N,1,2
-9.365,4.17,GCCTTTTTAATTAAAA,E123K G330N,2,2
-9.365,4.17,GCTCGTGAGACCAGAT,Y470T,1,1
-9.365,1.39,GGTACCCACCATGTAA,N45F F125A,2,2
-9.365,1.39,GTTAGATGATTAACCG,Q434V,1,1
-9.365,4.17,TAAGACCTCACCACTA,F148T,1,1
-9.365,4.17,TAATATTACTGTGCTC,I288K,1,1
-9.365,4.17,TAGATGAAGATAATGA,A196M M462P,2,2
-9.365,1.39,TATTACATGATGAGAA,F147T,1,1
-9.365,4.17,TATTCAGCCTAAAATG,I232E,1,1
-9.365,4.17,TGAGCTAGATTTGATC,L66N N158L,2,2
-9.365,4.17,TGGTCGCAGTTCAAAA,V237L G319T K472Y,3,4
-9.365,4.17,TGTAACTAAAAAGGTT,A93T F332A,2,2
-9.365,4.17,TTATCATGAGATCAGT,L420W,1,1
-9.367,1.39,AATAAGAAAAGATAAA,A334K,1,1
-9.367,1.39,ATTACCTACTAATATA,L108Y,1,1
-9.367,1.39,CAATTGAGTCAAGGAA,G16F,1,1
-9.367,1.39,CTATTATGCACACTAA,V204G,1,1
-9.367,1.39,GCAAGAACTAGTAATC,I230F D441W,2,2
-9.367,1.39,TTTCTACAATACTTAA,G256F,1,1
-9.368,1.39,AACAAATATTCTCTTT,N298P D474I,2,2
-9.368,1.39,ATGATGTTCTATATAG,F87D,1,1
-9.368,1.39,CAGCCCGAGATGAAAT,N357F G386E,2,2
-9.37,4.17,AAAAGGCCTCATCATA,I481R,1,1
-9.37,4.17,AAAAGGGAATCAACTT,V204H,1,1
-9.37,4.17,AACACAAATTTATGAA,A336W,1,1
-9.37,4.17,AAGTTCAAGTTTTACG,L177S,1,1
-9.37,4.17,AATAACGGCACCAATC,Q434V,1,1
-9.37,4.17,ACCTATATGAATGTTG,D419Y,1,1
-9.37,4.17,ACGGACCTTTATGTTC,C281S E432P,2,2
-9.37,4.17,AGGCCATACCACGATC,C477R,1,2
-9.37,1.39,AGGCTATCCTCTCGTA,P293H L381G,2,2
-9.37,4.17,ATAGAGAAGCACTATA,V36G E83A,2,2
-9.37,4.17,ATATAACTTGGCATAA,I377D,1,1
-9.37,4.17,ATTAAACCTAAAAGAG,G23K,1,1
-9.37,1.39,ATTTATCAACTTCTAA,C305N,1,1
-9.37,4.17,CAAAGAAAACGATAGA,Q363P,1,1
-9.37,4.17,CAACGACAGGAAGCCC,G319S,1,1
-9.37,4.17,CACGAAACATGCAACC,V402H,1,1
-9.37,4.17,CATCCCTACATTGTTA,G303L,1,1
-9.37,0.834,CTAACAAGTGGTCCCT,N152I,1,1
-9.37,4.17,CTATGAACGCCTGAAT,I3V I245T,2,2
-9.37,4.17,GAGTGAAGCATTCAAC,,0,0
-9.37,4.17,GGATAGACGGCGTTTA,G116V,1,1
-9.37,1.39,GTTCTTTAACCTCACA,D225W G352D,2,5
-9.37,4.17,TAAGCTATATCCAAGA,R224P G349D D375G,3,3
-9.37,4.17,TAATATGATAAGGATA,I58Q,1,1
-9.37,4.17,TGAGCCCTAACAAGTC,W153D,1,1
-9.37,4.17,TGGGAACTTTGTTTGA,I67W,1,1
-9.37,4.17,TTAAACTTGAATATAG,G337V E340C,2,3
-9.371,0.3791,ATTAAAAAGAAAGAAC,L151Y,1,1
-9.371,0.834,AGCTATAATATGATAC,I67R H471R,2,2
-9.371,0.834,ATGAGAACAATAAACC,I202E,1,1
-9.371,1.39,TGAAGCTATTACGGGA,K468P,1,2
-9.371,1.39,TTTCTTACTCCCCGTA,R321L D461C,2,2
-9.372,0.834,AAATGCTCCATAATGC,C139Y,1,1
-9.373,0.3791,TCCTTACCATACAAAA,R220D A495S,2,2
-9.373,1.39,ATAAAACGTCCTCACT,L455A,1,1
-9.373,1.39,ATTGTCGTCCACAGCA,G61D,1,1
-9.373,1.39,CCTCATTTCCAGTCTC,S205Q H488D,2,2
-9.374,0.5957,CAGTCATCGGTACCGA,F195V I437R,2,2
-9.375,4.17,AAAAAGACACGCCAAA,R150E,1,1
-9.375,4.17,AAAAGGAGGTATACTC,F192V R492D,2,2
-9.375,4.17,AAAATCAAACAACTAC,N458V,1,1
-9.375,4.17,AAACTTAATCCACATA,F353L,1,1
-9.375,4.17,AAACTTATTCTCTTTT,N250E,1,1
-9.375,4.17,AACGTACCTTCGGAAA,C64Y R220C,2,2
-9.375,4.17,AAGAAGTACAAATGGC,I34T G345S,2,2
-9.375,4.17,AATACAGACCCACACA,F500R,1,1
-9.375,4.17,AATGTACTATATTATA,K176N,1,2
-9.375,4.17,ACCAGAAGAATGCTAT,Y178W,1,1
-9.375,1.39,ACCTGATTTTGTAAAA,E432G,1,1
-9.375,4.17,ACTGTACAGACGGATC,Q327D G333C,2,3
-9.375,4.17,ACTTAAACAAAGACCA,A106L P185H,2,2
-9.375,4.17,AGGGATCGTTTAGTCC,E89K,1,1
-9.375,4.17,ATACACCTCTGAACGA,S46Q K446Q G463A,3,3
-9.375,4.17,ATATTTTGAAGACGCT,Q57G E340T,2,2
-9.375,4.17,ATCCCCCAAGTACGGT,E460P,1,1
-9.375,4.17,ATTCCATAACACCTTG,R354D,1,1
-9.375,4.17,CAAAACCTGTATTCAA,N458K,1,1
-9.375,4.17,CACTGTATCGATTGGA,I34G,1,1
-9.375,4.17,CCTATCCACTTAACCC,P103I E484*,2,2
-9.375,4.17,CTCCAACCACAAGACA,L314C E426G,2,2
-9.375,4.17,CTCCCTTAAACACACA,A495Q,1,2
-9.375,4.17,CTCGTCAAATCCACAG,A495F,1,1
-9.375,0.834,CTTATAAATTCACAAT,T117V S270R T451P,3,3
-9.375,4.17,CTTTGGTACTAATATC,A317W,1,1
-9.375,0.834,GATAAAAACTACTCAC,V43R S110T R492G,3,3
-9.375,4.17,GGCTATTAGCATATAC,E41G,1,1
-9.375,4.17,GTATCTTACTAAAGCA,F125T,1,1
-9.375,4.17,GTGAAGACTTCTCTGA,F147A,1,1
-9.375,4.17,TAACTGGAGCGAAAAC,E89F S442R,2,2
-9.375,4.17,TAAGTTTCCCATGTTT,S9E G345T,2,2
-9.375,4.17,TACTCACCCAATATGA,S115R L177R,2,2
-9.375,4.17,TCACCACAACAAAACA,R354P E403K,2,2
-9.375,4.17,TCATACTCTAAAAACC,N322Y,1,1
-9.375,4.17,TGCGCAATTGCTTGTT,R90K L194T,2,2
-9.375,4.17,TTAACAGAGCACGCAT,F467C,1,1
-9.375,4.17,TTCCTTCATCAGAACG,I3Q I288E,2,3
-9.375,4.17,TTTAAAAATTAGGAAT,V36I,1,1
-9.376,1.39,TAGAGCTAATAGTAAA,P324S A495W,2,2
-9.377,0.834,CATAGCAACTGGCTAT,N357E,1,1
-9.378,1.39,CTTTCCACCCCAAATA,L177P P293L T388L E396V,4,4
-9.378,1.39,TATATTAAAGGTATGC,E41S,1,1
-9.378,0.3208,GGGCGGGACGTTCCCA,Q311*,1,1
-9.38,4.17,AACGAATTTGATGTTC,H355D Y491C,2,2
-9.38,4.17,AATCTAACCATAGAGT,T37Q,1,1
-9.38,4.17,ACTTTAACTAAAAACA,V20T G134M,2,2
-9.38,4.17,ACTTTCAGTTAATATT,S265Y R321W,2,2
-9.38,4.17,AGCTAGCCCACGCAAT,T313E M444R,2,2
-9.38,4.17,AGGTAACAACATTCAA,N382K F392L F500T,3,3
-9.38,4.17,ATGACCTCCTAAGTAA,V413N,1,1
-9.38,4.17,CACCTCAATTCGGCAG,L71R G286M,2,2
-9.38,4.17,CCAAAACTCAAAGACA,R261L P293L N389I,3,3
-9.38,4.17,CCTAGTTTACAACACC,L151S D415N,2,3
-9.38,4.17,CGAACCGTGAAAACTG,V36N M462N,2,2
-9.38,4.17,CTTTCTTGCTGGAGCA,G349P,1,1
-9.38,4.17,GATGCCTTGTGATCAA,A317I,1,1
-9.38,1.39,GTAGAGTGACTTTCTG,K315Y F500G,2,2
-9.38,4.17,GTATAACAGTCAGGCC,F120L I395Y,2,2
-9.38,4.17,GTTCTCAAAAAAGAGC,Q211* T328H,2,2
-9.38,4.17,TAACAAAACAACATTT,I252F R261L R492D,3,3
-9.38,4.17,TAAGAGATAGGAAGTA,F147H,1,1
-9.38,4.17,TACCCATTCTACCTGA,K238N I437Q,2,2
-9.38,4.17,TATAACACAATTTCAT,L66P R499T,2,2
-9.38,4.17,TATGATCTACATATTT,N152G,1,1
-9.38,4.17,TATTCAATCTTGAATA,N458V,1,1
-9.38,4.17,TCAAGTCCACGAATCC,P227V A372T E443K,3,3
-9.38,0.834,TCACAATTCATTTTTA,E340S,1,1
-9.38,4.17,TGTTCAAACATCTCAT,Y423K,1,1
-9.38,4.17,TTAGAGAAGTCACATG,,0,0
-9.38,4.17,TTCGCACATATAAAAT,L439P,1,1
-9.38,4.17,TTGAAATTCCAATCAC,R229S L496Q,2,2
-9.381,1.39,ACACACCTTCCTTACT,L13R,1,1
-9.381,1.39,ATAATTTACAGGGGTC,L111G G200Y,2,2
-9.382,0.4633,GCAACACTTGCATAAG,A113H,1,1
-9.383,1.39,CAGATTCAATACGAAT,Q75H A113S I335W E344K,4,5
-9.383,1.39,CATGTACAGCGGTAAA,E123T,1,1
-9.383,1.39,CGTTGATCGCTGTCAA,A425R,1,1
-9.385,4.17,AACATAATAGTACCTA,C97T,1,1
-9.385,4.17,AACTCGCATAGACTAT,R208Q M462G,2,3
-9.385,4.17,AAGAGTTCAAATCCAT,L154Y E280G,2,2
-9.385,4.17,AATTTTATAGACTGAA,N170C Y491W,2,2
-9.385,4.17,ACGCCACCACTTACAT,F353R,1,1
-9.385,4.17,AGCTATAGCGCAAAAT,I377H,1,1
-9.385,4.17,ATATCGTAATAATAGT,A253T,1,1
-9.385,4.17,CCATAAAGATCACTCT,G72R T416C,2,2
-9.385,4.17,CCCCGAAGTAGTGTGA,N246G,1,1
-9.385,0.834,CGATTTGTTTTTAAGA,D348N L381N,2,2
-9.385,1.39,CTAAAAAACATATTCC,I331Y,1,1
-9.385,4.17,CTGCAGATTTAGCCTT,D241V,1,1
-9.385,4.17,CTTACGTGATGTCGAG,G337W,1,1
-9.385,4.17,CTTTAACCAACGCGTT,G116L M268L,2,2
-9.385,4.17,CTTTGTAAGTCAAAGA,C139Y,1,1
-9.385,4.17,GAGAACTAAATCCTGT,V88N,1,1
-9.385,4.17,GGAACTTCTCGAGATG,C139S,1,1
-9.385,4.17,GTTGACGTACTTTCCT,C52E K315R,2,2
-9.385,4.17,TACCTGCTTACTAATG,F120D,1,1
-9.385,4.17,TCATATTAAAATAACA,H17G,1,1
-9.385,4.17,TTACTAAAAGAAACAT,N94K R321Q L384Q E390K,4,4
-9.385,4.17,TTATAGAATTACGCGG,S54R G61C,2,2
-9.386,0.5957,CTCCTGAAAAAGTAGA,R499C,1,1
-9.386,1.39,AGTAAAACATTAACTG,N22H E432*,2,2
-9.388,0.834,GCTAGAATATAGTAGC,T40A I282E,2,2
-9.388,1.39,ATCACTAATCCTTACT,C305K,1,1
-9.389,4.17,AAAAAAACTCATAATA,M346D,1,1
-9.389,4.17,AAAACGTACACACGTT,A459P,1,1
-9.389,4.17,AAAAGAACAGCACTTT,N464C,1,1
-9.389,4.17,AAATAACTTGGACCAC,Y302Q,1,1
-9.389,4.17,AACAATCAGGTCAACA,G256W,1,1
-9.389,4.17,AACAGCTTAACTTATT,A138H V347I,2,3
-9.389,4.17,AACCAAGAATTTAGCC,E41N S115N,2,2
-9.389,4.17,AAGGGAACTAACAATT,I339P L496P,2,2
-9.389,4.17,AGAAACATATAATATC,Y233I E410K,2,3
-9.389,1.39,ATAAAATGGGCGAACT,P254I,1,1
-9.389,4.17,ATTGTAAGCTAATAAC,N250C,1,1
-9.389,4.17,CAATGACATAGAATAA,W421*,1,1
-9.389,4.17,CGACTACAAATCGAAT,T301P,1,1
-9.389,4.17,GCGAAAGTTCTGATAC,P74G,1,1
-9.389,4.17,GGTAGCGGAAAAATAC,M346H,1,1
-9.389,4.17,GTACAATAATAGACTT,E432K,1,1
-9.389,4.17,TAGTTGACACTAATAC,K189Y L381P,2,2
-9.389,4.17,TATCCTTCTACCGAGT,T451Y,1,1
-9.389,4.17,TCAACATGAAATATAA,I335Y,1,1
-9.389,4.17,TCTACACTACACTCTG,G345V,1,1
-9.389,4.17,TCTACTTTTGGACTTA,I252N,1,1
-9.389,4.17,TGACAGATAATGAAAT,Y98R,1,1
-9.389,4.17,TTATACAGCATATCTC,L71K,1,1
-9.389,0.278,TTGAATTTAAAACGAT,D419R,1,1
-9.391,1.39,AAGATAAGAGAACAGA,I202K,1,1
-9.392,0.5957,CAAAATGACTAAGCTT,R222L A365G S422N,3,3
-9.392,0.834,CGGAACGCTAAATGAG,G349F,1,1
-9.393,1.39,TTCAAAACCGGTAACT,D68C,1,2
-9.393,0.834,GGATCATAGAGTTGGG,A19P Q501H,2,2
-9.394,4.17,AACTTACTAATACAAA,N357M,1,1
-9.394,4.17,AAGAAACTGGACCACC,I29M G360D,2,2
-9.394,4.17,AAGATGCCTGTACATA,T248E G275E,2,2
-9.394,4.17,AAGCCTTAAAATGACA,F148S G379H,2,2
-9.394,4.17,ACTTCATACTTTCCTA,I179H I226E,2,2
-9.394,4.17,ATTCTTACCTATATTC,E41V,1,1
-9.394,4.17,CACTTGCCGTGTCTTC,H471D,1,1
-9.394,4.17,CCATAGACACCCGAAG,H435P,1,1
-9.394,4.17,CCTGACTACTGAACTC,W421C,1,1
-9.394,4.17,CGGAACATACAATCTC,P4G N298K,2,2
-9.394,4.17,GAATATCCATACACAT,I232S,1,2
-9.394,4.17,GATAAAGCGTGATCAC,F258E A495S,2,2
-9.394,4.17,GGAGCGAATATCTTAC,A11D I51T,2,2
-9.394,4.17,GTACATTTTAAGCAAA,V102K,1,1
-9.394,1.39,GTCATCAGTGTTAAAA,W180G,1,1
-9.394,4.17,TATAATGACTCTCATT,I245R,1,1
-9.394,4.17,TATTCACAATTTCCCA,I335H,1,1
-9.394,1.39,TCAATTGTCAAGACAA,Y257I G386R,2,2
-9.394,4.17,TCACGTAACTAACATT,I335G,1,1
-9.394,4.17,TCCAATTACACGGACC,C52V A212I,2,2
-9.394,4.17,TTCATTTCAACCACTA,L108N,1,1
-9.396,0.834,AAAGCACTCAACCATC,G303A,1,1
-9.397,0.5957,CTATTCTAATGCCACC,I58W,1,1
-9.398,1.39,ACTACCTAGCTAACAC,H355Q,1,1
-9.398,1.39,AGTACTATCTAACCTA,T128N L409P,2,2
-9.399,1.39,AAGTTAAAACTAGTCC,I335E,1,1
-9.399,4.17,AATTCGCGATTCATCA,A336Q,1,1
-9.399,4.17,ACAAACGTGTTACTTG,L194W P306L,2,2
-9.399,4.17,AGTCATAACCCAACAC,G23K,1,2
-9.399,4.17,ATACCAGACTCTAGTC,D77H E280*,2,2
-9.399,4.17,ATCTTAAGAATACTTA,R109C S199Y,2,2
-9.399,4.17,ATTGTTTCATTCGCTA,I230S,1,1
-9.399,4.17,ATTTCTATGGTTACTC,V43R,1,1
-9.399,4.17,CAAATCTTTCCTCATG,F120L,1,1
-9.399,4.17,CCAAGCCAGACTTCCA,F148C,1,1
-9.399,4.17,CCAGTGTATTGCCAGA,P306Y,1,1
-9.399,4.17,CGATATAATTCCCCCT,M268G,1,1
-9.399,4.17,CTAACAGACCTCAGTG,A253W,1,1
-9.399,4.17,GAAGTATAATCGTTCG,D68P,1,1
-9.399,1.39,GAATTAAAAAAGCCAA,P4L R499D,2,2
-9.399,4.17,GAGACAAAAGTGCATA,L316G E410K,2,2
-9.399,1.39,GCCATACAGAAAAAAA,I267K,1,1
-9.399,4.17,GCCTCTCTCGAAACAT,G360Q,1,1
-9.399,4.17,GCTAAACACCACAAAA,C64S,1,1
-9.399,4.17,GTTTTGAGGGGAACCA,I226T,1,2
-9.399,1.39,TACATCAGGATCCCTA,G116N,1,1
-9.399,4.17,TATTTCAAAAAAAATC,H17D,1,1
-9.399,4.17,TCAATACCACATGAAA,G181Y,1,1
-9.399,4.17,TCACAGAAAGAGCGAG,G362T,1,1
-9.399,4.17,TCCAACATGGACATAG,A253M,1,1
-9.399,4.17,TCCGTCGCTAAGGTTC,I58Q,1,1
-9.399,4.17,TGCTTTCGAAACACAC,Y491E,1,1
-9.4,0.4633,TACTCACCTAAGACCA,P21* W350D R354I,3,3
-9.401,1.39,CAACTCTAAACTTCTA,C473D,1,1
-9.401,1.39,GCTATATGACGTTCTA,D68V G386E,2,2
-9.402,0.2453,ATTACACCTTTCTTCA,N498P,1,1
-9.402,0.8339,CTCGTAAGAAAAGCCG,F258A K411Y,2,2
-9.402,1.39,ACATAAGCCAACTGAC,S247R,1,1
-9.403,0.8339,TAATCCGCGGGGGTTT,C305Q,1,1
-9.403,0.8339,TGGAACAGAATGAAAG,D68I N290R,2,2
-9.404,4.17,AAAATCGATGAATACA,A253I,1,1
-9.404,4.17,AAGTACAATTAGGTGC,S228L Q407*,2,2
-9.404,4.17,AATAAACCTTTGTGCA,A163R C281G N389R,3,3
-9.404,1.39,AATCCCCAATCATTGG,E41A K472W,2,2
-9.404,4.17,ACACCTGATACTAAAC,C466S,1,1
-9.404,4.17,ACCTAATTAAACACAA,I335S,1,1
-9.404,4.17,ACCTAATTTTAAAATA,Q132Y Y351A,2,2
-9.404,4.17,AGAGAAAACAAAATAA,S287D,1,1
-9.404,4.17,ATCCATAATAATACTA,V36H,1,1
-9.404,4.17,CCAAAAAATTCCTGTC,G303Q,1,1
-9.404,4.17,CCAGATAAACGCTAAT,A19*,1,1
-9.404,4.17,CGGACTTCATCACTGA,L151W,1,1
-9.404,4.17,GAATGAAAAAACTGAT,G463I,1,1
-9.404,4.17,GACGACAAATATAACA,F294D,1,1
-9.404,4.17,GAGTTTTGTAAGAACG,C473S,1,1
-9.404,4.17,GCCATTATACATGAAT,L151T,1,1
-9.404,4.17,GTTCTCGGTGGAAATA,T416R,1,1
-9.404,4.17,TAATCGCAAATAACAA,P99F A336T,2,2
-9.404,4.17,TACTCACTCAAAAATT,C76D,1,1
-9.404,4.17,TAGAATAACAGGCACA,G330L E414K,2,4
-9.404,4.17,TGATTAATACACACTA,A69E G349E,2,3
-9.404,0.8339,TTACATTGTTTAGGCA,I260D E410D,2,2
-9.404,4.17,TTATAGTTCTTTTTAA,C466P,1,1
-9.404,4.17,TTCAAACCACTTGCGT,I58D,1,1
-9.404,4.17,TTCCGACGCAACTTAT,P74K I335W,2,2
-9.405,0.5957,CATAAAAGTATCCACC,I252T,1,1
-9.406,1.39,AGCTGACTTGCCTTTA,S107I F148C,2,2
-9.406,1.39,CGAAGCCCAACCATAA,S422H,1,1
-9.406,1.39,GGTAACAACTCAACAT,I58W,1,1
-9.406,0.2195,CTATTTTTCATCTAAC,P254H,1,1
-9.407,1.39,AGAATGGATATAGACC,K207M Y470P,2,2
-9.409,1.39,AACACCTAGAGACCTC,N433V,1,1
-9.409,4.17,AATTATGTATCATCCT,C97V,1,1
-9.409,4.17,AGAAGAAAAAAAGCAC,G360K,1,1
-9.409,4.17,AGTGACCGCATTAATA,W234K,1,1
-9.409,4.17,ATGATAGAATCTGGTT,T128I F448T,2,2
-9.409,1.39,CCAAATAATGTTTGCC,C281* R354S N489Q,3,3
-9.409,4.17,CCCGTTATAACCATCT,A459I,1,1
-9.409,4.17,CCCTAAAGACCAAGAT,L455G,1,1
-9.409,4.17,CCTCCGTAGCAGAAAC,F120P,1,1
-9.409,4.17,GAACATTACACCAAAT,D366F,1,2
-9.409,4.17,GAACTGAGTGATTGAA,T40P,1,2
-9.409,4.17,GTCTATTCTTAGATCT,F87Q,1,1
-9.409,4.17,TAATGTTCTACTAAAC,G23M,1,1
-9.409,4.17,TACCACTACTGAGGCT,I29Y N483G,2,2
-9.409,4.17,TCCACCAGCTCATAGA,S369N,1,1
-9.409,4.17,TCTCTAAGGCAAACAA,S287H,1,1
-9.409,4.17,TTACTCGATCAGCAAC,L118R,1,1
-9.409,4.17,TTATTATTAAGTTATG,I245D,1,1
-9.409,4.17,TTTGACTGTATGAATA,S265V,1,1
-9.409,1.39,TTTGGCACGACCTAGT,G181R,1,1
-9.41,1.39,ACCATCACCCCAAAAT,S270E,1,1
-9.41,1.39,AGCATGTGAGCAAAGC,N424P,1,1
-9.41,1.39,ATGCCTTTAACTGCTG,I288P,1,1
-9.41,1.39,GTACCAAATTGACCAC,E123S,1,1
-9.41,1.39,GTTCCCTAACATAACC,F120P,1,1
-9.412,1.39,CCACTAATGGCTACAG,A495K,1,2
-9.412,1.39,GAAAGCAAAGCAGAAA,W153C H355V D415L,3,3
-9.414,4.17,AAATCACGAATTATTG,F148A,1,1
-9.414,4.17,AATGAGTCATAGTGCT,G465V,1,1
-9.414,4.17,ACCCAGACTCGTATCA,G345A,1,1
-9.414,4.17,AGTAACGTGACTGCAG,F353H,1,1
-9.414,4.17,ATTCAAATCCTAATCG,D366W,1,1
-9.414,1.39,CGATAATCATTTTTTT,T203M D487Q,2,3
-9.414,4.17,CTCTCCAGCGACAACA,P185T I339K,2,2
-9.414,4.17,CTGCTAAAACGACATC,L194Y,1,1
-9.414,4.17,GAATCACATCGAATAC,F338Q,1,1
-9.414,4.17,GACAAAAACATGAACA,I481N,1,1
-9.414,4.17,GACGGGAGAGCAATTG,Q1R E432R,2,2
-9.414,4.17,GAGTAATAAGAACAAA,E484P,1,1
-9.414,4.17,GTAAGAACACACCGAA,N458Y,1,1
-9.414,4.17,GTCTCGGCGTAAAATA,I282R,1,1
-9.414,4.17,TAAGGCAGAACGATCT,G23V Q311G,2,2
-9.414,4.17,TACAGTAAATCATTAA,V36T Q295H,2,2
-9.414,4.17,TAGTAGTTGATACAAC,F332S,1,2
-9.414,4.17,TATTCACTACTGGAAA,G319D,1,1
-9.414,4.17,TCCGGTCAGCAGAATG,F148G,1,1
-9.414,4.17,TCTAAAGGACTAGATT,F125Q Y491N,2,2
-9.414,1.39,TTGTCAAACTAGAAGT,C305Y,1,1
-9.415,1.39,CTGTCCAAACATTATT,H18N Y257Q,2,2
-9.417,0.4633,AACAGTGTCGGGTCTT,H471I,1,1
-9.417,1.39,CAACCTAGACCATTAT,I242P K292N,2,2
-9.417,1.39,GAACCATTCCTTATAG,W350Q,1,1
-9.417,1.39,GAGAAAACCCGAACAT,F338C,1,1
-9.417,1.39,GTTAGTATCTATTCAC,P324T E359D,2,2
-9.418,4.17,AAGCAAAAATATAACA,C64H,1,1
-9.418,4.17,AATCGAAATTATTCAA,G463C Y486C,2,2
-9.418,4.17,ACATAAAGAAACACTA,H355L,1,1
-9.418,4.17,ACCATAAAAAGATATT,C52V,1,1
-9.418,4.17,ATTTTCACTAATGAGT,N170P F448N,2,2
-9.418,4.17,CAGAACATGAAGAGGA,E41K S115E,2,2
-9.418,4.17,CCAACGTGACGACCGT,T12G,1,1
-9.418,4.17,CCGTTTTGCATCAAGC,A365R,1,1
-9.418,4.17,CTAAAAACTAAATCAT,Y308R,1,1
-9.418,4.17,CTCGGACAAATACGAC,C477V,1,1
-9.418,4.17,GACGACATTTATATTT,W180T,1,1
-9.418,0.8339,GCCTTACTTCATAACA,F294L W350Q D461I,3,3
-9.418,4.17,GCGTCTTACCGATACG,G319V,1,1
-9.418,4.17,GGTTCTTTCATACGAA,T248V,1,1
-9.418,4.17,GTTAAACTCGTCCCCC,G349R,1,1
-9.418,4.17,GTTAATTGATTGTGTA,L66N,1,1
-9.418,4.17,TACACATTTAAATGCA,G337D,1,1
-9.418,4.17,TACATCAATGAAATAA,T440I,1,1
-9.418,4.17,TCATTACCATCCGTAA,A113E G275M,2,2
-9.418,4.17,TGCATAAACTGAGATA,L66T,1,1
-9.418,4.17,TGCTCCCCAGTAAGTC,N458D,1,1
-9.418,4.17,TGCTGATCAAATGGCA,A11Q,1,1
-9.418,1.39,TTACAAAAAAACCTAG,N498P,1,1
-9.418,4.17,TTCACAAACACAATTT,V166N R499M,2,2
-9.418,4.17,TTGAGAAGCTTACCTG,V88E,1,1
-9.42,1.39,ATCCAACACCCCCCTC,C305V,1,1
-9.42,1.39,CCTATCTAAACTTCGA,C97P,1,1
-9.42,1.39,CTAGCAAGGCAATCAA,S266Y P273T L384G,3,3
-9.42,0.8339,TCATTGGCGGCCTAAT,Y308G,1,1
-9.421,0.5957,CACCATTAATAACTTA,H355Q H435Q,2,2
-9.422,1.39,GTGCTAAAGTCGTCCT,I58N,1,1
-9.422,1.39,TGAAAGTGGGAACATA,L314D E398K,2,2
-9.422,0.8339,ACTCTTTATTGCCTGA,R261P V297D E390D,3,3
-9.423,0.3207,AATTACCTATAACAGG,G16T S270N N285A,3,3
-9.423,4.17,AAAACATACAGCGCAG,I252D,1,1
-9.423,4.17,AATCAACCTTGATGAG,G360D,1,1
-9.423,4.17,AGATGATCAATACATT,A163V C277S,2,2
-9.423,4.17,ATACTCCCGTACAATT,F294I,1,1
-9.423,4.17,ATACTTCATAAAATTT,C64Y,1,1
-9.423,4.17,ATGTATTCGTATTCAA,I232H,1,1
-9.423,4.17,CAGTACAAATATCAAA,L194F,1,1
-9.423,4.17,CTTAGGAACCCCCTTA,K176E,1,1
-9.423,4.17,GAAACTTTATAACCAT,L151G,1,1
-9.423,4.17,TCTTCTCTCGTTAGAA,I377E,1,1
-9.423,4.17,TTAATATAAAAACCTA,N190H,1,1
-9.423,4.17,TTCAATTCAGCCATGC,G116T,1,1
-9.425,1.39,CTGGAAACGTCTAACC,D474R,1,1
-9.426,1.39,ACTATAGGGTCACAAT,I230D,1,1
-9.426,1.39,CTCAAGTTTGACAAAT,L13D,1,1
-9.426,1.39,GGAACGGACAATAACA,D461R N498F,2,2
-9.428,4.17,AAAAATCCGATTTTAG,Q363K,1,1
-9.428,4.17,AAAGTATGAATGGACC,N190I D438N,2,2
-9.428,4.17,AACCAAATCATCAAAA,F120N,1,1
-9.428,4.17,AAGGCAAAAACAGCAC,A495I,1,1
-9.428,4.17,ACCTTGTCGCTGTCAT,P289T N298V,2,2
-9.428,4.17,ACGGGATATAAGCGAC,G134D G349E,2,2
-9.428,4.17,AGAGATACCGATAGCC,G345D I377E,2,3
-9.428,4.17,ATAATTCAAACCATCA,E83* D85M,2,2
-9.428,4.17,ATATGAAAATAAAAAT,S145L W234L,2,3
-9.428,4.17,ATGTACCTCGACAATA,Q295Y,1,1
-9.428,1.39,CACTTTGAATGTAATA,N122G P284T A373P,3,3
-9.428,4.17,CCGATCCCTCTAAGAT,A459K,1,1
-9.428,4.17,CTAATGAAACATCCCA,I202H,1,1
-9.428,4.17,CTAGTATAATAAATCG,E123M,1,1
-9.428,4.17,CTTCATTGCTCGTCTA,Q407K Y486D,2,2
-9.428,1.39,GAGAGAATAAACTTTG,R499T,1,1
-9.428,0.8339,GTGGAATCAGAAAATA,G465I,1,1
-9.428,4.17,TACTTATGTCTCAGAA,S270D,1,1
-9.428,4.17,TATATAACCAATATAG,F148I,1,1
-9.428,4.17,TCCCTTCTAACGAATT,R299L G362L,2,2
-9.43,0.4633,CATATAGCGACAACAA,P99F,1,1
-9.43,1.39,CTCGAACCTGATAACC,G349V,1,1
-9.43,1.39,TACAAAATAGTCCACG,L86D,1,1
-9.431,0.4633,AGAAAACATACTATGA,C64K,1,1
-9.432,0.8339,AACCGCACAAAACCCC,S209W,1,1
-9.432,0.4633,TCCATCATGCCCGGAC,W127G,1,1
-9.433,4.17,AAAAAATAATATCCTG,P185K,1,1
-9.433,4.17,AACGGCCAGACTAAAA,E457P,1,1
-9.433,4.17,ACACAAAACACATCTA,E123D V323E,2,2
-9.433,4.17,ACACCTCAAGAAGTTC,G61P P273G,2,2
-9.433,4.17,ACCTTAATAAACTGAC,T206L A334R,2,3
-9.433,0.5957,ACTTCCGATAAAGAGC,L86K,1,1
-9.433,4.17,AGGGCATTTTTAACGA,T248Q,1,1
-9.433,4.17,AGTTGGAATCATGAAA,Y308W M346I,2,2
-9.433,4.17,ATACTTTCGAGTAAGA,G256W,1,1
-9.433,4.17,ATTACTCCCTGATAAC,V102R A476T,2,2
-9.433,4.17,CAAACACTGATACGGA,S47N L447E,2,2
-9.433,4.17,CAATGCGATGATTAAA,L59P,1,2
-9.433,4.17,CAGTAACATTTCACCT,T235G,1,1
-9.433,4.17,CTCCTAAGAAAATTAC,L314Y,1,1
-9.433,4.17,GAAGAAGCCGATACCC,C477L,1,1
-9.433,4.17,GCCCACCCGACAGCAA,K131D A459T,2,2
-9.433,4.17,TAAAGGTATCTACAGA,L455R,1,1
-9.433,4.17,TATAGTACCACATCGT,T12P E414K,2,2
-9.433,4.17,TCAATATATTTTAATA,S369N,1,1
-9.433,4.17,TGTCAACTTACGTCAA,L151S,1,1
-9.433,4.17,TTAAAGTTTAAAGAGA,L447D,1,1
-9.433,4.17,TTAACTCGTAACCAAA,G330C L420I,2,2
-9.433,4.17,TTTAGCAACTTCGCAC,I179G F332R,2,2
-9.433,4.17,TTTCTCAAACTACCCC,E340S,1,1
-9.434,1.39,GACAACCATTGAAACA,G263E N458I,2,2
-9.434,1.39,GCTAACAAATACCGCC,S287W,1,1
-9.434,1.39,TGCACCCACTATTCTT,R90M,1,1
-9.435,0.4633,AATATATGGTACAGCT,W234* R383P,2,2
-9.436,1.39,CAGAACCTCCTTACCC,D101N D408N E410K E414K,4,6
-9.436,1.39,TATACACTTGTATGTT,F87S G134M,2,2
-9.437,4.17,AACACTGTTACTCAGG,I437D,1,1
-9.437,4.17,ACCCGTTAACTCCTCA,G249D E325V Q407E,3,3
-9.437,0.5957,ACTTTAATGGCAAATT,F467E,1,1
-9.437,4.17,AGAATAGTTTATTCAG,N458R,1,1
-9.437,4.17,AGCCCCTAAGCCAATA,A11K,1,1
-9.437,4.17,AGGAATCTAATGTCAT,V204H,1,2
-9.437,1.39,AGGTCGTATGACGGAT,A373T K453L,2,2
-9.437,4.17,ATACCCGAGCAACAGT,I51T W127H R269G,3,3
-9.437,4.17,ATATTGAATACATTTG,T440V,1,1
-9.437,4.17,ATCAGAATAGACCAGG,Y308S,1,1
-9.437,4.17,ATCTAACATTGGCACG,I51L P306V V347L,3,3
-9.437,4.17,CAACCACTCAACTCCC,C477V,1,1
-9.437,4.17,CAGACTAAGAGAACAA,S198F I478R,2,2
-9.437,4.17,CCATGAAAATTTAAAA,S266P E340F,2,2
-9.437,4.17,CCTACCTGTTTCCAAG,E460H,1,1
-9.437,4.17,CGAGCTATAAACTCAC,W343Y,1,1
-9.437,4.17,CGTAACTGTCTAATTC,T370E Q394R E398R,3,3
-9.437,4.17,CTACTATTACATGCAC,N250R,1,1
-9.437,4.17,CTATATTAAATCCCAT,V112Q,1,1
-9.437,4.17,CTCCTACGCACACTCT,G256V Q501K,2,2
-9.437,4.17,GAAAGCAGGTAAAAAA,D32Y S46T Y470T,3,3
-9.437,0.8339,GACGATCGAATCCGAA,L70G,1,1
-9.437,4.17,GAGTCTTGTAATCTAA,D104I P169L,2,2
-9.437,4.17,GTCAAAATCGCAATGT,G16Q,1,1
-9.437,4.17,TACACGTCTAAAGCGA,C64S S265G E484A,3,3
-9.437,4.17,TATGATTAGTAACTAA,G349E K450Y,2,2
-9.437,4.17,TGGAAGACGGGACGCC,A373F,1,1
-9.437,4.17,TTATGACGATAAGCAA,N322A,1,1
-9.437,4.17,TTGGGTGTAAACGATA,I288Y,1,2
-9.437,4.17,TTTTATATAGGTAGCT,L118K Y423*,2,2
-9.439,1.39,CTCGCTATCTTTAATA,V237N,1,1
-9.439,1.39,TTAGTTAACGAATACC,I236P,1,1
-9.44,0.5956,AATCTGTAAAATATGA,F294H,1,1
-9.441,1.39,AGAAAAAGTAGCAATT,T451P,1,1
-9.441,1.39,GTCAATTCGGCTAACC,T206E,1,1
-9.441,1.39,GTCTAATTTAATTCAA,W127K,1,1
-9.441,1.39,TTTATCAAGCAACAAA,N8V G465E,2,2
-9.441,0.5956,ACGTCATTTAGAGGGA,D461S F500K,2,3
-9.441,0.8339,TATATGTTTACTAGTA,N133W C281Y,2,2
-9.442,0.1544,CTCATCCCAAACACAA,L251K,1,1
-9.442,4.17,AATCGACTCTTACATA,P306W,1,1
-9.442,4.17,AATCTATGAATCGGCT,I481S,1,1
-9.442,4.17,AATGCCATTTATACAT,F125P E344Q,2,2
-9.442,4.17,AATTGCTAATGGGGAC,S136M,1,1
-9.442,4.17,ACCTAAAACCGCCATT,V20N E432K,2,2
-9.442,4.17,AGCAGTGTTACTACAC,I179D,1,1
-9.442,4.17,AGTCTCATAAGAACAA,S54I V204K T485S,3,3
-9.442,4.17,ATACCGAGGTCAGAAC,W343* E414L D487F,3,3
-9.442,4.17,ATTGAGAAGTTAAAAA,F87Q,1,1
-9.442,1.39,CAACAAAATTTGTCTA,A113Y S247P,2,2
-9.442,4.17,CATTTACTCCCGAATG,S96P D366L,2,2
-9.442,4.17,CCTATAGTTATTATAA,R492W,1,1
-9.442,4.17,CGCATAAAAAATGGCC,E426T,1,1
-9.442,4.17,CGTCAGTCCCTATAAT,I230W,1,1
-9.442,4.17,CTCTGGCTGAGGTAGC,G181M,1,1
-9.442,4.17,GACAACTAGTTTACCA,L151P,1,1
-9.442,4.17,GATCAATCCAAGTTAG,V102H,1,1
-9.442,4.17,GCAAATAGCATCGGGG,I288K E457Q,2,2
-9.442,4.17,GGAATGAACAAAGCTG,T37S,1,1
-9.442,4.17,GGCATGTCTGTGAGGA,N464E,1,1
-9.442,4.17,GTCACCTCCTCCTTTG,Y486R,1,1
-9.442,4.17,GTCACTTAAGAACCAC,A365N,1,1
-9.442,4.17,TAATTGAGTGACCAAT,R354G,1,1
-9.442,4.17,TACCGGATCAAAAAAA,V88E,1,1
-9.442,4.17,TACGTTCAATAGACGA,L194R,1,1
-9.442,4.17,TTTCCAGAGGATTGGA,W127D,1,1
-9.443,0.5956,AATAAAAACCTCTTTC,W153F I288M,2,2
-9.444,1.39,AATGTAATTACAAATT,V26R P284R,2,2
-9.444,0.5956,ATTAAATCTAAAAAAA,L439K,1,1
-9.445,1.39,AAGGGAGTAAGGAAAC,V88Y E390K,2,2
-9.447,4.17,AAGTTGGTAATACAAA,G134S R299S C466*,3,4
-9.447,4.17,AATGCGATCTCCTTTA,L151N,1,1
-9.447,4.17,ACCCCTACGACGTTAT,I245T,1,1
-9.447,4.17,ACGAAATGTGTGGAAC,I245P,1,1
-9.447,4.17,AGCAATCCGTACAAGA,S136I W421A,2,2
-9.447,4.17,AGCAATGTAGAAACAT,L151Y,1,1
-9.447,4.17,ATAACTTCTCAAAGGG,D241Y,1,1
-9.447,4.17,ATATAATCTATAAATA,L420Y,1,1
-9.447,4.17,ATCGAATGACAAGAGT,E359K G463D,2,2
-9.447,4.17,ATGATCTTGACAAATC,L13P,1,1
-9.447,0.8339,CAAGCACACTCCATTG,V112R,1,1
-9.447,4.17,CCACACCACCTCCCCA,R90G,1,1
-9.447,1.39,CCATTATAATTCCCAG,G345F,1,1
-9.447,4.17,CCCACCTATGAGCCCA,D60G D77N G386E,3,3
-9.447,4.17,CCGCATTGTCTAACCT,T248Y,1,1
-9.447,4.17,CCGTCCTCTACCTGGT,L455W,1,1
-9.447,4.17,CTCTTGTCTCTGCCAA,G61V,1,1
-9.447,4.17,CTGGTCACTTGCCCAC,Y491R,1,1
-9.447,4.17,GCATAACTACTTTTAC,A317D,1,1
-9.447,4.17,GCCCCCCAAAAAAATT,A317E,1,1
-9.447,4.17,TAAAAGAAACGTGCCA,W343V,1,1
-9.447,4.17,TAACGACCATGAAAGC,A163L P293N D438V,3,4
-9.447,4.17,TAATCAGTGTACCCAC,C52E F332D,2,3
-9.447,4.17,TAGATCAGAAACTTAT,L70E,1,1
-9.447,4.17,TGCAAACAGCTACGAA,W421F,1,1
-9.447,4.17,TTACCATTCAAATGGG,W127* F294P,2,2
-9.447,1.39,TTCACGACCCACACGT,D188E E280C E410K G463D,4,4
-9.448,0.8339,ATCTTAACACATAAAA,L177* P293Q,2,3
-9.45,1.39,CGCATTATACATACAG,C305M,1,1
-9.452,4.169,AAACTAGGGCATAAAG,G465E,1,1
-9.452,4.169,AAGCCATCCCTAACCG,V36F T117H,2,2
-9.452,4.169,AATTAAACCTTCTGAT,Y491E,1,1
-9.452,4.169,ACAACAGGACGAATAG,L151D,1,1
-9.452,4.169,ACCCACCGCCTCAATA,C305G G386H,2,2
-9.452,4.169,ACGAAGCGAAGTAAAC,Y233A C277Q E390L,3,3
-9.452,4.169,ACTCATCCTTAATTTA,R482D,1,1
-9.452,4.169,AGAAATCGAGATAACC,F120C,1,1
-9.452,4.169,AGACAATAAGAAGCGA,S143C F258K,2,2
-9.452,4.169,ATAACATCCACAAACT,N81L V413M S422K,3,3
-9.452,4.169,ATCTACAAAAAGGACA,E41I,1,1
-9.452,4.169,ATGACTTATATTAGAT,I232E,1,2
-9.452,4.169,CACTTCAAAAGACACT,E410K N475V,2,3
-9.452,4.169,CGCGCCGACCGAGCCG,L316M A334P,2,2
-9.452,4.169,CTAATCTCGACTGAAC,G181C,1,1
-9.452,4.169,CTCTGAGTAAATACAG,N152R V429P,2,2
-9.452,4.169,TAATCGCATATCACCA,N322W,1,1
-9.452,4.169,TACATCGCCCACTGGA,D461C,1,1
-9.452,4.169,TACCCGTTAAAACAAC,P254H,1,1
-9.452,0.8339,TACGCACAATGTGACA,G360N,1,1
-9.452,4.169,TCACTAGAATCATCAC,S228L R229L M320I,3,3
-9.452,4.169,TTATCACAATCCGGAA,V323G,1,1
-9.452,4.169,TTTTTTAAGTTACAAC,A39W,1,1
-9.453,0.8339,AGCCTTTAAAAACCTT,G286D,1,1
-9.453,0.4633,GTACTATTACACACAT,Q295Y,1,1
-9.453,0.8339,AAAAATACTGAGTGGA,C76Y,1,1
-9.455,1.39,AAGAGCCTGACAGTAA,F147G,1,1
-9.455,1.39,CACCCTAAAAAGCATG,V309R,1,1
-9.455,0.8339,CCTTTGATGCGCACCA,G49Y F125D S205I,3,3
-9.456,0.4633,TTAAACATATACCTTA,C76S,1,1
-9.456,1.39,ACTAATGGACGGAAAT,R222Q F448S,2,2
-9.456,4.169,AAACACTTTTCGCGCC,H471Q,1,1
-9.456,4.169,AACCGGTTATCACATA,C473W,1,1
-9.456,4.169,AATAAACCCAAACACC,G303C,1,1
-9.456,4.169,ACCTAATGAAATTATA,V102Y,1,1
-9.456,4.169,ACTGGAACCCCGGCTT,N81L I502N,2,2
-9.456,4.169,AGAGAAATTCTCAAGT,D68E L71V W234G,3,3
-9.456,4.169,AGGATGCGTCAATAAA,W234P,1,1
-9.456,4.169,ATACAACTCCTATAGC,H184N A459Q,2,3
-9.456,4.169,ATAGTCCTTAAGAAAT,H471T,1,1
-9.456,4.169,CAACAGTACTGAAACT,C14Y,1,1
-9.456,4.169,CAACCATACTACACTT,Y178T,1,1
-9.456,4.169,CACAAAAACTAATGAT,E89W,1,1
-9.456,4.169,CACAAGGACGATTAAA,Y178W,1,1
-9.456,4.169,CACAATTAACAACTGA,C473G,1,1
-9.456,4.169,CAGCAACGACAGGACC,Y302C,1,1
-9.456,4.169,CATGTGATAGCTCAAG,E123R A334I,2,2
-9.456,4.169,CTTCATCAATAAGCTC,G61C D225E,2,2
-9.456,4.169,GCACTACTAAAAGACT,S136H G465E,2,3
-9.456,4.169,GGCTAGAGCAAAGCTT,Y302V C305F,2,2
-9.456,4.169,GTAGTACCCGTTCATC,Q164P R329G,2,2
-9.456,4.169,TAATCTAGTTCCTTAT,Y308E,1,1
-9.456,4.169,TAATGCAACCATCAAT,E35Q A317R K380N,3,4
-9.456,4.169,TGGTCTGAGACCCACT,K50F G465D S480P,3,3
-9.458,0.379,ATAGCCCAACAGACGA,Y486N,1,2
-9.458,1.39,CACCACAAGAAACTAT,E426*,1,1
-9.461,4.169,AAAATCCACAATAGGC,M346D,1,1
-9.461,4.169,AACAACTACTACGCAA,I58F C64* M268I,3,3
-9.461,4.169,AAGTAGCTCAGAATAC,K171R Q295I,2,2
-9.461,4.169,AATGGTCGGTTCCCTA,I260F C477P,2,2
-9.461,4.169,ACGGGTATCACACTTC,G337H,1,1
-9.461,4.169,ACTATCAGCTACAATG,R492C,1,1
-9.461,4.169,ACTTGCGTATATTGCT,H471W,1,1
-9.461,4.169,AGACAACCAATCATCC,V204S,1,1
-9.461,4.169,AGACTAATATAAACTT,D60K,1,1
-9.461,4.169,AGCCAGCTTACCAGAA,G134A,1,1
-9.461,4.169,ATAGCTAGGAGGTACA,T248W,1,1
-9.461,4.169,ATCATCAAAAGACAAA,S358I Y486*,2,2
-9.461,4.169,ATTACCGTGATCTGTA,G61Y,1,1
-9.461,4.169,CAAAAGTGAACCGCAA,T40H L455F,2,2
-9.461,4.169,CGAAAAACAATATAAT,T117P S247L G275E G465R,4,4
-9.461,4.169,CGAATCCTGAAATGAA,R150W,1,1
-9.461,4.169,CGTACTTTGAGATGAA,S287A A425P,2,2
-9.461,4.169,CTATAACTTTATCCTT,E340C F392L,2,2
-9.461,4.169,GAGGTAGAACTAGTTC,V43W E410K,2,4
-9.461,1.39,GATCAAAAAAACCTAT,G62K C64F K315A,3,3
-9.461,4.169,GATGACCGTACACAGG,I478R,1,1
-9.461,4.169,TAAAAGTTCTTCGTCG,G319Y,1,1
-9.461,4.169,TACAAAGCACCTAGGA,P74M,1,1
-9.461,1.39,TATAGCAATGGACCAA,P306D,1,1
-9.461,4.169,TATCTATAGGAAATGC,M268P,1,1
-9.461,4.169,TCATATGTGAGTACAC,A253T,1,1
-9.461,4.169,TCCATTACACAAAGAA,I377W,1,1
-9.461,4.169,TCTAAAATACAATATG,E414K H471M,2,2
-9.461,4.169,TCTACCTATGATAATT,I469G,1,1
-9.461,4.169,TCTTAATCAGATCACC,F332A N498T,2,2
-9.461,4.169,TTGATACAAGAAACTC,H471R,1,1
-9.462,1.39,CGACACATTGTCTCTT,M444Q,1,1
-9.462,0.4633,GGAATTCGTTACAATA,,0,0
-9.462,1.39,TCCGTAGCTAAACCCG,,0,0
-9.463,0.8339,ATGTTTTAAGCATCCC,N296W L496G,2,2
-9.463,0.4633,TAAGGTAATATGATAT,E89S,1,1
-9.464,0.3207,CAATTGCACCCTGCAA,C477F,1,2
-9.464,1.39,TACGCGACTAATACGG,F174S V429H,2,2
-9.465,0.4633,TTGGCTTCATGAAACA,E172G P284V L384P E398L,4,4
-9.466,4.169,AAAAGATGTACAAACG,I252W,1,1
-9.466,4.169,AACAGTTTAGTATCAG,I339Y,1,2
-9.466,4.169,AAGAACTTTGCCGTAA,D461R,1,1
-9.466,4.169,ACGATCATCTGCCATG,A69K E494Y,2,2
-9.466,4.169,AGACGGACCAGTGTAA,M268S,1,1
-9.466,4.169,AGCAACGTTACTTAAA,L111P,1,1
-9.466,4.169,AGGAAACAAAGCACCA,I179N,1,1
-9.466,4.169,ATAACGAAGGATCACC,A317Y,1,1
-9.466,4.169,ATATGATCTAAAGCAC,V88W R229D,2,2
-9.466,4.169,ATGCCCAATATTAACA,G337S F500K,2,2
-9.466,4.169,ATGCGTGTGTCGAAAT,R229N,1,1
-9.466,4.169,CATAACATTATCAATA,Y491R,1,1
-9.466,4.169,CCAAAAGATGCATAAA,G330D,1,1
-9.466,0.4633,CCCACACTTGTAGACA,C64P,1,1
-9.466,4.169,GGCAATTCAAAAAAAA,I58E,1,2
-9.466,4.169,GGCGTAAAAGCCACAG,H488R,1,1
-9.466,4.169,TAAGTTGTATACTAAA,F87Q D348N,2,2
-9.466,4.169,TATTACCCTTTTATAC,I245D,1,1
-9.466,4.169,TCATTTCTAAACTTTA,Y351G,1,1
-9.466,4.169,TCTATCATATAAGTCA,L154E,1,1
-9.466,4.169,TGAAAAAGATATAAAA,L447W,1,1
-9.466,4.169,TGAATATAGACACATC,T370P,1,1
-9.466,4.169,TGTAAGTAACAAAGAA,C76Q,1,1
-9.466,4.169,TTAGGGAGGTAAACAA,E414N,1,1
-9.467,1.39,CGGGTTCATTATATGA,A11Y,1,1
-9.47,4.169,AAATCTTACTCCGAAA,Y308R,1,1
-9.47,4.169,AATAAGAAACTCAAAA,I3*,1,1
-9.47,4.169,AATGAAATCAAGAGAC,L177A R261* P293A,3,3
-9.47,4.169,AATGAACATTGAGTAC,S107R G337H,2,2
-9.47,4.169,ACGGATGCCTGAGACC,F338Q,1,1
-9.47,4.169,ACGGATTACCCATAAA,N81T G342S D474E,3,3
-9.47,4.169,AGATCACACCCAAAAA,T248R,1,1
-9.47,4.169,ATAACACAATTCTCAT,G134E L420M,2,2
-9.47,4.169,ATAACGTCGATGACAG,G61P G342C E359K,3,4
-9.47,4.169,ATTATGCTTGGGAAGA,D32T A253L,2,2
-9.47,4.169,CAAATATAGAAAAGAT,C466V,1,1
-9.47,4.169,CACATAAGAAACACGC,I469W,1,1
-9.47,4.169,CGATAAAGCGTCTAAA,C14Q,1,1
-9.47,4.169,GAACGACTTATGATTA,D68W,1,1
-9.47,4.169,GACGATTTATAAATAA,Y491T,1,1
-9.47,4.169,GATCGGATTTCAGACG,G72V,1,1
-9.47,4.169,GCCGGGCTCGGTTCTT,G5V K171R C305P,3,3
-9.47,4.169,GGACCAATGGAAAAAG,I331T,1,1
-9.47,4.169,GGGTAAACATCCATCT,E432K,1,1
-9.47,4.169,GGGTCCAAATTTCATA,R299K A495L,2,3
-9.47,4.169,GTCGACTTCTCAGGCC,S228Y,1,1
-9.47,4.169,TTACTCGCATTCTTCA,W153P,1,2
-9.47,4.169,TTTCTCAATAAGAAAA,N357P E396K,2,2
-9.473,1.39,CACTACAATATCCTAC,G16E,1,1
-9.473,1.39,GTACATACCAGGAAAG,L157P Y308S,2,2
-9.475,4.169,AAGATATTTGTCTAGC,M346E,1,1
-9.475,4.169,AATAGTAACTAAAATG,A365T E460H,2,2
-9.475,4.169,ACCTTAAGTACATGTA,V223E T436M,2,2
-9.475,4.169,ACGCACGAGTACTTAT,V130P,1,1
-9.475,4.169,ACTCCTACCAAATGAA,S265I L447F,2,2
-9.475,4.169,AGACGGTCAGTTATGA,D7W I502K,2,2
-9.475,4.169,AGGAAATACAGAGTGG,A365Y,1,1
-9.475,4.169,ATCAAATCGATCAATT,V223G,1,1
-9.475,4.169,ATCAGTACTTCATGCC,I437R,1,1
-9.475,4.169,ATTATATTTCGGTAAA,Y351C L409F,2,2
-9.475,4.169,CAAAAATTGAAAGGAT,W343R V406M,2,2
-9.475,4.169,CCTTAAACATAAGATT,L243S E410K,2,2
-9.475,4.169,CGACTCTAACGCCAGA,G218S Q327*,2,2
-9.475,4.169,CTATTCGTTCTAAGAA,G134S,1,1
-9.475,4.169,GAAATGACCCGCGGAC,Y98F A364L,2,2
-9.475,4.169,GCTTACACCATATGTT,D186A,1,1
-9.475,4.169,GTATGTCCTATATAGT,Y302E,1,1
-9.475,1.39,TAATATGTTAATTGAT,Q211* E280I,2,2
-9.475,4.169,TATAACAAACAAACTT,N357P,1,1
-9.475,4.169,TCAATTTAACACAATA,C97A,1,1
-9.475,4.169,TCATCACAAAATCTCT,W234D,1,1
-9.475,4.169,TTATCTGCCAAGATTA,S400Y L409E,2,2
-9.475,4.169,TTTCATAAATACACAC,L15H,1,1
-9.476,0.8339,CTACTTGCCAACTAAA,Q1*,1,1
-9.476,1.39,AATATAACACGAGCAA,D366P,1,1
-9.476,1.39,ATAGAACTGTCTGACA,G61F F338H,2,2
-9.478,1.39,AAAAACCTATTTAATA,R109F,1,1
-9.478,1.39,CACAGATCCACTATCT,T187I F294I,2,2
-9.478,1.39,GTAATATTAAAACCTA,L420M L427P,2,2
-9.479,1.39,AATACGAAAAACCCGG,I252P,1,1
-9.479,4.169,ACAACATATCATCATA,K121P,1,1
-9.479,4.169,ACAATTAGACCTAAGA,G240P,1,1
-9.479,4.169,ACACCGAGACCATAAA,L70D S156Y,2,2
-9.479,4.169,ACTATCCATTAAAACT,C14N,1,1
-9.479,4.169,AGGAAAATCACCGGTA,T436G,1,1
-9.479,4.169,ATACAATTCACCTTTT,Y423I,1,1
-9.479,4.169,ATGAAAACCCGATCAT,V429E,1,1
-9.479,4.169,ATTGACACCTAACGTA,K411P,1,1
-9.479,4.169,CAAGTATTAAAGCGGT,D438R,1,1
-9.479,4.169,CAATTATTATATTAAG,L243D,1,1
-9.479,4.169,CCCCAACAACCATGCT,Y486R,1,1
-9.479,4.169,GAAACCAAAATCCATC,D419P,1,1
-9.479,4.169,GATAGACACAGTACAA,S219F W343M,2,2
-9.479,4.169,GCCCTACAGACAAAGA,Y351S,1,1
-9.479,4.169,GTCGCATTCAATTAAT,D366V,1,2
-9.479,4.169,GTGTAAATCCCCAAAA,A317V,1,1
-9.479,4.169,TAAACTACTCTCAAGT,G352S,1,1
-9.479,4.169,TAACTATCTCCTAGTG,G134C,1,1
-9.479,1.39,TACACGTTATAGTATT,P55A C139P,2,2
-9.479,4.169,TATAGAAAGTTCAGTT,F500R,1,1
-9.479,4.169,TTAACCATACGACCTT,P74Q,1,1
-9.479,4.169,TTCTCATAATAAGTCT,C64F I331M,2,2
-9.479,4.169,TTGCAAATAGTAATAT,Y98Q L447P,2,2
-9.479,4.169,TTGCTTAAAGCCAACT,K50R H471I,2,3
-9.481,1.39,CCTAGCAAAAACAAAT,R492P,1,1
-9.482,1.39,AGTAAATATGAAAAGT,C305R R354G,2,2
-9.483,0.8339,ACATAGAACATACGTA,D85G M268A,2,2
-9.484,4.169,AAATGAAGAAAATATA,I232T,1,1
-9.484,4.169,AAATGTTGATACAAAA,L66S,1,1
-9.484,4.169,AAATTAACTAATAAGT,G337D,1,1
-9.484,4.169,AATACACTTTTCTACC,P99R G352L,2,2
-9.484,4.169,AGCCCGGAAAAAAAAC,C277F,1,1
-9.484,4.169,ATATCTGGTCACACAA,I267S Q371*,2,2
-9.484,4.169,ATTGCTAAGGTACTAT,F467E,1,1
-9.484,4.169,CAAAAAATTATCGTAA,C76G,1,1
-9.484,4.169,CATACCTAAACGTCAA,C76P,1,1
-9.484,4.169,CCCAGATAAAGAATCA,C305S,1,1
-9.484,4.169,CCCGATATGAAACAAA,D104T G181W,2,2
-9.484,4.169,CCCTGCACACTCAACC,W153H,1,1
-9.484,4.169,CTGCAGTCAAAACATT,Y233P,1,1
-9.484,4.169,GATATCGTAGACAGGT,I179W E359*,2,2
-9.484,4.169,GCAAACATCAATCACT,Y100C Q197Y,2,2
-9.484,4.169,GGACCCCCTTCCTACC,G352C,1,1
-9.484,4.169,GTCAATAACATACATC,A336K,1,1
-9.484,4.169,GTCTATTACATGACAT,G362M A365V,2,2
-9.484,4.169,GTTTCAATACGAAAGG,I58H,1,1
-9.484,0.4633,TAAAGCATATGAGTTT,Y351C,1,1
-9.484,4.169,TACGCAGTGCTCCCAA,N22S R405C,2,2
-9.484,4.169,TAGACCAAGTGCATAA,V112T Q434*,2,2
-9.484,4.169,TTAGGGGAAAGCTAAC,I478E,1,1
-9.484,4.169,TTTTGGAGGATAACCA,E41A,1,2
-9.485,0.8339,TGAAAGGTATACACCC,A336D,1,1
-9.487,1.39,AAACTGAACGTATTAT,W180V,1,1
-9.489,4.169,AAAACAAATCCAGGAT,G116S I232M,2,2
-9.489,4.169,AAACATAACACATAAG,S124N G303T G345D,3,3
-9.489,4.169,AAATACCCGCACATAA,W343C L381M,2,2
-9.489,4.169,AAATTTTGACAAAAAA,L13D,1,1
-9.489,4.169,AACCAACAAGAATCCA,C477K,1,1
-9.489,4.169,AATTCCAAGTCCAATT,Y412V,1,1
-9.489,4.169,ACAAAGTACTACCGAG,E41A,1,1
-9.489,4.169,ACACTTATTTCTGACT,W234* E359T,2,2
-9.489,4.169,ACTAACGAATAAAAAA,F87D,1,1
-9.489,4.169,AGATAAACCTTAAAAA,V182P I236H,2,2
-9.489,4.169,AGCCAAAATCTAATTT,S228Y H393G,2,2
-9.489,4.169,ATACGCTGCGGCGACC,S193M E457K,2,2
-9.489,1.39,ATCAACCCATTGATGT,S219V E449*,2,2
-9.489,4.169,ATCACAAAATAGATGA,L86S,1,1
-9.489,4.169,ATGATATTAACAAAAA,G319S,1,1
-9.489,0.8339,CAAAAGGCGAATAAGC,I202Y,1,1
-9.489,4.169,CCTTTATTCCAATTCA,N296P,1,1
-9.489,4.169,GCAAAATTTGCTCAGG,D419P,1,1
-9.489,4.169,GTATATACCAACAGCT,I226F Q454H,2,3
-9.489,4.169,GTGAGAACTCAATAAC,L243H,1,1
-9.489,4.169,TAAATTTCCCAAAATA,V429F,1,1
-9.489,4.169,TAATTGTCATTACATA,H17L,1,2
-9.489,4.169,TGGTGAGTCGTAGAAA,Y257R,1,1
-9.49,1.39,AATAACCTTATTTGAA,W153R N433P,2,2
-9.49,1.39,ATAATGCTGAATCCAG,S136E,1,1
-9.49,1.39,ATCTATAATTTATAAA,W234Q G352S,2,2
-9.49,1.39,GCTTGGATCCCAACCT,C76K,1,1
-9.49,0.8339,TTTTTCGACCCTGAAG,M168V A336T M444I,3,5
-9.492,1.39,TTACGACATACTAGAG,T30F A336N,2,2
-9.492,1.39,TTTAATCAAACCGAAT,C305S,1,1
-9.493,4.169,AACTGGTCTAAATATT,G319A,1,1
-9.493,4.169,AATAACTACGCAGTGC,F258L R329P,2,2
-9.493,1.39,AATCAATTTTACAACT,L455Y,1,1
-9.493,4.169,ACAACCTTGACAGAAA,K453P,1,1
-9.493,4.169,ACCCAAGTAATGAACC,P254E,1,1
-9.493,4.169,ACTACAGCCCAATGCT,G256M G349E,2,3
-9.493,4.169,ATCCCCAATAATACCT,V43M,1,1
-9.493,4.169,ATTCATCTAAAATTCA,H184A R456K,2,2
-9.493,4.169,ATTTTTAATTGTTTAA,C97R N298P,2,2
-9.493,4.169,CAAATCTTTTAAATAC,D77N Y105N G116E,3,3
-9.493,4.169,CATGATGAAACACTTG,E426P,1,1
-9.493,4.169,GCTATTACAGTAGACT,Y178W,1,3
-9.493,4.169,GTCCCGCAACTTACCA,L71R A425F,2,2
-9.493,4.169,TAACACTCTCCTACTC,Y233A K411E G465Y,3,3
-9.493,4.169,TAATAAAAAAACATGT,N152K G319D,2,2
-9.493,4.169,TAGTGAATCGCTTTAT,D366P,1,1
-9.493,4.169,TCACATTCATTTTTAG,M320N,1,1
-9.493,4.169,TCCCACAAAATTATTA,C64P E123G,2,2
-9.493,4.169,TGCACGATCAGATTGT,W84M,1,1
-9.493,4.169,TGTTAACATCAACCTC,Y100H L151M A364W,3,3
-9.493,4.169,TTAGTTAAAATGCGAC,L447S,1,1
-9.493,4.169,TTTGGAAGAGAGTTAA,I202K,1,1
-9.494,0.4633,TGTGCCACTCAACAAG,F87C C466G,2,2
-9.495,1.39,ACACGTATCAAGGCTT,D438N,1,2
-9.496,1.39,CCTAGATTTCTAAATT,C52L,1,1
-9.498,4.169,AAATAATCAATTAGGT,T40H P273T M462D,3,3
-9.498,4.169,AACCATCTAAGTAAAA,N433A,1,1
-9.498,4.169,ACCGCTAGTTGAACAT,N357W,1,1
-9.498,1.39,AGATCTATCGAACCCT,K176N,1,1
-9.498,4.169,ATAAATAACCGGACGT,G349T,1,1
-9.498,4.169,ATAGCCCACAAAATAC,K380T,1,1
-9.498,4.169,ATAGCCCTATTACCAA,L66E K315V,2,3
-9.498,4.169,ATCTACCATTTAGAAC,N38L I252R G463V,3,3
-9.498,4.169,ATGAATTTGGGGTGCA,W127A,1,1
-9.498,4.169,ATTACTGAATCATGAG,M444E,1,1
-9.498,4.169,CCATATTGTCGAAATT,V413P,1,1
-9.498,4.169,CCCAGGGGTTTTATGC,W153A,1,1
-9.498,4.169,CCCCACAATGGTAAAA,G23L,1,1
-9.498,4.169,CCCTGATTCAAACCTT,V204R,1,1
-9.498,4.169,CCTACAGACAAAAACA,T135L F294K,2,2
-9.498,4.169,CCTATAACGAAATACC,Q44Y N298I G463D,3,3
-9.498,4.169,CTTGGATCTTTGCACC,P74N,1,1
-9.498,4.169,GACCGAAGCAACCAGC,Y351H,1,1
-9.498,4.169,GCGAAAAAAAGACGCT,V20F P273H K380R,3,3
-9.498,4.169,GTATCTGGAAGTTCTA,D474Y,1,1
-9.498,4.169,GTTAAATTACTACAAC,Q295S,1,1
-9.498,4.169,TAAAAAAGATACGGAC,I377W,1,1
-9.498,4.169,TAGACACGCTCGAGAT,G62Y Q191I,2,2
-9.498,4.169,TATTAACACCGTCCTA,,0,0
-9.498,4.169,TCACATAATTAATGCT,Y98H Q363R,2,2
-9.498,4.169,TCACTACCTCTTCCGT,I67M G345C,2,2
-9.498,4.169,TCTAGCTTAGTACAGA,F294G,1,1
-9.498,4.169,TTAAACATTGAATTCT,P99E,1,1
-9.499,1.39,TAATTTCGAAACGCCC,G303I,1,1
-9.5,0.5956,AAGTTAATTTAAAACA,V413P,1,1
-9.502,4.169,AACCCTTCTAGTCCCA,R354D C473R,2,2
-9.502,4.169,AATCGATATCGTAAAA,Y351C E414M,2,2
-9.502,4.169,ACATAACTAATAGCTA,C473V,1,1
-9.502,4.169,ACCTGCTGAACGACTC,G465C,1,1
-9.502,4.169,ACTAAAATGAAACAGA,I377W,1,1
-9.502,4.169,ACTACATTTACAAACG,V130M N433A,2,2
-9.502,4.169,AGTATAACTTAACTTC,Y302P,1,1
-9.502,1.39,CAAGCAGAATGACTGG,D241K,1,1
-9.502,4.169,CACCATCAGTGATAAC,I481Y,1,1
-9.502,4.169,CAGAAAAAAGTCTACA,Q311K A459P,2,2
-9.502,4.169,CATAGCAAAGAACTAA,M346V,1,1
-9.502,4.169,CCATACACTCACAATC,F448C,1,1
-9.502,4.169,CGAACGTGGTGGACGA,I51W R229V,2,2
-9.502,1.39,GATCTGGATACCCAAA,K176Y,1,1
-9.502,4.169,GCCGCCCTGCAATCGT,N22M C473D,2,2
-9.502,4.169,GGCAATTAACTAGCCA,V130P,1,1
-9.502,4.169,TAACACTAAGAAATAT,A495G,1,1
-9.502,4.169,TAACCGTACACATAGG,Y351W A373T,2,2
-9.502,4.169,TATATTTTCATACAAC,G330Y,1,1
-9.502,4.169,TATCATTTTGAGTGGA,M168D Y470P,2,2
-9.502,4.169,TCCGATAGTAAAGTAT,V429G,1,1
-9.502,4.169,TGATAAGTTCTATCCT,A253R,1,1
-9.503,0.8339,CATTTCATGACAAATC,R150E,1,1
-9.504,0.379,CATTACCACGAGCTTA,W84G,1,1
-9.505,1.39,ATGTAAACAGCTACAT,V182D,1,1
-9.507,1.39,AAAAATAAAGAATTCA,S193K,1,1
-9.507,4.169,ACACCAGACAAAAAGG,V237E,1,1
-9.507,4.169,ACGCCCCAAAACCCAG,F147S,1,2
-9.507,4.169,ATCTTAATTTGCCTGT,L409P,1,1
-9.507,4.169,CAATGTATCAGCGCAA,I236C R499G Q501R,3,3
-9.507,4.169,GACGGTTACCACACAC,G463I,1,1
-9.507,4.169,GCACAATAACTACTCC,M346I R354G E403P,3,3
-9.507,4.169,GGAACCACTCTACAAC,A253Q,1,1
-9.507,4.169,GGTGGGTTCCTATCTC,I232T,1,1
-9.507,1.39,GTAGTATAAAAATCAT,I274D,1,1
-9.507,4.169,TCCCTACTTGGCACCT,I236K Y423P,2,2
-9.507,4.169,TCCGATTCATACGCCA,A163Y P284S L384T,3,3
-9.507,4.169,TGACGTAATTTACATC,T167C D241F,2,2
-9.507,1.39,TGCCGATGCGTAGAAC,L455Y,1,1
-9.507,4.169,TTAAGCAAAGTTGATC,C14S A364V,2,2
-9.507,4.169,TTTCCGGCAACGGTAA,Q211A C466Y,2,2
-9.507,4.169,TTTCTCACTAACTTCC,C52K K450C,2,2
-9.507,1.39,TTTGTTCAATTAACTA,C305Y F353S,2,2
-9.507,4.169,TTTTTTTACTAAAGAA,L151Y,1,1
-9.508,0.8338,CGCACAATTCCATGGG,G337K,1,1
-9.51,1.39,AATTCACATGAGCACA,L177S S266T H393A E398Y,4,4
-9.51,1.39,CGACCTAAACATTTAC,L194D,1,1
-9.51,1.39,TAGTTTGCTATCTGGT,T30R L428K,2,2
-9.51,0.8338,CAGCACTAGGATTTTA,F467R,1,1
-9.511,4.169,AAAATAATGTCTAACA,C64M,1,1
-9.511,4.169,AAACAGGGATAACTTG,G116R N498S,2,2
-9.511,4.169,AAAGCGAGTTAAAGGA,G61P,1,1
-9.511,4.169,AACCGATAACAATCAA,A336I I437N,2,2
-9.511,4.169,AATCCGAGACGCATGA,D104I S110I N445S,3,3
-9.511,4.169,ACTGAAGCATACCCCA,G116C,1,1
-9.511,4.169,AGTTACTCTAAAAATA,G116I,1,1
-9.511,4.169,ATGAGAATCATATGAC,M320I E432D,2,2
-9.511,4.169,ATTAACCAAGTCAATA,G61V G352D,2,2
-9.511,4.169,CATTCAATACTAAAAT,N250L,1,1
-9.511,4.169,CCGACATACTCAATGA,K453P,1,1
-9.511,4.169,CCGCGGACTGTCAAAC,L66Q C139R,2,2
-9.511,4.169,CGTAAAGAACAAGTTT,S136C,1,1
-9.511,4.169,CTCAACCGAATATCCG,G72Y,1,1
-9.511,4.169,CTCTTAACCACGTCAG,G256Y T485I,2,2
-9.511,4.169,GAAAAAAAACTCCATC,C97P,1,1
-9.511,1.39,GACAAAGAATGCCATA,S205P,1,1
-9.511,4.169,GACCTAAACTTAACCC,N133D L409P,2,2
-9.511,4.169,GATTGCATGCGAGGCA,S146A P293D,2,3
-9.511,4.169,GCTTACCAATCTTCCA,F148N,1,1
-9.511,4.169,TCACATGCTCAGAAAT,L86K,1,1
-9.511,1.39,TCAGAATACGCCAAGC,A372- D375N,2,2
-9.511,4.169,TGATTTGTCAAAAAAC,L108P H183N,2,2
-9.511,4.169,TTCATCCGTAAAGATT,C477A,1,1
-9.513,1.39,ATACATATCTTCTAAA,W84N,1,1
-9.513,1.39,GACAACAATATTGCAA,C139Y Q197L,2,2
-9.513,1.39,TATTACAAACACCACT,L251P F467R,2,2
-9.514,1.39,CCCTAGCGTTAAAATA,F120I,1,2
-9.514,1.39,GCCATACAACATTTGC,P324A R492K,2,2
-9.515,0.8338,AGAGGCCATAAGGACT,V429F,1,1
-9.515,0.5956,GTAGAGCATTGATCTG,C305I,1,1
-9.516,4.169,AACTACATATGATCTC,F294H,1,1
-9.516,4.169,AAGAAAATAAATTAAC,D415P,1,1
-9.516,4.169,AATAACTGTATTTCAC,F500Q,1,1
-9.516,4.169,AATGGACCTAAATGAT,D60R E403N,2,2
-9.516,4.169,AATTATATGAACTATT,F148M,1,1
-9.516,4.169,ACCTAGATACAGCCCA,Y302N,1,1
-9.516,4.169,ACGACCCGCCGAGGAA,V237S,1,1
-9.516,4.169,AGTCCACCAAACCTTT,E340Y,1,1
-9.516,4.169,ATAGAAAGATTAACAC,G249V E390K,2,2
-9.516,4.169,ATCTTTTGCTTCTCAA,W180C,1,1
-9.516,4.169,ATGATAACTAAAATAG,M268E Q311*,2,2
-9.516,4.169,CCGATTCAACCAGCAT,F125N R229Q,2,2
-9.516,4.169,CCTAGAAAAGTTTATA,F258N,1,1
-9.516,4.169,CTACCCCGGCCCAATA,P169S A336T,2,2
-9.516,4.169,GCAGCATCAACTTTTG,F258A,1,1
-9.516,4.169,GCTCAGCATAAAATAA,A69P G200P,2,2
-9.516,4.169,GTAAGTCTAGGGCTAA,C305A,1,1
-9.516,0.8338,GTCATCCAACAGGTCC,F120D,1,1
-9.516,1.39,GTGAGATAATGAAAAC,N246A,1,1
-9.516,4.169,GTGCGCACCATTATCA,G256P,1,1
-9.516,4.169,TAACTACGAAACTCAA,W127* V182Q G386E A459R,4,4
-9.516,4.169,TATTCCGAAACAACTG,I481E,1,1
-9.516,4.169,TCACCCAGACACGGAT,C52S,1,1
-9.516,4.169,TCTGTTTATGCGCCGA,L71N E344Y,2,2
-9.516,4.169,TTAAAATTCATGCCCA,G200W W421D,2,2
-9.516,1.39,TTAATAGCAAAAAAAA,Y302* V309M,2,2
-9.516,1.39,TTTCAATTCGTTGGAC,V88D,1,1
-9.517,0.8338,TTTCAAGCTTTAAAAA,D474R,1,1
-9.517,1.39,AAAATTAAGTCATTAA,Y351R,1,1
-9.517,1.39,GGACAAAAAATTAACA,V43R,1,1
-9.518,0.5956,CAATCCTGCTTCTCTT,C97D,1,1
-9.518,0.5956,TACAGATTCACTATTG,G330Q,1,1
-9.518,0.8338,CAGTAACATACCTATC,L151D V490L,2,2
-9.519,1.39,AATTGATATTGGATAT,I335Y L420R,2,2
-9.519,1.39,ACAAAAAAACTGCTGT,K176E,1,1
-9.519,1.39,AGCCTAACGCAAGTAA,V102W P289L,2,2
-9.519,1.39,TAAGACAAAAAGACCG,N290T Y470R,2,2
-9.519,0.5956,TGGCCAATAACCAATG,Y308E,1,1
-9.52,0.4632,CCATGGTACACACCCA,N298K,1,1
-9.52,4.169,AAGAGCCATTATAAAA,F147V W350V,2,2
-9.52,4.169,ACAATCCACTTGTCCA,A253Q,1,1
-9.52,4.169,ACAATCCGTGATAAGA,A425D,1,1
-9.52,4.169,ACAATTCGACCAACTT,A459Y,1,1
-9.52,4.169,ACCAGCGCTGTATACT,C14I,1,2
-9.52,4.169,AGACGCAACCTAAATC,L66C I260W,2,2
-9.52,4.169,ATAAAATGTAACCAAC,G465E,1,1
-9.52,1.39,ATCGAGGCTGCCGGGT,R92W Q363* D408W,3,3
-9.52,4.169,ATGATCCCCTCGAGTC,G360D,1,1
-9.52,4.169,CATAAATCCTAGACTG,T10N G337V,2,2
-9.52,4.169,CCATAAGAATGGGAAC,L243R,1,1
-9.52,4.169,CGGTTATATCCGCTCC,F125K,1,1
-9.52,4.169,GAAAGACTCAGATGAA,G134I,1,1
-9.52,4.169,GAACACATAATCTCCA,E35H E340M,2,3
-9.52,4.169,GAGACTCTGACCGTAA,N424P,1,1
-9.52,4.169,GCTAAACTCGATACAA,I300P,1,1
-9.52,4.169,GGAAAATTTACACCAT,L431P,1,1
-9.52,1.39,GGCAGTACCTCTCCAA,Y257T,1,1
-9.52,4.169,TCACCCTCACTTAACA,L251P E457P,2,2
-9.52,4.169,TGTTATATCCCACAAG,V130F N298W,2,2
-9.52,4.169,TTTTTTTACAACGTTT,E390A E398F S422H,3,3
-9.525,4.169,AAAAGAAGTACTCCAA,E172I H471E,2,2
-9.525,4.169,AACACACAACATATGA,P239W T301I,2,2
-9.525,4.169,AATTATATAATTGTAC,Y351E,1,1
-9.525,4.169,ACAAAACGTTTACCCT,G61E,1,1
-9.525,4.169,AGACGCTCATACGTGA,L409D,1,1
-9.525,4.169,AGAGAACAGCGAGATA,R492V,1,1
-9.525,4.169,AGATATTGTTCAATTA,W153L,1,1
-9.525,4.169,ATCTAATTACACTCTA,G362S I374N,2,2
-9.525,4.169,CAAGAATAAGCAACAT,A11D Y351G,2,2
-9.525,4.169,CCAATTCAACGCCCAC,A365F,1,1
-9.525,4.169,CCCCAGAATTTATTAA,T206S K238E P254L K310M,4,4
-9.525,4.169,CCTAAACCATCGGCTT,E89D R90I,2,2
-9.525,4.169,CCTAAATCCACTTATT,V36D,1,1
-9.525,4.169,CCTACTATAATCAGCC,V182D,1,1
-9.525,4.169,CCTTAATAATTCCTTT,M346I R492M,2,4
-9.525,1.39,CGACCACATTACTAAT,Q371W,1,1
-9.525,4.169,CGTACCCGACACGGAT,L111P F353C,2,2
-9.525,4.169,CTCAGACTAACCTACA,T128V I267N,2,2
-9.525,4.169,CTCAGTACATTACTGA,A336E,1,1
-9.525,4.169,GACTCTCCAATGCCGC,Y470R,1,1
-9.525,4.169,GGCTAATGTATTTCCC,V36H,1,2
-9.525,4.169,TAAACGATACGACTAA,L447Q,1,1
-9.525,4.169,TATTATCTCATTGTGA,Y257E,1,1
-9.525,4.169,TCCACTTCCTTTGTAG,L177T R261C S266A T388G E443*,5,5
-9.525,4.169,TGAAAAAGCAAGAACC,R229D Q356G,2,2
-9.526,0.4632,CCAAGTAACCAAAGCA,G142R Y233E W234L,3,3
-9.526,1.39,AACTTAGAGGGATCTG,I51W,1,1
-9.529,4.169,AACCATTTGACGATAA,K176Y,1,1
-9.529,4.169,AATCATATCCCTCAAC,L314E Y351H,2,2
-9.529,4.169,AATCGGCCATGATAGT,D419L,1,1
-9.529,4.169,ACAACAAATGTACTAA,I481E,1,2
-9.529,4.169,AGTACGTGAAAAACAA,G465E H488Y,2,2
-9.529,4.169,ATAGATAAGGTAATGT,C97E M462C,2,2
-9.529,1.39,ATAGTCTTTGACAGCT,N8Y F258G,2,2
-9.529,4.169,ATATCAAAAACAGCGT,L194Y,1,1
-9.529,4.169,ATGAATGACCCCAAAA,P306Y T485E,2,2
-9.529,4.169,ATGCCAGATCCACCTT,F294T,1,1
-9.529,4.169,CGCCCCCCGCAACGAC,H183E,1,1
-9.529,4.169,CTAAAGCTGTAAAATA,N81E G319D,2,2
-9.529,4.169,GCAAAGATCGCTAATT,I179G,1,1
-9.529,4.169,GGACTTCTCAAACAAA,T248N,1,1
-9.529,4.169,GGTTCCCACCAAATAT,N45T I232S,2,3
-9.529,4.169,GTACTTAAGACTTTGC,E460F,1,1
-9.529,4.169,TAGACTCTTTCTTGTG,S146I,1,1
-9.529,4.169,TAGCAGTCGTTGCTAG,V102G,1,1
-9.529,4.169,TATCTGATAAACAACC,F125N,1,1
-9.529,4.169,TCTAATACCAACTGGC,Y308A,1,1
-9.529,4.169,TGCAATTCGGAAATGT,N357E,1,1
-9.529,4.169,TGGCTGATCCTAGATA,G72H,1,1
-9.53,0.8338,TATATTTCCATAATCT,S270H,1,1
-9.53,1.39,AGAAAACGCCTCACGA,V112G,1,1
-9.531,0.8338,CAAAAAGCATTGCAAA,V36A L428V,2,2
-9.532,1.39,ATTAAAGCTTCTAGAA,A459K,1,1
-9.533,4.169,AAAGAATATGTTTTAT,D175C G349N,2,2
-9.533,4.169,ACTAATATTTTACTAA,N159V Q164H I335V G386L Q407H,5,5
-9.533,4.169,AGAAAGTATCCCAAAT,V88W,1,1
-9.533,4.169,AGCCAAATAGTATATA,Q44* A459T,2,2
-9.533,4.169,AGGAAAATATACCTAA,I34P,1,1
-9.533,4.169,ATACGCAGCACAAAAC,I502N,1,1
-9.533,4.169,ATTATGAGGCTCTATG,T24L G218M K387G K391S,4,4
-9.533,4.169,CAACATGTTCATCTAA,T318P,1,1
-9.533,4.169,CCGACTGAGATATCAC,Q311F G319C,2,2
-9.533,4.169,CGATCGAGTTACCAAG,A495T,1,1
-9.533,4.169,GAACATACCTGAACCC,R482P,1,1
-9.533,4.169,GACCAAAACCCCACCC,G465R R492L,2,2
-9.533,4.169,GAGATGCTGCATATAA,T248F,1,1
-9.533,4.169,GCAGAAATAAGACACA,G218R,1,1
-9.533,4.169,TAACAACTTGTTCGAT,C281Q R321Q G386F,3,4
-9.533,4.169,TACGGAGTAAACCCAA,C305P,1,1
-9.533,4.169,TATAGAAGAAAGAACA,E432K,1,1
-9.533,4.169,TCATGGATAAAAATAA,Q363T Y470R,2,3
-9.533,4.169,TGAGAAACAATATAAC,S115P,1,1
-9.533,4.169,TTATGAACAATCAGTC,W153F F258M,2,2
-9.535,1.39,AGCAACGACACCTACT,A373L,1,1
-9.535,1.39,GAATTGCAGTTTTGCT,C97A N424Y,2,2
-9.538,4.169,AAATCTTACCATTTAT,R201G R224K S266F,3,3
-9.538,4.169,AATCCGTCACACCAGG,V429G,1,2
-9.538,4.169,AATTCAATTATGTGAA,H17Y L70K C305Y,3,3
-9.538,1.39,AATTTAAGAATGTCCA,G249D,1,1
-9.538,4.169,ACACAGTATCCCAATT,D241T E426A,2,2
-9.538,1.39,ACACCAATCGTTAAAA,I339P,1,1
-9.538,4.169,ACAGTAAGTGAGAATT,S228E,1,1
-9.538,4.169,ACCGACAACCATACCA,N298L,1,1
-9.538,4.169,AGCTCAAACTGATCTA,I267P,1,1
-9.538,1.39,ATTAAATCATTAATTC,L243T,1,1
-9.538,4.169,CACCGTTCCAATGCCT,G134P,1,1
-9.538,4.169,CCACCATTCCGTTAAG,E41K Y178M,2,2
-9.538,4.169,CTCAACAAGGTGTTCA,N165K A459N,2,2
-9.538,4.169,CTTCGAATTAAAAAGA,Y351C,1,1
-9.538,4.169,TATCTGGCCTAGACGC,C14F M268L,2,2
-9.538,4.169,TGTTGTAAGCCTAGAT,G181P,1,1
-9.538,4.169,TTTCTAGGATAAAATG,C76Y,1,1
-9.541,1.39,AAAATTCGCTATACAG,I288Q,1,1
-9.541,1.39,CCTCTTATTGGCAAAC,E83Y I478G,2,2
-9.541,1.39,TCCGCCCATTATCAAT,N122L D487W,2,2
-9.541,1.39,TGAAAATATGGTGTAA,C305Q,1,1
-9.541,0.8338,CACACAAAAAAGTAAT,M320P,1,1
-9.542,4.169,AACCGAAAAAATAGTG,C477M,1,1
-9.542,4.169,AATTCCCTACCTTAAT,Y302C,1,1
-9.542,1.39,AGAAGCAATCAAAGTT,A253N,1,1
-9.542,4.169,AGCATACTTAATACGT,P99E,1,1
-9.542,4.169,ATAAGAGAATTGTTCC,T248I,1,1
-9.542,4.169,ATACACTGTTAAGACA,L455D,1,1
-9.542,4.169,ATACAGCATGTCAGAC,D7N G72Q Q376D,3,3
-9.542,4.169,ATACAGCCTATAAATA,G286C,1,1
-9.542,4.169,ATTCGGGTCTTAACAC,R499F,1,1
-9.542,4.169,CAATGCACACTGCAGC,V309E,1,1
-9.542,4.169,CATACCTTCAACCTCC,Q164K S198T D291F,3,3
-9.542,4.169,CTTAAAAGATAATCAC,G72R I282S,2,2
-9.542,1.39,GAACCTTACCCGCTTA,L157P E398K S442N,3,3
-9.542,4.169,GAAGCCCCGACCGACA,G286I,1,1
-9.542,4.169,GAAGTTCGTAATCTTT,G23N,1,1
-9.542,4.169,GAATCAACAAAACTGG,N322A,1,1
-9.542,1.39,GGCTCTCTTAGTCCTC,F87A K417I,2,2
-9.542,4.169,GTCATAATTGTAGGAG,N152K,1,1
-9.542,4.169,TAACATATGCTGTATT,T12G,1,1
-9.542,4.169,TAACTCATATCACTCG,C14N I58P,2,2
-9.542,4.169,TAATAATTTTGCTGAC,H355D,1,1
-9.542,4.169,TACGCCTACAAGAAGG,G360I,1,1
-9.542,4.169,TAGATCAAAGAAGATT,E340L,1,1
-9.542,4.169,TCAAGCAGAGTATTAA,Y178W,1,1
-9.542,4.169,TCTTTAAAACTAAATT,I245A,1,1
-9.542,4.169,TGCGTTATAAAAAAAC,V112P,1,1
-9.542,4.169,TTAACCACGCTTAAGC,S270E,1,1
-9.542,4.169,TTGAGGCATAGGATTT,G240V,1,1
-9.542,4.169,TTGATTAAAACAAGAT,N170E,1,1
-9.545,0.5956,AAAGTATTTATTTAAC,G319C N464F,2,2
-9.545,1.39,AATAACTATTAAGTGC,V429G E494G,2,2
-9.545,1.39,AGTCCTACATATAGAA,S270F,1,1
-9.545,1.39,ATCATTAACTAGATTC,A11Y,1,1
-9.545,1.39,GATAGTCATAATCTGA,I202Y,1,1
-9.546,0.8338,TATGAAAGTTTTATGA,E41P G249D G263I,3,3
-9.547,4.169,AAAAGAGTACACCTTG,T187R G330C,2,3
-9.547,4.169,AAAGTACGCAAAGCTT,I339R,1,1
-9.547,4.169,AATTGATACCCATATT,L427D,1,1
-9.547,4.169,ACATTATGACAACTTT,P324V I377S,2,2
-9.547,4.169,ACCACTGATATGATCA,C76A,1,1
-9.547,4.169,ACCGTTTCTAAATATC,Y233* Q363V,2,2
-9.547,4.169,AGACATTCAAGCTTGA,W153R R321Q,2,2
-9.547,4.169,ATAGATACTTACGTCC,L455H,1,1
-9.547,4.169,ATCCTAAATCTGGCAA,T248K,1,1
-9.547,4.169,ATGAGATTCTAAATAA,G181K,1,1
-9.547,4.169,ATTCTCCGGATATAAG,I331Y,1,2
-9.547,4.169,CCCCACTACAGCAAAA,F148R M444I,2,3
-9.547,4.169,CGCAACGATATATAAG,P306W,1,1
-9.547,4.169,CTATCTGCAATGATAG,S480V,1,1
-9.547,1.39,CTTTAATAGTCAAACT,Y351W,1,1
-9.547,4.169,GAAATAGCGTAGACAG,Y161G W180L,2,2
-9.547,4.169,GATTTCTTTAAGGACA,N246M E460D,2,2
-9.547,4.169,TATGAGTCAATAGAAA,N38P T485N,2,2
-9.547,1.39,TCAAAAATGCAATAAT,N483V,1,1
-9.547,4.169,TCTAGAGCCAAGAAAC,W421A,1,1
-9.547,4.169,TGTCTTAGCAAGTAAC,C277L T313W,2,2
-9.547,4.169,TTTCAGACAATAACAT,V43P D419E,2,2
-9.547,4.169,TTTTCAGCAGAAATCA,A196V F448P,2,2
-9.547,4.169,TTTTGAATACTAGCCT,G78C F258K,2,2
-9.548,1.39,AATTACTATCGAATAG,K368H D375Y Y486M,3,3
-9.548,1.39,GTATCAAATTAAACCA,R90F L108P R329H,3,3
-9.548,0.8338,AGAGCGCATGAATAAT,G345E,1,1
-9.55,1.39,ACCACTCTAGGATTAT,E89H L428C,2,2
-9.55,1.39,CTTTATTTTTTATTGT,C52A,1,1
-9.55,0.5956,TCTCCCCAACCTACTC,G349A W350C,2,2
-9.551,4.169,AAAAGACCTAAGCATA,C64S V213L,2,2
-9.551,4.169,AATTATAATAGGTCCA,Q1*,1,1
-9.551,4.169,AGATAATGGATAAATT,G362L,1,1
-9.551,4.169,ATCGGGAATTGGCTGC,V237H,1,1
-9.551,4.169,CAACCAAAAAAGAATG,R33L G337S,2,2
-9.551,4.169,CCAGACCCGCTGTGAA,S9I G256K,2,2
-9.551,4.169,GACTTACGCAGACAAC,R90D,1,3
-9.551,1.39,GCAACTATGCCATGAA,I481C,1,1
-9.551,4.169,GGTACTTAAAAGCCTC,I478Q,1,1
-9.551,4.169,GTATTCCTACTATCCT,D438N,1,1
-9.551,4.169,TAGTGATCTATCCAAT,E460K,1,1
-9.551,4.169,TGCAATGACAGCACAA,A19T D241F,2,2
-9.551,1.39,TGTCTCAAACAACTGT,L86E,1,1
-9.551,4.169,TTAAAAAAATCAGGTC,L108N M444Q,2,2
-9.551,4.169,TTTATGACGTTCAATT,C52R,1,1
-9.552,0.8338,GCCGAAAAAACCAGAT,G345N,1,1
-9.552,0.8338,TAACTTCATCTTCATA,I385V Y491P,2,2
-9.554,1.39,CAGCGGGCCAACATAG,K207F L381P G504R,3,3
-9.554,1.39,GACTGTTAGTTATAAC,L66H,1,1
-9.554,0.5956,TAAGCTGAGATTGACA,G345S F448Y,2,2
-9.555,4.169,AAAAATAGATAACATT,F120D,1,1
-9.555,4.169,AACTGAAGACAGTAAC,G256M,1,1
-9.555,1.39,AATCTGCCATCTGTAA,L15R S91P,2,2
-9.555,4.169,ACGACTCAGTTAATAG,S124I L154S,2,2
-9.555,4.169,AGATAAGGTTAAAAGT,C466R,1,1
-9.555,4.169,AGGCTAAAAACCATTT,I226Q E410K,2,2
-9.555,4.169,CAAATTACGACCCTCA,C64Q,1,1
-9.555,4.169,CATATTCAACGACTAA,H183R L431W,2,2
-9.555,4.169,CCCTCGCTGTACACTT,K176V,1,1
-9.555,4.169,CTAACATAGCCCATGA,C14G,1,1
-9.555,4.169,CTACATATATGCAATA,E398K N475K N483I,3,3
-9.555,4.169,GCGAATGAACCCGACT,I160F E340*,2,2
-9.555,4.169,GCGCATTATTGGTCAA,C97N,1,1
-9.555,1.39,TAACAGTTTCATGATA,G116V,1,1
-9.555,1.39,TGATCACAACACTAGA,,0,0
-9.555,4.169,TTCCCTACGAAGCTAA,T37D,1,1
-9.557,0.5956,TTCAATTATACAAATC,G465D,1,1
-9.557,1.39,TCCTAGATGCCACACG,I58Y,1,1
-9.558,1.39,AATGAACATAAGGTAT,I502A,1,1
-9.558,1.39,GTGCAAAACATCTCTC,N250D,1,1
-9.558,0.5956,ATCCGGGATCAACACG,D366K,1,1
-9.56,4.169,AAACTAATATTCCAAA,Q295I V323M,2,2
-9.56,4.169,AACAATTTACCATCAA,C305D,1,1
-9.56,4.169,AACACACCAACCAGAC,G116E G360N,2,3
-9.56,4.169,ACCTGTATGCTACAGG,P21* C305W,2,2
-9.56,4.169,ACGGTATGAATTACCA,T248P,1,1
-9.56,4.169,AGGACTAAACAAAACT,K171E L177T V297* L381P E396A,5,5
-9.56,4.169,ATTGACCCTCGGGACG,A69Q G240D N464W,3,3
-9.56,4.169,CAAGAGAATCAACACA,C281P I437V,2,3
-9.56,4.169,CACCCAAAATATTACA,I202K,1,1
-9.56,4.169,CCTACAGGCTATAAAA,V429F,1,1
-9.56,4.169,CTCCTTGCCCTTAATA,T12D A317N,2,2
-9.56,4.169,GGACTTGAAATTTTTA,W153R,1,1
-9.56,4.169,GGGTAAGAAAGACGAG,Y491D,1,1
-9.56,4.169,TAAAGCCGTCTGACAA,N133P K387T S400G A430V,4,4
-9.56,4.169,TAATATACAATAACTG,L71K,1,1
-9.56,4.169,TATGTATTATTAATCC,E340H,1,1
-9.56,4.169,TCAAAGCACATCTTCC,V323P,1,1
-9.56,4.169,TCCAGGAAGGGCGAGA,G465V,1,1
-9.56,4.169,TGGTGCACGAGAAGAG,I377D,1,1
-9.56,4.169,TTGATAGAACACTTAT,L86G,1,1
-9.56,1.39,GGACACAATATTTAAT,T370P,1,1
-9.561,1.39,ATTATAAGTAGTTCTA,L108K,1,1
-9.561,0.8338,TCTAGTCATTTGGTAT,,0,0
-9.563,1.39,AGTTCAGATCTTGCAT,P306H,1,1
-9.563,1.39,CGATTACACATTTTGG,F120A,1,2
-9.563,1.39,CTCTGACACAAAACAA,C76Y,1,1
-9.563,1.39,TGCCAGGAAATAAAGC,Y105F G349M,2,2
-9.564,4.169,AAAACCATCCTCATTC,L108G,1,1
-9.564,4.169,AAACCATTATGTTGAA,W84I N475H,2,2
-9.564,4.169,AACGAAGGGAGGCACT,L66P K140E C281Y,3,3
-9.564,4.169,ACCAAACGACAACCAT,I437Q,1,1
-9.564,4.169,AGATGTGTCTCGTAAG,K140S G142*,2,2
-9.564,4.169,ATACCTAAACAACTAA,C97F,1,1
-9.564,4.169,ATAGCCATGAGCCCTT,V429W,1,1
-9.564,4.169,ATCTGAACCCAAAAGG,G465T,1,1
-9.564,4.169,ATGCCTCAATGCAAGT,S422K,1,2
-9.564,4.169,ATTAAATACTATCTTT,T436K,1,1
-9.564,4.169,ATTTACATAAGCTGCA,Q371W,1,1
-9.564,0.5956,CAACTCTGGATACCAA,I481N,1,1
-9.564,4.169,CTCTGGAATTACTTAT,N322R,1,1
-9.564,1.39,GACCAACTGTTATTAG,F147H,1,1
-9.564,4.169,GGCACGCCCTGAAGAG,D474R,1,1
-9.564,4.169,TAAGAACTCATCAGAA,N216K E325K E410K,3,3
-9.564,4.169,TAGCTAAACAGAGCAT,C477E E484*,2,2
-9.564,4.169,TCGCTTGCACGGAACA,S95N K176C,2,2
-9.564,4.169,TTACCATCTATACAGT,C473N,1,1
-9.564,4.169,TTCACAATCTCGACAA,Y100N,1,1
-9.564,4.169,TTCAGTTAAGTTACCT,C97S R361D,2,2
-9.566,0.3207,CCACTCCCCCTTAATA,G134D,1,1
-9.567,1.39,AAGAAATGTACAAGTT,V43F,1,1
-9.567,1.39,GTAAAATAAATTAAAT,I288S,1,1
-9.567,0.5956,TACAACCTATAGCACC,L243G,1,1
-9.567,0.8338,CCAGTACTTATCACTA,V182P,1,1
-9.568,4.169,AACCCTTCCTCAGCGT,A163F V297E,2,2
-9.568,4.169,AACTACTCATAAAGTG,R109L N298L,2,2
-9.568,4.169,AATTAAATACTGCCCG,N165E D419H,2,2
-9.568,4.169,ACCTAATGAAATGAAA,T485Q D487Y,2,2
-9.568,4.169,ACCTCGTAAGCACATC,W234L Q434Y,2,2
-9.568,4.169,ATCCACATCACTATTT,V204K,1,1
-9.568,4.169,CAAAAAGACAAACGCA,I232N,1,1
-9.568,4.169,CACTTCGCTTATAAAA,I469H,1,1
-9.568,4.169,CGATGGCCCACCCCTC,G62P,1,1
-9.568,1.39,CTCAACTCACAGTGCA,A336D,1,1
-9.568,4.169,CTCTGACTAATTACCT,C14N,1,1
-9.568,4.169,GAGGAAAACATGTCTT,F500R,1,1
-9.568,4.169,GTGACAAACAGACTTA,C466P,1,1
-9.568,4.169,GTTAACAGCGGACATA,F87R,1,2
-9.568,4.169,TAAGCTATCAAACAGG,P185R S279R,2,3
-9.568,4.169,TACAGGAAGAACCCAG,I245R,1,1
-9.568,4.169,TGACCTCCCGCGTATC,I335H,1,1
-9.568,4.169,TTCTTTGATAAGCTGC,Y302G,1,1
-9.57,1.39,ACTCGTTTAATGCACA,F125A,1,1
-9.57,1.39,ATCTATTGAGCCTCAT,E390K C473T,2,2
-9.57,1.39,CTACACCTGAAATTAG,Y178R,1,1
-9.57,0.8338,CTCAATAATCGAGACC,D348Y N458M,2,2
-9.571,1.39,AAAGAAGGGATTAATC,V112I Y178Q,2,2
-9.571,1.39,TTTCTAGCTCGTTTAA,R92Y V413E,2,2
-9.573,4.169,AAACTTAAAAATATTC,S95M V182W,2,3
-9.573,4.169,AACATAGGCCCTCAAA,A317E,1,1
-9.573,4.169,AAGAATCAGACCCATC,V309W,1,1
-9.573,4.169,AAGTAAGTAAGTTAGA,C473Q,1,1
-9.573,4.169,CACTGGCTGCTACAGA,A373E,1,1
-9.573,4.169,CCCATTTATAATCATG,E460N,1,2
-9.573,1.39,GACCCTGTTCAACATT,I335E,1,1
-9.573,4.169,GATAAACACCGCTTCT,W127P,1,1
-9.573,4.169,GTAGAATAGAGTAAAC,C139K,1,1
-9.573,4.169,GTTGATAGCATAGAAC,L151K,1,1
-9.573,4.169,TAGGAATATGAGTCCT,G286Q,1,1
-9.573,4.169,TCATTACAAAATTAGC,G286A R321Q,2,2
-9.573,4.169,TTATGTCACCCGGCTC,L151S T416D,2,2
-9.574,0.8338,AACATGGCCTATCCTA,I437A,1,2
-9.574,0.8338,CACGTCTGGCTAGCAC,H56K Y486C,2,2
-9.575,0.379,AGATTACCTACTAGCT,N489P,1,1
-9.577,4.169,AAATCCCCATAAACTT,M320K,1,1
-9.577,4.169,AAGAAATGTGACAACC,Y98C G342Y,2,2
-9.577,4.169,AATCAGTCCGCAAGTA,N31Y N322M,2,2
-9.577,4.169,ACATTATACGTCCGTC,I232N,1,1
-9.577,4.169,ACCGTATAGTTTCCAA,W127A H435C,2,2
-9.577,4.169,ACCTAAGGATGGATTA,L243P,1,1
-9.577,4.169,ACGGCTCGTATTCAAC,S270H,1,1
-9.577,1.39,AGGAAAAATCCTGCAC,C305K,1,1
-9.577,4.169,CATTTAAATGGACAAC,P185F,1,1
-9.577,4.169,CCGGGACCATAGCTTA,A495Y,1,1
-9.577,4.169,CGAACATTAAATATAC,E41H,1,1
-9.577,4.169,CGAGGCGCCATATATC,V26G C281R,2,2
-9.577,4.169,CTAAACCAGGAGAACA,I67M I335T,2,2
-9.577,4.169,CTCATCTCCCTAAGAT,A39E,1,1
-9.577,4.169,CTCTCGCTTGAACAAA,G386*,1,1
-9.577,1.39,CTTACATTAACGCTGC,H184P D408Y,2,2
-9.577,4.169,GAAAGCAAGACCCCTG,E89Y,1,1
-9.577,4.169,GAAATCACATCAATAT,T37K I232L,2,2
-9.577,4.169,GAGACGTCAATTCTCA,I267D,1,1
-9.577,4.169,GTCTCTATCAAATATC,Q363*,1,1
-9.577,4.169,TACCATCCAATACAGG,D419R,1,1
-9.577,4.169,TATTGTAATGCAAAAT,Q295I G349R,2,2
-9.577,4.169,TGTCTAATAATCATTA,G275R P293R,2,2
-9.577,4.169,TTGCTTACAAGACCAT,C466L,1,1
-9.577,4.169,TTGTAAGGAAGGTCAG,H17S Q356M,2,2
-9.577,4.169,TTTTGAGGATTCTAAA,G16C V237S,2,2
-9.578,1.39,AAGTATACAATAGTGG,W153Y,1,1
-9.581,4.169,AACAAAAGCCTTCCGC,L194P,1,1
-9.581,4.169,AGAATAAGAACCAATG,G360C,1,1
-9.581,0.5956,ATCAAGAAAGTGTTTT,Q407H Y491*,2,2
-9.581,4.169,ATTTCAATGCGAGGTT,L427R,1,1
-9.581,1.39,CACTTATGTCCATATC,G240E Q501*,2,2
-9.581,4.169,CCTCCACTAACTTGAT,A19I F147S,2,2
-9.581,4.169,GAATTGATAACCACTA,P185R,1,1
-9.581,4.169,GACGAACTGACGGAAT,G181D I236F,2,2
-9.581,4.169,GCCTCGTCGGAAGCTC,G330F,1,1
-9.581,4.169,GTAACAAAGAAAATAC,V102R,1,2
-9.581,4.169,GTCCGATCTCGCCCAG,W343T,1,1
-9.581,4.169,TAGATCACCTGAAATC,H183R,1,1
-9.581,4.169,TATTTAACAGAATACG,R255T G345C,2,2
-9.581,4.169,TCCCTTCTTGAAATCT,F87T,1,1
-9.581,0.4632,TGGGTGCGTTGCAAGC,Y302D,1,1
-9.581,4.169,TTTGAACAATAAGCTA,V237E A476E,2,2
-9.582,0.379,AGTATGTTACTAATAC,C97A E410S,2,2
-9.582,0.5956,CAGTTAATGACCAATC,T248C Y486W,2,2
-9.583,0.8338,TCCAAATCACCCCACC,Y351E,1,1
-9.584,1.39,TAATGGTGAACACCGA,D271V D487C,2,2
-9.584,1.39,TCACAGGTCCAACTAG,I230E,1,1
-9.585,0.8338,ACGAACAATACCTCTG,S205D A336V,2,2
-9.585,4.169,AATGAAAATATTATAT,T37K D77M G349N,3,3
-9.585,4.169,ACGCAGTACCAATCGG,L439D,1,1
-9.585,4.169,ACTAAAATCTCCCTTT,T451R,1,1
-9.585,4.169,CGTTTGTTTAGCTTGA,A19*,1,1
-9.585,4.169,CTGAATCTAAAATAGA,N290C Y491L,2,2
-9.585,4.169,GAAGACTAAAGGTACT,Y178E,1,1
-9.585,4.169,GACAAAAGCACTGATA,S247C C305Q,2,2
-9.585,4.169,TAGAAAGCGTGTATAA,W350C,1,1
-9.585,4.169,TATCCTTATTCTAGCC,A11L M346P,2,2
-9.585,4.169,TCGCCCACAAAGAACT,G330M,1,1
-9.585,4.169,TCTACAAAAATACTGG,C14F G49D,2,2
-9.585,4.169,TGAATCCAATACAGTG,Y491I,1,1
-9.585,4.169,TGAGATAGACGACGAC,T40D V102D,2,2
-9.585,4.169,TTAAATCACAACCAGT,T370I,1,1
-9.585,4.169,TTCTTATACATGTAAT,G330E,1,1
-9.587,1.39,GTAATTGTAATATTAA,A19Y W127D,2,2
-9.587,0.4632,TATTCTATGATTAAAC,G337W,1,1
-9.588,1.39,GTATAAGTATCACGTC,V88K,1,1
-9.59,0.8338,AACAACTGTCTTTGCC,H435S,1,1
-9.59,4.169,AGTGAAGCACGTATAC,P289H A495G,2,2
-9.59,4.169,ATAACTTTAAATGCTA,F147V,1,1
-9.59,4.169,CAAGGATCTACACCGT,Y178W,1,1
-9.59,4.169,CACTATTCATAACCTA,W153P,1,1
-9.59,4.169,CGAATTGAAAATATCC,G72S,1,1
-9.59,4.169,CGGATTCATATATAAA,G181N,1,1
-9.59,4.169,GAGCGAGACACTACCG,R499F,1,1
-9.59,4.169,GAGGCATATGTTTTAC,Q356P,1,1
-9.59,4.169,GATAAGTGTTAACATA,F467C,1,1
-9.59,1.39,GATTAACCAACTTTAA,F120V,1,2
-9.59,4.169,GCCGAGACCATCCCTG,N158Q G463I,2,2
-9.59,4.169,TAAGTCAACCATCACC,W84Q A372S,2,2
-9.59,4.169,TCACTGTAGAATTCGT,Y486L,1,1
-9.59,4.169,TTAAACTCTAAAAAAT,K121P I232M,2,2
-9.59,4.169,TTCATTTAATGACTTA,C97E,1,1
-9.59,4.169,TTTCGAATAATCAGTA,L177H R261C,2,3
-9.593,0.5956,AATGATAAGAATTCGA,Q57H K292Y N433H,3,3
-9.594,4.169,AACCGATGCAAAAAGC,W343* S480D,2,2
-9.594,1.39,AAGATAGGCCCCCGTC,G200D N296P E344K,3,4
-9.594,4.169,AAGCTAAAAATTGTCT,K2W F338V,2,2
-9.594,4.169,AATGTAAATTATGAGA,P239H E340L,2,3
-9.594,4.169,ACACCGAACAAATGCA,R492N,1,1
-9.594,4.169,AGAATTACAAAAGTCA,P254D,1,1
-9.594,4.169,ATGTAATACTACCAAA,Y486L,1,1
-9.594,4.169,CAAGCGTAGTGAAGGA,M444Q,1,1
-9.594,4.169,GTTTCATAGTCGTCAA,F500A,1,1
-9.594,4.169,GTTTGAATATACACTC,S107N H488Q A495N,3,3
-9.594,4.169,TAACGAGAAACATAGA,Y491A,1,1
-9.594,4.169,TAAGAATAACCCATTA,Y470R,1,1
-9.594,4.169,TAAGACAGTATACAAA,C52V,1,1
-9.594,4.169,TTAGAAATCTAGGAAA,L409D,1,1
-9.594,4.169,TTTATCGCGGCACACT,F353N,1,1
-9.594,4.169,TTTCTCACCGATACAG,A69P R261P P284W,3,3
-9.595,0.379,TCAAAAATTACAAGTA,G72I E414G,2,2
-9.595,1.39,AGATTGTAATATTAAA,N246D,1,1
-9.595,1.39,TACCTAGAACCCACAT,W84E Y491L,2,2
-9.596,0.379,ACAAGCCATTCATTCA,E35W,1,1
-9.598,4.169,AAACAGTCCTAAAAAG,D188A M346A,2,3
-9.598,4.169,AAATATAAAATAACAG,V102H G362V,2,2
-9.598,0.5955,AATCGAAAAAAGTGTA,R90L,1,1
-9.598,4.169,ACGAATACGAAAAGTT,R90T I252L,2,2
-9.598,4.169,ACGAGAATCAGAGGAA,I252Y,1,1
-9.598,4.169,ACTGAAAACCCGGTAC,F120S H183F,2,2
-9.598,4.169,AGAAAAGATCTAACGA,E457V,1,1
-9.598,4.169,ATCTAAATAATATTTT,N322F,1,1
-9.598,4.169,ATGCATCAAAATAACT,P221H Y423T,2,2
-9.598,4.169,ATTTTAGAGTAACAGC,V204K,1,2
-9.598,4.169,CAACTAGGTGGACAAA,T12P,1,1
-9.598,4.169,CACCAAGAAAGAGACA,N22Y G116E V402M,3,3
-9.598,4.169,CACGAGATAAAATACT,L314A,1,1
-9.598,4.169,CATGTCTAAATTTGGA,N38S P74E,2,2
-9.598,4.169,CCAAATCACACAAGTT,M168I T248Q,2,2
-9.598,4.169,CCTTGTAACATGCGCA,W343* F353W,2,2
-9.598,4.169,CTCATCCACTAATTCG,V237Q S266Y E457K,3,3
-9.598,4.169,CTGAGAGAAACCCCCT,E414P,1,1
-9.598,4.169,GAAAAAGGAACGGGTA,F258G,1,1
-9.598,4.169,TAACCCTCAATACCCA,G319E,1,3
-9.598,4.169,TAATATGAAATTCATA,A253D,1,1
-9.598,4.169,TAATCCAGGCACCTCC,A113R N424I,2,2
-9.598,4.169,TATCGCTAGCATAATC,A106T L177H D438V,3,3
-9.598,4.169,TGAGGCACCCTCCACA,F192H G249D G337S K450N V490Y,5,5
-9.598,4.169,TTCATTCAGAAGTATT,R90W,1,1
-9.598,4.169,TTCCACCAAGTTGAAT,Q295R S358L,2,2
-9.598,4.169,TTGAACGTCTTTAACG,H183R A253V,2,2
-9.6,1.39,CGTTAAGGTGACCAAA,N190C,1,1
-9.601,0.8338,TGCAATGCTCAGAATA,Y351W,1,1
-9.601,1.39,TAAAAGACGCCTATTG,D438P,1,1
-9.602,0.1985,ACAACAATACCATATA,I478D,1,1
-9.602,1.39,AAAGCTATTACCCTAC,A365I,1,1
-9.602,4.169,AAATACCGGGACCCCG,V43G,1,1
-9.602,4.169,AAATTAAGTATAAATA,E123K T313K,2,3
-9.602,4.169,AAGTAAATCACCCCTA,A253Q,1,1
-9.602,4.169,ATAAAATTATGTAATT,I478G,1,1
-9.602,4.169,ATATGGGACATTCATT,E359T,1,1
-9.602,4.169,ATGTATAACTTTATAC,Y491K,1,1
-9.602,4.169,CCCCTGCCATTCCGAA,G349R,1,1
-9.602,4.169,CGGATCAATTCAAACC,L118T T436N,2,2
-9.602,4.169,CTCTAAATGATATCTG,F195Q,1,1
-9.602,4.169,GAGCCTATATATCTTA,S270Y,1,1
-9.602,4.169,GATTTCCTAAAGTGTG,C139R,1,1
-9.602,4.169,GGAGCTCACAAATGTA,R109K I502P,2,2
-9.602,4.169,GTACCATGTGAAGATT,F500C,1,2
-9.602,4.169,TTCCCATCCATCTGTT,L194P G345M,2,2
-9.605,1.39,ATTGCACCAATAATAA,I230E E410K,2,2
-9.605,1.39,TTTCCAAATATTTTGC,F294H,1,1
-9.607,1.39,AACACGTATCATAAAA,G319Q,1,1
-9.607,4.169,AGATTATAGTGATCCC,R109C M268P,2,2
-9.607,4.169,ATTAACTCAGCATGTC,S422W,1,1
-9.607,4.169,ATTAAGTCACTATACA,Y308M,1,1
-9.607,4.169,CAGACACCACTTTAAC,Q191M E340Q,2,2
-9.607,4.169,CATATGAATAACTATA,T203I G263E,2,2
-9.607,4.169,CCCCCGAGGATTGTCC,C76W,1,1
-9.607,4.169,CTATATGGACCTGGAA,N31S G181V,2,3
-9.607,4.169,GACCTCTCAGAAATAC,E89H,1,1
-9.607,4.169,TGTTGGAGACAAGTAT,W153S,1,1
-9.607,0.8338,ACGGCTCTTCACCACT,A365I,1,2
-9.608,1.39,TAGTATCACTTATCCA,L66R R383T,2,2
-9.609,1.39,AGACTCCTATATCGAA,G134H,1,1
-9.609,1.39,CTATAAAACCTGAAAC,Q434C,1,1
-9.61,0.8338,CATCTACATACAATCA,I252W,1,1
-9.611,4.169,AAATTATTCTTAGCAT,G303S,1,2
-9.611,4.169,ACATCGCTGTATCTTG,G319V C466D,2,2
-9.611,4.169,ACCATTCGTCACTACT,L66P,1,1
-9.611,4.169,AGTTATCACTGTATCA,K50W P284N G386R K391Q,4,4
-9.611,4.169,ATCAACAAGAAGAAGA,W84T,1,1
-9.611,0.8338,CCAAATGCGCGTCTGT,S287D P324W,2,2
-9.611,4.169,GTTCCCACCGTAGACT,R229N,1,1
-9.611,4.169,TATTAAACACTTAACA,C97M,1,1
-9.611,4.169,TCTCGCAAAATACTCA,V43M D419V,2,2
-9.614,1.39,ATAGGAGGAAGCGAAA,Y308D,1,1
-9.614,1.39,CGAAATAATGTAGAAC,R383Q C466N,2,2
-9.614,1.39,CGACCTTCGGATTAAA,H18N D291A I478Q,3,3
-9.614,1.39,TCAATCCTAGAATTCC,L42P,1,1
-9.614,0.8338,AATCATACGGTGTCAA,Y486L,1,1
-9.614,0.5955,ATGATCTGATATTACT,L177N C277V C281I,3,3
-9.615,4.169,AAATATAACTATATAA,E35G V429I,2,2
-9.615,4.169,AAATGGTAAAACATAA,G62E G319P,2,2
-9.615,4.169,AATTAGATGTTATGGC,S270W,1,1
-9.615,4.169,ACAGTGATCCAATAAA,L177Q C277L,2,2
-9.615,4.169,ACCAGATGACACTAGT,V166L M346C,2,2
-9.615,4.169,ACCATGATTTATAACT,G342I,1,1
-9.615,4.169,ATAAACATAGCGTTGA,K176P,1,1
-9.615,4.169,ATGTCCCTAGCTTAAT,F120C,1,1
-9.615,4.169,ATTTATCGCAAGTAGA,P185N,1,1
-9.615,4.169,CAGCAAAGGATACGAA,C477E,1,1
-9.615,4.169,CCACTGTAATAAAAAA,V204P,1,1
-9.615,4.169,GTAGTAATAACAAAAT,C52K,1,1
-9.615,4.169,GTCAACACTAATATAC,A11H K264A,2,2
-9.615,4.169,TAGTCGCAATTAAACC,S422P,1,1
-9.615,4.169,TTGTTATAACATCAAA,G218T C281S G386W,3,3
-9.616,1.39,ACCATTCTTCCTGTTC,E344D Y486P,2,2
-9.616,1.39,GGGAACCAATTTAGAC,H17A,1,1
-9.616,1.39,GTGATCATTGATTTAA,F120G,1,1
-9.617,0.8338,ACGCAAGAAACAAGCA,I67N,1,1
-9.618,1.39,AACCCCTACCGCAACA,P215D E460P,2,2
-9.618,1.39,ATGTTAATGACTTAAC,L177V G218A R261M P293W,4,4
-9.618,1.39,CTTGTATTAAGACAAA,F125Q,1,1
-9.618,0.5955,TAACAAATACTGCTTA,S136N D291N G352D,3,3
-9.619,4.169,AATACACACACGTCAT,V237S,1,2
-9.619,4.169,AATACTAATTACAAAT,I226Y,1,1
-9.619,4.169,ACAGTTTATAAGCTAA,T416H,1,1
-9.619,4.169,ACTCACGCCTGGAAGA,W127P E359* R405E,3,3
-9.619,4.169,ATAACTTGACGCATCT,L151V D438K,2,2
-9.619,4.169,ATGTCCCCCCTTACTA,G72E,1,1
-9.619,4.169,ATTGTATTTCTGGAAA,S422L,1,1
-9.619,4.169,ATTTGAATTGTTCAGC,D366M,1,1
-9.619,4.169,CAACAGGAAACCTCAG,Y178D,1,1
-9.619,4.169,CAGTTAACAACTCCTT,I58R,1,1
-9.619,4.169,CGTACTTATAAGCAAG,E172G Y491N,2,2
-9.619,4.169,CTAACCTTAGAAAACC,R229N,1,1
-9.619,4.169,CTAGCTTGACAAACTG,A19P,1,1
-9.619,4.169,TGAACTATAGGCAACC,A11E N133K P185Y,3,4
-9.619,4.169,TTATAAGCATCCAAAA,Q371N V429A,2,2
-9.619,4.169,TTCTAACTGATATTTT,S95Q P221L E280*,3,3
-9.619,4.169,TTGATGTGACATTTTA,N31W F294Q,2,2
-9.619,1.39,AAAAAAATACATCCTG,C76D,1,1
-9.619,1.39,AATGAATCACGCTAAC,R222K D225W R499V,3,3
-9.619,1.39,CCTATTTGTCTCGCCA,,0,0
-9.619,1.39,TCGCCAAATCCGAAAA,L71W,1,1
-9.621,1.39,AAATGTATAAGAGACC,L13Y,1,1
-9.621,1.39,ATAAAGATCATTAAAA,N433K,1,1
-9.621,1.39,TATGTGTACTTAAGTA,R255D,1,1
-9.621,0.5955,CATCCATCAGTGGGCT,N152F,1,1
-9.623,4.169,AATTACACACAACTCA,V204W,1,1
-9.623,4.169,ACCCAAAGAAGAAACC,G134V,1,1
-9.623,4.169,ACTAACCATAACATTT,A93Y Y351L,2,2
-9.623,4.169,ACTGGAAGTCTTTACC,S369Y Q376D,2,2
-9.623,4.169,ATTGTTGATCTTGCTA,E449K A459V,2,2
-9.623,4.169,CACAACTATCCGCTCA,N357K,1,1
-9.623,4.169,CATTTTTCATCGTGCT,L177E E398A,2,2
-9.623,4.169,CCACAGTCATTTAGAT,M346E,1,2
-9.623,4.169,CCCAACAAATAGTTGA,S358I I481D,2,3
-9.623,4.169,CCTATCGCTAGCGCAG,V182Y A430T,2,2
-9.623,4.169,GACCTCTTCATCTCTT,I179W I236C,2,2
-9.623,4.169,GTGCAGATCAAAAAGA,Y98G,1,1
-9.623,4.169,GTGCATAAAATTGCTC,E398K R492C,2,2
-9.623,0.8337,TAATGTTAATAAACAT,G116E,1,1
-9.623,1.39,TCAATGGTTGTGAGCG,V323W,1,1
-9.623,4.169,TCTTCTAAAAGGTACA,I34P R383I,2,2
-9.623,4.169,TTCACATTTCAAAAAC,S270W,1,1
-9.624,0.8337,TTCAATTATCCAGCAC,S228V G256S,2,2
-9.624,0.8337,TTGGAATGCTCCTTAA,D32F F120I D175N R255K E325K E344K D419N,7,11
-9.625,1.39,CTTCCCAATAGGATTG,M320T,1,1
-9.626,1.39,TCCTATAGTCTCATTT,I481G,1,1
-9.627,0.8337,TTGGAGAACATCCAAC,I58Q,1,1
-9.627,1.39,AAAGCATACCTTTATT,K27Y L177V P293S,3,3
-9.627,4.169,ACCGGACCAATTTCAT,S287Y,1,1
-9.627,4.169,ACGAATAATATACAAT,F467H,1,1
-9.627,4.169,CGCATCAATCTGCTTA,T318K R354F,2,2
-9.627,4.169,CGTACTGCCCAGAGCC,K417N W421A,2,2
-9.627,4.169,GCCAGTATTGCAGAGT,E340Q,1,1
-9.627,4.169,GTTTAACATGTGCTCT,T37L R222F F338L,3,4
-9.627,4.169,TTAAGAGATCCTACAA,L316P,1,1
-9.627,4.169,TTGCTCCTAATTATCA,A372R,1,1
-9.627,4.169,TTTAACCTCAAAGAAG,I252Q,1,1
-9.629,1.39,CATCCATATGTAGGAC,I288W,1,1
-9.629,1.39,GCCTTAAGGAAAAAAT,T436W,1,1
-9.63,1.39,AAAAATGAAGAGAAGA,G181M,1,1
-9.63,1.39,AATATTATAAAATCCC,C64Y,1,1
-9.632,4.169,AATCAAACTGTATAGA,N464C C477Y,2,2
-9.632,4.169,ACAACACTGATCTGAA,G116Y,1,1
-9.632,4.169,CAAGAAATACTGGTTG,V237F,1,1
-9.632,1.39,CCGCTAACAAAAGAAA,I179R,1,1
-9.632,4.169,CGAGATAGATCACAAT,S270F,1,1
-9.632,4.169,CGGCATCATTGATCCA,I252M T440I,2,2
-9.632,4.169,CTACGAACACAACCTC,G345M,1,1
-9.632,4.169,CTAGACATTTTAAAAT,H393*,1,2
-9.632,4.169,CTGGAAATTTAGGCAT,C473F,1,1
-9.632,4.169,GAAGTCATCCCATAGA,N322A,1,1
-9.632,4.169,GACCTGCGCATCATCA,W127*,1,1
-9.632,4.169,GGGGCGTACAGTTTTT,C52Q S107E,2,2
-9.632,4.169,TCAGTCTAATTGTTGC,G23C,1,1
-9.632,4.169,TCATTAATAAGTCCAA,L15*,1,1
-9.632,4.169,TTAATCGCACCACTAA,I58R,1,1
-9.633,1.39,TGATAAAAAAATGTAG,C64F,1,1
-9.633,1.39,TTTCCAAGGACCTACG,Y351I,1,1
-9.633,0.8337,TATTTCACCCCATAGC,Y257D I288C,2,2
-9.634,1.39,CGACTTATACAAAAAT,A373W,1,1
-9.635,0.8337,CCGAATGCAACACCGA,G249D,1,1
-9.635,0.8337,TTTAGCTAAGAGTAGG,L316Y I481G,2,2
-9.636,4.169,AATTATCTCACAAATT,L86H,1,1
-9.636,4.169,ACAAGATTATAGAAAG,F338V,1,1
-9.636,4.169,ACATAATCACAATACT,N322E,1,1
-9.636,4.169,ATCCCCTTAGAGCCAT,N357K,1,1
-9.636,4.169,ATGATACTTACGATTC,C52Q S193C,2,3
-9.636,4.169,ATGGCCCACAGCGATT,N152P,1,1
-9.636,4.169,ATTACAGCATGTAACC,D366V,1,1
-9.636,4.169,CCAGAACGTAAATACA,Q295K G303A,2,2
-9.636,4.169,CCCAACATCGATAACA,T283W V402S,2,3
-9.636,4.169,CCTCGAAAGGACTTAA,P4H W127R,2,2
-9.636,4.169,CCTGTGGAGTAACTCA,A459P,1,1
-9.636,4.169,CTCTATAATTGAGCGA,L177S V402W,2,3
-9.636,4.169,GAACAAAATTGTAACC,L108D,1,2
-9.636,4.169,GAACAATGTAGCCACA,T40P,1,1
-9.636,4.169,GCTTTTATTCCTGAAT,I437D,1,1
-9.636,4.169,GGTTTTATAATACACA,V237W,1,1
-9.636,4.169,GTGCCATTCACTACAA,W180H,1,1
-9.636,4.169,TATAAAGAAACTCTGG,W84P,1,1
-9.636,4.169,TTAAACCACAGCAAAA,D438N,1,1
-9.636,4.169,TTTTACGGAAGAAATT,I51W,1,1
-9.638,1.39,AACCCACCCTGGAGGT,V43C Q434P D441N,3,3
-9.639,0.5955,TCACACACCATACCAG,L108G,1,1
-9.639,0.8337,ATCATCTCTAAAACCA,L71Y,1,1
-9.64,4.169,AAACCCCATTCCTCCT,A317T,1,1
-9.64,4.169,AATGTATAAGATATTA,H56N T167N M268W G349D,4,4
-9.64,4.169,AATTTTTAAAATGACA,F148V L243R,2,3
-9.64,4.169,ACATGACTCAAAGACT,Y351S,1,2
-9.64,4.169,ACGCAGTCACGGCTAA,Y470K,1,1
-9.64,4.169,ACGTTGAACCGAACAC,N322C,1,1
-9.64,4.169,ACTGTAATTTTTTAGT,G256N,1,1
-9.64,4.169,AGCCTTACCTCGCAAT,D441P,1,1
-9.64,4.169,ATACATAGATATGTAT,V36N,1,1
-9.64,4.169,ATCGACGAATGCGATC,D438P,1,2
-9.64,4.169,CACATGCACTAGAAAG,W343F,1,1
-9.64,4.169,CTAAAATCCTAGTCTC,G256D,1,1
-9.64,4.169,CTACCATTGATCTTGA,F258R K453I,2,2
-9.64,4.169,GGCTGTGTATACAAAA,C76R,1,1
-9.64,4.169,TAACACTCGCCCGCAA,A196N,1,1
-9.64,4.169,TATCTGTGTTACTAGA,N152Y,1,1
-9.64,4.169,TTCACAAACCGCCCAA,L447R,1,1
-9.641,1.39,TGAAAACTACAGTTCT,G218S T283S P293D,3,3
-9.644,4.169,AATTACCAAACTAATC,S369W,1,1
-9.644,4.169,ACCTCACTAACTGGAC,A459K,1,1
-9.644,4.169,ACCTTTGACTAATCAC,T203L,1,1
-9.644,4.169,ACTGAAAGTCAAACTA,T248K G303I,2,2
-9.644,4.169,ATAAGAAATCCATGCA,I34E I377S,2,2
-9.644,4.169,ATAATTAAGAACTTTA,Q295I,1,1
-9.644,4.169,CTACCACGAAATCTAG,Q295D S369C,2,3
-9.644,4.169,CTGAACGCCATCAAGA,G181T,1,1
-9.644,4.169,GAAGGCATCATGCTCC,H183C K472L,2,2
-9.644,4.169,TACTAATTTTAACAAA,H471N,1,1
-9.644,4.169,TATACGCCACACAATC,F258R L409P,2,2
-9.644,4.169,TATATATGGCAACATA,V36R E410K,2,3
-9.644,4.169,TCCCCTAACCGGAAGT,F192S,1,1
-9.644,4.169,TCTGGGTCGAAGTAGC,K276Q Q394R V402* Q407R,4,4
-9.644,4.169,TTACGCGACTAAGTAG,Y178A,1,1
-9.645,0.5955,GTTCGTCTCTAAAGCG,V88K,1,1
-9.645,0.5955,TAGAAGACAAGCAAAA,Q295Y,1,1
-9.647,1.39,CAACATTGGTACGCCA,I245P,1,1
-9.648,4.169,AAAAACCAACTCAACG,F120A,1,1
-9.648,4.169,AAAACATCAAAATCAT,A19K L70P,2,2
-9.648,4.169,AAAACTTCAGATAGCC,M444K,1,1
-9.648,4.169,AAACATTCTACCAAAA,H56I H355Q,2,2
-9.648,4.169,AACCAATTTCACCACA,C305L I418V,2,2
-9.648,1.39,ATAAATTTCCCAACCC,I67N,1,1
-9.648,4.169,CAATTGTGAATCAACT,G49D R492S,2,2
-9.648,4.169,CCTGGCTAGAAATAAT,T24A T28W E398W V402L,4,4
-9.648,4.169,CGGACGAAATTCCCTA,C277H G386I,2,2
-9.648,4.169,CTAAATAAACTATAAA,D68C,1,1
-9.648,4.169,GAATTGCAAAAGACGA,T30P N159V,2,2
-9.648,4.169,GCCATAAAAAAAATCC,R255I S265I,2,2
-9.648,0.8337,TAACACGAGGTACCCG,R492C,1,1
-9.648,4.169,TTTTTGACAATGTAAA,N22V P254N,2,3
-9.649,1.39,CAAAATTTGAAAACAA,T451P K453V,2,2
-9.652,4.169,AAATTATATACACCCT,D60A T248N T485H,3,3
-9.652,4.169,AGATACAATAAAAATA,I67R,1,1
-9.652,0.8337,ATCCACACCTCGATCA,Y486V,1,1
-9.652,4.169,CCACCACACTATCCAA,P74R,1,1
-9.652,4.169,CCTCGCATCCCCACAA,Y233D,1,1
-9.652,4.169,CTAGCTACTGAACGAC,I331S,1,1
-9.652,4.169,GTAAACACATTTTACA,R499G,1,1
-9.652,4.169,GTATTAAAATCGATCA,V237S,1,1
-9.652,4.169,TAAGACTTAAAATGAC,C466N,1,1
-9.652,4.169,TATGAAATCAAACTTA,G72M S156I G319C,3,3
-9.652,4.169,TGCATCAGTGCACAAA,E484P,1,1
-9.652,4.169,TGCCAATTCTTGACAT,G256K,1,1
-9.652,4.169,TGTATTCAGATGCTAG,L177S E396V,2,3
-9.652,4.169,TTATTGTAAAAGACAC,T235W D438L,2,2
-9.653,1.39,ATTAATGAGAGTGACC,A373Q,1,1
-9.654,0.8337,AGATAAGTTGTCGGTG,I478N,1,1
-9.655,1.39,GGTGAGAAACCTGAGA,S422W,1,1
-9.655,0.8337,TTCACCATTTTGAATC,E35*,1,1
-9.656,4.169,AAATACTTTATTTAAC,L409P,1,1
-9.656,4.169,AACAATTTTTCGATAT,N250P,1,1
-9.656,4.169,AATAAAAACCATACTA,C473H,1,1
-9.656,4.169,ACCATAGCACTAATTA,R150W,1,1
-9.656,4.169,AGAGCCTCAAACAACA,L151E Q295P,2,2
-9.656,4.169,ATTAATCTCACCGAAC,A39W,1,1
-9.656,4.169,CCATTTACTTCGGAAT,I274G,1,1
-9.656,4.169,CCCTAAACCATATAAA,S422H,1,1
-9.656,4.169,GAATATATTTCACCGC,G23D E484*,2,2
-9.656,4.169,GATCATTAATACCGAA,C477G,1,1
-9.656,4.169,GGTAAGCTTACTCTTA,L177P R261L G386A,3,4
-9.656,4.169,GTTCTTGCGGCCCTTA,I481G,1,1
-9.656,4.169,TGGTGATACAGCCTAA,P227L E398K,2,2
-9.656,4.169,TTCATATAAGCATTGT,C76K,1,1
-9.659,1.39,ATGTCAGAAGTCACCT,I339*,1,1
-9.659,1.39,GAACGGATGAAGGAAA,W234L T451E,2,2
-9.659,0.8337,GCAAAGCCTCCACAGC,C97W R222Q,2,2
-9.659,0.8337,TTTGACACTATAATAC,C52F L367E,2,2
-9.66,4.169,AAAAAACAATATGGCC,C64R Y491N,2,2
-9.66,4.169,AAAATATAGCCAACCC,Y486H,1,1
-9.66,4.169,AAGACCATTCGCCAAA,G200R S228T M268H,3,3
-9.66,4.169,ACATATCTTAATCTGT,D438C,1,1
-9.66,4.169,ACTCGAGTTTATCCTA,L157N Y351E,2,3
-9.66,4.169,AGTACTGTTGATCTAT,T206P,1,1
-9.66,4.169,ATACGTTTGCGAAAAA,E123K,1,1
-9.66,4.169,CAAATTACAAACATCT,G256C N389I,2,2
-9.66,4.169,CAACACGGCAAGTGAC,P162V A495C,2,2
-9.66,4.169,CAAGGAATTATACGTA,A253D S262D,2,2
-9.66,4.169,CCACCATACCTAAAAT,L59C G249P,2,2
-9.66,4.169,CCTGAATAGATGACTC,E280K E410*,2,2
-9.66,4.169,CGACCTAGAACAAACA,D73M I288E,2,2
-9.66,4.169,CGCTAACACATTAACT,W234* F448P,2,2
-9.66,4.169,CTACAACAGCTTGAAT,Y470P,1,1
-9.66,4.169,GAAGTGCGAGTCTACA,C473W,1,1
-9.66,4.169,GACTAATCCGTTTACA,E280*,1,1
-9.66,4.169,GGTAAGAATATTTATG,N322I,1,2
-9.66,4.169,TATGTTAACTCAATGT,V26Y I385A,2,2
-9.66,4.169,TCACGTTTCCCTAAAT,D461A D487G,2,2
-9.66,4.169,TGCAAAATCTCTAATC,Q434V,1,1
-9.662,1.39,CAATAATTAACTAAAT,G360L,1,2
-9.663,0.8337,TCCTCGCACTGAAAAC,G23I,1,1
-9.663,1.39,ACAATTTTCACCATAA,G181E,1,2
-9.663,1.39,ACTGCAATACAATTAT,G62V T206I,2,2
-9.663,1.39,CCATATAAGAATGAAG,N458M,1,1
-9.663,1.39,TACATAACACAACACG,A304P N424P,2,2
-9.663,0.8337,GTACTATGTCATCTAC,C466P,1,1
-9.664,4.169,AAATAGCCCCGGTGAT,H471N,1,1
-9.664,4.169,AACAATCACACTCTCA,T451G,1,1
-9.664,4.169,AATTATGATTCATAAA,N458W,1,1
-9.664,4.169,AGCTACCACTACCGTC,I51E,1,1
-9.664,4.169,AGGTCCAGGATCTCAT,C52R,1,1
-9.664,4.169,ATAAAGCATTAATAAC,H183N S279F,2,2
-9.664,4.169,ATGCGCAATACCACGA,V102N,1,1
-9.664,4.169,CCACGCCTCGAGAAAT,F147Y D271G,2,2
-9.664,4.169,CGAATAGATCTACAAC,R492G,1,1
-9.664,4.169,CGATTTAAAATTACCT,S146Q A272R,2,2
-9.664,4.169,CGTATAAAAGACACAT,I339P,1,1
-9.664,4.169,CTACTATGATAAATAA,L316R,1,1
-9.664,4.169,CTATCGTATCCGCAAC,I48V D419G T451N,3,3
-9.664,4.169,CTCTAGCCAAATGCCA,F332Q,1,1
-9.664,4.169,CTCTCCAGTTACAGCC,K131N A138V G345V,3,3
-9.664,1.39,GCCTAAATTTATTAAC,V204D,1,1
-9.664,4.169,TCCCTCTTTGCCCTAG,L118K Y233W,2,2
-9.664,4.169,TGATACCAAAGAATAA,I385R F392G,2,2
-9.664,4.169,TTATTCGAAATAGAAA,R90F,1,2
-9.664,4.169,TTCATCTCATGGTAAA,S156I I236N,2,2
-9.664,4.169,TTTAACTGTACAACAC,I502S,1,1
-9.664,4.169,TTTCAATCTTGCAAAA,A373W,1,1
-9.664,4.169,TTTTATAACTCGGGAA,Q197G S266P,2,2
-9.666,1.39,GTTACAATCTCGACCG,T37W,1,1
-9.666,0.4632,TTCTACGATATTCACA,G345E,1,1
-9.667,0.5955,TATATTAGCCACACAG,T440Q E449*,2,2
-9.667,0.8337,TGTTCGCGAACGTACC,K2W N357D,2,2
-9.668,4.169,AATATCAAATTCAAAG,C14L A476W,2,2
-9.668,1.39,AGATAATACAACTTGT,R90P,1,1
-9.668,4.169,ATAAATACCGTAGCCA,N458I,1,1
-9.668,4.169,ATTAGCTTAACATAAA,E359T,1,1
-9.668,4.169,CCAGAACCAGCTCAAA,C466T,1,1
-9.668,4.169,CTGATTACTCCTAAAA,Y100N E172K,2,2
-9.668,4.169,GACGTTAATTTATCCA,G303A,1,1
-9.668,4.169,GTACCATCTAAGAACT,D366I,1,1
-9.668,4.169,GTCTCCGAGGAACACA,E340C,1,1
-9.668,4.169,GTTCTTCTCTTAAGAC,K131V W343V,2,2
-9.668,4.169,TAAAACACATAAATTT,I335R,1,1
-9.668,4.169,TAGTGGTAAGCTTTCC,G5* Y308A,2,2
-9.668,4.169,TCACTGACTAAGATAT,G16E,1,1
-9.668,1.39,TCATTAGACCAGCTAG,N22W E432M,2,2
-9.668,4.169,TCCCAAATATTAGGAT,F294S,1,1
-9.668,4.169,TCCCTGAACTCATATT,G349R,1,1
-9.668,4.169,TGTCAATAGCAACAAA,S247K,1,1
-9.668,4.169,TGTCTTAAACAAAACA,L439P,1,1
-9.67,1.39,ACACCACTCTTACCGA,I252A Q327* W343G,3,3
-9.67,1.39,TACGATTTTTTCACGC,L409D,1,1
-9.671,1.39,GAGAATCATTACAGAA,G61T,1,2
-9.672,4.169,AAATATGAAGACCCAC,I331E I481N,2,2
-9.672,4.169,AAGATGATAGTTTACA,I339K,1,2
-9.672,4.169,AAGCATATTAATGGTC,D77S T187I E401K,3,3
-9.672,4.169,ACCGGTTACACTAATA,A113N,1,1
-9.672,1.39,ATATATCATGTGTATA,F148R,1,1
-9.672,4.169,CAAGCACAGCATCTGA,I377G,1,1
-9.672,4.169,GAATGATAAAATAATA,I252W,1,1
-9.672,4.169,GATATGGCCTCCAGCT,L111P G142H,2,2
-9.672,4.169,GATTATATATCCCATT,V429K,1,1
-9.672,4.169,GCTTATACTCCCAATT,W180R F258P,2,2
-9.672,4.169,TTGTCTAACTCACAAT,D241I,1,1
-9.675,1.39,AGATAGAAAAGAGACT,H18D,1,2
-9.675,1.39,CGCTAGTAGTTAGTTA,A336W,1,1
-9.676,4.169,AAAACTATTGACAAAT,P254G,1,1
-9.676,4.169,AATTGTACAAATAAAA,Q295D,1,1
-9.676,4.169,AGACGCATTAACGGCC,T248R,1,1
-9.676,4.169,ATAGGAATTAGGTGCT,W153Q,1,1
-9.676,4.169,CACCATCAATTAAGAC,W343H,1,2
-9.676,4.169,CGAAACACACATAATC,G286Y N498C,2,2
-9.676,4.169,CGGTACCCAAAACTTA,P99F,1,1
-9.676,4.169,GATCCAACATATGAAG,D366V,1,2
-9.676,4.169,TAGGAACCGTTCATTG,G181E,1,1
-9.676,4.169,TATATTATGTTTCCTC,A69W W180C,2,2
-9.676,4.169,TGTACCGCCGTCACTC,G349E,1,2
-9.676,4.169,TTGCACGAAATACTCG,T436R,1,1
-9.678,1.39,GTGTAGAAAAAATTAC,K2I R499I,2,2
-9.68,4.168,AAACCGTAACCGACGT,F294T,1,1
-9.68,4.168,AAGGAATCTTTATTCG,E41C,1,1
-9.68,4.168,AAGGTTCGGCTCACCG,S287D,1,1
-9.68,4.168,ACACTAAACCATAAAA,E123D I437F,2,2
-9.68,4.168,ACCAGAAAATTAGAAG,I478Q,1,1
-9.68,4.168,ATAATTCTTATATCTT,G345D,1,1
-9.68,4.168,ATCACAAATAAACCAT,R90I S136R S156Q,3,3
-9.68,4.168,ATTCCCCATGAGCTAA,M346R,1,1
-9.68,1.389,CAACTCCTCTAATGCC,S422F N475K,2,2
-9.68,4.168,CCCTAACAACTTACAG,N6I I288W,2,2
-9.68,4.168,CGGAGCGAATACGACT,L314P,1,1
-9.68,4.168,CTAATATCACAAATCA,L447Y,1,1
-9.68,4.168,CTCAACAATATTATAC,I377D,1,1
-9.68,4.168,GAAGTCTTTCCACTTG,I502K,1,1
-9.68,4.168,GAGCCCCATAGTAGGG,M320D,1,1
-9.68,4.168,GGGCTATTTCTCAAGT,E460K,1,1
-9.68,4.168,TAAACATAACGCCTGG,C97N A430E,2,2
-9.68,4.168,TACGACCAAATTAAGC,C477E,1,1
-9.68,0.8337,TCTGACTACATCATTC,G78A G333R D408N,3,3
-9.68,4.168,TGGCTCAATTTACACG,E89H,1,1
-9.681,0.2779,AAAACTGCACAATCCA,H18E S198R,2,2
-9.682,1.389,TTCTAATCTGCCCAAG,T436D,1,1
-9.682,0.8337,GTAGCACCTCGATACC,T40G,1,1
-9.683,0.8337,TCACACCCGAACCAAC,C281L E396I,2,2
-9.683,1.389,ATCTTGCGTATAATCA,G116M R222G,2,2
-9.683,1.389,TCCACAATACTCTGTA,F353Q,1,1
-9.684,0.8337,GCTGTAAGTAGCCTAG,L42M N464A,2,2
-9.684,4.168,AAACTGGTTCATCAGA,C305E D348N,2,2
-9.684,4.168,AAAGATACTAAAATTG,T37*,1,1
-9.684,4.168,AAATGATACGACATTT,A336C,1,1
-9.684,4.168,AAGAATGATAATGATC,R354N,1,1
-9.684,4.168,AAGCAAACATATACGC,I481Q,1,1
-9.684,4.168,ACCACGCTTAAGTATG,H471G,1,1
-9.684,4.168,AGCATTATCGCACAAT,N296P,1,1
-9.684,4.168,ATAACCTCGAAAATAA,V237F G386E,2,3
-9.684,4.168,ATACGAAATAAAACTG,L439D,1,1
-9.684,4.168,CCAACCATGACTGAAA,C64A,1,1
-9.684,4.168,CCCTTAATGAAAGTAC,G303C,1,1
-9.684,4.168,CGACAACAATCAGCTA,S270Y,1,1
-9.684,4.168,CGTCAAAGTAGAAAAC,S95M I160P,2,2
-9.684,4.168,CTGTTTTATCGCCTTC,N31*,1,1
-9.684,4.168,CTTTACACGACTTAGT,S287D,1,1
-9.684,4.168,GACATAAGAATCAAAG,C305E,1,1
-9.684,4.168,GATACGAATGGCCAAC,A317L,1,1
-9.684,4.168,GGAAGACCTCTGATAT,N94A G337P,2,2
-9.684,4.168,TCAGGGGTACGTTAAC,C52V,1,4
-9.684,4.168,TGATCACCAACCTATA,I3F L316N N458L,3,3
-9.684,4.168,TGTGATATCCATGATT,A253T,1,1
-9.684,4.168,TTATACTCATGCAATG,I288D,1,1
-9.684,4.168,TTTATGTCTTTGAAAG,Q44K T301R,2,3
-9.684,4.168,TTTGCAAATCAGATAC,N298P,1,1
-9.685,0.8337,ATATTCCTTATACGTA,A425R,1,1
-9.686,1.389,CTCCACAAGTATATCA,R499Y,1,2
-9.686,1.389,GCAATCCGGCAGAAAG,P74L,1,1
-9.686,1.389,TGCGCCTTTTAAGAAC,R354D,1,1
-9.688,4.168,AAAATAAACCCGTTGA,E401N G465R,2,2
-9.688,4.168,AAAATCGCCTACACAA,A336R G349E E410K,3,3
-9.688,4.168,AATCTGTAAGTCCAAC,W343R,1,1
-9.688,4.168,ACCTGAAGGACTATAA,L71H,1,1
-9.688,4.168,AGGTAGATTCAAACCA,L420S,1,1
-9.688,4.168,AGTCAATTTAACGTAT,A459T,1,1
-9.688,4.168,ATCCAATGAAAAAATA,G319D G465E,2,2
-9.688,4.168,ATGGTACCTATTCATG,W153G,1,1
-9.688,4.168,CAAGACTGACTAAAAT,W343R,1,1
-9.688,4.168,CACATTTACTAAAATA,G349M,1,1
-9.688,4.168,CCCCACTGACAATCTG,E460P,1,1
-9.688,4.168,CCCTATTATGAATACC,F147N,1,1
-9.688,4.168,CGGTAAGCGGGAGAAA,Y486N,1,1
-9.688,4.168,GCAAAAAACGACCGAA,D291N L447M D461W,3,3
-9.688,4.168,GCTTCACCAGAATGTT,G286V,1,1
-9.688,4.168,TACAATAAACACACCA,Y308R,1,1
-9.688,4.168,TACGTGTCGCGAGACC,G61K,1,1
-9.688,4.168,TAGATACTGGTTACAG,I252E,1,1
-9.688,4.168,TAGGACCTCTAACCTT,H17S S115E,2,2
-9.688,4.168,TAGTATAAAGAATTTA,L154Q A196S,2,2
-9.688,4.168,TATGCGAGATCTAAAC,G142* L316E,2,2
-9.688,4.168,TGTACTTTGATTAGTA,N170T,1,1
-9.688,4.168,TTAGTTTATGAAAAAT,V204H,1,1
-9.688,4.168,TTTTACCAGTCGCACT,M346I N382I,2,2
-9.69,0.4632,AGCGTCAATGTTTAAT,P99F,1,1
-9.69,1.389,GACACTAGCTGTTTTT,G286F,1,1
-9.692,4.168,AACTTATGCAGCAAGA,W84S,1,1
-9.692,4.168,AAGAAATAAACGATGT,G134I I232D,2,2
-9.692,4.168,ACCCTAGAAATGAACA,D474K,1,2
-9.692,4.168,AGGCCTCACCTTGCAT,W180* W343* V490Y,3,3
-9.692,4.168,ATCGCTGCCAAAAATA,G249E,1,1
-9.692,4.168,CAACGTGATACCAAAG,Y351V,1,1
-9.692,4.168,CCCACTTAAATCAGCA,L59G I481C,2,2
-9.692,4.168,GAGAAACACCATCGAA,I245C,1,1
-9.692,4.168,GAGCTCAGTAAATATA,L455D,1,1
-9.692,4.168,GGGGATCTCGGACTAA,G286V,1,1
-9.692,4.168,TAGAAACTCCAATAAC,S146P,1,2
-9.692,4.168,TCACCACTTATCCAAG,N357W,1,1
-9.693,0.4632,GAGTACAACTATTCTT,F338P,1,1
-9.694,1.389,ATAAAGACCGACAACT,G256F,1,1
-9.694,1.389,GCTAAACCAACTAACA,L154S,1,1
-9.695,0.8337,ATATCCACAACTCTAA,Y351C,1,1
-9.695,1.389,TGCCGCCAAGGCTAAA,A317D G360H,2,2
-9.696,4.168,AACAACGAACTTTAGT,V112G G181A,2,2
-9.696,4.168,AATACGACTGGCCCCA,A373P,1,1
-9.696,4.168,ACACATAAGGTACGAC,L66R S270G,2,2
-9.696,4.168,AGCTAATCACTCGAAA,L42N F147V,2,2
-9.696,4.168,CACAACAATATAAGGA,A163Q L177P,2,2
-9.696,4.168,CCACAAACAATTCGTC,T37Q D493E,2,2
-9.696,4.168,CTGACAACCACTTTCA,V26M G72A,2,2
-9.696,1.389,GATGATTCAATTCAAC,V429G,1,1
-9.696,4.168,GCTTGACAGATCGAAT,C52H,1,1
-9.696,4.168,GTAAGACACAGTACAC,Y100C F332I,2,2
-9.696,0.8337,TGCCATCTCGGAGTAC,N170H T235W,2,2
-9.696,4.168,TTAAAACCCCACCCAT,V43A C305K,2,2
-9.696,4.168,TTAATCATCGCAACAA,S143N F353P,2,3
-9.697,0.2194,ACTGCCGCTGGACAAA,Y412G,1,1
-9.698,1.389,TAACTAGTTACATTCA,R456S M462I R492F,3,3
-9.699,1.389,CACTCACACTTTAATA,V237S I481F,2,2
-9.699,1.389,TCAAAAAATTGATAAC,A163F L177N L384D H393L,4,4
-9.7,4.168,AAGAAGCCGATAAACA,G134C N475T,2,2
-9.7,4.168,AAGTGAACTTCCCATG,L420K,1,1
-9.7,4.168,AATAAAAACAAATCGG,L177P R261T,2,3
-9.7,4.168,AATCTAGCTCAGTCGT,C76A,1,1
-9.7,4.168,ACTTACAGATCTGGAG,E41M,1,1
-9.7,4.168,ATTAGTGAGGGACTCG,M320A,1,1
-9.7,4.168,CAGCCTCCTGAAACCT,C477Q,1,1
-9.7,1.389,CTAAATAAGGAATCGA,G319A,1,1
-9.7,4.168,CTCTGTAACCAAACTC,C97I,1,1
-9.7,4.168,GAGCTCACATGTTACA,A93T N322Q,2,2
-9.7,4.168,GAGGCCAGGGTTACAC,S149D P254D,2,3
-9.7,4.168,GCGTTACCAAACGCCA,A317M,1,1
-9.7,4.168,GGCGGTAAACATATTA,I58Y,1,1
-9.7,4.168,TAACCAGACTTACAAT,D241V,1,1
-9.7,0.8337,TACGAATGTTCAACGT,I230P,1,1
-9.7,4.168,TAGATATGCGGTTAAA,G342E,1,1
-9.7,4.168,TTAACAACAGAAGAAC,Q376P,1,1
-9.701,1.389,ATAATAGGCTAAACTC,,0,0
-9.702,0.8337,AACGGTCCTGTCCGCA,D68C,1,1
-9.703,1.389,CATATAATCAAACATA,N298I G330S,2,2
-9.703,1.389,TATATTACACCTGGCA,R361G L420S,2,2
-9.704,4.168,ACCTAACTTACAACAG,G181P,1,1
-9.704,4.168,ACCTCACCAACTTATA,N152W,1,1
-9.704,4.168,AGATATTCAGCGAGCA,V130D P162L K259T,3,3
-9.704,4.168,ATGCTTAAAAGGCTAT,V88P,1,1
-9.704,4.168,ATTGCCCTTTAAACCA,G330D,1,1
-9.704,4.168,ATTTAAACATTTGTCC,R33T F294C,2,2
-9.704,4.168,CACAATCATTAGAATC,W180V,1,1
-9.704,0.8337,CACTTTTCTTCCGCAC,T370C,1,1
-9.704,4.168,CGCAAACTTATTAAAA,G465V,1,1
-9.704,4.168,GCCGCTTGACTAAAAA,P185R,1,1
-9.704,4.168,TAAAAGAAACCTCTAC,F294R,1,1
-9.704,4.168,TAATAGAATTCTGGTG,G342H,1,1
-9.704,4.168,TCACAAATACTTACGG,W343* I502N,2,2
-9.704,4.168,TGGAATCGAATTGCAC,N458W,1,1
-9.707,1.389,GTCAGTGAATACGAAG,G142R I478N,2,2
-9.707,0.8337,CCTCAAGAATATATTC,H355Q,1,1
-9.708,4.168,AAAGAAGTACAAGTAA,D101G G352K,2,2
-9.708,4.168,AACATCGGATTGACAA,N322F G404H,2,2
-9.708,4.168,AACCATGTTCAAAAAC,A253C,1,1
-9.708,4.168,ACATTATGCTTCTGCC,L384R,1,1
-9.708,4.168,AGAATTACTATACAAT,A459W,1,1
-9.708,4.168,AGACCTGTCACAGGAA,S136K T301I,2,2
-9.708,4.168,AGCAAAACATTTTTCA,Q434Y,1,1
-9.708,4.168,ATACCTGAGGCTCGAT,V43Q,1,1
-9.708,4.168,CACCTTGAACTTCGTA,P306I G342S,2,2
-9.708,4.168,CATTAATGACAGATTA,R261W V413G,2,2
-9.708,4.168,CCCATCTAAAATCGCT,L409R,1,2
-9.708,4.168,CGATGAATCAGTCAAT,Y257I,1,1
-9.708,4.168,CTAAAATAACTAATTC,M346Q,1,1
-9.708,4.168,CTAAGCACAGGCATCC,P55E R261P T283S,3,3
-9.708,4.168,CTGATAACGACAACGT,G360R,1,1
-9.708,4.168,CTTATCTATTAACCGA,I469T,1,1
-9.708,4.168,GAAAAACCCACGGGCT,T37Q,1,1
-9.708,4.168,GAAAATTTACGTGAAG,G465K,1,1
-9.708,4.168,GAAAGCATCACAGGTC,W153K,1,1
-9.708,4.168,GAAGGTCTGTACGTCT,S287R,1,1
-9.708,4.168,GAATTCCAATGTATAA,Q1* A272D I469V,3,3
-9.708,1.389,GCATTCTTGCTTAATA,W84A,1,1
-9.708,4.168,GCTAAGCACAGCTCTA,L71E,1,1
-9.708,4.168,GTACGAAAACTATATA,L154R,1,1
-9.708,4.168,TAAAATTAGTCCAACC,C52K P227L I377E,3,3
-9.708,4.168,TAATTAACGGAAGATA,A334Q C477N,2,2
-9.708,4.168,TATTTGTCCCAATCTT,G303P,1,1
-9.708,4.168,TCGGCTAAAAGATCAC,V20E F338M,2,2
-9.708,4.168,TGCAATATATGGAACT,N458Y,1,1
-9.712,0.5955,ACTCTCAATTGAAATA,T203I,1,1
-9.712,4.168,AGCAACATGACATCAT,V429P,1,1
-9.712,4.168,AGCACTCTATTTCACA,Y308K,1,1
-9.712,4.168,AGCGCTTTTATCCTGA,D60K N296I,2,2
-9.712,4.168,AGTTGGATTAGACCCT,D241Y A272L P284K F399C,4,4
-9.712,4.168,ATACCACATAAGATAT,W421P,1,1
-9.712,4.168,ATTTAATCTCGACTTA,L455T,1,2
-9.712,1.389,ATTTACTTATTGAGAA,C14S,1,1
-9.712,4.168,ATTTTACTTACACTTT,W180N P273N,2,2
-9.712,4.168,CACATGGCGACCAGGC,R255P,1,1
-9.712,4.168,CGATACAAATGTATAT,L108P,1,1
-9.712,4.168,CGCATCAATATTTTTA,L71E,1,1
-9.712,4.168,TAATAGTTTAGATAAC,C305T,1,2
-9.712,4.168,TAGAAATCTTCCTTAC,L70Q,1,1
-9.712,4.168,TCCCATTTAAGGGGTA,V166C N296K A365C,3,4
-9.712,4.168,TGAAACAACGGCCTTG,P284- N285- G286- S287- I288- I481S,6,6
-9.712,4.168,TTATAATTATCCAAGT,K2H D474I,2,2
-9.713,1.389,ATCGATTATTATACGA,G345C,1,1
-9.714,0.2452,CACTCTCTTGTACGCA,H355D,1,1
-9.714,1.389,CACACAGTTCTTGCAA,I226W,1,1
-9.715,0.4632,ATTAGATATAGTACCA,L118P,1,1
-9.716,4.168,AACTACTTCTTTTACA,L86R,1,1
-9.716,4.168,AAGGTGCATCCCAGAG,N341P,1,1
-9.716,4.168,AATCCTAAAATAGTGG,E396K E432V A495D,3,4
-9.716,4.168,AATTGCTCTAAATAGT,W127G C473V,2,2
-9.716,4.168,ACATATACTAAGCCAA,V309K E410G,2,2
-9.716,4.168,ACGAAAGTTGATTACC,D73C E401K,2,2
-9.716,4.168,AGGTTAAGTTGTAGCC,N246G,1,1
-9.716,4.168,ATAATATCTGGTGCAT,L70G,1,1
-9.716,4.168,ATGGTCCAGCCCAAAA,L381P M462Y,2,2
-9.716,4.168,ATTATCTACAAAAGAA,F148E,1,1
-9.716,4.168,CAAAAACCTAAATAAC,R201L E432K T440K,3,4
-9.716,4.168,CACTGTCAATAGAGTT,,0,0
-9.716,4.168,CCCCCGCGGACAAAAG,V36F,1,1
-9.716,4.168,CCTCTAATTAGTAAGC,Q311*,1,1
-9.716,4.168,GCACTTAACGCAACTA,G240I,1,1
-9.716,4.168,GCTCTTATGCGCCCGA,C305G E390S,2,2
-9.716,4.168,GGAAGTGAAATAAAAA,G16R,1,1
-9.716,4.168,GTAATACAATCAAATA,L86G,1,2
-9.716,4.168,TCAAAAATAGCAAGGC,I58W,1,1
-9.716,4.168,TCTCCTGGCCCGCTCG,F448G,1,1
-9.716,4.168,TGACATTAAAAGCAAT,L15T I335C,2,2
-9.717,1.389,ATCTACTGACCCACGT,V88Y,1,1
-9.717,1.389,CCCCACTCCTTCCGCT,A163M S266Q R321G V406C,4,4
-9.717,1.389,TAGAGATGGTTGCTGA,S287E,1,1
-9.718,1.389,AACAGATTCAGCAGCC,G72N,1,1
-9.719,0.8337,GTTCGCAACCAACTAA,L409P,1,1
-9.72,0.8337,AAATTGAAGCAAGGAA,G379D C477Y,2,2
-9.72,4.168,AATTTCCACCGTAGCA,T40Y Y351P Y486S,3,3
-9.72,4.168,ACCAATCATGGAAACT,G286P,1,1
-9.72,4.168,ACCCCCAAACCGAATT,P103N S422R,2,2
-9.72,4.168,ATGAAAATCCTAAAGC,A138D A336D,2,2
-9.72,4.168,ATTACGCTCTACAGCA,Q295W,1,1
-9.72,4.168,CACTGGACTAAATTCT,G286T,1,1
-9.72,4.168,CAGGACAAAAAGACAC,D60N C97D,2,2
-9.72,4.168,CCTCGATTAAACCACA,T436W,1,1
-9.72,4.168,GGCAGCGTATCTTAAT,E172K L409P,2,4
-9.72,4.168,TAACCACCTACCAACA,I260E,1,1
-9.72,4.168,TTCCAGTACAGGATGG,L439E,1,1
-9.72,1.389,TTGCTTTGACTTAAAA,Q197R T370F,2,2
-9.72,0.8337,GTTGCACCGCAACAAT,G61S M320F,2,2
-9.721,0.5955,CTTTCACTATTCCCAT,N296P,1,2
-9.722,0.5955,AGAATTGACACGCCAA,L251Q,1,2
-9.722,1.389,TCACAAAGAAATTTTC,E35A A495R,2,2
-9.724,4.168,AAAAAACTACGCGGTT,D32T R224V K446N,3,3
-9.724,4.168,AACAAAATGATACATA,K50P Q454D,2,2
-9.724,4.168,AAGGATCACACGATGT,L409R,1,1
-9.724,4.168,ACAAAGTCTAAATTAG,C76W,1,1
-9.724,4.168,ACCTAGTAGAACTAAT,T235S N464K,2,2
-9.724,4.168,ACTAACTAACGACCGT,E123I,1,1
-9.724,4.168,ACTCCAAAACCACAAC,I58R,1,1
-9.724,4.168,ATGAGAAACAAGCTAA,N458P,1,1
-9.724,4.168,CACTAAAGAGCATAAT,G349F K503R,2,2
-9.724,4.168,CATAACTGACAAAATA,A334D,1,1
-9.724,4.168,CCAAAAAATATCAGAC,P21E S270N,2,2
-9.724,4.168,CGCGGTATAATGTCTT,Y98F,1,1
-9.724,4.168,CGGCATAAACTGGATA,F125Q,1,1
-9.724,4.168,CTGTTGCCGCTCAAAC,A19D,1,1
-9.724,4.168,GAACGTTGCGAGCAAA,I502F,1,1
-9.724,1.389,GCCTGTTAAAACGTGA,V237I E457K,2,3
-9.724,4.168,GTAATTATGTGCCACT,T37D A373V,2,2
-9.724,4.168,GTTATGCAAACTCAAT,Y302P,1,1
-9.724,4.168,TCATGATTACATCAGA,V36M K380R,2,2
-9.724,4.168,TCTCGACACCCTAAAA,E398K D419V,2,2
-9.724,4.168,TGCTTGTAACACAGAT,G360H,1,1
-9.724,4.168,TTCCTTTAACTAACGA,K131M P324T,2,2
-9.727,4.168,AATATACATTAAATAG,L316I G465E,2,2
-9.727,4.168,AATGTTCAATCTCAGA,Q210*,1,1
-9.727,4.168,ATATAGAGTTCTCAGA,T235Y,1,2
-9.727,4.168,ATGTCAACTGTATTCC,G345Y,1,1
-9.727,1.389,ATGTGATAGTACAGTT,Y233P I502W,2,2
-9.727,4.168,CAAAAATACATAGTTA,I226G,1,1
-9.727,4.168,CAATCTACCTCTATCG,I260E,1,1
-9.727,4.168,CTTAACCTAATTATAA,V413E,1,1
-9.727,4.168,GAAATGGAAGTTCCTC,E123R,1,2
-9.727,4.168,GCCTCGCAAAATCACC,G319C,1,1
-9.727,4.168,GGAGAACCATCCAATT,F87W P284T,2,2
-9.727,4.168,TCATCAAGAGTACATA,S136M,1,1
-9.729,1.389,AAATCAGAAATTATAG,I245Q,1,1
-9.729,1.389,CCAGACGCACTCACAC,G349Y,1,1
-9.729,1.389,TGATGGCCACTGAATT,G319F,1,1
-9.729,0.8337,ACCATATAAGAGAAAC,P254Q,1,1
-9.729,0.5955,AAATAGACAGTACTTA,G463C,1,1
-9.73,1.389,GACAAAACCACCACAC,L108G,1,1
-9.731,0.8337,CTCTAATCCGAAATAA,F448E,1,1
-9.731,4.168,AAAAAGTCTTGATAGA,C52H,1,1
-9.731,4.168,AACCGATTTATGATCT,C281*,1,1
-9.731,4.168,AAGCGCGATGCCCAAT,L314D,1,1
-9.731,4.168,ACAATACCACCCACCC,A163Y G218A P284S E403K R405Q,5,6
-9.731,4.168,AGCTGAATAAGATATT,D101P,1,1
-9.731,4.168,ATAATAAATCACACCT,L66G,1,1
-9.731,4.168,ATACCGGTCTCAAGAC,S422P,1,1
-9.731,4.168,ATCTCGCTATACTAGA,Y491K,1,1
-9.731,4.168,CAGTGTCGAGCACTAC,D461R,1,1
-9.731,4.168,CCGAATGATAATTCGA,S193P E432Q,2,2
-9.731,4.168,CCGCAATATATCTACC,G286A W421*,2,2
-9.731,4.168,CTACTGAAACTTTCCC,A69K W180L L428G,3,3
-9.731,4.168,GACTCCACACTTATAC,T416M D461K,2,2
-9.731,4.168,GCAGGCTTTACCAATC,K176Y V213M,2,2
-9.731,4.168,GGCATCGTTTCGGTTG,L194R G337F,2,2
-9.731,4.168,TTTATTGCTCACATGC,N53E W343G,2,2
-9.733,1.389,CCACCTAAAAACATAG,L439P,1,1
-9.733,1.389,TGTGAATAGGATATTA,V88H,1,1
-9.733,0.8337,GCATTCTGAATATTCC,I437E,1,1
-9.733,0.5955,TGAAGCTAAATCCCTA,L314Q,1,1
-9.735,1.389,AACAACAGAGTTTAAC,R499D,1,1
-9.735,4.168,ATATTACAACAAAAAA,C64N A163C D186R,3,3
-9.735,4.168,GAATAAGACAGTAACT,A495T,1,1
-9.735,4.168,GACGGATTAATTATAA,V36H,1,1
-9.735,4.168,GGCCCACACGTCCAAA,I339R,1,1
-9.735,4.168,GTGTCAGTTCCATAAA,S193C,1,2
-9.735,4.168,GTTGAACAAGAGAAGC,V20C K238I,2,2
-9.735,4.168,TAAGTATGGCTACATA,G61D L157C,2,2
-9.735,4.168,TATACCACTCTAAAAC,C97S,1,1
-9.735,4.168,TGCTCCCTTTTAAACA,C52K,1,1
-9.737,0.8337,GAGATTGGATAAAACA,T436A,1,2
-9.739,4.168,AAACAAAATTAACGGA,T203L,1,1
-9.739,4.168,AAACCAGTGCCACCCC,H18L L154A,2,2
-9.739,4.168,AGGAAACAGATACCGT,M320K,1,1
-9.739,4.168,ATATCCAACTTACTAG,F500D,1,1
-9.739,4.168,ATGAGCAACCTTGAAA,T440Q,1,1
-9.739,4.168,CATTATAGGCTTCACA,F294Q,1,1
-9.739,4.168,CGGCCATTGCACTCAA,L108E,1,1
-9.739,1.389,CTAAAAAGTAACACGA,G303H,1,1
-9.739,4.168,CTGGAATATCAAACTT,F448S C466N,2,2
-9.739,4.168,CTTGCAGAAACCAGAG,L108T,1,1
-9.739,4.168,GAACAGAGAAAATCTA,R499C,1,1
-9.739,4.168,GAAGAATACTATCCTG,Q164E G256D,2,2
-9.739,4.168,GACTGAGCCCCTAAAT,A425N,1,1
-9.739,4.168,TACACACTTAACTTCA,A11*,1,1
-9.739,4.168,TCATACCAGCCATACT,T440E,1,1
-9.74,0.8337,GAGTATCAAAAAACAT,V413Y A459T,2,2
-9.742,1.389,TTAGAAGATTGCTGCG,G61W M346F,2,2
-9.743,4.168,AAAATCCGGGATAACC,G218A C281* H393S,3,4
-9.743,4.168,AACCCACCACAAATTT,G360P,1,1
-9.743,4.168,AATACCCCCAAATAGC,I34K,1,1
-9.743,4.168,AATATATTTTTAATGA,V204E E432K,2,2
-9.743,4.168,ACATTGCTATCTTTAT,I481C,1,1
-9.743,4.168,AGCAGCCACCTGATAT,S9T G256S,2,2
-9.743,4.168,ATAAATGATATTCAGA,E119V P306M,2,2
-9.743,4.168,CACCAACTTTCAAGTA,D461R,1,1
-9.743,4.168,CATCAAAAACTCAAGT,I469C,1,2
-9.743,4.168,CCCAGAATTGTAAAAA,L13E H488N,2,2
-9.743,4.168,CGTAGTTACGACAAAA,,0,0
-9.743,1.389,CTATTAGCTAATACCA,I51R,1,1
-9.743,4.168,CTCGGCGAATATATAC,N433P,1,2
-9.743,4.168,CTGTACTCTTCCTTAA,F174P,1,1
-9.743,4.168,GCGCATATATAAAGCT,V26R E396T,2,2
-9.743,4.168,GTAAATAAAATCTACC,S136M D291N M444I,3,3
-9.743,4.168,GTCCAAACCACCACCT,F125I R499K,2,2
-9.743,4.168,GTTAACAACATCGAAG,A336D,1,1
-9.743,4.168,TTGGGAGTATAGGTTA,T248E,1,1
-9.744,1.389,TGCTTTAATTTCGGAC,N250T,1,1
-9.744,0.8337,ACTACTTTATTCATTA,G16P Y470D,2,2
-9.745,0.5955,AGACCATAAAACGATG,A430D R499C,2,2
-9.745,1.389,ATATACCATAAGTGTT,L151Q,1,1
-9.747,4.168,AAATATACACTAGTCG,A373Y,1,1
-9.747,4.168,AACACAAATTATGGAG,K292E Y423A,2,2
-9.747,4.168,ACAATCACTACTTGTT,P254G,1,1
-9.747,4.168,ACACCAGGGAGATTAA,M444R,1,1
-9.747,1.389,ACATATTTTAGTAAAG,K411D Q501*,2,2
-9.747,4.168,ACCATATCAGAACAAT,C64W,1,1
-9.747,4.168,AGACAATGACACCATA,R499L,1,1
-9.747,4.168,AGGGGTGGACCAGCCG,L15W,1,1
-9.747,4.168,CAATTCTTCCTGATCT,T40G A304T,2,2
-9.747,1.389,CAGAGAGTCTATCCAT,E340G,1,1
-9.747,4.168,CATGCATTAGGAACAT,L86D,1,1
-9.747,4.168,CCAATAAACAAGCATA,V26P,1,2
-9.747,4.168,CCCCTCCACAAATCTT,W350L,1,1
-9.747,4.168,CCCTTGCTGGACGCAA,Y470K,1,1
-9.747,4.168,CTTCCAAAGTAAGTAC,A39N A106C,2,2
-9.747,4.168,GAAACTCAAGCCGCAC,Q371W E410K,2,2
-9.747,4.168,GACAGATATATAGGTT,V20I W343E,2,2
-9.747,4.168,GACGATCATGCGTTTA,T248I A364V,2,2
-9.747,4.168,GGAATGTGTGAAACAT,A336W,1,1
-9.747,4.168,GTTAACAATAGCTGCC,E460H,1,1
-9.747,4.168,TATACAGCAACTTCTT,H488L,1,1
-9.747,4.168,TCGCAAAGCTGTAATT,D73R L496T,2,2
-9.747,4.168,TGAGTACCCACCTTAA,V36G,1,1
-9.747,4.168,TTTATACCTGTATAAA,G116I,1,1
-9.748,1.389,ACAATTTGCTCACATC,C277Y,1,1
-9.748,1.389,CAAAGATTAAATAGAC,A336N,1,1
-9.748,1.389,CTACAATTACAAAGGT,S358E H471V,2,2
-9.748,1.389,GATCAATTAATCAGAC,L86P E359G,2,2
-9.749,0.4631,AAATAATCCTACAATC,T155S M444I E457K,3,3
-9.749,1.389,ATAAATGACAGTATCG,T328W D438N E443K,3,3
-9.75,4.168,AACAGAGGACTTCAAA,D438C,1,1
-9.75,4.168,AATAACAGCACAAAAT,I51H V213M,2,2
-9.75,4.168,AATTAAAACACCAAAA,S266K P284A V297F,3,3
-9.75,4.168,ATATACCGCGCCACTA,C473Y,1,1
-9.75,4.168,ATCGAGAACCACAATA,V102N,1,1
-9.75,4.168,GGTGACACCTGGTATT,Y351A,1,1
-9.75,4.168,TAAAAGTATAATACGA,G303E,1,1
-9.75,4.168,TATTCGATCAAAATCC,P21L P254L,2,2
-9.75,4.168,TCAGTTTTTCTCCCGC,L251Q,1,1
-9.75,4.168,TGCCAATCCTTTACAC,K50M T370E,2,2
-9.75,4.168,TTACCAAAGGCTGGTA,C139W,1,1
-9.75,4.168,TTTCTAGACGTTGCAT,D241R,1,1
-9.752,1.389,AACTGAAGTCTATCAT,I230H,1,1
-9.752,1.389,AGCGCTTCAATAAAAA,M320E,1,1
-9.754,4.168,AAAAACTAAATGCAAA,D104N N341Q G342C,3,3
-9.754,4.168,AAATCAATAGTCATCC,I29G E414R,2,2
-9.754,4.168,ACATATAAGTTACCAA,S369D,1,1
-9.754,4.168,AGAATTGAAATCACAG,T12R D419M,2,2
-9.754,4.168,ATAATCATGACACTTA,S107L H471V,2,2
-9.754,4.168,ATCGAGCAACAACACC,F258Q,1,1
-9.754,4.168,CACAACCTCCTTCAGC,F87T G342E,2,2
-9.754,4.168,CACAATCCTCACTTCA,N6W G319S,2,2
-9.754,4.168,CACCCGTTAATTTAAA,C14F V20L L59K L243I,4,4
-9.754,4.168,CATTGCACACACCTTT,M444E,1,1
-9.754,1.389,CCTAATATAGGACAAC,Y302* E401K,2,2
-9.754,4.168,CGCGATTGACCCCTGA,P254E L367P,2,2
-9.754,4.168,GAAAACCTCATCTGAT,L118R,1,1
-9.754,4.168,GGAGAAATCCAACATT,W180P T440G,2,2
-9.754,4.168,TACAGCCACCATCAAA,A113R,1,1
-9.754,4.168,TCTCATCATTACCCAG,Y470I,1,1
-9.754,4.168,TGTGGAAACCGCAACA,S193M,1,1
-9.754,4.168,TGTTAAAGCCGAACTC,Y178A P324A,2,2
-9.755,0.5955,CTTAGCGCCTAGATCT,,0,0
-9.756,0.8336,TTAATATTGGATCAAT,I3L V112D G200Y,3,3
-9.758,4.168,AAAACAGTAGTCCATA,W84C,1,1
-9.758,4.168,ACATGACAGACCACCA,G61W H393N,2,2
-9.758,1.389,AGGTTAAATTCCCCCG,,0,0
-9.758,4.168,ATAAATCACATCAAGC,Y486W,1,1
-9.758,4.168,CAAAAGCTCCAAACAT,T206P,1,1
-9.758,4.168,CAAAATTCACAAGTCA,V20D D225Y,2,2
-9.758,4.168,CAGAATCACGGCTAAT,N433P,1,1
-9.758,1.389,CGAATACGACAGTGTG,T451R,1,1
-9.758,4.168,GAACATTGAGCTTCTC,K176D D188E,2,2
-9.758,4.168,GACGATACCATATATA,V413E,1,1
-9.758,4.168,GCACAAGTAACATTCC,N152L,1,1
-9.758,4.168,GCCTCTCAGTTCCCCC,G23V,1,1
-9.758,4.168,GTATACCATCACCTAC,F353H,1,1
-9.758,4.168,TATAAGCAAATATATT,C466A,1,1
-9.758,4.168,TTAACAGACCGTTCAC,L455P,1,1
-9.758,4.168,TTCAGTATCCAAAAAA,G72R R255K,2,2
-9.761,1.389,AAGATCAAAACCCCTC,F120L,1,1
-9.761,1.389,CAACCTAATCATTAGG,P74H I374C,2,2
-9.762,4.168,ACGGACACTCTAATCG,Y412V,1,1
-9.762,4.168,AGCCACATTATCGGAT,S369F R383D,2,2
-9.762,4.168,GATAGGTCAAACACCA,A336N,1,1
-9.762,4.168,TAATAATTACTAAAAC,I481G,1,1
-9.762,4.168,TAGCCTCATGAGATAG,E123G,1,1
-9.764,1.389,CAATCTGTTCAGTGGC,G345C D461Y,2,2
-9.764,1.389,TTCCAGGCCACAAAGA,G129S Y257G,2,2
-9.765,0.8336,TCGATACTAACAAGTC,G349D,1,1
-9.766,4.168,AACATTGACATTAGAA,G78K I481H,2,2
-9.766,4.168,AGACATCAGAAAATAG,G286C A373W,2,2
-9.766,4.168,AGATATATTTAAACCC,A272P,1,1
-9.766,4.168,ATTAAACTTATTTGAA,G249R E401K,2,2
-9.766,4.168,CAACATGTGCCGTAAT,E89K,1,2
-9.766,4.168,CCCCTCATCTTAAGAA,E123C,1,1
-9.766,4.168,CCTATACTCGGCCCAG,P99R Q311V,2,2
-9.766,4.168,GCGTGATTAACAATGG,L177S G218R T283N S400P,4,4
-9.766,4.168,GGCAAGTGTTGCGACT,E172T,1,1
-9.766,4.168,GGGTGCATAGTGTAAA,V102R V309M,2,2
-9.766,4.168,GTCATATTGATGACTT,H355R,1,1
-9.766,4.168,TAGGACGATTCGAAAA,Y257D L428Q C473S,3,3
-9.766,4.168,TATACGAGGATAAACA,C477S,1,1
-9.766,4.168,TCTTAGCAGAACAAAT,G240I,1,1
-9.766,4.168,TTAATTAACAATCGTC,G256N E359K,2,2
-9.766,0.5955,GAAGGACTAAAGTATG,A113T S115I V213Y,3,3
-9.767,0.5955,AAATACTGGATAAACC,N170V E414K M444I,3,3
-9.769,4.168,AAAATAATTTATCCCA,G23C G49S I252K,3,3
-9.769,4.168,AAATAGGAATAAAAGA,G49D C477V,2,3
-9.769,4.168,AAATCGAACTCCTCTG,V130M I242P,2,2
-9.769,4.168,AAATTCCACAATGACC,C97* L316S,2,2
-9.769,4.168,AACAGCATCCATATAC,Y470V,1,1
-9.769,4.168,AACTAAGCTAATACCA,V130N G256H D493Y,3,3
-9.769,4.168,AATCACCCTATATTAA,P221F L367P,2,2
-9.769,1.389,ACAAAGCCCTACACAT,R141P V402*,2,2
-9.769,4.168,ACAATGATATATAATC,K2F N190F,2,2
-9.769,4.168,ACATTTTAAACTACCT,W153Y,1,1
-9.769,4.168,ACTCGACAAAATGCAA,A253M,1,1
-9.769,4.168,CAACAGGCAATTTCTG,K278R K315D,2,2
-9.769,4.168,CATACCAGTCTAATCT,I51W L455Y,2,2
-9.769,4.168,GGCGATACAAAGAAAC,T203V A459T,2,2
-9.769,4.168,GGTCAGACGAGTCATA,V237D,1,1
-9.769,4.168,TAGACCATCAAATCTG,V204K,1,1
-9.769,4.168,TAGGCTCGAATTGATA,N433D,1,2
-9.769,4.168,TTATCAGCCCGTTTCA,D366I,1,1
-9.77,0.8336,ATTTATGTCGTCTACA,S95Q Q295C,2,3
-9.77,0.8336,GTTTCTACCCGCATCC,S205M D291N E401K E457K,4,5
-9.772,1.389,GAATCTTGACAAGTAT,C64N,1,1
-9.772,1.389,TAAGCAACATTATGCT,D419L,1,1
-9.773,4.168,AACTCAAAGATATGCG,G352Q,1,1
-9.773,4.168,ACGGTTGCATTTTGAG,L316H,1,1
-9.773,4.168,ATTTCCCCAAAGCCCA,F332W,1,1
-9.773,4.168,ATTTTTAACCTAGAGA,Y100D Q197H,2,2
-9.773,4.168,CAGAAACTGATCAACC,C14I M462K,2,2
-9.773,4.168,CGCAAATTAATCCCAC,W343E,1,1
-9.773,4.168,CGCCAAACCCCATGAA,G303D,1,1
-9.773,4.168,CTGCCTACAAGTTCCC,A336M,1,1
-9.773,4.168,GATCGCGTCCAAAAAA,L66T D493C,2,2
-9.773,4.168,TCCACAACTGTGACCT,T436L L496P,2,2
-9.774,1.389,AAATGAATAAAGCAAT,A11V Q191G W421*,3,3
-9.777,4.168,AAACCATAGTTCCTAC,D241L Y423I,2,2
-9.777,4.168,AAAGATTTCCCAACAC,G330Q,1,1
-9.777,4.168,AGCAATAACCTGTAAA,D375I G504F,2,2
-9.777,4.168,AGGCTTTTTACTTAAA,L66S,1,1
-9.777,4.168,ATGGCCACTCAACTTT,G49W A459V,2,2
-9.777,4.168,CACGGCTGTTATTAAC,D241E G349*,2,2
-9.777,4.168,CCTAAGTGCACAATTA,F195W K387R Q407*,3,3
-9.777,1.389,GACATTACTTATGAGA,H17* E325W,2,2
-9.777,4.168,GAGCCAACAAAGTTAC,P306Y,1,1
-9.777,4.168,GTTGTACCAAATGAAA,G342D S369L V490A,3,3
-9.777,4.168,TAACTATTGATGATTA,A39K,1,1
-9.777,4.168,TATTACTGAGCATTAT,W84K,1,1
-9.778,1.389,AGTATCCTATCGCAAA,A212V P239F G240C,3,3
-9.779,0.8336,AGCCAAAAAATCTGTC,W180D,1,1
-9.781,4.168,AAAAAGCGACTCCCCG,W84L P289T,2,2
-9.781,4.168,AAAACAAAAAACCATA,C52R,1,1
-9.781,4.168,AACCCGGAGCGACTGC,N246C W343*,2,6
-9.781,4.168,ACAATTTACTTGACGT,H17E,1,1
-9.781,4.168,ACGACTTACATGCACT,L71N,1,1
-9.781,4.168,AGACAGCCCTACAAAA,E414G R499K,2,2
-9.781,4.168,AGTAAACATTAAATAT,I245C,1,1
-9.781,4.168,CCAATTAACTACGATC,N94H E432K,2,2
-9.781,4.168,CCCTTGGAAAGCAAAA,A253P A364D,2,2
-9.781,4.168,CCTACCTGGAAACACG,F258D,1,1
-9.781,4.168,GAATTTAAATTTCTCA,R208S V429S,2,2
-9.781,4.168,GACCATCCAGTCACAC,G16D K278P,2,3
-9.781,4.168,GCCTTAAAACTCATCC,I245G,1,1
-9.781,4.168,GCTTTCTATACGGTTC,F195P,1,1
-9.781,4.168,TACACATAGAAAACCC,S209E E340K,2,2
-9.781,4.168,TACCTCAAACTAATTA,Y302P,1,1
-9.781,4.168,TGTAATGCAAAAATTC,G78S K176M,2,2
-9.781,4.168,TTTAACTCCGCCAAAG,G319R G386*,2,2
-9.782,1.389,GATATGTGGAACCAAG,L427D,1,1
-9.782,1.389,GCACAAACAGCTAATC,V88D A253D W350*,3,3
-9.783,0.8336,GAATCATAACTTTAAT,R499N,1,1
-9.783,1.389,ATGTGTCAAGCTGGAT,C277L Q327R S400F,3,3
-9.783,0.5954,GCTAGAACAATGGAAA,A272P Q407C,2,2
-9.784,4.168,AACAGACCTATTTTGT,R499T,1,1
-9.784,4.168,AATCACCCTAGTAACT,Q132W Y412P,2,2
-9.784,4.168,AGACCTCCCCCTACAC,F147L,1,1
-9.784,4.168,AGGCACATCACCGTCT,C64L,1,1
-9.784,4.168,CCGCAACAAATGTGTA,Q164E,1,1
-9.784,4.168,CTAATACTAACACGGA,C305R,1,1
-9.784,4.168,GAAGTCTCGTTGAATA,E325W G333C,2,2
-9.784,4.168,GATGTATAAACACTAA,F120C,1,1
-9.784,1.389,GATTCGGACCCCAGTC,C52D S219W,2,2
-9.784,4.168,GCCGTTCAAATGACTC,E41* K238Q,2,2
-9.784,4.168,TACAGCCTTTCCATGC,V237D,1,1
-9.784,4.168,TAGCTCCTCACAGTAA,I232H,1,1
-9.784,1.389,TCATAATACTCTATCT,H183P,1,1
-9.784,4.168,TTTATACCATCAGTTA,F125R R255F,2,2
-9.785,0.5954,GTTTCAACCATAAAAG,K2M G72C,2,2
-9.785,0.8336,ATTTTAAAAACTGAAT,E340K,1,1
-9.785,1.389,AAGACAAGCATTACAC,I179E L439G,2,2
-9.788,4.168,AAAAGGATCTTAAATA,T28P L86M L177*,3,3
-9.788,4.168,AAACAGCCTCAACCTA,G116S T313R,2,2
-9.788,4.168,AACAAGCAACAGGTCA,I481E,1,1
-9.788,4.168,ACACCTTCCCGCTAAG,G337D E340K L428T,3,3
-9.788,4.168,ACCTGATTATTAACAA,K278F E340C,2,2
-9.788,4.168,AGCGGTAACATCACAA,S480Q,1,1
-9.788,4.168,ATCTACAAGAATGTGC,D241T T388K,2,2
-9.788,4.168,CACAGCTGACAAATAC,C466F,1,1
-9.788,4.168,CGCAAAACAAGACCAT,I232Q,1,1
-9.788,4.168,CTGTATAAAGAAACAA,E41R E426K M444I,3,4
-9.788,4.168,GATACTACTTCCTTCA,P162N E172*,2,2
-9.788,4.168,GCCTTAACCCTTTAAG,G256W,1,1
-9.788,1.389,GTATTTCAAGTCCAAA,,0,0
-9.788,4.168,TATCTAAGTTGCCTAA,L251P W343L,2,2
-9.788,4.168,TGAAAATGACGAGATT,N322A,1,1
-9.788,4.168,TGCATACTCATGTATC,A373Y,1,1
-9.788,4.168,TTGTTAACCTCACAAT,T328I W421V,2,3
-9.789,1.389,CGTACGTTTCAGTGCT,G319M,1,1
-9.789,1.389,GGATGCCGAAGCTATC,G352D,1,1
-9.789,0.8336,GATATTACTACATTTA,C52Y,1,1
-9.79,0.8336,AGTACAACAAAGCATA,R499D,1,1
-9.792,4.168,AACAATCATGTTAGAT,L194C L409K,2,2
-9.792,4.168,AACCAGTATCTTCCTA,N8K N322S,2,2
-9.792,4.168,AAGACACAACTTAATT,E35* G249E,2,2
-9.792,4.168,AGATCACGGTCTACAT,I502A,1,2
-9.792,4.168,AGCCTCCCACCTCAAG,F87Q,1,1
-9.792,1.389,AGTACAATCCACTAAA,F294D C305Y,2,2
-9.792,4.168,CAACACAACATAAAGA,Y308E,1,1
-9.792,4.168,CATACGCATGGATTAC,K82Q L314P,2,3
-9.792,4.168,CCAAAAGTTATGATAA,W84I,1,1
-9.792,4.168,CCCAAGAACAAGAATC,W343F,1,1
-9.792,0.8336,CCCATTAATCCGCTTA,R141T C477E,2,2
-9.792,4.168,GAAATTAGGTATGTAT,I179G A430K,2,2
-9.792,4.168,TAATTAACGATACGAA,I377S,1,1
-9.792,4.168,TCACTTTATACAATTT,A11H,1,2
-9.792,4.168,TCCTCACTTTTTCTGG,I58D,1,1
-9.792,4.168,TTATGTCAAAAACTAA,G337N,1,1
-9.793,1.389,GCCAGATAGAACGAGA,A334Q,1,1
-9.795,4.168,AAATCGATCTTTATAG,T10W C477R,2,2
-9.795,4.168,ACCCAAATATAGAAAT,F195K,1,1
-9.795,4.168,ACCTAGAACGCACATG,G134C S193H,2,2
-9.795,4.168,ACTATATTACTAAATC,C97R L154E,2,2
-9.795,4.168,AGACTGCAATAAATCC,D408I R492C,2,2
-9.795,4.168,AGGAGCGAACACACCT,F147L A163W,2,2
-9.795,4.168,ATTCAGGAAACGACAA,L71H C281V P293C L384W,4,4
-9.795,4.168,CAAAGTTTAAGAACGA,G23H,1,1
-9.795,4.168,CCGTCGTTAAAGAAAT,I51M V309F,2,2
-9.795,4.168,CTATGCTACCTCACGT,C97Y,1,1
-9.795,4.168,CTCACGGCGCTAAAAC,G256R,1,1
-9.795,4.168,GAAAGAGTTCATAACA,N165G C305Y L367A,3,3
-9.795,4.168,GTAACGCCCGACACAA,G345I,1,1
-9.795,4.168,TACATAAGCACCCTAG,C477G,1,1
-9.795,1.389,TACATCGAATTAAGGT,C52A D441A,2,2
-9.795,1.389,TAGATTCTAATACGAT,N322F,1,1
-9.795,1.389,TAGTGGCTTAGGATTA,S358G E460C,2,2
-9.795,4.168,TCATGCGCAAAGGATA,F353V,1,1
-9.797,1.389,TCCACCAAAATCAGTC,M346D,1,1
-9.799,4.168,AAATAGATGAAAAATC,Q295F,1,1
-9.799,4.168,ATTGATGGATTTGATT,G218C L384T E390C,3,3
-9.799,4.168,CAGAGTCCGAGAAAAC,H355R,1,1
-9.799,4.168,CTCCACTGGATATTTT,V102R,1,2
-9.799,4.168,CTCTCCATCACGATAT,F148R,1,1
-9.799,4.168,CTTAAACAGACAAATC,R492I,1,1
-9.799,4.168,GGAATTGATATCATAA,F120G V406D,2,2
-9.799,4.168,TACATAATAAATTGCA,A495D,1,1
-9.799,4.168,TGCAGTACGCACAAAC,Q295L,1,1
-9.799,1.389,TTACAAAATTACTAAC,V26W I282V,2,2
-9.8,1.389,AATGTCCAACGGTACG,C477G,1,1
-9.8,0.8336,ACTTCTCGAAGGGGAA,A113N C477K,2,2
-9.803,4.168,AAAATAGAAAAAATGA,D375E A425Q,2,2
-9.803,4.168,AAGGCGAATGACATAA,G349N,1,1
-9.803,4.168,AAGTTTGACTACTAAA,G256Q S358D R456M,3,3
-9.803,4.168,AATAAACTCTCTAGCA,L177S E398K,2,2
-9.803,4.168,AGATCTTTGCACCTAA,R354N,1,1
-9.803,4.168,ATACAACGACGTTTAT,G286K,1,1
-9.803,4.168,ATGCCAAGTAAGGCAT,T37S,1,1
-9.803,4.168,CACCAAAGATTTATTT,R150L,1,1
-9.803,4.168,CATGTCACTCATCTAC,A113I,1,1
-9.803,4.168,CGACTCAACCTCACCA,P289K A495L,2,2
-9.803,4.168,CGATTAAATTACTACA,F258P,1,1
-9.803,4.168,GAACAAACACTATAAA,G465C,1,1
-9.803,4.168,GCGAAGTCAAAATAGC,Y486E,1,1
-9.803,1.389,GTGTTGCCTTGAAAAC,C52M,1,1
-9.803,4.168,TACCAACCAACGAACA,G303C,1,1
-9.803,4.168,TAGGTGTCGTTATGTC,R208Q L455E,2,2
-9.803,4.168,TTATAGAATTATAATC,N322H,1,1
-9.806,4.168,AACAACCGTATACAAC,F87C,1,1
-9.806,4.168,ACATCACTATAACGGT,D271W L409K,2,3
-9.806,4.168,ACTGATCCTACGAGGA,G330D,1,1
-9.806,4.168,AGAAAGAAATAGGAGC,K417P,1,1
-9.806,4.168,AGATTTACAATCCACC,G116P,1,1
-9.806,4.168,ATGAGACCTCTTACGC,N53P Q295M,2,2
-9.806,4.168,CAACCCAAGTTACCAT,P254I,1,2
-9.806,4.168,CTAACCGTACCGATCT,I288G,1,1
-9.806,4.168,CTATGAAAAGTATACC,D60Y G218T A459R,3,3
-9.806,4.168,CTTTAAAATATTTAAA,I335Y,1,1
-9.806,4.168,GAAAACATAAAGAGTC,L314R,1,1
-9.806,4.168,GGAGGTTCAATTCTGC,V43D,1,1
-9.806,4.168,GGCCAAGTAGTTTCGA,V88R D438P,2,2
-9.806,4.168,TGAGAAAATTTCTACG,I300F G362E,2,2
-9.806,4.168,TTTCAACAAAACATTC,V20I I478T,2,2
-9.806,4.168,TTTGTTAATTAAAGAG,E41G L177M,2,2
-9.808,1.389,CCGGTCAAAAACCATT,,0,0
-9.808,1.389,TTATCGTTATCCTACA,V43R,1,1
-9.81,4.168,AAAGCGATGTTTTAAA,G303D,1,1
-9.81,4.168,AATACAATTCTTTACC,I226N C473N,2,2
-9.81,4.168,AGCGAAAATACCAAAA,Q191D D419P,2,2
-9.81,4.168,ATGATTATTTAACACA,S265E,1,1
-9.81,4.168,ATTGGGGACTGAACTC,K27S P293E K391T E396V,4,4
-9.81,4.168,CATAACTTAAGATATG,L70Q,1,1
-9.81,4.168,CGAACCCTGATCTAAC,L177E G218I,2,2
-9.81,4.168,CTATAAATATCATTAC,V204L A336T G337S,3,3
-9.81,1.389,CTCCAAAGCTTTCATA,Q295V,1,1
-9.81,4.168,CTGTAAAAGCTGAAGA,S228F,1,1
-9.81,4.168,GAATCAAGGAAACATT,D438R,1,1
-9.81,4.168,GATCTCATGCGGAAGT,K259E M320F,2,2
-9.81,4.168,GCAGTTCAAAACCGCT,N53S G275*,2,2
-9.81,4.168,GTACTTAATATATACT,S205T G349R D438Q,3,3
-9.81,4.168,GTGATAACTTATACAT,G181R,1,1
-9.81,4.168,TCAGAATCCCATTCCC,Y491G,1,1
-9.81,4.168,TGAAAGAACTGGAACC,S136G F195V,2,2
-9.814,4.168,AAAATACCAGGTTAGA,C76H,1,1
-9.814,4.168,ACATACATTTAGAAAA,I335G,1,1
-9.814,4.168,ATAAAGATATTATGTC,F467T,1,1
-9.814,4.168,ATATTACCAATTATTG,G360R,1,1
-9.814,4.168,CGTAGTACTAACAGAC,S219L W350I,2,2
-9.814,4.168,CTAATATATAATGCTG,N357P,1,1
-9.814,4.168,GCCAAATCTTCCGGCG,F87S,1,1
-9.814,4.168,GTTCCAGAATTGATCT,F467P,1,1
-9.814,4.168,TACAAGAAATCAGAAC,F467D,1,1
-9.814,4.168,TCGCAAAAAACTTATT,Y486F,1,1
-9.814,4.168,TCTGCCATACACGTAG,T436P,1,1
-9.814,4.168,TGAAACAAAGGATTAA,C76W I469P,2,2
-9.814,4.168,TGACCTAACTCGATTC,A495M,1,1
-9.814,4.168,TGGATAACCATTCAAA,R90I,1,1
-9.815,1.389,GAAAATAAAGGACCAA,W127C S199Y,2,3
-9.816,0.5954,TGCCCTCTAGGATACA,K176E E432K,2,2
-9.817,4.168,AAACCCAGTATCATCG,N285F E410K E432K,3,3
-9.817,4.168,AAACTAACATGTTTGC,R220D,1,1
-9.817,4.168,ACATGATGTTGAAACC,V36M V166K,2,2
-9.817,4.168,CATATAATTAGGATTT,I502P,1,1
-9.817,4.168,CGCTCCACAAACAAAC,M346N,1,1
-9.817,4.168,CTCAATCCCAGATGAA,I34K I469Y,2,2
-9.817,4.168,GGCTTAGAACAAAGGA,R329M,1,1
-9.817,4.168,TAAAACGACATCAGCG,N483P,1,1
-9.817,0.8336,TGAAATTAAATTGTGA,I230Q,1,1
-9.817,4.168,TGTCTCGCAATATAAT,S136N M346I,2,3
-9.818,1.389,ACAATATACAGTTCTG,W84G,1,2
-9.818,1.389,GTTTGCAAAAAATTTA,S219V Y491R,2,2
-9.821,4.168,AATCTAGACGCAAGAA,P99W,1,1
-9.821,4.168,ACAACCAACCGAATCA,L194E P254V,2,2
-9.821,4.168,ACACACTGTGCAATAT,N296E,1,1
-9.821,4.168,AGTACTCCAAATGCAT,E41V,1,1
-9.821,4.168,AGTCCCCCAGGGATAA,F332H,1,1
-9.821,4.168,AGTGCCCGAATTATCA,S265E E403V,2,2
-9.821,4.168,ATACGTTCAGTCCCAG,G249W,1,1
-9.821,4.168,CATCGCCAATTGGAGA,Q356A Y412C,2,2
-9.821,4.168,CCCAGTAGGCCACAGA,W127C A336M,2,2
-9.821,4.168,CCCTAAATATACTAAA,G61C,1,1
-9.821,4.168,GAGCACCACCTACATA,F338H,1,1
-9.821,4.168,GTTCGATATTAAATAT,T370G N464Y,2,2
-9.821,4.168,TACCATCCAACAAAGT,L455W,1,1
-9.821,4.168,TAGTACTACTACCATC,I58Q,1,1
-9.821,4.168,TATATGTTAAACTACT,R269E G465R,2,2
-9.821,4.168,TGATAAAGCCAACAAA,W350A,1,1
-9.821,4.168,TGCTCGACGCACAAGA,L108P,1,1
-9.821,0.5954,ATGCCTTCAGTTCACA,,0,0
-9.822,1.389,CCAATTCGGAAATAAA,P162T V223P,2,3
-9.823,1.389,CAGCCCAGGCCAGCTC,I179D,1,1
-9.825,4.168,AACAGGATACCTACCA,D366P,1,1
-9.825,4.168,AAGTGAATAGTGATCA,V204P,1,1
-9.825,4.168,AATTCTACAACCAAGT,L66Y,1,1
-9.825,4.168,AGCAGAAATGGGGCTA,L59D,1,2
-9.825,4.168,ATCTTAAGGTCCAGCC,I230S,1,1
-9.825,4.168,CAACACGCTACCTTTA,A317K,1,1
-9.825,4.168,CAGCCTCTCGGAAAAC,I67W,1,1
-9.825,4.168,CATGAAAAGTTGGCAT,A106E P254E,2,2
-9.825,4.168,GTCAGAGGTTTAGTCA,S137D S144I T451F,3,3
-9.825,4.168,GTCCAGGTGAACGGAG,G256V,1,1
-9.825,4.168,GTGGTGATCTGTCGAT,F147S V429K,2,2
-9.825,4.168,TCCATCACAATTTGGT,L439D,1,1
-9.825,4.168,TCCATTAATCCCCCTA,M168S Y302N,2,2
-9.825,0.5954,TTGTAGTAAAATCCCA,H471S,1,1
-9.826,0.3789,CGGTAAGCGTATAACA,M462P,1,1
-9.826,1.389,GACGGGCAACTTCTAT,L15W,1,1
-9.827,0.8336,GGAGATAGCACTAAAT,V88S,1,1
-9.828,4.168,AAAAGAGTAATTAACT,C76W D419Y,2,2
-9.828,4.168,AATGAGAAAATAAACC,V112E Q363H,2,2
-9.828,4.168,ACTATAATAGGCAACC,P74Y,1,1
-9.828,4.168,AGATCCCTAAAAGTAT,G352D E414H,2,2
-9.828,4.168,ATATCTTTGAATACCC,G379D Y486P,2,2
-9.828,4.168,CAAGTCACATCAAAAA,N250K,1,1
-9.828,4.168,CCTTCCTAGCTATTAC,W234D,1,1
-9.828,4.168,CGCCTCCAAGCTAAAT,H18D,1,1
-9.828,1.389,GATTTACTTTAGCAAC,E35D G218P A272W I385L,4,4
-9.828,4.168,GTTACTACTTTTAAAT,G72C,1,1
-9.828,4.168,GTTGGTAATCAGAATT,T370K,1,1
-9.828,4.168,GTTTCACTGACCAAAA,G337M,1,1
-9.828,4.168,TAATAGACGCCACAAT,T248A,1,1
-9.828,4.168,TATCAGATGAGAGCTT,G330Y,1,1
-9.828,4.168,TTTATGTACAAAAACA,G249Y,1,1
-9.829,0.5954,ATCACCAATCAAAATA,G337I,1,1
-9.829,1.389,TAGCCATAACTGTACA,I331S N424K,2,2
-9.83,0.8336,TAATTAAAAACACAAA,G23L D104C,2,2
-9.831,0.8336,ACTGGTCAAAAGTAAG,I267P S422N,2,2
-9.832,4.168,AATGTAGAAATTCCCA,N246S,1,1
-9.832,4.168,AATTACGTCTCCAGAG,L71P,1,1
-9.832,4.168,ACTAATTCTATTTAAA,Y178F,1,1
-9.832,4.168,AGGCAAGCCACTAGAG,L42Y,1,1
-9.832,1.389,ATCAACTGATCTGTTT,G116T,1,1
-9.832,4.168,ATCGACTGTAAGCCCC,G303T,1,1
-9.832,4.168,CCTCCCGAGGCGTAAT,G303Y,1,1
-9.832,4.168,GTACAGATACATGATA,E119R G303W A336T L439F,4,4
-9.832,4.168,GTCTAAAATCTTCACG,D85P,1,1
-9.832,1.389,GTTATGTTCGTGTTCC,P306L,1,1
-9.832,4.168,TAAAAAAATTAAACCG,N246M,1,1
-9.832,4.168,TAGAAAATCCCAGCTA,A425K,1,1
-9.832,4.168,TGTCTGAGTATACTTA,I230G,1,1
-9.832,4.168,TTCATAGCCCTCTAAA,R482P,1,1
-9.832,1.389,TTTAGGACCATATTCG,G116V,1,1
-9.834,1.389,CTCAGACACATAACAG,E414* N433Y,2,2
-9.834,0.5954,AAGAAACAAACTAACA,K238L L409P,2,2
-9.835,0.8336,CATCGAATCCACAGAA,D241E E410*,2,2
-9.835,4.168,AAGTACAACAGGACAC,L118N G134D K472E,3,3
-9.835,4.168,AATCAGAAAGCGAGAT,H471N,1,1
-9.835,4.168,ACTAATAGTGCATCAC,S270K,1,1
-9.835,4.168,AGCCCTTAAATACCTA,F258S R354I,2,2
-9.835,4.168,ATTAACCCATTGACCA,G342H,1,1
-9.835,4.168,CAATTCACCCAAATAA,S287P,1,1
-9.835,4.168,CCTACACATGACACTA,G49D W84L D241Y,3,3
-9.835,4.168,CCTACATTTAACATAG,W350* I418R,2,2
-9.835,4.168,GAAGAACTAAAGACGA,G249H,1,1
-9.835,0.8336,GAATCTACGTTTTCAA,C473V,1,1
-9.835,4.168,GATGTACAATTGCTCA,I226Y A425M,2,2
-9.835,4.168,GCGCCGAACATACCCT,Y178H,1,1
-9.835,4.168,GTTGCCTCATTAAATT,V102N A163V,2,2
-9.835,4.168,GTTTCTGACAATATCG,S91N W350M,2,2
-9.835,4.168,TTAGTAGCTCTCCTCG,V166T Q211* V237S,3,3
-9.835,4.168,TTTAAACAAAGTTAAG,Y412G,1,1
-9.839,4.168,AGCTTGGAACCCTAAA,A373Q,1,1
-9.839,4.168,ATGAGCAACTTAAAAG,L111K W234R,2,3
-9.839,1.389,CAATACAACGATTCAA,E89C S312G,2,2
-9.839,4.168,CGTTATACAATGCCGT,E41A,1,1
-9.839,4.168,CTAAAAAGAAGCAGAA,A11Y,1,1
-9.839,4.168,CTATAAAAGTCAGTAA,R90W,1,1
-9.839,4.168,GAACAAGGACGCATAC,G337R,1,1
-9.839,0.8336,GCGGGGATGTACCAGA,M320P,1,2
-9.839,4.168,GTCTGTAACATCCAAA,L151E,1,2
-9.839,4.168,TCCAAAGAAAAAATAA,E172K F500Q,2,3
-9.839,4.168,TGAGTTTATCACGACC,W127D,1,1
-9.839,4.168,TTTAATTTTTATGACA,K453P,1,1
-9.842,0.8336,GTCACGATAAACCACT,G360D E403D,2,2
-9.842,4.168,ATACATCGGCAACAAT,A272* P293S R329A,3,3
-9.842,4.168,CTTTCACATGCAGACA,H17T N433S,2,2
-9.842,4.168,GTGTTACAGCATATAA,I274D,1,1
-9.842,4.168,TAAATGTAATTCTTAA,T283I F392D,2,2
-9.842,4.168,TATGACTTAACAGTAT,D186I,1,1
-9.842,4.168,TCTTGGAAATCAAATA,I226N P306Q P324S,3,3
-9.842,4.168,TCTTTCCTACTTCTCG,V182R,1,1
-9.844,1.389,ATTCTGTCTACTGATT,G181S,1,1
-9.845,1.389,AGAAGTACGAACTGAA,I25*,1,1
-9.846,4.168,AACGTAGAATCACTAC,D32W L455E,2,2
-9.846,4.168,AAGAAGACAAAATACA,S193E,1,1
-9.846,4.168,AATGAATTGACCACTT,F258D,1,2
-9.846,4.168,ACTTACATCGACAAGA,E460G,1,1
-9.846,4.168,AGAAAGTAATAAAATG,S193A E410*,2,2
-9.846,4.168,ATACGAAAGGAATAAT,I226T,1,1
-9.846,4.168,CGCTATTCCATGCATC,R329F K452E,2,2
-9.846,0.8336,CTCTTCCTCTCCACCA,G16D N22Q,2,2
-9.846,1.389,CTTCTGTTTATAGAGT,D7*,1,1
-9.846,4.168,GAAACCGAGGAAGGGT,Q295K,1,1
-9.846,1.389,GATACGTATTATATAC,G16Q W350* F500K,3,3
-9.846,4.168,GTCTCGTAAGTACTAC,A495N,1,1
-9.846,4.168,TAATCAACACTATAAT,T235D T248I,2,2
-9.846,4.168,TAATCATGTCCCCTAC,K82H L251P,2,2
-9.846,4.168,TACAAGAAAGAACGAC,L86R P306F,2,2
-9.846,4.168,TCAAAAAAGAGCTACA,T65N E89D Y233S,3,3
-9.846,4.168,TTAATCCGTGAACAGA,V26M G386E,2,2
-9.846,4.168,TTTATGAGCGTACTCT,L108D,1,1
-9.846,4.168,TTTGACTTCCAGAACA,K82N T440P,2,3
-9.847,0.8336,AAATTGAGTCATTAGT,G256Q,1,1
-9.849,0.4631,GCCCCAACCTAATGCC,I51V D474Q,2,2
-9.85,4.168,AAAAATTTTTGCAATT,F79L N133I C139F,3,3
-9.85,4.168,AAAGATTGCGTATTTT,E449P,1,1
-9.85,4.168,AAATTTCGGATTTACT,G349* E460M,2,2
-9.85,4.168,ACATATGACACACTGA,G362K,1,1
-9.85,4.168,ACGGCTATGTTAGGAT,A317I,1,1
-9.85,4.168,AGATGACAGATACACT,V88D T451K,2,2
-9.85,4.168,ATCGTCACCCACCACC,G116E N424T,2,2
-9.85,4.168,ATCTATATAACACAAC,I48W R492N,2,3
-9.85,1.389,CAGGGTCCTTACAACT,F125M N322R,2,2
-9.85,4.168,CCCGGTACCTGAATAG,E460K,1,1
-9.85,4.168,CGTTAGTAAGTAAATA,C76M,1,1
-9.85,4.168,CTACTAACCCCGCTTT,I469C,1,1
-9.85,4.168,GATTAACATTCTAAGA,S107W H183Y M462K,3,3
-9.85,4.168,GGAATCAGTGTATAAA,T248D,1,1
-9.85,4.168,GTTCCAATGTAACACC,S137G A317R,2,2
-9.85,4.168,TTAAAGATAGAGAGAA,H18C V112S,2,2
-9.85,4.168,TTTAATGTCACTACAA,T440Y,1,1
-9.853,4.168,AAACCCTCAATTTACT,G286C,1,1
-9.853,4.168,AGACGCCCTGATGATG,,0,0
-9.853,4.168,ATATGTTAAATGACAA,L71N,1,1
-9.853,4.168,ATGATAAACAGACACC,W350S,1,1
-9.853,4.168,CATTTAACCCACCATT,G352R,1,1
-9.853,4.168,CCCCAAAATATAACCT,N170V,1,1
-9.853,4.168,CTAATTGAACAAAATT,A334E,1,2
-9.853,1.389,CTTCTAATAAGTCCAA,Y100N D175N,2,2
-9.853,4.168,GAAGCACTAATGCCCT,F467H,1,1
-9.853,1.389,TAATAAATAAGAACAC,I469P,1,2
-9.853,4.168,TAGATGCCAATGAACT,L108A,1,1
-9.853,4.168,TGATCTAAACCGCATG,A93V E432K G479S,3,3
-9.853,4.168,TTACAATCGCCCAAAA,R482P,1,1
-9.854,1.389,CAGACAATAAAAAAAG,M268N,1,1
-9.854,1.389,CCATTCTTTTGCAATT,L251G,1,1
-9.855,1.389,GTTATCAACCCGATGA,I51K V204R,2,2
-9.856,0.5954,AATCGACCGTAACCCT,W153T,1,2
-9.857,4.168,AATTATAGTTAAAAGT,W421M,1,1
-9.857,4.168,ACCCCTAAGCGTCATA,C52K Q356C,2,3
-9.857,4.168,ATAAAAGAATATTTTA,L367P T440D,2,2
-9.857,1.389,ATAGCTACTATTGAAT,T206N Q376L E432K,3,3
-9.857,1.389,ATGCCACCACTTAGAA,G256S,1,1
-9.857,4.168,ATGTCAAAATTATGAT,G218Q G337C G386Y L420P,4,5
-9.857,4.168,CAAGTAAAACAAAGGA,A373R,1,1
-9.857,4.168,CACACCAACTTTTTGG,L314E,1,1
-9.857,4.168,CCCCGTCCCATCGGCA,K264T G333K,2,2
-9.857,4.168,CCGTACAACCGCCGTA,S47H I179R,2,2
-9.857,4.168,CGTAGTCATGAAGACC,I67H,1,1
-9.857,4.168,CTTGTATATTATCTAG,V88W,1,2
-9.857,4.168,GAAAACAAAATACCAT,L367P E396*,2,2
-9.857,4.168,GAGAATTTATAAAGAC,C52Q,1,1
-9.857,1.389,GGAGATATGACAACAT,K292R Y302D,2,2
-9.857,4.168,GGCAATTACCCTAGTC,W84* P324L,2,2
-9.857,4.168,TGAAAATCATTTGTGC,F258N,1,1
-9.857,4.168,TGCCAATTAGCAATGC,V429Y,1,1
-9.857,4.168,TTAAATTATTTTTGAT,Y491S,1,1
-9.857,4.168,TTGATAGATGCGGTAA,F147R,1,1
-9.858,1.389,AGGGTCAAGCTAATTG,Q295Y,1,1
-9.859,0.5954,AAAACAACAAACAGAA,Y100E,1,1
-9.86,4.168,AATAAACACAACATCT,G352T,1,2
-9.86,4.168,AATACACCTATAAAAC,G349S,1,1
-9.86,4.168,AATAGAAGGTCATACA,V204W G386E,2,2
-9.86,4.168,AATTAGGCGTGCATGC,T370N,1,1
-9.86,4.168,ACACTCCAATGAGACT,C281T,1,1
-9.86,4.168,ACTGGACCTAGGAAGT,R456D,1,1
-9.86,4.168,AGAACCTACAAATAAG,I252H,1,2
-9.86,4.168,AGACAATAACGACCCA,G463V,1,1
-9.86,4.168,ATAGAATCCCCTTCTT,G349E K397M,2,2
-9.86,4.168,CACACACGATAGGCCT,Y470S,1,1
-9.86,4.168,CCATATCCATCCTAAC,D415P,1,1
-9.86,4.168,GGTTTTAAAACAAGTG,C473L,1,1
-9.86,4.168,GTAATTCTAACACTAT,I339W,1,1
-9.86,4.168,TCGGAAGGCCAACAGC,M320I,1,1
-9.86,4.168,TGCGCATAGTCATGCA,D241R,1,1
-9.86,4.168,TGTCACACGCTGAGTC,L42F S270L,2,2
-9.86,4.168,TTAACGGAAAATCCTC,W84H,1,1
-9.86,4.168,TTCAAAACCTTTACAT,L177S T283S E390P,3,3
-9.861,1.389,TTAAACATGTTCAAAT,Y257E,1,1
-9.862,0.5954,CTCATCAACCCAGCGT,L177H P284S,2,2
-9.864,4.168,AAAATATGACCTTACC,C473W,1,1
-9.864,4.168,AAATGTTCAACTTCGA,C277R R321W V402M,3,3
-9.864,4.168,AACCACAACAAGCACC,L71P,1,1
-9.864,4.168,ACAAGGAGTTGTATCG,C14Y Y491R,2,3
-9.864,4.168,ACAGACTGGTTATCTT,D366W,1,1
-9.864,4.168,AGGAACTGATAAAAAA,W84H S156D,2,2
-9.864,4.168,ATCCGCAATCAAAATA,Q1P F353M,2,2
-9.864,4.168,ATTAATGATTAAGAAG,L194K T203I,2,2
-9.864,4.168,CAGCGAACTAAAACAT,I437Y,1,3
-9.864,4.168,CCATAAACATTAAGCA,T436H,1,1
-9.864,4.168,CCCACGGCTATTACCT,N165K I202Y,2,2
-9.864,4.168,CTTTTATATAGCAACT,F120V L496Q,2,2
-9.864,4.168,GACCAACGTAGCCATG,G72H,1,1
-9.864,4.168,TATTAAAATACCATCT,E123R,1,1
-9.864,4.168,TCGATTACACAAGCTT,E35K M268I P306C,3,3
-9.864,4.168,TCTCAAGACAAAAGAC,L314W,1,1
-9.864,4.168,TGTCCTTTCAACTACA,W350C E449K,2,2
-9.864,4.168,TTTTAAAAAGTAGAAA,S270D,1,1
-9.865,1.389,ATGATATTTTGACCTA,N22A E396K N464R,3,3
-9.867,0.8336,TTGTCACTTAGCCAAT,W234N F467Q,2,2
-9.867,4.168,AACACACCTCCATTTC,G181D,1,1
-9.867,4.168,AATATAAATTAATAGC,Y423D,1,1
-9.867,4.168,ACGTCTAAAATGAAAG,N322W,1,1
-9.867,4.168,AGAATAGATCATCATA,W350M,1,1
-9.867,4.168,CGCAGGTTACATAGTA,Q1H Q311E N458Y,3,3
-9.867,4.168,GTTGAAAAATCCGATT,G286H A373T,2,2
-9.867,0.8336,TATTTATCTGTAGAAG,G337S,1,1
-9.867,4.168,TCACCACACAAAAAAA,M462H,1,1
-9.867,4.168,TTTCCAGGAAGGAAGA,I377K,1,1
-9.869,0.8336,AAAGAATTCATAAGCA,,0,0
-9.87,0.5954,GTCGATGTCATAAATC,G23Q V297M,2,3
-9.871,4.168,ACATCACATGACCAGG,W350N,1,1
-9.871,4.168,AGTCACCATTCAGTAC,H18S R261F L384T H393G,4,4
-9.871,4.168,ATTTTAAAGAGATCGT,P239C A495R,2,2
-9.871,4.168,CATACACATCCTTCAT,C76R,1,1
-9.871,4.168,CATTCAATCTTGAAAT,L42K,1,1
-9.871,4.168,GGAATGCACTTATTCA,N53L T370P,2,2
-9.871,4.168,GGGCTAAACTAATTTA,P99C,1,1
-9.871,4.168,TAGAAAGCCCATACGA,L194R T370F,2,2
-9.872,1.389,CCTAGGACTTTAGCGA,P306C,1,1
-9.873,1.389,CACCAGCATAAGGAAT,G349N,1,1
-9.874,0.4631,TCCAAAAACCACTCAA,G142P G337D,2,2
-9.874,4.168,ACTATAGCACACACAT,Y308P,1,1
-9.874,4.168,AGATTGACAACTTTTA,L177*,1,1
-9.874,4.168,ATCAATATTAGGAATC,L409K,1,1
-9.874,4.168,ATTATTACCCCTCTTT,L111P,1,1
-9.874,4.168,CAAAAAAAACTAAACT,V102P,1,1
-9.874,4.168,CAAAAATACTTCGCAG,Q327P I502F,2,2
-9.874,4.168,CAGAGAAGGAACTCGA,E123Y,1,2
-9.874,4.168,GAGCCTTCATGAATTA,G72Q Q311F,2,2
-9.874,4.168,GGTATGACCTTACTTC,C305V,1,1
-9.874,4.168,TAATGCAACTGTTACG,I67G,1,1
-9.874,1.389,TACGGCATAATAACTC,G303K E410K,2,2
-9.874,4.168,TATAAATCCACTACCA,G62V A253V,2,2
-9.874,4.168,TATTTAAAGTTTGTCC,S231N Q311*,2,2
-9.874,4.168,TCCGTTTTTCAGACTT,T235Y,1,1
-9.875,0.4631,TGAGCAAGTCATCAGG,C305Y A364T,2,2
-9.876,0.5954,GATCAAAAATGCACCT,E340R,1,2
-9.878,4.168,AACTTTTAAGATTTGC,Q311A C473Y,2,2
-9.878,4.168,AAGAACAACTTGTGAA,T416K,1,1
-9.878,4.168,ACCGATCGAACCCGAT,G349I,1,1
-9.878,4.168,ATCCATATCCGATAGA,I335K,1,2
-9.878,4.168,CAATTTACAAAGCACC,V182C T436E,2,2
-9.878,4.168,CTACAATTTAAAAGAC,G337S,1,1
-9.878,4.168,CTGCTCAAATAAGATT,N81S Y491T,2,2
-9.878,4.168,GCTAAGGAAAATAACG,C76E A373H,2,2
-9.878,4.168,GGTTTGCAACCAACAA,P306H,1,1
-9.878,4.168,GTGAGGTCGTTAATCA,C139R,1,1
-9.878,4.168,TCCTACACCAATTACA,G465S,1,1
-9.878,0.3206,GACGAAAAGCTGGACA,G303S G362M,2,2
-9.881,4.168,AAGGCACACCAAATTT,A495Y,1,1
-9.881,4.168,AATCTTAGAACTTTCC,D60C N475Y,2,2
-9.881,4.168,CAAAGCCCGTAAAGGC,L151P E280I,2,2
-9.881,4.168,CAATTAGCAGCGTTTC,W127G,1,1
-9.881,4.168,GACTATGAATGCGGAC,G362I,1,1
-9.881,4.168,TAACGCCTTACTCATG,F125T D375M,2,2
-9.881,4.168,TATTACGATATGGCCT,D408N C477H,2,2
-9.881,4.168,TTAGGTACGAACTTCA,L66Q,1,1
-9.883,0.8335,CAATAGGTCAGGACCC,Y100Q,1,1
-9.885,4.168,AATAGGTACTTTCAGG,T235K,1,1
-9.885,4.168,AATTAACCATAACATT,A373D,1,1
-9.885,4.168,ATAAGACACCAAAACC,L177G R261P S266*,3,3
-9.885,4.168,ATCAACACATCTAATT,G352S V413C,2,2
-9.885,4.168,CACATATTCCAGCCAA,,0,0
-9.885,4.168,CCAAAACAAAACAATT,I469G,1,1
-9.885,1.389,CGGAGTACAAAGGCTG,Q1T W343*,2,2
-9.885,4.168,CTATAACTATCATATT,A373H,1,1
-9.885,4.168,GACACAAGCTTGCACA,A196M W234*,2,2
-9.885,4.168,GGCTATTTTACTTTAC,S9N F120P,2,2
-9.885,4.168,GTAAAATTTGTAAACA,D419W,1,1
-9.885,4.168,GTTAACTGTTTTGCGC,V36N,1,1
-9.885,4.168,TAGTAGTACTTTGAAG,G337D A476R,2,2
-9.885,4.168,TGGAGATTTAAAGGCG,D419L,1,1
-9.885,4.168,TGGAGCAAATATAGGA,N250I,1,1
-9.885,4.168,TTTATATCTCGCCCCA,R222L Y308* L384R,3,3
-9.886,1.389,TCAGAACATCCCATAA,A138C A163C L177K T283Y P293H,5,5
-9.887,1.389,CCACATTCTCAGAACC,Y98W I437Y,2,2
-9.888,4.168,AACTAATACATCGACA,N159Y G463L A476S,3,3
-9.888,4.168,AAGAGAAGTTACGGAC,N45W S265L,2,2
-9.888,4.168,AGTTACTCAAATAGCG,G319S K387W V402K G463D,4,4
-9.888,4.168,ATTAAGCACATCTTAT,E449P,1,1
-9.888,4.168,CAGCACTTGCTATACT,A19I,1,1
-9.888,4.168,CTACCAAATATTATCA,R150W,1,1
-9.888,4.168,GAAAATACTTTATTGA,S265I,1,1
-9.888,4.168,GATCTTAAAACTTAGA,G116R N322M,2,2
-9.888,4.168,TATAAGAAACTAATAG,L177H G345N,2,2
-9.888,4.168,TTGATAGTCAAAACGT,W350T E426Y,2,2
-9.889,1.389,CCCACGCCTCCACTTA,I58H I502F,2,2
-9.889,1.389,TTTTTATCGGATACAA,L70H,1,1
-9.892,4.168,AAAGAAAGATTAAGTT,N152S H471Y,2,2
-9.892,4.168,AATATTATCTTGGACT,G362K,1,1
-9.892,4.168,AGCAACTAGACACTAC,T37F,1,1
-9.892,4.168,ATAGTTATCTATCCAT,Y100N M346I,2,2
-9.892,4.168,ATATCATAGCACTACG,N246W,1,1
-9.892,4.168,ATTAAATAGAGGAAGG,V36K,1,3
-9.892,0.8335,CGAAGGATAAAATTTT,E89P,1,1
-9.892,4.168,CTGCGACAACAACATT,Y351M,1,1
-9.892,4.168,GAATTATGTAAATAAG,A373H,1,1
-9.892,4.168,GAGCGGATCTAGCCAA,W343H,1,1
-9.892,4.168,GATTGAGCAACTACCA,S47M G342V,2,2
-9.892,4.168,TACCCAAGTAACAACT,C466T,1,1
-9.893,1.389,AATGTTAAATAAGACA,E280* Q363T,2,2
-9.894,1.389,AACCCTAGAAAGCCGT,W127E,1,1
-9.895,4.168,AACTCTCCATAGAAAG,A364D,1,1
-9.895,4.168,AAGATTAAACCACTTG,Q394*,1,1
-9.895,4.168,AATCCGAAGATGTTAC,T203M,1,1
-9.895,4.168,ACCAAAGTTCAAACGT,L66N,1,1
-9.895,4.168,ATTACCGAAAGAGATT,D77N M268A,2,3
-9.895,4.168,CTAACTTAACCTAATG,G116Y,1,1
-9.895,4.168,CTACACCAAAGATCTA,G256T,1,1
-9.895,4.168,CTTAGTATGCAATAAC,W153I,1,1
-9.895,4.168,GCGCGACCTATAGCAA,L427G,1,1
-9.895,4.168,GTCAAAAGCACCCAAT,G49D T440Q,2,2
-9.895,4.168,TAGCAATTGTAAATGA,Y100E W421*,2,2
-9.897,1.389,GCAACACTCTTGGTGC,L108S,1,1
-9.898,4.168,ACGCCAACAAACACCA,L70Q N133C,2,2
-9.898,4.168,AGTTCAAAAAAATCGG,S228P,1,2
-9.898,4.168,CAATGTGGGAAATATA,I339W,1,1
-9.898,4.168,CCATTACGTATCACCC,L13S Q371R,2,2
-9.898,4.168,GACGAAATATTTACGC,G352S,1,1
-9.898,4.168,TACCACTTTATCTGAA,A39S C305N K468N,3,3
-9.898,4.168,TATACCATACAATAAT,R90Y,1,1
-9.898,4.168,TATGCATGATTAAGGA,I217T G337S,2,2
-9.898,4.168,TGAACCACAACTATCC,C64L,1,1
-9.9,1.389,AACCTCTGAAAGCCCT,D104R Y302C V413K,3,3
-9.9,0.8335,TCACAACCTACGATCA,W180K,1,1
-9.901,1.389,CCAGCAATTACCAACA,W180H,1,1
-9.902,4.168,ACCAAATACTTGAAAG,S270N,1,1
-9.902,4.168,ACCAATCAATACCCAA,S9T T440N,2,2
-9.902,4.168,CAATACAATTACAATA,F294K,1,1
-9.902,4.168,CACAATAGCACATGGG,K391V E398P,2,3
-9.902,1.389,CATAAATTCCTAAAAA,W343L,1,1
-9.902,1.389,GAAATAAAAGAACTTA,I478R,1,1
-9.902,4.168,GCAACAAACCATCTAA,G349C,1,1
-9.902,4.168,TCAGTTTAGACATATT,D73Q Y308E,2,2
-9.902,4.168,TTATTCCCTTATTTAA,S136E L194N,2,2
-9.903,0.8335,AACTATACGACACTCA,R499H,1,1
-9.903,1.389,GGGATCCATAAAACCA,E83* M320W S442N,3,3
-9.905,1.389,ACACTAAATCACCTAG,P306E I374A,2,2
-9.905,4.168,AAGGTTAATAAAGATA,T65N I377E,2,2
-9.905,4.168,ATCTATCTATATCATC,S378I,1,1
-9.905,4.168,CAAGCAAAGACAACGC,N53F C466M,2,2
-9.905,4.168,CAGGATACGACATACA,N38P,1,1
-9.905,4.168,CGAAAATGAAAAAATT,M320R E403K,2,2
-9.905,4.168,CTCACATGCTACCCAT,E340T,1,1
-9.905,4.168,GCGATGGGTTTCGCGA,A138D Y178H,2,2
-9.906,1.389,ATAGAAATCAGACTTC,D241C Y423C,2,2
-9.908,1.389,ACCAACCAACACTGGC,C14R,1,1
-9.908,1.389,AGCAGCAAGGCGAAAA,C139R M268G,2,2
-9.909,4.168,ACACTATTCTTCGAAT,Q211R E398P,2,3
-9.909,4.168,AGAATGGTTTCCAGGT,I236Q A336T,2,2
-9.909,4.168,AGCAGCATCGTAATCC,I232M N433V,2,2
-9.909,4.168,ATACCCGCCCTTGCTT,S369E,1,1
-9.909,4.168,CAGTAGCCCATCCCAA,I274F D461C,2,2
-9.909,4.168,TTAGCCACTACAGCCC,N158S M444H,2,2
-9.911,1.389,TAAAACCTAGTTGAAG,Y178T S270Y,2,2
-9.912,4.168,AAATGCCCACGTGACA,E460Y,1,1
-9.912,4.168,AACACTCTCAGCGAAA,G286Y,1,1
-9.912,4.168,AATTTTGAGAGCAACA,P306D,1,1
-9.912,4.168,AGAAGACAAGAATGGA,F147D,1,2
-9.912,4.168,AGGTTAAATCCGTCTA,K140- R141I L194R,3,4
-9.912,4.168,CAACAACACTGGTAAT,R329P,1,1
-9.912,4.168,CAGAAACCCACCCTGA,I478H,1,1
-9.912,4.168,CAGGATACATTATTCC,C64R,1,1
-9.912,4.168,CCACTATGACGAAAGT,G134F,1,1
-9.912,4.168,CGCACCTTTCAAACGG,T283P,1,1
-9.912,4.168,CGTCAGCTGTAAAATG,R329W,1,1
-9.912,4.168,CTTTCAAATGCCGAGT,W153V W350A,2,2
-9.912,4.168,GAAAAACATAAACAAT,C139I,1,1
-9.912,4.168,GCGCCACACGTGATAC,P227T S279H G465R,3,3
-9.912,4.168,TACCTTTACTTAACAA,M320S,1,1
-9.912,4.168,TAGCTTTAAGCAAAAT,E396K D415N C477V,3,4
-9.912,4.168,TGTGTCTAACTCGGAT,N433M,1,1
-9.912,4.168,TTAATACATGGAATCC,N250T,1,1
-9.915,4.168,AACAGAAGAACATTCA,M268E,1,1
-9.915,4.168,ACGACTAAAATAACCC,S156H I502K,2,2
-9.915,4.168,CACTATAAGCAAAGCC,L111M N158W A336W,3,3
-9.915,4.168,CTCAACTGAATCACAT,L13D,1,1
-9.915,4.168,CTCATCACATAAAAGA,D73N G330S,2,2
-9.915,4.168,TAAAAAAAATGGAAAC,F87K,1,1
-9.915,4.168,TAATATACCTAACTTA,L70E,1,1
-9.915,4.168,TCACAATCGATAATGC,P99R S114N E390K E410K,4,4
-9.915,4.168,TTGACTCTCACAATAG,L428D,1,1
-9.915,4.168,TTTTCATGATCCATCG,S136N,1,1
-9.916,0.8335,CTACAAAAATCACACA,W153G,1,1
-9.919,4.168,ACATAGCATTTTCCAA,L316E,1,2
-9.919,4.168,ACCCAAGAGACATATA,G116C D461H,2,2
-9.919,4.168,ACTCAACTGGAAAACC,A364K,1,1
-9.919,4.168,ATGGTTGTCCGAAATG,Y105F T436M,2,2
-9.919,4.168,CTCCGAGTTAATACCT,G61C C97A,2,2
-9.919,4.168,GAAAATATATAAAACA,V43E,1,1
-9.919,4.168,GTAGTCACTGATACCA,C52V F294T,2,2
-9.919,4.168,GTCTTTGAAGTAGCTA,Y178G,1,1
-9.919,4.168,TAGACAAACTCCGTAC,G72S,1,2
-9.919,4.168,TCCATCTTCCCATACG,T248E,1,1
-9.92,0.8335,TCATTGCCACGACATC,C76I,1,1
-9.92,1.389,ATACATACTCTTTCGA,I478S,1,1
-9.921,0.8335,CGATTAATGGAAACAC,C305G,1,1
-9.921,1.389,CTTGCGATAATCTCAC,N170K,1,1
-9.921,1.389,TTGTCCACACTCGTAC,N357V,1,1
-9.922,4.168,AAAATCACAGCTGTGA,P306W,1,1
-9.922,4.168,ACAAGAAACGAGTATG,V112P,1,1
-9.922,4.168,AGAAAAGGGCTCATAC,L431G,1,1
-9.922,1.389,AGACAATCATCAAAAA,L177H,1,1
-9.922,4.168,AGCAATGAGCATCAAA,F87R,1,1
-9.922,4.168,ATTGACAAAATATTCT,Q295Y,1,1
-9.922,4.168,ATTTCAGAAACATCGG,V43Y N424W,2,3
-9.922,4.168,CAACAATTCTTTCAGA,F87P,1,2
-9.922,4.168,CCCATTCTCCAAATTC,C97S,1,1
-9.922,4.168,CCTTAATCATAACAAC,H184P,1,1
-9.922,4.168,CTTCCATGATAAAATA,I377K,1,1
-9.922,4.168,GATTAAGAGCCTAGCT,S115I E460A G465E,3,3
-9.922,4.168,GCCCATGATCATAGTG,A163P G218R S266E P284Q I418Y,5,5
-9.922,4.168,GTTTTGACATACAAAT,V309D,1,1
-9.922,4.168,TTCATAAACGAAAAGA,L447C,1,1
-9.922,4.168,TTCTAGTCTTTAATCT,F500Q,1,1
-9.923,0.8335,ACAATGTATTAGCTGA,G181F,1,1
-9.923,0.8335,CTTAAATAATCGCAGG,,0,0
-9.924,0.5954,CATAAAACTAAAATGT,A253N R307K W343C,3,3
-9.924,1.389,AAAAGACATATCAATG,A253T L367K,2,2
-9.925,0.5954,TGCATTAACGTTATTG,V102Q W234P,2,2
-9.926,4.168,AACATACTTAAACAAA,V36L,1,1
-9.926,4.168,AAGGAATATGTACTCT,G61F R383K,2,2
-9.926,4.168,AAGGGCTTTGAACGAT,P254V,1,1
-9.926,4.168,ACCCGAGACCATTCCC,C52I,1,1
-9.926,4.168,ACTTGCTTCCACTCAT,L177P I339G,2,2
-9.926,4.168,ATACAGCTAAGAGTAA,K82H V182P,2,2
-9.926,4.168,ATAGGAACAGGTTAAT,D415P,1,1
-9.926,4.168,CAATGGTCCTCAATAA,I245S,1,1
-9.926,4.168,CAGCAAGTTGAGCCTT,W127* N158M,2,2
-9.926,1.389,CATATGAAAAATCACT,G142* I232G,2,2
-9.926,4.168,CATCTACCCAACATCC,A253C,1,1
-9.926,4.168,CTAAGAGCCCACTACA,D7*,1,1
-9.926,4.168,CTTGATCGAGTTCTAG,N250E,1,1
-9.926,4.168,GAATGTCCGTAACACA,C76M,1,1
-9.926,4.168,GATCTATTCTTATACA,I51E,1,1
-9.926,4.168,GCTAAAAAATAGAAAT,I478R,1,1
-9.926,4.168,GTCTGCTCTATCCGGC,F192Q V297G K391L S400A,4,4
-9.926,4.168,TCCTCTACTCCACCCT,I51C G286E,2,2
-9.926,1.389,TCTTCTTCAACACTAA,W127N,1,1
-9.926,4.168,TGAGATAGATCAAGCC,W180D P227H,2,2
-9.926,4.168,TGTCTGGCAAAATTAC,G23I R405M,2,2
-9.927,1.389,AGCGAAACACAGTTAA,G72T,1,1
-9.928,0.3789,CTAAATTATTTAGCAA,A19*,1,1
-9.929,4.168,AACAGTTACATTTTGT,I34K,1,1
-9.929,4.168,ACCTTATTCGACCAAA,D186K,1,1
-9.929,4.168,ATTCAACCACAGGTAT,G342Q,1,1
-9.929,1.389,CAACCAGACCCTCTAA,M168P,1,1
-9.929,4.168,CTCAAGAAGCACTTGT,C473K,1,1
-9.929,4.168,GAGCAACAAAAATAAA,Q173* D241W,2,2
-9.929,4.168,GGACCGAGCAACAACA,F338T,1,1
-9.929,4.168,GTAACAATACCATCAA,A163K C281A,2,3
-9.929,4.168,TAAAAACAGTAATAAC,P74G,1,1
-9.929,4.168,TATCCAAGCACACTTT,P74V N464L,2,2
-9.929,4.168,TTCATACTCGTGACGT,C64M,1,3
-9.931,1.389,ATCTCATTACAAATAA,L13A,1,1
-9.932,0.8335,AATCACACATCTGCCC,I48C Y178M,2,2
-9.932,0.8335,AAAAACTTTCTAAGAT,L427K,1,1
-9.932,4.168,AAAAATCTATAGTGCC,L316W,1,1
-9.932,4.168,AAAATTATGATGCATC,G61H G78D,2,2
-9.932,4.168,AACATAATTTAAAAGT,K292Q R299L,2,2
-9.932,4.168,ACAGAAGCAACAGTAG,G116F,1,1
-9.932,4.168,AGCACTCAGTAATTCA,G319D,1,1
-9.932,4.168,AGGAATTTATTTTCAA,S146F E340K,2,2
-9.932,4.168,ATATTTGATTCACCCC,I245Q,1,1
-9.932,4.168,ATCGCGATTCTACATG,E89K,1,2
-9.932,1.389,ATTAAAACGTCATCAA,G352S E398*,2,2
-9.932,4.168,CCTATACATTCGCATC,F353N,1,1
-9.932,4.168,CCTTATAGATGTAGAA,K50H L243R,2,2
-9.932,4.168,CTAGAACAAGCGATAT,G181N,1,1
-9.932,4.168,GACGGAGCACTTTTTG,A212T L367P,2,2
-9.932,4.168,GTCTGTACCCCATGGC,E443P,1,3
-9.932,4.168,GTGACGCATAAGTTAT,N322F,1,1
-9.932,4.168,TAGATCGAAACATAAG,I29E V130N,2,2
-9.932,4.168,TCCAGACAATTCTTAA,F467T,1,1
-9.932,4.168,TTATTCATTGCCTCTC,L244R A495V,2,2
-9.933,1.389,AACGAGCTCAAACTAG,E426T,1,1
-9.935,1.389,CTAAGGACTAGGTTCA,G256M,1,1
-9.935,1.389,TCCCAACATGTATAAG,C52Q,1,1
-9.935,0.8335,AACAAGATACGGCATC,,0,0
-9.936,4.168,ACATGTTCTGCGAAAT,S115C F467G,2,2
-9.936,4.168,ACCCCGCTTACATCCG,S136F T451M,2,2
-9.936,4.168,AGGCCAATGAACCGCA,T370G,1,1
-9.936,4.168,ATAACAGAACATATAC,S422H,1,1
-9.936,4.168,ATTCCTGCACCAATTC,I67N G275E,2,2
-9.936,4.168,CAACTAGATACTAGTC,N250R,1,1
-9.936,4.168,CCCAGGCCCACTAAAA,V323M E359R,2,2
-9.936,4.168,CCCTGACACTGCAAGT,V429E,1,1
-9.936,4.168,GAGATTGCGCTGTCTA,M346Q,1,1
-9.936,4.168,GTACTGTCTGAACTGC,I288Q,1,1
-9.936,4.168,TCTGGAAATCAAAATC,D60T Y302H,2,3
-9.936,4.168,TTCTTTCTCTTCATTT,T12Y E172P,2,2
-9.936,0.8335,TTCCCCACAAAGCAAT,C14S,1,1
-9.937,1.389,ACGTTCAAAACTTCAT,L177P S400L,2,2
-9.938,0.8335,GCGAGAAACGCACTAT,A373W,1,1
-9.938,0.2193,CCATTTTCCAACTATA,G23M,1,1
-9.939,4.168,AACGATAACAATCGAT,L86W,1,1
-9.939,4.168,ATGATATCTAACTGAA,Y105S T283R S422M,3,3
-9.939,4.168,ATGTAACTACAATTGA,L367P G463F,2,2
-9.939,4.168,CAAACAACTTTTTCGA,N250S K310N,2,2
-9.939,4.168,CAATGAGAATAAGCCT,I29D,1,1
-9.939,4.168,CACAAAAAGTACTTCG,P55M G342D,2,2
-9.939,4.168,CCGCTGAAGTTATCCA,A11W K452C,2,2
-9.939,4.168,CGCATATGTTCGCAAT,W343C,1,1
-9.939,4.168,GCAAAAAGACCTTATA,N483P,1,1
-9.939,4.168,GTCCCAGACATAATCT,N296P,1,1
-9.939,4.168,TATAAGGCAAATCGCT,Q210P L455V,2,2
-9.939,4.168,TGTACTACAGCCAACC,N298P,1,1
-9.94,1.389,TGAATATCCGAGCTAT,I377S,1,1
-9.941,0.8335,CAACAGTTAACAGTAC,L71N,1,1
-9.942,4.168,ACCCTATACCGATTCG,Y100P,1,1
-9.942,4.168,ACGTAGACCTTATTAA,N6K G386E G465E,3,3
-9.942,4.168,AGTACCGACAGAAAGC,C52L,1,1
-9.942,1.389,AGTGAATATCTCGTTC,I245N,1,1
-9.942,4.168,ATCAAAAGAACTAATC,C52P A430I,2,2
-9.942,4.168,CAACATACCTTGGATC,G319L,1,1
-9.942,1.389,CACCCCTATTGCTCCT,N357K,1,1
-9.942,4.168,CACCTCCGAAACTCTA,G134P,1,1
-9.942,4.168,CACTACTTAAAGAGAC,A317M K411Y,2,2
-9.942,4.168,CTAAAGAAATTATTGT,N152T,1,1
-9.942,4.168,GAATCCACGTCTCAAC,L177N D493E,2,2
-9.942,4.168,GACCTCTATACCTCAG,F148R,1,1
-9.942,4.168,GCCCTCACGACAAATC,E432G,1,1
-9.942,4.168,TACATTAGCCCACCAA,R354D,1,1
-9.942,4.168,TCTGATAACCATGACT,R456I,1,1
-9.944,0.8335,ATCATTCTATTGAAAC,S287F K380V,2,2
-9.945,1.389,CACTGAATCATTATAC,A69L A138R,2,2
-9.946,4.168,AAAAGTAATATTATGA,G116L D375E,2,2
-9.946,4.168,AACTTCTTGGGCATGA,A11F G263K,2,2
-9.946,4.168,ACTCACGTTTTTCTGT,N250C,1,1
-9.946,4.168,AGTCACTGGTGGACGA,A113I,1,1
-9.946,4.168,ATCGTCACCCACTAAA,D73R,1,1
-9.946,4.168,CAATCCTCTACGTACA,D291P D419Y,2,2
-9.946,4.168,CCGAAACAAATCTCTA,S136R,1,1
-9.946,4.168,GTGACAGAACACTTAG,F87G,1,1
-9.946,4.168,TAATTGTCCTGATGCC,A138V R329M,2,2
-9.946,4.168,TCAGAGTTTCAAATCA,L86G,1,1
-9.946,4.168,TGATGCCTTAAGCCTG,K171F E172*,2,2
-9.947,1.389,AGACTATACTACATGA,D101Y A113D,2,2
-9.948,1.389,TACAAATCACTACTAA,D415P,1,1
-9.949,4.168,AATTTCCTACATACTT,G116D E484K,2,2
-9.949,4.168,ACCCAATACTAAAGCA,R329H,1,1
-9.949,4.168,ACGAACTCTAAAAGTA,R482D,1,1
-9.949,4.168,AGACTGCGTACATAAG,P185Y,1,1
-9.949,4.168,AGAGTGTCTCAATACC,L154G,1,2
-9.949,4.168,AGCACGCAACACTCCT,F148D,1,1
-9.949,4.168,CACCCTAACCACACTC,V429K,1,1
-9.949,4.168,CGTCACTAGGTGAACA,A495I,1,1
-9.949,4.168,CTATCAAATCCAGCAA,Y412P N498K,2,2
-9.949,4.168,CTGGTAACATTATTCA,G240I,1,1
-9.949,4.168,CTTTATAATGAGAACC,H17L,1,1
-9.949,4.168,GAGTACGAGATAAATA,A334F,1,1
-9.949,4.168,GTCATAAGCACACCTA,G337W,1,1
-9.949,4.168,TCACGTTGGAAAACGA,L177H G218V A272Y V297L,4,5
-9.951,1.389,TTTCCACGACGTTGTA,V429W,1,2
-9.952,4.168,AAAGTATACTTGATAC,A495Q,1,1
-9.952,4.168,ACAAAATAAGGGCAAT,N133P,1,1
-9.952,4.168,ACTCGAATCAGGCGAT,V36S G352C,2,3
-9.952,4.168,ACTGAACTATTTGCAA,I226F,1,1
-9.952,4.168,AGTCATTTATTATAGA,D32Q C466K,2,2
-9.952,4.168,ATAAAACGTTCACATG,N296V A365D,2,2
-9.952,4.168,ATAACCCCCAACTATC,V36I V88R,2,2
-9.952,4.168,CAAATGCTGCTATCAT,Q191I,1,1
-9.952,4.168,CTAAAAAGAATACCAA,F147K,1,1
-9.952,4.168,CTGGAATCCCTTCCCA,S115A G330L,2,2
-9.952,4.168,GACAAACCATAGGTTA,N152K,1,1
-9.952,4.168,TACATAAACACTTAAA,P273Y P284R,2,2
-9.952,4.168,TACTTTTCAATTCGGC,I226P I437T,2,2
-9.952,4.168,TAGCAATATTATTTTA,N433M,1,2
-9.952,4.168,TATCGAAAATTAGAAT,E41A,1,1
-9.952,4.168,TTCTCACGAGCTGTTA,N170H,1,1
-9.952,4.168,TTGACCTTTCAAATTC,P306E,1,1
-9.954,0.8335,TGCAGTTATTTACGCT,D7* Q376M,2,2
-9.956,4.167,AAGTTTTATAACTTCA,R33L C305R,2,2
-9.956,4.167,ATCCGAGGTGATGCCC,G319N,1,1
-9.956,4.167,CCAAATAAGTATGACA,S95E G337D,2,2
-9.956,4.167,CCCCCTTTGTACGCCA,L71W G275R,2,2
-9.956,4.167,CGGTAAAAAAAATGTG,C52V,1,1
-9.956,4.167,CTCAACCGTCTGCAAT,S270Q,1,1
-9.956,4.167,GCAATGAATATGCTGG,A317M,1,1
-9.956,4.167,GGCATTAAATAATCAA,S46P N458L,2,3
-9.956,4.167,TAATCGCGGTGCTTAT,C64Q N170P,2,2
-9.956,4.167,TCATGCGTCAAATCTA,H471F,1,1
-9.956,4.167,TTCCACACATTTCTCC,L111G P324L,2,2
-9.956,4.167,TTTATCCCTAAGGAAA,G345R,1,1
-9.958,1.389,CTTCCTTTAAATAATT,T440N,1,1
-9.959,4.167,AATACCCGACCAAAGA,,0,0
-9.959,4.167,AATATCACTCAGTCCT,F467R,1,1
-9.959,4.167,CACTGTGCATATTAAT,K121E V237K,2,2
-9.959,4.167,CTAAAGAGGCTTACTA,C473F,1,1
-9.959,4.167,CTACTTATTCGCCCTG,F353V,1,1
-9.959,4.167,TACCTCATTAGATACC,C477Y,1,1
-9.959,4.167,TAGAAAAAACCACCCT,D366V,1,1
-9.959,4.167,TGAATATTCGTAAACA,A19I E172C,2,2
-9.959,1.389,TGTCTACGAAGCCTCT,T248Y,1,1
-9.959,4.167,TTATCTATAAAACCTG,E449N,1,1
-9.96,0.8335,TCAGGCAAAGCCAAGT,Y491E,1,1
-9.962,4.167,AAAAATTAATATAATA,I179Y,1,1
-9.962,4.167,AACAGATCCCACTTAA,T301P,1,1
-9.962,4.167,AACTAATTAACACATG,D438N,1,1
-9.962,4.167,CGTTCATAAGACTGAA,I179W,1,1
-9.962,4.167,GATAAAATTATCATGA,W234Q,1,1
-9.962,4.167,GCCATCATCGCCAAAA,S287R,1,1
-9.962,4.167,GTAAGCTAAAGGACAA,L42E K503N,2,2
-9.962,4.167,GTCATCATATCTCGAG,,0,0
-9.962,4.167,TAACTAAATTAGAAAA,I232W,1,1
-9.962,4.167,TGCTTATGTATAAAAA,V102P K326I,2,2
-9.963,1.389,TTGACAATACCTATAC,I481T,1,1
-9.965,4.167,AAGACCATCAAAGAAA,H17E,1,1
-9.965,1.389,AATTACTGCCTCACTC,W84L,1,1
-9.965,4.167,ACACTTGTAGAACATC,N433R,1,1
-9.965,4.167,ATCAAATTAAGTAAGA,C473W,1,1
-9.965,4.167,CTGTCCGTCCTAGATG,A336Q,1,1
-9.965,4.167,TCAGATGGAAACTCAC,L108W Q197*,2,2
-9.965,4.167,TGTCCTCTTCATACCA,G49V L118T Y491A,3,3
-9.967,1.389,ATAAGAAGCCCCAAAT,V237F,1,1
-9.969,4.167,AAAAATCTAGCAAGAA,I245N,1,1
-9.969,4.167,AACCATACACACAGAG,G349M,1,1
-9.969,4.167,ACAAAGATTTAATGCA,A364P,1,1
-9.969,4.167,ACGTGAAAAGCAACAC,L177W S266R E390D,3,3
-9.969,4.167,AGCCATTATATATAAG,W421A,1,1
-9.969,4.167,ATGCTCACATTCCGCC,V130A E172K I179R D441V,4,4
-9.969,4.167,CACCAAACATCCAAGA,G345D,1,1
-9.969,4.167,TACAAATTATTGGTAA,F147H,1,1
-9.969,1.389,TACAGTAACACAGCCC,P306D,1,1
-9.969,4.167,TTAACCGGAATTCCCA,C64Y M346C,2,2
-9.971,1.389,CATCAATGTGCCCCAA,N190L S262T,2,2
-9.972,4.167,AAATCTGCCTACAACA,G181Y,1,1
-9.972,4.167,AACCAATAAATTGTAT,C473I,1,1
-9.972,4.167,AAGAACAAAAAAGTAT,L71K Y98V,2,2
-9.972,4.167,ACTTTAGACAGATCAT,D366K,1,1
-9.972,4.167,AGCTCACATGTTGTCA,I469Y,1,1
-9.972,4.167,CAATCATCAGGTTTGC,N152P,1,1
-9.972,4.167,CACAATTTTCAACTTC,N322C,1,1
-9.972,4.167,CACAGTATGTTGCTTA,Y257V,1,1
-9.972,4.167,CAGTTGTAATAAACCA,V36N,1,1
-9.972,4.167,CCATTCACCAAAACTT,G342Y,1,1
-9.972,4.167,CGGGAAGCCACATTAC,I252W,1,1
-9.972,4.167,GAACGCACACACCCCT,C305S,1,2
-9.972,4.167,GTAAGTGCATATACTG,S46L F120I,2,2
-9.972,1.389,TACACGATAAAGTAAC,A39C P254H,2,2
-9.972,4.167,TATAGTTCGGTTCCTG,V26M L177C C281L K387G,4,4
-9.972,4.167,TGACAAAAGGAAGCAA,F148T,1,1
-9.975,4.167,AAAGATCACTAGAAAC,Q407* G463I,2,2
-9.975,4.167,ACACTTGATAATCAAC,R354T K387Y,2,2
-9.975,4.167,ATAACCATGTTATTCT,K82E P215H N285R V413Y,4,4
-9.975,4.167,CAGTATTAATCCCTAC,G319I,1,1
-9.975,4.167,CTAATTCTTTCCAGAA,N357L,1,1
-9.975,4.167,GGTCTCTGGACATACA,L154D,1,1
-9.975,4.167,TAATACGTGCCTAACA,H184Y W350S,2,2
-9.975,4.167,TATAGTCGGGCCATCA,N122V R499V,2,2
-9.977,0.3789,ACCTTACATCTTGTGG,S146F L314V,2,2
-9.977,0.8335,ACCTGAATAGAGCCGA,A253R,1,1
-9.977,1.389,GACAACGTAAGGTAGT,D241W,1,1
-9.979,1.389,ACTTTACGTAGAACTA,L409P I481M,2,2
-9.979,1.389,TAAGACATGATTCTAT,D366F,1,2
-9.979,4.167,AATCTTTCTAACAAAG,M268P,1,1
-9.979,4.167,AATGATTTAACTACCA,G386V W421S,2,2
-9.979,4.167,ATGATACTATATATGA,V309R,1,1
-9.979,4.167,CTGACTTGCAATGAGT,H17G S136N,2,2
-9.979,4.167,GTTCACCAAAAATCTC,W127K G218T Q394M,3,3
-9.979,4.167,TATTGGCGTACCAATC,G116H N389C,2,2
-9.979,4.167,TTTTCACTTTTAGTGG,I179Q G479N,2,2
-9.981,0.3789,GGATGTACACCAAGCC,A39* G465R,2,2
-9.981,1.389,ATATCTATAATTGTTA,C473R,1,1
-9.981,1.389,ATTGCTCAATCTACCA,F120A,1,1
-9.982,4.167,AAAATGGTCAATTACA,S287K,1,1
-9.982,4.167,ATTCAAAATAAGCAAA,G360N,1,1
-9.982,4.167,ATTGACCAACTCCCGC,L447Q T485A,2,2
-9.982,4.167,CAAGAAAAGACTCAAA,Y423I,1,1
-9.982,4.167,CACTCTAAGACTGTCA,G116E,1,2
-9.982,4.167,CGATATAGGAAGACAT,Y486D,1,1
-9.982,4.167,CGCAGCCAATTCGGAA,P254L,1,1
-9.982,4.167,GATAAAACCAATCTAA,C139D G463E,2,2
-9.982,4.167,TACACGTACACTATTA,L496G,1,1
-9.982,4.167,TTAACTTAATGAAGAT,S287L,1,1
-9.983,0.8335,CACCATTTACAATATT,L455R,1,1
-9.985,4.167,AAGCAATCCCCGCAAG,W84G,1,1
-9.985,4.167,AATGAATCCAGGACAC,G116I,1,1
-9.985,4.167,ACAACAGTACAAATCC,V88E S287P,2,2
-9.985,4.167,ACAACCTGATATCCCA,S231G I339P W421*,3,3
-9.985,4.167,ACGCATATCGGGTTCA,A69D I226W G463S C466P,4,4
-9.985,4.167,ACTAGAATAAAAATTT,W180D,1,1
-9.985,4.167,CAGGTACTGAGAAGAA,W127Q,1,1
-9.985,4.167,CCGCCATCACCAAGCT,L151T,1,1
-9.985,4.167,CGATCGTACCCTGCAT,I469A,1,1
-9.985,4.167,GAGCATCAAACCAAAA,P254E,1,1
-9.985,4.167,GATTAACTTAATCTCC,Y178I,1,2
-9.985,4.167,GGATAATGTCCAAACC,G286K,1,1
-9.985,4.167,GTTCCTGTCTGTCACG,I274D A425L,2,2
-9.985,4.167,TACGTCAGAGGCTAAA,L420K,1,1
-9.985,4.167,TATCATTTTAGAACAA,Q75G C305T,2,2
-9.985,4.167,TATGAGTCAACTTACC,I232A,1,1
-9.985,4.167,TATTGCACACCTGACT,T248D,1,1
-9.985,4.167,TTATTCAAAATAAGTA,L13N,1,1
-9.985,4.167,TTCCAATTGCTACTCG,C76V Y486N,2,2
-9.988,4.167,AAAATATCAGATACAA,G61C,1,1
-9.988,4.167,AGAGTGCTTAAACTAT,F332E,1,1
-9.988,4.167,ATCTAAAAAATAATTG,I335Y,1,1
-9.988,4.167,ATTCTTACCTTATATA,Y100K,1,1
-9.988,4.167,CAACTGTTACCTAAAA,T37D,1,1
-9.988,4.167,CAATTTAAGTGAAGAA,F87H,1,1
-9.988,1.389,CAGATTTTGTTTTGAC,V43W,1,1
-9.988,4.167,CATATTCGTATAAACT,Y98Q,1,1
-9.988,4.167,CCAAAACTTTGAGTGT,W350I,1,1
-9.988,1.389,CCAGTACTCATAATCT,W127* G330V,2,2
-9.988,4.167,GAATTATTACAATATC,A334G A336S,2,2
-9.988,4.167,GCAGAGATCCGGAATC,A365N G504Y,2,2
-9.988,1.389,TCTAAACAACCCTGCC,E426R,1,1
-9.988,4.167,TGAATATAAAACCCAA,Y423K,1,2
-9.989,0.8335,GCTCAACCAATAAAAG,N250C G345E,2,2
-9.991,4.167,ACTCCATTTGATCGTT,C473Y,1,1
-9.991,4.167,AGACGGCTCCCTGCTA,I481W,1,1
-9.991,4.167,ATTACATTATAACTTA,F125C,1,1
-9.991,4.167,CAAGATTAACTCTGAT,H183Y A365V,2,2
-9.991,4.167,CCAAAAACTGGCGATT,G337D S480A,2,2
-9.991,4.167,CCACAATATCAAAACC,S136E,1,1
-9.991,4.167,CCTCAGTTCATGATTG,,0,0
-9.991,4.167,CGCGAGAGTAAGGCGA,F294Q K368I,2,2
-9.991,1.389,GTATATAACAATGCAA,G181K,1,1
-9.991,4.167,TACCCACTCAATACCA,E119K G319T,2,3
-9.991,4.167,TCAATACATAAGTTAG,M320K,1,1
-9.991,4.167,TCTGTGGGTACCCCAA,Y178G Q197*,2,2
-9.995,4.167,AAAAACTGGATACGTC,G72N N165M,2,2
-9.995,4.167,AAACTATGCTGTCTAC,A113N,1,1
-9.995,4.167,ACTAGCAAAGAATCAT,N133P E484V,2,2
-9.995,4.167,AGAAGATGGGGTATTT,Y233P,1,2
-9.995,0.5953,ATACTTTAAGCCACAA,S193W S378I,2,2
-9.995,4.167,CACATTTGGAAACAAA,V88N,1,1
-9.995,1.389,CGCAATCCCATTATTA,H471W,1,1
-9.995,4.167,CTGTAAAGTACATAAC,S47Q R141W,2,2
-9.995,4.167,TAGGACAGTAAAAAAA,V309Q K503N,2,3
-9.995,4.167,TCATTTTAAAAACTCA,Q363H D408N E457K,3,4
-9.995,4.167,TGAGAGCGGATCCCAA,A459I,1,1
-9.998,4.167,AGATACCCATATCCTC,S146D S262G W350H,3,3
-9.998,4.167,ATATATAAGCAACACA,S115N,1,1
-9.998,4.167,ATCCCCGATACACTCG,T370D,1,1
-9.998,4.167,CCGATCGGGCAAGTGC,E123F,1,1
-9.998,1.389,CCTCCTCATTCGACAA,E123G,1,1
-9.998,4.167,CTAACAGCATACATCC,L15N W234V,2,2
-9.998,1.389,TACAAAGCAGTAAAAA,G249L A373Y,2,2
-9.999,1.389,GTTATACTGTTCGGAC,L59K E432W,2,2
-10,0.8335,CACATCCAAAGATATA,N152K G463F,2,2
-10,1.389,TAACACACTCCAAAAA,L243H,1,1
-10,4.167,AACAGTCCATACGTTT,Y423V,1,1
-10,4.167,AACGTAATTTGCCATA,W421G,1,1
-10,4.167,AAGACCTTTAATAGAC,N38K G249P,2,2
-10,4.167,AATTCAATTCCATGTG,I58G,1,1
-10,4.167,ACAAAATAATCGAAAT,V102Y,1,1
-10,4.167,ACTTGATTTTAACTAA,C466Y,1,1
-10,4.167,CAATCTTGCCAAACAA,C14K N170K,2,4
-10,4.167,CCCGACCCATTCGTTA,F332W I481N,2,2
-10,1.389,GAACAAGCTAGTTACC,I252R,1,1
-10,4.167,GTAATAGAGAGTATAA,L13P,1,1
-10,4.167,GTAATTAAGGTGACCT,N489P,1,1
-10,4.167,TGAACAATTTCAAGTT,L13D,1,1
-10,4.167,TGGCTAATACGCACCA,R208W M444D,2,2
-10,4.167,TTATCCGCGTTACAGC,Y100S G337D,2,2
-10,4.167,AACTTTACCCCGTGGA,I58Q,1,1
-10,4.167,AATCCCCAAATCCCAG,W180C,1,1
-10,4.167,ACAACCTTTATGGGTG,N458E,1,1
-10,4.167,AGAAAAAACAGCAAAT,V43H E325K,2,2
-10,4.167,CAACTAAAACTCCTAA,P254D,1,1
-10,0.8335,CAATCAGAATAGCGGA,S54R D175N I274N,3,4
-10,4.167,CGTTAGTACAACAATC,Y178A,1,1
-10,4.167,CTAAAATCACACATAA,V88S,1,1
-10,4.167,CTTCGTAGAAGGCCCT,T167I A317M,2,2
-10,1.389,GATCAATACTACCAGA,F467A,1,1
-10,4.167,GTTATAAGTGATCCAG,S270H V406S,2,2
-10.01,1.389,ACTAGAATAATGTGGC,T451R,1,1
-10.01,0.8335,CATACTAAAAATTACC,F87Q,1,1
-10.01,4.167,ACCTTGTAGCGTAATT,P185W,1,1
-10.01,4.167,ACTCAGTCTTTCACAA,G465E,1,1
-10.01,4.167,AGAATACTTCAATTGA,F195R,1,1
-10.01,4.167,ATCCGGAAACGCAATC,M462G,1,1
-10.01,4.167,ATCTGTCTCTGAGCAG,L42M I274N,2,2
-10.01,4.167,CCACACGCATCACGCC,A365E,1,1
-10.01,4.167,CCCCACACTGATTTAT,F467H,1,1
-10.01,4.167,CGCTGAACCGTTCACA,L42H,1,1
-10.01,4.167,GACCGTCTATTCAAGA,L66D I226Y,2,2
-10.01,4.167,TACTCTATTTGACACG,G286P G465E,2,2
-10.01,4.167,TATTATATTAACAATT,G319D,1,2
-10.01,4.167,TCCAAGTCCAACCCAA,E410K W421T,2,3
-10.01,1.389,TAACTGTCAGGCATAA,Q295W,1,1
-10.01,1.389,TCAAATTTTAGAAATT,I232Q,1,1
-10.01,1.389,ACATCATCAGAAACTA,G319L,1,1
-10.01,4.167,AGACATTAAATTCCAG,I226P,1,2
-10.01,4.167,AGTCTCCAGGGTGCAA,I481F,1,1
-10.01,4.167,CACTAAAAAATAATGC,I478A,1,1
-10.01,4.167,CCACAACATCCGATTT,I67K S400T Y423H,3,3
-10.01,4.167,CGAAATAGACAATAGA,N357F,1,1
-10.01,4.167,CTACACCTGATCGCCC,G333D,1,1
-10.01,4.167,GTACCATACCAGCTCC,I478E,1,1
-10.01,4.167,GTACCATGTTAATAGA,I232P,1,1
-10.01,4.167,GTTACAATAGTTACCC,A39D,1,2
-10.01,4.167,TATCGTCAAATTAGTC,C64Y L496P,2,2
-10.01,4.167,TCTAAACGCAACCTGC,W343V,1,1
-10.01,4.167,TGAATATAACACACCA,T128V F338A,2,2
-10.01,4.167,TTGATATACAATTTTA,D77T P306Q,2,2
-10.01,1.389,CCTCACATCAACGTCC,S143L E432K,2,3
-10.01,4.167,AAAATAATTATAATGT,T248D W343* D415N,3,3
-10.01,4.167,AAATTGCATACGCAAT,R150D,1,1
-10.01,4.167,AACGCATGAGTGTTTC,N464E,1,1
-10.01,4.167,AATAACCTGAAAAGGG,A113V Q434S,2,2
-10.01,4.167,AATGAACACAACTCAG,W84T,1,1
-10.01,4.167,AATGCAGCTGAAAGTC,F87C,1,1
-10.01,4.167,ACCATTCAATCCATCA,G16R I478S,2,2
-10.01,4.167,ACGTTAAAATACTTAC,V36S,1,1
-10.01,4.167,CAACAGGTAAACATCT,K238D I502F,2,3
-10.01,4.167,CATACCGTAAGCCTGT,W350R N497-,2,2
-10.01,1.389,CCTGCACATGCCACGA,G249D,1,1
-10.01,4.167,TAACTAGCCATAACCT,S228V,1,1
-10.01,4.167,TCCCGGGAACACATTT,I51P K238M,2,2
-10.01,4.167,TCTGACCATAATTGCA,G200K F353D,2,2
-10.01,4.167,TTATATAAAGGATATA,P254L,1,1
-10.02,4.167,AAACGCAACAGAGGGT,W421A,1,1
-10.02,4.167,AACCATCCTACCAGGG,L71P,1,1
-10.02,4.167,AGTCAACATATACCAC,R255P,1,1
-10.02,4.167,ATCTCCACAATCACAA,Y351H,1,1
-10.02,4.167,TCCAGTCCCTATGGGG,L177H F392K,2,2
-10.02,4.167,TTATAGCTACAGTGAA,A373R,1,1
-10.02,4.167,AACAACTTTTCTTACC,Y308D,1,1
-10.02,4.167,AACCCCAACCTAGACT,Q295W,1,1
-10.02,4.167,AAGCCCCTCTGGATGT,W234E N341H,2,2
-10.02,4.167,ACAACTCATACCAATC,F125E,1,1
-10.02,4.167,ATAAAATGCTAATATA,V309K,1,1
-10.02,4.167,GTAATCGAACCATTCC,T155F E494K,2,2
-10.02,4.167,GTGCTAAACATCCATC,L151W,1,1
-10.02,4.167,TAATCATGAAACGACA,G303L,1,1
-10.02,4.167,TCAATGACACACCGCA,K292R A459E,2,2
-10.02,4.167,TTAACGTGGCCATTCT,D60I E494N,2,2
-10.02,1.389,CCTTAAATCATACAAA,C14P T206D,2,2
-10.02,4.167,AAATTTCATAATGAGT,L151Q,1,1
-10.02,4.167,AACCAGACAAACACTA,G337C F338L,2,2
-10.02,4.167,AGTGTCAGCCTATTAG,Y470A,1,1
-10.02,4.167,CAGTATTCCATCTACA,I469E,1,1
-10.02,4.167,CATCTCGCAGCTCACA,I481R,1,1
-10.02,4.167,CATTTCGGACGTTAAC,L15E L420H,2,2
-10.02,4.167,CCTACTCAGAACTTTC,S270Y,1,1
-10.02,4.167,CGCGCCTCTCCTCAAA,E340I,1,1
-10.02,4.167,CTGAACCCGGTAATTC,G134F I437W,2,2
-10.02,4.167,GGATATCTAGTCTTAA,N458Y,1,1
-10.02,4.167,TACAAATCTGCGTAGG,V309G,1,1
-10.02,4.167,TCAACAATATACACTA,A334P G345D,2,3
-10.02,4.167,TGGTTACTTAACTAAT,S107N L367P,2,2
-10.02,4.167,TTCAGAACCATCAAGG,E89N,1,1
-10.02,1.389,CAATAATCCGGTAGAA,,0,0
-10.03,4.167,ACTGTATTAACTAATT,L316K,1,2
-10.03,0.5953,ATGTACAATACACTCA,,0,0
-10.03,4.167,CATGAGCAGAACGCTG,V182I T203P P239T,3,3
-10.03,4.167,CCTATTACAGCACCTA,F500E,1,1
-10.03,4.167,CCTTGACTTAATAAAA,I478H,1,1
-10.03,4.167,CTCCTTAAGTCACATC,Q371P,1,1
-10.03,4.167,TAATAGAAGCCTTGCC,V130E,1,1
-10.03,4.167,TAATTGCCCTTGATTA,N170A C473T,2,2
-10.03,4.167,TATAAAATGTGTTTTG,G352E E443*,2,2
-10.03,4.167,TCCATGGGAGTATAGT,S247H,1,1
-10.03,4.167,TGCATAATACATAAAG,E123R,1,1
-10.03,4.167,TTTAATCAAGTAGGTC,R492V,1,1
-10.03,4.167,TTTTGCCCCAAATCAA,L86W L243I,2,3
-10.03,4.167,AAGCCCAACGCTTAAA,Q295I,1,2
-10.03,4.167,AATTTACCATAGATTT,F332T,1,1
-10.03,4.167,ACAAAGCATAAACTTT,I437S,1,1
-10.03,4.167,ACCAGTGTTAGCAATA,G342P,1,1
-10.03,4.167,AGAAGATCGACTCAGA,I288R R499K,2,2
-10.03,4.167,CAATAATTTCAAAGCC,G72V I260F,2,2
-10.03,0.5953,CCGGTAAAGACAATAC,A253R,1,1
-10.03,4.167,CGTTCAAATATAATTA,F174V H471F,2,2
-10.03,4.167,GATCGCAAACTTACCC,R499V,1,1
-10.03,4.167,GCCTAATTAACAATTC,D101N A459R,2,2
-10.03,4.167,GGACATTTCATCAAAA,H471E,1,1
-10.03,4.167,TACATACTATAAATAT,A334T,1,1
-10.03,4.167,TCTCCTGATCCTTAAA,E460F,1,1
-10.03,4.167,TGTCATAACTTAGGGT,I58A I481S,2,2
-10.03,1.389,TTCAGTGCTTACAGAC,L177R T187I,2,2
-10.03,1.389,CGAATAAACTTGAAAA,I335Y,1,1
-10.03,4.167,ATTTGCTAAGACAGTA,F294I,1,2
-10.03,4.167,CAAATGTCTCGTGACC,G319V,1,1
-10.03,4.167,CAGGTATTCATATATC,V102Q,1,1
-10.03,4.167,CTATATAAAAACCCAA,K310F F448G,2,2
-10.03,4.167,GAACTATACTGACAAT,C52E I267T,2,2
-10.03,4.167,GTCGAGGATGAAACCG,R150I W153M,2,2
-10.03,4.167,TAAACAATACCATATA,P284H S287Q,2,2
-10.03,4.167,TACATAAGAACAATCC,L66E P185H Q454H,3,3
-10.03,4.167,TCTTATAAGTCACAAA,V130H,1,1
-10.03,4.167,TTTAGCTTCCACTAGT,H17S S219V,2,2
-10.03,1.389,CATGCGTAAAAATAAA,Q454P,1,1
-10.03,1.389,GTTAAGCATATACACC,I58F,1,1
-10.04,4.167,AAGTTAAATCTTTAAA,S287P,1,1
-10.04,4.167,AGAATCACTATTACCT,H56N V88M F258P,3,3
-10.04,4.167,AGAGGCCAGTAACACT,Q1*,1,1
-10.04,4.167,CAAATTACTATGGATT,I232D,1,1
-10.04,4.167,CACTTTACTATAAAAA,A138V Q434N,2,2
-10.04,4.167,CATAACCACCTCAATA,E432V,1,1
-10.04,4.167,GTATCACAGACGACAG,E484P,1,1
-10.04,4.167,TGAGCTTCCACAATGA,L177S L384T Q394T,3,3
-10.04,1.389,CTCCAATAATAATTAA,N170D,1,1
-10.04,0.8334,ACGTCTTAGTAGAAGG,T28I Y100E,2,3
-10.04,0.463,CTGAATACACGGAATG,Y302D,1,1
-10.04,4.167,AAATTTAATACTATGT,C97N,1,1
-10.04,4.167,CATACACAATCCATTA,R90E,1,1
-10.04,4.167,TAGTAAATAACAACCA,C305R,1,1
-10.04,1.389,AAGCGAATACACAGGA,M444I I502Y,2,2
-10.04,4.167,AAGAACAACACACACT,N322C,1,1
-10.04,4.167,AATAAGATATATCAAA,T370H,1,1
-10.04,4.167,AATATTTATGAGAACA,R208V I335P,2,2
-10.04,4.167,ACCTGATAAGGAACAA,G256D,1,1
-10.04,4.167,ACGCTGTATCCACAAG,I377F,1,1
-10.04,1.389,ATCTCAATAACAAAAG,Y486D,1,1
-10.04,4.167,CGCAATTACAGGACCA,P306D,1,1
-10.04,4.167,CTAAGTCTCCTATCCA,K450P,1,2
-10.04,4.167,GAGATAATAATCAATA,I58Y G333V,2,2
-10.04,4.167,GAGCACTCTATCTACA,L118C E414N,2,2
-10.04,4.167,GATTGAACCAACGCAG,R229L L367P,2,2
-10.04,4.167,GGTCATAGCCATACAC,D487W,1,1
-10.04,4.167,TACATAATAAGACAAC,G256I D419N,2,2
-10.04,4.167,TTAGACTGAAACTTCA,Y308P,1,1
-10.04,1.389,TATTCAATACCAATGC,S9P R229N C305M,3,3
-10.04,0.8334,GCACATAGTCATAATA,L66P Q191A,2,2
-10.05,4.167,ACTCTAGTAAAGAATT,P74D,1,1
-10.05,4.167,CACCTTCATCTTTATG,S136G I502L,2,2
-10.05,4.167,CGCCTGTCAAAGTAAT,D101F C305Y,2,2
-10.05,4.167,CTATGTGTATTCAGGA,C473W,1,1
-10.05,4.167,CTATTATAAAGAACCT,V112Y,1,1
-10.05,4.167,GAACATACGATAAGAA,T436Y,1,1
-10.05,4.167,GAACTAAACTAGTTGC,C76L,1,1
-10.05,4.167,GAAGTTAAAAGACATT,L108D,1,1
-10.05,4.167,GACCTAATTATATAAG,A459S M462S,2,2
-10.05,1.389,GACTTATAAACAAATT,N152K,1,1
-10.05,4.167,TTCTGGATCATACGAG,H17E,1,1
-10.05,0.5953,AATGGCAAATAAGCCC,N22D G263S W343* R456K,4,4
-10.05,0.8334,CTTGTCGGATTTAGTC,C97K A459T,2,2
-10.05,1.389,TGCCTCAGAACCAAAA,W153A,1,1
-10.05,0.8334,CTTGACTTACCAATCA,D271N C466F,2,3
-10.05,1.389,CCCCCGGGACATCACT,N6I G360F,2,2
-10.05,4.167,AAGAATCAACAAAAAT,P169S L409P,2,2
-10.05,4.167,ATCCAACTCTGGCATT,M268G K453V,2,2
-10.05,4.167,CTCTTTCATATATACC,W343N,1,1
-10.05,4.167,TCATAGAGTATGGACA,A425P,1,1
-10.05,0.8334,CAGAGCAGTTTAAACA,F148T,1,1
-10.05,1.389,AAGGGCTCATTAAAAT,R499V,1,1
-10.05,4.167,AATTACACTTGATAGC,L177Q C277S T388Y,3,3
-10.05,1.389,ACCATCACTTCCTTGG,S422I L496A,2,2
-10.05,4.167,CACCGGAGAATTTGCA,C52W,1,1
-10.05,4.167,CCACTAAATTATACTT,G319I,1,1
-10.05,4.167,CTAATTTTGTAAGACA,L71Q,1,1
-10.05,4.167,CTCTCTACAAACTTCC,I288Y,1,1
-10.05,4.167,TAACTCTTTAACAACC,L157E L367P,2,2
-10.05,4.167,ATATTAGGTACATGAA,D241I,1,1
-10.05,4.167,ATCACAGTTTGTCGCG,Y308Q,1,1
-10.05,4.167,CTTATAATAATGAAAA,Q211Y C466R,2,2
-10.05,1.389,CTTCACGGATCGACGA,G256D N433M,2,3
-10.05,4.167,TACAGATCACTTTCGG,H471K,1,1
-10.05,4.167,TACATTGTTCTAACAG,V130F K503S,2,2
-10.05,4.167,TAGCTCGTATAGTATG,L86Q,1,1
-10.05,4.167,TATATTAGTCCAAAAG,L108V I267Q,2,2
-10.05,4.167,TCATCGGAAAAATAGG,L428D,1,1
-10.05,4.167,TTCAAAAACATTAAAA,C466F,1,1
-10.05,0.8334,ATAATAAGAGACCAAA,N357P,1,1
-10.06,0.463,GAGAAGCAAAATCTAC,G465D,1,1
-10.06,4.167,AAAGAGATCCAGTTTA,D375P,1,3
-10.06,4.167,AATACAGATTCCATAC,N31* P185C,2,2
-10.06,4.167,ACAAAAGTAACAGATT,L42F,1,1
-10.06,4.167,ACTCACACATGAAAAT,T203R G349E,2,2
-10.06,4.167,CCTTATAAGTATCTAC,G360P,1,1
-10.06,4.167,GAGTACACTGTGAACA,L15N,1,1
-10.06,4.167,TACTCTAAACCGAAAC,L409K,1,1
-10.06,4.167,TGCCACTATGTTATCT,N298K,1,1
-10.06,4.167,TTTAATAAAGAACATA,G256M,1,1
-10.06,1.389,GTGCGAAGACTAAATG,C281R S400D E460G,3,3
-10.06,1.389,TAGAAAAATACCTGAA,N322Y,1,1
-10.06,1.389,AAGAAAACTCTCATAT,T313P,1,1
-10.06,4.167,CATATGATATAATCTT,L243R,1,1
-10.06,4.167,CGTCTCCAATCCCCCT,W153T,1,1
-10.06,4.167,TAAAAAGCGGCATGTA,G23K P162H,2,2
-10.06,1.389,TACCTAAATCCAAAAT,T436D,1,2
-10.06,4.167,TTCGTTGTCACATCGT,W127* R329S,2,2
-10.06,1.389,ACCAGGATTCAAATAT,I469P,1,1
-10.06,1.389,GTGCACCTTGCCCAGT,S287M,1,1
-10.06,1.389,GTTAAGTGGTACGATG,A196F I331H,2,2
-10.06,4.167,ACACCAAACCAAAAAC,C97M,1,1
-10.06,4.167,ACCATCCTTGGATCCT,G286D,1,1
-10.06,4.167,ATACCAATATGATTAC,Q191S Y486F,2,2
-10.06,4.167,ATCTCAAATAATGATA,L431P Y470R,2,2
-10.06,4.167,CACACCACACCGATCC,R492G,1,1
-10.06,4.167,CCAACTGTGAGTACAG,M444T,1,1
-10.06,4.167,GTTTAAAGGATCAAAA,R307H C477I,2,2
-10.06,4.167,TAATCCTCATATCCAG,T235F,1,1
-10.06,4.167,TTAATGAAGCGATACA,N22Q D73H G362C,3,3
-10.06,0.8334,CCGTAGTATGTCACCA,P162Y A373N,2,2
-10.07,4.167,AATCGCGACCCTAAAA,M444Q,1,1
-10.07,4.167,ACGGACAGAAAGCCAC,G337M,1,1
-10.07,4.167,AGAAATTGTCATGAGA,A11K,1,1
-10.07,4.167,ATATATAACTTTTTCA,M320T,1,1
-10.07,4.167,CAATAAAATAGCACAC,E457K N483V,2,2
-10.07,4.167,CAGGTCTTAACGAGAA,G256T,1,1
-10.07,4.167,CCCAGTAAAGAAAGAC,A93T I232C A365M,3,3
-10.07,4.167,GATGACAAACAGATAC,C477V,1,1
-10.07,4.167,GTACCGGGTAGAGCCA,C64G E426Y,2,2
-10.07,1.389,TACTATCCTCAGAACT,V88K,1,1
-10.07,1.389,TCAGCTAATATAGGCT,C466I,1,1
-10.07,4.167,TGACACTCACTTTAAT,W234E,1,1
-10.07,1.389,TTAAAGAAAGGACATC,C466W,1,1
-10.07,1.389,CATTGATCTTCTTTTC,R329M,1,1
-10.07,1.389,CTAAGCAAAGGAAACT,L111P R299Q,2,2
-10.07,4.167,AAATTACATCAAATCT,G218D E340F,2,3
-10.07,4.167,AACGCTATAAAGTCGA,S137D D175Y,2,2
-10.07,4.167,AAGACACTCAATACCT,N458V,1,1
-10.07,4.167,CAAAATACAAATCTAG,Y178M,1,1
-10.07,4.167,CTATTCTCCTAAATTT,G337V,1,1
-10.07,4.167,GCAACCAATTATACAT,G349M,1,1
-10.07,4.167,GGGTAAAACCTTCATG,E403K W421K,2,2
-10.07,1.389,GGTACCTTTTTAAAAA,D73F,1,1
-10.07,4.167,TACAATATATGTGTAG,F500C,1,1
-10.07,4.167,TACATCATTCATGCCT,I260N D441H,2,2
-10.07,4.167,TACCATTTGAGTGACA,Y178M,1,1
-10.07,4.167,TCAACAGATACATTTT,S266D V297W,2,2
-10.07,4.167,TCAACCCTTTACACCC,C64V Q80* W350G,3,3
-10.07,1.389,TGAAAACTCATATAGC,I232N,1,1
-10.07,0.8334,GATATACTATTCAAAA,C97R Y351N,2,2
-10.07,1.389,TTAAGTAACACTGAAC,E432*,1,1
-10.07,4.167,ACGCTGTAGAATAACA,C97W K292A,2,2
-10.07,4.167,AGACGGACGGAAGTTT,E432R,1,1
-10.07,4.167,ATAACAACTGCTAAAC,I232T A430T,2,2
-10.07,4.167,ATGATAAGTTACAAGA,G181C,1,1
-10.07,4.167,CCAGCATCTCCATTCG,D186Y G286D Q295H,3,3
-10.07,4.167,GAAGGATAAGACTCAC,L42D,1,1
-10.07,4.167,GAGCTTAATTTATGCA,G319K,1,1
-10.07,4.167,GCTCTAAATTGTCAAT,N322T,1,1
-10.07,4.167,GTGCGTGAAAAATCAC,V26H,1,2
-10.07,4.167,TAAATAATCATCTACC,G218K P284L E390R E398Y,4,4
-10.07,4.167,TATGGATAACGAGGAT,A113P,1,1
-10.07,4.167,TCAGCCACTACTAACA,I202W,1,1
-10.07,4.167,TTAAACATCTCAGAAG,D375P,1,1
-10.07,4.167,TTTAAGGTTCTGTCTG,S136V,1,1
-10.08,4.167,AAATAATGGCGTAAAT,S270R,1,1
-10.08,4.167,AAGTAACTAAAAACAT,G256E,1,1
-10.08,4.167,AATAACAACCGAACGC,G134P W350*,2,3
-10.08,4.167,GAAGCCCGTTTCCAAA,F338R,1,1
-10.08,4.167,TACTCTCTTGCATCAA,D68W,1,1
-10.08,4.167,TCCAATAAAAAAATAA,I288R,1,1
-10.08,4.167,TCTTTAAGAAACTTGA,C64G I377S,2,2
-10.08,4.167,TTAATGTCGAAGTTAT,L118K,1,1
-10.08,4.167,TTCAACAAGAAACGTC,I335N,1,2
-10.08,1.389,TCTGTACATGCCACTC,K310D E398K,2,2
-10.08,0.8334,TCCATTAGCCATTGCT,Y486N,1,1
-10.08,4.167,AAGCAAAATAATATAA,F120V,1,1
-10.08,4.167,ACACATATGAACACTT,H355E,1,1
-10.08,4.167,ACCCTATGTACGACTT,G303P,1,1
-10.08,4.167,ACGAATACACACACGT,Q164H G330S,2,2
-10.08,4.167,AGGAAACTAGACAGAT,G465T,1,1
-10.08,4.167,ATATATTCTATTAAGG,L66C G349D,2,2
-10.08,4.167,CAGCGTTTTCATACCA,I288G,1,1
-10.08,4.167,CCATATTTGCGAAAAC,C97D,1,2
-10.08,4.167,GAAGGCCACGAACCGC,A19Q A163Y E396G,3,3
-10.08,4.167,TTCCAATCTTCCCACA,A459S N464H,2,2
-10.08,0.8334,GCTATATACAACCACA,L316K,1,1
-10.08,1.389,TATCCTACCAAACAAC,G61Q,1,1
-10.08,1.389,AGACTGTTACGTGACA,V36G,1,1
-10.08,1.389,GGTCCACCCACCTTCT,N322H,1,1
-10.08,4.167,AATGACCGAAAACTTT,C305M,1,1
-10.08,4.167,ATTCGATAACCTGACG,G116L,1,1
-10.08,4.167,CAAACCCAGGGAGCCT,P254H,1,1
-10.08,4.167,CAATCAAAGAGACGAT,L66Q E325M,2,4
-10.08,4.167,CTGCTATCGCTTAGAG,L71Y G333D H355R,3,3
-10.08,4.167,CTTGAAAATAATGGGT,G249R,1,1
-10.08,4.167,TATATATAAAACACGA,S193G C466T,2,2
-10.08,1.389,AGTTATCAAAGACACC,S369F Q454K,2,2
-10.08,1.389,GAGGCCTATAAAACAT,K176M,1,1
-10.08,4.167,AAAGTTCAGCCAGTTT,R109Q V204D,2,2
-10.08,4.167,AATCAACAAGTTCTCA,L118E,1,1
-10.08,4.167,CATTGGGTTCAGTATT,E340W,1,1
-10.08,4.167,GATACGCCCAATTATA,I67H D225H,2,2
-10.08,4.167,GTAACCACATTCTTAA,G342Q,1,1
-10.08,4.167,TAATAGAGTTCAAATT,Y98H A317S,2,2
-10.08,4.167,TTTGTCCAACTGTCCA,W350N,1,1
-10.09,0.463,CAAATTATGGTTTTAT,C473T,1,1
-10.09,4.167,ATATAAAATATTAAAC,R109F,1,1
-10.09,4.167,ATTGATCAAAATGGGA,C97S,1,1
-10.09,4.167,CTATGATATGGAGGAC,,0,0
-10.09,4.167,TAAAAAAAACCAAAGT,T235P,1,1
-10.09,4.167,TAAGCTCGCTCCTTCA,E325K A364G,2,2
-10.09,4.167,TCATACATAATTTTCC,F258P,1,1
-10.09,1.389,GTGATACACTACATAC,I437G,1,1
-10.09,0.8334,AGAACATACCGAGAGC,L447Q,1,1
-10.09,4.167,AAAACATTTTGAAAAT,N22S T28A I29V I34V H488P,5,7
-10.09,4.167,AGCGATATCTCTCCTT,V166W E460I,2,2
-10.09,4.167,CAAATAACCCGGGCTG,I252Y,1,1
-10.09,4.167,CATTCAGTGACAGTGA,G218S S266K T283V L381G V402T,5,5
-10.09,4.167,CGCCAATAGATTCTAC,N341P,1,1
-10.09,4.167,TTCAACCATGTATGCC,L86M E123* I242T,3,3
-10.09,1.389,TTCCCTAATTCAAAGA,L108S,1,1
-10.09,4.167,TTTCTACAGATTAACC,T117R G303D,2,2
-10.09,0.8334,TACAACCCCTGAACCA,I252N W350V,2,3
-10.09,1.389,AGTTACCGGGTCTAAC,C473N,1,1
-10.09,1.389,TGCAGCTTCTCTCTTA,N152R G345M,2,2
-10.09,4.167,AAATTGATGCTTAGTA,I502N,1,1
-10.09,4.167,AACCCGGCGCACCAAC,W421S,1,1
-10.09,4.167,AATATTAAATAGAACC,V102G,1,1
-10.09,4.167,ATAATCTAGTATACTA,D348K,1,1
-10.09,4.167,ATACAAGCATACGTAA,A19* T30S S378R,3,3
-10.09,4.167,CGTTTGTAAAACGTGC,W350S,1,1
-10.09,4.167,CTACCGAATAAATTTC,S231P,1,1
-10.09,4.167,CTAGCCGGATCTCGTC,Y308P A425D,2,2
-10.09,4.167,GACCAAATTATTAGCA,N341T G349R,2,2
-10.09,4.167,TTCATAAAAAATATGA,S136N,1,2
-10.09,4.167,TTTCTACAAAAGCGCA,G256L,1,1
-10.09,4.167,TTTTGAATCATGACAT,L496D,1,1
-10.1,4.167,AATTGTAATCAGAAGA,Y491G,1,1
-10.1,4.167,AGATATAGGTCGGTAA,A11*,1,1
-10.1,4.167,ATGAGCCAGACAACAC,I230H,1,1
-10.1,4.167,ATGCATGTGTCGTCTG,V88D D419T,2,2
-10.1,4.167,CACCAATAAAACAAGC,E35*,1,1
-10.1,4.167,CATCTAAATCCATACT,A39E,1,1
-10.1,4.167,CGTACGCGACACTCTT,W343* A364P,2,2
-10.1,4.167,GCACCAACCTCTTTAT,W350G,1,1
-10.1,4.167,GTGGTTACCTGAACTA,G352N,1,1
-10.1,4.167,TAAAAAATCATGCAAG,G72Y,1,1
-10.1,4.167,TCACACTGGAGGGGAC,T370V D415A,2,2
-10.1,0.5953,TATCACGCAAAATAAC,A113W,1,1
-10.1,1.389,CATCACTTTTAGGAAT,G330K,1,1
-10.1,4.167,CCAAAGCTAGGGTATC,G345L,1,1
-10.1,4.167,GAAACGGGTTGTACTC,G465I,1,1
-10.1,4.167,GTACTTATCAAACAGC,N8C I51T S193F,3,3
-10.1,4.167,GTCTACAAATCATAAT,M320V,1,1
-10.1,1.389,TAATTCCAAGTTTCTG,A495K,1,1
-10.1,4.167,TACCAGCGAATTCTAA,A163S L177G T283Y K387L K391*,5,5
-10.1,4.167,TTACGCTATATGGTAA,Y491R,1,1
-10.1,1.389,GAGAGAAAAGGATTAT,,0,0
-10.1,4.167,ACAATACAGCTGACTA,G23* D225W,2,3
-10.1,4.167,ACTAATAGATTCAACT,E41N G61D,2,2
-10.1,4.167,ATAAAGAACGGGGAGT,K176Q L431P,2,2
-10.1,4.167,CAAGAATTACATAAAA,C64T I245M,2,3
-10.1,4.167,TCAATCCAGGTCTCCG,I217N,1,1
-10.1,4.167,TGTCCGACTCTAAACA,G249H,1,1
-10.11,4.167,ACAAAACTCTAATATA,V43H,1,1
-10.11,4.167,ACTTATTTTAAGGGAA,E41K W350S,2,2
-10.11,4.167,ATCCTTAACACCGAAT,P103L T485G,2,2
-10.11,4.167,CCCCTAATCGAGACGG,I335E,1,1
-10.11,4.167,GGAATCAATTAAGAAT,C64D G333D,2,2
-10.11,4.167,GGACACTCGCACCCTG,M320W,1,1
-10.11,4.167,TACAAAACTACACAAC,I230K,1,1
-10.11,4.167,TCAGGTATATAATTAA,C52L N483M,2,3
-10.11,4.167,TGATAGACCTCAGGGA,Y486S,1,1
-10.11,4.167,TTGTAATCCCTAATTG,P185D,1,2
-10.11,0.8334,TACTATACACTTTTTA,L409P,1,1
-10.11,1.389,CAGTCTACCCTTCAAA,F125K E410K,2,2
-10.11,0.8334,CTGTGAACGAGACCTA,S144D N458D,2,2
-10.11,1.389,ACTTTGATCACCCTAA,V26E L177S A272P L381E H393T,5,5
-10.11,4.167,ATACCAGATAATACCA,I3* G5C,2,2
-10.11,4.167,CAAGGATTATGTCTCG,G303V,1,1
-10.11,4.167,CATGACTAAAATAGGG,I288N,1,1
-10.11,4.167,CGGAAAAGAAAAAAAA,N285G C477Y,2,2
-10.11,4.167,GGGCTACCACATACAA,F258Q,1,1
-10.11,4.167,TGAAGTTCTTTAGGAT,N133R L409R,2,2
-10.11,4.167,TTTACTTAGATTAGAC,N63C Q295R G465E H488D,4,4
-10.11,1.389,TAATTACCACTACCAA,L243P,1,2
-10.11,4.167,AAACAGTATTTGGCTT,L177Q,1,1
-10.11,4.167,ACTACCCTTAATACGT,A196W N458M,2,2
-10.11,4.167,CAATGGTTGACTCTCT,N170L,1,1
-10.11,4.167,CAGACACAGTGTTACC,V237P,1,1
-10.11,4.167,CCACTAACGCGGGACA,N458M,1,1
-10.11,4.167,GAAATAGACAGGCCCG,G337V,1,1
-10.11,1.389,GAACATGACATACAAC,W234P,1,1
-10.11,4.167,GGATAAGCTTCTATAA,N424R,1,1
-10.11,4.167,GTGCCATCAAAGTCAT,T135A D419W,2,2
-10.11,4.167,TACATAACAAAATTAC,G303E,1,1
-10.11,4.167,TAGATGATTAATTCGA,L177S L384W,2,2
-10.11,4.167,TGGTTATTTACGATTG,I282W G303A,2,2
-10.11,1.389,AGTAACGAAAACCCCA,R492Q,1,1
-10.11,4.167,ATAATAAGGAATACGA,L86P,1,2
-10.11,4.167,CAGGTATTCATATTAT,A113Y I242V T436S,3,3
-10.11,4.167,CATAAAGACTGGCACA,C97M,1,1
-10.11,4.167,CATCCCCTGATACCAA,Y257P,1,1
-10.11,4.167,GATTAAGCACAAATCA,G116F,1,1
-10.11,4.167,TAAAAAGGTGGGTCAA,F87Q S219F,2,2
-10.11,4.167,TGTTAAAAATCACGCG,R261L C277G,2,2
-10.12,1.389,AACACTGATCAATTCT,P306L,1,1
-10.12,4.167,AATGAAACCAAACGGT,L251P D348G,2,2
-10.12,4.167,CAAATGTGCCCACCCT,P254F,1,1
-10.12,4.167,GCACAAGATACTTTTC,C52W T65N,2,2
-10.12,4.167,GCTAAGATGGTCAATT,N322T Q327* G386I,3,3
-10.12,4.167,GTATAATGGCCCCTCT,I469W,1,1
-10.12,4.167,TAAGGTGAGGCATTTT,A495F,1,3
-10.12,1.389,AGTAACAGAATCATAA,E359K D419T,2,2
-10.12,4.167,ACCAGAGATTGGAAAC,G303C,1,1
-10.12,4.167,ATACTGATACAAGGTC,K27C T235K,2,2
-10.12,1.389,CAAAATCTGGATATGG,C76H L111P,2,2
-10.12,4.167,CTTCACATCACTCCAA,V237D,1,1
-10.12,4.167,GATTCAAATTCCATAC,C281H E410K,2,2
-10.12,4.167,GGTTTGTTATTTTAAA,E41A K140N,2,2
-10.12,4.167,GTTGATAAAACAAAGT,Q211K G465T,2,2
-10.12,4.167,TAACGCAATCCACATT,A69S G337S,2,2
-10.12,4.167,TATTTCACATTTATAT,V88S,1,1
-10.12,4.167,TCGGTTGTCCATGCCC,I339H,1,1
-10.12,4.167,AAACCGCTGCTCTCAC,L409P N497F,2,2
-10.12,4.167,ACTTTTCATCACACAT,I29*,1,1
-10.12,4.167,CTAATCATAAGCAGTA,V413D,1,1
-10.12,4.167,CTTTACCGATTGGCCC,M320D,1,1
-10.12,4.167,GGCGTCTCTCGAAATA,N298E E457K,2,2
-10.12,4.167,GGTGAACATAGCTGCC,D366S G465E,2,2
-10.12,4.167,TAAATCATTCGTGTTA,Y486K,1,1
-10.12,1.389,TTTAACGTTAAAACAA,C139Y N458D Q501*,3,3
-10.13,1.389,GACACCGACATTCCCC,Q295L,1,1
-10.13,1.389,TACCAACAAAATGCCA,I437H,1,1
-10.13,4.167,CAACTTGCGCACGTCA,R150H G256L,2,2
-10.13,4.167,CTCAATTTTCGCCAAT,D366M,1,1
-10.13,4.167,CTCACAATATGGTGTT,C76D,1,1
-10.13,4.167,GACGAAACCCAACCAT,L71S,1,1
-10.13,4.167,TAATGTTAAGAAAACT,P185W,1,1
-10.13,4.167,TGCAAAAGCGAGATAG,L251V Y302R,2,2
-10.13,4.167,TTCCAAAAAAAAACTG,I48P L409P,2,2
-10.13,1.389,AATAGGGTAAACAAAA,I377N,1,1
-10.13,1.389,AATGAAAGATAAGTTC,G337F,1,1
-10.13,1.389,ATCTCCAGTACAACTG,F338Q,1,1
-10.13,4.167,AAAACATTCAGTTTCG,N246W,1,2
-10.13,0.8334,AAATAGCAAATACCAC,L151E,1,1
-10.13,4.167,CAACTGAATCATATAT,G345I R405Q,2,2
-10.13,4.167,CAGTTCACAACCTTAA,Y257I,1,1
-10.13,4.167,CCGCTTGGGTCAAAGA,C477H,1,1
-10.13,4.167,CTACGGAACTAATGCC,W350S,1,1
-10.13,4.167,CTCCACTACAGCTCCA,R456E,1,1
-10.13,4.167,GAAAAGTTTGAAAACA,K27D F338N,2,2
-10.13,4.167,GCGATGGTAACTTCCA,N424H,1,1
-10.13,4.167,TAATATATTTATCCCA,A11R Y302R,2,2
-10.13,4.167,TCATCCATATAATAGA,W84R,1,1
-10.13,4.167,TTAATAGGATCACTTG,Y98A,1,1
-10.13,1.389,TATTACCACAAGAATT,I282D,1,1
-10.13,4.167,AAGACCCCCTACGCAG,H355G,1,1
-10.13,4.167,CCATTTGCGTGCACTA,Y486K,1,1
-10.13,4.167,GGATACACCATTATTC,G256Q,1,1
-10.13,4.167,GTAACATATATCCAAA,V36W,1,2
-10.13,4.167,TACTACAGAAATAATT,W350E,1,1
-10.13,1.389,ATATAATTCTACCGGG,C64V N464A,2,2
-10.13,1.389,CAACCACCGAAGTAAA,,0,0
-10.13,1.389,TCATATGTCTAACGAT,L177P,1,2
-10.14,4.167,AAATATATGACGATCC,V130S P221N,2,2
-10.14,4.167,AAGTGCGAATTAACAT,Y351R,1,1
-10.14,4.167,ACAATGCTCCCTTACC,T37D,1,1
-10.14,4.167,AGAATATAAATACCAA,E426R,1,1
-10.14,4.167,CTAATAGAACACTACT,I3V G337W,2,2
-10.14,4.167,CTCGCTATCGCCGTAC,P185K,1,1
-10.14,4.167,TAACAAATGCATGCCC,Y257T,1,1
-10.14,4.167,TAAGACAACCATTGGT,S422R,1,1
-10.14,1.389,TATTTCATTCAACTAC,C281S I385S,2,2
-10.14,4.167,AAGCTAGACCATCTAG,F332K I502- K503-,3,3
-10.14,4.167,ATACAATCCCCTACTC,C52M R307H,2,2
-10.14,4.167,CAAGTTGGGCCTATAC,K453E,1,1
-10.14,4.167,CATTTAAAACACAAAT,C52V,1,1
-10.14,4.167,CCCGCCGAACTTTAAA,N152W,1,1
-10.14,1.389,CCGGGAGGAAGAAGTA,C52H C466H,2,2
-10.14,4.167,GTGTCTATCGAATATA,W234D,1,1
-10.14,1.389,TACTGACACGAGTATA,E432K,1,1
-10.14,4.167,TATTTACGAGCCGATC,P254D,1,1
-10.14,4.167,TCCCAGATCGTATTTA,Y257N,1,1
-10.14,4.167,TTCGAAGCGAAATAAA,G286K,1,1
-10.14,4.167,AACAGGAAATTTAAAT,A495T,1,1
-10.14,4.167,ACCTTCATTTTATAAC,Y491I,1,1
-10.14,4.167,CAATAAACCAGGATAT,Q311C E457K,2,2
-10.14,4.167,CCGGTTACAACAATTT,N133I D461A,2,2
-10.14,4.167,CGAAACATATCCGACC,I232A,1,1
-10.14,4.167,CTAAAAGTATCGAGAT,P4V Q80R C139*,3,3
-10.14,4.167,CTTTAGAAAACTGGAT,R492G,1,1
-10.14,4.167,GAGAGAACGGTCATAT,L86K Q376D,2,2
-10.14,4.167,GCCACAGATAAACGCA,S146P,1,1
-10.14,4.167,GGTAAATTCTCCAAAA,I29* E398G,2,2
-10.14,4.167,TAAAATCGTCCAAACT,L108P S143I I214E,3,3
-10.14,1.389,TACCTCCTTATAGACC,N170C,1,1
-10.14,4.167,TACTGGAACAAATTCA,G342V,1,1
-10.14,4.167,TCCAAAAATCTGAACA,T28P G249I,2,2
-10.14,4.167,AATATGGGTGTGTGTT,Q211F F294R,2,2
-10.14,4.167,ACTAATACAATGCCAC,E359S L431M,2,2
-10.14,4.167,AGAATGAAAATAAGGA,R90M,1,1
-10.14,4.167,CAACAAAGAAGTCATA,E410K F467S,2,2
-10.14,4.167,CACGCAACCGAAGTGT,K176N E401K,2,2
-10.14,4.167,GCTAAGATAATGAATA,L70H,1,1
-10.14,4.167,TAATTTTTATCAACTA,V102K,1,1
-10.14,4.167,TTAATAACAGATTCAA,T451W,1,1
-10.15,4.167,AATACTCTCGCCAACG,N190F,1,1
-10.15,4.167,AATATTAAAACAAATA,F448T,1,1
-10.15,4.167,AATCAATAAAAGAGTA,G61H,1,1
-10.15,4.167,AATGACAGAGCTAAAG,C14D,1,1
-10.15,4.167,ACTAAACACTAATCAC,A365H,1,1
-10.15,4.167,ATTGAAGCGCTAGTTC,C76W,1,1
-10.15,4.167,CAACTACAAAAAAAGA,E123L K264E,2,2
-10.15,4.167,CAGTTTGCAAAGTCAA,Y178H D438H,2,2
-10.15,4.167,CTAAAATTCCGAAGCG,I232Q,1,1
-10.15,4.167,GTTGTTACGATAACAC,G249M,1,1
-10.15,4.167,TAATTATATCTTAGAA,I282E,1,1
-10.15,0.8334,AGAGGAGATGTACTTT,F500T,1,1
-10.15,1.389,ATCAACAGTGACATTC,G142V L316R G330D,3,4
-10.15,0.8334,AACCATTCCGCAACTC,Q57V I230Y,2,2
-10.15,0.3205,TGATTCAGTGATAACA,S287D,1,1
-10.15,4.167,AGTAACCTCTCATATC,P324T,1,1
-10.15,4.167,CAATTGACCATTTTCT,D60G L108E,2,2
-10.15,4.167,TACCAAACCAAATCAA,A495Q,1,1
-10.15,4.167,TCAAAAAATAGCCCTA,E41H,1,1
-10.15,4.167,TCTATAATAGTTACAA,I339Y,1,1
-10.15,1.389,GTTATGATCGAAAGCT,F148A,1,1
-10.15,4.167,ACACATTATCATCCCA,Y351A,1,1
-10.15,4.167,CGCAGAAAAATTGAAG,N152S V237A,2,2
-10.15,4.167,GCCTAACTTTACGACA,I377D,1,1
-10.15,4.167,TGAACGTATCGCAACA,G319W C477*,2,2
-10.15,4.167,TGTGTCCAATAGAAAT,W350H,1,1
-10.15,4.167,TTAACCCTAAGATGAA,A495W,1,1
-10.15,1.389,ACGCATTAGACTATAC,E414P,1,1
-10.16,4.167,AATGAAACATTCAAAA,E123N,1,1
-10.16,4.167,ATATCAAATGCACCCC,G181Q,1,1
-10.16,4.167,CCAGAATGAATTTTAC,W343V E398K,2,2
-10.16,4.167,CGTCATCAGACAAATA,E432R,1,1
-10.16,4.167,GATAACCACGGAAGAG,I469R,1,1
-10.16,4.167,TAGAAGTCAATGAACG,I252S,1,1
-10.16,4.167,TTAACTTTAACGAGCA,R499L,1,1
-10.16,1.389,GAAAACATTAGTCGTT,L13R C473K,2,2
-10.16,4.167,AATCATGATATCCAGC,L243P Y257A,2,2
-10.16,4.167,ACTATTATCAATGACC,Y233I D461C,2,2
-10.16,4.167,CTTCTCGCCCAAGTGA,G286E,1,1
-10.16,4.167,TAGTAATGTGGATAGT,L13H,1,1
-10.16,4.167,TATTCTTGATCAATAA,W153V,1,1
-10.16,4.167,TCTGGCCCACCTACGT,D60I V182A P221H,3,3
-10.16,4.167,TTTATGATAACTTCAA,S205P E426K,2,2
-10.16,1.389,AAAAAACTGACATCCC,W343H,1,1
-10.16,1.389,AGTATTATCAAATATT,L151Q,1,1
-10.16,4.167,AATTTAAAATCGTGGA,L108E,1,1
-10.16,4.167,CTAACTACGAGGACAG,G116T,1,1
-10.16,4.167,GATGATTATCTAACAA,T283P V402Q,2,3
-10.16,1.389,TAAAACTCACGGTCAC,K121G G129V R405G,3,3
-10.16,4.167,TACCAATATACCAATT,Y302G,1,1
-10.16,4.167,TAGAAATTTCATTCCC,A253M,1,1
-10.16,4.167,TTGTACCGAAACAATT,Y257D,1,1
-10.16,1.389,TATCATATATAGGCTA,E410K E443K R482K Y486V,4,4
-10.16,1.389,TGAAGAACCCAAAGTT,L86A W421V A495T,3,3
-10.16,0.5953,ACGCATACTGTAGAAA,,0,0
-10.16,1.389,AGATATTACCGCGAAA,S9W W127R,2,2
-10.16,4.167,GGACGGTACATAGTGA,E89S N298T,2,2
-10.16,4.167,GTAAATACGGTCGGAT,Y486W,1,1
-10.16,4.167,TCCTCCCAGATCCCTA,I232G,1,1
-10.16,4.167,TTAATTTCCAACATTG,L15D,1,1
-10.17,4.167,AAAATTTCAGGATGAT,I232K D415N,2,3
-10.17,4.167,AAGGTCTGTGCTAAAA,N246S,1,1
-10.17,1.389,ACAATAACATACTATA,E460H,1,1
-10.17,4.167,ACATGAGCTAATAAAA,L118P F174V,2,2
-10.17,4.167,ACGTATCTCAAATTCA,C52Q Q363A,2,3
-10.17,4.167,TAAACCTACTAAAAAC,C466H,1,1
-10.17,4.167,TATAGATTTTATATAC,T440V,1,1
-10.17,4.167,TTAAATACCTTTTTTT,Y178L,1,1
-10.17,1.389,GTATGTGCTTGGTATA,A39D S228G,2,2
-10.17,4.167,AAAGTAAGACCGTTAA,E123W F195N,2,2
-10.17,4.167,AAATACATGTCACAAT,L108T,1,1
-10.17,4.167,AGTAACTCATCCGGAA,F147A G337A,2,2
-10.17,4.167,ATCAGGCTTCAAGCGG,G342T,1,1
-10.17,4.167,CGAAAATCCTAATACA,N433I,1,1
-10.17,4.167,CGACAAATCGTACGGG,W180N,1,1
-10.17,1.389,CTTTCATCTTTTAAAA,V237P,1,1
-10.17,4.167,TACCACCTATTATTCT,N250W,1,1
-10.17,4.167,TAGCAAAAAAATTCAT,W343D,1,1
-10.17,4.167,TTAGCTAAAGCTAATT,V36Q H393I,2,2
-10.17,4.167,TTCTTAACTCTCAGAC,P254L,1,1
-10.17,4.167,TTGAGGCGCTCCGTCT,N170W,1,1
-10.17,0.8334,ATCATGTAAATAACCA,F258D,1,1
-10.17,1.389,AAAACCTCTCCGCGAA,S54I Y178R,2,3
-10.17,4.167,AACATAGACCAAGAAT,Y257R,1,1
-10.17,4.167,CAACACGTCTCGTATC,E123I V309F,2,2
-10.17,4.167,CCTATCAATCACTTTT,Y98A,1,1
-10.17,4.167,CGGATGTTCTCATTCC,E344K L381A E396M,3,3
-10.17,4.167,CGGTAAACTACCTTTA,P284R V297R,2,2
-10.17,4.167,CTCCCATTGTCACCGT,M444K,1,1
-10.17,4.167,GCTGGAAGGAAATATT,G330I,1,1
-10.17,4.167,TAGAGAAGAAAGTTAG,G345C,1,1
-10.17,1.389,TCAAGTCCGGATCATC,G116I,1,1
-10.17,4.167,TGCATTAAACATGACA,T388I I437W,2,2
-10.17,1.389,GGCAACGTCGATACAT,V182Y N458W,2,2
-10.18,4.167,AAAGCCTACAAAGCAA,C277H,1,1
-10.18,4.167,ACCAATACCAGGAGTA,I502R,1,1
-10.18,4.167,ATCTTGTAGAAATTGA,A365E,1,1
-10.18,4.167,ATTCCAACTAATTAAA,R261L P293N Q394S,3,3
-10.18,4.167,CAAATCCCTGTACCTT,S156I I226L,2,2
-10.18,4.167,CTTTGAGATAAATCCA,A495W,1,1
-10.18,4.167,TACATATTAGAACTGC,G345W,1,1
-10.18,4.167,AAACTTTGACGTGTCA,D60R,1,1
-10.18,4.167,AATTAAGCTTAATGGT,L108Y,1,1
-10.18,4.167,AGATACACGTCAGTTA,C52F T128R I331F E457K,4,4
-10.18,4.167,AGGCATATTAGCAAGA,C52Q,1,1
-10.18,4.167,TGGAAAAGGTACTAAA,L154S,1,1
-10.18,0.463,TGCCTTTAAAAAACCA,W127* Q356T,2,2
-10.18,4.167,AACGGTTGCGAGAACA,I51K,1,1
-10.18,4.167,CCATGATAGATCTATC,L177N Y257W,2,2
-10.18,4.167,CGCAATTAGACAACCT,P103L R482P,2,2
-10.18,4.167,GGACCAAGCAAATTTA,A253V,1,1
-10.18,4.167,TTTATGTATCATAATG,I232P,1,1
-10.18,1.389,GCGATGATTTTTCGTT,L15R,1,1
-10.18,4.167,ACACTCGAAACATCAT,C139F,1,1
-10.18,1.389,ATAACTTAATATGTTC,C473P,1,1
-10.18,4.167,CTTTATTCTTAAGAGC,W350G,1,1
-10.18,4.167,GTCACATATCCAATAC,Y98G,1,1
-10.18,4.167,TATCCTTTGTAATAAA,W350N,1,1
-10.18,4.167,TATGAGGCTCGAACAA,Q132R T440I,2,2
-10.18,4.167,TTATCTACAAAAATAC,D225P,1,1
-10.18,1.389,ATGATCAAACCAAAAA,E89H,1,1
-10.19,0.8334,GTCCATACCATACAGA,A19Q S193N,2,2
-10.19,4.167,AAACCTTTCCCGAAAT,C52W,1,1
-10.19,4.167,AAGAGTTATTTAGAGT,G249E,1,1
-10.19,4.167,ACCGAGGATACGCTGG,R109H K452N,2,2
-10.19,4.167,CTCCGAGCCCTTCGAT,N170M K368N,2,2
-10.19,4.167,GAAAGAACATCAAAAG,A459Y,1,1
-10.19,4.167,GAATAAAAATCAAAGC,G303L E410K,2,2
-10.19,4.167,GTCGAACTTTTATCTA,N433V,1,1
-10.19,4.167,TAAAGGCTCCTACTAT,Y178C,1,1
-10.19,4.167,TTAACAATACAAACAG,F332W,1,1
-10.19,4.167,TTAGCGGCCTGATGAC,I230P,1,1
-10.19,4.167,TTTTAGGTGTAAAGTA,C473V,1,2
-10.19,1.389,TGATCGATTACTAAGA,I245Q,1,1
-10.19,1.389,CCCTCAAATGTACGAC,C305Y,1,1
-10.19,0.463,AGTGAAACCAAGATCA,F258C,1,1
-10.19,4.167,ATCATAACGTCCGCTT,S287Y,1,1
-10.19,4.167,CAACCAGAAAAAGTAA,T65P C473Y,2,2
-10.19,4.167,CTCAAAATCTTATCAA,S136W I418L,2,2
-10.19,4.167,GAACGCGAAACGCACA,L431P,1,1
-10.19,4.167,GAGACGGGCTATTTTC,M268E,1,1
-10.19,4.167,GAGCACTGGATAGAAT,G72V,1,2
-10.19,1.389,GATCTAATAAATAGTG,R224I F294K,2,2
-10.19,4.167,GTCCTAGCTCGACCAC,Y412G,1,1
-10.19,4.167,TAAAGCATAAGGAAGT,V26L,1,1
-10.19,4.167,TTTTGACATCGGAAAA,I67N,1,1
-10.19,1.389,TGTGGAGATTGGGCTG,A113D,1,1
-10.19,4.167,AAGTATTATATTACAA,D32I C97Y,2,2
-10.19,4.167,AATTAATTATGAGCCT,R261G P284R V297T R321Q,4,4
-10.19,4.167,ACTCATCGTAATTTCA,E403K V429F,2,2
-10.19,4.167,AGACTAATAAGCAATG,L455G,1,2
-10.19,4.167,CAATGACCGAAATCAC,K176* G379A G386V,3,3
-10.19,4.167,CGCAAAGATCAGAGGC,E432R,1,1
-10.19,4.167,CTATATCGAAATAGAC,L409D,1,1
-10.19,4.167,CTGCTGAATTGTATTA,Y351Q,1,1
-10.19,4.167,GAAAAAACCTATCTAA,W127T,1,1
-10.19,4.167,GACGCAGACTTCTTGC,G23W,1,1
-10.19,4.167,GGTAGCTATTCTAATC,F294C,1,1
-10.19,4.167,TAATAGATAATGTAGC,T451D,1,1
-10.19,4.167,TTACATTTACATCCAA,D68K,1,1
-10.19,4.167,TTAGGACCTGAATTGA,M320A,1,1
-10.19,4.167,TTATAACTACAGAAAG,K176P,1,1
-10.19,4.167,TTATCATGCCATTACC,C466H,1,1
-10.19,4.167,TTTCGATGTAACGTCA,K176H,1,1
-10.2,4.167,AAACCCAAAAACTACA,L15*,1,1
-10.2,4.167,AGAAAACATTAACGAG,E426S,1,1
-10.2,4.167,ATCCCATAAGGATCCA,N433W,1,1
-10.2,4.167,ATGCAGCCTATCAACC,C52D,1,1
-10.2,4.167,CAAATCGACACATTGA,I335E,1,1
-10.2,4.167,CGCGATACATCAAATG,C466K,1,1
-10.2,4.167,TATACAGACCAAGGTA,M444T E449D,2,2
-10.2,4.167,TCAAAACAGAATATCA,M320H,1,1
-10.2,4.167,TCACCTCCCAACCCAC,R269* K276P E359H,3,3
-10.2,4.167,AAAACCAAGTTGCTAC,I179P,1,1
-10.2,4.167,AAGGAAGAGTTCGTCT,G49K L108H,2,4
-10.2,4.167,AATAAGACGTACAAGA,I260E C473V,2,2
-10.2,4.167,ACTTAAAGACAAACCC,E123T,1,2
-10.2,1.389,AGAAAATGCAAGATCT,G181Y A425D,2,2
-10.2,4.167,ATATTTTACACACCGC,E123Q G465E,2,2
-10.2,4.167,CAACTATCGACGAGTA,Q132F I374P,2,2
-10.2,4.167,CTAATGCACCTAATTT,K446R H471C,2,2
-10.2,4.167,TAAGATAGGCCAGACA,S279P,1,2
-10.2,4.167,TGCTTTAACAAGATAC,V213C I481N,2,2
-10.2,4.167,AGATGTACACCAACGC,Q363*,1,1
-10.2,4.167,AGTTGACCAAAGCCAA,L455A,1,2
-10.2,4.167,ATATGAATTACACCTA,G134K V429E,2,2
-10.2,4.167,GCTATGTTCCAGTAAC,C466R,1,1
-10.2,1.389,GGATTTGAACATACCT,D375P,1,1
-10.2,4.167,TCTCCAACCAGAGGTA,G319E,1,1
-10.2,1.389,CAGTACAAAGTATTAC,M320I E344K N357Q,3,3
-10.2,4.167,AAATGTCCGTAACAAA,G61R,1,1
-10.2,4.167,AATCATTTATTGGAGT,N190W,1,1
-10.2,0.8333,ACAAAAACCTACAATA,C139I,1,1
-10.2,4.167,ATAAACCGAAAACTGA,C52F L420A,2,2
-10.2,4.167,ATCAGACATTAATTTA,W84R M268P,2,2
-10.2,4.167,ATCTCAGAAATGCCAA,S46Y N424W,2,3
-10.2,4.167,CCATATAAGCAATAAG,L118H,1,1
-10.2,4.167,GTTTTTCTCCCACCAA,T155P,1,1
-10.2,4.167,TAAAAAATAGATGAAA,I481Q,1,1
-10.2,4.167,TTAAAATAAGAAAATA,V36P G465E,2,2
-10.2,1.389,ATGGGACATTTGAGAT,E172T,1,2
-10.21,4.167,AACAGATGCATTCGTG,L66R S136G,2,2
-10.21,4.167,ACCAGATCACATAAGT,T248M R499F,2,2
-10.21,4.167,ATACTTTAATACCCGA,L154S,1,1
-10.21,4.167,ATCGGTCACATCTAAA,E89Q N464S,2,2
-10.21,4.167,CAGCTGAATTTTTATC,F500E,1,1
-10.21,4.167,CATCGCCTCGGTTACA,N246M,1,1
-10.21,4.167,CCATATTTTATATCTT,A11R,1,1
-10.21,4.167,ACCATGGGGGACATGC,N53C F195R,2,2
-10.21,4.167,ACGGTGTTCGTGATGG,L496D,1,1
-10.21,4.167,ATTGAACGTGCTATAT,I288M W343H,2,2
-10.21,4.167,CAGACTATTACATACC,T370W,1,1
-10.21,4.167,TCCAAGTGAATCATAA,L151H,1,1
-10.21,4.167,TTGGGTGATTGTCCAA,F147E,1,1
-10.21,4.167,AAATCTCACCAGCCTC,G349E C466Q,2,2
-10.21,4.167,CAAATGTAACCCCGAT,L42P R109H S143N K326W,4,4
-10.21,4.167,CCCACCTAAAAGAGAA,C64N,1,1
-10.21,4.167,CTAATGAAGCGAACAT,G337I,1,1
-10.21,4.167,GAATCTATAGTACAAT,R329P,1,1
-10.21,1.389,CGATCTAGCAAAACCA,T248R,1,1
-10.21,4.167,AATGTGCCTCACCTCC,D73R M444R,2,2
-10.21,4.167,AGCCTAGTATCTAATA,W421*,1,1
-10.21,4.167,ATCACCACAACCTCGA,W84G,1,1
-10.21,4.167,ATCCATCCATTACGTA,E398K T416Y,2,2
-10.21,4.167,CAAAGTGCAATGGGTG,L111G,1,1
-10.21,4.167,CCAAAGCCACTGAGAA,A253T I377N,2,2
-10.21,4.167,CTCGCATGTACATAAA,C64I P324W,2,2
-10.21,4.167,TATCGCGGAAAAAGTC,M346A,1,1
-10.22,1.389,AAGACCAACTTCAGGC,W350G,1,2
-10.22,1.389,ACAAATACATACCTGC,Y351K,1,2
-10.22,1.389,ACAGCAACCACAACCT,W350G,1,1
-10.22,4.167,CGCACGTCCTGAAAAC,F338E,1,1
-10.22,4.167,CGTACAATTACCATTG,Q295G N424Q,2,2
-10.22,0.8333,CTAAAATTTACTAGAT,G16P W421R,2,2
-10.22,4.167,CTCGAGGTTACACATA,W180M,1,1
-10.22,4.167,TACTCACCATATATTG,S156E G337D,2,2
-10.22,4.167,TATCTTAGGAATCGTC,Y351L,1,1
-10.22,4.167,TTAAATCTTCATAGAC,R307K L420S,2,2
-10.22,4.167,TTTTAAATGATAACCA,L420D,1,1
-10.22,4.167,AAAAAATTGTAGCGAA,C64N V413I,2,2
-10.22,4.167,AATGTTAAAAAGACGG,I335D,1,1
-10.22,4.167,ACGTTCCATAAATATG,H17V A336S,2,2
-10.22,4.167,ATTACGATAAGAGTTC,A113T R456W,2,2
-10.22,4.167,CAACTCTTGTAAATCG,G181Q,1,1
-10.22,4.167,GATAAGATTACAATGG,T451K,1,1
-10.22,4.167,TAATGCCTAAATTTAG,V323G,1,1
-10.22,4.167,TGAAACTTCATAGTCC,I288D,1,1
-10.22,1.389,TGAAATGGACACTAAT,V20T C281Q S400G,3,4
-10.22,4.167,AAAAGTCCTCGGTACA,I502E,1,1
-10.22,4.167,ACCTATCTAACAGAAA,N250P,1,1
-10.22,4.167,CCATTACTCAACGAGA,E340T,1,1
-10.22,4.167,CGCACTTTGAAGAACC,G286A G337S,2,2
-10.22,4.167,CTCAACTCCCACAATG,G345K,1,1
-10.22,4.167,GCATATTAAACATCAC,C281A I418N,2,2
-10.23,4.167,AGCCCATGAGCATTAT,T12G,1,1
-10.23,1.389,AGTAAGTGGTAATAAT,G240I,1,1
-10.23,4.167,CCAGGAGAAAGCCTAA,A138L,1,1
-10.23,4.167,CCCATGGCCTACATAA,S96T R255K K276W,3,3
-10.23,4.167,GATACACCTTTCCCCA,T40P D241L,2,2
-10.23,4.167,GGAGCCTCGACGGAAA,A138N Y423T,2,2
-10.23,4.167,TAAGCTACAATGGACA,F147G,1,1
-10.23,4.167,TATTGGAAGTTAATAT,E460K,1,1
-10.23,4.167,TCTCCGACTAGACTTT,I335S,1,1
-10.23,1.389,ATCATTTTCACCTGCA,E426P,1,1
-10.23,1.389,GAAATACTCTGATGTG,P254R,1,1
-10.23,1.389,AACGTTTATAAAGCGT,L86P,1,1
-10.23,1.389,ATCTCGGATTTAAGCA,F467D,1,1
-10.23,4.167,CATTGGTCACTTTCCT,S369K,1,1
-10.23,4.167,CTCTACTAAATACGAC,T187N C277A P293L N389L,4,4
-10.23,4.167,TTTATTCCTGTCAACG,A317D,1,1
-10.23,4.167,TTTTGTACTTTCGACC,A459E,1,1
-10.23,1.389,GTTCTAGACATTAAAA,A113F,1,1
-10.23,4.167,CACGTTCGCTACAATT,D419I,1,1
-10.23,4.167,CAGTTCCTCGCTATAC,I179D R354K,2,2
-10.23,4.167,CGAGTTCATGACTGCA,P185H,1,1
-10.23,4.167,CTGCGTGTTTAAAATA,Y178T,1,1
-10.23,4.167,CTTCATTTAGTACGGG,I25R R261F P293M E396R,4,4
-10.23,4.167,GATTATCTTATCTCTA,I469D,1,1
-10.23,4.167,GCCATAAAATTCTCTC,F294G,1,1
-10.23,4.167,GCCCTAGAACCTCATC,W127C,1,2
-10.23,4.167,TTCTTACGATATTTCG,N298P,1,1
-10.23,0.3788,AACATTATAAAATAGA,C139W,1,1
-10.23,1.389,GCAGTGACAACCTCTA,G240P,1,1
-10.23,4.167,ATGTATCAGGTCTGTT,G61T,1,1
-10.23,4.167,CAACACCCACTGAATC,K27L G218M C277* I385E,4,4
-10.23,4.167,CACACTTAATAAATAA,,0,0
-10.23,4.167,GCTTAGAACTTTCATC,G256A,1,1
-10.23,4.167,GTTTGCATACCTACCA,V182D,1,2
-10.23,4.167,TAAATGTACCCTAATA,Q434N,1,1
-10.23,4.167,TACAAATCCAGATTAG,E340N,1,1
-10.23,4.167,TGATAAGTTTGATCAA,L108H A113S,2,2
-10.23,4.167,TGGATTGTGACATTTA,Q434* R482S,2,2
-10.24,1.389,ACCTAAGTTAAAAAAA,T436E,1,1
-10.24,1.389,CCTACTCAACACACCT,C305Y K315F,2,2
-10.24,4.167,AAAAAAAACATGTAAC,Y308A,1,1
-10.24,1.389,AAAGACCGGAACTAAT,L71E,1,1
-10.24,4.167,AATGACCATATTAGAT,A11C R383E,2,3
-10.24,4.167,ATAGCAGTAAGTAACC,K176V,1,1
-10.24,4.167,ATTGAGAGTCTACACG,K176M,1,1
-10.24,4.167,CCCAAATTACCAATTC,F147D,1,1
-10.24,4.167,GATAAAATTGCCAAAC,S115G N133R W421M,3,3
-10.24,4.167,GGACATCTGCGAATTT,E340K E344K E443K G504R,4,4
-10.24,4.167,TAAAAAATGACTGGGC,S265V,1,1
-10.24,4.167,TATATGCCATGGTTTC,S156G G181V,2,2
-10.24,4.167,TCAACGTTTCAGAACT,T37N E494Q,2,2
-10.24,4.167,TGGTACGACATAGAAT,N424R,1,1
-10.24,1.389,ACCCTGGGCACTAAAA,G61V S378Y,2,2
-10.24,1.389,ACGAATGTCGCACGAA,V112R,1,1
-10.24,4.167,AGCAAAAGGGGGGTAT,M320I W343*,2,2
-10.24,4.167,AGTCATAGGCACATAC,L251P,1,1
-10.24,4.167,AGTTATTACCCGCAGT,F120V,1,1
-10.24,4.167,CAATAAACATTTAAAA,F87K Q454I,2,2
-10.24,4.167,GGGCTGCATTCATGAA,A317V,1,1
-10.24,4.167,TAAGACTATTAAGAAC,G349I,1,1
-10.24,4.167,ACTTGCTCTATACCGA,Y308E,1,1
-10.24,4.167,ATGAGAAGAAGCCCTA,I260K Y351S,2,3
-10.24,4.167,CACAACACATTCTGCC,S124C A425N,2,2
-10.24,4.167,CTCATATGATGTATCG,Y178N,1,1
-10.24,4.167,GCTTCGGATTTAAATC,I300P,1,1
-10.24,4.167,GTAGGCCGGTTACAGG,C97F,1,2
-10.24,4.167,TTAAAATAAAAACGTT,P4R N322Q R492G,3,3
-10.24,0.3788,CCAATGCAGAAACAAA,F87P R482G,2,2
-10.24,4.167,AAATATTGAACGGAAT,N81S W127S,2,2
-10.24,4.167,ATGGAACGTAAGCAAG,V429A,1,1
-10.24,4.167,ATTAGGGTGATGGGAA,L70M G330Y,2,2
-10.24,4.167,ATTGGGCCGACTATGC,K27R S266Q P293Y R321W,4,4
-10.24,4.167,CACACACTACTCAATA,I58H,1,2
-10.24,4.167,CATTAAGATTTTTAGA,G360H,1,1
-10.24,4.167,CCATGAGACGAAGACA,E340C,1,1
-10.24,4.167,GCAAAATCAAACATCC,A373L,1,1
-10.24,4.167,GTGACCCGCCAGTAAT,I67C S228N,2,2
-10.24,4.167,TAATTAAAACCCACCA,L15P,1,1
-10.25,4.167,AAAATTATACCTCCTA,K171R I202G,2,2
-10.25,4.167,AACGTTTATACAAGCA,G319I W421*,2,2
-10.25,4.167,CGGTAATGGACACACG,A373Q,1,1
-10.25,4.167,GAGACGAGCTCACACC,D419I,1,1
-10.25,4.167,TCAAATTGTAGACTTT,G286H,1,1
-10.25,4.167,ATATGAACGATAAAAC,F87Q,1,2
-10.25,1.389,CCCACTGCTGCTCATA,N296L A365V,2,3
-10.25,4.167,GCCTTTTGGCCCTAGA,G319S,1,1
-10.25,1.389,TAAATATCTTCGTCAG,G286Y,1,1
-10.25,1.389,GGAGGGCAGAACCAAT,F332H,1,1
-10.25,4.167,ATTTAGTTTTAAAACG,I214E N433A,2,2
-10.25,4.167,TATAGCAGAATCGACT,V36E,1,1
-10.25,4.167,TCAAAAATTCTGAGAT,V204R,1,1
-10.25,1.389,CACATCAATCGACACA,F148Q,1,1
-10.25,1.389,TTAATTGCACCACGAC,N63F A336W,2,2
-10.26,4.167,AAAAGACCAGGCAACG,L13H,1,1
-10.26,4.167,AACCCTAAGAATAGTT,Y257D,1,1
-10.26,4.167,AGGTACGTTCTTATAT,L243P,1,1
-10.26,4.167,AGTTCCCTTTGAGCAA,E432K,1,1
-10.26,4.167,CCGACTAAACTGATTT,L118D,1,1
-10.26,4.167,TATAGGCCAATATAAA,I179Y T370L,2,2
-10.26,4.167,TCTGACAGGGAATTCA,G116R T235N,2,2
-10.26,4.167,TGAAATTGCCATCACA,C477I,1,1
-10.26,1.389,CAAGCCAATTAAGGAG,G61K G330D Q363*,3,3
-10.26,1.389,AGCTACCAATGTAAAT,M320V,1,1
-10.26,4.167,AAGTAGGAAGAGACCT,L316G,1,1
-10.26,4.167,ACGACCGCCTTAGTGC,D438K,1,1
-10.26,4.167,ATAGCACTATTTTAGG,K171N W421G,2,2
-10.26,4.167,ATTAAATCAAGCCTAG,V204D,1,1
-10.26,4.167,TGGTAAAACCCAATAA,I252K,1,1
-10.26,4.167,TTGTATACCAGCTTTT,D291N Y412T S480P,3,3
-10.26,0.463,GAGGATTGCTAACTGT,E89F Q356H,2,2
-10.26,4.167,ACAAAATAGAGTATAC,I339E S378G,2,2
-10.26,4.167,ACGACGATCACGTACG,E460C,1,1
-10.26,4.167,ACTCTCTACACCCTAT,H471P,1,1
-10.26,4.167,ATCAAAAGTACAATGC,F294K,1,1
-10.26,4.167,TAGATCTAATCATAAT,G61H,1,1
-10.26,4.167,TATATCCCACCTTTAC,H435T,1,1
-10.26,4.167,TCCTAAGTGACCATCC,F147R,1,1
-10.26,4.167,AAAGCTGTAGATAATA,D438N,1,1
-10.26,4.167,ACTCAAATTAAGTTAG,R329V,1,1
-10.26,4.167,ATAAAACAACCAAGTA,I29*,1,1
-10.26,4.167,ATGAGATGGAGTAAGA,L316W,1,1
-10.26,4.167,CGAATAATCCTAATGA,L314P,1,1
-10.26,1.389,CTATCCCTTCATTCCA,Y486S,1,1
-10.26,4.167,GAAGCTCCATTCACAC,R492V,1,1
-10.26,4.167,GATATGTAGCATCCAA,P99Y,1,1
-10.26,4.167,GGACAAACTCAAATTT,I179F T301I,2,2
-10.26,4.167,GTCCGGTACAAAGTAT,N458K,1,1
-10.26,4.167,TACAAGTGAACGATTG,C477D,1,1
-10.26,4.167,TATAATATACAGACCA,N158P D441R,2,3
-10.26,4.167,TCACACAAACACCGCA,Y100W,1,1
-10.26,4.167,TGACTGTAACACACAA,W127N,1,1
-10.26,4.167,TTAACACATTTTGTCT,Q80R W180K,2,2
-10.27,4.167,AACGTATTTATAATCT,R220M R499N,2,2
-10.27,4.167,AAGATAACCACCTTTG,P306E,1,1
-10.27,4.167,AAGCAGCCTCGTAACC,I252W,1,1
-10.27,4.167,ACTATTTAATGTAGAA,A113I,1,1
-10.27,4.167,TATAAAAGAACAAAAA,T436F,1,1
-10.27,4.167,TATACACTGACATCGT,L13T R329M L447M,3,3
-10.27,4.167,AATCTGCTAAATACTG,Y491G,1,1
-10.27,4.167,ACTAGTACGTTAAACA,N94R P254H,2,2
-10.27,4.167,TACCTAAAAATTAAGA,A11H,1,1
-10.27,4.167,TAGTCTATTATAGGGT,A253I,1,1
-10.27,4.167,TGATCAACCTCAATTA,Y257L,1,1
-10.27,1.389,AGTAAGTTATTTAGTC,L455G,1,1
-10.27,4.167,ATACCCGCAAAATAAC,L154W,1,1
-10.27,1.389,CCATAACCGCCATAAC,Q44R A334T,2,2
-10.27,4.167,CGTCACAGCCCAAATG,W84S K238F,2,2
-10.27,4.167,GATTGCTATTGACAGT,Q295A,1,1
-10.27,4.167,TAAAACACAGAAACCT,V237S E410L,2,2
-10.27,4.167,TCAGATGTAACAAACT,L194R C466V,2,2
-10.27,4.167,TCTCACATACTAAATG,,0,0
-10.27,1.389,AAAAATGCTATATAAA,V130N L314Y,2,2
-10.27,4.167,AAATCAAGCATGTATT,C97D K397D,2,2
-10.27,4.167,ACACCACTGTCTCAAT,L244P,1,1
-10.27,4.167,GACTCCCGGACTCATA,V297Y K397T,2,2
-10.27,4.167,GCACCTTACACTATCA,L177P P293Q L384Q,3,3
-10.27,1.389,TGTGTTTCAGTTTTAC,G465R I481T,2,2
-10.27,4.167,TTAACAATACAGACAA,F148G,1,1
-10.28,4.167,AACCTTCACCCGGCTT,W343N,1,1
-10.28,4.167,ACTAAGCCTCGGCAAA,E172C L244P I502N,3,3
-10.28,4.167,ACTATTAGTAAGTAAG,I331H,1,1
-10.28,4.167,AGATAATCTGGTAAAA,L409S,1,1
-10.28,4.167,TATCACGATTAAAAAA,Y302D,1,1
-10.28,1.389,ACTGGCACTCATATTT,W234D,1,1
-10.28,4.167,CTCCGAGCTTAACTAA,S266P A272V,2,2
-10.28,4.167,GCAATAACAAAACGGA,K140G P185H,2,2
-10.28,4.167,GGGACAACGTTCCCAC,N152K,1,1
-10.28,4.167,GTGGTGAAACCGAACT,S199I D241C,2,2
-10.28,4.167,TTAACAGAGATAGACC,R222G I377- S378- G379- K380- L381-,6,6
-10.28,4.167,TTGAGGTTTCTATAAC,F120R,1,1
-10.28,4.167,TTTCTGTTTTAAAAAA,I481M,1,1
-10.28,1.389,GCAATCAAAAAAGCTA,F79Y F353C,2,2
-10.28,4.167,AAATATTATCTATAAT,W127R N170D,2,2
-10.28,4.167,AATACTCTTAAATTGT,I34P,1,1
-10.28,4.167,CATCAACTCCAAAAGA,L108T,1,1
-10.28,4.167,CGTACATATCCCAGTA,I230Y,1,1
-10.28,4.167,GAAGAATACATCACAT,V88E A430G,2,2
-10.28,4.167,GATGAATAAAACAGCT,Y257M,1,1
-10.28,4.167,TACTATTCATTAACTA,C52E,1,1
-10.28,4.167,TTCCTTACTCATAAAT,T206P,1,1
-10.28,1.389,CGTACCTATATCAATC,K259H S265I,2,2
-10.28,4.167,GATAGCTAACCCCCTC,T37S,1,1
-10.28,4.167,GTAAGTGCTTCACATA,G337V Q363C,2,2
-10.28,1.389,GTTCATAATTTATGTA,P185W,1,1
-10.28,4.167,TAATAGCATATACTAT,M346R,1,1
-10.28,4.167,TACATAACGTGCTCTA,E35H S266M P293C,3,3
-10.28,4.167,TACTGAAGCTTTTCAA,M268G,1,1
-10.28,1.389,TATATAAAATAATCTC,R90I R269A,2,2
-10.28,4.167,TGTCCTCATTTCTCTT,H435S G504Y,2,2
-10.29,1.389,TAACCTTACAAGAGGG,I25L V297T L381H E390H,4,4
-10.29,4.167,AAAAAAAGACAATCCG,D461K,1,1
-10.29,4.167,ACGATAAGACCGACAA,T12C G360D,2,2
-10.29,4.167,ATAGTCCTTTCGGACA,V309R,1,1
-10.29,4.167,CAAACAGCAATTAATA,A163S G303V,2,2
-10.29,4.167,CAAAGCTCCTGTCCAT,C139W,1,1
-10.29,0.5952,CAAGCAGGGTAAACTA,N246G,1,1
-10.29,4.167,CCAGCACTAAGAACAC,M346C,1,1
-10.29,4.167,CCTTCGTACGTTCAAA,N464V,1,1
-10.29,4.167,TTAAAAATCTAGGAAC,Q132* P227L,2,2
-10.29,4.167,TTCGGGATAGCTTCGA,I377N,1,1
-10.29,1.389,AATCATAACACTCTAG,G72I,1,1
-10.29,4.167,AAAATAATATAAGACC,Y423V,1,1
-10.29,4.167,AGGCTTAATCGATCTG,D241I,1,1
-10.29,4.167,AGTTGAAACGACAAAT,S422E D438N,2,2
-10.29,1.389,CACCCGCTAACATCCA,E41P,1,1
-10.29,4.167,CATTTTAACTCTAGCA,E41S,1,1
-10.29,4.167,GCACAATCGAAACATT,R90F,1,2
-10.29,4.167,GCCCTGTTCACTTAAC,I232P,1,1
-10.29,1.389,ATGTCCATAATAAGTC,T40N A425V,2,2
-10.29,0.8333,TGAACAGTAATATACC,N22C V26L,2,2
-10.29,4.167,AATAAGCCATTGATGA,C14E Y302I,2,2
-10.29,4.167,AATATTTTACCAGGCT,C277F G345P E401Y,3,3
-10.29,4.167,ATAGTTTGATTTAAAC,I339Y,1,1
-10.29,4.167,GATGGTAAATACTGGT,E89H,1,1
-10.29,4.167,TTAATATTTTGGAAAT,L13Q E414P,2,3
-10.29,4.167,TTCCTCGCTCTCGGTA,G362R,1,1
-10.29,4.166,AGATGATACTGATCAT,V43P E340K,2,2
-10.29,1.389,CAGATTGTATATTCAT,L420R,1,1
-10.29,4.166,CTAGGATGTGAAGCTA,D438P,1,1
-10.29,4.166,TCTAAGTAACCGTAAC,F353I,1,1
-10.29,4.166,TGCAGCAAATACAACC,G360A,1,1
-10.3,1.389,TACGCAAGAGCATACA,N250C,1,1
-10.3,1.389,TAATAAGAGTCCAGTA,Y161H I232E,2,2
-10.3,4.166,AATCTATAAAATCAAT,V102N,1,1
-10.3,1.389,AGTCAATCTAGTGACC,T440R,1,1
-10.3,4.166,AGTCCCTAATTGGAGT,G345N,1,1
-10.3,4.166,AGTCTTCTGCAGCGAA,,0,0
-10.3,1.389,ATAAGTAAATTATGAA,I377V L455Q,2,2
-10.3,4.166,ATTTAACACTTCCTCA,G333H,1,1
-10.3,4.166,GAACAAAAAGTAGCCC,G200W M320P,2,2
-10.3,4.166,GCCTTAATATAGTTCA,C305G,1,1
-10.3,4.166,TTACACAGCAACAGAC,N433E,1,1
-10.3,4.166,AATCTCACAAGGTGGG,L496E,1,2
-10.3,4.166,CAAAAGTGTAAGTTCT,G72R,1,2
-10.3,4.166,CATCCTGCTACGAAAG,T388P,1,1
-10.3,4.166,GAACCGGTATTTCAAG,N158R L431P,2,2
-10.3,4.166,GCAATAATCATAGAAC,C76Y F399V,2,2
-10.3,4.166,TAAATTCAACCCGCTC,S228M,1,1
-10.3,4.166,TAGTGTAATAAATCCT,I481F,1,1
-10.3,4.166,AAACTAACGTAACTAT,,0,0
-10.3,4.166,AATCGACATTCATTCA,V204D,1,1
-10.3,4.166,ACTAAGTATCTATATC,F258D,1,1
-10.3,4.166,ACTCCTATGAAATACT,G116C S231I,2,2
-10.3,4.166,AGCCCTCTTTGCCCTC,K278T A425D,2,2
-10.3,4.166,CGTTCAATTAACTCGG,L86S,1,1
-10.3,4.166,TTTAGCGATAAAAATA,I481C,1,1
-10.31,4.166,AGTATGTGCTCTGAAT,F258N G504F,2,2
-10.31,4.166,ATTTTGGCTCCCTATC,T65L F448D,2,2
-10.31,4.166,CAATATAAGTTAATGC,F353I,1,1
-10.31,4.166,GAAATAACATCTCTAT,L177I G360N,2,3
-10.31,4.166,GCCAAGAAAAAATGGA,W350N,1,1
-10.31,4.166,TACACTCTGTTCTACA,A11F I179D,2,2
-10.31,4.166,TACTGCTCTTAAAATA,N322C,1,1
-10.31,4.166,TAGCTATAAATTAAGC,F148R,1,1
-10.31,1.389,TCTGGGCCTGAGATCC,,0,0
-10.31,4.166,AAGCCAATAACTGGTA,I58Q S247K,2,2
-10.31,4.166,ACGAAGCATCCAAACA,W84E N158K,2,2
-10.31,4.166,AGACTTCTACTCCCAA,Y486F,1,1
-10.31,4.166,CTAATAGCTTACCTAA,A425P,1,1
-10.31,4.166,GGACAAATAAAAATTA,I232R E457K,2,2
-10.31,4.166,TCAAAGTATGCTTCAC,I282P,1,1
-10.31,4.166,TTGCAAATGAATTAAT,R329H,1,1
-10.31,1.389,AATAGGTAACATTAAT,N6D L118S Y423*,3,3
-10.31,4.166,ACCTGCCTGATCAGCA,S287E,1,1
-10.31,4.166,CTGACCCCATAGATCA,V36E,1,1
-10.31,4.166,TCAAAAACTTAGCCCT,Q1* Y302P,2,2
-10.31,4.166,TGCACCATCCGAAGCT,Y257L,1,1
-10.31,0.5952,TATCTTTCATAATCAC,Q295D,1,1
-10.31,4.166,AAAGAGCTCAAAAATT,C97G,1,1
-10.31,4.166,AACTGCAGATACTAAA,C305F,1,1
-10.31,4.166,AGATGGAAGCTAACGT,R329M,1,1
-10.31,4.166,CAAGCTAAATAAGACC,N246D,1,1
-10.31,4.166,TACTATAACACATACA,I58Y,1,1
-10.31,4.166,TATTAACCCAGTGGAG,Y178H,1,1
-10.31,0.8333,CTCTGATAAAAAACTG,G330D,1,1
-10.31,1.389,TCATATACTTGTGATT,G330V,1,1
-10.32,4.166,AACTGTAAATATTTAC,A364L E410K,2,2
-10.32,4.166,ACAAGAATAGCAATAA,N170I,1,1
-10.32,4.166,CCACCACGCAACACAC,F125T,1,2
-10.32,4.166,GCAACCACACTAAAAT,L151V E432C,2,2
-10.32,4.166,TACAGAGGGTAAAGTT,L71C,1,1
-10.32,4.166,TCATAACTCTGTTTAT,N165K G463S R492S,3,3
-10.32,4.166,TCATAGGTAAACATGT,L111P T301Q,2,2
-10.32,4.166,TTATAATGATGATATT,F87C,1,1
-10.32,1.389,TAGCTAAAAACGTTAC,L154W,1,1
-10.32,1.389,TGTATGAAAACAGAGG,M268N,1,1
-10.32,4.166,AGCCCTGAACGAAAAA,W180A,1,1
-10.32,4.166,ATGATAAAAAACCCAC,C466F,1,1
-10.32,4.166,CAAGCGACATTGTTAT,H471M,1,1
-10.32,4.166,CCTACTGAAATCCAAA,C14M,1,1
-10.32,4.166,CGCAGATCAAAGTCAA,G352R,1,1
-10.32,0.5952,ATATAGACCTATACAT,M320F,1,1
-10.32,4.166,AACTTGATACTAAAGA,I245Q,1,1
-10.32,1.389,AATATACCAATACTCC,A163S S266E A272K P284V N389V S400E,6,6
-10.32,4.166,AATATTTTAGGACGCC,I481H,1,1
-10.32,4.166,ACTTGATCTCACCGCC,G342Q,1,1
-10.32,4.166,ATGCAGCTCACTACAG,A365E,1,1
-10.32,4.166,ATTGCAAGTAAAGAAC,L13T Q356W,2,2
-10.32,4.166,CAACATACAAAACATA,M444R,1,1
-10.32,4.166,CCTGTTCTGCTCCCCT,G116A L316A,2,2
-10.32,4.166,GTGGTACATACGGAGT,G142S I300P,2,2
-10.32,4.166,TATAAAAAGTACAATT,A106L D419V,2,2
-10.32,4.166,TATACTAACAAGACCT,L154G,1,1
-10.32,1.389,CTCACATAAATGTCCT,G345D E432K D474R,3,4
-10.32,1.389,AATATCCAGCCCAACA,I51D,1,1
-10.33,4.166,AACATAACAGACCACG,E359Y M444I,2,2
-10.33,1.389,AATAAAAAATAAAAAA,W180A,1,1
-10.33,4.166,AGCCACATTCCAAGCT,A373R,1,1
-10.33,4.166,ATGTCATCAATCAAGT,G78T F500T,2,2
-10.33,4.166,CAAGTTAATTTCGAAT,N298K,1,1
-10.33,4.166,TATACAATAGAGCACT,P162L S287Q,2,3
-10.33,4.166,TTACCATACTAAAATC,T283S V297R F392D E398G,4,4
-10.33,4.166,TTCAATTTAACACTGT,W343C R361H E414K,3,3
-10.33,4.166,TTCCGATAACCGAATA,A364N,1,1
-10.33,4.166,AAAGCGAGTCCACACT,D438N,1,1
-10.33,4.166,ACACAAGATAGGCATC,A253D,1,1
-10.33,4.166,AGAATTCGATTTATAT,A365V F467H,2,2
-10.33,1.389,AGGTGATCACTCAAAC,E41D G116C E396G,3,3
-10.33,4.166,ATAACCTAATAGTCGT,V36G Y161T,2,2
-10.33,4.166,ATGCGGGAATAACAAT,E119R K452L,2,2
-10.33,4.166,CAGCTACACTATGCCA,D241V,1,1
-10.33,4.166,CCAAACGTGGAATATG,K176T,1,1
-10.33,4.166,CGATATACACTAATAC,C473N,1,1
-10.33,4.166,CGATATGTCATATCTA,N250T E457R,2,2
-10.33,4.166,GAGTTAACCCTGCCAT,N433I,1,1
-10.33,4.166,GTTAAGAATTTTTCTA,K27L A272L C281A E390A,4,4
-10.33,4.166,TAGACAGCCATCAATC,L71C,1,1
-10.33,4.166,TATACCACCATTTTGT,V309G,1,1
-10.33,4.166,ATATATCTTTCACCAA,I335Q,1,1
-10.33,4.166,CAATATGAATGTACTC,H17M E484K,2,2
-10.33,4.166,CAGTATAGAGCTAAAT,L71S R482K,2,3
-10.33,4.166,CGGCAAGTGGCAATGT,L13K,1,1
-10.33,4.166,GAAGGTTTATGGTATA,N53E E344D Y486S,3,3
-10.33,4.166,GGCCCAAATAAAACAT,G352Q,1,1
-10.33,4.166,GGCCGAAATAAAAAAA,Y100Q,1,1
-10.33,4.166,GTTACAACTAAATCAA,D366R Y486I,2,2
-10.33,4.166,TTAATAGGACCCTATT,R150W,1,1
-10.33,4.166,TTGAAAAAGACTTCAT,T206Y,1,1
-10.33,0.8333,AAATCCAACTACCGAA,G286P,1,1
-10.33,4.166,ATACAAAAAGAACAGA,W343V,1,1
-10.33,1.389,ATTGTTACTCCAAATA,F125K,1,1
-10.33,4.166,CCCTCGTCCTCTTCTG,I202R,1,1
-10.33,4.166,CGGCGTGATAACATAC,D375E Q407K,2,2
-10.33,4.166,CTCTACTAAATCACCT,S270Q,1,1
-10.33,4.166,GAGACGATCCTTTGAA,S137P G386E,2,2
-10.33,4.166,TATCTACTCCATATAC,K292D E398K,2,4
-10.33,4.166,TGTTAAGGTCATTAAG,N296P,1,1
-10.34,4.166,AAGATGGTCAAATTCC,V309H Y491V,2,2
-10.34,4.166,ACAAGAACCTTTAACA,N458A,1,1
-10.34,4.166,CACAACTAAGATTGTA,V112S G463W,2,2
-10.34,4.166,CCCATTTGGTTAGGAA,D101M G352H,2,2
-10.34,4.166,TAACAATTCCTAACAC,A196D S287K,2,2
-10.34,4.166,TACACTGAGGCGACAC,E340G,1,1
-10.34,4.166,TCTAAAATTCTCATCT,A39*,1,1
-10.34,0.5952,TTTTTACCACCCAAAA,I48R G116M,2,2
-10.34,4.166,ACCATTCGCTCTATAT,P99Q E396K F500Q,3,3
-10.34,4.166,ACGTTCAAGTTTTGAG,G116P,1,1
-10.34,4.166,CAACTAAAGCACCTAA,W343Q,1,1
-10.34,4.166,CACAAGGAACAGTGGA,C52M,1,1
-10.34,4.166,CCCTCCTTTCCGTCAT,E172P,1,1
-10.34,4.166,CCTACTTTCAAGTCAA,G342D G479T,2,2
-10.34,4.166,CTATCTTCCACCTAAA,G349Q,1,1
-10.34,4.166,CTGCTTCAATGCAACA,N246A,1,1
-10.34,4.166,GGAAATTTACCATAAA,Q191F R405W,2,2
-10.34,4.166,GTAAGTCGAAGAACCT,A317I,1,1
-10.34,0.8333,CTATTCAGAATAATCA,N6L G330Y,2,2
-10.34,1.389,ATGTACACTTTCATTC,G61Q T485G,2,2
-10.34,4.166,AAGGAATTATTTGGGG,E89M,1,1
-10.34,4.166,CTATAAATTAGATATA,L86E R499T,2,2
-10.34,4.166,GATATATGTTTGCATA,N170D,1,1
-10.34,4.166,TCATTTTCACTGCACA,P254R,1,1
-10.34,4.166,ATACTAAGATCTCTAA,A364N,1,1
-10.34,4.166,ATAGGCGTCACGGATC,F338R C473T,2,2
-10.34,4.166,CAAGTAATCAGCTCCC,S110E G200D Y491F,3,3
-10.34,4.166,CGCAACAATTTACGGC,C473G,1,1
-10.34,4.166,GGGTTAAAGCCAAGCG,L154E L409P,2,2
-10.34,4.166,TGGATTATTTCTCATA,R150P I267N,2,2
-10.35,4.166,AGCGCAACACCTTGTT,G303S Y486C,2,2
-10.35,4.166,GCACCTGCAAGTGTAA,H18C,1,1
-10.35,4.166,GTAACAACACTTAAAA,G333D,1,1
-10.35,1.389,ATTTGATTAACGCATA,G463V,1,1
-10.35,4.166,CACGTACGTAGGAATC,G62E D73N K121D,3,4
-10.35,4.166,GACTCAAGAAACTCGA,N250C,1,1
-10.35,4.166,GCAAGTCATCGAATTA,I339R,1,1
-10.35,4.166,TTTGGAAGTATGTCCT,G72Y E280Q,2,2
-10.35,4.166,TTTGGGACTAGTGAGA,S136G E340D D348H,3,3
-10.35,4.166,AAAAGACAAATGTGAC,W350* K503S,2,3
-10.35,4.166,ACAAATCTTAATAAAA,C466L,1,1
-10.35,4.166,ACCCATGAGCCTTATG,N357Q,1,1
-10.35,4.166,ACGGATTCACAAATAA,P4S A495D,2,2
-10.35,4.166,ATGACTTAAGAAGGGA,Q80I T370W,2,2
-10.35,4.166,CAAGAGGCCCATTTAA,A113N,1,2
-10.35,4.166,GATAAAATTGTAAAAC,G342D E390K,2,2
-10.35,4.166,GGATTATAAGAATCAA,Y161E V297A,2,2
-10.35,4.166,GTTAAACCATTAGTAT,V36W A163P L177P,3,3
-10.35,1.389,AATTGTATCGGAGTGC,C14E L409M,2,2
-10.35,1.389,CGCCGTGCAAATTAAA,M346E,1,1
-10.35,4.166,AACCTCATGATGAAGC,V26*,1,1
-10.35,4.166,AGCACATACGCCAACA,G337L,1,1
-10.35,4.166,ATCAAATATACCAACT,W153S,1,1
-10.35,1.389,CACCACATGGACTCAA,C14R A365C,2,2
-10.35,4.166,CGACCTGAACGGAATT,A373S E460P,2,2
-10.36,4.166,ACACTTATATCTTTTA,E449P,1,1
-10.36,4.166,ATATCAGTGATTACGA,F87Q,1,1
-10.36,1.389,CAATAATGTGAAATTG,N433E,1,2
-10.36,4.166,CAGTCATTGAGAAGTC,W180S,1,1
-10.36,4.166,CATAACGAAAGTATCC,F148A K446R F448D E449G,4,4
-10.36,4.166,CTACTCATCAAAAAAA,W84S E443K,2,3
-10.36,4.166,CTTAACGTAACCTAAA,L177K G379C S400E,3,3
-10.36,4.166,GCAGGCGGTAATTAAA,N424W,1,1
-10.36,4.166,GCTACACAAAAATTAG,L70C T328S E494*,3,3
-10.36,4.166,GTTCGAGCAGTAATTA,D474Q,1,1
-10.36,4.166,GTTCGCACTTAAAACT,P254R E344K,2,2
-10.36,4.166,TATCCAATTTAACGCA,S266A C281L E344K,3,4
-10.36,1.389,GTCTAAGAAACAACAA,L59R L428C,2,2
-10.36,4.166,AATCATATAAAGATGA,C477E E484*,2,2
-10.36,4.166,CAACTCATGGACATTG,A317N,1,1
-10.36,4.166,GATTAATGAACGGTTA,L154S G330T,2,2
-10.36,4.166,TGGCGTAAAAACTGTT,A196D G362V N498S,3,3
-10.36,1.389,TACTAAACCACCTAAC,,0,0
-10.36,4.166,AAAACGCAATTAATTT,A317Y,1,1
-10.36,4.166,ACATCTAGTAAACATC,A373L,1,1
-10.36,4.166,ATACATAATAAGATTC,E398K W421Y,2,2
-10.36,4.166,GATCACAAGTCAGATC,V297W,1,2
-10.36,4.166,TCAGCAAACTTACAAA,R329P,1,1
-10.36,1.389,GTTGAAAGTGTATTGT,G23I T235V,2,2
-10.36,4.166,AAATACCATTAAGCAT,I377F,1,1
-10.36,4.166,ATTTCATTAAACAAAC,F120K,1,1
-10.36,4.166,TAAAAGATGGTATGAC,S265L,1,1
-10.36,4.166,TAAATGTATACATGTC,T313A L455R,2,2
-10.36,4.166,TTAACTACCCGGGATT,I230P E340K D461N,3,3
-10.37,1.389,AATCAGATTTCTCTGG,A495T,1,1
-10.37,1.389,TGAATTACTACAATTT,L66C A459W,2,2
-10.37,4.166,ACTCATAGTGAGTACC,G23C,1,1
-10.37,4.166,AGTATATAATACATAA,G256K R269K,2,2
-10.37,4.166,ATTGCCGCAATGACAA,F467S,1,1
-10.37,4.166,ATTTCTTAGCAATAGC,S9P S422R,2,2
-10.37,4.166,GAAACCAAAACAAATG,G337W,1,1
-10.37,4.166,GATTTAAGCAGATATT,R150S I339K,2,2
-10.37,0.8333,ATAGGAGAGATACACA,G16D,1,1
-10.37,0.4629,CCTTTTGACTAAAACT,D32R T436S,2,2
-10.37,4.166,ATCTCTAGATCCGAAA,G463R G465E,2,2
-10.37,4.166,CAACAGCAACTGGAAA,N458Q,1,1
-10.37,4.166,TGCCTACCCAGTCTAC,F120Q F258I,2,2
-10.37,4.166,TTGTGCCTTTTCATTG,E123D,1,1
-10.37,4.166,AAAAACTTCTCCTTGA,T248W,1,1
-10.37,4.166,CACATATAAACGTCAG,F467D,1,1
-10.37,4.166,TCCGGGAGACCACAAA,V204D,1,1
-10.37,4.166,AACCAGTCATGATCTC,L108H,1,1
-10.37,4.166,AGAACACGTGCAAATG,C305* A425S,2,2
-10.37,4.166,AGAGTCAGACTTCACG,Y491N,1,1
-10.37,4.166,CCATTAATGACTCACT,Y486S,1,1
-10.37,4.166,GAAGACACGATATACA,E41L,1,1
-10.37,4.166,GCCCACTAAAAATTCG,A253L,1,1
-10.37,4.166,GCGAATTCATTAAATA,A11T L409H,2,2
-10.38,1.389,AATTTACCAGCCAACA,R321P I469H,2,3
-10.38,1.389,CCCACCGATATCGTAA,S422L,1,1
-10.38,4.166,GAAGTGACTGGATATA,R261Q A272R C281* E398G R499N,5,6
-10.38,4.166,GTAACTAAATTACTCA,A373H,1,1
-10.38,1.389,TATCACAACACAGATG,L86W,1,1
-10.38,4.166,TCTCCTCTCTATTAGA,D60N G319D,2,2
-10.38,1.389,TATGGCAACTCAAAGA,C64M P221W,2,2
-10.38,0.5952,AACAGATCTCAATCAT,R329K G360Q M444I,3,5
-10.38,4.166,AAACGGCACTGCTGCT,N433M,1,1
-10.38,4.166,CCCATCCTCCAAATTA,L111D,1,1
-10.38,4.166,GTTAAAGTGCACATTT,C477D,1,1
-10.38,1.389,TTATAGAATGATGCAA,A459N,1,1
-10.38,4.166,AGTTCAGTCGAACCTC,G116N Y308A,2,2
-10.38,4.166,CATAAATATCATCTTT,V26L E410Q,2,2
-10.38,4.166,GGACCAAAACGTTCAC,V36H,1,1
-10.38,4.166,TACTTGAATTTAATAT,D438N,1,1
-10.38,4.166,TAGTTACGACATCGTA,G352H,1,2
-10.38,4.166,TTCGAATATAATAACC,T28P V36E,2,2
-10.38,0.8333,TCTTAAACACCAGTTA,C52D,1,1
-10.38,1.389,AGGTTCATATAATCGG,L59M V429N,2,2
-10.38,0.8333,GAAATATCTAATTTGT,R90E,1,1
-10.38,1.389,AGGCAACATCATCACG,N6W V213F G249D,3,4
-10.38,4.166,CATAACCGGATAACCA,A317M,1,1
-10.38,4.166,CCCATAACGCGCATAG,E443P,1,1
-10.38,4.166,CTATTAACCTTTTTAA,R492P,1,1
-10.38,4.166,CTCATGGCAAATATCA,Q363K,1,1
-10.38,4.166,GACCGTTTACAAATCA,E443K E460K,2,2
-10.38,1.389,GATCGAGCACGAGGAC,G360R,1,1
-10.38,4.166,TAACTGGGTCTGCAGC,T370N,1,1
-10.39,4.166,AAAGTATATACATTAT,L15P K278T,2,2
-10.39,4.166,AACAATATCCTATGCT,F120V,1,1
-10.39,4.166,AACGAAATCTGATTTC,F147V R255T,2,2
-10.39,4.166,AACTGGTAGTTTATTT,L118E E414A,2,2
-10.39,4.166,ACCAAACGTAAATTGA,K171E I469R,2,2
-10.39,4.166,AGTCCTGATTTGTACC,D32Y F125Q,2,2
-10.39,4.166,CTCGAACGTTAATGGA,I288P,1,3
-10.39,4.166,CTCTACTAAGCTCACA,G330T,1,1
-10.39,4.166,GTAAAAAGACCACTGA,N170Y,1,2
-10.39,4.166,GTAACTATTTATTCTA,F448E,1,1
-10.39,4.166,AAAATTTTCGCCGCAC,M444P,1,1
-10.39,4.166,AACTTGTGTGAAAAAA,A317R Y486C,2,2
-10.39,4.166,AATATTATAACTCTGT,E123N G337C,2,2
-10.39,4.166,ACATCAAAAACAACTG,V43Q,1,1
-10.39,4.166,CCATTATCAGATGCAC,I377R,1,1
-10.39,1.389,CGAATTAACAACACGA,W343V,1,1
-10.39,4.166,GATATCACGACTCACG,C64I,1,1
-10.39,4.166,TGTAGAAATAGCTAAC,F353G,1,1
-10.39,4.166,TGTCACGAAAAATCAC,R92Y I469R,2,2
-10.39,0.8333,AGTCTGACCAATCCAT,H355R D441N,2,2
-10.39,1.389,TAAGACTATAAATTTG,L154G,1,1
-10.39,1.389,CCCTCCATCCAACTCT,Y100W E119K,2,2
-10.39,4.166,ACTAGTTTTAAGCTTC,L431K,1,1
-10.39,4.166,AGTTAAATTGCACAGC,P306D,1,1
-10.39,4.166,ATTCGACACACAACAA,N190E,1,1
-10.39,4.166,TAAGATAAGTTAAAAT,V88C S279Q,2,2
-10.39,4.166,TGACTGGAAATTTTAT,Y178F S247G,2,2
-10.39,4.166,AATCATAATAACAATG,L13Q,1,1
-10.39,4.166,CAACACCCTAATTAAT,T436P,1,1
-10.39,4.166,CTAAGGTCACTAGTTA,K264Q M346N,2,2
-10.39,4.166,GTCAATGTATCTAATT,S266V V297L G303L,3,3
-10.39,4.166,TAAAAAGGTATAGTTT,S96E P103L H471Q,3,3
-10.4,4.166,AGACCCATCCATCGTC,Q132T G349E,2,2
-10.4,4.166,ATAGTTAGTATGTAAT,S378T I469T,2,2
-10.4,4.166,ATTGGTACCCCATCTT,M320E,1,1
-10.4,4.166,GTTATCTAGTTTTTTC,R383K F448G,2,2
-10.4,4.166,TGACGCAATTCCTTGA,L177A P293N,2,3
-10.4,4.166,TTTGGTTGACCATAAT,Q434R,1,1
-10.4,4.166,TACACTACTAAAACTA,V429Y,1,1
-10.4,4.166,TACAGATTTCTAAAAT,E460P,1,1
-10.4,4.166,TACCAGAAACAAAGGC,D271I S422F,2,2
-10.4,4.166,TACCATGGGGACTCAC,C305F,1,1
-10.4,4.166,TATGACACCCACAGAA,P254Q,1,1
-10.4,4.166,TTGTTCCACACAAATC,I3F E340K,2,2
-10.4,0.8332,CACACTCGAATATAAA,E123W,1,1
-10.4,4.166,ATTACCAATCCTAAAG,E340K,1,1
-10.4,4.166,CTAGTAAGCTGAATCG,C473F,1,1
-10.4,4.166,GAAGAAAAAACTACTG,F120P N341E,2,2
-10.4,4.166,TAAAAGCAAGTAATAT,R109C D186V,2,2
-10.4,1.389,TCTCAATGTATCAGCA,S114L G116*,2,2
-10.4,4.166,CAAAATATGCAAATAA,F120C K207E,2,2
-10.4,4.166,GAAAGATAAGTAGAAA,L243Q,1,1
-10.4,4.166,TCAATGTACATTATCA,W180T,1,1
-10.4,4.166,TTACTCCTCCCTAAGA,C14G,1,1
-10.4,4.166,TTTATTTTTTGGAGAG,V112K,1,1
-10.41,4.166,CCAAGGTGCATCTACA,S143W,1,1
-10.41,4.166,CCCCATCCGAACAGGT,G465L,1,2
-10.41,4.166,TAACCTAATTGGTACA,V297E F353S,2,2
-10.41,4.166,TACAGGTCGCATTACA,G218E L381Y T388I E410K,4,4
-10.41,4.166,TATAAAAACGACGTGG,E123L,1,1
-10.41,4.166,TCTATTCAGCCACCCT,L381P R405W,2,2
-10.41,4.166,TTCGATCGAGTTCACG,D241I,1,1
-10.41,4.166,AATAATTGGGATGAGT,E410N A495L,2,2
-10.41,4.166,ACCTACCGCATTGGTA,A459P,1,1
-10.41,4.166,CAGACACAGCTATCAA,W350E,1,1
-10.41,4.166,CGATACATAGAGTACC,V36Y,1,2
-10.41,4.166,GGATTTGCTCGCAATT,F79N G249Q,2,2
-10.41,4.166,TCAATACAATTGACGT,E123R,1,1
-10.41,4.166,TGATGCGGGCAACAAT,L71S G352T,2,2
-10.41,4.166,TGTAGATATCTTACAG,C76E,1,1
-10.41,1.389,ATCAACAACTGCCTCG,T28E A272K P284W,3,3
-10.41,4.166,ATTATCCATGTGGATG,A196H E340K,2,2
-10.41,4.166,CCCTGAACCTGGTATT,R90C,1,1
-10.41,4.166,TAACGAAATAAGTCAA,I51S C466P,2,2
-10.41,0.4629,GCCCCAAAAAAGCTCT,G286D G386P,2,3
-10.41,4.166,CAAGCATACTACCAAA,L66K G249N,2,2
-10.41,4.166,CTTATCCATCACCTGA,G360P,1,1
-10.41,4.166,GAGTCAGTTGTACAAC,I481M,1,1
-10.41,4.166,GCTTTTACAACCTCCA,E460Y,1,1
-10.41,4.166,TGCCAGATAGCCCTCA,A113Y,1,2
-10.41,4.166,TTGATCCTCAATCTAA,A373E,1,1
-10.41,4.166,AATTATCAGTGATTTT,A253Y,1,1
-10.41,0.8332,ATCCAACTCATGCAAC,L70H,1,1
-10.41,4.166,ATTTACTAAAACACAA,S265D,1,1
-10.41,4.166,CTTAGAGGCAGATAAG,N322K A336T,2,2
-10.41,4.166,TATGCGCACGAAGTCC,R33* L428P,2,2
-10.42,1.389,TTGCGAAATGGACATC,A11H S270N,2,2
-10.42,0.8332,CTCAACGGAAGAAAAC,L151R,1,1
-10.42,4.166,AGCATCCCCCACAATC,G303E H435N,2,2
-10.42,4.166,AGGATCGAAAAAAAAC,R90M,1,1
-10.42,4.166,GGAATAGGGCCACAAT,I300T T416R,2,2
-10.42,4.166,TGGCTTTTATGAAAAA,A93I R307E K411C,3,3
-10.42,1.389,AAAGGAAATTCACTAA,L243T,1,1
-10.42,4.166,AAAACATGAAAGACTG,I478P,1,1
-10.42,4.166,AACAAATGTGAAGATC,G256D,1,1
-10.42,4.166,ACGAATAAAATTACCT,R307K L496R,2,2
-10.42,1.389,CAAGTTACCTAGAATT,Q295V,1,1
-10.42,4.166,GAAAAGATAGATTTCG,G349E I478Y,2,2
-10.42,4.166,TTATTATCGATTCAAA,Y257K,1,1
-10.42,4.166,TTGAATATCGAAAATC,W84G,1,1
-10.42,0.8332,GCCATAGGCATGTCTA,F79I G303D,2,3
-10.42,1.389,TTTATTAAAAAGTGTT,L13K,1,1
-10.42,4.166,AAAAAAAAGCCGTGAA,W350R,1,1
-10.42,1.389,ACGAGATCATGACATA,Y100S Y257N E398K,3,3
-10.42,4.166,CATTATATACTACAAA,L86F D271N E449K,3,3
-10.42,4.166,GTACAAACATATAGTT,C139D,1,1
-10.42,4.166,TAAAACTCAGCAACAC,D438C,1,1
-10.42,4.166,AACTGGTGAGAGCAAG,T440W,1,1
-10.42,4.166,AATACTCTATCGGAAA,L177P N389A,2,2
-10.42,4.166,AGTTCTAACAAAATAT,N322D,1,2
-10.42,4.166,ATTGTTAGTACAACAT,Y491Q,1,1
-10.42,4.166,CACTTAGCGCAATAAT,G465E,1,2
-10.42,4.166,CCTGAAATAATTTGAA,F87K,1,1
-10.42,4.166,GAAACTGGATCAGTCT,M168P,1,1
-10.42,4.166,GAATGAAGATAAAAAT,D73R,1,1
-10.42,4.166,GACAAAAAATAAACCA,R261L T436H,2,2
-10.42,4.166,TAAAACATATAATACC,G342M,1,1
-10.42,4.166,TCAGATCTTGGCCCAA,V213C G465E,2,2
-10.42,1.389,TTTGAATATCACAACA,,0,0
-10.43,4.166,AAAGTAGCAAAAGTAT,V43Y,1,1
-10.43,4.166,GAAGTCGAATTACACA,R329P,1,1
-10.43,1.389,AGAAAGAAAAGGTATA,T436D,1,1
-10.43,4.166,ACCCTGCGACTAAAAG,L409K,1,1
-10.43,4.166,CAAACACCAAAAATCA,Q295A,1,1
-10.43,4.166,CCAGAGGTACATTTTG,H488R,1,1
-10.43,4.166,GGAACCAAATTAATCA,G218E L384G,2,2
-10.43,4.166,TAACTAACATGTTATG,K259M,1,1
-10.43,4.166,TAGGGTGTATAGTAAA,F500S,1,1
-10.43,1.389,CAATAAGGGCAAATGG,R208A V309G,2,2
-10.43,4.166,AAGCCCCTGAATAGAC,Y257M,1,1
-10.43,4.166,ATATATCACTTACGTG,N152M K397F,2,2
-10.43,4.166,GAAGTAAAGCTTTAGA,G303R,1,1
-10.43,4.166,TAATATTTTATAGAAG,W343V,1,1
-10.43,4.166,TTGAACAAGTATATAA,G286W Q376C,2,2
-10.43,4.166,TTGCATTCTTGCTGCA,G23N N290G,2,2
-10.43,4.166,AGCCACTACGGTGATA,L177T A272D I385H F392* F399G,5,5
-10.43,4.166,AGCGAAGAATGCCTTA,S95P R222Y R499E,3,3
-10.43,4.166,ATAGTAAGAAATTCCT,N298K,1,1
-10.43,4.166,ATGCCCTACAAAAAAT,S287P K292V,2,2
-10.43,4.166,CTCTAAGACAGGACCG,S136G N483E,2,2
-10.43,4.166,GAGATACACAGACATA,W127E D188V,2,2
-10.43,4.166,TAAAACTAGTACGCAA,N357L,1,1
-10.44,4.166,ATGTCTCATGAAGAGA,E123S,1,1
-10.44,4.166,GAACCACCACCACTGA,S369P,1,1
-10.44,4.166,TCCTACACTCGAACGG,P254Y T370V,2,2
-10.44,0.8332,GCTCTTCGATAAGGTA,,0,0
-10.44,1.389,CCACGAATGCCAAGCT,L111P,1,1
-10.44,4.166,TGGAAAAACTATCATG,C97Q,1,2
-10.44,0.8332,AGACTGAAATATGAAC,V237N,1,1
-10.44,4.166,AACAAAAGAAACATTA,R492C,1,1
-10.44,1.389,AACGAAAAATAGACTG,T436D,1,1
-10.44,4.166,ACCATCGTTCAAAGCA,A113M S480V,2,2
-10.44,4.166,CACATCACAACAGTGC,T328A R405Q H471P,3,3
-10.44,4.166,TGCAGTGATATCTAAT,K27F K121R G218*,3,4
-10.44,4.166,AATTGACCTTTAAATT,G333K,1,1
-10.44,4.166,CGGCTTTTAATCCAAC,T283D E398L,2,2
-10.44,4.166,GTTTAGCGGATAAGCC,Q1* E359Y,2,2
-10.44,1.389,CGTAACCTTAATACAA,N298K,1,1
-10.44,1.389,CCGAAATCTGTCACTC,L71Y,1,1
-10.44,1.389,TGCTTATCTTCTGCAA,T117W W350*,2,2
-10.45,4.166,AACGACACACCAAAGA,L13P K417R,2,2
-10.45,4.166,ACTTAAAAAAATTACA,D68P N285E,2,2
-10.45,4.166,ACTTATACGTAATAGA,N433A,1,1
-10.45,4.166,CTGGAAGGTAAAATAA,R492G,1,1
-10.45,4.166,GACATCTGAATTGTCC,S228D,1,1
-10.45,4.166,TAGTTACATATCGGCA,L455T,1,1
-10.45,4.166,TTATAAGATTGTCGTC,C477E,1,1
-10.45,4.166,AACAGTACCATATATA,I34Y G319T F353S,3,3
-10.45,4.166,ATATCACTATTTACAG,H17C,1,1
-10.45,4.166,GAACGACTGAACTTCA,Q57G S262R C281M,3,3
-10.45,4.166,TAAGTCGAAAGACTGA,H471C,1,1
-10.45,4.166,TTAACAAAAGTTACAC,I288P,1,1
-10.45,4.166,TTCTACATCGTACCAA,W343V,1,1
-10.45,4.166,ACACGGTCTACCTTGA,W180L,1,1
-10.45,4.166,AGTTAAACTCAAGAAT,R109I W421C,2,2
-10.45,4.166,CAGTCATTAGAAACAA,I179S,1,1
-10.45,4.166,GAACTTATGCCACTAT,L428P D438G,2,2
-10.45,4.166,GAGACGGTGATATCAG,T436M,1,1
-10.45,4.166,GCAATGATTATGGGTT,C466H,1,1
-10.45,4.166,TATACAACCGGGATCC,F87T,1,1
-10.45,4.166,TATTGATCACGGAAGC,G286D,1,1
-10.45,4.166,TTGGATGTACAACCCT,S369P E484S,2,2
-10.45,0.8332,ACGAACGCGCAAAGCA,I245S,1,1
-10.45,4.166,AACCTCCGTAATTTAG,P254C A430F,2,2
-10.45,4.166,ATACACAAAATTCCCA,G319R,1,1
-10.45,4.166,TATTTGGAAACGCGAG,E41I A365S,2,2
-10.46,4.166,ATCATTAATCTAACAA,C139S,1,1
-10.46,4.166,CCAACGTTACACTCTA,Y486D,1,1
-10.46,4.166,GTAGAATTACTTGTGT,L157P F258C,2,2
-10.46,4.166,TAATCCAATGGTCTCA,F120I S124N,2,2
-10.46,4.166,TGACACACAGTCCTTT,A373H,1,1
-10.46,4.166,AACATAGATTACACTA,W234P,1,1
-10.46,4.166,AAGAGGAAGTACGATT,G61R,1,1
-10.46,4.166,CACGCACTTCAAGTAA,G62P,1,1
-10.46,4.166,GTTCGCACTTCACCTC,V237F,1,1
-10.46,4.166,AAAGACCCACAGTACA,V413R,1,1
-10.46,4.166,ATTCGTCAGACACTAG,T12G G337S,2,2
-10.46,4.166,GAACATTTTAACCATA,I236H F467N,2,2
-10.46,4.166,GTGAGGATTAACCATG,G465C,1,1
-10.46,1.389,TCGTAGTCCCAACATC,N322Q,1,1
-10.46,4.166,ATCATTATACATAAAT,I481R,1,1
-10.46,4.166,GAATGAATTCTCTAAA,V88Q G463A,2,2
-10.46,4.166,TCATCATTGAAACCTC,I481T,1,1
-10.46,4.166,TCTCCCTATCGGGAAA,L177E L384*,2,2
-10.46,1.389,ATAACATAACTAATCT,L66R I242N,2,2
-10.46,1.389,AACGGCTCGTCTGTGG,Y257W Y351C,2,2
-10.46,4.166,AATTAATAGAAGCGTT,A163Y R261L A272* C281F G386V R482T,6,6
-10.46,4.166,AGATAACCTATCTAAC,V309E,1,1
-10.46,4.166,ATCCGTAAAAACTCAA,G337Q,1,1
-10.46,1.389,CGTCCGACAGCCAAAC,C76S Q501N,2,2
-10.46,4.166,CTTAGACAAGCTACCA,D68R,1,1
-10.46,4.166,GAACATTTAACGACTT,I226E,1,1
-10.46,4.166,GATTCATACCAATGTC,L86D K453N,2,3
-10.46,4.166,GATTCTACAAACAAAA,G465W,1,1
-10.46,4.166,GCGTACTTTAGCTCGA,L177Q S400W,2,2
-10.47,4.166,ATAAAAGGCCGCAACC,V237R,1,1
-10.47,4.166,GCTCACAACTGCCTGT,T416R,1,1
-10.47,4.166,TTTATCAAACATATCT,Y486F,1,1
-10.47,4.166,AAGACAGTCATTGAAG,W421C,1,1
-10.47,4.166,ATTAACGCATAATACC,L70R,1,1
-10.47,4.166,CTTATATTTTTACCCG,D419V,1,1
-10.47,4.166,GAAATAGCAAGGCTAT,L194G,1,1
-10.47,4.166,TAATCACCAATCTTTC,N357K,1,1
-10.47,4.166,TGACATAATCCACACG,H18S C281G,2,2
-10.47,4.166,TGTATATTCCAAAATA,K131N A317R D348P,3,3
-10.47,4.166,TTCCTCACTAATAATA,C477N,1,1
-10.47,4.166,TTTAGTTTTCAACCAC,W350T,1,1
-10.47,4.166,AAAAGAAGTATGTCTC,W343L K411L,2,2
-10.47,4.166,AAGCATAATTTTACAC,C52Y,1,1
-10.47,4.166,AATTAAATAATCCAGC,W84*,1,2
-10.47,4.166,CTAAATGAGATGCCGT,L86N N483C,2,2
-10.47,4.166,CTATCGATTGATTCTC,R499G,1,1
-10.47,4.166,AACTATAATAAAACTA,A69N N296A,2,2
-10.47,4.166,ACTATCTCACCAACCA,Y257M,1,1
-10.47,4.166,CACCAAGATATCGCCC,W350*,1,1
-10.47,4.166,CATTCCTGTATTAATA,A334Q,1,1
-10.47,4.166,CGAAAAACAAATCCTC,I232C,1,2
-10.47,4.166,CGTATACATATTAGAG,D366N C473W,2,2
-10.47,4.166,GATAAAACACGATTGA,F294Q,1,1
-10.47,4.166,TTTGACATTCATGATT,E398K Y491A,2,2
-10.48,4.166,ACGAATACATGAAACA,G303P,1,1
-10.48,4.166,AGCTCTTTATTCTTGA,D241W,1,1
-10.48,4.166,CATGATTATGATCCAA,A425N,1,1
-10.48,4.166,CGGCCCCTTAACTTAG,E41Q W421M,2,3
-10.48,4.166,TGGCCATGAATACTGA,I67F D348K,2,2
-10.48,4.166,TTGTACCTAATTTGTA,F294P,1,1
-10.48,4.166,TTTGAAAACGCAAATC,R109P,1,1
-10.48,1.389,AGTAGTCCCTGCGTTG,Q434C,1,1
-10.48,4.166,AAAGTACAACTCACCT,N170V,1,1
-10.48,4.166,CCATAAGCCAGGTTAA,I245G,1,1
-10.48,4.166,CTCCCTAAAAATAAAT,S156Y S422L,2,2
-10.48,4.166,TAATAATGTACTACAC,L151G,1,1
-10.48,4.166,TATTATTATGGTCAAG,C14E R92W,2,3
-10.48,4.166,AGAACATAACCATCAT,S156A N296L,2,2
-10.48,4.166,CTAACTCAGCCAGTCA,P99R A106S,2,2
-10.48,4.166,CTGATCCGACCATTAG,I179W,1,1
-10.48,4.166,GAACGAATATATCATT,L431P F467E,2,2
-10.48,4.166,GTACTAAACATACACT,N22W L428K,2,2
-10.48,1.389,CGATATTCCCATTGGG,I481N,1,1
-10.48,4.166,AGATACAGAGCAATAA,K176Y,1,1
-10.48,4.166,AGTGTCCCTATACTTC,N341V L367P,2,2
-10.48,4.166,ATTTATTATAGCAAAA,G352K,1,1
-10.48,4.166,CATAAACTCAACATCA,Y491L,1,1
-10.48,4.166,CTTCTGTATTTTAAGT,T206I I245T,2,2
-10.48,4.166,TACAACCTTCCATAGA,W180E,1,4
-10.48,4.166,TTGCTGCAAGAATATG,S442P,1,1
-10.48,1.389,TTGTAACATTAGGCTC,R150L G345D,2,2
-10.49,4.166,ACACAGAAACATACAA,P293R V402N,2,2
-10.49,4.166,CATGATAGTTCCGTGC,I469D,1,1
-10.49,4.166,CCCTGTGATAAATACC,F500T,1,1
-10.49,4.166,CTTCAAGGTTACACTC,S46Y Y491P,2,2
-10.49,4.166,CTTGAATATACAAGAT,C64E K468M,2,2
-10.49,1.389,CCCTGAGAATTACGCC,I230H,1,1
-10.49,4.166,AACGAAATTGCCATAT,C305R,1,1
-10.49,4.166,GATATAACATCCAATC,A253E I395R D438N,3,4
-10.49,4.166,GCCCCCATCGTCAATC,A106S I202Q G333V,3,3
-10.49,4.166,GTAGACCCGTTAATAT,E89A,1,1
-10.49,4.166,TTAATAATCTATCTAG,K176N,1,1
-10.49,4.166,TTCAAAAGCGACATGG,,0,0
-10.49,4.166,AAAGACGCAGTGGACA,F148P,1,1
-10.49,4.166,ATGGCTTTAATACACT,I58H,1,1
-10.49,4.166,CGCTGAGGCTTACAAT,G129E A365Q,2,2
-10.49,4.166,GCAGCTAATTAACTAT,S270R,1,2
-10.49,4.166,AATAGCATTGATCTAT,G463V,1,1
-10.49,4.166,ACTGGTCGTCTATTCG,L316H,1,1
-10.49,4.166,ATTAATAACCCACAGC,A317D,1,1
-10.49,4.166,CGAAGGTTAACATACC,H18E,1,1
-10.49,4.166,CTTATCCAGAACGACC,C52R S156Q,2,2
-10.49,4.166,GCACATAATCATCAAG,Q363A G463D,2,2
-10.49,4.166,TCTCCCATCCGACAGT,G275R L316P A336D,3,3
-10.49,1.389,CCCCTAAAGACAATCA,G319W,1,1
-10.49,1.389,AGCAAATCTGATGAAA,I29*,1,1
-10.49,4.166,ATTGACCAGTACTAGG,D73G T301E,2,2
-10.49,4.166,GATCTACATCATAGAA,A39W,1,1
-10.49,4.166,TTTGTCAGTTACTACA,I202G,1,1
-10.49,0.8332,TAGTACTAAATGAATT,N322G,1,1
-10.5,4.166,ACCGCAAAGAGGTAAC,L154E,1,1
-10.5,4.166,CTACATTACTTTCCTT,L42K,1,1
-10.5,4.166,GGCGAGCTTTGTCTTA,G465R,1,1
-10.5,4.166,CAACACTTTCTCATCC,N433S,1,1
-10.5,4.166,CACTCACGGAGCTAAT,V309Q,1,1
-10.5,4.166,GTCCTAATAATACAAT,L447E,1,1
-10.5,4.166,TAGCAAAAAACGTGGT,N63K G319S,2,2
-10.5,4.166,AGTAATATTAAGAATG,G330C M346I,2,3
-10.5,4.166,ATTTAACTGTAAAAAA,K176N,1,1
-10.5,4.166,CGCTTGAACACTCCTG,V204P,1,1
-10.5,4.166,GATGTCCCGCTGATAA,C97V,1,1
-10.5,1.389,AGGGTCTCGAGCAACA,A364K,1,1
-10.5,4.166,ATTGTGCTTTATAACA,G134D,1,1
-10.5,4.166,TTCCATCGACTATATT,I335H,1,1
-10.51,4.166,TAAATCACTAGCTGGC,M346Q,1,1
-10.51,4.166,TTAGCATTAATCCGTA,I437W,1,1
-10.51,4.166,TTCTAGTTTGCTGGAC,G61M,1,1
-10.51,1.389,TTACAAGAATTTATGG,D68H S228E,2,2
-10.51,4.166,ACCCCGTAGACAAATT,T451W,1,1
-10.51,4.166,ACGTACTAAGTTAATA,Y302E,1,1
-10.51,4.166,ATTCGTTGCAATTGGT,W153F K397Q,2,2
-10.51,4.166,CACTTAAATGTAGGTG,T135G F353L,2,2
-10.51,4.166,TTAGAGAAGGATTGGA,W343F,1,1
-10.51,0.5951,AACAAATTTCAGCCAT,A253T,1,1
-10.51,4.166,AAAATATACGAGGAGC,E340D G342V,2,2
-10.51,4.166,AAGCTTTCAATTACTG,F338G,1,1
-10.51,4.166,ACGCCAAAACGATGAA,L154R,1,1
-10.51,4.166,ACAACTTACCTCTATT,G240V Y412C,2,2
-10.51,4.166,ATTGAAACTGAATCGA,F353I,1,1
-10.51,4.166,CCTCATTAATAAGTCT,G72T,1,1
-10.51,4.166,TCCACCGTCTAACAAG,F332H,1,1
-10.51,4.166,TGTTGATTCTTAATCA,F120A,1,1
-10.52,0.8332,GATGAGACTGCCCGAG,G263E L496P,2,2
-10.52,4.166,AACGCGAATGTACAGG,M444H,1,1
-10.52,4.166,AAGAAATAAATAGCTA,F258E,1,1
-10.52,4.166,CCACTATACTCTACAA,A425D,1,1
-10.52,4.166,GTTGAGCAAGTTATCG,Y98D D419N,2,2
-10.52,4.166,TCTACATATTTCCTTT,R499F,1,1
-10.52,4.166,CAACATTAAACAAATA,R90G,1,1
-10.52,4.166,CCGTTACAATATTTCA,K417P W421C,2,2
-10.52,4.166,GACAGAAACTGAAAGC,S143G Y257Q,2,2
-10.52,4.166,TCCCCTACCACAGTAT,I51H Y412V,2,2
-10.52,0.5951,TCCCTTCCATAGAATC,,0,0
-10.52,4.166,AACTCAGGAACAGCGA,L455T,1,1
-10.52,4.166,AATCGAAGTCTTTTAC,V43H T301R,2,2
-10.52,1.389,ATCAGACAGATGTCAC,P99F,1,1
-10.52,4.166,ATCTTGCTGTAGCACA,I252T,1,1
-10.52,4.166,CCCTAAGTTGTTCAAC,F120G,1,1
-10.52,4.166,GGTAACTTAAGAAAAA,T206F,1,1
-10.52,4.166,GTGACTTATAAGCCAA,I339Y,1,1
-10.52,4.166,TGCAACAGCCATGCTT,E41K,1,1
-10.53,4.166,AAAATTGACAAACACT,F392G E398L,2,2
-10.53,4.166,ATAGTAGTAAGAAACT,G360Y,1,1
-10.53,4.166,ATCAACTTCAAAACAT,V323P,1,1
-10.53,4.166,CCTTCCAAAAACCTTA,A113D N475S,2,2
-10.53,4.166,GGCCAAATGAACTAAT,D77C E410K,2,3
-10.53,4.166,GTGCTAATTATACTTT,C64E P254H,2,2
-10.53,4.166,TGTCTCATACGGCTGA,E123L,1,1
-10.53,1.389,CCTAACAGAACACAAA,I288E,1,1
-10.53,4.166,AGAACATACAACCATA,C76E R354Y,2,2
-10.53,4.166,AGGTCTCTTCATCTTC,M268I D375Y V429D,3,3
-10.53,4.166,ACAGTCATCAAAAAAC,V204E,1,1
-10.53,4.166,TACCGAAAAATTTTAA,F500S,1,1
-10.53,4.166,TATCTATAAGCACATA,M346K G349Q,2,2
-10.53,4.166,AGGAAACGCTACTTTA,W350G,1,1
-10.53,4.166,ATAAAGAGACCAACTA,S149N W350P G386E,3,3
-10.53,4.166,CACCCACCCAAGACAC,N170A,1,1
-10.53,4.166,GTCCGTTACAAATTGA,F87S,1,1
-10.53,4.166,ACCTACTAGTCATAAC,G342H,1,1
-10.53,4.166,AGCGATAACCGTCTGA,I58R,1,1
-10.53,4.166,ATTGACTCACTCGGTG,G142A S287Q,2,2
-10.53,4.166,CAGTAATTTATGTCTA,I481G,1,1
-10.53,4.166,CCTAAACTTATCTAAC,N250T,1,1
-10.53,4.166,GCTCTGAATAACAAAA,R33K P162L I478K,3,3
-10.53,4.166,GTAAGGAGTTAGCGTC,C477H,1,1
-10.54,4.166,GAAGGGTAGCGCCATC,T451P,1,2
-10.54,4.166,GCAATGCCATTATGTC,G345W,1,2
-10.54,4.166,GCACCAGTCCTACTAA,W127S,1,1
-10.54,4.166,GCATCGAAAGGGAAGT,P254A,1,1
-10.54,4.166,TAATAGACCAAAAAAA,A373F,1,1
-10.54,1.389,GGCTAACAAGACACAA,W343D,1,1
-10.54,4.166,ATATTAGGCAGCTTTA,N296I R482K,2,2
-10.54,4.166,GCTTCTTACATATCCC,C281G,1,1
-10.54,1.389,GTTTTATTTCCTCTGC,N290R N464W,2,2
-10.54,4.166,TTCAACTTTTTCATCC,V429D,1,1
-10.54,4.166,ACGAGTATTCCTGCGC,F120E N170W,2,2
-10.54,4.166,CGAAAACGTATTGTAT,R208V G465E,2,2
-10.54,4.166,GTTTCAGCCTCTAACG,K121P V323L,2,2
-10.54,4.166,ACTCCAGTATTATCCA,N170K,1,1
-10.54,4.166,ATTTACATCCAAGATA,L314Q,1,1
-10.54,4.166,TAGTTAGCACTGCAAC,E172K I335Q,2,2
-10.55,4.166,AACTTAACCTTACAAG,L111P N285P,2,2
-10.55,4.166,CATCTTATTAATAGGC,Y100P,1,1
-10.55,4.166,GAACATTGATCCGATT,N94W T248F,2,2
-10.55,4.166,GTTACTCTGGCGTGTA,T128N H183S,2,2
-10.55,4.166,AACCTATAGAACAAAA,C139V G342K,2,2
-10.55,4.166,ACATCTTAATAATGAA,E41K,1,1
-10.55,4.166,CATCTTTAAGCTGCAT,C14I T135F,2,2
-10.55,4.166,GGTGCTATCGAAATTC,W350*,1,1
-10.55,4.166,CTTGCATATCCAGCAA,V20F A365R,2,2
-10.55,4.166,TTATGATAAACCCACA,H471V,1,1
-10.55,4.166,CCAAATTATACAAGAA,G303D,1,1
-10.55,4.166,TTGAACTTCAATCACC,W234V V309K,2,2
-10.55,4.166,AAACAGACAATCGTTG,G337M,1,1
-10.55,4.166,CTAAGGTTATTATATA,G303L,1,1
-10.55,4.166,CTATCTTCATTAACCT,S265G L409Q,2,2
-10.55,4.166,GCTCTTTCAATTACAA,I437Q,1,1
-10.55,4.166,TCCTACATAATTATAA,T65N T436D,2,2
-10.55,4.166,TTAGAGTAATCAGCCA,S95R K380M,2,2
-10.56,4.166,CCTTGAAACTTTAATC,M320D,1,1
-10.56,4.166,TTAATTCACGAAAACC,Y486P,1,1
-10.56,4.166,ACCAGTATTCAATAAT,N165W G333D,2,2
-10.56,4.166,CTCCTAGATTAGTCTC,A336Y,1,1
-10.56,4.166,GTAGACAAGTAATGGA,G249V L431P,2,2
-10.56,4.166,GTTAAACGCGAGTAGA,V102W G249R E410K,3,3
-10.56,4.166,TAAGTTTACAGGAATC,G303N N497E,2,2
-10.56,4.166,AAAAGGATACCCAGTA,R90I R307W,2,2
-10.56,4.166,AATAAAAATGAATACT,L66Y T313F,2,2
-10.56,4.166,ACGATGTGCCCTAACA,Y308A,1,1
-10.56,4.166,ATAATCTTAATAAACT,N322A,1,1
-10.56,4.166,TGACGTTGATTATACG,G134D R141W,2,2
-10.56,1.389,GCGAGGTTCAGCCAGA,A317L,1,1
-10.56,4.166,CTCTTGAAACTTTAAA,V112K,1,1
-10.56,4.166,TAAGACTTACGAACAA,Q44* T313Y A495K,3,3
-10.56,4.166,TCAACTGGAGCATTGA,Q1C C477R,2,2
-10.57,4.166,CTACTACCGATACACT,I252W,1,1
-10.57,0.8332,AATAAAAAAGTCAAAC,I230G,1,1
-10.57,4.166,AATCTCCTCGCCATAT,Y486C,1,1
-10.57,4.166,ATTTCTTCCAATGTTG,S143- S146F,2,3
-10.57,4.166,CCCCAGCCCACCAAAC,I25L A272M R321G,3,3
-10.57,4.166,GAAATAACCATATTAA,S369P,1,1
-10.57,4.166,GACTCTACAATCTAAA,R456P,1,1
-10.57,4.166,TCAAAACAATAAAAAG,L108G,1,1
-10.57,1.389,AAGCCGGCCCCATGCA,Q80T R261H T283C V297S G386F,5,5
-10.57,4.166,ATTTTCACAACTCTTT,C76A,1,1
-10.57,4.166,CCAAAGACTACTTAAA,S270D,1,1
-10.57,4.166,CCCAGTTCTGCAGTTA,C76S C97* Y470W,3,3
-10.57,4.166,GCCATCCTGAGTACAC,N458F,1,1
-10.57,4.166,TGAAATCCTGACCAAA,P99M W343*,2,2
-10.57,4.166,TTAACATCGCCAATTA,N298F I395T,2,2
-10.57,1.389,ACTGAGTTATATTTAA,I34L K176P D415N,3,3
-10.57,4.166,AACAGACGCCACTATT,R492E,1,1
-10.57,4.166,CATCAGCAGCCACTAT,I282W E414K,2,2
-10.57,4.166,CTTCTTGAATTCTACA,L455A,1,1
-10.57,4.166,AAATTCTATCCCAAAA,R220P,1,1
-10.57,4.166,CCACCTATCCTGCTCA,G465I,1,1
-10.57,4.166,CCATGATCAGAGAACC,I214N Q363*,2,2
-10.57,4.166,CTGTGAACTAATATTT,C52D G200L,2,2
-10.57,4.166,TGATGCGGCTAACCAC,,0,0
-10.57,1.389,GACGCGTAATCTCCAC,A334W,1,2
-10.58,1.389,ACAATTGTTTTACACA,Y491Q,1,1
-10.58,4.166,GAACTACCTACGGAAA,A459T,1,1
-10.58,4.166,TACAAATTTCACCAAC,I51C K189L,2,2
-10.58,4.166,TACCGGAATGTCTATT,G463V,1,1
-10.58,1.389,CAAAGTATGCACTTAC,C466W,1,2
-10.58,1.389,ATGCTCTCGTAGAATG,I335T,1,1
-10.58,4.166,GGAAAACTGATACAGG,F87C E390K,2,4
-10.58,4.166,CAGACGCCTATAACGT,T10M Q80* T235I,3,3
-10.58,4.166,CAGCCCAATTCATTTC,L243E,1,1
-10.58,4.166,GGTGACAAACTTGCAC,H471S,1,1
-10.58,4.166,TAGTGCGGATTGAAGA,I232P A459L,2,2
-10.58,4.166,TTCCGATCAGACACAC,C64V,1,1
-10.58,4.166,TTTACACTTATAAAAA,Y491E,1,1
-10.58,4.166,AACGAGTATAGGTAAT,C473A,1,1
-10.58,4.166,AATTTTTCTGAACCAT,C76V,1,1
-10.58,4.166,CACTCAAATGAGTTGA,L59G,1,1
-10.58,4.166,CATTACGCCATATACA,I58E G200V,2,2
-10.58,4.166,CATTTATTCAATTTCA,G333D,1,1
-10.58,4.166,CGACTGCATACATCTA,V102Y,1,1
-10.58,4.166,TAACGTTAACTCAGAA,L455W,1,1
-10.58,4.166,AGAAAACGCCACGATC,I377Y G379V,2,2
-10.58,4.166,CTATAATCGAAAGATA,M346I M444K,2,2
-10.58,4.166,TATTTAAAACAAATTA,E280Y T440I,2,2
-10.58,4.166,TCTTTGAATAAGGACG,L86G,1,1
-10.58,4.166,TTGAATCTAACACTTG,F294T E344- G345- M346- V347-,5,5
-10.59,1.389,CTGATCAAAAGTTAAT,S422R,1,1
-10.59,4.166,AAAAGAGGATCTCTGA,C281A N389T,2,2
-10.59,4.166,AGCCCCAAAGACATTA,L455W,1,1
-10.59,4.166,CCCATAAAGGTAGCCA,V130R,1,1
-10.59,4.166,GTAGTATGGAGCAAAA,P4L C305I Y470Q,3,3
-10.59,4.166,GTCCCTAATGACCGGA,G303V,1,1
-10.59,0.8332,AACTCATACCGACGAT,,0,0
-10.59,1.389,CAACGTTATTAGCATT,W350T,1,1
-10.59,4.166,AAATTTAAGTCATTAA,L118M N433M,2,2
-10.59,4.166,ATCTAGCTAAAGATCA,Y308A,1,1
-10.59,4.166,GAGTTAAGACCGAATA,F125K,1,1
-10.59,4.166,TACGGGATATAACCCG,G16C,1,1
-10.59,4.166,AGATCGTGACTGAAAA,L316V M462D,2,2
-10.59,4.166,AGGAGTAAGATACACT,S270W F448D,2,2
-10.59,4.166,ATACAGTTAGGATCAA,I335E,1,1
-10.59,4.166,CTTTGTAGAGGGGATT,G61I A212L,2,2
-10.59,4.166,GAACCCATTGGGATCT,K140Y L367P,2,2
-10.59,4.166,GACCATACATAATACT,M268G,1,1
-10.59,4.166,TTCCAATTATGTAAAT,S287H,1,1
-10.59,4.166,AATCTAACGAGACAGA,S136L,1,1
-10.59,4.166,CGCCTTACCAGGCCAT,W234D N475W,2,2
-10.59,4.166,CTCCTAAGCTGTAACC,Y257D,1,1
-10.59,4.166,GAAGTACTAAAATAAT,F192R L367C G465E,3,3
-10.59,4.166,GCAGATAGTAATGAAA,N152W,1,1
-10.59,4.166,TTCTAATATCCTCTCA,N170Y,1,1
-10.6,4.166,AAATTCTACCATAAAA,N246G,1,1
-10.6,4.166,ACATGATTAGACTCAG,F125N,1,1
-10.6,4.166,ATAGACCAAATCGAGA,N290S G352D,2,2
-10.6,4.166,GTCACAAATAAGAAGT,E325T,1,1
-10.6,0.8332,TACTATAGATCACCAT,D60P S265Q,2,2
-10.6,1.389,TATCCTTACATCAGTG,G116F,1,2
-10.6,4.166,ACCACAGTAATTAGTC,D438C,1,2
-10.6,4.166,AGACTACCAACTAAAA,A253Q,1,1
-10.6,4.166,ATCAGTTAAGAAGTGG,A459T,1,1
-10.6,4.166,TAAAACATAATAGGAA,E89L N246L,2,2
-10.6,1.389,TTAAAATTACAACTAA,C76F,1,1
-10.6,1.389,AACAATACAAGCAATG,C64L,1,1
-10.6,4.166,ACTTAGTGGACCCCCT,G116Q,1,1
-10.6,4.166,ATTATAACTTGACCTA,A317P,1,1
-10.6,4.166,AATAACAAGAAAGGTT,G142N I252Q,2,2
-10.6,4.166,AATCAAAGTGAAACAA,E410K E432K C473N,3,4
-10.6,4.166,CTAGAGAAATGCATGC,G16M,1,1
-10.6,4.166,TGATAGGCACAATACA,P74H,1,1
-10.6,4.166,TTGCCACCATAATGTC,I179T C281Y,2,2
-10.61,4.166,ATGATTTAAACATAAA,A459P,1,1
-10.61,4.166,CACAAGATAGATTCAA,G465N,1,1
-10.61,4.166,CATTCAACAAACAATC,V237K,1,1
-10.61,4.166,GACAAGTAAATCACCT,C97W G504Y,2,2
-10.61,4.166,GTTTATCCTCCAAAAG,I34H E35* Q356I S480Y,4,4
-10.61,4.166,TTCCATTAACATACAG,F353G,1,1
-10.61,4.166,CGCACAGTACACCTCA,S95L G330D,2,2
-10.61,4.166,GAGACCCCCCCTATCC,T436R,1,1
-10.61,4.166,TCATATACAATTGAAC,W343* L427C,2,2
-10.61,4.166,TTTAACACCATACAAA,D104P,1,1
-10.61,4.166,ATGATTAAGACTGGAT,Y491D,1,1
-10.61,4.166,CCAGAAAAACGCAGAG,L243H,1,1
-10.61,4.166,CTAGGTAGCAACCCAT,I288E,1,1
-10.61,4.166,CTTTAAACAGACAAGA,G360W,1,1
-10.61,4.166,GGACTACCCAGTGTAG,A425D,1,1
-10.61,4.166,TTTCAGTACAATCTAA,A336T,1,1
-10.61,1.389,TATATAAATGCCTAAT,I478H,1,1
-10.61,4.166,AATCGTCCCATTTTAG,C466R,1,1
-10.61,4.166,AAGAGAGACTGTAGGT,P74H K326L G337D,3,3
-10.61,4.166,ACACATATTTGAAATT,C14Y R492I,2,2
-10.61,4.166,AGTTTGGAACAATATG,N63V G342V,2,2
-10.61,4.166,CGAGTAACGCTAAAAT,L13M L71W,2,2
-10.61,4.166,GATGAGCTAAAAATTC,P185E V429M,2,2
-10.62,4.166,TACTCGCCGCCAACAA,W84M,1,1
-10.62,4.166,ACATAACTTCAATTGA,A459T,1,1
-10.62,4.166,CGGTTGCTACATAAGA,Q434N,1,1
-10.62,4.166,GTGTCTGCGGTAGACC,L420G,1,1
-10.62,4.166,ACAAGAAAGCTATGGT,L70P K380P,2,2
-10.62,4.166,ATATACCATAATTAAC,G72V K189W,2,2
-10.62,4.166,GAACCAGGTACTGTCA,I202H,1,1
-10.62,4.166,GCGAATCCCTCGCCAC,C76L,1,1
-10.62,4.166,TTCACTGTGAAACATT,V237Q,1,1
-10.62,0.8331,ACCTATTAGTCTGGAA,F147K,1,1
-10.62,4.166,AACAGGAAATTTCACA,C76E D186N,2,2
-10.62,4.166,AAGCTCTGTTACAATC,P306Y,1,1
-10.62,4.166,CCAACATGATAATTAG,R456D,1,1
-10.63,4.166,AACATAAATTCTATGT,I58G,1,1
-10.63,4.166,AACCAGGACACTAAAA,D77G W153N D291N E398K,4,4
-10.63,4.166,ACAATATATACTCCTT,G240V,1,1
-10.63,4.166,ATGAACATAAATTAAA,W234E N382C,2,2
-10.63,4.166,CCGTAACTATTGAATA,G360E I502S,2,2
-10.63,4.166,CGACCCAAAATGGCGG,G129M P284R V402R,3,3
-10.63,4.166,TAAAGTTACTACTAAA,F338C,1,1
-10.63,4.166,AGACAAGTTTCAAAGG,L409E,1,1
-10.63,4.166,AGGAAGCCTAAAGTCA,I179P H488L,2,2
-10.63,4.166,CAACTGGTATCACCCC,A364P,1,1
-10.63,1.389,GCGCGCAAAACCAAGG,P254E,1,2
-10.63,4.166,AACAGGTTTATACACG,Y491P,1,1
-10.63,4.166,AGACCAACGATGCTAC,S228W,1,1
-10.63,4.166,GAAAACTCAGAGAGAA,T370M,1,1
-10.63,4.166,CTAGTACTACAATTCG,G330S A336D,2,2
-10.63,4.166,TATCACCCGTGAGTCG,Y98G G362D N489D,3,3
-10.63,1.389,TGTGACAAAACTTACA,F147V N424K,2,2
-10.63,4.166,TACAGAACAAAGTACA,L314Y,1,1
-10.63,4.166,TCCTAAGATCAGTCAC,D68C E280K,2,2
-10.64,0.8331,AGAAGTGAAAAAACTG,M268E,1,1
-10.64,4.166,AAGACGCGGGAGTTGT,G23M,1,1
-10.64,4.166,AGCGGCCATCCTTCTT,E484I R492I,2,2
-10.64,4.166,CTATACATATCGAAAT,A113V V213S I395P,3,4
-10.64,4.166,TATACCTATCAGCAGA,S228V,1,1
-10.64,1.389,TATACGAGATTTCGTA,M346T D493N,2,2
-10.64,4.166,AACAGTAAGATAATAC,Y178S,1,1
-10.64,4.166,AGCAATAATATTGGTT,F338C,1,1
-10.64,4.166,CAATCTAGCTAATGCA,G72R Q311* G386E A476N,4,4
-10.64,4.166,GAAGAATACCCTCAAT,H471N,1,1
-10.64,4.166,GATCCATCAATCCAAC,Q132*,1,1
-10.64,4.166,TTATCATGCTTTCTTA,G256R,1,2
-10.64,1.389,TACAATTGCTCGATTA,V237Y,1,1
-10.64,4.166,AATAAACCTAATCAAA,C52Y,1,1
-10.64,4.166,CTCTCTGGCTACCTGA,K315D,1,1
-10.64,4.166,GCTAGGAAGACGCCAA,L86D,1,1
-10.64,4.166,TCATAACTACCCACAA,T40E M268E,2,2
-10.65,1.389,AGATCTTCAATATCTC,I202A G465E,2,2
-10.65,4.166,AGAAACTAAAAGTGTA,,0,0
-10.65,4.166,CGACGCTAAAGACAGG,F120V V413T,2,2
-10.65,4.166,TTCAGAATACCAGATA,L151P,1,1
-10.65,1.389,AAACACCGCCGATGGA,G49S W343R H471E,3,3
-10.65,4.166,AAATTTACCGTAGTTC,C139S,1,1
-10.65,1.389,AATTTCAACTTCTGCA,C97W,1,1
-10.65,4.166,CATAAAATTTAAATCA,S46Y V237M,2,2
-10.65,4.166,GAACTATTACATCAGA,W421V Q501I,2,2
-10.65,4.166,GCTTACTACAGTAATA,C76N A430T,2,2
-10.65,4.166,GAGTTAAAGAAAATAA,,0,0
-10.65,4.166,GTACCCTTCCCCTATT,L111T I481C,2,2
-10.65,1.389,CTGATACGAATTTCAA,L118R,1,2
-10.65,1.389,ACCCATGAAAACACAG,N152L,1,1
-10.66,4.166,ATCTTGTTGCCAGCAA,L15K,1,1
-10.66,4.166,CAAATCATATAACCTC,G330E,1,1
-10.66,4.166,CTAAACAAGCCTGGAA,L70D A212G,2,2
-10.66,4.166,ATACAGAAGAGCCTAC,P306N G360V,2,2
-10.66,4.166,ATCATGGTTTATTGAG,V182D,1,1
-10.66,4.166,GGAAAGTATATGTATC,F338C,1,1
-10.66,4.166,TGCGCAACTAAGTTTT,L243C,1,1
-10.66,4.166,ATCGCATAAGAGTCGG,E123D,1,1
-10.66,4.166,CAGACGAACCAGTAGC,I29*,1,1
-10.66,4.166,GATCCATCTACAGACA,I252R,1,1
-10.66,1.389,CGAGAATGCTTATAAT,V20I F294V,2,2
-10.66,4.166,AATATCCGATAGCTGG,V112Y,1,1
-10.66,4.166,CTCTCAAACCATTTTG,G72R,1,1
-10.66,4.166,GGATGAATTATAAATA,R269A E340D,2,2
-10.66,1.389,ACCACGAATCTGAGGA,G479P,1,1
-10.66,4.166,CCTGACAAATCTAGTA,G337M,1,1
-10.66,4.166,CTATAACATTGGAGAT,T206N G386R A425D,3,3
-10.66,4.166,GAATAGAACGAGGCAC,V309R R405A R456W,3,3
-10.66,4.166,TCCGTACGATCCTAAT,L151Q,1,1
-10.66,4.166,TTAAATCATAAAGGTC,I469W,1,1
-10.66,4.166,TTACATCCTAATAATG,A373K,1,1
-10.67,4.166,AAATGGGAATGGCCCA,G16Q A425D,2,2
-10.67,4.166,AAGAAAGACTGTAACA,G16D E123Y,2,2
-10.67,4.166,AAGAACGTCCTATCAA,L70Q,1,1
-10.67,4.166,AAGACATCCATCCTCA,F467G,1,1
-10.67,4.166,AATGGTGACAATAGCC,N389L D441N A459L,3,3
-10.67,4.166,CGAATCTCAACAGACT,H183Y,1,1
-10.67,4.166,TAGTACCAGAACCGTT,I339P,1,1
-10.67,4.166,ACTATAACTTGGTACA,C52R S378Y C477R,3,3
-10.67,4.166,CGAAAACAGCCATGTC,D438G K446N,2,2
-10.67,4.166,TCCCTAAGCCAAAATA,C76Y,1,2
-10.67,4.166,TTCTTTATTAAAACCC,A113I,1,1
-10.67,4.166,ACCATTTATATCTAGA,Y98G,1,1
-10.67,4.166,AGACTTAAAATATAGA,L151A,1,1
-10.67,4.166,CGATGCGATACAGGAC,C52G A138V,2,2
-10.67,4.166,ACCAAGCTAACATGCT,S107G G342V,2,2
-10.67,4.166,AGCCTTGACTAAGTAA,V309E,1,1
-10.67,4.166,AGGACAAGATATCATC,L316N,1,1
-10.67,4.166,CATATACCTAATGAGG,L431G E443*,2,2
-10.67,4.166,TAAAAAGATCCCATAA,R90K C97D,2,2
-10.67,4.166,TATTTGGTTTTTTATG,T248L,1,1
-10.67,4.166,TGCAATATTCCCACGC,E280K S422N Y470M,3,3
-10.68,4.166,ACCCCACATAACTGGT,M444A,1,1
-10.68,4.166,CCCAGCGCCACCAAAG,E41* P55G T485G,3,3
-10.68,4.166,CCTCTTTCAGCCTGAA,S287G M462K,2,3
-10.68,4.166,CTTGGTATGACGAATA,G256D,1,1
-10.68,4.166,GAACCGTTAAATTCAA,P185Y,1,1
-10.68,4.166,AAATCAATACCCCCTG,W343N,1,1
-10.68,4.166,ATGCAATCTCTTCCCA,L409H,1,1
-10.68,4.166,GAGCAACATTATATAT,G352V L428A,2,2
-10.68,4.166,CATCAGATCGATTGAT,S312H,1,1
-10.68,4.166,GACTACCAAAAATAAG,I335C,1,1
-10.68,4.166,GTGGACATAGTAAATA,I51Y K121M H471R,3,3
-10.68,1.389,GGTCGCAAGCCTTCGC,A69C V130H,2,2
-10.68,4.166,GATTACTCTAACGATT,S270W,1,1
-10.69,4.166,AAAAATACACGTAACG,I245K,1,1
-10.69,4.166,AATCATTGTTAAAGGA,G360I,1,1
-10.69,4.166,AGATAAATTGTTGATC,S115P,1,1
-10.69,4.166,ATCAAAGGTTGCAATG,G142C E432T,2,2
-10.69,4.166,CTTGTCACCCTAAACG,F148S,1,1
-10.69,4.166,TTTGAATCCCACCTTT,C477K,1,1
-10.69,4.166,TAAAATCACCAACCCA,D366Y,1,1
-10.69,4.166,TAATCAATTTAATTTA,L439N,1,1
-10.69,4.166,TTAATGAAGTATGACT,C76V,1,1
-10.69,4.166,GCTCACTTTTTCGATG,W84R D415C D474M,3,3
-10.69,4.166,AAATGCCTACCCTAAT,G349K,1,1
-10.69,4.166,CACACATTTGTTAACA,V204L L439K,2,2
-10.69,4.166,TGCAATCTTAAGGGCT,F148Y L243W,2,2
-10.69,4.166,CGTATAATCTAAAACT,A495G,1,1
-10.69,4.166,GGCCACACCCACAAAA,F87D,1,1
-10.69,4.166,TAACAAAAGACTGCGG,G61C,1,1
-10.7,4.166,CAAATGATGACCCTTA,T10W Q434*,2,3
-10.7,4.166,GAAAATAACCTACTCG,I481K,1,1
-10.7,4.166,CATCTAAGGATCGACC,G342Y,1,1
-10.7,4.166,TCACACACAATCGTGT,L66F I236K,2,2
-10.7,4.166,ACGCTCACCAATAAAT,L409E,1,1
-10.7,4.166,TTAGTCGAATTGTAAA,L59C L455R,2,2
-10.7,4.166,ATTATCAATTTCCTAT,V102R,1,1
-10.7,4.166,GACAAATATGCTTGAG,E35* S146E,2,2
-10.71,4.166,ATGTTAAAATTATCAC,N170Y I242D E398K D415N,4,7
-10.71,4.166,ATTTCTCTCGCTATCT,Q434W T440I,2,2
-10.71,4.166,GCACAGCCAAGTCCGT,V88K E396K,2,3
-10.71,4.166,GGGGATATTACACAGC,S422F,1,1
-10.71,4.166,TTTACTAGAAAATCTT,M462P,1,1
-10.71,4.166,GCGAAAAATAAACAAC,G72Y K292Y,2,2
-10.71,4.166,ACCTCGAGACTTCCTA,E41Y G349T,2,2
-10.71,4.166,GTTATAAGAAGCAAAA,G342W,1,1
-10.71,4.166,ACTAACATACTATAAA,I377P,1,2
-10.71,4.166,TTAAAGCAAATCAAAA,C305V,1,2
-10.71,1.389,TAAGATGCACCGATCT,I179D,1,1
-10.71,1.389,TAATCACGTAACTTTA,R90Q R208Q M268E,3,3
-10.71,4.166,AAGAAAACTTCAACAG,V43Y,1,1
-10.71,4.166,ACCAGTAGCAAGATAG,L314Y,1,1
-10.71,4.166,GCCTCTATCATTAACC,F294D,1,1
-10.71,4.166,TATAATCCAATTACAC,L108K,1,1
-10.72,4.166,ACGATCAGGTCTACTA,A495R,1,1
-10.72,4.166,CACCTAGAGCCTTTGC,F338G,1,1
-10.72,4.166,CGCACTGGTAATGCAT,L243K,1,1
-10.72,4.166,TGCTAAAAATAATCAC,A373Y,1,2
-10.72,4.166,GTTCATATCTTACAGA,V112M M320H,2,2
-10.72,4.166,TAATTGAGCCGTACCC,F338E G463V,2,2
-10.72,4.166,AGTAAGCCGACAACAT,P55H Y412* L427E,3,3
-10.72,4.166,GTAGACCCTTACTCCA,A317M,1,1
-10.72,4.166,TGATCAATTCATCAAG,E340F G360S,2,2
-10.72,4.166,TTATCATACGAGAACA,T436N,1,1
-10.72,4.166,ATAATAAGATTGGATA,R329M,1,1
-10.72,4.166,CGGGTTCTATAAAACT,N152R,1,1
-10.72,4.166,GAAAACCAGGGCCACA,Y351S,1,1
-10.72,4.166,GCGAAATGTTTCATAC,P215H I437W,2,2
-10.72,4.166,TAACAAAACCTAACTG,D241P,1,1
-10.72,4.166,TTAAATGATAAAAAAC,C52P,1,1
-10.72,4.166,CTTCTCATGCTTTCGA,D366L,1,1
-10.72,4.166,GAAAAATTTTCTACAC,Y486H,1,1
-10.72,4.166,TCTCGCACCCTAAAAA,C277S P293L S400F,3,3
-10.73,4.166,GTGCAGCATGCGGGAT,W234T N250V,2,2
-10.73,4.166,GTTAGGAGCGGATCGC,G134N S480E,2,3
-10.73,4.166,TGAGAGAATCCAATAA,K310G L428R,2,2
-10.73,4.166,AGATGACCACAAGAAG,C139Q G240C E403P,3,3
-10.73,4.166,ACACCGAACCCTAATA,H17P,1,1
-10.73,4.166,ATCGCTGCACTGATTG,Q211I A495R,2,2
-10.73,4.166,TCCAAGTGATCTAATG,D175Y W180V,2,2
-10.73,1.389,ACGAGCCGCAAGAAAC,I481R,1,1
-10.73,1.389,AAAACTAACACAACCC,E325W C473G,2,2
-10.73,4.166,ACGAAGACGGCGACTC,L496I R499I,2,2
-10.73,4.166,AAGCGTTATACCTACG,S422G,1,1
-10.73,4.166,AATTCAGGATCACGCA,V182M S265G L409P,3,3
-10.73,4.166,ACAGAATGTCAATTTA,A334E,1,1
-10.73,4.166,CAGCATTTCCCTTACC,W421C,1,1
-10.73,4.166,CGTGGCATGTCAACAT,D438R,1,1
-10.73,4.166,CTATAACAACTAAAAC,N322G,1,1
-10.73,4.166,GGAAGACCGAATAATC,I469Y,1,2
-10.73,1.389,TAACTTCTCAGTATTA,I267- S270L,2,2
-10.74,4.166,TTTCGTCCTATAATGG,T40W E432C,2,2
-10.74,1.389,CACTTGTTTGGATTAA,,0,0
-10.74,4.166,AATTCTCTTGAAGTAG,D186Y D461N S480L,3,3
-10.74,4.166,CTAGGAGTACAATGTA,N170C,1,1
-10.74,4.166,AGTAACAATTAACTTA,V309P E449P,2,3
-10.74,4.166,CTTCCCATGATACAGG,A334F,1,1
-10.74,4.166,CTTGAATACACTTATT,G72L,1,1
-10.74,1.389,GATACACTTGAAAATT,A459R,1,2
-10.74,4.165,ACTCCCAAACATTAAT,T313V E432K,2,2
-10.74,4.165,CGCAAACTCAACAAAA,A163S C277F,2,2
-10.74,4.165,GGATAATTCTTACGAA,K411P,1,1
-10.74,4.165,TTTAATTACTTACTAT,D68I,1,1
-10.74,4.165,ATCACAGAAGAAAATA,G333H,1,1
-10.74,4.165,GGACTATCAGGGTAAT,L86Q D461K,2,2
-10.75,4.165,AAACCTATACGCATTA,G240T G286I E325F,3,3
-10.75,4.165,AATAATTGTAGAAGAA,Y351H A364D,2,2
-10.75,4.165,AGAACGCTAAATTGAA,T248L,1,1
-10.75,4.165,ATAAGAATACTTTAAA,G181L,1,1
-10.75,4.165,CGAAACTTAAAAAGAA,D438P,1,1
-10.75,4.165,TAATATTATACGATGA,E123W N216Y,2,2
-10.75,1.388,AGCCCAAAGCAGACAC,M168P,1,1
-10.75,4.165,ATGTTATATTATTCTA,T37N R261Q,2,2
-10.75,4.165,CAACCAATACTGACAA,A113W,1,1
-10.75,4.165,GATATCTGCTAAGCGG,G337Y R492M,2,2
-10.75,4.165,GTAATCTATTGACGGG,T248M T485H,2,2
-10.75,4.165,ATATAAAAGCATTAGA,F87C T328G,2,2
-10.75,4.165,ATCCAAAAAAAAATGT,K176L,1,1
-10.75,4.165,TATACCTCCTAAAAAC,G352D F500S,2,2
-10.75,4.165,ACATTTAACGCGTCAC,W127*,1,1
-10.75,4.165,ATTGCGCCTCTCAACA,S270Y,1,1
-10.75,4.165,GATTATACACGCAAAA,A163T G345D Y351P,3,3
-10.75,4.165,TAGGTAACCAATAAAA,I481K,1,1
-10.75,1.388,CTATCAACCAATTGCC,G286V,1,1
-10.75,4.165,TCCGTCGTCAAAGCAA,G362C,1,1
-10.76,4.165,CAAAGAACACCCCAAT,Y491C,1,1
-10.76,4.165,GTGGTCCGGAATGCGG,C14Q W234C,2,2
-10.76,0.4628,TTATCAATACTTTAGC,L66D P254G,2,2
-10.76,4.165,AACTCACATATTGAAC,Q327*,1,1
-10.76,4.165,ACTTAGGACCTGTATC,C52G,1,1
-10.76,4.165,ACTTCCATAAGTATGA,F125D E426K,2,2
-10.76,4.165,CTCCAAGTGCTTTACA,V237P,1,1
-10.76,4.165,CCTAGTTATTATTTCA,D32Y S46T A495Q,3,3
-10.76,4.165,GGAAATGGAGCATTAT,W343P,1,1
-10.76,4.165,TTGTACAAATCTGTAA,A317T,1,1
-10.76,4.165,AGACCGAATATGCACA,L15*,1,1
-10.76,4.165,CAAGCACCTATAGACC,F125W Y486F,2,2
-10.76,4.165,TGGCCACACAGAACAA,C281E,1,1
-10.76,4.165,CTAGGAACGTCTTACA,N433W,1,1
-10.76,4.165,CTTACAATACTCAGGC,N322V,1,1
-10.76,4.165,CTTTCATAGACCTCCC,Q132L S209H W421*,3,3
-10.76,4.165,GCACGATCATGACATC,A495Q,1,1
-10.76,4.165,GGAATCAATTCACACA,Q295R,1,2
-10.76,4.165,GGGTCAGCAAAGAGAC,G61F,1,1
-10.76,4.165,GTATCCGAAGGAGTTG,N458F,1,1
-10.76,4.165,GTATTAAGATTATTTA,N152P,1,1
-10.76,4.165,TACATTACTCTCTATC,Y486K,1,1
-10.77,4.165,AAATAATTTTCCAACT,G330I,1,1
-10.77,4.165,ATTTTCAAAGAAGAGA,L194E N483W,2,3
-10.77,4.165,CACCCTCCACTCAATA,V112W,1,1
-10.77,4.165,CTAATGCGGCATTGGA,H471G,1,1
-10.77,4.165,TATCCGATTGAGTAAC,T436H,1,1
-10.77,1.388,AGAAATTATGAGTCTC,H183R,1,1
-10.77,4.165,AAGCTGCCTACCGCGA,K2V A373K,2,2
-10.77,4.165,AATAACGAGAATATTA,G256F V309N,2,2
-10.77,4.165,TAGGGCCAATACGCTT,M462G,1,1
-10.77,4.165,TATGGCAGTCGATCAG,I331E,1,1
-10.77,4.165,TTTTCGTAAGAAACCA,I58Y S209R C281P V297C,4,4
-10.77,1.388,CAATCATTACAAGCAA,,0,0
-10.77,4.165,AAGTTACACCACTCAA,S137R G465C,2,2
-10.77,4.165,AGCTTCAGTTAAATAG,H355E,1,1
-10.77,4.165,ATCGGACACTCTATAC,W84P L496K,2,2
-10.77,4.165,ATCAGAAGGGCGCTGT,G345Q,1,1
-10.77,4.165,CGAATATAATGGCAAA,,0,0
-10.77,4.165,GCTAAACAATTAAAAA,G349Q,1,1
-10.77,4.165,AGCGGGTCGCAATTAA,I58W,1,1
-10.77,4.165,CAGTTGTAACATGATC,C52F,1,1
-10.77,4.165,CCAGATCCCAATGCAA,R90C,1,1
-10.77,4.165,GCGCAAATAATTAAAC,E123M,1,1
-10.77,4.165,TGCTAACTCTAAAATC,I288P,1,1
-10.78,4.165,ATAACCCCAAATATCG,L151G,1,1
-10.78,4.165,CAACTCGTCTAGTAAA,G337Q,1,1
-10.78,4.165,GAAGAATTATTATTAC,V204P,1,1
-10.78,4.165,GCTCAAAAAACAAACC,C97R E410W,2,2
-10.78,1.388,TGAATGCTGTCTACAG,T135E E398K E432L E443K,4,6
-10.78,4.165,CAGAAATATAGTTGAA,L194H Y351E,2,2
-10.78,1.388,GATGGTGCGCAATCCA,C281K Q327L,2,2
-10.78,4.165,ATAAAAATAGATATAC,P55E P306K,2,2
-10.78,4.165,CAGCTAAAGTATAGTA,L157Y I288E,2,2
-10.78,4.165,CTGTCATTTTCAAAAA,Q295K,1,1
-10.78,4.165,TCCATTTTCAATCTAA,L70H,1,1
-10.78,4.165,CAAATTTGTGTTTCAC,P306D,1,1
-10.78,4.165,GAAAAATAACTTAAGT,S96P T313W R405K,3,3
-10.78,4.165,ATTCCAACGCGCCTAA,E340S,1,1
-10.78,4.165,CGAAAACATACCTCAG,M462H,1,1
-10.78,4.165,TATCGATGGGGTCAAT,W180T,1,1
-10.79,4.165,AACTATTGCTATAAAC,F125D,1,1
-10.79,4.165,GGATTTATACACTACA,D348K,1,1
-10.79,4.165,GTTTAGGAGTTTAACA,Y233D,1,1
-10.79,4.165,GAAATTTAAACCCACA,T301P,1,1
-10.79,4.165,TCCCCCAAAAGCAATC,L447K,1,1
-10.79,4.165,TTTCCTATTTAAGAAA,N122R G465Q,2,2
-10.79,4.165,AGGAAGCTGATAACCT,F125K,1,1
-10.79,4.165,CCAAAACCAACAAAAA,I267P V323M,2,2
-10.79,4.165,GTTTAATTGGTCACAT,R109H E119D N298C L367P,4,4
-10.79,4.165,AAGCCATACCTATTGG,C473E,1,1
-10.79,4.165,ATAAAACCTTCTTTAT,I179R,1,1
-10.79,4.165,ATAACTCAAATCACCT,G116Q,1,1
-10.79,4.165,ACCAGCGATACATAAA,T155M,1,2
-10.79,4.165,ATCGCATACCCGCGTC,S96E Y470P,2,2
-10.79,4.165,TCACAGACCACTTTTC,I502N,1,1
-10.8,4.165,ACGCATACAATAGTTC,S198G Q295G,2,2
-10.8,4.165,GTAGCGTGCCACAATT,S358N A495T,2,2
-10.8,4.165,TACATTATAAATCACC,A495I,1,1
-10.8,4.165,TCTTTAATAATAAGGG,I67P,1,1
-10.8,4.165,GACGTGATTCAATCAG,N246P A253S,2,2
-10.8,4.165,TCATATACCTCAGAGG,E390K N433Q,2,2
-10.8,4.165,CAACCCTATTCCAACT,G256W,1,1
-10.8,4.165,TCCACGAATTAGGGAC,S205K N464R,2,2
-10.8,4.165,TGATCATTAAAAAAGC,C473Q,1,1
-10.8,4.165,AGAAATATTACGCAGA,C97V,1,1
-10.8,4.165,ATAAACTTACACAGAC,F294P,1,1
-10.8,4.165,TTACCGTTTGCAAAAA,P185H,1,1
-10.8,4.165,ACGTTTTGGCCTCATA,G134D,1,1
-10.8,4.165,CCATTACTGACTGCCA,E494D R499K,2,2
-10.81,4.165,ACATCAAAATTATAGC,G49D C466Q,2,2
-10.81,4.165,ACCATGCGCCAAAACG,I469G,1,1
-10.81,4.165,CAGTTATGCTTGCAAA,F332E,1,1
-10.81,4.165,GAGTTGATACCTAGTT,L316C,1,1
-10.81,4.165,CGTCCAAGGTGCTCAT,N458G,1,1
-10.81,4.165,CTTCTTCCATTGAACT,R499M,1,1
-10.81,4.165,GTGAGAATAACCTCTT,I377Y,1,1
-10.81,4.165,AAGCGTATATAACCCA,I288N,1,1
-10.81,4.165,ACCATAAGTTATACAC,F174P,1,1
-10.81,4.165,ATAAAGCCATTCCCAT,A272T C277N,2,2
-10.81,4.165,CCTCCAAAACACCAAC,F500D,1,1
-10.81,4.165,CGAATAAAACACCAAC,Y486I,1,1
-10.81,4.165,CTAAACATTATCAAAC,G360L,1,1
-10.81,4.165,GATACTACGGTCCAAG,D60N N322G,2,2
-10.81,4.165,GGTTCAAACATTCATA,L177N C281V V402A,3,3
-10.81,0.5951,GGGCTATCCCGCTATG,L251M P254H,2,2
-10.81,4.165,ACGAAAAGCATCGGAC,M268A F467Q,2,2
-10.81,4.165,ATAACACCAAAAAAAG,Y257T,1,1
-10.81,4.165,ATTAGAATTCACACCC,D474Y,1,1
-10.81,4.165,TTGATACCAAAAAGAG,L108Y P239T,2,2
-10.82,4.165,CCATATTACGACAATA,L420R,1,1
-10.82,4.165,GACCAGTGCGCTTGAC,S231A W343L,2,2
-10.82,4.165,ATTTCATGACCACTGC,S228V K417N,2,2
-10.82,4.165,CTACCACTGTGAAACT,Y470A,1,1
-10.82,4.165,TACGTCGATATCTAAC,L13P P306C,2,2
-10.82,1.388,CAGCCAGGTATAGTTA,Y308E,1,1
-10.82,4.165,ACTGGCAACCCCCATA,L108G,1,1
-10.82,4.165,GATTTGTGAGGGACAA,D241L Y423R,2,2
-10.82,4.165,TGGCTCCCTGTTAAAC,G345E I395N,2,2
-10.82,1.388,TCCTTTCCAATGGTCA,H471M,1,1
-10.82,4.165,GTACTAGATATTAACA,Q164K A336D,2,2
-10.82,4.165,TACTCTACAACATCAA,C281A,1,1
-10.83,4.165,GTTGAAGCTAACTGTG,F353A,1,1
-10.83,4.165,GGACATCCCATATCGC,F338I I437S,2,2
-10.83,4.165,TTCACCTGTAAAGCCC,R220E A459H,2,2
-10.83,1.388,ACAAATATTCTACTCC,R90G D487Q,2,3
-10.83,4.165,ATAAGCTCCATAATAC,I232H,1,1
-10.83,4.165,CCTCGTTTAATAGATG,V130F,1,1
-10.83,4.165,TCTACTCGCAACACTC,S270E,1,1
-10.83,4.165,TTAATCGATTCACGAA,K176P,1,1
-10.83,4.165,AAATATAATCACACAA,R499G,1,1
-10.83,4.165,AACAATGAAATAATCA,Q57* A425R,2,2
-10.83,4.165,GAAATGATAGTGTTAC,P169A R261G C277L G345C,4,4
-10.83,1.388,GCCAGCATGAAAAATA,W343R,1,1
-10.83,4.165,ACATATTACTATCTCA,Q295K,1,1
-10.83,4.165,ATAGCCTTAGTATACT,N250D A317T,2,2
-10.83,4.165,GCAAGTACCTTTCTTC,M320D,1,1
-10.84,4.165,GATGTTGAACGTCGTA,T328I F500C,2,2
-10.84,4.165,TCAATACATATAGGTG,I51F G181H,2,2
-10.84,4.165,AACCCCTAAGGGGTTC,A253W,1,1
-10.84,4.165,ACTCACACTAAATCTT,L496G,1,1
-10.84,4.165,AAGAGTAGCTATCCCA,Y412G,1,1
-10.84,4.165,GGATAATAGGTAGCAC,D225W Y233H V309A G386L K391R,5,5
-10.84,4.165,GTCGATAACACCAAAC,G72Y,1,1
-10.84,4.165,GTTTAGAAACAACTAA,I481D,1,2
-10.84,1.388,TTTACTGCACAGATAC,A317Q,1,1
-10.84,4.165,ATATATTCCACCTATA,I469A,1,1
-10.84,1.388,TTACATAATTTAAATC,Y486T,1,1
-10.84,4.165,GATAGAAATAACAAAT,E426S,1,1
-10.84,4.165,GTTGCGTCTGAGCCTA,N433S,1,1
-10.84,4.165,TGGCCATCAGGATACA,W127P,1,1
-10.84,4.165,TTATAAGTACTATGAC,F294E E398K,2,2
-10.85,4.165,AGTATGGGCCAAGCAT,A336H,1,1
-10.85,4.165,GAAAGTATAGAACTAA,R109Q V323L V429M,3,3
-10.85,4.165,GATTACATGCTAACAC,Y161G F448G,2,2
-10.85,4.165,ATTCAAAGGCTGGTAA,I300N H355T A459S,3,4
-10.85,4.165,CGCCGAACTCATACCC,L409M D419Y,2,2
-10.85,4.165,TGGAAATTCCTTTCAC,D474R,1,1
-10.85,4.165,ATTATAAATTTAATAT,F148P,1,1
-10.85,4.165,AGACAGTATATCGGCT,I274F L316N,2,2
-10.85,4.165,ACAGAAAAACCCATAA,Q191T Y351D,2,2
-10.85,4.165,AGTAGTACAGAAGATA,A163H C277F,2,3
-10.85,4.165,AAAGACTGAATTAGTT,F258R,1,1
-10.85,4.165,CGTTCCATCACAACGT,F87R,1,1
-10.85,4.165,CTAGTGAATGGGATAC,Y100W T328V A365S,3,3
-10.86,4.165,TTGCCACCTATTACAG,W180Q,1,1
-10.86,4.165,AATGTCTCCGTTTCAT,Y105R W350D,2,2
-10.86,4.165,TGTAAACAAAATTCAC,Q371P,1,1
-10.86,4.165,ACCAAACAACAAACCC,S107I G286L I395S,3,3
-10.86,4.165,GTGACCGAAAATACAC,V237E,1,1
-10.86,4.165,GTGCACCCCATACATA,Y100C E457K,2,2
-10.86,4.165,GATGCATTTACAACGG,C64L,1,1
-10.86,4.165,ACCCTGAGAACATGGT,G61W,1,1
-10.86,4.165,ATTATGGCATATTCTA,C305D,1,1
-10.86,4.165,TAGTATTTAGCTATGG,V297- N298- R299- I300- K315H,5,5
-10.87,1.388,CCCCAAAGTCACTAAC,G330L,1,1
-10.87,4.165,TCATCAAATTAAAACT,I469C,1,1
-10.87,4.165,ATACGATATCAATCAA,N22P,1,1
-10.87,4.165,AATGCGATGGGGACAT,G116N,1,1
-10.87,4.165,GATACTAAAAGGAACG,G72L N322K E325K,3,3
-10.87,4.165,TGAATCTTGACTCAAC,Y423D,1,2
-10.87,4.165,TAGGTAAACACTCTCC,L66P,1,1
-10.87,4.165,AGTCCAAATAGCGCAT,Y257L,1,1
-10.87,4.165,GAAGATTTACGGCTGC,K176S R354E,2,2
-10.87,4.165,GAGCGAAAATGCAATC,G181N,1,1
-10.87,4.165,TTTCGTTCCAAAAATT,V36W,1,1
-10.87,1.388,ACATGCGTGGGCGTCT,I232E,1,1
-10.88,1.388,AAAGACTACACAATAT,F294R F392P,2,4
-10.88,4.165,TGTAAAGATTGTGATA,G16E T451F,2,2
-10.88,4.165,TCTGAATTTCAAAACA,S247K G465W,2,2
-10.88,4.165,CCGGGTTAAGTGCTGT,L118E,1,1
-10.88,4.165,GTACTCTATTTTTAAT,N152W,1,1
-10.88,4.165,TAAAGACAATTTATCC,G249K,1,1
-10.88,4.165,TCTTGTAATAGACGTC,I481C,1,1
-10.88,4.165,TTACTGATAGTTACCA,F148C,1,2
-10.88,4.165,CCGACTTAAAGTGACA,Q363P,1,1
-10.88,4.165,CTCTAAGTAACCTTAA,F148T,1,1
-10.88,4.165,GCTTTCTAAGCAAAAG,G256V,1,1
-10.88,1.388,TACCACATCAACTACA,A495N,1,1
-10.88,4.165,CACGTACTCATCATAA,E123P K411R,2,2
-10.88,4.165,TCGAATCCTAGAATGC,F338K F448K,2,2
-10.88,4.165,ACCAGCACTTTGAACT,V20E Y491E,2,2
-10.88,4.165,CAACTTCTATATATAA,Y351D,1,1
-10.89,4.165,AAACATTGTCACCAAC,E89I,1,1
-10.89,4.165,ATAGAGTACCATGTTA,L455Y,1,2
-10.89,4.165,TAAGAAGTACAAAGAT,L151G,1,1
-10.89,4.165,AGCCCATATATAACAA,I274D R456P,2,2
-10.89,4.165,ATCAATCAGGATAAAT,F147P R307E,2,2
-10.89,4.165,CAATACAAAAGTAACA,C477R,1,1
-10.89,1.388,GACGCCAATTACACGG,Y98F E403G,2,2
-10.89,4.165,AACCAACTGACTGTTA,,0,0
-10.89,4.165,TAAAAAAGTTAACTCA,D73F,1,2
-10.89,4.165,AAGACTTGGTAAACAA,Y351C N464M,2,2
-10.89,4.165,AAGCAACTACAACTTA,H17C,1,1
-10.89,4.165,AATTATGTTCCAAAAT,G345A,1,1
-10.89,4.165,AGCAAATTAGTACCAA,C473L,1,1
-10.89,4.165,ATCACTAACTACTAGA,Q173K K207N L384P,3,3
-10.89,4.165,GTCAGAATTGCACCAA,A113E N458C,2,2
-10.89,4.165,CAGAACACACAAAAGC,A425D,1,1
-10.89,4.165,CTCACATGTTTATATA,W421K,1,1
-10.89,0.833,CCGTTACTGAGAGCCC,I478R,1,1
-10.89,4.165,ACTGTTCCTGAATCAC,C14G M320D,2,2
-10.89,4.165,GAATCTTAAACATAAA,D101N Q191D E410K,3,3
-10.9,4.165,AAAAACTTCTCAATTC,T436G,1,1
-10.9,4.165,TACCGAGATATATAAA,C477R,1,1
-10.9,4.165,ATACTTCAAAGTACCC,E340K E401G,2,2
-10.9,4.165,CCCCCTACATCAGCCA,M268R,1,1
-10.9,4.165,TGCAGTAACTATCACA,A253S L496Q,2,2
-10.9,4.165,ACGAGACCAATTTGTA,P99I K452I,2,3
-10.9,4.165,ATCGGCCACTCTAACT,T187H S228Y,2,2
-10.9,4.165,ATTTAATCAATCGTGA,G349N,1,1
-10.9,4.165,CGGAAGAGGTTGAAAC,Y486E,1,1
-10.9,4.165,AATCGCAAAGTTAAGA,D461C,1,1
-10.9,4.165,AGAGATACTATAAACC,N464C,1,1
-10.9,4.165,CGCATTTGGCAAAAAA,L427K,1,1
-10.9,4.165,GATAATAAAACCCCCA,D474R,1,1
-10.9,4.165,GTAAAAAAGTAAACTA,T28K N53C,2,2
-10.9,4.165,TATCCTTGACACCAAA,W153R R492Q,2,2
-10.91,4.165,AGTACCTGCTAACAAA,,0,0
-10.91,4.165,CCGAGGTCGACTAATG,F148I G404L,2,2
-10.91,1.388,GTGCAAATCAGTATGC,G337D E398K,2,2
-10.91,4.165,AACTATCACGGATAAG,L42E,1,1
-10.91,4.165,AAGAAATGAGCAGAAT,A253W E359R,2,2
-10.91,4.165,GACATAGGGCACCAAC,E426C,1,1
-10.91,4.165,TATTATAGCAAGTTCC,G286W Q371K,2,2
-10.91,4.165,CATCAGATATCACTTC,C466F,1,1
-10.91,4.165,GAGAAATCGAAGGGCC,E449D T451P K453V,3,3
-10.91,4.165,GCGCATATCAACATAC,T12P,1,1
-10.91,4.165,TAATTTCTTCTTTTAT,R90Y N475H,2,2
-10.91,4.165,AAGTACAACATTAGGT,G286K,1,1
-10.91,4.165,CTCATCCGACTTACAA,V182I P254F,2,2
-10.91,4.165,GCCACAAAATCTTTAA,H471M,1,1
-10.92,4.165,AAAAATGATGTTGGCA,I245T D408N,2,4
-10.92,4.165,ATTGTCCGTTAAACGG,G360V,1,1
-10.92,4.165,GTCGACAGGATTTAAA,S46M G49V W421P,3,3
-10.92,4.165,TAACCTTCAGTCTCTA,V43K,1,2
-10.92,4.165,TACTCTTGAAACTGGA,L111P P273D,2,2
-10.92,4.165,TGTCGTAGTATGCCCA,Y412G,1,1
-10.92,4.165,AATCTTTACTTCTGCC,C477W,1,1
-10.92,4.165,GAATCCTCCTCACGAA,L118Q E457D,2,2
-10.92,4.165,TATTATCATTCACCGC,D241K,1,1
-10.92,4.165,TGTAGTAAATCATAAT,N250L,1,1
-10.92,4.165,GAATGATCCTCTGTTC,Y257K,1,1
-10.92,4.165,AATAAGGTCAAAACCC,L384R,1,1
-10.92,4.165,TTTCTATATCTCCACA,I252E,1,1
-10.92,1.388,GGTCACCGATTGACTA,E123L,1,1
-10.92,4.165,ATTGCTGACTAAACAC,T128I S266K K387*,3,3
-10.92,4.165,CACGACCATCCTCCAG,K380V,1,1
-10.93,4.165,CCAAACTTAATAAAAG,I34R,1,1
-10.93,4.165,CGATAGATCATATCAT,T436Y,1,1
-10.93,4.165,GCAGATTTAGAGGTTA,S137D,1,2
-10.93,4.165,CAGTTTCATCAATGTG,N190Q R329K N357W N489Y,4,4
-10.93,4.165,GAGATGTATGCCACCA,R354P,1,1
-10.93,4.165,TTTAAAATTAATTCGG,I339G,1,1
-10.93,4.165,ACAAAAGTATCACTTG,V102N,1,1
-10.93,4.165,GACAAGGTTGTTCAAC,E123R E410V,2,2
-10.93,4.165,TAATCCTACTTATTAA,Y351N,1,1
-10.93,4.165,AGCTTAGTCAAAGTGT,L151T,1,1
-10.93,4.165,CCTAACCTATTCGCTT,A39T T248C,2,2
-10.93,4.165,GAAGCCGACAATCTCA,G275M L367P,2,2
-10.93,1.388,ACCAATGAGCCATACA,P306E,1,1
-10.93,4.165,AGAATCATACTCTAGC,I282P D474M,2,2
-10.93,4.165,TAACACTTTGAAAATT,S287K G465L,2,2
-10.94,1.388,CTTACTATTTTTCAAA,E35*,1,1
-10.94,4.165,ACCACTGTAATCTTAA,L439G,1,1
-10.94,4.165,CTCCAATCGATCCACA,A212T A334R,2,2
-10.94,4.165,GAGGTCAACTCTGATC,T37Y S193E,2,2
-10.94,4.165,ACCCTTACATGAGATT,E172K L431R N458G,3,3
-10.94,4.165,CCTGCTCTTTCAAACT,P55C G465W,2,2
-10.94,4.165,GACTAATATCACATAA,G319E,1,1
-10.94,4.165,TGTTAAAAACACAAAT,L71Q,1,1
-10.94,4.165,TATGAGGACGAGGATC,C473W,1,2
-10.94,1.388,AAAGCGGAAGGGCTAA,D366L,1,1
-10.94,4.165,AATTTCCCCACAAAAG,I252P,1,1
-10.94,4.165,GTGCTTGACATACTAT,V112F C139S G319L,3,3
-10.94,4.165,CACAGCCCGACACATC,I274S E426Y,2,2
-10.94,4.165,CGATTTCGACTTTACA,G352D,1,1
-10.94,4.165,AGCTTTACAGATTTAG,L409P L427T,2,2
-10.94,4.165,GAATACGATGGTCTAT,D175K R361W R499G,3,3
-10.94,4.165,GTAAAAAAGACCTCCA,Y178C,1,1
-10.94,4.165,TAGAAAATCCTGCCGA,S228N D474I,2,2
-10.95,4.165,ATAAAAGTGGACGCAA,L13K I418M,2,2
-10.95,4.165,ACATACAACTAACTAC,H435Y F448Q,2,2
-10.95,4.165,ACGATGAACCGCCCTC,L13A,1,2
-10.95,4.165,AGGTCCCGTTAGCATA,K450P,1,1
-10.95,4.165,GACGCTATCATTCAAA,Y178G,1,1
-10.95,4.165,AAAATTTATATTAATG,I481K,1,1
-10.95,4.165,AGGATCTCACTACAAC,F332S D375G,2,2
-10.95,4.165,CCTTCCGGACACCCAC,G349R D493V,2,3
-10.95,4.165,AATTCTGCCATAGACC,,0,0
-10.95,1.388,ATTACAACCACCTTTT,G116Y R220L W234*,3,3
-10.95,4.165,CTCACTCCAAGAGCAT,H18N L157V H471D,3,3
-10.96,4.165,CATCCTCAATCCTATA,Q132I D474K,2,2
-10.96,4.165,TAACAGACCTGAATGA,,0,0
-10.96,4.165,CTAATCTATTAATCTT,Y178Q R299G,2,2
-10.96,1.388,AATGATGAATCACTAC,W180L W350V,2,2
-10.96,4.165,AATGCTCTAAATTTAG,L420D,1,1
-10.96,4.165,CTACCAAATGTATCCA,P254W,1,1
-10.96,4.165,GCCGTATACGATAACA,,0,0
-10.96,4.165,ATACTCTAGACGTTAA,R307A Q434V,2,2
-10.96,4.165,CAAGACGACCCCTAAA,L15S,1,1
-10.96,4.165,TAGTAAGTATTACTGC,L243K,1,1
-10.96,4.165,TTAGCCTGTACCTACC,H435T,1,1
-10.96,4.165,ACAAATCGTACAAAAA,T28A Q295R,2,2
-10.96,4.165,GGGTCTTATGATCGTA,Y100G E390K,2,2
-10.96,4.165,GTTGTTGCTTACCACA,L243Q,1,1
-10.96,4.165,TGAAACATAAACAAAA,D68C,1,1
-10.96,4.165,TTTATGTTCTCGACAA,G360F,1,1
-10.96,4.165,GGATCAAAATTTAAGA,S266K L384R K391S,3,3
-10.96,4.165,TTCCTACCCGCCGCAA,A317E N498R,2,2
-10.97,4.165,ATATACCTGTTTAAGG,N246K G349Y,2,2
-10.97,4.165,CATATATGGTAAACAC,G337D K468H,2,3
-10.97,4.165,AATCGACAGATCAAAA,R220I S265R,2,2
-10.97,4.165,CACCAGGAACCTTTAT,L108A,1,1
-10.97,4.165,AAAAATCAGCTAAAGA,S287K F332S N357K,3,3
-10.97,4.165,CTCCCCAGCATCCTAT,G256S,1,1
-10.97,4.165,GGTTCCCGGGAATTAT,F147H,1,1
-10.97,4.165,GTTTTTTTAGACTATT,A196D S287K,2,2
-10.97,1.388,ACATTAGAGTCACAGA,G319W,1,2
-10.97,4.165,GGGTTGTATATAACAA,V309Q,1,2
-10.97,1.388,TAGGTACCTTTCCATT,C473E,1,1
-10.98,4.165,AAATTGGACAATCTTA,S156K P254E,2,2
-10.98,4.165,GCCCATTAACATACCC,P185W,1,1
-10.98,4.165,GCCGTAAACTCGTTAA,D487A,1,1
-10.98,4.165,GTCATAGCAATAACAA,I252K,1,1
-10.98,4.165,CTTCAGAACTGAATCT,D7A I58R F294S,3,3
-10.98,4.165,GTGACATACTTCACCC,G345V L367P,2,2
-10.98,4.165,CCACACTAAAACGACC,G333P,1,1
-10.98,4.165,CCACCAGTTTTCTTTC,G330T,1,1
-10.98,4.165,CGAAAATCCTAGTCTG,W153E E484M,2,2
-10.98,0.833,AAAAAAACACCTATCA,L177S S266R Q376V,3,3
-10.99,4.165,CTACACAGCTCAACAT,G319R M320I,2,2
-10.99,4.165,GATTCCGTACATGTAC,T203G S422R,2,2
-10.99,4.165,ACATTATGAGTGACGA,C52I,1,1
-10.99,4.165,GCGACACGGTTGCATA,P74S Q363R,2,2
-10.99,4.165,TCTACGACTTACCCTA,C477Q,1,1
-10.99,4.165,TCTTTAGTATCTATGC,G286R,1,1
-10.99,4.165,ACAGATCTCCAAAACA,Q1S I502S,2,2
-10.99,1.388,AGGACGATCTCTAACT,N246P,1,1
-10.99,4.165,CCCGCGATTTCCATAC,N433W,1,1
-10.99,1.388,CTCTAATTTCCAAAGA,E123Y E484Q,2,2
-11,4.165,ATTATAACTATAAAAT,S193N V309D,2,2
-11,4.165,AGACAGACCTAGAGCT,I377H,1,1
-11,4.165,CAACAACGAAAGACCA,L431K,1,1
-11,4.165,AATTGTTATACACGAA,C76N T313N M320G,3,3
-11,4.165,ACACGACTAACCCCCA,T416K,1,1
-11,4.165,ACCTAATTCTACTAGG,I282E T440Q,2,2
-11,4.165,CAATCAGACCGAGTCA,I339N,1,1
-11,4.165,AAAGATATCTCGTTAA,C305T,1,1
-11,4.165,AATCGTACTTACATTA,L15Q G337S,2,2
-11,4.165,ATAAATAAAGTGCCTC,T235I Y412W,2,2
-11,4.165,TACAAGTAACAACACT,G345F,1,1
-11.01,4.165,ATCAGTTTAGAAGCAA,L71N,1,1
-11.01,4.165,TAACCTAATTCTAAAT,F338H N497K,2,2
-11.01,4.165,CGGAAAACGAACATTC,I469D,1,1
-11.01,4.165,TTATGACTTCTCAACG,P74T E123K A430T,3,3
-11.01,4.165,CAACATCCGATTTATC,Y351A,1,1
-11.01,4.165,TGGATAAACCCGACGC,M462I,1,1
-11.01,4.165,TAACTTCATACAATAT,Q295R G333V D366L S369F,4,4
-11.01,4.165,AATTATTCACTCATAC,N126K S358W L496E,3,3
-11.01,4.165,GCATCCAAACCTTGAA,D241Y,1,2
-11.01,4.165,TTAACCGCAAAAGTTC,N250K,1,1
-11.01,4.165,GTGAAAAATGCCTTCA,T451P,1,1
-11.02,4.165,CAACGCACATCGTCTC,K171P G303D,2,2
-11.02,4.165,CCTATCTACCCACATT,Y486F,1,1
-11.02,4.165,GTGTACTCCCTAACGT,A317R,1,1
-11.02,4.165,TCTGTGAAGGATGGGT,S228Q,1,1
-11.02,4.165,AACCCACAAAAAGCTA,L316K,1,1
-11.02,4.165,AATCATAACAATTTCC,A163D L177R A272V F392L E401L,5,5
-11.02,4.165,ACACGAAAAAAAGATT,C97S,1,1
-11.02,4.165,ATTCATTGAAATATCA,T37K E484H,2,3
-11.02,4.165,CACTTGCAATGATAGA,I179R,1,1
-11.02,4.165,GATTATCACTATTTTG,N6A N458L,2,2
-11.03,4.165,CACCCTACCCCACGAC,N458A,1,1
-11.03,4.165,TAATACCTCTATTTAA,,0,0
-11.03,4.165,TGACAAGGTATAGAGA,R224P,1,1
-11.03,4.165,TGCAACTTTGCTCCTA,M268R S358P,2,2
-11.03,4.165,CAAGAAGAAAACTATA,G345R,1,1
-11.03,4.165,CTATACACATGCCCGA,G463C,1,1
-11.03,4.165,TTCCCACATACCCGTG,Y178L,1,1
-11.03,4.165,CCAAAACAACCGCAAG,Q173H D175T W350A,3,3
-11.03,4.165,CCCGTCCAAAACAAGA,Y486Q,1,1
-11.03,4.165,CCGCATACATGATTCA,G78A G286V S287C,3,3
-11.03,4.165,AGTCATGATCCAAAAA,A138D I481Q,2,2
-11.03,4.165,ATTTGTAAGTGTGTAG,E123F K380I,2,2
-11.03,4.165,CCTCCAGAAAAATCTT,G465R,1,2
-11.03,4.165,GACACATTATCATTGC,G5E G349Q H471W,3,3
-11.03,4.165,CAAATCTACGGCAAGA,I51K I232Y,2,2
-11.03,4.165,ATACGGAAGAGAAATA,G319F,1,1
-11.03,4.165,CAACAGAATTCCCGGT,Y98A P162H,2,2
-11.03,4.165,TGGCACGGTCACTTCA,A495N,1,1
-11.04,4.165,AGTATACACATTATTC,N190F,1,1
-11.04,4.165,ATAGAAAACACCTAAA,T37* K453P,2,2
-11.04,4.165,TATCCAAATGACTAAT,N458Y M462I,2,2
-11.04,4.165,ACAATAAGGTGTATGC,V237A I288W,2,2
-11.04,4.165,ACATCACAAAAACTAA,G345E,1,1
-11.04,4.165,TTAGATCCCTCCAAAG,G362F G465E,2,3
-11.04,4.165,AAGCTCCAGATAAATT,W343R,1,1
-11.04,4.165,AGCTATAACTGAGGTA,D241V,1,1
-11.04,4.165,ATTGACCTTATCTACT,F338E,1,1
-11.04,4.165,GGAATATAGTATACAA,V112D N250I E398K,3,3
-11.04,4.165,TACGACTAATAACACA,F338D E398K,2,2
-11.05,4.165,CAAGCCCGACTACTGG,V204P E449D,2,2
-11.05,4.165,CCTACCAATCACGTGT,D348N E396K N433R,3,3
-11.05,4.165,ACCATATTCAAATCTG,G319A,1,1
-11.05,4.165,ATTAGACTTTTTACCA,D419P,1,1
-11.05,4.165,ATTCAAGGAATCAAAG,G218P,1,1
-11.05,4.165,ATTTCTAGACAAAGTT,T485P,1,1
-11.05,4.165,TAGACGACTAAAAAGA,N458W,1,1
-11.05,4.165,TCAACAGCATAATCAT,G134R,1,1
-11.05,4.165,AGAAAACAATATATTT,R482P,1,1
-11.05,4.165,CCAATTCAAAAAGCAC,C64F,1,1
-11.05,4.165,TTGCTCTATCATAGGA,I252E,1,1
-11.05,4.165,ATTATGAGTCTCTGTC,G349E N433W,2,2
-11.05,4.165,CGTTACGATGCCTTCA,N246E,1,1
-11.06,4.165,GCATTCAATTAACATT,C281* S378T D461V,3,3
-11.06,4.165,AACACGATTTCAACAA,F120L S124I E359F,3,3
-11.06,1.388,ACCATATTTCTAAGAC,Y178T,1,1
-11.06,1.388,CTAAAATCAGACCAAA,S287K,1,1
-11.06,4.165,ACTTACTGGGGAGCAT,I335T,1,1
-11.06,4.165,CTAACCAAGCACCACT,A253T,1,1
-11.06,4.165,GACCTAAATAACCAAA,C14R W421P,2,2
-11.07,4.165,TTATCAATTGGTACTA,G134P,1,1
-11.07,4.165,AGTATCACAGTAGTTT,W343Q,1,1
-11.07,4.165,CGGACCCTCCCCAATT,I232T,1,1
-11.07,4.165,CATATATTGATCTAAT,N170K,1,1
-11.07,4.165,TCTTCCTTCTCCTGAT,C76L E359H,2,2
-11.07,4.165,TGACTCCCCTCTGTCA,V237G,1,1
-11.08,4.165,ATACAGTTGATCCAAC,C97A,1,1
-11.08,4.165,CGCTCTTCTGACCGGA,V429N,1,1
-11.08,4.165,AATACTCACAATACCT,G319Q,1,1
-11.08,4.165,AGGTTCATCACGATCA,N170M,1,1
-11.08,4.165,CCTGAATATTCTGACA,S110T R492G,2,2
-11.08,4.165,ATTTGATTCTGTTACC,N45D V130D,2,2
-11.08,4.165,AGATTTAGCAAGATTA,F353V,1,1
-11.08,4.165,CGGGAGTAAACAAAAA,G463I,1,1
-11.08,4.165,GGCCATATTCAACAAG,I58Y,1,1
-11.09,4.165,AAAGGATTCAAAAACA,I179N M320L,2,2
-11.09,4.165,GTTCTCATGGTCTAAG,I260D Q376N,2,2
-11.09,4.165,TTCACCATAATAGTCT,W180T,1,2
-11.09,4.165,AGTTAAAATCTCACAT,A317T G319C,2,2
-11.09,4.165,ATAACATAATACCATT,W153A,1,1
-11.09,4.165,CTAGCCACGGCTCCCA,N38G P254L S262I,3,3
-11.09,4.165,GGAATAACAAAACATG,C14Q G303E,2,2
-11.09,4.165,TAGTCCTATACCGAAC,P74V D175I,2,2
-11.09,4.165,GATAAGCTCTAACCCC,Q434I,1,1
-11.09,4.165,TCTAAATTTTAACTTT,H355R D441I,2,2
-11.09,4.165,TCTTATATGCGATCAT,I67N,1,1
-11.09,4.165,ATGTACCAATAACAGA,G303M,1,1
-11.09,4.165,AGGAGATTTTTAACGC,I339K,1,1
-11.09,4.165,CCCAAATAAACGAACA,L439G,1,1
-11.1,4.165,CCATCTATCACTCTAC,N22Y P185Q,2,2
-11.1,4.165,TAGATCTTAGGCATCA,A425E,1,1
-11.1,4.165,AAAAAAACGACATTCA,V429S,1,1
-11.1,4.165,AGAACGGATACCCAGC,Y470G,1,2
-11.1,4.165,ACGACCGAAACACGAA,G61K F294S W350C,3,3
-11.1,4.165,GGATAACCCTTACCAT,T65Y Q434N,2,2
-11.1,4.165,CTATTTAGAAAGCGAT,Q295I,1,1
-11.1,1.388,CGAAGTACAGGATACT,K259P L455G,2,2
-11.1,4.165,CACACACTCTCGTTAA,H471D,1,1
-11.11,4.165,CCATAACGAATAGAAT,M346S,1,1
-11.11,4.165,TTAACGATAAACTATT,V20D A430V,2,2
-11.11,4.165,GGCACCTGCATCAAGG,L15K V112T G116A,3,3
-11.11,4.165,TACGTAATACACGATC,C76P S369Q,2,2
-11.11,4.165,AGTGATTGATGTAATC,F195D,1,1
-11.11,4.165,ATGTTGATACTTACCA,M444P H488W,2,2
-11.12,4.165,AAGACTTATTAATACG,S54P,1,1
-11.12,4.165,CAAGCCATGTAAAATT,Y105R G465E F467L,3,5
-11.12,4.165,CCCAAGTAAGGAGATA,N190W,1,1
-11.12,4.165,CCCCTAATATCTAAAC,W234C S422M,2,3
-11.12,1.388,TTACGGGCAGCAGACT,F467R,1,1
-11.12,4.165,CACGACAAAACAGTAC,N165F E414*,2,2
-11.12,4.165,CTCCCTCATACAAGAT,C281Y,1,1
-11.12,4.165,TCAAGTACTAATAAGC,L66R D225W,2,2
-11.12,4.165,GACAAGGAAGACGAAT,N170I,1,1
-11.12,4.165,TTCTATCAATAGTTAC,G72Y V213A,2,2
-11.12,4.165,GATACGCACATTAAAA,G352E,1,1
-11.13,4.165,TTGGGTCCTCATTCCA,V102H,1,1
-11.13,4.165,TCAGCAATCTAGGCAA,F87T,1,1
-11.13,4.165,CTTTCTCTAGGCAACC,C473K,1,1
-11.13,4.165,GTTATCGCATCTAACA,G116P,1,1
-11.13,4.165,ATTACACAATTAAATC,W84V A138I,2,2
-11.14,4.165,TCCCGCAAGTATATAA,C64W,1,1
-11.14,4.165,TTATACAAAAAAACAT,T370N C477Y,2,2
-11.14,4.165,AAGAATGACATTCAAA,G465C,1,1
-11.14,4.165,ATGGCCCCCTAGTGAA,R90E,1,1
-11.14,4.165,AACGGTCAGCTGAAAG,C64L T416H,2,2
-11.14,4.165,CGCAATACAAATAGAC,F500C,1,1
-11.14,4.165,TACAGGGACTAATTGT,G342W,1,1
-11.14,4.165,TCAAATCACATCTGAA,R329Q,1,1
-11.14,4.165,ACATCGTAACTATGGT,Q164E H488A,2,2
-11.14,4.165,CAACACTAGAAATACC,T37R,1,1
-11.14,4.165,CTATTTTATGCAGCAG,S115N,1,1
-11.14,4.165,GGAAATTAACAGATAA,M320I A364K,2,2
-11.14,4.165,CTGGAATATTAACATT,L447T,1,1
-11.14,4.165,AGACACTAAATCCCTC,L59P F294E,2,2
-11.14,4.165,AGTACGATGATGCGTC,G360Y,1,1
-11.14,4.165,GAACTACAACGTGATA,E83F G349Y,2,2
-11.14,4.165,ATTGCAAGTAAAAAAC,L86R,1,1
-11.14,4.165,CACCTAAGTAAAAAAG,G342W,1,1
-11.14,4.165,CGTTGAAAAGTATAAA,E449N,1,3
-11.14,4.165,GCCATACGGTGCATAA,P306I,1,1
-11.15,4.165,ATAGGTAAGAATACCA,C14K S287R,2,2
-11.15,4.165,GTATTACACTTCGGAG,E41K,1,1
-11.15,4.165,TCTTATTCCTGCTAAC,Y257M,1,1
-11.15,4.165,ACAGATCCAGTTCGTT,P254E,1,1
-11.15,4.165,CTTGTTATATTTGGAT,C97E,1,1
-11.15,4.165,ATTTTCAAACATTAAC,A11G I478N,2,2
-11.15,4.165,TACTTGCAATGCCTAG,E398K N458C,2,3
-11.15,4.165,TCCCTTAAGAAGTTAT,W180R,1,1
-11.15,4.165,TTTTCTGACACCGGTA,A19P M268S,2,2
-11.15,4.165,AATTTCCTGTGTACTC,C277S,1,1
-11.15,4.165,TGCATAAATCAAAAAC,G23H,1,1
-11.15,4.165,AGTTGAAAACTATAAA,T283N,1,1
-11.15,4.165,CTCAAGGACCACGCGT,L108P,1,1
-11.15,4.165,TATAGGATGAGCTATT,V237H,1,1
-11.16,1.388,CCAAGCATACATAATG,N458W,1,1
-11.16,4.165,AAGCAGAAGACATTAA,Q191K G337D E398K,3,4
-11.16,4.165,AGATCACCGTACAAAC,E83*,1,1
-11.16,4.165,TTCCATCGCGATATAG,F147V,1,1
-11.16,1.388,ATACAATAGATGTACA,I377G,1,1
-11.16,4.165,CATCACACACCCTCGA,T451D,1,1
-11.16,4.165,GTGAATGTTAGCGCCT,V20P,1,1
-11.16,4.165,TCCAGAAATTAAGGCT,S115E K176F Y351K,3,3
-11.17,4.165,TGAGTGGTCACTCAAA,N170G,1,1
-11.17,4.165,ACAAATATCTAATAGT,A272S C281K F399G,3,3
-11.17,4.165,TTGTACACAAATATTA,G218K P284L E390R E398Y,4,4
-11.17,4.165,GCAATTAACACTAGAA,P254F,1,1
-11.17,4.165,TATGTTGGATATATTT,F148N,1,1
-11.17,4.165,GACCAAACAATAAATT,N170T,1,1
-11.17,4.165,TTGAATATTCTCACAA,H17D G404S,2,3
-11.17,4.165,GAATCCAATCGCCATA,V237D,1,1
-11.17,4.165,GCGACACGCCTTCAAG,A138D K450G,2,2
-11.17,4.165,TCTCCACTCCAGACTT,F258E,1,2
-11.17,4.165,TTTCTGACAAAAGAAC,G465Q,1,1
-11.18,4.165,GTTTATAATACGCACA,A373F E414K,2,2
-11.18,4.165,AAACAAGCAATTGTAA,G256I,1,1
-11.18,4.165,CAAATTTACATTCCTT,R109C N322H,2,2
-11.18,4.165,TTAGTGCATCATACCA,N357Y,1,1
-11.18,4.165,AAAAGGAGCCATCTAA,T235L T248A,2,2
-11.18,4.165,CAACAGCAGAAGCAAT,C473F,1,1
-11.18,4.165,TCCCAGAGACAAATCG,A253L,1,1
-11.18,4.165,ACGAATTACGGTCATA,Y178A E390K,2,3
-11.18,4.165,AGAATGCATTAAAGAT,E89P,1,1
-11.19,1.388,TATTAGTATCGGCACA,C305G,1,1
-11.19,4.165,CGCAGAGTGGTCTCAG,M462G,1,1
-11.19,4.165,CTAAAGCCTTACTAAC,G116I,1,1
-11.19,4.165,AGAGCTTCGATACCTG,V88L A317T N497A,3,3
-11.19,4.165,ATGAAATCCCCCCCTA,G303N,1,1
-11.19,4.165,AGCCTTTATTCTGATG,C305Y K417C,2,2
-11.19,4.165,CGTAGCACTATAAAAC,M444D,1,1
-11.2,4.165,ATTAAGTGTAAGTATA,D419Y,1,2
-11.2,4.165,CTCCACGCACGGGCCA,D419K,1,1
-11.2,4.165,CCATGCAAGCATAAGA,K171N I179Y,2,2
-11.2,4.165,TCATCCATTTAATGCA,S46F Y302G,2,2
-11.2,1.388,AATGGAGGTTCGCTAC,C52K R329L,2,2
-11.2,4.165,TCCACCTGTCATCACG,T248D,1,1
-11.2,1.388,TGAGATTCTACAATAG,I478K,1,1
-11.2,4.165,GAACCCAACTAGCACA,Y412P,1,1
-11.21,4.165,TACAAAAAATGAATCA,A336P,1,1
-11.21,4.165,TGGTACAGCTTAGGAT,R90W,1,1
-11.21,4.165,TCCTATATATCCTTCC,F258Q,1,1
-11.21,4.165,TTGCCCTAAACATTCT,W84H I242E,2,2
-11.21,1.388,ATGGAAGAACATAACA,N296L,1,1
-11.21,4.165,CCGTTTCAATAAGACC,A253W,1,1
-11.21,4.165,CTTCAAGTAAATGAAA,S107N C277G P293A V402L,4,5
-11.21,4.165,TGCAAACAATCTTCTT,P21E I202G,2,2
-11.22,4.165,AAAGATCAATTTGCAC,G116P,1,1
-11.22,4.165,AGATAAACCTAGAAAC,F148V G337C,2,2
-11.22,4.165,CCTTAGTACGTTTGCA,I252A E325Q S422N M462L,4,4
-11.22,4.165,TTATACAGATAAGATT,R299S Q434R,2,2
-11.22,4.165,CATAATTCCGGTCTTT,N133L I481P,2,2
-11.22,4.165,GGATAGTGGATATAAA,G352S,1,1
-11.22,4.165,ATAGATCACGAATCCC,T313D F500E,2,2
-11.22,4.165,CGTTCCGTTAAACGTA,W234P,1,1
-11.22,4.165,GAATGCCTACAGAACA,F148G W350M,2,2
-11.22,4.165,TGTCGCCACACCAAAG,C477G,1,1
-11.22,4.165,ACAAAAATCCATATTT,I252H,1,1
-11.22,4.165,GATGACATACTCAGTA,S262W I478H,2,2
-11.22,4.165,TTAATCCCATCGTCTA,E340A,1,1
-11.23,4.165,CTGAACACAATTAATA,C52H C305Y,2,2
-11.23,4.165,GTTAAGGATAAAAGTT,W127A,1,1
-11.23,4.165,GCTCGATGCTCATATC,V43Y D375C,2,2
-11.23,4.165,TTTATCTAAAATACAA,L66H,1,1
-11.23,4.165,CTCCACTAGCAAACTG,I232H,1,1
-11.23,4.165,AAATCTTAACCCACCC,C477F,1,1
-11.23,4.165,TCGCACATATGTTACA,D366Y,1,1
-11.24,4.165,ACGGTAATTAATGGAA,G72L G479V,2,2
-11.24,4.165,CACAATATACAACCCC,V429D,1,1
-11.24,4.165,CTAAAATGATAAACCC,N290P A425H,2,2
-11.24,4.165,TGAACACTAAGGGAGA,F332K,1,1
-11.24,4.165,TTAAATATACTTACAG,V429F G465E,2,3
-11.24,4.165,TTGGTATGTGATTGGA,P284Y L384Q H393T,3,3
-11.24,4.165,ATCGTATTCAGCTAAC,S266V T283F F392R,3,3
-11.25,4.165,CTCTTTAACGGGCATC,S145E R492F,2,2
-11.25,4.165,ACTTGTACTCTTAACA,F174K E426V,2,2
-11.25,4.165,AGAACCATTCCATACC,F87K,1,1
-11.25,4.165,TGAAATCCCACTACCA,G116P R321W,2,2
-11.25,4.165,TTGTATTTCCAACGAT,L151P,1,1
-11.25,4.165,AGAATGTAAAGAGTAT,D241L,1,1
-11.26,4.165,TAAAATTATCAATTAA,A365W,1,1
-11.26,4.165,AAATAACTAGTAACAC,N424C R499C,2,2
-11.26,4.165,CTACTCAGTCCCACTC,V36L,1,1
-11.26,4.165,ACCTAGGAGCGAAAAG,S115V A425H,2,2
-11.26,4.165,ATTACAAAATTACCTG,G181A S247P,2,2
-11.26,4.165,AGACCTTTTAATCAAT,Q434Y,1,1
-11.26,4.165,GATAATCTTTGATTAA,V237R F448L,2,2
-11.27,4.165,AATATTAAAACAAAAA,F467D,1,1
-11.27,4.165,CTTAATACATCTTAAC,G23C K27I,2,2
-11.27,4.165,CTCAGGAATACCTATT,G463C,1,1
-11.27,4.165,GAATTAAAATTAAAAC,L455S,1,1
-11.27,4.165,ACAATAAGTAGTTCCC,Y105* P185G D375E,3,3
-11.27,4.165,ATAATGATATGCAAGC,I288F Q295H,2,2
-11.27,4.165,CATCTTCGGATGCAGA,T436K,1,1
-11.27,4.165,GAAACGTACTCTGGTT,L177K P293T L384W S400G,4,4
-11.27,4.165,AGGGACACTACAAACA,G181K,1,2
-11.27,4.165,ACTGTATTACTATCAA,N322W,1,1
-11.28,4.165,AACATGGCCCACTTAA,W234* T235R R456D,3,3
-11.28,4.165,TAGTAAAAACTGTTTT,T135Q G352R,2,2
-11.28,4.165,TATACCAGTCTGCTTA,C76S,1,1
-11.28,4.165,ATATCGACCAGCTTTC,T436F,1,1
-11.28,1.388,TAGCCTGCAACTGGTT,S124R C277S,2,2
-11.28,4.165,CACTATCGTTATCAAC,N170P E460K,2,2
-11.28,4.165,CAGAAGATACTCAAAA,R150Q L177F,2,2
-11.28,4.165,TTTGATTTGAGTAATG,F294E,1,1
-11.29,4.165,AACAACGTATATTCCG,A336Q,1,1
-11.29,4.165,AGACCTGTTAACGATG,G360L,1,1
-11.29,4.165,TTAATAATACTTGGTT,F500C,1,1
-11.29,4.165,ACAGGATCTGAATTTA,R208P E344K V429T,3,3
-11.29,4.165,AAAACACTTACATATG,E41H,1,1
-11.29,4.165,TTCAGCCTTAAGGGCG,Y302E,1,1
-11.29,4.165,GCAATGAAGAATGAGG,A163K C277I P293S,3,3
-11.29,4.165,AAGTTACAGGGGACAA,T203L C281Y,2,2
-11.29,4.165,ACAATCATACTGATAT,I288E,1,1
-11.29,4.165,GCTCACCATGCACGAG,V36T S265D,2,2
-11.3,4.165,AAAGTAGTTTGAAAGA,R499A,1,1
-11.3,4.165,ATCATTTTTAAACATC,R92V A253R,2,2
-11.3,4.165,CCCCAAGAATACCAAC,H471P,1,1
-11.3,4.165,ATAGTATGAGCTGAAA,M346I G362K,2,3
-11.3,1.388,AACACTAACTGAATAC,C139P,1,1
-11.31,4.165,AAAAACAATGCAAGGT,E35L T248N,2,2
-11.31,4.165,TACGTTACACCTTGGC,P74R P254S,2,2
-11.31,4.165,TGATTATAACATACGA,G16D T451N,2,2
-11.31,4.165,TTTCATTACTCCAAAA,Y100K I214C,2,2
-11.31,4.165,GAGTGGATGAGAACCA,G333H,1,1
-11.31,4.165,GTAGCCACTACCTCTA,K450D,1,2
-11.31,4.165,TTTCGCTCGTTAACCG,L66G,1,1
-11.31,4.165,TGATAATACGCACAAA,A69K I481T,2,3
-11.32,4.165,ATACAAAGTTAGATCA,M320T,1,2
-11.32,4.165,CATCAACGACTCAAAT,L151A,1,1
-11.32,4.165,GCCGTCCAAATAACCC,C281Y,1,1
-11.32,4.165,TTGGGGTACCGCAAAA,L71R,1,1
-11.32,4.165,AACAGCTCTAGGACAC,L108E,1,1
-11.32,4.165,CCATGAATAGCAATCT,F120Y N464I,2,2
-11.32,4.165,TTACTGGCGCCGCTGC,L70R,1,1
-11.32,4.165,AATGATTTTTCTATTC,T248H N298I,2,2
-11.33,4.165,AGAACTCTGTAACAAA,E89N I288P,2,2
-11.33,4.165,AGCCGGACAACAAAAA,G256C,1,1
-11.33,4.165,GTGTGAATAATGTACT,R299T I469P,2,2
-11.33,4.165,ATCCTGTACTTTATTT,V88R,1,1
-11.33,4.165,TGGACCTACATTTAGA,W234E,1,1
-11.33,4.165,CCAAGTGACCCTAGTA,V112Y,1,1
-11.34,4.165,ATCACGTATAGCCACC,D419Y T451Q,2,2
-11.34,4.165,CGACGTGTGAGTTTAT,T40P A459I,2,2
-11.34,4.165,TACTACCCAGAAAGTC,V237G,1,1
-11.34,4.165,AATAGAATTACATGTA,A19P,1,1
-11.34,4.165,CAGAGAATCACAAATT,V20I I385* E398I,3,3
-11.34,4.165,TGATGCACCAATGCCG,L15K,1,1
-11.34,1.388,AGTTTGAAAAAAACAC,L66K,1,2
-11.35,4.165,CTAAGTGGTACCCGAC,A212T M444G,2,2
-11.35,4.165,CGCTCTGCAATTGGGA,C76W,1,1
-11.35,4.165,AATTATCCAACCAAAT,E457K,1,1
-11.35,4.165,AGCTATTCAACTACGG,N53F D419W,2,2
-11.35,4.165,ATGCTTAAATTCTAAA,A336V K397E,2,2
-11.35,4.165,TAAGTGACTCTAGAAA,F338T,1,1
-11.36,4.165,CTTTTGAGCAGCCAGA,V43P,1,1
-11.36,1.388,ATCTGTACGTGCATTA,G116V T440V,2,2
-11.36,4.165,CCAATTTTGTAAATCA,I232K,1,1
-11.36,4.165,CCTAGGCACTAAGATT,A138H R329T,2,3
-11.36,4.165,AGATATATATAAAAGG,A272V W421Y,2,2
-11.36,4.165,GATACTCATTAAAAGG,R329I A430M,2,3
-11.36,4.165,GTAATTCTTGGTAAAC,T370K,1,1
-11.37,4.165,ATTCTTCTAACTTGTC,C477G,1,1
-11.37,4.165,TATCCACACAGATGGA,G330H,1,1
-11.37,4.165,CAGCACCCCTCGACTA,M268S,1,1
-11.37,4.165,GTTCGATGCTAAACTA,C477G,1,1
-11.37,4.165,AATCTAACCAAAAACT,S156N N298K,2,2
-11.38,4.165,GCGTGCTCTCAACAAA,W421* L431S,2,4
-11.38,4.165,TTTGGAGTCAACCACA,V43N,1,1
-11.38,4.165,CATTCATTCTGAATAC,L86F V166M,2,2
-11.38,4.165,TTTCGACAGTACCACG,R90Y,1,1
-11.38,4.165,GAACAAGAATTTTCCT,D366V,1,1
-11.38,4.165,CAATACACGCAGCACA,F353H,1,1
-11.38,4.165,TACTGACGACACATTA,G319D,1,1
-11.39,4.165,TTCGGGATACTATGCA,P254F,1,1
-11.39,4.165,CTGCACCTAAAAAGAT,S228I,1,1
-11.39,4.164,AACATAGTGCAGTGCT,F147V E280*,2,2
-11.39,4.164,ACAAAAGATAATAGTC,S228L A364T,2,2
-11.39,4.164,AACCTCTTTAGGTCTC,Y351E,1,1
-11.39,4.164,TAAGAGCTTAGAAGCA,T436K,1,1
-11.39,4.164,AGAATCATTACTTAAC,V204Y K310Q E410K,3,3
-11.4,4.164,CATCACAAACTTCGAA,V20A H488M,2,2
-11.4,4.164,CATGCAACAAAAAATG,L86H D348N G404C,3,3
-11.4,4.164,GCGCCCACCAATCTAC,V130D,1,1
-11.4,4.164,ATAACTGAGATTTCAA,H17L L367K,2,2
-11.4,4.164,AGAGGCGTCACAAAAC,G465E,1,1
-11.4,4.164,CAACACCACCCACCGT,L108P V213T,2,2
-11.4,4.164,TTTCTTTTGAATACTA,C466H,1,1
-11.4,4.164,ACAACCAATTTTATAC,E41A,1,1
-11.41,4.164,TACGTAAAAACTCACA,C305R,1,1
-11.41,4.164,GGCCGTCAATAAATGG,D366W,1,1
-11.41,4.164,AATAGCTAACCATTTT,V112K L409R H471Y,3,3
-11.41,4.164,TACCATCAATATTATG,V26M S266R D461L,3,3
-11.42,4.164,ATTAGAAGTATTCATT,W127S,1,1
-11.42,4.164,GATCAGATTCTAAGTA,G319N,1,1
-11.42,4.164,GCAGGGTTCAGGTAAA,R492D,1,1
-11.42,4.164,AAGGCAAAAGATCAAT,S46L I377N,2,2
-11.42,4.164,CTTTTATAATCAGAAT,S9*,1,3
-11.43,4.164,ATCCCACGCTCTAAGT,R261* S266F P284R,3,3
-11.43,4.164,TTATATACGACTATCG,Y178Q,1,1
-11.43,4.164,GATAGTTTAAATTACA,W343A,1,1
-11.43,4.164,TCCAGGGATGCAGCCC,G134D L244S,2,2
-11.43,4.164,AAAACGAATAAAAAGA,D271N E340K D438F,3,3
-11.43,4.164,GTCTGGCACCCAGTGG,A196W A459T,2,2
-11.44,4.164,ACCGAGTTTATCGTCA,W234D N498R,2,2
-11.44,4.164,TAGAAAAGAAATAAGA,G352D,1,1
-11.44,4.164,GCAATTCCCCTCATAA,C52P E410K,2,2
-11.44,4.164,TAACCAACGAACCTTC,G61N,1,1
-11.44,4.164,CGTCTAGAAAATATAG,L151Q S270D,2,2
-11.44,4.164,TAAGTATGATAACGTG,A163T C281E,2,2
-11.45,4.164,GCATGCTTTACATTAA,G352S,1,1
-11.45,4.164,CAATGACTCGGTATCC,D73R,1,1
-11.45,4.164,CAAGCTACCTGGATTC,Y351V,1,1
-11.45,4.164,AAAGAAAGCCATCACC,C52T L420I,2,2
-11.45,4.164,GATCGCTACTTTTAAG,P74E,1,1
-11.45,4.164,GCAAGCTGAATCCTAA,N250E K503N,2,2
-11.46,4.164,ACTCTCTATAAGATCG,V237W,1,1
-11.46,4.164,CTATAGGTGCAACGCC,D408E L496P,2,2
-11.46,4.164,ATTCAAAAAACAAGAA,N250W,1,1
-11.46,4.164,GTATACCAGTATCCCA,Q356V S378P,2,2
-11.46,4.164,CGTAAACGCATACACC,S265A G465E,2,2
-11.47,4.164,ATGAAATCAAAGCTCT,C64F Y412L,2,2
-11.47,1.388,TCAAATAATCAATACA,I232P Y423T,2,2
-11.47,4.164,CAGACACATGCACATC,K176L D493E,2,2
-11.47,4.164,GCCGACCACCACTGGT,I232A,1,1
-11.47,4.164,TCCATTAGGCCCCAAG,Y486M,1,1
-11.47,4.164,TCTACACTGCACTATT,F258P,1,1
-11.47,4.164,AAACATACAAAGAGCT,N464V,1,1
-11.48,4.164,CATACCCCCGAAAAAC,S115R W180F,2,2
-11.48,4.164,TGAGAAAACTCACCTC,N216T G303R,2,2
-11.48,4.164,CCAAGGAAAATTTTAT,L108N,1,1
-11.49,4.164,CACTACAAAAGCATAT,F174L P239N,2,2
-11.49,4.164,TTACAGCATCCAACAT,C466F,1,1
-11.49,4.164,AGTTCACACCGACATA,Y351H I481A,2,2
-11.49,4.164,TCGAAAAAATTAGAGA,W180C,1,1
-11.49,4.164,TACAAAATACGAATAT,F258N,1,1
-11.5,4.164,GTATACATACTGCGAA,S422Y,1,1
-11.5,0.8329,CCATAGCGGGGAATGC,H471Q,1,1
-11.51,4.164,ATGTCGCTTACATATC,G360V I469H,2,2
-11.51,4.164,ACCCAGAAGCTGATCA,N38F I232H,2,2
-11.51,4.164,AGGAACACATCCATCA,I502P,1,1
-11.51,4.164,CTAATATCCCACGGGG,G23S V309I D415P,3,3
-11.51,4.164,CGAGCCTCTTCGACTC,C477K,1,1
-11.51,1.388,ACCTGTTAAACACAGA,L13E,1,1
-11.51,4.164,TGCCTAGTTGCCTAAC,L243D,1,1
-11.52,4.164,TTGAGTGGTTAATTAA,L367G E396K,2,2
-11.52,1.388,CATTAAACATAAAGTA,R456K I481A,2,2
-11.52,4.164,TAAAAATAACGAAATA,C76I G362S I418E,3,3
-11.52,4.164,TAAAACTAGGTCCAAA,W234S N322S,2,2
-11.53,4.164,TAACTATACGTTTAGA,,0,0
-11.53,4.164,ACCATTCCAAAAGCAA,G256M S378Y,2,2
-11.53,4.164,GAAGCCACCATCGCAA,V309W,1,1
-11.54,4.164,TAAGGGCCGGAAACAG,A272G V297S,2,2
-11.54,4.164,AAATAACCTACATCAC,V309R,1,2
-11.54,4.164,GAATATACTGAGAGGG,N170P,1,1
-11.54,4.164,CACAAAAATCCACCCG,S422H,1,1
-11.54,4.164,TTTAATAAGACCCTAC,S369D,1,1
-11.55,4.164,CCGAAGACTAAAACTA,Y161A E449*,2,2
-11.55,4.164,GATTGACTCAACGGCA,G337H,1,1
-11.55,4.164,TCATCATTACCAATTA,I179C S205N P215Q,3,3
-11.55,4.164,GAAACGACACTTCGAT,L384* N389L,2,4
-11.55,4.164,GAACGTTAGTGTACAA,G249N A425W,2,4
-11.56,4.164,TATGCGGACCTATACA,F294C,1,1
-11.56,4.164,CGAATTCATACGAAGC,Y308G,1,1
-11.57,4.164,AAAGTGTTCGACCTCC,L244M D474K,2,2
-11.57,4.164,GCACCAGTACTGACCC,L71G A253L,2,3
-11.58,4.164,AATAGTGAAAATTTCA,I245P,1,1
-11.58,4.164,AGCTCAAGAAAAAACC,E340R D408N M462E A476T,4,4
-11.58,4.164,GGTTAATCCAATGAAT,L154Y,1,1
-11.58,4.164,GTTGTCTACAATTATA,V88R,1,1
-11.58,4.164,TTCAACGTAAATTAAA,L316G L439M,2,2
-11.59,4.164,ATCCCCGAGTAAGAAC,W127G,1,1
-11.59,4.164,GTAACAACCAAATGAT,E123W,1,1
-11.59,4.164,TTACACAACACCAGCG,P21* N126H,2,2
-11.6,4.164,CCGTTCGTTAGCAACT,D68V V429E,2,2
-11.6,4.164,CATTTTCTTCCCGACA,G330R,1,1
-11.6,4.164,TAATGATGTAAAAAAA,A495T,1,1
-11.61,4.164,TTTCACCATAGACATA,H18N T440N,2,2
-11.61,4.164,ATTAAAACCCCAATTA,C281Y G345V,2,2
-11.61,4.164,AACAGCAAGAACTACT,G360D M444R,2,2
-11.61,4.164,CTAACACCTAAAATAT,I288H,1,1
-11.61,4.164,AAGATCAAAAGGGTGA,T12H Q327G Y470T,3,3
-11.62,4.164,CTTGGACGCTCAATAA,N190F A372T,2,2
-11.62,4.164,ATTGACCTCAACAAAA,V237D,1,2
-11.62,4.164,GACGAACCCTGTCATG,G275K A459T,2,2
-11.62,4.164,AAATTGCCACCACAAA,Q173H I339Q W421*,3,3
-11.62,4.164,CGCTCACTAACGAACT,L13D,1,1
-11.63,4.164,TACAAGTAGACACGAA,C466G,1,1
-11.63,4.164,CCGAAATTTCAACAGC,,0,0
-11.63,4.164,TGGTATCCACAAAGCT,T301K L431P,2,2
-11.64,4.164,TTTAAAAATACTTTCT,M320R,1,1
-11.64,4.164,AGTCACTAAAATTGAA,W84* L314K,2,3
-11.65,4.164,TGTTAATACAAATTGT,N190Y,1,1
-11.65,4.164,AGATCCTATACCTACT,F294K,1,1
-11.65,4.164,ACTTCTATCATATGAA,I51C,1,1
-11.66,4.164,AGAACTATAGGGTAGG,V26S,1,2
-11.66,4.164,TATGAAAATAACACGC,L15Q,1,1
-11.66,4.164,CGTTAATCCCTTATGA,E119R F294D,2,3
-11.66,4.164,TACCGGTTAATCCAAC,A253F,1,1
-11.67,4.164,AAATAACCTATTATAA,I260P W343* K450N,3,3
-11.67,4.164,TTCGAGTCAAATATCT,T235Y,1,1
-11.67,4.164,GTAGTCCATACAGAAG,F353L,1,1
-11.67,4.164,TTATCTAAGTGAGTAG,F147S,1,1
-11.67,4.164,ATCATGATTCCTGCAT,I34W L177C G386P,3,3
-11.68,4.164,CAGTAAGTTTCTCAAC,V204Q,1,1
-11.69,4.164,GGCACATACGGTACTA,N170M,1,1
-11.7,4.164,ATAGTTAACAACGCTC,T117P,1,2
-11.7,4.164,ACTCGTTCCACACCGT,Y412P,1,1
-11.7,4.164,CTTTTAAAAAATTATA,G345Q A495W,2,2
-11.71,4.164,AACATGAACACGACCA,S149N Y486K,2,3
-11.71,4.164,AGGCTCACCTATTCCC,E123L T313N N498K,3,3
-11.71,4.164,ACATCACTACTATCAA,P254Q,1,1
-11.71,4.164,CATCTTAAGAAAAAGC,W153E,1,1
-11.72,4.164,TGGAGCAAGAGTATAT,D188Y A495I,2,2
-11.72,4.164,TTCCTGATGAGCAGTG,R255P,1,1
-11.72,4.164,GACTCCAATTAATCGA,H56Y E123K,2,2
-11.72,4.164,GTAACTTTCATATTCC,V43H,1,1
-11.72,4.164,TTAATCGTCTGAGACG,F294G,1,1
-11.72,4.164,ACTTTAATCAAGGTAC,P239H T416R,2,3
-11.72,4.164,TTCGTACTACGTTGGG,Y257E,1,1
-11.72,4.164,TAATCCTCCCTGCCAG,S422I,1,1
-11.72,4.164,CAAGAAGCTAAAGCTA,C477K,1,1
-11.72,4.164,CATGATAGATCAAAAT,L59A S107N R482D,3,3
-11.73,4.164,CCATGTGTTCTTTCGT,W84S,1,1
-11.73,4.164,TGGAATAAAATTATGC,C64T L496A,2,2
-11.73,4.164,TTTTCATTAAGTAACA,I252W,1,1
-11.74,4.164,CAGTGAGAGAATGAAA,K450P,1,1
-11.74,4.164,GAAATAACTGTTAAAC,L13H,1,1
-11.74,4.164,TTCACTCATTTATATT,K50Q N170D,2,2
-11.74,4.164,GACAAACATTCGCTCC,G303T,1,1
-11.75,4.164,ATTAAAGCAAAATGCA,N170P,1,1
-11.75,4.164,CGTACTCATCCTTACC,G240W,1,1
-11.75,4.164,GAAATAATGCAAAATA,,0,0
-11.76,4.164,AGGAGCCTCAACACCG,F353L,1,1
-11.77,4.164,ATACATAAGTACACAC,C281Q,1,1
-11.78,4.164,AAAACGTGACAAGGTC,W127C L384A H393F,3,3
-11.78,4.164,TGAGCAAACCTAACGG,H184S I245Q,2,2
-11.79,4.164,GATTTTAAATATTCAC,Q191D W421L,2,2
-11.79,4.164,AGGTCACCCTATTGAT,I339K,1,1
-11.8,4.164,CATTACTACCTGTGGG,W180L,1,1
-11.8,4.164,GAAAAAATACGAGGTA,A113C E119D,2,2
-11.8,4.164,TATCATCGAAACTCAA,G181M,1,1
-11.8,4.164,AACACATGACCTCCTT,N458R,1,1
-11.8,4.164,ATGCATTTTAGCCAAG,L70G Q311N Y491E,3,3
-11.81,4.164,ATTAGAATAACAACAT,T283Q D493P,2,2
-11.81,4.164,CCCTAACACTATAGGA,H18S A163Q T283S T388I,4,4
-11.82,4.164,TAAATTCGTCTATTCC,A495W,1,2
-11.83,4.164,ATAGCTAATGACTTTA,I437W,1,1
-11.83,4.164,AGTATGGCGAATATCT,I230Y,1,1
-11.84,4.164,CTCCGCATAGTGACAT,N190P A336H,2,2
-11.84,4.164,TCATATAACGAGAAAA,S369E,1,1
-11.85,4.164,GCTGACGACAATTACA,C473D,1,1
-11.85,4.164,TAATTGGAGCAACGAC,G330D Q454K E460*,3,3
-11.85,4.164,ATTACTGACCCATACA,F332D,1,1
-11.85,4.164,TCCTTGTAACCACCAA,L13Q G249S,2,2
-11.87,4.164,GACATAGAGCAATAAA,Y302P,1,1
-11.87,4.164,GTTTGATGCGGCAGCC,F258K,1,1
-11.87,4.164,GACGAATCTTACGATC,L42N,1,1
-11.87,4.164,AATGCTTCCGAAACAG,C277H P293R R321L E449I,4,4
-11.89,4.164,TACAGAAAACAACATC,A163R S266* C277D P293A,4,4
-11.91,4.164,ACCTAACGCCATATTC,V413G,1,2
-11.91,4.164,GAAACAACATGAGATA,I236T K411F Y470*,3,3
-11.91,4.164,GGCGGGACCTTTCGAA,,0,0
-11.93,1.388,ACTCCGAAAACAGAAC,S228F A425T,2,2
-11.94,4.164,ATAGAGAACATTCACT,V182K,1,1
-11.94,4.164,ACACAGCTTAGAAAAC,E340A,1,1
-11.94,4.164,CTATCAAAACATAGGA,Y423E E426D,2,2
-11.94,4.164,TAACAATTACTTATTA,Y351N,1,1
-11.95,4.164,TGAACTTAAAAGAAAA,A93R I179W,2,2
-11.96,4.164,TTACAGAATTACCCAC,S95Y D271V,2,2
-11.96,4.164,GTTTGTGCCAAAACCA,Y486R,1,1
-11.97,4.164,TGGATTCTACAAAATT,F332K,1,1
-11.99,4.164,CCAAAATTATAATTCC,G181Q,1,1
-11.99,4.164,ATTTCTAGATTAGCGT,L108M N433F,2,2
-12,4.164,GGGTACGACAACGGAT,E344G W421R,2,2
-12,4.164,ACATAAAATAGAATAA,Y491E,1,1
-12,1.388,GCCTACACCTCTTGAA,K176Y,1,1
-12.01,4.164,TTACATTTGCATAACA,,0,0
-12.01,4.164,TAGCATCTTGAGTTAG,R229P,1,1
-12.02,4.164,ATAATCTGTGATAGAC,I34W,1,1
-12.02,4.164,TATACAACATCCGGAG,P74M,1,1
-12.03,4.164,CGTTCTTCTCTCACTC,S46I W343G,2,2
-12.03,4.164,TCTACTTAGATCAAAC,G16Y,1,1
-12.03,4.164,ACGACTATATGGACCG,I245N,1,1
-12.04,4.164,CAACAACAAGGCATGA,V130F,1,1
-12.05,4.164,ACGATCTCGAAATGTC,N165C G330Y,2,2
-12.05,4.164,GAACTTAGTTAAAATC,I288N,1,1
-12.06,4.164,GCTTTATTTACAACTA,T248C,1,1
-12.07,4.164,TATGTAAACAATTACA,M346Q,1,1
-12.08,4.164,AACCTCGAGACATCCC,G61T,1,1
-12.08,4.164,AACTCGAATGCATTGC,H435P,1,1
-12.08,4.164,ACCTGCTCGCCTGTTT,R329I,1,1
-12.1,4.164,CAATCCAATGTGATAA,D241K,1,1
-12.1,4.164,GCATAAAAAAGTGCCC,Y308L L439G,2,2
-12.1,4.164,TCTTACAGGAGATCCG,Y486T,1,1
-12.12,4.164,AAGTCCATTCTAGGTG,D7V G256S G362D,3,3
-12.14,4.164,ATTCTAGCTTAGCAAT,D73K,1,1
-12.14,4.164,CGTATTCTATGCCCAC,C64Y I226W,2,2
-12.14,4.164,ACACTAAGGAACCAAA,,0,0
-12.15,4.164,GTAGCGCAATTACCGC,Q295R V406C,2,2
-12.16,4.164,GGAACTGAAAATAAAA,G286T,1,1
-12.18,4.164,CTTCGCCCTACAAGAA,L118C I418Q L431P,3,3
-12.18,4.164,CTATCAATCCGGTTGC,R201V T203P G463F,3,3
-12.18,4.164,TAATCCACCTATATAA,N170K,1,1
-12.18,4.164,ACCTGACTTCTAGCTA,,0,0
-12.21,4.164,CGCCGGCGTTACACAA,P185S L381H Q394G,3,4
-12.21,4.164,GCCCTGTCAATTTCAA,Q197L F258K,2,2
-12.21,4.164,AAGAACCCACATAATA,G61D,1,1
-12.21,4.164,TCTCAGGAATCGAAGA,R499W,1,1
-12.22,4.164,ACTAAAACCTAAGAAA,G181D,1,1
-12.29,4.164,TTTTACAAACCTTCTT,,0,0
-12.33,4.164,TGCTTGATACAATTCG,N298Y L314K,2,3
-12.35,1.388,GCAAATCAACATAATC,Y257K,1,1
-12.36,4.164,TTGACGTGAACGCCTA,L13K,1,1
-12.37,4.164,CACATTGAGGATACCG,L71S,1,1
-12.38,4.164,ATCGCAAGCAAAGACA,L66F R229D,2,2
-12.41,4.164,AGTAAGGATATTGTGT,N31*,1,1
-12.45,4.164,TTAAAAGATCTGTGAT,G181W,1,1
-12.47,4.164,GGATATGCACATCCAT,V26R E484F,2,2
-12.49,4.164,CTCGCACTAAATATAA,H471R,1,1
-12.52,4.164,TGGCCAGATCCCTGAC,C305A,1,1
-12.55,4.164,ACCTCGAAAGTTAAAA,G342H,1,1
-12.61,4.163,CCACTACAGGATAAGA,V26G G386T,2,2
-12.63,4.163,AGGATAATTACACTGC,G286T,1,1
-12.69,4.163,ATTTCTAGTTACAATG,P99H S107L W421*,3,3
-12.69,4.163,AGTAGCAAGCCCTATG,I469A,1,1
-12.76,4.163,CAGTTACTGCCGACCC,W421G,1,1
-12.87,4.163,GAATAAAATCAGGGAA,,0,0
-12.87,4.163,ACACGATCCATGAAAC,S266* E398C,2,3
-12.98,4.163,GGTCCATTGTTCCTGG,L108Q D348N T416D,3,3
-13.32,4.163,GCAACAGTGCTGTCAC,L177R R220M,2,2
-13.33,4.163,AGTGAAACGCTTCACC,D60N L447P,2,2
